1 0.623750 0.989500 0.039000 0.021000
1 0.481250 0.983500 0.075000 0.033000
1 0.902500 0.979000 0.042000 0.042000
1 0.355000 0.979000 0.042000 0.042000
1 0.761250 0.974500 0.039000 0.051000
1 0.943750 0.973000 0.045000 0.054000
1 0.260000 0.947500 0.078000 0.048000
1 0.967000 0.949000 0.066000 0.102000
1 0.117000 0.947500 0.234000 0.105000
1 0.923750 0.928750 0.051000 0.051000
1 0.902500 0.910000 0.042000 0.030000
1 0.873750 0.900000 0.051000 0.054000
1 0.688750 0.925000 0.141000 0.150000
1 0.047500 0.901250 0.054000 0.069000
1 0.280000 0.914500 0.198000 0.171000
1 0.016500 0.882500 0.033000 0.060000
1 0.163750 0.903750 0.213000 0.123000
1 0.964000 0.881250 0.072000 0.075000
1 0.813750 0.904000 0.141000 0.192000
1 0.880000 0.830000 0.240000 0.132000
1 0.886250 0.773750 0.051000 0.063000
1 0.817500 0.772500 0.048000 0.060000
1 0.036000 0.761250 0.072000 0.087000
1 0.455000 0.840000 0.222000 0.312000
1 0.440000 0.717500 0.060000 0.030000
1 0.066250 0.721250 0.039000 0.045000
1 0.651250 0.698750 0.039000 0.021000
1 0.225000 0.807500 0.450000 0.282000
1 0.413750 0.697500 0.039000 0.030000
1 0.366250 0.692500 0.063000 0.060000
1 0.638750 0.787000 0.363000 0.426000
1 0.252500 0.710000 0.186000 0.162000
1 0.046500 0.678750 0.093000 0.087000
1 0.503750 0.677500 0.153000 0.150000
1 0.039000 0.638750 0.078000 0.075000
1 0.757000 0.656250 0.486000 0.297000
1 0.081250 0.553750 0.051000 0.057000
1 0.461250 0.547500 0.039000 0.054000
1 0.925000 0.552500 0.090000 0.096000
1 0.127500 0.596250 0.186000 0.231000
1 0.027000 0.540000 0.054000 0.150000
1 0.138750 0.488750 0.057000 0.039000
1 0.446250 0.497500 0.057000 0.078000
1 0.535000 0.541250 0.156000 0.189000
1 0.333750 0.555000 0.327000 0.264000
1 0.667500 0.500000 0.282000 0.144000
1 0.476250 0.433750 0.033000 0.057000
1 0.126250 0.435000 0.057000 0.066000
1 0.400000 0.441250 0.156000 0.159000
1 0.172500 0.441250 0.084000 0.159000
1 0.776250 0.406250 0.123000 0.081000
1 0.238750 0.386250 0.039000 0.039000
1 0.861250 0.440000 0.159000 0.192000
1 0.277500 0.403750 0.108000 0.105000
1 0.335000 0.382500 0.048000 0.066000
1 0.066000 0.411250 0.132000 0.165000
1 0.615000 0.403750 0.240000 0.153000
1 0.290000 0.348750 0.036000 0.039000
1 0.387500 0.342500 0.048000 0.030000
1 0.466250 0.365000 0.117000 0.102000
1 0.553750 0.346250 0.111000 0.087000
1 0.177500 0.385000 0.168000 0.192000
1 0.085000 0.323750 0.072000 0.081000
1 0.271250 0.305000 0.099000 0.048000
1 0.365000 0.321250 0.102000 0.099000
1 0.462500 0.300000 0.066000 0.060000
1 0.188750 0.288750 0.045000 0.039000
1 0.510000 0.292500 0.030000 0.054000
1 0.451250 0.280000 0.057000 0.036000
1 0.306250 0.272500 0.051000 0.024000
1 0.362500 0.262500 0.060000 0.024000
1 0.735000 0.307500 0.336000 0.186000
1 0.691250 0.216250 0.045000 0.033000
1 0.431250 0.237500 0.099000 0.108000
1 0.555000 0.243750 0.096000 0.141000
1 0.752500 0.191250 0.060000 0.069000
1 0.243750 0.226250 0.153000 0.153000
1 0.585000 0.176250 0.042000 0.057000
1 0.560000 0.157500 0.036000 0.048000
1 0.488750 0.192500 0.087000 0.132000
1 0.441250 0.137500 0.033000 0.054000
1 0.271250 0.132500 0.063000 0.042000
1 0.355000 0.173750 0.144000 0.147000
1 0.911250 0.121250 0.033000 0.033000
1 0.505000 0.147500 0.108000 0.102000
1 0.565000 0.116250 0.072000 0.045000
1 0.313750 0.076250 0.075000 0.045000
1 0.596250 0.066250 0.045000 0.033000
1 0.886250 0.057500 0.045000 0.036000
1 0.552500 0.072500 0.060000 0.078000
1 0.188750 0.062500 0.093000 0.078000
1 0.572500 0.048750 0.036000 0.051000
1 0.177000 0.186000 0.354000 0.372000
1 0.653750 0.052500 0.081000 0.090000
1 0.537500 0.031250 0.066000 0.045000
1 0.070000 0.032500 0.066000 0.060000
1 0.488750 0.058500 0.087000 0.117000
1 0.387500 0.064500 0.168000 0.129000
1 0.953500 0.102000 0.093000 0.204000
1 0.865000 0.021000 0.078000 0.042000
1 0.757000 0.309000 0.486000 0.618000
1 0.292500 0.051000 0.060000 0.102000
1 0.203750 0.027000 0.123000 0.054000
1 0.027000 0.019500 0.054000 0.039000
