1 0.519922 0.792188 0.023438 0.048750
1 0.559766 0.753646 0.025312 0.038750
1 0.465625 0.752604 0.028125 0.036250
1 0.593750 0.732812 0.020625 0.043750
1 0.537500 0.719792 0.018750 0.042500
1 0.504297 0.752604 0.047812 0.123750
1 0.519141 0.690625 0.029062 0.030000
1 0.462109 0.704167 0.049687 0.085000
1 0.617188 0.676042 0.026250 0.035000
1 0.581641 0.665104 0.042188 0.073750
1 0.494531 0.632292 0.026250 0.027500
1 0.549609 0.614062 0.019688 0.041250
1 0.405859 0.593229 0.032813 0.028750
1 0.531641 0.644792 0.085312 0.197500
1 0.646484 0.410938 0.027187 0.033750
1 0.546484 0.404687 0.029062 0.048750
1 0.573047 0.383854 0.017813 0.041250
1 0.411719 0.342187 0.026250 0.026250
1 0.532813 0.343750 0.020625 0.040000
1 0.480078 0.326042 0.023438 0.040000
1 0.576953 0.303646 0.025312 0.026250
1 0.486719 0.295312 0.024375 0.036250
1 0.505078 0.435417 0.274687 0.470000
1 0.499609 0.253646 0.051562 0.036250
1 0.541406 0.243229 0.020625 0.043750
1 0.501953 0.227604 0.019688 0.038750
1 0.525781 0.222917 0.020625 0.045000
1 0.596484 0.140104 0.029062 0.028750
