1 0.667813 0.801415 0.050250 0.048959
1 0.351875 0.772273 0.049500 0.040966
1 0.745313 0.772689 0.054750 0.045962
1 0.598437 0.732723 0.036750 0.073938
1 0.784062 0.711074 0.042750 0.065945
1 0.504375 0.679434 0.019500 0.021982
1 0.487500 0.693172 0.034500 0.070941
1 0.646563 0.713988 0.138750 0.124896
1 0.530937 0.645296 0.081750 0.043963
1 0.740000 0.644047 0.051000 0.042964
1 0.545312 0.637802 0.030750 0.029975
1 0.676250 0.664863 0.190500 0.096919
1 0.676562 0.631557 0.050250 0.048959
1 0.840313 0.627394 0.047250 0.068943
1 0.504375 0.623231 0.061500 0.060949
1 0.260000 0.613239 0.031500 0.050958
1 0.523125 0.602831 0.045000 0.031973
1 0.565625 0.595754 0.015000 0.022981
1 0.714688 0.601582 0.051750 0.046961
1 0.569063 0.646961 0.081750 0.155870
1 0.753750 0.601582 0.049500 0.056953
1 0.251563 0.582015 0.042750 0.035970
1 0.486563 0.670691 0.230250 0.254788
1 0.341250 0.592423 0.061500 0.080933
1 0.662188 0.576187 0.083250 0.069942
1 0.836250 0.564946 0.058500 0.052956
1 0.770625 0.559534 0.103500 0.055953
1 0.319063 0.534555 0.044250 0.043963
1 0.657813 0.534971 0.032250 0.058951
1 0.283438 0.555787 0.099750 0.132889
1 0.206875 0.508743 0.049500 0.039967
1 0.807187 0.504163 0.056250 0.042964
1 0.493125 0.507077 0.045000 0.055953
1 0.616875 0.493755 0.052500 0.041965
1 0.410625 0.535803 0.156000 0.144879
1 0.535937 0.488759 0.063750 0.061948
1 0.422500 0.469609 0.027000 0.021982
1 0.262813 0.468360 0.045750 0.048959
1 0.455000 0.462531 0.037500 0.038968
1 0.505938 0.462531 0.063750 0.044963
1 0.397813 0.483764 0.119250 0.101915
1 0.228437 0.461282 0.032250 0.059950
1 0.587500 0.458784 0.087000 0.067943
1 0.745938 0.480017 0.089250 0.120899
1 0.408125 0.435470 0.030000 0.029975
1 0.446250 0.420067 0.012000 0.010991
1 0.391875 0.407577 0.021000 0.026978
1 0.428125 0.408410 0.019500 0.038968
1 0.387813 0.401332 0.021750 0.027977
1 0.229375 0.412573 0.033000 0.054954
1 0.614062 0.418401 0.035250 0.074938
1 0.267500 0.405912 0.042000 0.048959
1 0.370937 0.400500 0.011250 0.037968
1 0.470000 0.394671 0.028500 0.075937
1 0.452500 0.374271 0.036000 0.038968
1 0.289062 0.368027 0.033750 0.059950
1 0.251875 0.357202 0.040500 0.055953
1 0.635000 0.332639 0.045000 0.060949
1 0.524375 0.280600 0.054000 0.035970
1 0.402500 0.288510 0.033000 0.060949
1 0.351562 0.287261 0.027750 0.057952
1 0.504375 0.358451 0.256500 0.230808
1 0.328750 0.377186 0.235500 0.301749
1 0.378437 0.274771 0.033750 0.065945
1 0.298750 0.253539 0.079500 0.066944
1 0.536500 0.519567 0.927000 1.000000
