1 0.328893 0.777813 0.027977 0.026250
1 0.652789 0.853750 0.694421 0.292500
1 0.566611 0.699688 0.022981 0.030750
1 0.358868 0.692813 0.037968 0.020250
1 0.434638 0.693438 0.023980 0.026250
1 0.331391 0.691875 0.033972 0.022500
1 0.390508 0.676250 0.039967 0.018000
1 0.317236 0.671562 0.021982 0.027750
1 0.419650 0.677813 0.035970 0.054750
1 0.340133 0.664687 0.024979 0.027750
1 0.487094 0.654687 0.027977 0.027750
1 0.325146 0.647813 0.038968 0.015750
1 0.455454 0.658750 0.055953 0.045000
1 0.427144 0.641250 0.035970 0.019500
1 0.355953 0.629375 0.038968 0.019500
1 0.482515 0.627500 0.042964 0.030000
1 0.373439 0.611250 0.038968 0.019500
1 0.271024 0.598125 0.032973 0.022500
1 0.281432 0.588125 0.049958 0.042000
1 0.465862 0.578125 0.030974 0.022500
1 0.676936 0.568750 0.037968 0.022500
1 0.304330 0.566250 0.038968 0.019500
1 0.468360 0.559375 0.026978 0.027000
1 0.741465 0.558125 0.026978 0.030000
1 0.509159 0.552813 0.042964 0.018750
1 0.327227 0.552500 0.023980 0.027000
1 0.657785 0.550000 0.041965 0.024000
1 0.643630 0.535937 0.039967 0.020250
1 0.450042 0.517813 0.020983 0.017250
1 0.763530 0.514062 0.037968 0.020250
1 0.579933 0.515625 0.032973 0.024000
1 0.245795 0.695125 0.491590 0.609750
1 0.491257 0.486250 0.011990 0.007500
1 0.574105 0.491250 0.022981 0.030000
1 0.612823 0.483125 0.035970 0.018000
1 0.751457 0.480938 0.040966 0.020250
1 0.664863 0.509375 0.162864 0.093000
1 0.480849 0.568438 0.422648 0.236250
1 0.675687 0.477187 0.024979 0.030750
1 0.433389 0.471875 0.034971 0.022500
1 0.466694 0.473750 0.044963 0.046500
1 0.536220 0.480938 0.065945 0.069750
1 0.746878 0.432812 0.043963 0.020250
1 0.510824 0.433750 0.026978 0.030000
1 0.644047 0.428125 0.080933 0.037500
1 0.700666 0.439375 0.086928 0.076500
1 0.678185 0.408438 0.024979 0.030750
1 0.600000 0.401562 1.000000 0.789750
