1 0.400000 0.909375 0.024375 0.032500
1 0.380469 0.791667 0.024375 0.037500
1 0.402734 0.786458 0.027187 0.032500
1 0.907656 0.854375 0.184687 0.291250
1 0.458594 0.768750 0.018750 0.035000
1 0.366016 0.770312 0.015938 0.041250
1 0.372656 0.747917 0.045000 0.050000
1 0.555859 0.743750 0.021562 0.042500
1 0.384375 0.705208 0.030000 0.027500
1 0.440234 0.701562 0.025312 0.031250
1 0.487500 0.704167 0.020625 0.040000
1 0.442969 0.735417 0.084375 0.115000
1 0.476172 0.667188 0.032813 0.041250
1 0.344922 0.610938 0.019688 0.033750
1 0.217500 0.756875 0.435000 0.486250
1 0.570703 0.510417 0.027187 0.030000
1 0.650000 0.514062 0.022500 0.041250
1 0.519922 0.498958 0.021562 0.037500
1 0.536719 0.450521 0.028125 0.023750
1 0.656250 0.451562 0.028125 0.033750
1 0.480078 0.477604 0.089063 0.103750
1 0.581641 0.426042 0.021562 0.040000
1 0.469531 0.574479 0.403125 0.406250
1 0.638281 0.409896 0.031875 0.028750
1 0.450000 0.413021 0.026250 0.036250
1 0.546094 0.375521 0.058125 0.053750
1 0.969531 0.375000 0.060937 0.070000
1 0.624219 0.347917 0.033750 0.032500
1 0.588672 0.367188 0.057188 0.113750
1 0.566797 0.335938 0.019688 0.041250
1 0.792578 0.206875 0.372188 0.413750
1 0.096562 0.153750 0.193125 0.307500
