1 0.977734 0.847917 0.015938 0.035000
1 0.471875 0.814063 0.031875 0.023750
1 0.432812 0.727604 0.054375 0.046250
1 0.402734 0.710938 0.057188 0.058750
1 0.451172 0.685417 0.087188 0.052500
1 0.312109 0.654167 0.019688 0.022500
1 0.461328 0.645833 0.027187 0.030000
1 0.593359 0.636979 0.029062 0.033750
1 0.411719 0.642188 0.050625 0.048750
1 0.326172 0.632812 0.023438 0.031250
1 0.388281 0.631250 0.009375 0.030000
1 0.510938 0.630208 0.022500 0.035000
1 0.452734 0.640625 0.040313 0.090000
1 0.330078 0.606771 0.014063 0.021250
1 0.481250 0.646354 0.063750 0.133750
1 0.350000 0.589063 0.018750 0.016250
1 0.433203 0.592708 0.012188 0.042500
1 0.450391 0.592708 0.034687 0.045000
1 0.360938 0.594271 0.024375 0.058750
1 0.339453 0.576042 0.034687 0.042500
1 0.514844 0.562500 0.013125 0.022500
1 0.573047 0.550521 0.025312 0.011250
1 0.478125 0.554688 0.018750 0.021250
1 0.444922 0.538021 0.032813 0.026250
1 0.444531 0.528125 0.031875 0.025000
1 0.595703 0.531250 0.027187 0.037500
1 0.475781 0.518750 0.016875 0.012500
1 0.489844 0.508333 0.015000 0.027500
1 0.448437 0.503125 0.018750 0.015000
1 0.475000 0.502604 0.018750 0.018750
1 0.524609 0.495312 0.017813 0.021250
1 0.516406 0.487500 0.028125 0.012500
1 0.471484 0.485938 0.040313 0.018750
1 0.528125 0.463021 0.018750 0.013750
1 0.411719 0.460938 0.016875 0.013750
1 0.373437 0.505208 0.078750 0.120000
1 0.485156 0.464062 0.007500 0.023750
1 0.601172 0.465104 0.030937 0.028750
1 0.453125 0.475000 0.039375 0.055000
1 0.443359 0.459896 0.019688 0.028750
1 0.542578 0.452604 0.014063 0.026250
1 0.594922 0.436458 0.019688 0.017500
1 0.499219 0.440625 0.024375 0.032500
1 0.474609 0.440625 0.025312 0.037500
1 0.433594 0.438021 0.065625 0.031250
1 0.530859 0.438021 0.040313 0.041250
1 0.639062 0.425521 0.031875 0.036250
1 0.498437 0.416667 0.035625 0.025000
1 0.613672 0.417708 0.019688 0.030000
1 0.395703 0.416667 0.036562 0.027500
1 0.520312 0.395833 0.016875 0.025000
1 0.549219 0.383854 0.013125 0.026250
1 0.623437 0.375521 0.016875 0.031250
1 0.634766 0.370312 0.019688 0.031250
1 0.519531 0.361458 0.020625 0.017500
1 0.569141 0.365104 0.032813 0.036250
1 0.476562 0.356771 0.045000 0.053750
1 0.598828 0.345313 0.038437 0.031250
1 0.501563 0.317708 0.031875 0.042500
1 0.567969 0.301042 0.039375 0.040000
1 0.538281 0.300521 0.035625 0.041250
