1 0.733594 0.996250 0.016875 0.007500
1 0.584375 0.992500 0.018750 0.015000
1 0.642578 0.983125 0.051562 0.033750
1 0.724609 0.966250 0.072187 0.067500
1 0.414844 0.956250 0.033750 0.075000
1 0.703516 0.900521 0.049687 0.048750
1 0.608984 0.889583 0.042188 0.057500
1 0.584375 0.915625 0.093750 0.168750
1 0.529297 0.888021 0.032813 0.073750
1 0.687891 0.845313 0.049687 0.056250
1 0.547266 0.821875 0.053437 0.077500
1 0.701562 0.772917 0.011250 0.017500
1 0.496094 0.791667 0.052500 0.092500
1 0.855156 0.833750 0.289687 0.332500
1 0.768750 0.725521 0.031875 0.063750
1 0.739844 0.660417 0.075000 0.090000
1 0.542188 0.628646 0.052500 0.051250
1 0.516797 0.553646 0.010312 0.018750
1 0.566406 0.523438 0.007500 0.021250
1 0.386328 0.518229 0.045937 0.058750
1 0.254688 0.517708 0.035625 0.075000
1 0.470703 0.500000 0.036562 0.072500
1 0.667578 0.473958 0.038437 0.067500
1 0.312109 0.475521 0.089063 0.111250
1 0.487891 0.447396 0.029062 0.078750
1 0.442578 0.407813 0.045937 0.043750
1 0.575391 0.646875 0.638437 0.706250
1 0.243359 0.401042 0.045937 0.060000
1 0.373437 0.423958 0.189375 0.185000
1 0.367188 0.358854 0.035625 0.073750
1 0.324609 0.344792 0.038437 0.065000
1 0.587109 0.343229 0.042188 0.066250
1 0.272656 0.324479 0.052500 0.053750
1 0.425391 0.267188 0.096562 0.101250
1 0.295312 0.209896 0.056250 0.061250
1 0.390234 0.192708 0.032813 0.077500
1 0.355078 0.248438 0.096562 0.211250
1 0.887500 0.332500 0.225000 0.665000
1 0.386250 0.600000 0.772500 1.000000
