1 0.368859 0.760625 0.035970 0.033000
1 0.447544 0.740000 0.036969 0.027000
1 0.404663 0.744062 0.031973 0.065250
1 0.318485 0.726875 0.036969 0.025500
1 0.419650 0.710000 0.015987 0.025500
1 0.384679 0.712187 0.029975 0.033750
1 0.405079 0.705625 0.010991 0.024000
1 0.274771 0.705937 0.029975 0.030750
1 0.475853 0.705000 0.032973 0.030000
1 0.452540 0.702812 0.058951 0.059250
1 0.382598 0.685312 0.038968 0.024750
1 0.248543 0.659375 0.034971 0.027000
1 0.424646 0.644062 0.039967 0.018750
1 0.339717 0.676875 0.059950 0.097500
1 0.300583 0.656563 0.063947 0.053250
1 0.556619 0.627188 0.044963 0.021750
1 0.380516 0.643125 0.077935 0.079500
1 0.351374 0.621563 0.029975 0.030750
1 0.289342 0.614688 0.046961 0.021750
1 0.450042 0.616563 0.032973 0.029250
1 0.499167 0.610938 0.088926 0.032250
1 0.420067 0.602187 0.028976 0.033750
1 0.520400 0.574063 0.011990 0.006750
1 0.509575 0.581250 0.057952 0.027000
1 0.445462 0.569688 0.037968 0.020250
1 0.335554 0.594688 0.125895 0.089250
1 0.502914 0.563438 0.023980 0.017250
1 0.474604 0.584375 0.045962 0.070500
1 0.390092 0.560937 0.018984 0.014250
1 0.372190 0.560937 0.023980 0.017250
1 0.553705 0.567813 0.059950 0.041250
1 0.337635 0.554375 0.010991 0.018000
1 0.291424 0.550625 0.023980 0.012000
1 0.368027 0.549375 0.029975 0.021000
1 0.319317 0.544063 0.010991 0.011250
1 0.582015 0.551250 0.025978 0.034500
1 0.510824 0.541250 0.020983 0.016500
1 0.526228 0.543438 0.027977 0.023250
1 0.354704 0.537813 0.031973 0.020250
1 0.478351 0.540625 0.070941 0.043500
1 0.525396 0.525625 0.019983 0.015000
1 0.505412 0.526250 0.019983 0.021000
1 0.437136 0.529375 0.041965 0.028500
1 0.416320 0.513750 0.015987 0.006000
1 0.582431 0.509062 0.046961 0.023250
1 0.439634 0.509062 0.031973 0.023250
1 0.467527 0.504687 0.026978 0.018750
1 0.404663 0.500313 0.021982 0.011250
1 0.427144 0.504687 0.025978 0.024750
1 0.562032 0.495625 0.019983 0.009000
1 0.516653 0.496875 0.008993 0.013500
1 0.486678 0.506563 0.034971 0.042750
1 0.300999 0.525625 0.094921 0.091500
1 0.340133 0.510625 0.062948 0.057000
1 0.460450 0.493437 0.011990 0.020250
1 0.370525 0.484375 0.021982 0.010500
1 0.493339 0.485312 0.008993 0.014250
1 0.396753 0.485312 0.032973 0.015750
1 0.532473 0.514062 0.074938 0.092250
1 0.447960 0.479687 0.027977 0.020250
1 0.527061 0.470625 0.037968 0.012000
1 0.394671 0.534062 0.151873 0.168750
1 0.571191 0.477812 0.063947 0.047250
1 0.421732 0.474062 0.042964 0.038250
1 0.547877 0.456875 0.009992 0.018000
1 0.470025 0.466875 0.018984 0.042000
1 0.385096 0.454688 0.044963 0.036750
1 0.589092 0.446250 0.046961 0.022500
1 0.490008 0.440625 0.026978 0.016500
1 0.243131 0.443750 0.033972 0.027000
1 0.350958 0.434063 0.026978 0.033750
1 0.483764 0.441875 0.057952 0.067500
1 0.589092 0.422500 0.036969 0.022500
1 0.437552 0.433437 0.056953 0.066750
1 0.530808 0.409062 0.012989 0.011250
1 0.413822 0.406875 0.031973 0.031500
1 0.378435 0.399062 0.016986 0.020250
1 0.491674 0.399062 0.036969 0.029250
1 0.375104 0.411562 0.034971 0.066750
1 0.532057 0.417500 0.067943 0.112500
1 0.487094 0.373125 0.039967 0.025500
1 0.440050 0.381875 0.062948 0.054000
1 0.602831 0.369375 0.039967 0.025500
1 0.355537 0.367188 0.035970 0.023250
1 0.572856 0.366563 0.029975 0.030750
1 0.385096 0.374688 0.050958 0.060750
1 0.560366 0.383750 0.117902 0.084000
1 0.410075 0.358125 0.040966 0.025500
1 0.588260 0.347500 0.042964 0.022500
1 0.476686 0.337813 0.074938 0.027750
1 0.416320 0.322500 0.031973 0.033000
1 0.477102 0.314063 0.025978 0.032250
1 0.442964 0.307500 0.031973 0.034500
1 0.353455 0.230937 0.042964 0.021750
