1 0.961562 0.981250 0.076875 0.037500
1 0.462891 0.723958 0.030937 0.035000
1 0.416016 0.710417 0.030937 0.035000
1 0.654687 0.679167 0.030000 0.030000
1 0.390625 0.670833 0.028125 0.042500
1 0.351953 0.630729 0.030937 0.043750
1 0.460156 0.656250 0.048750 0.107500
1 0.488672 0.616146 0.027187 0.031250
1 0.572266 0.602083 0.015938 0.025000
1 0.389844 0.603125 0.058125 0.030000
1 0.425391 0.600521 0.025312 0.038750
1 0.501953 0.587500 0.015938 0.022500
1 0.353125 0.593750 0.031875 0.037500
1 0.649609 0.580729 0.030937 0.023750
1 0.380078 0.577083 0.027187 0.022500
1 0.404297 0.574479 0.021562 0.028750
1 0.444922 0.617188 0.115312 0.141250
1 0.703125 0.566667 0.022500 0.030000
1 0.569922 0.558333 0.019688 0.022500
1 0.553516 0.614062 0.173437 0.186250
1 0.497656 0.547917 0.030000 0.027500
1 0.458984 0.551562 0.017813 0.038750
1 0.365234 0.549479 0.029062 0.036250
1 0.811719 0.545312 0.020625 0.033750
1 0.582422 0.536979 0.021562 0.031250
1 0.563672 0.538021 0.019688 0.043750
1 0.664062 0.522396 0.026250 0.028750
1 0.602344 0.525000 0.052500 0.037500
1 0.401562 0.533333 0.052500 0.077500
1 0.732031 0.506250 0.028125 0.030000
1 0.609375 0.482812 0.035625 0.016250
1 0.510156 0.496354 0.052500 0.048750
1 0.540234 0.553646 0.066562 0.198750
1 0.567578 0.484896 0.025312 0.036250
1 0.741016 0.480208 0.029062 0.027500
1 0.521094 0.518229 0.056250 0.133750
1 0.527734 0.463542 0.010312 0.027500
1 0.731641 0.454167 0.029062 0.022500
1 0.491016 0.489063 0.053437 0.108750
1 0.637500 0.452083 0.031875 0.022500
1 0.656641 0.504687 0.147187 0.158750
1 0.713281 0.456250 0.028125 0.065000
1 0.658594 0.446875 0.082500 0.052500
1 0.545703 0.433333 0.029062 0.030000
1 0.617188 0.422917 0.015000 0.012500
1 0.596094 0.423438 0.016875 0.023750
1 0.460547 0.428125 0.023438 0.040000
1 0.662109 0.409896 0.019688 0.021250
1 0.571875 0.414062 0.024375 0.031250
1 0.516016 0.432812 0.049687 0.116250
1 0.549609 0.401042 0.087188 0.070000
1 0.632812 0.372396 0.022500 0.033750
1 0.604297 0.380208 0.040313 0.052500
1 0.635547 0.388542 0.094687 0.090000
1 0.687109 0.389583 0.032813 0.100000
1 0.673828 0.352083 0.019688 0.032500
1 0.141562 0.523125 0.283125 1.000000
1 0.858437 0.523750 0.283125 1.000000
1 0.038437 0.018750 0.076875 0.037500
