1 0.929500 0.947500 0.141000 0.105000
1 0.401250 0.915000 0.165000 0.114000
1 0.959500 0.850000 0.081000 0.150000
1 0.487500 0.838750 0.108000 0.171000
1 0.382500 0.787500 0.168000 0.114000
1 0.840000 0.766250 0.162000 0.129000
1 0.597500 0.824500 0.234000 0.351000
1 0.582500 0.683750 0.024000 0.045000
1 0.715000 0.671250 0.066000 0.039000
1 0.971500 0.716250 0.057000 0.153000
1 0.886250 0.651250 0.153000 0.135000
1 0.545000 0.728750 0.354000 0.327000
1 0.907500 0.570000 0.072000 0.120000
1 0.973750 0.543750 0.051000 0.093000
1 0.522500 0.542500 0.120000 0.144000
1 0.907500 0.455000 0.054000 0.036000
1 0.843750 0.498750 0.081000 0.177000
1 0.766250 0.665500 0.303000 0.669000
1 0.959500 0.418750 0.081000 0.099000
1 0.565000 0.422500 0.174000 0.126000
1 0.622500 0.330000 0.162000 0.102000
1 0.715000 0.285000 0.156000 0.252000
1 0.947500 0.171250 0.105000 0.135000
1 0.946000 0.058500 0.108000 0.117000
1 0.787000 0.234000 0.426000 0.468000
