1 0.438750 0.974500 0.069000 0.051000
1 0.220000 0.964000 0.060000 0.072000
1 0.162500 0.956250 0.054000 0.087000
1 0.647500 0.943000 0.096000 0.114000
1 0.625000 0.846250 0.078000 0.045000
1 0.435000 0.873750 0.102000 0.117000
1 0.351250 0.852500 0.099000 0.108000
1 0.342500 0.881250 0.198000 0.177000
1 0.242500 0.868750 0.108000 0.147000
1 0.160000 0.857500 0.054000 0.126000
1 0.238750 0.811250 0.045000 0.021000
1 0.711250 0.862500 0.105000 0.150000
1 0.186250 0.792500 0.051000 0.024000
1 0.085500 0.826250 0.171000 0.153000
1 0.633750 0.785000 0.075000 0.060000
1 0.525000 0.802500 0.138000 0.102000
1 0.440000 0.753750 0.138000 0.099000
1 0.612500 0.728750 0.024000 0.051000
1 0.245000 0.746250 0.096000 0.129000
1 0.556250 0.736250 0.111000 0.129000
1 0.737500 0.710000 0.138000 0.096000
1 0.178750 0.678750 0.093000 0.135000
1 0.100500 0.676250 0.201000 0.255000
1 0.053750 0.592500 0.069000 0.072000
1 0.171250 0.556250 0.075000 0.081000
1 0.077500 0.533750 0.096000 0.063000
1 0.345000 0.647500 0.258000 0.360000
1 0.677500 0.548750 0.084000 0.147000
1 0.401250 0.533750 0.081000 0.135000
1 0.040500 0.458750 0.081000 0.093000
1 0.256250 0.442500 0.117000 0.114000
1 0.060000 0.420000 0.120000 0.084000
1 0.358750 0.402500 0.141000 0.084000
1 0.210000 0.297500 0.060000 0.132000
1 0.078750 0.221250 0.087000 0.159000
1 0.410000 0.255000 0.258000 0.258000
1 0.031250 0.153750 0.039000 0.087000
1 0.593750 0.135000 0.129000 0.120000
1 0.367500 0.135000 0.162000 0.144000
1 0.300000 0.207500 0.150000 0.360000
1 0.402500 0.048750 0.072000 0.075000
1 0.465000 0.016500 0.078000 0.033000
1 0.333750 0.037500 0.063000 0.075000
1 0.162000 0.330000 0.324000 0.660000
1 0.097500 0.072000 0.168000 0.144000
