1 0.645000 0.947960 0.039000 0.068943
1 0.582812 0.942132 0.044250 0.074938
1 0.491250 0.939217 0.043500 0.083930
1 0.711250 0.888426 0.052500 0.049958
1 0.826562 0.855537 0.011250 0.006994
1 0.559063 0.853039 0.039750 0.060949
1 0.498125 0.847211 0.103500 0.070941
1 0.415625 0.820150 0.052500 0.053955
1 0.467500 0.856370 0.097500 0.170858
1 0.538438 0.798085 0.054750 0.048959
1 0.699063 0.777685 0.056250 0.067943
1 0.626563 0.800583 0.138750 0.224813
1 0.549687 0.735637 0.083250 0.090924
1 0.427500 0.754788 0.079500 0.144879
1 0.521250 0.698585 0.040500 0.059950
1 0.652188 0.703164 0.140250 0.102914
1 0.255000 0.791174 0.510000 0.417652
1 0.744062 0.652373 0.017250 0.024979
1 0.713437 0.646128 0.018750 0.029975
1 0.730938 0.628226 0.026250 0.026978
1 0.516250 0.632806 0.051000 0.047960
1 0.670937 0.630308 0.069750 0.137885
1 0.866250 0.565362 0.046500 0.049958
1 0.460938 0.574938 0.051750 0.072939
1 0.511250 0.577852 0.052500 0.097918
1 0.389688 0.536220 0.060750 0.045962
1 0.595313 0.515820 0.036750 0.074938
1 0.557813 0.528726 0.057750 0.125895
1 0.513750 0.474188 0.013500 0.008993
1 0.659687 0.608659 0.300750 0.339717
1 0.510312 0.434638 0.014250 0.009992
1 0.584688 0.447960 0.038250 0.047960
1 0.534062 0.426311 0.024750 0.027977
1 0.605625 0.421732 0.019500 0.030974
1 0.560625 0.410491 0.012000 0.015987
1 0.518750 0.394255 0.045000 0.054954
1 0.590625 0.385512 0.027000 0.035970
1 0.559375 0.385512 0.027000 0.035970
1 0.683125 0.437552 0.210000 0.164863
1 0.414375 0.391757 0.033000 0.064946
1 0.452188 0.351790 0.017250 0.014988
1 0.710000 0.364696 0.034500 0.059950
1 0.577500 0.350541 0.030000 0.029975
1 0.793438 0.349709 0.065250 0.075937
1 0.492812 0.419234 0.227250 0.294754
1 0.525000 0.303081 0.009000 0.019983
1 0.573125 0.289342 0.015000 0.020983
1 0.486250 0.279767 0.052500 0.047960
1 0.696562 0.266861 0.053250 0.042964
1 0.487187 0.243547 0.050250 0.060949
1 0.754062 0.238551 0.036750 0.056953
1 0.709688 0.224813 0.051750 0.045962
1 0.513437 0.226062 0.045750 0.050958
1 0.646563 0.228143 0.035250 0.065945
1 0.607187 0.219817 0.053250 0.045962
1 0.670312 0.194838 0.036750 0.063947
1 0.618437 0.179434 0.056250 0.042964
1 0.524375 0.151957 0.046500 0.118901
1 0.649062 0.283514 0.318750 0.462614
1 0.671500 0.247794 0.657000 0.495587
1 0.057375 0.130391 0.114750 0.260783
