1 0.045937 0.950625 0.091875 0.098750
1 0.515234 0.668750 0.030937 0.025000
1 0.652344 0.645312 0.033750 0.021250
1 0.673438 0.626563 0.030000 0.031250
1 0.635156 0.635938 0.046875 0.056250
1 0.600000 0.620313 0.022500 0.038750
1 0.775391 0.604688 0.029062 0.031250
1 0.671094 0.598958 0.026250 0.035000
1 0.413281 0.591146 0.028125 0.028750
1 0.604688 0.548958 0.024375 0.032500
1 0.663672 0.527083 0.030937 0.022500
1 0.361328 0.529167 0.032813 0.032500
1 0.636328 0.545833 0.092812 0.110000
1 0.581250 0.502083 0.033750 0.042500
1 0.613281 0.488542 0.033750 0.025000
1 0.585625 0.686250 0.828750 0.627500
1 0.444141 0.442188 0.030937 0.028750
1 0.404687 0.420312 0.020625 0.036250
1 0.656250 0.402083 0.035625 0.027500
1 0.341406 0.405729 0.045000 0.073750
1 0.312500 0.378125 0.035625 0.025000
1 0.460938 0.378125 0.024375 0.035000
1 0.390625 0.362500 0.035625 0.027500
1 0.342969 0.351562 0.093750 0.076250
1 0.507422 0.507812 0.312187 0.518750
1 0.330469 0.305729 0.026250 0.043750
1 0.385156 0.289062 0.024375 0.041250
1 0.474219 0.276562 0.035625 0.028750
1 0.422266 0.267188 0.025312 0.036250
1 0.920781 0.169375 0.158437 0.338750
