1 0.649219 0.929688 0.033750 0.063750
1 0.517188 0.904687 0.011250 0.013750
1 0.697266 0.915104 0.030937 0.068750
1 0.576172 0.889062 0.045937 0.043750
1 0.466016 0.857292 0.012188 0.015000
1 0.685937 0.847396 0.037500 0.061250
1 0.787891 0.800521 0.047812 0.041250
1 0.682031 0.792188 0.045000 0.043750
1 0.090000 0.860625 0.180000 0.278750
1 0.545312 0.785937 0.031875 0.068750
1 0.585547 0.733333 0.034687 0.067500
1 0.749609 0.795833 0.126562 0.260000
1 0.833125 0.808750 0.333750 0.382500
1 0.659766 0.689063 0.027187 0.056250
1 0.632422 0.769271 0.126562 0.266250
1 0.483203 0.657813 0.019688 0.031250
1 0.461719 0.650000 0.007500 0.025000
1 0.512109 0.708854 0.175313 0.186250
1 0.601562 0.632292 0.043125 0.055000
1 0.635156 0.622917 0.050625 0.040000
1 0.326172 0.610938 0.019688 0.028750
1 0.511719 0.626563 0.058125 0.073750
1 0.311328 0.594792 0.040313 0.052500
1 0.578125 0.559375 0.018750 0.057500
1 0.613281 0.546875 0.046875 0.047500
1 0.649219 0.563021 0.082500 0.103750
1 0.708203 0.523958 0.047812 0.045000
1 0.418359 0.526563 0.053437 0.071250
1 0.615234 0.507812 0.081562 0.053750
1 0.621875 0.487500 0.018750 0.020000
1 0.361328 0.467187 0.045937 0.053750
1 0.403906 0.458854 0.045000 0.071250
1 0.462891 0.531771 0.143437 0.268750
1 0.637500 0.447396 0.073125 0.073750
1 0.476172 0.434896 0.042188 0.051250
1 0.362891 0.426042 0.044062 0.062500
1 0.334375 0.391667 0.016875 0.047500
1 0.632812 0.393750 0.041250 0.060000
1 0.326953 0.394792 0.036562 0.065000
1 0.283203 0.371875 0.040313 0.050000
1 0.365625 0.363542 0.035625 0.067500
1 0.325391 0.348958 0.045937 0.055000
1 0.444141 0.334375 0.036562 0.022500
1 0.285156 0.334896 0.043125 0.036250
1 0.531250 0.503125 0.208125 0.457500
1 0.300781 0.296354 0.030000 0.071250
1 0.348438 0.289583 0.078750 0.097500
1 0.398047 0.273958 0.032813 0.067500
1 0.536328 0.295833 0.070312 0.122500
1 0.363672 0.242188 0.030937 0.071250
1 0.510156 0.235417 0.039375 0.057500
1 0.262891 0.238542 0.038437 0.070000
1 0.479687 0.202083 0.041250 0.040000
1 0.257812 0.189062 0.043125 0.061250
1 0.311719 0.195833 0.058125 0.095000
1 0.284766 0.170313 0.047812 0.043750
1 0.430859 0.304167 0.186562 0.415000
1 0.411719 0.116667 0.063750 0.085000
1 0.392188 0.095312 0.031875 0.058750
1 0.807813 0.298125 0.384375 0.596250
1 0.166875 0.191250 0.333750 0.382500
