1 0.597656 0.910417 0.024375 0.032500
1 0.096484 0.877500 0.152812 0.245000
1 0.617969 0.792708 0.024375 0.037500
1 0.595703 0.787500 0.027187 0.032500
1 0.632422 0.771354 0.015938 0.041250
1 0.539844 0.769271 0.018750 0.036250
1 0.625781 0.748958 0.045000 0.050000
1 0.442969 0.743229 0.020625 0.041250
1 0.614453 0.706250 0.030937 0.027500
1 0.558594 0.702604 0.026250 0.031250
1 0.556250 0.735938 0.084375 0.116250
1 0.511328 0.703646 0.019688 0.041250
1 0.522656 0.667708 0.031875 0.040000
1 0.501172 0.642188 0.008437 0.018750
1 0.781094 0.759375 0.437812 0.481250
1 0.654687 0.612500 0.020625 0.035000
1 0.638281 0.578646 0.045000 0.048750
1 0.564453 0.517188 0.023438 0.033750
1 0.429297 0.510417 0.027187 0.030000
1 0.350000 0.511979 0.022500 0.041250
1 0.480078 0.498437 0.021562 0.038750
1 0.597656 0.482292 0.022500 0.035000
1 0.464062 0.450521 0.028125 0.023750
1 0.343750 0.450000 0.028125 0.032500
1 0.519922 0.477604 0.089063 0.103750
1 0.529687 0.582812 0.401250 0.388750
1 0.419141 0.425521 0.021562 0.038750
1 0.393359 0.418229 0.023438 0.033750
1 0.550781 0.413021 0.026250 0.036250
1 0.362109 0.408333 0.032813 0.030000
1 0.454688 0.375000 0.058125 0.055000
1 0.376563 0.346875 0.033750 0.032500
1 0.412109 0.366146 0.057188 0.113750
1 0.433984 0.335417 0.019688 0.042500
1 0.903906 0.155625 0.192188 0.311250
1 0.335156 0.037500 0.069375 0.075000
