1 0.132656 0.833125 0.265312 0.333750
1 0.591016 0.626563 0.023438 0.028750
1 0.649609 0.606250 0.030937 0.040000
1 0.698047 0.580208 0.029062 0.020000
1 0.682422 0.574479 0.032813 0.058750
1 0.597266 0.556250 0.012188 0.015000
1 0.616797 0.610938 0.105937 0.148750
1 0.711719 0.559896 0.026250 0.028750
1 0.633594 0.559375 0.020625 0.035000
1 0.552344 0.544792 0.016875 0.017500
1 0.707031 0.532813 0.024375 0.033750
1 0.512891 0.523438 0.012188 0.021250
1 0.789453 0.521354 0.021562 0.031250
1 0.439453 0.518750 0.025312 0.035000
1 0.588281 0.513542 0.033750 0.027500
1 0.503125 0.504687 0.020625 0.023750
1 0.546094 0.515625 0.050625 0.067500
1 0.646484 0.495833 0.023438 0.032500
1 0.691016 0.466146 0.023438 0.026250
1 0.517188 0.539583 0.151875 0.225000
1 0.643750 0.436458 0.030000 0.025000
1 0.475781 0.435417 0.030000 0.022500
1 0.495703 0.418750 0.029062 0.027500
1 0.459375 0.401042 0.016875 0.037500
1 0.370703 0.372917 0.030937 0.030000
1 0.499219 0.350521 0.022500 0.033750
1 0.666406 0.345313 0.030000 0.026250
1 0.436328 0.344792 0.027187 0.032500
1 0.760469 0.593125 0.479062 0.813750
1 0.391016 0.370833 0.085312 0.145000
1 0.599609 0.423438 0.246562 0.333750
1 0.372656 0.294271 0.026250 0.048750
1 0.458203 0.332292 0.098437 0.172500
1 0.417969 0.269271 0.022500 0.046250
1 0.493359 0.242188 0.030937 0.033750
1 0.446875 0.240104 0.026250 0.038750
1 0.895000 0.140625 0.210000 0.281250
1 0.193594 0.336875 0.387187 0.673750
