1 0.285156 0.995625 0.011250 0.008750
1 0.401172 0.994375 0.012188 0.011250
1 0.033984 0.993125 0.014063 0.013750
1 0.800781 0.991667 0.015000 0.015000
1 0.708594 0.991250 0.015000 0.017500
1 0.437500 0.991250 0.007500 0.017500
1 0.772266 0.990625 0.012188 0.018750
1 0.958984 0.989583 0.006563 0.015000
1 0.893750 0.990000 0.018750 0.020000
1 0.258203 0.990000 0.029062 0.020000
1 0.968750 0.989375 0.013125 0.021250
1 0.514844 0.989375 0.030000 0.021250
1 0.731250 0.988021 0.013125 0.018750
1 0.388281 0.988125 0.016875 0.023750
1 0.346094 0.988125 0.037500 0.023750
1 0.244922 0.985938 0.012188 0.013750
1 0.541797 0.988021 0.015938 0.021250
1 0.992578 0.988021 0.010312 0.023750
1 0.682422 0.986875 0.014063 0.026250
1 0.013281 0.986875 0.016875 0.026250
1 0.108984 0.986250 0.045937 0.027500
1 0.938672 0.985625 0.040313 0.028750
1 0.600391 0.985625 0.017813 0.028750
1 0.483594 0.985625 0.015000 0.028750
1 0.411328 0.985625 0.036562 0.028750
1 0.855078 0.985000 0.038437 0.030000
1 0.915234 0.978125 0.010312 0.012500
1 0.721875 0.976562 0.015000 0.011250
1 0.567969 0.980208 0.015000 0.020000
1 0.281641 0.983333 0.021562 0.027500
1 0.820312 0.982500 0.026250 0.035000
1 0.619531 0.977083 0.016875 0.015000
1 0.469141 0.982500 0.014063 0.035000
1 0.144531 0.982500 0.033750 0.035000
1 0.796484 0.975521 0.010312 0.013750
1 0.309375 0.981875 0.048750 0.036250
1 0.243359 0.973958 0.015938 0.010000
1 0.047266 0.981875 0.014063 0.036250
1 0.489063 0.973437 0.020625 0.011250
1 0.100391 0.979167 0.019688 0.025000
1 0.576172 0.976562 0.017813 0.021250
1 0.134375 0.978646 0.011250 0.026250
1 0.262891 0.975521 0.019688 0.023750
1 0.944141 0.972917 0.012188 0.020000
1 0.980469 0.968750 0.020625 0.017500
1 0.857422 0.966146 0.014063 0.011250
1 0.154297 0.968229 0.015938 0.016250
1 0.703516 0.974479 0.032813 0.033750
1 0.824609 0.968229 0.008437 0.021250
1 0.434766 0.966146 0.008437 0.016250
1 0.800781 0.965104 0.020625 0.016250
1 0.404297 0.963021 0.012188 0.011250
1 0.639453 0.968750 0.021562 0.027500
1 0.585938 0.974375 0.030000 0.051250
1 0.553906 0.968229 0.015000 0.026250
1 0.566797 0.962500 0.012188 0.015000
1 0.505078 0.961979 0.010312 0.016250
1 0.966406 0.967708 0.015000 0.032500
1 0.766406 0.972500 0.065625 0.055000
1 0.991094 0.966146 0.017813 0.038750
1 0.174609 0.969375 0.044062 0.061250
1 0.112109 0.954167 0.010312 0.015000
1 0.523828 0.954688 0.008437 0.018750
1 0.389062 0.956771 0.022500 0.023750
1 0.608594 0.956771 0.037500 0.026250
1 0.198437 0.968750 0.024375 0.055000
1 0.007422 0.959896 0.014063 0.033750
1 0.535547 0.968229 0.034687 0.056250
1 0.841406 0.950521 0.011250 0.016250
1 0.226562 0.968750 0.046875 0.062500
1 0.033203 0.966146 0.038437 0.053750
1 0.869922 0.956250 0.034687 0.032500
1 0.574219 0.948958 0.015000 0.015000
1 0.255469 0.949479 0.020625 0.016250
1 0.955859 0.960417 0.015938 0.045000
1 0.796484 0.950000 0.017813 0.022500
1 0.269141 0.954688 0.030937 0.033750
1 0.815234 0.947917 0.025312 0.025000
1 0.671875 0.946354 0.022500 0.021250
1 0.132031 0.956771 0.033750 0.046250
1 0.107422 0.943750 0.014063 0.015000
1 0.926953 0.955729 0.027187 0.046250
1 0.049609 0.942708 0.012188 0.015000
1 0.551953 0.942187 0.014063 0.016250
1 0.497656 0.956771 0.031875 0.051250
1 0.909766 0.941146 0.012188 0.016250
1 0.769141 0.944271 0.023438 0.023750
1 0.530469 0.940625 0.009375 0.017500
1 0.128516 0.936458 0.012188 0.012500
1 0.118359 0.942187 0.006563 0.026250
1 0.070312 0.953125 0.037500 0.052500
1 0.609766 0.934896 0.014063 0.013750
1 0.172656 0.944271 0.026250 0.036250
1 0.370703 0.936979 0.010312 0.021250
1 0.336328 0.939063 0.032813 0.026250
1 0.195312 0.941146 0.013125 0.031250
1 0.031250 0.934896 0.009375 0.016250
1 0.953125 0.935937 0.030000 0.021250
1 0.934375 0.935937 0.016875 0.021250
1 0.362109 0.959896 0.055313 0.078750
1 0.258594 0.931250 0.022500 0.012500
1 0.021875 0.933333 0.009375 0.020000
1 0.794922 0.933854 0.015938 0.023750
1 0.698047 0.929688 0.012188 0.016250
1 0.569922 0.936458 0.029062 0.032500
1 0.980078 0.930208 0.010312 0.020000
1 0.123438 0.928125 0.013125 0.015000
1 0.798828 0.925521 0.010312 0.013750
1 0.334375 0.928125 0.015000 0.020000
1 0.568359 0.926042 0.012188 0.017500
1 0.151562 0.939063 0.037500 0.048750
1 0.188672 0.923438 0.015938 0.013750
1 0.770312 0.932292 0.041250 0.037500
1 0.282813 0.928125 0.013125 0.027500
1 0.473438 0.920312 0.013125 0.013750
1 0.144922 0.926042 0.019688 0.027500
1 0.079297 0.921875 0.012188 0.017500
1 0.853125 0.923958 0.024375 0.025000
1 0.014844 0.920312 0.013125 0.016250
1 0.971094 0.918229 0.016875 0.013750
1 0.607422 0.920312 0.014063 0.018750
1 0.483984 0.924479 0.014063 0.028750
1 0.089453 0.918229 0.015938 0.013750
1 0.052344 0.922396 0.039375 0.028750
1 0.823438 0.918229 0.015000 0.021250
1 0.793359 0.915104 0.012188 0.013750
1 0.637109 0.919271 0.012188 0.023750
1 0.825391 0.925000 0.047812 0.042500
1 0.498437 0.919271 0.011250 0.028750
1 0.900000 0.915104 0.016875 0.021250
1 0.344141 0.913021 0.034687 0.016250
1 0.175391 0.914062 0.012188 0.018750
1 0.007031 0.910417 0.014063 0.010000
1 0.923438 0.912500 0.013125 0.017500
1 0.529687 0.920312 0.045000 0.036250
1 0.130078 0.911979 0.010312 0.016250
1 0.109766 0.909896 0.010312 0.011250
1 0.027344 0.914583 0.016875 0.022500
1 0.833203 0.909896 0.017813 0.021250
1 0.416406 0.911979 0.020625 0.026250
1 0.558203 0.908854 0.015938 0.021250
1 0.119141 0.908854 0.015938 0.021250
1 0.770703 0.904687 0.015938 0.013750
1 0.991563 0.921875 0.016875 0.060000
1 0.917188 0.903125 0.015000 0.017500
1 0.887891 0.908854 0.010312 0.031250
1 0.281250 0.915625 0.031875 0.047500
1 0.153125 0.909896 0.045000 0.033750
1 0.978125 0.906250 0.026250 0.027500
1 0.949219 0.909896 0.037500 0.041250
1 0.623047 0.903646 0.021562 0.026250
1 0.782031 0.897917 0.018750 0.020000
1 0.653125 0.898958 0.030000 0.022500
1 0.110156 0.894792 0.011250 0.015000
1 0.063281 0.899479 0.015000 0.026250
1 0.544922 0.902604 0.021562 0.036250
1 0.485547 0.895312 0.012188 0.018750
1 0.413281 0.897917 0.011250 0.025000
1 0.099219 0.892188 0.013125 0.013750
1 0.970703 0.890625 0.017813 0.012500
1 0.512500 0.900000 0.022500 0.035000
1 0.048828 0.894271 0.025312 0.021250
1 0.692187 0.896875 0.015000 0.030000
1 0.233203 0.889062 0.010312 0.011250
1 0.731641 0.890104 0.015938 0.018750
1 0.604688 0.897917 0.050625 0.037500
1 0.457813 0.897917 0.020625 0.037500
1 0.259766 0.890104 0.010312 0.018750
1 0.165625 0.889062 0.015000 0.016250
1 0.150000 0.888542 0.015000 0.015000
1 0.571094 0.893750 0.028125 0.032500
1 0.344922 0.893750 0.015938 0.032500
1 0.271484 0.894792 0.017813 0.035000
1 0.192188 0.889062 0.015000 0.021250
1 0.224609 0.885417 0.008437 0.015000
1 0.228516 0.910937 0.096562 0.076250
1 0.633594 0.882812 0.015000 0.011250
1 0.933984 0.890104 0.023438 0.031250
1 0.491797 0.889062 0.017813 0.028750
1 0.030859 0.879687 0.012188 0.013750
1 0.818750 0.895833 0.067500 0.055000
1 0.428125 0.923750 0.131250 0.152500
1 0.912109 0.884896 0.014063 0.031250
1 0.990234 0.878125 0.017813 0.020000
1 0.045703 0.877604 0.017813 0.018750
1 0.978125 0.876042 0.018750 0.017500
1 0.547266 0.879167 0.017813 0.025000
1 0.830078 0.878125 0.012188 0.025000
1 0.675000 0.879687 0.026250 0.028750
1 0.471875 0.879687 0.022500 0.028750
1 0.177734 0.878646 0.014063 0.026250
1 0.791406 0.877604 0.015000 0.026250
1 0.382031 0.893750 0.073125 0.065000
1 0.217578 0.875000 0.010312 0.020000
1 0.284766 0.877604 0.014063 0.028750
1 0.607812 0.875000 0.022500 0.025000
1 0.427734 0.872396 0.012188 0.018750
1 0.257812 0.880729 0.035625 0.041250
1 0.009375 0.877604 0.018750 0.036250
1 0.907422 0.870833 0.015938 0.022500
1 0.586328 0.873958 0.027187 0.030000
1 0.576172 0.866667 0.014063 0.015000
1 0.497266 0.868229 0.032813 0.018750
1 0.351953 0.872396 0.017813 0.028750
1 0.121094 0.868229 0.011250 0.018750
1 0.839844 0.865625 0.024375 0.015000
1 0.454688 0.867188 0.016875 0.018750
1 0.695703 0.870313 0.027187 0.028750
1 0.525391 0.862500 0.012188 0.010000
1 0.343359 0.862500 0.012188 0.012500
1 0.199609 0.864583 0.017813 0.017500
1 0.925391 0.870313 0.019688 0.033750
1 0.665234 0.861979 0.027187 0.016250
1 0.514062 0.863021 0.011250 0.018750
1 0.813672 0.868229 0.034687 0.033750
1 0.952344 0.878646 0.035625 0.061250
1 0.411719 0.863542 0.016875 0.025000
1 0.295312 0.856771 0.013125 0.008750
1 0.968359 0.861458 0.014063 0.022500
1 0.282422 0.859375 0.015938 0.017500
1 0.162109 0.863021 0.010312 0.026250
1 0.958594 0.856771 0.015000 0.013750
1 0.132812 0.875000 0.033750 0.060000
1 0.079687 0.879687 0.076875 0.071250
1 0.617188 0.856250 0.011250 0.017500
1 0.208594 0.856250 0.028125 0.020000
1 0.628125 0.852083 0.015000 0.015000
1 0.544922 0.856771 0.015938 0.026250
1 0.746875 0.853646 0.018750 0.021250
1 0.706250 0.850521 0.020625 0.016250
1 0.489453 0.852083 0.017813 0.020000
1 0.061719 0.851042 0.026250 0.020000
1 0.981250 0.850000 0.026250 0.025000
1 0.770703 0.845833 0.017813 0.015000
1 0.121094 0.851562 0.033750 0.028750
1 0.080469 0.847917 0.016875 0.020000
1 0.565234 0.848958 0.012188 0.025000
1 0.038281 0.854167 0.018750 0.037500
1 0.734766 0.844271 0.010312 0.016250
1 0.515625 0.846354 0.026250 0.021250
1 0.925000 0.843750 0.009375 0.017500
1 0.220312 0.843750 0.009375 0.017500
1 0.882031 0.907500 0.088125 0.185000
1 0.271875 0.842187 0.009375 0.018750
1 0.908594 0.840104 0.022500 0.016250
1 0.755469 0.837500 0.011250 0.010000
1 0.212500 0.840104 0.009375 0.016250
1 0.964844 0.842187 0.013125 0.023750
1 0.578906 0.841667 0.022500 0.022500
1 0.622266 0.837500 0.015938 0.017500
1 0.281641 0.841146 0.015938 0.026250
1 0.942578 0.841667 0.027187 0.030000
1 0.769141 0.836458 0.021562 0.017500
1 0.705078 0.835938 0.012188 0.016250
1 0.552344 0.845833 0.016875 0.040000
1 0.480469 0.842187 0.030000 0.031250
1 0.082812 0.833854 0.015000 0.011250
1 0.135937 0.838542 0.015000 0.025000
1 0.167969 0.848437 0.024375 0.051250
1 0.239063 0.852604 0.046875 0.063750
1 0.526953 0.836979 0.015938 0.028750
1 0.098047 0.841667 0.019688 0.042500
1 0.045703 0.834375 0.010312 0.025000
1 0.917969 0.828125 0.022500 0.012500
1 0.658203 0.830208 0.017813 0.017500
1 0.210938 0.829688 0.016875 0.016250
1 0.740234 0.830729 0.017813 0.021250
1 0.262891 0.828125 0.010312 0.015000
1 0.986719 0.829688 0.020625 0.021250
1 0.885938 0.829688 0.020625 0.021250
1 0.597266 0.830208 0.017813 0.022500
1 0.186328 0.849479 0.042188 0.068750
1 0.716016 0.826042 0.010312 0.020000
1 0.015938 0.841146 0.031875 0.056250
1 0.448828 0.826562 0.010312 0.023750
1 0.135156 0.821354 0.009375 0.011250
1 0.567187 0.824479 0.007500 0.021250
1 0.974219 0.820312 0.015000 0.018750
1 0.898438 0.818750 0.009375 0.015000
1 0.405078 0.820833 0.023438 0.020000
1 0.954297 0.825521 0.019688 0.033750
1 0.058594 0.820833 0.005625 0.022500
1 0.200000 0.819271 0.018750 0.021250
1 0.185156 0.815104 0.015000 0.011250
1 0.088672 0.819271 0.008437 0.023750
1 0.933984 0.815625 0.023438 0.017500
1 0.758594 0.819271 0.013125 0.026250
1 0.592969 0.814583 0.016875 0.015000
1 0.415625 0.816146 0.009375 0.018750
1 0.301953 0.821875 0.025312 0.032500
1 0.278516 0.821354 0.019688 0.031250
1 0.004687 0.815104 0.009375 0.016250
1 0.528906 0.815625 0.015000 0.020000
1 0.355469 0.820312 0.039375 0.031250
1 0.115234 0.817708 0.032813 0.025000
1 0.673438 0.811458 0.013125 0.012500
1 0.574609 0.815625 0.014063 0.022500
1 0.913672 0.816146 0.025312 0.026250
1 0.748828 0.811979 0.012188 0.018750
1 0.726562 0.815104 0.015000 0.026250
1 0.236719 0.810417 0.022500 0.015000
1 0.255859 0.808333 0.017813 0.015000
1 0.835156 0.815625 0.011250 0.035000
1 0.463672 0.836458 0.032813 0.085000
1 0.860156 0.819271 0.024375 0.046250
1 0.873828 0.808854 0.008437 0.023750
1 0.699219 0.809896 0.024375 0.026250
1 0.613281 0.808333 0.015000 0.025000
1 0.965625 0.804167 0.018750 0.017500
1 0.228125 0.821354 0.056250 0.058750
1 0.500781 0.818229 0.039375 0.053750
1 0.123438 0.804167 0.022500 0.020000
1 0.943750 0.806771 0.028125 0.028750
1 0.991406 0.802604 0.007500 0.021250
1 0.712891 0.800000 0.012188 0.015000
1 0.592969 0.801562 0.031875 0.018750
1 0.519922 0.798958 0.029062 0.015000
1 0.144531 0.801562 0.022500 0.021250
1 0.024219 0.817708 0.033750 0.060000
1 0.576953 0.801042 0.014063 0.022500
1 0.739453 0.795833 0.015938 0.012500
1 0.184766 0.793750 0.008437 0.015000
1 0.776563 0.792188 0.020625 0.013750
1 0.489844 0.800521 0.016875 0.036250
1 0.044922 0.803646 0.030937 0.043750
1 0.669141 0.790625 0.014063 0.015000
1 0.005625 0.794271 0.011250 0.023750
1 0.698828 0.792188 0.019688 0.021250
1 0.683984 0.789062 0.017813 0.013750
1 0.075391 0.804167 0.021562 0.050000
1 0.605078 0.789583 0.019688 0.017500
1 0.341797 0.794271 0.010312 0.028750
1 0.872266 0.788021 0.012188 0.018750
1 0.267188 0.801042 0.052500 0.050000
1 0.327734 0.798438 0.025312 0.046250
1 0.910937 0.788021 0.020625 0.023750
1 0.371484 0.787500 0.008437 0.022500
1 0.808594 0.786458 0.022500 0.022500
1 0.858203 0.783854 0.021562 0.018750
1 0.650000 0.783333 0.013125 0.017500
1 0.063281 0.790104 0.013125 0.033750
1 0.891406 0.798438 0.031875 0.056250
1 0.936328 0.783333 0.010312 0.022500
1 0.448437 0.781771 0.018750 0.018750
1 0.992969 0.784896 0.014063 0.028750
1 0.953906 0.780208 0.024375 0.020000
1 0.608594 0.779687 0.007500 0.018750
1 0.303906 0.791146 0.028125 0.046250
1 0.116016 0.784375 0.051562 0.030000
1 0.543750 0.793750 0.060000 0.055000
1 0.117188 0.776042 0.011250 0.015000
1 0.258203 0.776042 0.015938 0.017500
1 0.626953 0.780729 0.025312 0.031250
1 0.776172 0.772917 0.012188 0.015000
1 0.427344 0.813542 0.076875 0.112500
1 0.278125 0.775521 0.018750 0.021250
1 0.928125 0.780208 0.016875 0.037500
1 0.493750 0.777604 0.030000 0.031250
1 0.977734 0.787500 0.027187 0.057500
1 0.585547 0.777083 0.025312 0.032500
1 0.475000 0.784375 0.020625 0.050000
1 0.418750 0.773438 0.018750 0.023750
1 0.355078 0.791146 0.032813 0.066250
1 0.965234 0.768229 0.008437 0.013750
1 0.005156 0.769271 0.010312 0.016250
1 0.796094 0.765625 0.013125 0.010000
1 0.080469 0.774479 0.030000 0.031250
1 0.890234 0.766667 0.023438 0.015000
1 0.569922 0.777083 0.019688 0.042500
1 0.517578 0.766146 0.012188 0.016250
1 0.316406 0.772396 0.018750 0.031250
1 0.161328 0.796875 0.047812 0.090000
1 0.445703 0.765104 0.014063 0.016250
1 0.347266 0.862500 0.147187 0.275000
1 0.332813 0.767708 0.015000 0.025000
1 0.280469 0.766667 0.024375 0.022500
1 0.689063 0.762500 0.022500 0.015000
1 0.182031 0.761979 0.016875 0.013750
1 0.939844 0.761458 0.013125 0.022500
1 0.506250 0.758333 0.011250 0.017500
1 0.414453 0.763021 0.021562 0.028750
1 0.898047 0.755729 0.015938 0.018750
1 0.621484 0.755208 0.012188 0.020000
1 0.302734 0.757812 0.027187 0.026250
1 0.742578 0.760417 0.023438 0.035000
1 0.657422 0.754167 0.008437 0.020000
1 0.547656 0.751563 0.011250 0.013750
1 0.823047 0.753125 0.006563 0.020000
1 0.520312 0.751042 0.018750 0.015000
1 0.087891 0.753646 0.019688 0.021250
1 0.673828 0.750521 0.023438 0.016250
1 0.451953 0.760417 0.030937 0.040000
1 0.008984 0.748437 0.014063 0.011250
1 0.202344 0.775000 0.043125 0.077500
1 0.060547 0.758854 0.027187 0.038750
1 0.940234 0.746354 0.010312 0.011250
1 0.883984 0.749479 0.015938 0.018750
1 0.701953 0.749479 0.010312 0.018750
1 0.227734 0.774479 0.040313 0.078750
1 0.962109 0.749479 0.010312 0.021250
1 0.340234 0.751042 0.025312 0.025000
1 0.985938 0.754687 0.028125 0.036250
1 0.722266 0.754687 0.023438 0.036250
1 0.789844 0.746875 0.007500 0.020000
1 0.564063 0.746875 0.011250 0.020000
1 0.116406 0.747396 0.018750 0.021250
1 0.756641 0.742188 0.012188 0.011250
1 0.414453 0.743229 0.015938 0.013750
1 0.399609 0.746354 0.012188 0.021250
1 0.210938 0.744271 0.009375 0.016250
1 0.909375 0.744792 0.009375 0.022500
1 0.832031 0.745313 0.009375 0.026250
1 0.466406 0.750521 0.020625 0.038750
1 0.433203 0.744271 0.027187 0.026250
1 0.925000 0.755729 0.031875 0.058750
1 0.680469 0.738542 0.018750 0.017500
1 0.405469 0.738021 0.009375 0.016250
1 0.269922 0.749479 0.053437 0.043750
1 0.097656 0.745833 0.024375 0.035000
1 0.744141 0.737500 0.014063 0.020000
1 0.665625 0.735417 0.009375 0.015000
1 0.039844 0.760938 0.048750 0.076250
1 0.812891 0.735417 0.010312 0.017500
1 0.473438 0.734896 0.013125 0.016250
1 0.319141 0.744792 0.019688 0.040000
1 0.918750 0.732812 0.020625 0.013750
1 0.297656 0.736979 0.013125 0.023750
1 0.019688 0.744271 0.039375 0.041250
1 0.840625 0.732292 0.020625 0.015000
1 0.569141 0.733333 0.019688 0.017500
1 0.801953 0.732292 0.015938 0.017500
1 0.652344 0.737500 0.013125 0.030000
1 0.200781 0.735938 0.011250 0.028750
1 0.453516 0.731771 0.012188 0.023750
1 0.899219 0.728646 0.020625 0.021250
1 0.742578 0.727083 0.017813 0.017500
1 0.173437 0.729167 0.011250 0.022500
1 0.777734 0.731250 0.023438 0.030000
1 0.077734 0.733333 0.027187 0.035000
1 0.970313 0.731771 0.015000 0.036250
1 0.708984 0.719792 0.015938 0.012500
1 0.518750 0.719271 0.013125 0.013750
1 0.642578 0.718229 0.027187 0.013750
1 0.732422 0.717708 0.017813 0.020000
1 0.954688 0.727083 0.026250 0.045000
1 0.524609 0.724479 0.025312 0.038750
1 0.835547 0.714063 0.019688 0.018750
1 0.238281 0.728125 0.043125 0.052500
1 0.200000 0.716146 0.011250 0.023750
1 0.186719 0.722396 0.011250 0.038750
1 0.112500 0.714583 0.015000 0.020000
1 0.718750 0.710938 0.015000 0.013750
1 0.538672 0.715104 0.012188 0.023750
1 0.487891 0.736458 0.038437 0.075000
1 0.244531 0.715104 0.022500 0.023750
1 0.871094 0.711979 0.013125 0.018750
1 0.798047 0.713542 0.010312 0.022500
1 0.600391 0.712500 0.021562 0.020000
1 0.564844 0.714063 0.018750 0.023750
1 0.855859 0.710417 0.010312 0.017500
1 0.628125 0.711458 0.018750 0.020000
1 0.467969 0.717187 0.043125 0.033750
1 0.395313 0.716667 0.018750 0.032500
1 0.215234 0.713021 0.012188 0.023750
1 0.511719 0.723437 0.016875 0.051250
1 0.653125 0.704167 0.015000 0.012500
1 0.035156 0.724479 0.016875 0.061250
1 0.903125 0.707292 0.018750 0.025000
1 0.766016 0.703125 0.012188 0.015000
1 0.077344 0.706250 0.015000 0.022500
1 0.058594 0.706250 0.024375 0.025000
1 0.018281 0.713542 0.036562 0.042500
1 0.951953 0.701042 0.012188 0.015000
1 0.781250 0.698958 0.016875 0.010000
1 0.432812 0.710417 0.016875 0.037500
1 0.185547 0.701562 0.014063 0.016250
1 0.961719 0.701042 0.016875 0.017500
1 0.612109 0.702604 0.015938 0.021250
1 0.489844 0.697396 0.018750 0.008750
1 0.126562 0.698958 0.015000 0.012500
1 0.972266 0.699479 0.015938 0.016250
1 0.423438 0.698958 0.009375 0.020000
1 0.412500 0.715625 0.046875 0.060000
1 0.987344 0.717187 0.025312 0.066250
1 0.093750 0.706250 0.024375 0.040000
1 0.152344 0.703125 0.011250 0.035000
1 0.728516 0.694792 0.014063 0.017500
1 0.633594 0.692708 0.011250 0.017500
1 0.007969 0.694271 0.015938 0.026250
1 0.948047 0.689063 0.012188 0.016250
1 0.789844 0.689583 0.020625 0.017500
1 0.746094 0.689063 0.009375 0.016250
1 0.296875 0.686979 0.013125 0.013750
1 0.368359 0.722917 0.074063 0.105000
1 0.805859 0.691146 0.019688 0.031250
1 0.448828 0.689583 0.032813 0.027500
1 0.396484 0.683333 0.010312 0.012500
1 0.623437 0.685417 0.011250 0.020000
1 0.519141 0.686458 0.014063 0.022500
1 0.294141 0.711979 0.055313 0.086250
1 0.068359 0.685417 0.019688 0.027500
1 0.267578 0.703125 0.030937 0.075000
1 0.744141 0.675000 0.014063 0.010000
1 0.326172 0.681771 0.010312 0.026250
1 0.984062 0.690104 0.031875 0.048750
1 0.720703 0.678125 0.019688 0.020000
1 0.645703 0.682292 0.023438 0.030000
1 0.196094 0.682813 0.033750 0.031250
1 0.038672 0.694792 0.042188 0.060000
1 0.965625 0.680729 0.013125 0.028750
1 0.599609 0.681771 0.023438 0.031250
1 0.568750 0.675521 0.011250 0.016250
1 0.451562 0.673438 0.013125 0.011250
1 0.107031 0.686458 0.030000 0.045000
1 0.548438 0.673438 0.015000 0.016250
1 0.944531 0.672396 0.011250 0.016250
1 0.055469 0.675000 0.015000 0.022500
1 0.933594 0.670833 0.009375 0.015000
1 0.470313 0.677604 0.020625 0.033750
1 0.190625 0.671875 0.013125 0.020000
1 0.900781 0.669271 0.022500 0.016250
1 0.715625 0.669271 0.011250 0.016250
1 0.250781 0.677083 0.030000 0.035000
1 0.375781 0.667188 0.022500 0.016250
1 0.960547 0.663021 0.017813 0.008750
1 0.827344 0.677604 0.041250 0.043750
1 0.516406 0.667188 0.015000 0.018750
1 0.478516 0.679167 0.021562 0.047500
1 0.418359 0.676042 0.036562 0.042500
1 0.314844 0.697396 0.041250 0.093750
1 0.791406 0.667708 0.007500 0.025000
1 0.684375 0.669792 0.018750 0.030000
1 0.616406 0.665104 0.011250 0.018750
1 0.362500 0.660937 0.013125 0.011250
1 0.287109 0.669792 0.019688 0.032500
1 0.669922 0.662500 0.014063 0.017500
1 0.978906 0.665625 0.015000 0.027500
1 0.251172 0.659896 0.008437 0.013750
1 0.076172 0.658854 0.015938 0.011250
1 0.008203 0.661458 0.015938 0.020000
1 0.895703 0.656250 0.010312 0.010000
1 0.848437 0.658854 0.016875 0.016250
1 0.225391 0.677083 0.051562 0.062500
1 0.133984 0.656771 0.023438 0.018750
1 0.044922 0.657813 0.010312 0.021250
1 0.218750 0.654687 0.018750 0.016250
1 0.023828 0.654167 0.015938 0.015000
1 0.664844 0.652604 0.009375 0.018750
1 0.886328 0.650521 0.008437 0.016250
1 0.764062 0.665625 0.026250 0.052500
1 0.447266 0.654687 0.015938 0.028750
1 0.501172 0.651563 0.010312 0.023750
1 0.351562 0.678646 0.054375 0.091250
1 0.202344 0.651042 0.011250 0.025000
1 0.722656 0.644271 0.011250 0.011250
1 0.564844 0.645312 0.011250 0.013750
1 0.283203 0.648438 0.029062 0.021250
1 0.265234 0.655208 0.029062 0.037500
1 0.167187 0.676042 0.046875 0.087500
1 0.625781 0.646354 0.018750 0.018750
1 0.367188 0.646875 0.022500 0.020000
1 0.357812 0.644792 0.013125 0.015000
1 0.329297 0.652083 0.038437 0.032500
1 0.410547 0.643229 0.014063 0.013750
1 0.967969 0.648438 0.016875 0.028750
1 0.771484 0.644792 0.015938 0.020000
1 0.753125 0.642708 0.018750 0.015000
1 0.436719 0.653646 0.016875 0.041250
1 0.241406 0.652083 0.022500 0.037500
1 0.094531 0.656771 0.045000 0.051250
1 0.801953 0.644271 0.019688 0.023750
1 0.539844 0.646354 0.013125 0.028750
1 0.488281 0.641667 0.016875 0.017500
1 0.101172 0.639062 0.012188 0.011250
1 0.866016 0.639583 0.014063 0.015000
1 0.421094 0.643229 0.024375 0.026250
1 0.880078 0.635417 0.008437 0.015000
1 0.191797 0.644792 0.021562 0.037500
1 0.263672 0.636458 0.034687 0.020000
1 0.028906 0.648438 0.033750 0.051250
1 0.494531 0.631250 0.015000 0.012500
1 0.858203 0.633854 0.014063 0.021250
1 0.048828 0.638542 0.023438 0.032500
1 0.956641 0.635417 0.008437 0.027500
1 0.905469 0.632292 0.009375 0.020000
1 0.892188 0.631250 0.013125 0.020000
1 0.678516 0.628646 0.014063 0.013750
1 0.597266 0.628125 0.012188 0.012500
1 0.835938 0.635938 0.009375 0.033750
1 0.300000 0.639062 0.050625 0.041250
1 0.982031 0.635417 0.011250 0.035000
1 0.066406 0.647396 0.020625 0.063750
1 0.156641 0.635417 0.047812 0.040000
1 0.140625 0.690625 0.078750 0.172500
1 0.749219 0.626042 0.018750 0.020000
1 0.387109 0.625000 0.012188 0.017500
1 0.361719 0.627083 0.016875 0.022500
1 0.033984 0.628646 0.008437 0.026250
1 0.405859 0.625521 0.015938 0.021250
1 0.393359 0.646875 0.045937 0.072500
1 0.008203 0.629687 0.015938 0.031250
1 0.763281 0.619271 0.011250 0.008750
1 0.501172 0.622917 0.014063 0.017500
1 0.785156 0.624479 0.016875 0.023750
1 0.853906 0.620833 0.022500 0.017500
1 0.289844 0.622396 0.009375 0.021250
1 0.800781 0.621354 0.013125 0.021250
1 0.625391 0.619792 0.014063 0.022500
1 0.612891 0.617188 0.012188 0.016250
1 0.924219 0.618229 0.015000 0.021250
1 0.693359 0.619792 0.019688 0.025000
1 0.393359 0.616146 0.012188 0.016250
1 0.908594 0.618229 0.013125 0.023750
1 0.450781 0.626042 0.026250 0.042500
1 0.099609 0.621875 0.023438 0.032500
1 0.136328 0.624479 0.032813 0.041250
1 0.203125 0.628646 0.075000 0.053750
1 0.426563 0.621875 0.030000 0.040000
1 0.006094 0.615625 0.012188 0.025000
1 0.880469 0.611458 0.009375 0.017500
1 0.078125 0.610417 0.013125 0.017500
1 0.655859 0.617708 0.019688 0.040000
1 0.550391 0.619271 0.015938 0.043750
1 0.761328 0.608333 0.017813 0.022500
1 0.540625 0.606771 0.011250 0.021250
1 0.491406 0.604167 0.022500 0.015000
1 0.187500 0.607812 0.009375 0.023750
1 0.124609 0.602604 0.015938 0.011250
1 0.405078 0.604167 0.014063 0.020000
1 0.708984 0.601042 0.025312 0.017500
1 0.681250 0.600521 0.011250 0.016250
1 0.269141 0.611458 0.038437 0.042500
1 0.116797 0.605208 0.014063 0.030000
1 0.035547 0.600521 0.019688 0.026250
1 0.339062 0.611979 0.030000 0.056250
1 0.947656 0.603646 0.028125 0.038750
1 0.527734 0.593229 0.019688 0.016250
1 0.152344 0.601562 0.054375 0.038750
1 0.560156 0.598437 0.020625 0.033750
1 0.436328 0.588021 0.006563 0.016250
1 0.273828 0.586458 0.012188 0.012500
1 0.882812 0.589583 0.018750 0.022500
1 0.702734 0.584896 0.015938 0.011250
1 0.652734 0.592708 0.029062 0.030000
1 0.196484 0.598437 0.030937 0.043750
1 0.089063 0.610417 0.054375 0.077500
1 0.075391 0.592187 0.023438 0.033750
1 0.917188 0.583333 0.011250 0.017500
1 0.607422 0.583854 0.012188 0.018750
1 0.940234 0.583333 0.017813 0.020000
1 0.826172 0.583333 0.012188 0.020000
1 0.757031 0.584896 0.013125 0.023750
1 0.053906 0.603646 0.028125 0.068750
1 0.860547 0.588021 0.015938 0.033750
1 0.524219 0.579688 0.015000 0.016250
1 0.901953 0.584896 0.023438 0.031250
1 0.448437 0.575521 0.020625 0.011250
1 0.250000 0.598958 0.035625 0.067500
1 0.698438 0.573438 0.013125 0.013750
1 0.100000 0.572917 0.015000 0.012500
1 0.875000 0.573958 0.009375 0.017500
1 0.671875 0.575000 0.015000 0.020000
1 0.578125 0.573958 0.007500 0.020000
1 0.474219 0.583854 0.020625 0.043750
1 0.207813 0.577604 0.022500 0.028750
1 0.623437 0.576562 0.011250 0.028750
1 0.375781 0.588021 0.069375 0.056250
1 0.296875 0.580208 0.041250 0.042500
1 0.966797 0.569271 0.012188 0.018750
1 0.915234 0.568229 0.015938 0.016250
1 0.228906 0.585417 0.060000 0.057500
1 0.173437 0.569271 0.020625 0.021250
1 0.007500 0.570833 0.015000 0.025000
1 0.181250 0.561979 0.011250 0.013750
1 0.075000 0.568229 0.024375 0.028750
1 0.029062 0.591146 0.058125 0.083750
1 0.865234 0.562500 0.010312 0.017500
1 0.653906 0.560937 0.024375 0.013750
1 0.492188 0.566667 0.016875 0.027500
1 0.457031 0.566667 0.016875 0.027500
1 0.411719 0.563542 0.020625 0.020000
1 0.205078 0.564583 0.023438 0.022500
1 0.937109 0.560937 0.015938 0.016250
1 0.819922 0.560417 0.017813 0.015000
1 0.051172 0.561458 0.015938 0.017500
1 0.723828 0.558854 0.025312 0.016250
1 0.606641 0.559375 0.014063 0.017500
1 0.578125 0.556771 0.013125 0.011250
1 0.561719 0.560937 0.016875 0.021250
1 0.263672 0.563021 0.017813 0.026250
1 0.164062 0.573438 0.043125 0.051250
1 0.232422 0.561458 0.027187 0.025000
1 0.737891 0.567708 0.027187 0.045000
1 0.304688 0.552604 0.015000 0.008750
1 0.836719 0.559896 0.013125 0.028750
1 0.958594 0.555208 0.011250 0.020000
1 0.284766 0.558333 0.030937 0.030000
1 0.898828 0.551042 0.010312 0.015000
1 0.789844 0.553125 0.015000 0.020000
1 0.419141 0.571875 0.049687 0.072500
1 0.046484 0.547917 0.019688 0.020000
1 0.033594 0.546354 0.022500 0.016250
1 0.192188 0.545312 0.024375 0.016250
1 0.174609 0.544792 0.019688 0.015000
1 0.737500 0.542708 0.024375 0.017500
1 0.022266 0.545312 0.014063 0.023750
1 0.007969 0.542708 0.015938 0.017500
1 0.898828 0.540625 0.010312 0.015000
1 0.407813 0.544792 0.026250 0.027500
1 0.314063 0.538021 0.011250 0.011250
1 0.769531 0.540104 0.013125 0.018750
1 0.644922 0.542708 0.019688 0.025000
1 0.698828 0.537500 0.008437 0.015000
1 0.678906 0.562500 0.031875 0.075000
1 0.445312 0.538542 0.013125 0.017500
1 0.617188 0.539583 0.013125 0.022500
1 0.300781 0.536979 0.015000 0.021250
1 0.106641 0.546354 0.030937 0.043750
1 0.952344 0.535417 0.028125 0.020000
1 0.850391 0.539062 0.012188 0.031250
1 0.084375 0.534896 0.020625 0.021250
1 0.432812 0.530208 0.022500 0.012500
1 0.385547 0.538021 0.027187 0.031250
1 0.285547 0.534896 0.015938 0.026250
1 0.578906 0.529687 0.009375 0.016250
1 0.547656 0.533854 0.031875 0.028750
1 0.331641 0.570312 0.090937 0.116250
1 0.312109 0.526563 0.010312 0.011250
1 0.066797 0.532292 0.027187 0.027500
1 0.329297 0.531771 0.023438 0.028750
1 0.681641 0.523958 0.010312 0.015000
1 0.660156 0.522396 0.016875 0.011250
1 0.905469 0.526042 0.022500 0.022500
1 0.750000 0.525000 0.018750 0.022500
1 0.708203 0.520833 0.010312 0.012500
1 0.570703 0.535417 0.023438 0.047500
1 0.117188 0.527083 0.011250 0.027500
1 0.836328 0.530729 0.014063 0.038750
1 0.697656 0.520833 0.009375 0.017500
1 0.801953 0.522917 0.021562 0.027500
1 0.144531 0.517708 0.015000 0.015000
1 0.928125 0.532813 0.020625 0.058750
1 0.055859 0.519271 0.010312 0.028750
1 0.012656 0.522396 0.025312 0.036250
1 0.131250 0.552083 0.056250 0.110000
1 0.014063 0.511979 0.015000 0.016250
1 0.757812 0.510938 0.016875 0.021250
1 0.107813 0.510417 0.016875 0.022500
1 0.035547 0.519792 0.036562 0.045000
1 0.829297 0.509375 0.014063 0.022500
1 0.946875 0.507292 0.009375 0.022500
1 0.422656 0.509896 0.024375 0.028750
1 0.277344 0.518750 0.041250 0.050000
1 0.371094 0.516146 0.022500 0.046250
1 0.918359 0.501042 0.021562 0.012500
1 0.663672 0.505208 0.015938 0.022500
1 0.742188 0.498958 0.015000 0.010000
1 0.315234 0.506771 0.034687 0.028750
1 0.257812 0.507812 0.013125 0.031250
1 0.137109 0.503125 0.008437 0.020000
1 0.091016 0.511979 0.027187 0.041250
1 0.067969 0.506771 0.020625 0.028750
1 0.783203 0.502083 0.008437 0.020000
1 0.121094 0.501563 0.013125 0.028750
1 0.966797 0.498958 0.014063 0.025000
1 0.217188 0.496354 0.013125 0.021250
1 0.792578 0.497917 0.017813 0.027500
1 0.621875 0.494792 0.020625 0.020000
1 0.197266 0.492188 0.017813 0.016250
1 0.850781 0.495312 0.015000 0.026250
1 0.109375 0.489583 0.015000 0.012500
1 0.049609 0.491667 0.010312 0.020000
1 0.644922 0.489583 0.014063 0.017500
1 0.750781 0.488542 0.018750 0.017500
1 0.714453 0.483854 0.012188 0.013750
1 0.954297 0.493229 0.019688 0.038750
1 0.207031 0.485417 0.009375 0.022500
1 0.330078 0.486979 0.019688 0.028750
1 0.808984 0.477604 0.015938 0.016250
1 0.318750 0.481771 0.015000 0.026250
1 0.914062 0.478646 0.013125 0.021250
1 0.846875 0.476042 0.022500 0.017500
1 0.286719 0.484375 0.028125 0.037500
1 0.893359 0.476562 0.006563 0.021250
1 0.927734 0.472396 0.015938 0.016250
1 0.796484 0.471875 0.008437 0.020000
1 0.758984 0.476042 0.019688 0.030000
1 0.477734 0.471875 0.014063 0.020000
1 0.081641 0.469792 0.021562 0.015000
1 0.062891 0.482812 0.030937 0.046250
1 0.820312 0.475521 0.026250 0.031250
1 0.091406 0.478125 0.033750 0.037500
1 0.019688 0.480208 0.039375 0.045000
1 0.008906 0.472396 0.017813 0.026250
1 0.989687 0.476042 0.020625 0.037500
1 0.707422 0.469271 0.010312 0.021250
1 0.195703 0.465625 0.015938 0.015000
1 0.919531 0.464583 0.009375 0.017500
1 0.691797 0.479167 0.025312 0.055000
1 0.412109 0.490104 0.081562 0.081250
1 0.271875 0.481250 0.024375 0.060000
1 0.038672 0.461979 0.010312 0.013750
1 0.657422 0.466667 0.014063 0.030000
1 0.355469 0.489583 0.063750 0.085000
1 0.958203 0.463542 0.010312 0.030000
1 0.457422 0.466146 0.032813 0.036250
1 0.072266 0.459375 0.021562 0.020000
1 0.025781 0.455729 0.018750 0.013750
1 0.348047 0.455208 0.015938 0.015000
1 0.818359 0.456250 0.017813 0.020000
1 0.136328 0.455208 0.021562 0.020000
1 0.082422 0.452083 0.010312 0.012500
1 0.167969 0.497917 0.082500 0.125000
1 0.754297 0.451562 0.012188 0.016250
1 0.322656 0.458333 0.039375 0.032500
1 0.115234 0.465625 0.034687 0.050000
1 0.735547 0.450521 0.008437 0.016250
1 0.296094 0.452604 0.011250 0.023750
1 0.271094 0.447396 0.018750 0.013750
1 0.193359 0.448437 0.008437 0.018750
1 0.156641 0.447917 0.017813 0.020000
1 0.141797 0.445833 0.012188 0.017500
1 0.012891 0.442188 0.012188 0.013750
1 0.722656 0.447917 0.026250 0.030000
1 0.307812 0.442188 0.016875 0.016250
1 0.986875 0.450521 0.026250 0.038750
1 0.875781 0.439583 0.020625 0.015000
1 0.129297 0.439583 0.012188 0.015000
1 0.628516 0.451562 0.053437 0.046250
1 0.702344 0.441146 0.026250 0.023750
1 0.153125 0.438542 0.011250 0.017500
1 0.842187 0.435937 0.013125 0.016250
1 0.746094 0.437500 0.013125 0.020000
1 0.181641 0.438542 0.010312 0.025000
1 0.777734 0.433333 0.021562 0.015000
1 0.108984 0.438542 0.012188 0.027500
1 0.085547 0.436458 0.012188 0.022500
1 0.682422 0.431250 0.019688 0.020000
1 0.039453 0.434896 0.008437 0.028750
1 0.407813 0.444271 0.063750 0.053750
1 0.009844 0.428125 0.019688 0.017500
1 0.865625 0.426563 0.015000 0.016250
1 0.779297 0.422917 0.012188 0.010000
1 0.055078 0.434896 0.029062 0.038750
1 0.811719 0.429688 0.016875 0.028750
1 0.253125 0.421875 0.020625 0.012500
1 0.157422 0.421875 0.012188 0.017500
1 0.129688 0.421354 0.018750 0.018750
1 0.026953 0.431250 0.019688 0.042500
1 0.907813 0.419271 0.013125 0.016250
1 0.375000 0.436979 0.061875 0.058750
1 0.316797 0.426563 0.021562 0.033750
1 0.885156 0.419271 0.013125 0.018750
1 0.797266 0.415104 0.015938 0.011250
1 0.073438 0.429688 0.020625 0.046250
1 0.659766 0.425521 0.017813 0.038750
1 0.171484 0.423958 0.019688 0.037500
1 0.782422 0.411979 0.025312 0.013750
1 0.328516 0.422396 0.027187 0.038750
1 0.055078 0.412500 0.012188 0.015000
1 0.338672 0.413542 0.012188 0.020000
1 0.978906 0.418229 0.031875 0.041250
1 0.873047 0.410938 0.012188 0.023750
1 0.134766 0.405208 0.012188 0.015000
1 0.925781 0.406250 0.009375 0.020000
1 0.239844 0.478646 0.093750 0.196250
1 0.123438 0.406771 0.009375 0.023750
1 0.007969 0.409896 0.015938 0.033750
1 0.332422 0.395833 0.014063 0.015000
1 0.155859 0.402604 0.012188 0.031250
1 0.018359 0.401042 0.019688 0.027500
1 0.026172 0.395833 0.015938 0.017500
1 0.378516 0.396875 0.014063 0.022500
1 0.066406 0.398958 0.018750 0.027500
1 0.983203 0.394271 0.008437 0.018750
1 0.966016 0.386979 0.010312 0.016250
1 0.357422 0.397917 0.027187 0.045000
1 0.300781 0.409896 0.054375 0.073750
1 0.126562 0.387500 0.024375 0.020000
1 0.082422 0.387500 0.019688 0.027500
1 0.315234 0.378125 0.012188 0.012500
1 0.894922 0.380208 0.012188 0.020000
1 0.017969 0.378646 0.015000 0.016250
1 0.763281 0.378646 0.016875 0.021250
1 0.861719 0.376563 0.007500 0.018750
1 0.798438 0.379167 0.020625 0.025000
1 0.987891 0.372396 0.010312 0.013750
1 0.936719 0.374479 0.013125 0.018750
1 0.342187 0.377604 0.018750 0.028750
1 0.066797 0.370833 0.015938 0.017500
1 0.282031 0.391667 0.041250 0.070000
1 0.046484 0.380208 0.027187 0.042500
1 0.807031 0.367708 0.015000 0.015000
1 0.746484 0.370833 0.021562 0.022500
1 0.368359 0.369792 0.008437 0.020000
1 0.838281 0.367188 0.022500 0.021250
1 0.132031 0.363021 0.013125 0.011250
1 0.384375 0.366146 0.033750 0.023750
1 0.325781 0.372917 0.018750 0.040000
1 0.923047 0.361458 0.012188 0.017500
1 0.032031 0.362500 0.030000 0.020000
1 0.231641 0.413542 0.079687 0.145000
1 0.180469 0.390104 0.060000 0.091250
1 0.995781 0.362500 0.008437 0.027500
1 0.007031 0.363021 0.014063 0.028750
1 0.307422 0.362500 0.023438 0.032500
1 0.968359 0.356250 0.012188 0.020000
1 0.357812 0.351562 0.015000 0.011250
1 0.205078 0.359375 0.012188 0.030000
1 0.107031 0.354687 0.011250 0.018750
1 0.046875 0.353646 0.022500 0.018750
1 0.867188 0.353125 0.015000 0.020000
1 0.740625 0.348958 0.011250 0.020000
1 0.332422 0.351562 0.021562 0.026250
1 0.131250 0.344792 0.011250 0.010000
1 0.915625 0.347396 0.018750 0.018750
1 0.075391 0.360938 0.049687 0.051250
1 0.834766 0.347396 0.017813 0.023750
1 0.807813 0.347917 0.009375 0.027500
1 0.885938 0.340625 0.007500 0.015000
1 0.402734 0.349479 0.019688 0.036250
1 0.777344 0.340625 0.009375 0.017500
1 0.422266 0.338542 0.008437 0.015000
1 0.735156 0.337500 0.009375 0.017500
1 0.180859 0.347917 0.038437 0.045000
1 0.981250 0.346875 0.037500 0.047500
1 0.898438 0.332813 0.020625 0.013750
1 0.652344 0.339062 0.031875 0.028750
1 0.365234 0.334896 0.008437 0.018750
1 0.322266 0.332292 0.012188 0.012500
1 0.013125 0.337500 0.026250 0.025000
1 0.033984 0.335938 0.015938 0.023750
1 0.762109 0.332292 0.012188 0.020000
1 0.725781 0.332813 0.013125 0.021250
1 0.167578 0.330729 0.012188 0.016250
1 0.957812 0.334375 0.015000 0.027500
1 0.927734 0.326562 0.012188 0.016250
1 0.848437 0.331250 0.015000 0.027500
1 0.772266 0.326562 0.015938 0.016250
1 0.718750 0.327083 0.011250 0.022500
1 0.808203 0.323958 0.012188 0.017500
1 0.985469 0.321354 0.029062 0.013750
1 0.095312 0.326042 0.020625 0.025000
1 0.407031 0.321875 0.018750 0.017500
1 0.966406 0.322917 0.020625 0.022500
1 0.910937 0.320833 0.016875 0.017500
1 0.372266 0.332292 0.014063 0.045000
1 0.135937 0.329688 0.035625 0.041250
1 0.119531 0.370312 0.099375 0.138750
1 0.825000 0.316146 0.018750 0.013750
1 0.323047 0.317188 0.019688 0.018750
1 0.899609 0.315625 0.019688 0.022500
1 0.097266 0.310417 0.012188 0.012500
1 0.380469 0.311458 0.013125 0.020000
1 0.673438 0.313542 0.028125 0.027500
1 0.340234 0.317708 0.017813 0.037500
1 0.824609 0.305729 0.014063 0.011250
1 0.179297 0.315625 0.032813 0.037500
1 0.158984 0.311458 0.017813 0.027500
1 0.990625 0.307292 0.018750 0.020000
1 0.867578 0.306250 0.014063 0.020000
1 0.733984 0.308854 0.014063 0.026250
1 0.719531 0.305208 0.015000 0.020000
1 0.415234 0.304167 0.010312 0.017500
1 0.055859 0.323437 0.047812 0.063750
1 0.577734 0.310937 0.036562 0.038750
1 0.362109 0.303646 0.010312 0.021250
1 0.758203 0.299479 0.017813 0.016250
1 0.303906 0.309375 0.030000 0.040000
1 0.137500 0.304688 0.030000 0.031250
1 0.974609 0.303646 0.017813 0.031250
1 0.846484 0.298438 0.012188 0.018750
1 0.015469 0.308333 0.030937 0.047500
1 0.026172 0.306771 0.019688 0.046250
1 0.991016 0.294792 0.010312 0.022500
1 0.432031 0.300000 0.015000 0.035000
1 0.947656 0.295833 0.013125 0.030000
1 0.626172 0.294271 0.030937 0.028750
1 0.860156 0.290625 0.011250 0.022500
1 0.402734 0.291667 0.015938 0.027500
1 0.491406 0.288542 0.018750 0.022500
1 0.867578 0.286979 0.006563 0.021250
1 0.191797 0.298958 0.051562 0.050000
1 0.310937 0.288542 0.018750 0.027500
1 0.342187 0.293229 0.050625 0.043750
1 0.765234 0.278125 0.015938 0.010000
1 0.236328 0.321354 0.105937 0.113750
1 0.143750 0.282813 0.022500 0.021250
1 0.852344 0.282813 0.013125 0.023750
1 0.267969 0.283854 0.016875 0.028750
1 0.278906 0.327083 0.063750 0.140000
1 0.006094 0.276562 0.012188 0.018750
1 0.985156 0.284375 0.018750 0.040000
1 0.910937 0.276042 0.013125 0.020000
1 0.822266 0.272917 0.015938 0.012500
1 0.790234 0.277083 0.019688 0.025000
1 0.418359 0.272396 0.017813 0.013750
1 0.299219 0.273438 0.009375 0.021250
1 0.072266 0.280208 0.027187 0.037500
1 0.743359 0.272396 0.015938 0.021250
1 0.476562 0.271875 0.011250 0.020000
1 0.971484 0.267188 0.012188 0.011250
1 0.943750 0.272396 0.026250 0.026250
1 0.332813 0.277083 0.028125 0.037500
1 0.039453 0.275521 0.040313 0.033750
1 0.964063 0.285417 0.030000 0.060000
1 0.253906 0.275521 0.024375 0.036250
1 0.566016 0.408333 0.400312 0.360000
1 0.490234 0.267188 0.015938 0.021250
1 0.315625 0.273958 0.013125 0.037500
1 0.505078 0.270833 0.021562 0.035000
1 0.364063 0.263021 0.009375 0.016250
1 0.795703 0.261979 0.021562 0.016250
1 0.586328 0.270833 0.029062 0.037500
1 0.519141 0.264062 0.017813 0.021250
1 0.472656 0.263021 0.015000 0.018750
1 0.415625 0.260417 0.011250 0.017500
1 0.011250 0.269271 0.022500 0.038750
1 0.140234 0.258854 0.012188 0.018750
1 0.404297 0.254688 0.012188 0.013750
1 0.704297 0.273438 0.030937 0.061250
1 0.120703 0.255729 0.008437 0.018750
1 0.171094 0.272396 0.033750 0.061250
1 0.017188 0.257292 0.011250 0.025000
1 0.900391 0.255729 0.012188 0.028750
1 0.491797 0.251042 0.014063 0.017500
1 0.035156 0.255729 0.020625 0.028750
1 0.605859 0.247396 0.015938 0.013750
1 0.537891 0.250000 0.014063 0.020000
1 0.303906 0.248958 0.009375 0.017500
1 0.267188 0.253646 0.018750 0.028750
1 0.223828 0.269271 0.023438 0.066250
1 0.614453 0.266667 0.064687 0.062500
1 0.154297 0.254167 0.019688 0.032500
1 0.129297 0.247917 0.012188 0.017500
1 0.982422 0.257812 0.019688 0.043750
1 0.791016 0.245833 0.014063 0.015000
1 0.873437 0.248438 0.011250 0.023750
1 0.433594 0.242188 0.013125 0.008750
1 0.720703 0.255208 0.025312 0.042500
1 0.453516 0.247917 0.012188 0.025000
1 0.108203 0.275000 0.055313 0.090000
1 0.513672 0.241146 0.012188 0.013750
1 0.565625 0.245833 0.013125 0.027500
1 0.424219 0.252083 0.020625 0.042500
1 0.993437 0.243229 0.013125 0.026250
1 0.953906 0.244792 0.041250 0.030000
1 0.802734 0.243750 0.014063 0.027500
1 0.548047 0.241667 0.023438 0.022500
1 0.575781 0.236458 0.013125 0.012500
1 0.446875 0.234896 0.016875 0.011250
1 0.381250 0.269792 0.060000 0.095000
1 0.266797 0.235417 0.015938 0.012500
1 0.533203 0.234375 0.010312 0.015000
1 0.971875 0.231771 0.026250 0.016250
1 0.501172 0.230729 0.014063 0.013750
1 0.293750 0.230208 0.016875 0.017500
1 0.567969 0.227604 0.018750 0.016250
1 0.280078 0.228125 0.021562 0.022500
1 0.173437 0.228125 0.024375 0.022500
1 0.053516 0.225521 0.017813 0.016250
1 0.098828 0.226562 0.008437 0.021250
1 0.075000 0.226562 0.028125 0.021250
1 0.028125 0.232292 0.018750 0.035000
1 0.854297 0.221875 0.015938 0.012500
1 0.464062 0.221875 0.015000 0.012500
1 0.822266 0.221354 0.010312 0.013750
1 0.753125 0.223438 0.015000 0.018750
1 0.607812 0.226042 0.020625 0.030000
1 0.582812 0.222917 0.011250 0.022500
1 0.064453 0.236458 0.070312 0.055000
1 0.812109 0.221354 0.014063 0.021250
1 0.954297 0.219271 0.015938 0.018750
1 0.617969 0.221354 0.009375 0.023750
1 0.294531 0.216146 0.013125 0.011250
1 0.156250 0.224479 0.016875 0.031250
1 0.983594 0.222396 0.026250 0.028750
1 0.717578 0.224479 0.032813 0.033750
1 0.698438 0.222917 0.033750 0.030000
1 0.430859 0.217188 0.014063 0.018750
1 0.658203 0.234896 0.047812 0.063750
1 0.389844 0.216146 0.016875 0.021250
1 0.341406 0.235417 0.052500 0.067500
1 0.842578 0.214062 0.010312 0.018750
1 0.593750 0.212500 0.011250 0.015000
1 0.146484 0.215625 0.021562 0.022500
1 0.776953 0.214583 0.006563 0.022500
1 0.643359 0.218750 0.019688 0.037500
1 0.524609 0.211979 0.012188 0.021250
1 0.257422 0.207813 0.012188 0.011250
1 0.059375 0.212500 0.024375 0.022500
1 0.079297 0.213021 0.025312 0.026250
1 0.758203 0.207292 0.014063 0.015000
1 0.406250 0.215625 0.028125 0.035000
1 0.440625 0.206771 0.013125 0.018750
1 0.796094 0.217708 0.033750 0.047500
1 0.106250 0.219271 0.035625 0.051250
1 0.855078 0.206250 0.014063 0.022500
1 0.487109 0.204167 0.015938 0.017500
1 0.366016 0.205729 0.021562 0.023750
1 0.305469 0.233333 0.075000 0.095000
1 0.603125 0.201042 0.011250 0.020000
1 0.667578 0.197917 0.010312 0.015000
1 0.416016 0.206250 0.027187 0.035000
1 0.409375 0.196354 0.020625 0.011250
1 0.747266 0.195833 0.014063 0.012500
1 0.162109 0.202604 0.021562 0.028750
1 0.382812 0.196875 0.015000 0.017500
1 0.020703 0.206771 0.038437 0.041250
1 0.979688 0.199479 0.016875 0.026250
1 0.762109 0.193750 0.014063 0.012500
1 0.288672 0.195312 0.017813 0.016250
1 0.045312 0.196354 0.018750 0.021250
1 0.453906 0.193750 0.018750 0.022500
1 0.260547 0.215625 0.040313 0.075000
1 0.071484 0.188542 0.019688 0.010000
1 0.487500 0.189583 0.007500 0.015000
1 0.346484 0.192708 0.008437 0.022500
1 0.777734 0.191667 0.015938 0.022500
1 0.547266 0.201563 0.025312 0.046250
1 0.458984 0.198437 0.025312 0.038750
1 0.438672 0.190625 0.008437 0.020000
1 0.992969 0.194792 0.014063 0.032500
1 0.945312 0.191146 0.007500 0.023750
1 0.333203 0.188542 0.021562 0.020000
1 0.317188 0.186458 0.013125 0.017500
1 0.701953 0.183854 0.012188 0.016250
1 0.518359 0.185417 0.017813 0.020000
1 0.371484 0.185938 0.008437 0.021250
1 0.355469 0.186458 0.011250 0.022500
1 0.181641 0.182292 0.012188 0.015000
1 0.958594 0.192708 0.028125 0.042500
1 0.853516 0.179167 0.012188 0.010000
1 0.600000 0.185938 0.011250 0.026250
1 0.160938 0.185417 0.022500 0.025000
1 0.534375 0.181771 0.016875 0.018750
1 0.214062 0.178646 0.016875 0.016250
1 0.072656 0.177604 0.018750 0.013750
1 0.830859 0.176563 0.008437 0.013750
1 0.771094 0.177604 0.015000 0.016250
1 0.311328 0.178125 0.025312 0.025000
1 0.038281 0.177604 0.015000 0.028750
1 0.976953 0.169792 0.023438 0.017500
1 0.670703 0.175000 0.015938 0.030000
1 0.491016 0.171354 0.010312 0.021250
1 0.258984 0.177083 0.034687 0.035000
1 0.701562 0.167187 0.015000 0.013750
1 0.271094 0.179167 0.028125 0.042500
1 0.131250 0.202083 0.048750 0.097500
1 0.101562 0.182812 0.031875 0.051250
1 0.087109 0.169271 0.012188 0.018750
1 0.453125 0.168229 0.024375 0.018750
1 0.413281 0.174479 0.031875 0.033750
1 0.048047 0.167708 0.010312 0.020000
1 0.790234 0.170313 0.015938 0.028750
1 0.769531 0.161458 0.013125 0.012500
1 0.958594 0.167187 0.016875 0.028750
1 0.728125 0.164062 0.011250 0.021250
1 0.339062 0.168750 0.026250 0.032500
1 0.175391 0.163542 0.008437 0.020000
1 0.754687 0.160938 0.016875 0.016250
1 0.475781 0.163542 0.016875 0.022500
1 0.649609 0.163021 0.010312 0.023750
1 0.613281 0.160938 0.018750 0.018750
1 0.312500 0.161458 0.031875 0.020000
1 0.828906 0.160938 0.015000 0.021250
1 0.676562 0.165104 0.035625 0.031250
1 0.119922 0.166146 0.015938 0.036250
1 0.842187 0.158333 0.026250 0.020000
1 0.164453 0.161458 0.025312 0.027500
1 0.292187 0.153646 0.007500 0.013750
1 0.593750 0.161458 0.026250 0.035000
1 0.554688 0.153125 0.011250 0.015000
1 0.947656 0.164583 0.016875 0.045000
1 0.103125 0.158333 0.016875 0.032500
1 0.079687 0.159375 0.037500 0.037500
1 0.867188 0.153125 0.016875 0.025000
1 0.638281 0.150521 0.020625 0.018750
1 0.974609 0.151562 0.030937 0.023750
1 0.488281 0.149479 0.011250 0.018750
1 0.387891 0.157812 0.029062 0.038750
1 0.516406 0.148958 0.013125 0.020000
1 0.355859 0.155729 0.019688 0.041250
1 0.013281 0.147396 0.009375 0.021250
1 0.751172 0.140625 0.017813 0.015000
1 0.589063 0.143229 0.011250 0.023750
1 0.414453 0.142708 0.017813 0.022500
1 0.092578 0.140104 0.014063 0.016250
1 0.342578 0.136979 0.014063 0.011250
1 0.026953 0.158333 0.040313 0.062500
1 0.448437 0.139063 0.007500 0.018750
1 0.855078 0.139063 0.021562 0.021250
1 0.138672 0.151042 0.034687 0.050000
1 0.965234 0.136979 0.030937 0.018750
1 0.839063 0.136458 0.013125 0.017500
1 0.717969 0.136458 0.013125 0.020000
1 0.937500 0.133854 0.016875 0.016250
1 0.819141 0.130208 0.017813 0.012500
1 0.533203 0.131771 0.021562 0.016250
1 0.212891 0.202604 0.107813 0.186250
1 0.100000 0.134896 0.028125 0.023750
1 0.875391 0.131250 0.006563 0.017500
1 0.640234 0.131771 0.012188 0.018750
1 0.268359 0.138021 0.032813 0.033750
1 0.041016 0.135417 0.025312 0.030000
1 0.994141 0.127604 0.008437 0.013750
1 0.692578 0.136458 0.025312 0.035000
1 0.325000 0.137500 0.045000 0.037500
1 0.951172 0.133333 0.019688 0.030000
1 0.765234 0.129167 0.010312 0.020000
1 0.455078 0.132292 0.017813 0.027500
1 0.965234 0.124479 0.012188 0.011250
1 0.576172 0.130729 0.021562 0.026250
1 0.029687 0.125521 0.011250 0.013750
1 0.184766 0.140625 0.087188 0.052500
1 0.729688 0.121875 0.013125 0.010000
1 0.389844 0.128646 0.009375 0.026250
1 0.345313 0.123438 0.013125 0.013750
1 0.653125 0.125521 0.013125 0.021250
1 0.988672 0.132812 0.019688 0.041250
1 0.607422 0.125000 0.015938 0.022500
1 0.419141 0.123438 0.021562 0.018750
1 0.062500 0.133854 0.022500 0.043750
1 0.323828 0.126042 0.017813 0.027500
1 0.525391 0.123958 0.014063 0.025000
1 0.192578 0.119792 0.015938 0.017500
1 0.919922 0.135937 0.040313 0.061250
1 0.501172 0.120833 0.019688 0.025000
1 0.206641 0.117708 0.008437 0.017500
1 0.101953 0.119792 0.044062 0.022500
1 0.625000 0.115104 0.015000 0.013750
1 0.992500 0.113542 0.015000 0.012500
1 0.076172 0.127604 0.015938 0.046250
1 0.578125 0.114062 0.013125 0.016250
1 0.178516 0.120833 0.015938 0.032500
1 0.063281 0.115104 0.024375 0.018750
1 0.690234 0.113021 0.008437 0.016250
1 0.465625 0.118750 0.026250 0.030000
1 0.720313 0.117708 0.020625 0.030000
1 0.825391 0.111979 0.012188 0.018750
1 0.423828 0.107292 0.012188 0.012500
1 0.142969 0.109375 0.020625 0.017500
1 0.435547 0.107813 0.014063 0.016250
1 0.368359 0.135417 0.040313 0.082500
1 0.312109 0.109375 0.015938 0.020000
1 0.183984 0.106250 0.012188 0.012500
1 0.952734 0.110937 0.029062 0.026250
1 0.403125 0.109896 0.018750 0.023750
1 0.385937 0.116146 0.033750 0.038750
1 0.679297 0.106771 0.012188 0.018750
1 0.561328 0.108854 0.014063 0.023750
1 0.282422 0.103646 0.017813 0.011250
1 0.372656 0.103646 0.009375 0.013750
1 0.124219 0.114062 0.026250 0.038750
1 0.089063 0.103646 0.016875 0.013750
1 0.987109 0.105208 0.017813 0.020000
1 0.158984 0.110417 0.019688 0.035000
1 0.492578 0.101042 0.008437 0.017500
1 0.698047 0.106771 0.010312 0.033750
1 0.346875 0.104167 0.013125 0.027500
1 0.012188 0.116146 0.024375 0.056250
1 0.611719 0.099479 0.016875 0.018750
1 0.295312 0.139063 0.043125 0.113750
1 0.871094 0.098437 0.020625 0.018750
1 0.100781 0.100521 0.011250 0.023750
1 0.835938 0.095312 0.011250 0.013750
1 0.239063 0.107813 0.039375 0.043750
1 0.813281 0.092188 0.013125 0.008750
1 0.659766 0.101562 0.017813 0.031250
1 0.443359 0.094271 0.012188 0.013750
1 0.354297 0.093750 0.008437 0.015000
1 0.929688 0.104688 0.041250 0.046250
1 0.239844 0.090104 0.022500 0.011250
1 0.909766 0.089583 0.010312 0.012500
1 0.262500 0.105208 0.024375 0.052500
1 0.510156 0.088021 0.011250 0.013750
1 0.407813 0.089583 0.015000 0.017500
1 0.760938 0.097396 0.020625 0.038750
1 0.371094 0.089583 0.030000 0.020000
1 0.121094 0.091146 0.016875 0.023750
1 0.174219 0.087500 0.011250 0.017500
1 0.968750 0.095312 0.033750 0.038750
1 0.858594 0.086458 0.011250 0.017500
1 0.473828 0.086979 0.019688 0.018750
1 0.801172 0.082292 0.014063 0.015000
1 0.285938 0.082292 0.013125 0.015000
1 0.696875 0.079687 0.018750 0.011250
1 0.060547 0.086458 0.014063 0.027500
1 0.925000 0.082292 0.020625 0.020000
1 0.991797 0.084375 0.012188 0.027500
1 0.905469 0.078125 0.018750 0.012500
1 0.626563 0.081771 0.011250 0.021250
1 0.223047 0.083333 0.015938 0.025000
1 0.966406 0.078646 0.009375 0.016250
1 0.644531 0.077604 0.024375 0.013750
1 0.455859 0.079687 0.017813 0.018750
1 0.385547 0.079167 0.014063 0.017500
1 0.494141 0.080208 0.012188 0.022500
1 0.333203 0.075521 0.014063 0.011250
1 0.344922 0.076563 0.010312 0.016250
1 0.605469 0.077604 0.015000 0.021250
1 0.869531 0.077083 0.013125 0.022500
1 0.437500 0.076563 0.016875 0.021250
1 0.112891 0.073438 0.012188 0.013750
1 0.504297 0.073438 0.021562 0.016250
1 0.201953 0.093750 0.055313 0.067500
1 0.101562 0.077604 0.015000 0.028750
1 0.682813 0.084375 0.022500 0.047500
1 0.025000 0.085938 0.018750 0.051250
1 0.791016 0.072396 0.010312 0.021250
1 0.594922 0.073958 0.014063 0.025000
1 0.970703 0.068750 0.008437 0.015000
1 0.763672 0.069271 0.006563 0.016250
1 0.161328 0.070833 0.010312 0.020000
1 0.276562 0.079167 0.033750 0.042500
1 0.564063 0.066667 0.013125 0.015000
1 0.951172 0.070312 0.034687 0.033750
1 0.933203 0.065625 0.010312 0.022500
1 0.772266 0.063542 0.012188 0.017500
1 0.519141 0.064583 0.010312 0.020000
1 0.382812 0.063542 0.013125 0.017500
1 0.093359 0.066146 0.010312 0.023750
1 0.799219 0.062500 0.013125 0.022500
1 0.188672 0.065104 0.008437 0.031250
1 0.990156 0.059375 0.019688 0.020000
1 0.849219 0.061458 0.009375 0.025000
1 0.007500 0.059375 0.015000 0.020000
1 0.646875 0.058854 0.024375 0.021250
1 0.271875 0.055208 0.015000 0.012500
1 0.136328 0.064062 0.012188 0.033750
1 0.804297 0.054688 0.019688 0.013750
1 0.178125 0.057813 0.015000 0.021250
1 0.152344 0.063542 0.024375 0.035000
1 0.040625 0.055208 0.015000 0.015000
1 0.733984 0.056250 0.015938 0.020000
1 0.303125 0.063542 0.020625 0.040000
1 0.126953 0.060417 0.017813 0.035000
1 0.941406 0.053125 0.013125 0.020000
1 0.100781 0.053646 0.009375 0.021250
1 0.635156 0.050521 0.011250 0.016250
1 0.536719 0.050000 0.011250 0.015000
1 0.475000 0.054167 0.024375 0.025000
1 0.116016 0.048438 0.014063 0.013750
1 0.833203 0.058333 0.027187 0.040000
1 0.750000 0.053646 0.018750 0.031250
1 0.571875 0.048438 0.013125 0.018750
1 0.410547 0.058854 0.047812 0.046250
1 0.394922 0.050521 0.015938 0.026250
1 0.974219 0.051042 0.015000 0.030000
1 0.815625 0.043229 0.011250 0.011250
1 0.508203 0.046875 0.023438 0.020000
1 0.171875 0.046354 0.013125 0.018750
1 0.151953 0.047917 0.023438 0.022500
1 0.375781 0.045312 0.011250 0.021250
1 0.621484 0.046354 0.014063 0.028750
1 0.210547 0.053125 0.049687 0.047500
1 0.073438 0.053646 0.033750 0.048750
1 0.440234 0.039583 0.010312 0.017500
1 0.280078 0.038542 0.012188 0.015000
1 0.967187 0.034896 0.016875 0.008750
1 0.847266 0.036458 0.017813 0.015000
1 0.770703 0.036458 0.012188 0.015000
1 0.730078 0.034896 0.015938 0.011250
1 0.941406 0.033854 0.024375 0.016250
1 0.184375 0.036979 0.007500 0.023750
1 0.676172 0.036458 0.010312 0.025000
1 0.476953 0.031771 0.019688 0.013750
1 0.389453 0.031771 0.012188 0.013750
1 0.037109 0.068750 0.055313 0.102500
1 0.655859 0.037500 0.012188 0.030000
1 0.464453 0.029167 0.010312 0.020000
1 0.248438 0.052604 0.052500 0.076250
1 0.108594 0.030729 0.039375 0.023750
1 0.985156 0.030729 0.022500 0.026250
1 0.734766 0.024479 0.010312 0.011250
1 0.511328 0.026562 0.008437 0.016250
1 0.810937 0.022917 0.013125 0.010000
1 0.721875 0.026562 0.018750 0.018750
1 0.600781 0.027604 0.022500 0.021250
1 0.457031 0.032813 0.026250 0.036250
1 0.178125 0.027083 0.011250 0.025000
1 0.538281 0.029167 0.018750 0.032500
1 0.758984 0.023958 0.019688 0.022500
1 0.612500 0.022396 0.011250 0.018750
1 0.504297 0.020833 0.010312 0.020000
1 0.313672 0.024479 0.010312 0.028750
1 0.412500 0.028646 0.024375 0.041250
1 0.080469 0.034375 0.031875 0.055000
1 0.960156 0.021875 0.011250 0.027500
1 0.820703 0.021875 0.015938 0.027500
1 0.670703 0.015104 0.017813 0.011250
1 0.120313 0.019271 0.022500 0.021250
1 0.482422 0.016146 0.015938 0.016250
1 0.932813 0.013542 0.009375 0.012500
1 0.597656 0.012500 0.015000 0.010000
1 0.191016 0.015625 0.008437 0.017500
1 0.136719 0.023438 0.022500 0.036250
1 0.027344 0.015625 0.016875 0.017500
1 0.350000 0.017708 0.015000 0.025000
1 0.252734 0.016146 0.014063 0.021250
1 0.700781 0.013542 0.011250 0.017500
1 0.014531 0.027604 0.029062 0.051250
1 0.298047 0.028125 0.027187 0.055000
1 0.366797 0.048125 0.030937 0.096250
1 0.987344 0.010937 0.025312 0.018750
1 0.808203 0.011458 0.021562 0.020000
1 0.791016 0.008854 0.012188 0.016250
1 0.448828 0.009375 0.010312 0.017500
1 0.433984 0.010937 0.012188 0.021250
1 0.379297 0.020000 0.025312 0.040000
1 0.055859 0.013750 0.023438 0.027500
1 0.779219 0.600000 0.441562 1.000000
1 0.660156 0.009375 0.020625 0.018750
1 0.642969 0.017500 0.015000 0.035000
1 0.583203 0.008125 0.012188 0.016250
1 0.562109 0.005625 0.014063 0.011250
1 0.543750 0.008750 0.022500 0.017500
1 0.507031 0.005000 0.020625 0.010000
1 0.403516 0.016250 0.029062 0.032500
1 0.329688 0.073125 0.054375 0.146250
1 0.309766 0.006875 0.014063 0.013750
1 0.276172 0.009375 0.034687 0.018750
1 0.224219 0.020000 0.031875 0.040000
1 0.201172 0.016250 0.010312 0.032500
1 0.156641 0.021250 0.042188 0.042500
1 0.086328 0.018750 0.023438 0.037500
1 0.042188 0.018125 0.026250 0.036250
1 0.019922 0.004375 0.017813 0.008750
