1 0.044130 0.996625 0.011990 0.006750
1 0.375520 0.995875 0.013988 0.008250
1 0.127394 0.995125 0.011990 0.009750
1 0.295171 0.994750 0.020983 0.010500
1 0.533306 0.994375 0.008993 0.011250
1 0.114072 0.991875 0.011990 0.006000
1 0.745629 0.991875 0.014988 0.007500
1 0.883847 0.992875 0.026978 0.014250
1 0.322231 0.991750 0.013988 0.016500
1 0.100333 0.989875 0.020983 0.020250
1 0.743131 0.989062 0.044963 0.015750
1 0.082015 0.988750 0.042964 0.022500
1 0.950874 0.988375 0.029975 0.023250
1 0.468776 0.988375 0.037968 0.023250
1 0.055787 0.988375 0.033972 0.023250
1 0.335554 0.986500 0.023980 0.027000
1 0.381765 0.981250 0.012989 0.013500
1 0.285179 0.985000 0.046961 0.030000
1 0.524563 0.976875 0.015987 0.010500
1 0.667777 0.976562 0.009992 0.011250
1 0.201499 0.975938 0.017985 0.009750
1 0.159034 0.982812 0.037968 0.026250
1 0.746045 0.977187 0.013988 0.014250
1 0.323897 0.973437 0.013988 0.012750
1 0.830558 0.971250 0.010991 0.009000
1 0.843464 0.973750 0.039967 0.019500
1 0.794754 0.972500 0.018984 0.016500
1 0.783930 0.970313 0.010991 0.011250
1 0.108243 0.969688 0.027977 0.011250
1 0.059117 0.970625 0.027977 0.013500
1 0.310991 0.979375 0.020983 0.041250
1 0.751457 0.967187 0.014988 0.009750
1 0.683597 0.977500 0.091923 0.045000
1 0.358451 0.977500 0.050958 0.045000
1 0.125729 0.977125 0.053955 0.045750
1 0.386345 0.963125 0.011990 0.009000
1 0.339301 0.964375 0.014988 0.016500
1 0.101582 0.960313 0.015987 0.009750
1 0.968526 0.973000 0.062948 0.054000
1 0.789342 0.972250 0.133888 0.055500
1 0.433389 0.957187 0.014988 0.009750
1 0.325146 0.961250 0.024979 0.019500
1 0.038301 0.969063 0.037968 0.039750
1 0.210241 0.959375 0.044963 0.018000
1 0.600333 0.956250 0.017985 0.012000
1 0.146545 0.956562 0.025978 0.015750
1 0.179850 0.965938 0.059950 0.039750
1 0.801832 0.963437 0.053955 0.039750
1 0.624896 0.954688 0.020983 0.020250
1 0.834305 0.948750 0.013988 0.010500
1 0.674854 0.958125 0.038968 0.033000
1 0.378435 0.947500 0.016986 0.009000
1 0.820983 0.957500 0.049958 0.034500
1 0.300583 0.947500 0.019983 0.012000
1 0.948793 0.945937 0.016986 0.009750
1 0.274355 0.950625 0.026978 0.022500
1 0.183597 0.947187 0.052956 0.027750
1 0.805579 0.939688 0.024979 0.011250
1 0.243963 0.953438 0.043963 0.044250
1 0.690674 0.936875 0.010991 0.010500
1 0.219400 0.942813 0.040966 0.032250
1 0.021482 0.956500 0.042964 0.087000
1 0.668609 0.930937 0.025978 0.009750
1 0.023314 0.944063 0.033972 0.041250
1 0.862198 0.929063 0.010991 0.008250
1 0.638634 0.933125 0.023980 0.019500
1 0.549126 0.931250 0.016986 0.016500
1 0.167777 0.928438 0.016986 0.011250
1 0.330558 0.931875 0.027977 0.022500
1 0.266028 0.935625 0.046961 0.033000
1 0.194421 0.928438 0.020983 0.017250
1 0.110325 0.926875 0.028976 0.013500
1 0.388426 0.923125 0.024979 0.016500
1 0.019567 0.921562 0.012989 0.014250
1 0.230641 0.920625 0.013988 0.013500
1 0.716070 0.916562 0.009992 0.009750
1 0.117402 0.919063 0.033972 0.015750
1 0.701499 0.917500 0.022981 0.018000
1 0.549958 0.919063 0.020983 0.021750
1 0.405495 0.916875 0.007993 0.018000
1 0.368027 0.921562 0.029975 0.029250
1 0.263530 0.920625 0.030974 0.027000
1 0.009492 0.918750 0.018984 0.024000
1 0.990008 0.912813 0.009992 0.011250
1 0.527893 0.914687 0.015987 0.015750
1 0.887594 0.907188 0.011990 0.008250
1 0.942964 0.909687 0.026978 0.015750
1 0.304746 0.925937 0.065945 0.054750
1 0.715654 0.906563 0.008993 0.009750
1 0.348043 0.917188 0.049958 0.035250
1 0.558285 0.910312 0.010991 0.020250
1 0.536220 0.908750 0.023980 0.018000
1 0.455870 0.905625 0.012989 0.010500
1 0.991507 0.904687 0.016986 0.009750
1 0.317652 0.908750 0.022981 0.019500
1 0.174022 0.904375 0.009992 0.012000
1 0.120316 0.903438 0.010991 0.012750
1 0.468776 0.901875 0.021982 0.012000
1 0.683181 0.900000 0.014988 0.010500
1 0.400500 0.905625 0.025978 0.031500
1 0.053705 0.896563 0.014988 0.009750
1 0.481682 0.897500 0.026978 0.013500
1 0.218152 0.894687 0.015987 0.006750
1 0.978768 0.900937 0.022981 0.023250
1 0.437136 0.904375 0.053955 0.033000
1 0.241465 0.903125 0.065945 0.040500
1 0.118651 0.892188 0.014988 0.015750
1 0.650291 0.887500 0.017985 0.010500
1 0.451707 0.889062 0.032973 0.014250
1 0.383430 0.886875 0.012989 0.009000
1 0.751873 0.889062 0.035970 0.021750
1 0.467943 0.888125 0.029975 0.024000
1 0.087843 0.930312 0.170858 0.126750
1 0.478351 0.880938 0.018984 0.012750
1 0.388426 0.889687 0.024979 0.033750
1 0.460033 0.876563 0.022981 0.006750
1 0.679017 0.879375 0.016986 0.016500
1 0.666112 0.876875 0.009992 0.010500
1 0.432973 0.879375 0.017985 0.016500
1 0.201915 0.890000 0.058951 0.042000
1 0.013489 0.890000 0.026978 0.042000
1 0.563281 0.875625 0.008993 0.009000
1 0.109076 0.883437 0.027977 0.027750
1 0.760616 0.874687 0.008993 0.008250
1 0.749376 0.873125 0.013988 0.007500
1 0.077019 0.872812 0.008993 0.006750
1 0.537052 0.878750 0.047960 0.022500
1 0.093256 0.873750 0.019983 0.015000
1 0.498335 0.881563 0.042964 0.038250
1 0.352206 0.873125 0.021982 0.018000
1 0.141549 0.873437 0.021982 0.023250
1 0.573689 0.868750 0.025978 0.019500
1 0.397169 0.866875 0.039967 0.019500
1 0.126561 0.869062 0.017985 0.026250
1 0.609908 0.861250 0.016986 0.012000
1 0.530808 0.857500 0.010991 0.009000
1 0.411740 0.857187 0.012989 0.008250
1 0.363863 0.860938 0.039967 0.017250
1 0.388843 0.855625 0.035970 0.010500
1 0.598668 0.860938 0.021982 0.024750
1 0.440050 0.870313 0.092923 0.051750
1 0.413822 0.848750 0.023980 0.009000
1 0.141549 0.845000 0.013988 0.006000
1 0.436303 0.847187 0.011990 0.012750
1 0.044463 0.872188 0.088926 0.072750
1 0.169858 0.887813 0.129892 0.122250
1 0.409242 0.839063 0.012989 0.009750
1 0.435887 0.835313 0.014988 0.008250
1 0.696503 0.834063 0.012989 0.020250
1 0.284346 0.830937 0.024979 0.014250
1 0.266861 0.830000 0.016986 0.018000
1 0.649459 0.840625 0.069942 0.048000
1 0.258951 0.832812 0.047960 0.029250
1 0.608659 0.826250 0.011990 0.016500
1 0.542881 0.825000 0.009992 0.013500
1 0.473772 0.824688 0.023980 0.018750
1 0.339301 0.821250 0.016986 0.012000
1 0.479184 0.842187 0.086928 0.065250
1 0.031640 0.820937 0.019983 0.014250
1 0.098668 0.818438 0.014988 0.011250
1 0.007494 0.815000 0.014988 0.006000
1 0.487510 0.817187 0.012989 0.012750
1 0.423813 0.813750 0.019983 0.010500
1 0.524979 0.815000 0.032973 0.015000
1 0.182348 0.809688 0.013988 0.008250
1 0.623647 0.813438 0.027977 0.018750
1 0.800167 0.807500 0.011990 0.010500
1 0.641549 0.809688 0.026978 0.015750
1 0.461282 0.807813 0.015987 0.011250
1 0.541216 0.808750 0.017985 0.015000
1 0.475437 0.808125 0.021982 0.013500
1 0.440883 0.810937 0.022981 0.021750
1 0.006994 0.807500 0.013988 0.013500
1 0.643630 0.805000 0.015987 0.009000
1 0.740633 0.818125 0.088926 0.043500
1 0.554538 0.811562 0.017985 0.027750
1 0.087427 0.838125 0.119900 0.093000
1 0.757702 0.802813 0.011990 0.009750
1 0.823480 0.801875 0.025978 0.009000
1 0.159034 0.801562 0.015987 0.008250
1 0.670691 0.821250 0.046961 0.060000
1 0.571607 0.805625 0.020983 0.022500
1 0.432973 0.803438 0.027977 0.018750
1 0.352623 0.802500 0.038968 0.018000
1 0.561615 0.799063 0.010991 0.011250
1 0.290175 0.798125 0.014988 0.012000
1 0.476270 0.795937 0.009992 0.011250
1 0.072023 0.794063 0.016986 0.011250
1 0.171524 0.796562 0.017985 0.021750
1 0.330974 0.789062 0.012989 0.009750
1 0.278102 0.791562 0.027977 0.015750
1 0.886761 0.786563 0.015987 0.008250
1 0.084513 0.790000 0.014988 0.016500
1 0.575770 0.787500 0.024979 0.013500
1 0.141965 0.785937 0.016986 0.009750
1 0.012989 0.790937 0.025978 0.023250
1 0.156953 0.785625 0.016986 0.013500
1 0.833888 0.780625 0.014988 0.007500
1 0.507494 0.803125 0.066944 0.064500
1 0.161948 0.777500 0.012989 0.009000
1 0.065362 0.780625 0.020983 0.019500
1 0.338468 0.774687 0.020983 0.006750
1 0.355121 0.775312 0.016986 0.015750
1 0.184846 0.786563 0.041965 0.042750
1 0.488343 0.774687 0.024979 0.015750
1 0.650291 0.773438 0.033972 0.014250
1 0.765196 0.769375 0.015987 0.006000
1 0.518568 0.856750 1.000000 0.286500
1 0.019983 0.769687 0.039967 0.023250
1 0.535387 0.780625 0.085928 0.051000
1 0.649042 0.779375 0.074938 0.052500
1 0.453372 0.781250 0.066944 0.057000
1 0.479184 0.764375 0.022981 0.018000
1 0.655704 0.759375 0.012989 0.012000
1 0.348460 0.759375 0.010991 0.012000
1 0.748959 0.755938 0.012989 0.011250
1 0.615321 0.755313 0.011990 0.009750
1 0.333888 0.756250 0.019983 0.016500
1 0.800583 0.765312 0.040966 0.039750
1 0.641965 0.751250 0.017985 0.010500
1 0.466694 0.750313 0.014988 0.008250
1 0.902165 0.756250 0.018984 0.024000
1 0.242298 0.751875 0.027977 0.013500
1 0.758951 0.750313 0.012989 0.011250
1 0.512073 0.755938 0.049958 0.027750
1 0.500833 0.751875 0.020983 0.018000
1 0.482098 0.753125 0.017985 0.021000
1 0.460033 0.759687 0.050958 0.038250
1 0.494172 0.745313 0.010991 0.005250
1 0.734388 0.749687 0.019983 0.020250
1 0.334305 0.745938 0.006994 0.011250
1 0.616570 0.746875 0.032973 0.015000
1 0.342631 0.744687 0.010991 0.009750
1 0.093672 0.743750 0.012989 0.010500
1 0.450874 0.742500 0.006994 0.012000
1 0.441299 0.740938 0.011990 0.008250
1 0.773522 0.750625 0.031973 0.046500
1 0.490841 0.733437 0.014988 0.011250
1 0.225229 0.731875 0.014988 0.007500
1 0.206495 0.731250 0.009992 0.006000
1 0.892590 0.731563 0.015987 0.011250
1 0.524147 0.736563 0.044963 0.027750
1 0.478351 0.733750 0.024979 0.021000
1 0.563697 0.730625 0.015987 0.016500
1 0.092423 0.730938 0.011990 0.018750
1 0.545795 0.726562 0.020983 0.009750
1 0.355953 0.728437 0.016986 0.014250
1 0.572856 0.796562 0.155870 0.183750
1 0.689009 0.722812 0.012989 0.008250
1 0.013988 0.731875 0.027977 0.030000
1 0.360117 0.719375 0.010991 0.009000
1 0.631141 0.716250 0.017985 0.006000
1 0.893422 0.720000 0.033972 0.016500
1 0.614072 0.714063 0.010991 0.008250
1 0.880100 0.713125 0.011990 0.009000
1 0.382182 0.712187 0.011990 0.011250
1 0.505828 0.719688 0.034971 0.036750
1 0.515820 0.708750 0.016986 0.013500
1 0.340966 0.704063 0.012989 0.008250
1 0.907577 0.710000 0.041965 0.025500
1 0.875104 0.703438 0.009992 0.009750
1 0.604080 0.705625 0.020983 0.018000
1 0.595337 0.714063 0.045962 0.044250
1 0.565779 0.708438 0.048959 0.033750
1 0.445046 0.701875 0.020983 0.019500
1 0.476270 0.707500 0.045962 0.034500
1 0.322648 0.696250 0.020983 0.009000
1 0.596586 0.695000 0.010991 0.007500
1 0.534555 0.706875 0.031973 0.037500
1 0.299750 0.691562 0.009992 0.009750
1 0.253955 0.694688 0.013988 0.017250
1 0.923813 0.689063 0.012989 0.005250
1 0.994505 0.689688 0.010991 0.008250
1 0.917985 0.697500 0.028976 0.027000
1 0.490008 0.689375 0.014988 0.009000
1 0.267277 0.795937 0.493589 0.270750
1 0.236886 0.688125 0.020983 0.013500
1 0.649875 0.687813 0.008993 0.014250
1 0.257286 0.685000 0.019983 0.007500
1 0.813489 0.689063 0.029975 0.021750
1 0.348876 0.696250 0.063947 0.040500
1 0.577435 0.686562 0.018984 0.018750
1 0.309742 0.685625 0.013988 0.016500
1 0.369692 0.686562 0.033972 0.020250
1 0.029975 0.686875 0.013988 0.024000
1 0.182764 0.680625 0.008993 0.010500
1 0.481682 0.676250 0.016986 0.013500
1 0.568276 0.674375 0.014988 0.010500
1 0.953789 0.673750 0.010991 0.012000
1 0.631557 0.672813 0.012989 0.009750
1 0.059950 0.668750 0.013988 0.010500
1 0.995504 0.668125 0.008993 0.010500
1 0.278934 0.668125 0.013988 0.010500
1 0.525812 0.681250 0.092923 0.046500
1 0.674022 0.671250 0.056953 0.025500
1 0.391757 0.672813 0.046961 0.029250
1 0.533722 0.664687 0.017985 0.011250
1 0.550375 0.662500 0.009992 0.012000
1 0.858118 0.737500 0.283764 0.193500
1 0.711490 0.663750 0.024979 0.019500
1 0.372190 0.661250 0.015987 0.013500
1 0.350958 0.669687 0.064946 0.035250
1 0.153206 0.656563 0.013988 0.009750
1 0.972023 0.670000 0.055953 0.043500
1 0.859700 0.690000 0.142881 0.091500
1 0.392590 0.656563 0.010991 0.011250
1 0.673189 0.653125 0.010991 0.012000
1 0.241882 0.652500 0.024979 0.010500
1 0.644463 0.657500 0.045962 0.025500
1 0.387177 0.652500 0.015987 0.013500
1 0.609076 0.658750 0.036969 0.030000
1 0.948793 0.654062 0.022981 0.023250
1 0.934221 0.647813 0.029975 0.017250
1 0.990008 0.644375 0.019983 0.010500
1 0.909242 0.651250 0.041965 0.030000
1 0.685679 0.648438 0.028976 0.023250
1 0.194421 0.643750 0.018984 0.015000
1 0.340133 0.644687 0.028976 0.018750
1 0.121565 0.640938 0.025978 0.009750
1 0.800583 0.660625 0.064946 0.058500
1 0.532057 0.646875 0.045962 0.027000
1 0.800167 0.637500 0.009992 0.009000
1 0.443797 0.661250 0.081932 0.067500
1 0.211074 0.645312 0.024979 0.030750
1 0.310991 0.659375 0.080933 0.066000
1 0.692756 0.728750 0.233805 0.240000
1 0.915903 0.636250 0.037968 0.022500
1 0.509575 0.629062 0.019983 0.012750
1 0.427144 0.628125 0.009992 0.013500
1 0.791840 0.626875 0.011990 0.015000
1 0.483347 0.644375 0.068943 0.058500
1 0.345129 0.625000 0.016986 0.012000
1 0.809326 0.628437 0.031973 0.027750
1 0.709409 0.620625 0.015987 0.009000
1 0.714405 0.622812 0.033972 0.020250
1 0.136553 0.624687 0.043963 0.029250
1 0.448376 0.621875 0.042964 0.033000
1 0.034555 0.615625 0.014988 0.021000
1 0.320150 0.609375 0.014988 0.010500
1 0.095337 0.612812 0.034971 0.018750
1 0.529975 0.618125 0.042964 0.033000
1 0.131391 0.725000 0.262781 0.291000
1 0.110741 0.605938 0.015987 0.012750
1 0.448376 0.602812 0.016986 0.009750
1 0.745629 0.617812 0.080933 0.047250
1 0.828060 0.605313 0.042964 0.023250
1 0.402998 0.626250 0.043963 0.073500
1 0.911740 0.598437 0.007993 0.008250
1 0.993006 0.598437 0.013988 0.011250
1 0.442132 0.597187 0.017985 0.008250
1 0.459201 0.596875 0.010991 0.010500
1 0.345129 0.598750 0.012989 0.015000
1 0.120316 0.596875 0.012989 0.010500
1 0.385096 0.588750 0.012989 0.009000
1 0.680266 0.612187 0.051957 0.068250
1 0.644047 0.586875 0.008993 0.007500
1 0.709825 0.584688 0.012989 0.006750
1 0.348876 0.621875 0.097918 0.096000
1 0.193172 0.583438 0.009992 0.008250
1 0.333888 0.586875 0.009992 0.018000
1 0.308909 0.584063 0.011990 0.011250
1 0.963364 0.580000 0.017985 0.007500
1 0.735637 0.587187 0.042964 0.027750
1 0.358451 0.578750 0.016986 0.010500
1 0.340550 0.579688 0.011990 0.012750
1 0.181515 0.579375 0.017985 0.012000
1 0.373855 0.578438 0.011990 0.011250
1 0.841382 0.580000 0.036969 0.018000
1 0.600749 0.576250 0.010991 0.009000
1 0.947960 0.577812 0.008993 0.014250
1 0.760616 0.578750 0.010991 0.016500
1 0.169442 0.580000 0.014988 0.019500
1 0.739800 0.577812 0.028976 0.017250
1 0.694005 0.594063 0.066944 0.057750
1 0.626145 0.581562 0.037968 0.030750
1 0.197336 0.572500 0.011990 0.015000
1 0.134471 0.570000 0.014988 0.009000
1 0.132390 0.598125 0.071940 0.076500
1 0.111990 0.570312 0.016986 0.012750
1 0.902998 0.568125 0.016986 0.016500
1 0.403414 0.577187 0.052956 0.038250
1 0.687760 0.562813 0.021982 0.014250
1 0.292256 0.570937 0.053955 0.033750
1 0.995504 0.560000 0.008993 0.009000
1 0.933805 0.560000 0.016986 0.010500
1 0.981515 0.576562 0.036969 0.051750
1 0.892590 0.562813 0.023980 0.023250
1 0.216903 0.561562 0.028976 0.020250
1 0.388843 0.557813 0.015987 0.014250
1 0.911324 0.555625 0.018984 0.010500
1 0.962115 0.566250 0.042964 0.039000
1 0.408826 0.554688 0.009992 0.011250
1 0.290175 0.553438 0.012989 0.008250
1 0.203997 0.558438 0.015987 0.020250
1 0.437968 0.560937 0.045962 0.027750
1 0.474188 0.555312 0.014988 0.015750
1 0.418818 0.550312 0.011990 0.008250
1 0.589509 0.549687 0.013988 0.011250
1 0.845129 0.549687 0.007993 0.012750
1 0.220233 0.547813 0.016986 0.011250
1 0.813072 0.574375 0.068943 0.076500
1 0.274355 0.550000 0.034971 0.031500
1 0.221482 0.618125 0.293755 0.196500
1 0.331391 0.540000 0.009992 0.010500
1 0.706078 0.540625 0.017985 0.015000
1 0.273938 0.538750 0.017985 0.010500
1 0.249792 0.538438 0.017985 0.011250
1 0.161948 0.537188 0.016986 0.008250
1 0.996503 0.538750 0.006994 0.013500
1 0.209409 0.540937 0.030974 0.018750
1 0.829309 0.536563 0.017985 0.012750
1 0.933389 0.542813 0.023980 0.029250
1 0.726062 0.540000 0.027977 0.022500
1 0.106578 0.540625 0.021982 0.024000
1 0.972107 0.543438 0.048959 0.032250
1 0.800583 0.546562 0.054954 0.041250
1 0.945462 0.539375 0.030974 0.025500
1 0.713156 0.533750 0.030974 0.013500
1 0.108243 0.531250 0.019983 0.010500
1 0.580350 0.529062 0.009992 0.008250
1 0.936303 0.523125 0.018984 0.012000
1 0.711490 0.520625 0.008993 0.010500
1 0.816403 0.524375 0.026978 0.021000
1 0.056619 0.517188 0.025978 0.015750
1 0.070441 0.560937 0.140883 0.132750
1 0.992506 0.514375 0.014988 0.028500
1 0.594505 0.515312 0.031973 0.032250
1 0.039134 0.507188 0.021982 0.012750
1 0.808493 0.503125 0.033972 0.019500
1 0.931724 0.498750 0.015987 0.010500
1 0.024979 0.505938 0.039967 0.029250
1 0.765196 0.493125 0.015987 0.009000
1 0.887177 0.492188 0.012989 0.008250
1 0.037885 0.492500 0.012989 0.010500
1 0.680266 0.491875 0.015987 0.012000
1 0.723147 0.492188 0.024979 0.020250
1 0.765196 0.546562 0.123897 0.153750
1 0.685262 0.485000 0.011990 0.015000
1 0.658618 0.495937 0.045962 0.042750
1 0.748127 0.481563 0.030974 0.017250
1 0.644879 0.475938 0.018984 0.008250
1 0.663197 0.529062 0.174854 0.144750
1 0.590758 0.472187 0.022981 0.011250
1 0.948376 0.483750 0.069942 0.040500
1 0.855121 0.565312 0.289759 0.239250
1 0.761865 0.477187 0.025978 0.027750
1 0.411324 0.469375 0.025978 0.010500
1 0.695670 0.466562 0.014988 0.012750
1 0.803497 0.463750 0.007993 0.013500
1 0.466278 0.455937 0.015987 0.005250
1 0.784346 0.461250 0.031973 0.021000
1 0.557036 0.475313 0.045962 0.062250
1 0.801832 0.474375 0.075937 0.061500
1 0.566611 0.449062 0.014988 0.008250
1 0.612406 0.461875 0.056953 0.043500
1 0.786428 0.446875 0.008993 0.010500
1 0.915903 0.452813 0.025978 0.029250
1 0.990008 0.444063 0.019983 0.011250
1 0.967027 0.471875 0.065945 0.079500
1 0.935470 0.453437 0.048959 0.039750
1 0.675687 0.438125 0.020983 0.010500
1 0.962115 0.437812 0.012989 0.018750
1 0.449625 0.432188 0.011990 0.012750
1 0.948793 0.428125 0.016986 0.012000
1 0.944629 0.433125 0.030974 0.025500
1 0.589509 0.441250 0.043963 0.046500
1 0.738135 0.422812 0.010991 0.011250
1 0.728976 0.423438 0.012989 0.017250
1 0.963780 0.422500 0.020983 0.016500
1 0.640716 0.418438 0.006994 0.009750
1 0.530808 0.416250 0.010991 0.010500
1 0.902581 0.417500 0.039967 0.018000
1 0.674022 0.415312 0.008993 0.015750
1 0.583680 0.414062 0.011990 0.014250
1 0.763530 0.412813 0.009992 0.012750
1 0.650708 0.447500 0.124896 0.100500
1 0.480017 0.430312 0.108909 0.062250
1 0.907161 0.409687 0.018984 0.014250
1 0.693172 0.408750 0.020983 0.012000
1 0.877186 0.406875 0.008993 0.009000
1 0.815570 0.435625 0.082931 0.085500
1 0.534138 0.410938 0.034971 0.026250
1 0.005995 0.404687 0.011990 0.012750
1 0.970025 0.415312 0.059950 0.045750
1 0.928393 0.409375 0.051957 0.031500
1 0.557868 0.402813 0.025978 0.018750
1 0.820150 0.394062 0.019983 0.009750
1 0.530391 0.397188 0.025978 0.018750
1 0.695670 0.395313 0.020983 0.015750
1 0.961282 0.400625 0.044963 0.033000
1 0.961282 0.390937 0.014988 0.014250
1 0.793922 0.402500 0.040966 0.046500
1 0.553705 0.388437 0.013988 0.014250
1 0.705662 0.387188 0.014988 0.012750
1 0.399251 0.391562 0.028976 0.023250
1 0.989509 0.392188 0.020983 0.026250
1 0.482931 0.395937 0.103913 0.038250
1 0.886761 0.384062 0.019983 0.014250
1 0.894255 0.389062 0.067943 0.029250
1 0.426728 0.391875 0.034971 0.046500
1 0.069109 0.376875 0.033972 0.010500
1 0.783930 0.386562 0.046961 0.036750
1 0.862198 0.421250 0.164863 0.127500
1 0.791007 0.371875 0.023980 0.016500
1 0.923813 0.368437 0.012989 0.009750
1 0.865529 0.367188 0.016986 0.011250
1 0.842215 0.373750 0.024979 0.028500
1 0.851790 0.364063 0.011990 0.012750
1 0.976520 0.373437 0.046961 0.036750
1 0.918818 0.371250 0.032973 0.031500
1 0.707744 0.364375 0.015987 0.015000
1 0.499167 0.360938 0.008993 0.009750
1 0.583264 0.367812 0.036969 0.035250
1 0.889259 0.369063 0.047960 0.039750
1 0.770608 0.362500 0.040966 0.031500
1 0.818068 0.348125 0.012989 0.009000
1 0.986261 0.353438 0.022981 0.023250
1 0.707744 0.345000 0.011990 0.013500
1 0.828893 0.342813 0.010991 0.011250
1 0.995504 0.341562 0.008993 0.017250
1 0.312240 0.343125 0.015987 0.022500
1 0.977519 0.337187 0.021982 0.014250
1 0.665279 0.331875 0.009992 0.010500
1 0.931307 0.334375 0.020983 0.018000
1 0.012073 0.330000 0.016986 0.007500
1 0.940050 0.362187 0.101915 0.095250
1 0.992506 0.327188 0.011990 0.015750
1 0.917152 0.323125 0.016986 0.006000
1 0.007910 0.324375 0.012989 0.009000
1 0.773938 0.322813 0.010991 0.008250
1 0.932973 0.323750 0.020983 0.015000
1 0.450874 0.311875 0.006994 0.012000
1 0.787261 0.319063 0.036969 0.030750
1 0.387177 0.311250 0.021982 0.016500
1 0.940466 0.305000 0.018984 0.010500
1 0.870941 0.305625 0.017985 0.012000
1 0.644879 0.308125 0.018984 0.033000
1 0.495004 0.296563 0.012989 0.006750
1 0.043297 0.300000 0.011990 0.015000
1 0.815570 0.299375 0.020983 0.015000
1 0.649042 0.293125 0.012989 0.013500
1 0.295171 0.292812 0.014988 0.012750
1 0.638218 0.289687 0.006994 0.009750
1 0.283097 0.291563 0.015987 0.015750
1 0.480849 0.287500 0.012989 0.007500
1 0.075354 0.292187 0.024979 0.018750
1 0.449209 0.285313 0.020983 0.012750
1 0.898418 0.282813 0.015987 0.009750
1 0.231057 0.282187 0.014988 0.009750
1 0.468776 0.298125 0.045962 0.049500
1 0.765196 0.284062 0.037968 0.018750
1 0.961032 0.303125 0.077935 0.066000
1 0.589925 0.277500 0.014988 0.010500
1 0.469192 0.276875 0.012989 0.009000
1 0.620316 0.279687 0.023980 0.017250
1 0.949209 0.277813 0.029975 0.015750
1 0.796003 0.277500 0.023980 0.016500
1 0.240216 0.276250 0.014988 0.015000
1 0.400916 0.276875 0.014988 0.018000
1 0.799750 0.272500 0.016986 0.010500
1 0.813489 0.269688 0.009992 0.012750
1 0.221066 0.268125 0.020983 0.015000
1 0.592423 0.269375 0.038968 0.019500
1 0.283097 0.267188 0.023980 0.014250
1 0.733972 0.265625 0.010991 0.012000
1 0.322231 0.263750 0.011990 0.009000
1 0.975520 0.270937 0.048959 0.036750
1 0.453372 0.265313 0.032973 0.023250
1 0.016486 0.276562 0.032973 0.051750
1 0.806411 0.260000 0.020983 0.015000
1 0.660283 0.266875 0.049958 0.033000
1 0.985012 0.258750 0.027977 0.015000
1 0.238968 0.253750 0.011990 0.006000
1 0.780600 0.268437 0.040966 0.042750
1 0.991007 0.254375 0.017985 0.015000
1 0.967527 0.251563 0.019983 0.009750
1 0.614072 0.254063 0.016986 0.015750
1 0.251457 0.250312 0.019983 0.006750
1 0.360117 0.250625 0.006994 0.012000
1 0.458368 0.247188 0.012989 0.006750
1 0.735221 0.254688 0.037968 0.026250
1 0.200666 0.248125 0.011990 0.012000
1 0.978018 0.245625 0.043963 0.013500
1 0.016486 0.250312 0.032973 0.030750
1 0.991507 0.238125 0.016986 0.009000
1 0.449625 0.245312 0.059950 0.029250
1 0.811407 0.238125 0.014988 0.013500
1 0.649459 0.234375 0.021982 0.015000
1 0.853872 0.234687 0.024979 0.018750
1 0.812240 0.229063 0.014988 0.005250
1 0.865112 0.225938 0.011990 0.011250
1 0.121982 0.224688 0.016986 0.011250
1 0.658201 0.222812 0.012989 0.009750
1 0.599500 0.223438 0.023980 0.012750
1 0.089092 0.262813 0.173855 0.108750
1 0.157785 0.221250 0.012989 0.013500
1 0.262698 0.225000 0.038968 0.028500
1 0.254788 0.216250 0.011990 0.009000
1 0.701499 0.217500 0.008993 0.013500
1 0.299750 0.224062 0.053955 0.030750
1 0.835970 0.242812 0.061948 0.080250
1 0.274771 0.217188 0.017985 0.020250
1 0.777269 0.213438 0.014988 0.012750
1 0.111990 0.215312 0.016986 0.018750
1 0.984180 0.217812 0.023980 0.026250
1 0.288093 0.211250 0.019983 0.010500
1 0.723147 0.207813 0.014988 0.008250
1 0.134888 0.212188 0.039967 0.018750
1 0.273938 0.204375 0.011990 0.009000
1 0.946045 0.220625 0.107910 0.049500
1 0.629059 0.238437 0.070941 0.092250
1 0.853455 0.204063 0.019983 0.011250
1 0.954205 0.202187 0.007993 0.011250
1 0.461699 0.203125 0.012989 0.015000
1 0.957952 0.210000 0.026978 0.033000
1 0.825562 0.199063 0.014988 0.009750
1 0.711907 0.199375 0.011990 0.010500
1 0.258951 0.240937 0.141882 0.116250
1 0.472939 0.192188 0.013988 0.011250
1 0.903830 0.188750 0.012989 0.006000
1 0.563281 0.188750 0.010991 0.013500
1 0.980017 0.195312 0.039967 0.039750
1 0.390924 0.181875 0.008993 0.010500
1 0.669858 0.181250 0.020983 0.012000
1 0.960866 0.182812 0.035970 0.029250
1 0.941299 0.175000 0.010991 0.012000
1 0.986511 0.180625 0.026978 0.027000
1 0.254788 0.174687 0.013988 0.012750
1 0.958784 0.169063 0.012989 0.008250
1 0.279767 0.177500 0.047960 0.028500
1 0.038968 0.190312 0.077935 0.059250
1 0.904246 0.169375 0.017985 0.010500
1 0.948793 0.168750 0.008993 0.012000
1 0.807244 0.168125 0.016986 0.010500
1 0.661532 0.175000 0.016986 0.027000
1 0.674022 0.166563 0.012989 0.012750
1 0.779351 0.167500 0.015987 0.018000
1 0.285595 0.163438 0.011990 0.008250
1 0.360533 0.163438 0.009992 0.009750
1 0.959617 0.160625 0.012989 0.009000
1 0.075354 0.171875 0.048959 0.036000
1 0.026228 0.164687 0.046961 0.027750
1 0.915487 0.160625 0.024979 0.021000
1 0.061199 0.162812 0.030974 0.027750
1 0.809159 0.313750 0.381682 0.393000
1 0.338052 0.215000 0.235803 0.156000
1 0.375520 0.155000 0.031973 0.016500
1 0.338052 0.151250 0.021982 0.015000
1 0.063697 0.146250 0.020983 0.009000
1 0.584513 0.144687 0.013988 0.006750
1 0.899667 0.145000 0.030974 0.009000
1 0.376353 0.145000 0.009992 0.012000
1 0.978518 0.156875 0.042964 0.043500
1 0.943797 0.173750 0.094921 0.085500
1 0.784346 0.149062 0.041965 0.032250
1 0.553705 0.140625 0.011990 0.015000
1 0.392590 0.160000 0.062948 0.067500
1 0.985845 0.136875 0.025978 0.013500
1 0.793922 0.135313 0.032973 0.012750
1 0.564530 0.142813 0.031973 0.030750
1 0.967943 0.133125 0.014988 0.010500
1 0.815154 0.136563 0.025978 0.020250
1 0.090758 0.131875 0.009992 0.012000
1 0.957119 0.127500 0.010991 0.012000
1 0.573272 0.129688 0.012989 0.018750
1 0.919650 0.124063 0.014988 0.011250
1 0.061199 0.122188 0.020983 0.012750
1 0.961282 0.117500 0.006994 0.015000
1 0.468360 0.120000 0.022981 0.025500
1 0.825562 0.112812 0.018984 0.014250
1 0.859700 0.163438 0.168859 0.137250
1 0.487094 0.112187 0.015987 0.017250
1 0.115737 0.107188 0.017985 0.009750
1 0.803497 0.114687 0.033972 0.033750
1 0.519983 0.104688 0.024979 0.012750
1 0.995504 0.102813 0.008993 0.009750
1 0.079101 0.109687 0.027977 0.032250
1 0.875937 0.109063 0.049958 0.033750
1 0.070774 0.099062 0.011990 0.011250
1 0.565779 0.096875 0.018984 0.009000
1 0.082015 0.092813 0.018984 0.008250
1 0.437635 0.390000 0.875271 0.723000
1 0.967111 0.090625 0.012989 0.007500
1 0.934638 0.119063 0.106911 0.078750
1 0.104080 0.098750 0.043963 0.030000
1 0.545379 0.105000 0.073938 0.049500
1 0.575770 0.086250 0.014988 0.015000
1 0.781848 0.084062 0.021982 0.011250
1 0.378018 0.084375 0.021982 0.015000
1 0.067444 0.079062 0.021982 0.009750
1 0.828476 0.089688 0.027977 0.036750
1 0.607410 0.076875 0.012989 0.007500
1 0.725645 0.076250 0.016986 0.013500
1 0.624480 0.074688 0.013988 0.014250
1 0.776853 0.070625 0.017985 0.006000
1 0.936303 0.070938 0.006994 0.009750
1 0.373855 0.072500 0.033972 0.015000
1 0.635304 0.070312 0.017985 0.014250
1 0.717735 0.073750 0.039967 0.024000
1 0.972523 0.093438 0.054954 0.074250
1 0.909659 0.096875 0.114904 0.091500
1 0.071607 0.060937 0.009992 0.008250
1 0.155287 0.060625 0.010991 0.009000
1 0.853872 0.082187 0.054954 0.062250
1 0.140716 0.060937 0.015987 0.011250
1 0.899667 0.062812 0.018984 0.017250
1 0.666944 0.059062 0.017985 0.009750
1 0.921732 0.061250 0.047960 0.016500
1 0.825562 0.059062 0.010991 0.015750
1 0.687760 0.062187 0.063947 0.024750
1 0.964613 0.057188 0.010991 0.014250
1 0.873855 0.054688 0.020983 0.009750
1 0.758535 0.054688 0.009992 0.011250
1 0.981266 0.053437 0.010991 0.009750
1 0.229392 0.049063 0.022981 0.009750
1 0.975853 0.049688 0.009992 0.015750
1 0.726062 0.054688 0.035970 0.029250
1 0.956286 0.047813 0.032973 0.023250
1 0.796836 0.071250 0.079933 0.079500
1 0.934221 0.048438 0.043963 0.027750
1 0.065779 0.051875 0.045962 0.036000
1 0.162781 0.039062 0.022981 0.009750
1 0.008993 0.038125 0.017985 0.010500
1 0.841799 0.036562 0.025978 0.011250
1 0.221482 0.033750 0.017985 0.010500
1 0.064530 0.031875 0.010991 0.010500
1 0.350958 0.032813 0.020983 0.014250
1 0.206078 0.033750 0.022981 0.019500
1 0.640716 0.034063 0.038968 0.023250
1 0.363447 0.028438 0.008993 0.011250
1 0.962948 0.031250 0.032973 0.028500
1 0.591174 0.028438 0.029975 0.024750
1 0.654455 0.021562 0.011990 0.011250
1 0.931724 0.020625 0.021982 0.012000
1 0.518734 0.017500 0.017985 0.009000
1 0.960450 0.016563 0.010991 0.008250
1 0.599917 0.015625 0.008993 0.010500
1 0.462948 0.014375 0.011990 0.009000
1 0.619067 0.032500 0.072939 0.054000
1 0.334721 0.018437 0.043963 0.023250
1 0.174438 0.017812 0.062948 0.027750
1 0.656953 0.012812 0.023980 0.018750
1 0.509159 0.009062 0.010991 0.009750
1 0.243131 0.013750 0.047960 0.022500
1 0.978018 0.043125 0.043963 0.086250
1 0.771690 0.106875 0.456619 0.213750
1 0.757702 0.012750 0.029975 0.025500
1 0.671524 0.011250 0.026978 0.022500
1 0.646128 0.004500 0.013988 0.009000
1 0.512073 0.005250 0.019983 0.010500
1 0.328893 0.011250 0.029975 0.022500
1 0.279351 0.004125 0.012989 0.008250
1 0.216070 0.017625 0.034971 0.035250
1 0.204413 0.003000 0.016986 0.006000
1 0.151957 0.004875 0.010991 0.009750
1 0.516570 0.142875 1.000000 0.285750
1 0.102914 0.053625 0.205828 0.107250
