1 0.536875 0.972023 0.042000 0.055953
1 0.494375 0.959617 0.034500 0.074938
1 0.609062 0.935470 0.041250 0.054954
1 0.459688 0.908410 0.038250 0.059950
1 0.659687 0.905495 0.032250 0.066944
1 0.575625 0.864280 0.031500 0.061948
1 0.473750 0.857202 0.036000 0.064946
1 0.525625 0.879684 0.085500 0.122898
1 0.635312 0.820983 0.029250 0.015987
1 0.437500 0.830558 0.033000 0.066944
1 0.551875 0.820150 0.040500 0.055953
1 0.702812 0.816403 0.039750 0.054954
1 0.606875 0.839301 0.037500 0.121898
1 0.634687 0.801415 0.024750 0.038968
1 0.461250 0.803081 0.043500 0.060949
1 0.581875 0.782265 0.027000 0.066944
1 0.650937 0.796003 0.063750 0.119900
1 0.606875 0.763114 0.042000 0.056953
1 0.520938 0.730225 0.039750 0.045962
1 0.547813 0.748959 0.062250 0.098918
1 0.497500 0.697336 0.016500 0.012989
1 0.675937 0.711074 0.053250 0.047960
1 0.636875 0.713988 0.037500 0.072939
1 0.608750 0.712323 0.033000 0.068943
1 0.544687 0.684430 0.044250 0.047960
1 0.617812 0.666528 0.041250 0.030974
1 0.665937 0.671524 0.042750 0.046961
1 0.585938 0.663614 0.032250 0.033972
1 0.504062 0.670691 0.038250 0.062948
1 0.540937 0.651957 0.012750 0.019983
1 0.400313 0.651540 0.017250 0.024979
1 0.384688 0.646128 0.050250 0.045962
1 0.449375 0.640300 0.051000 0.051957
1 0.629687 0.632806 0.039750 0.039967
1 0.659375 0.640716 0.051000 0.066944
1 0.490938 0.639051 0.033750 0.062948
1 0.691250 0.629475 0.031500 0.047960
1 0.535937 0.629892 0.036750 0.064946
1 0.690312 0.602415 0.008250 0.014988
1 0.630000 0.591590 0.018000 0.016986
1 0.695937 0.587843 0.029250 0.019983
1 0.605000 0.587011 0.019500 0.025978
1 0.718750 0.604080 0.033000 0.068943
1 0.485938 0.595754 0.042750 0.052956
1 0.584375 0.581182 0.024000 0.029975
1 0.429063 0.595337 0.072750 0.063947
1 0.519687 0.574938 0.045750 0.046961
1 0.656250 0.575770 0.051000 0.056953
1 0.614375 0.565362 0.033000 0.045962
1 0.676875 0.549126 0.021000 0.024979
1 0.672813 0.544130 0.011250 0.014988
1 0.441563 0.545379 0.024750 0.019983
1 0.704375 0.558701 0.030000 0.053955
1 0.474687 0.542048 0.008250 0.013988
1 0.676250 0.534971 0.018000 0.008993
1 0.465313 0.540799 0.012750 0.022981
1 0.544687 0.535387 0.009750 0.011990
1 0.633750 0.539967 0.024000 0.024979
1 0.468438 0.546211 0.047250 0.055953
1 0.590625 0.581182 0.112500 0.187843
1 0.463750 0.518318 0.076500 0.038968
1 0.655937 0.521232 0.026250 0.049958
1 0.404062 0.534971 0.065250 0.082931
1 0.676875 0.516236 0.057000 0.041965
1 0.517500 0.527061 0.048000 0.075937
1 0.466250 0.497502 0.009000 0.018984
1 0.514687 0.492090 0.039750 0.023980
1 0.548750 0.507494 0.037500 0.068943
1 0.578750 0.500416 0.033000 0.069942
1 0.611563 0.506245 0.053250 0.099917
1 0.642500 0.487510 0.028500 0.056953
1 0.703438 0.488759 0.036750 0.063947
1 0.664062 0.460866 0.020250 0.008993
1 0.663125 0.479184 0.039000 0.054954
1 0.376563 0.482098 0.027750 0.069942
1 0.478125 0.455454 0.009000 0.013988
1 0.602812 0.446711 0.032250 0.028976
1 0.563750 0.452956 0.057000 0.073938
1 0.525625 0.440050 0.030000 0.054954
1 0.454688 0.461282 0.135750 0.107910
1 0.789687 0.420483 0.011250 0.011990
1 0.576875 0.416736 0.025500 0.014988
1 0.536875 0.422565 0.009000 0.030974
1 0.649062 0.436303 0.075750 0.073938
1 0.607500 0.422148 0.036000 0.039967
1 0.520000 0.412157 0.028500 0.019983
1 0.639687 0.405912 0.015750 0.006994
1 0.535937 0.399251 0.006750 0.012989
1 0.491875 0.398418 0.012000 0.012989
1 0.399062 0.409659 0.053250 0.045962
1 0.504375 0.397169 0.016500 0.031973
1 0.520000 0.386761 0.019500 0.010991
1 0.555000 0.407577 0.028500 0.062948
1 0.589375 0.400916 0.049500 0.064946
1 0.780000 0.396753 0.036000 0.056953
1 0.513750 0.373022 0.006000 0.015987
1 0.627188 0.380516 0.041250 0.039967
1 0.429063 0.380933 0.053250 0.058951
1 0.470938 0.399667 0.080250 0.109908
1 0.499375 0.350125 0.016500 0.008993
1 0.545312 0.362198 0.023250 0.053955
1 0.624375 0.336803 0.034500 0.024979
1 0.516563 0.344713 0.023250 0.045962
1 0.582500 0.345962 0.060000 0.070941
1 0.538750 0.330974 0.016500 0.034971
1 0.665312 0.338468 0.035250 0.060949
1 0.452188 0.337635 0.057750 0.076936
1 0.413125 0.319734 0.049500 0.039967
1 0.495625 0.323480 0.048000 0.050958
1 0.673438 0.302664 0.008250 0.014988
1 0.634062 0.324729 0.057750 0.089925
1 0.408750 0.278518 0.049500 0.046961
1 0.550000 0.288926 0.024000 0.087927
1 0.525937 0.286428 0.033750 0.087927
1 0.617188 0.276436 0.032250 0.065945
1 0.490000 0.274355 0.033000 0.060949
1 0.457188 0.276020 0.030750 0.066944
1 0.668438 0.273106 0.030750 0.067943
1 0.426250 0.246045 0.045000 0.042964
1 0.581562 0.262281 0.053250 0.105912
1 0.647813 0.243131 0.033750 0.067943
1 0.502188 0.236886 0.033750 0.072939
1 0.693438 0.220233 0.044250 0.040966
1 0.531563 0.224396 0.036750 0.060949
1 0.617500 0.214821 0.030000 0.059950
1 0.444688 0.203164 0.027750 0.061948
1 0.673750 0.198585 0.036000 0.054954
1 0.417187 0.180683 0.008250 0.017985
1 0.503750 0.181099 0.049500 0.040966
1 0.640625 0.187344 0.042000 0.057952
1 0.419063 0.184013 0.032250 0.065945
1 0.587187 0.178185 0.044250 0.053955
1 0.466250 0.192756 0.037500 0.128893
1 0.537813 0.163614 0.033750 0.064946
1 0.443125 0.120316 0.018000 0.032973
1 0.418750 0.129892 0.040500 0.057952
1 0.505000 0.124063 0.049500 0.045962
1 0.591562 0.122398 0.048750 0.043963
1 0.553750 0.110741 0.037500 0.055953
1 0.632812 0.106994 0.032250 0.070941
1 0.446562 0.109492 0.045750 0.106911
1 0.578125 0.068693 0.027000 0.066944
1 0.617500 0.067860 0.033000 0.066944
