1 0.761250 0.740216 0.040500 0.063947
1 0.813125 0.726478 0.061500 0.048959
1 0.700313 0.723564 0.053250 0.041965
1 0.733125 0.695670 0.055500 0.042964
1 0.690625 0.687344 0.054000 0.038968
1 0.552813 0.696087 0.033750 0.067943
1 0.846875 0.684430 0.061500 0.045962
1 0.537813 0.636553 0.033750 0.064946
1 0.441250 0.628643 0.051000 0.047960
1 0.575000 0.623231 0.052500 0.046961
1 0.766875 0.654871 0.082500 0.134888
1 0.739062 0.589925 0.036750 0.068943
1 0.780312 0.579933 0.045750 0.052956
1 0.846250 0.575770 0.055500 0.046961
1 0.508437 0.552873 0.009750 0.011990
1 0.399375 0.569109 0.043500 0.052956
1 0.614375 0.570358 0.037500 0.065945
1 0.573438 0.562864 0.074250 0.083930
1 0.682187 0.557036 0.087750 0.109908
1 0.640312 0.531640 0.036750 0.066944
1 0.849063 0.500833 0.053250 0.048959
1 0.316250 0.502498 0.043500 0.054954
1 0.298438 0.465029 0.035250 0.050958
1 0.750313 0.470025 0.036750 0.064946
1 0.737187 0.493339 0.176250 0.192839
1 0.277500 0.421316 0.046500 0.043963
1 0.239063 0.430475 0.095250 0.067943
1 0.572187 0.395087 0.008250 0.016986
1 0.600000 0.648293 1.000000 0.703414
1 0.520312 0.391341 0.044250 0.033972
1 0.800937 0.400916 0.038250 0.068943
1 0.585625 0.394255 0.040500 0.064946
1 0.714063 0.383847 0.051750 0.059950
1 0.566562 0.425062 0.155250 0.276769
1 0.376875 0.487510 0.466500 0.426644
1 0.485938 0.349709 0.048750 0.111907
1 0.243125 0.314738 0.036000 0.069942
1 0.278750 0.289759 0.052500 0.043963
1 0.624062 0.368859 0.164250 0.279767
1 0.432188 0.304330 0.095250 0.138884
1 0.519375 0.281432 0.082500 0.099917
1 0.246562 0.250208 0.048750 0.040966
1 0.380312 0.248127 0.050250 0.043963
1 0.769687 0.231890 0.005250 0.012989
1 0.560937 0.236886 0.056250 0.046961
1 0.303438 0.235221 0.035250 0.070941
1 0.353125 0.258951 0.081000 0.159867
1 0.425312 0.218568 0.072750 0.070941
1 0.225312 0.198585 0.048750 0.044963
1 0.264688 0.204829 0.033750 0.061948
1 0.381563 0.184846 0.083250 0.075937
1 0.267500 0.147377 0.051000 0.051957
1 0.234375 0.147794 0.046500 0.060949
1 0.341562 0.140300 0.092250 0.116903
1 0.526563 0.089092 0.044250 0.065945
1 0.857125 0.126395 0.285750 0.252789
1 0.074250 0.146878 0.148500 0.293755
