1 0.522656 0.917188 0.022500 0.023750
1 0.499609 0.826042 0.019688 0.030000
1 0.518359 0.820312 0.019688 0.028750
1 0.485547 0.809896 0.014063 0.031250
1 0.491016 0.791146 0.038437 0.036250
1 0.637891 0.771354 0.023438 0.026250
1 0.545312 0.748958 0.020625 0.025000
1 0.541406 0.773438 0.082500 0.093750
1 0.584766 0.746354 0.015938 0.031250
1 0.504297 0.732292 0.025312 0.022500
1 0.574609 0.718750 0.029062 0.030000
1 0.516797 0.689063 0.012188 0.031250
1 0.457031 0.681771 0.020625 0.026250
1 0.892656 0.760625 0.214688 0.478750
1 0.696875 0.596875 0.016875 0.027500
1 0.638672 0.594792 0.019688 0.022500
1 0.546484 0.566667 0.021562 0.020000
1 0.589844 0.564583 0.015000 0.030000
1 0.482031 0.657292 0.148125 0.262500
1 0.697656 0.550000 0.022500 0.022500
1 0.610156 0.547917 0.022500 0.017500
1 0.563672 0.569271 0.047812 0.081250
1 0.641797 0.531250 0.021562 0.027500
1 0.595313 0.629167 0.221250 0.267500
1 0.682813 0.519792 0.026250 0.020000
1 0.537891 0.518229 0.025312 0.028750
1 0.617578 0.494271 0.057188 0.048750
1 0.670703 0.473958 0.025312 0.022500
1 0.650781 0.486979 0.028125 0.083750
1 0.627734 0.462500 0.017813 0.030000
1 0.761406 0.223750 0.477187 0.447500
1 0.312500 0.600000 0.485625 1.000000
