1 0.962500 0.959500 0.075000 0.081000
1 0.700000 0.958000 0.096000 0.084000
1 0.986500 0.897500 0.027000 0.042000
1 0.826250 0.872500 0.279000 0.216000
1 0.580000 0.761250 0.156000 0.111000
1 0.812500 0.721250 0.375000 0.399000
1 0.593750 0.595000 0.159000 0.108000
1 0.872500 0.608750 0.096000 0.159000
1 0.781250 0.442500 0.051000 0.030000
1 0.565000 0.350000 0.180000 0.114000
1 0.890500 0.372500 0.219000 0.180000
1 0.735000 0.400000 0.372000 0.414000
1 0.802500 0.257500 0.108000 0.162000
1 0.378000 0.592500 0.756000 1.000000
