1 0.543750 0.784346 0.048000 0.035970
1 0.789687 0.788926 0.035250 0.048959
1 0.755313 0.779351 0.044250 0.037968
1 0.687187 0.776436 0.030750 0.062948
1 0.597500 0.770608 0.031500 0.062948
1 0.624062 0.756037 0.030750 0.031973
1 0.661563 0.766028 0.029250 0.059950
1 0.709375 0.762698 0.036000 0.053955
1 0.810000 0.759367 0.073500 0.059950
1 0.433750 0.751457 0.033000 0.058951
1 0.756875 0.741049 0.018000 0.045962
1 0.513125 0.746878 0.063000 0.073938
1 0.615000 0.730225 0.046500 0.045962
1 0.778438 0.728143 0.039750 0.044963
1 0.743125 0.733555 0.063000 0.063947
1 0.698438 0.722731 0.045750 0.041965
1 0.670937 0.712323 0.023250 0.042964
1 0.615313 0.689842 0.018750 0.020983
1 0.657188 0.689842 0.014250 0.022981
1 0.613125 0.684846 0.012000 0.010991
1 0.645625 0.695254 0.013500 0.043963
1 0.647188 0.711490 0.035250 0.084929
1 0.475625 0.708576 0.049500 0.081932
1 0.517813 0.678185 0.017250 0.010991
1 0.848125 0.802165 0.303750 0.395670
1 0.590938 0.690258 0.012750 0.047960
1 0.562500 0.715237 0.085500 0.107910
1 0.578438 0.683597 0.014250 0.037968
1 0.814063 0.689009 0.036750 0.058951
1 0.773125 0.682764 0.030000 0.057952
1 0.667500 0.666112 0.013500 0.017985
1 0.447188 0.678601 0.033750 0.065945
1 0.313750 0.667777 0.045000 0.041965
1 0.662188 0.669858 0.021750 0.050958
1 0.626875 0.661116 0.024000 0.029975
1 0.523438 0.680683 0.063750 0.082931
1 0.559375 0.651540 0.019500 0.018984
1 0.603437 0.641549 0.011250 0.006994
1 0.580313 0.647794 0.021750 0.027977
1 0.740313 0.664446 0.038250 0.075937
1 0.706250 0.669026 0.043500 0.086928
1 0.794375 0.646128 0.042000 0.047960
1 0.687813 0.660699 0.047250 0.084929
1 0.645625 0.635720 0.030000 0.024979
1 0.614062 0.634055 0.011250 0.020983
1 0.605938 0.629475 0.017250 0.013988
1 0.750938 0.643214 0.039750 0.052956
1 0.335000 0.641132 0.039000 0.059950
1 0.467500 0.639883 0.079500 0.060949
1 0.835313 0.636553 0.032250 0.054954
1 0.260937 0.629475 0.044250 0.043963
1 0.720938 0.616570 0.033750 0.022981
1 0.588750 0.619900 0.015000 0.034971
1 0.298750 0.621982 0.043500 0.049958
1 0.684688 0.610741 0.045750 0.032973
1 0.870000 0.611157 0.046500 0.035970
1 0.435312 0.613655 0.042750 0.045962
1 0.668750 0.606994 0.010500 0.031973
1 0.540937 0.616153 0.053250 0.063947
1 0.726875 0.595754 0.028500 0.024979
1 0.502812 0.608243 0.032250 0.056953
1 0.601875 0.591590 0.012000 0.022981
1 0.664687 0.585346 0.014250 0.023980
1 0.635625 0.589509 0.069000 0.035970
1 0.584375 0.584929 0.025500 0.040966
1 0.465938 0.584097 0.047250 0.042964
1 0.754687 0.585346 0.032250 0.047960
1 0.796875 0.587427 0.040500 0.054954
1 0.835000 0.588260 0.031500 0.060949
1 0.555625 0.601998 0.043500 0.093922
1 0.228437 0.581599 0.050250 0.046961
1 0.286562 0.578684 0.090750 0.045962
1 0.879687 0.566611 0.048750 0.044963
1 0.504062 0.559950 0.042750 0.046961
1 0.429063 0.562448 0.036750 0.054954
1 0.665937 0.554538 0.027750 0.045962
1 0.564688 0.549542 0.050250 0.043963
1 0.748750 0.564946 0.109500 0.092923
1 0.629375 0.554122 0.069000 0.068943
1 0.380312 0.564113 0.063750 0.096919
1 0.856563 0.540383 0.050250 0.043963
1 0.508437 0.529559 0.017250 0.021982
1 0.397500 0.540799 0.042000 0.048959
1 0.674063 0.525396 0.008250 0.017985
1 0.297187 0.539550 0.036750 0.051957
1 0.731563 0.534971 0.045750 0.042964
1 0.333437 0.534138 0.042750 0.048959
1 0.544687 0.527477 0.057750 0.050958
1 0.217812 0.528726 0.044250 0.059950
1 0.462813 0.536636 0.054750 0.080933
1 0.800312 0.522065 0.035250 0.055953
1 0.506875 0.505828 0.018000 0.022981
1 0.486875 0.519151 0.039000 0.062948
1 0.750938 0.506245 0.024750 0.035970
1 0.540312 0.507077 0.032250 0.037968
1 0.658750 0.509575 0.027000 0.051957
1 0.772188 0.500000 0.026250 0.034971
1 0.305000 0.500416 0.045000 0.037968
1 0.701250 0.537885 0.067500 0.145878
1 0.527188 0.495004 0.029250 0.042964
1 0.545625 0.477935 0.015000 0.029975
1 0.510000 0.473772 0.009000 0.019983
1 0.470938 0.475437 0.008250 0.027977
1 0.419375 0.481266 0.048000 0.043963
1 0.800937 0.477935 0.042750 0.041965
1 0.744687 0.474188 0.050250 0.042964
1 0.453437 0.477935 0.020250 0.053955
1 0.485000 0.470858 0.033000 0.040966
1 0.696562 0.466278 0.045750 0.041965
1 0.516563 0.451707 0.021750 0.022981
1 0.561250 0.445462 0.006000 0.015987
1 0.614688 0.500000 0.078750 0.168859
1 0.580937 0.486261 0.077250 0.137885
1 0.790625 0.450042 0.030000 0.056953
1 0.421250 0.445046 0.051000 0.048959
1 0.256875 0.448376 0.037500 0.060949
1 0.528125 0.445878 0.028500 0.060949
1 0.525937 0.423813 0.014250 0.015987
1 0.478750 0.435054 0.054000 0.044963
1 0.574688 0.431307 0.021750 0.059950
1 0.985000 0.426311 0.030000 0.061948
1 0.570312 0.400500 0.020250 0.009992
1 0.510000 0.396336 0.013500 0.011990
1 0.342813 0.449209 0.131250 0.168859
1 0.474062 0.407993 0.078750 0.075937
1 0.595938 0.396753 0.039750 0.052956
1 0.284687 0.388010 0.048750 0.043963
1 0.428750 0.397585 0.033000 0.070941
1 0.538125 0.384263 0.049500 0.042964
1 0.514062 0.358035 0.050250 0.045962
1 0.355312 0.346794 0.042750 0.050958
1 0.679063 0.312240 0.045750 0.049958
1 0.540000 0.522565 1.000000 1.000000
