1 0.408750 0.659867 0.027000 0.018984
1 0.487187 0.663614 0.017250 0.033972
1 0.502500 0.658201 0.015000 0.028976
1 0.349062 0.636137 0.020250 0.029975
1 0.559688 0.623647 0.021750 0.029975
1 0.550312 0.599917 0.023250 0.026978
1 0.358125 0.597002 0.018000 0.035970
1 0.592187 0.585762 0.026250 0.018984
1 0.573125 0.583264 0.019500 0.062948
1 0.552500 0.568693 0.025500 0.027977
1 0.259062 0.560366 0.024750 0.021982
1 0.289062 0.570358 0.045750 0.055953
1 0.592812 0.554538 0.042750 0.041965
1 0.518750 0.536220 0.025500 0.023980
1 0.352187 0.533722 0.021750 0.027977
1 0.242812 0.532889 0.027750 0.025978
1 0.328437 0.532057 0.041250 0.053955
1 0.507500 0.514571 0.028500 0.023980
1 0.301250 0.512906 0.024000 0.025978
1 0.531563 0.512906 0.039750 0.041965
1 0.238750 0.504163 0.024000 0.032973
1 0.501875 0.497086 0.027000 0.019983
1 0.275625 0.515404 0.052500 0.071940
1 0.662500 0.492506 0.018000 0.032973
1 0.261875 0.463364 0.021000 0.032973
1 0.320625 0.469609 0.102000 0.091923
1 0.278750 0.432140 0.027000 0.023980
1 0.457813 0.553289 0.273750 0.324729
1 0.495625 0.413405 0.028500 0.024979
1 0.317812 0.413405 0.024750 0.026978
1 0.513375 0.637802 1.000000 0.724396
