1 0.148376 0.955375 0.296753 0.089250
1 0.946045 0.774062 0.107910 0.203250
1 0.790175 0.672813 0.053955 0.023250
1 0.853039 0.674375 0.040966 0.036000
1 0.638634 0.672813 0.033972 0.041250
1 0.904663 0.659687 0.060949 0.027750
1 0.524979 0.645625 0.050958 0.024000
1 0.935470 0.630938 0.058951 0.027750
1 0.659867 0.626875 0.050958 0.031500
1 0.854288 0.621563 0.085928 0.075750
1 0.749376 0.594375 0.043963 0.025500
1 0.699417 0.592500 0.037968 0.036000
1 0.658618 0.592812 0.075937 0.039750
1 0.432556 0.589375 0.032973 0.034500
1 0.823897 0.589375 0.036969 0.037500
1 0.863863 0.578750 0.044963 0.027000
1 0.448376 0.565312 0.022981 0.008250
1 0.928809 0.568750 0.050958 0.027000
1 0.397585 0.577500 0.058951 0.054000
1 0.773522 0.576875 0.067943 0.058500
1 0.809326 0.557813 0.053955 0.021750
1 0.331391 0.555000 0.089925 0.034500
1 0.505412 0.547500 0.027977 0.019500
1 0.614904 0.556562 0.094921 0.044250
1 0.539134 0.596562 0.232806 0.155250
1 0.601582 0.531563 0.054954 0.024750
1 0.925479 0.527500 0.050958 0.027000
1 0.502914 0.525312 0.029975 0.021750
1 0.310158 0.528438 0.068943 0.036750
1 0.529142 0.518125 0.026978 0.015000
1 0.818901 0.533750 0.174854 0.094500
1 0.374271 0.503750 0.032973 0.036000
1 0.714821 0.497188 0.034971 0.033750
1 0.342631 0.493437 0.032973 0.038250
1 0.376769 0.477187 0.048959 0.023250
1 0.874271 0.479063 0.035970 0.035250
1 0.791840 0.478750 0.045962 0.036000
1 0.573272 0.476562 0.042964 0.035250
1 0.474604 0.444375 0.045962 0.024000
1 0.402581 0.446562 0.032973 0.036750
1 0.332639 0.436875 0.042964 0.021000
1 0.355953 0.445312 0.060949 0.057750
1 0.740216 0.480625 0.071940 0.150000
1 0.655704 0.495937 0.200833 0.209250
1 0.463364 0.489375 0.308743 0.211500
1 0.343464 0.410625 0.040966 0.028500
1 0.477102 0.413438 0.075937 0.039750
1 0.374271 0.406562 0.044963 0.026250
1 0.454621 0.387500 0.055953 0.042000
1 0.611574 0.351562 0.038968 0.032250
1 0.324313 0.313437 0.030974 0.032250
1 0.600000 0.412125 1.000000 0.824250
