1 0.727500 0.772500 0.108000 0.150000
1 0.610000 0.732500 0.054000 0.066000
1 0.593750 0.675000 0.033000 0.066000
1 0.508750 0.667500 0.039000 0.048000
1 0.566250 0.647500 0.057000 0.078000
1 0.980500 0.643750 0.039000 0.087000
1 0.446250 0.623750 0.045000 0.081000
1 0.532500 0.608750 0.126000 0.081000
1 0.720000 0.582500 0.096000 0.066000
1 0.453750 0.560000 0.039000 0.048000
1 0.600000 0.547500 0.042000 0.054000
1 0.498750 0.525000 0.063000 0.066000
1 0.588750 0.503750 0.033000 0.039000
1 0.417500 0.517500 0.072000 0.114000
1 0.347500 0.467500 0.078000 0.108000
1 0.703750 0.532500 0.237000 0.294000
1 0.602500 0.293750 0.072000 0.087000
1 0.985000 0.222500 0.030000 0.048000
1 0.715000 0.230000 0.186000 0.108000
1 0.837500 0.202500 0.054000 0.066000
1 0.726250 0.167500 0.039000 0.042000
1 0.898750 0.171250 0.069000 0.081000
1 0.908750 0.027000 0.105000 0.054000
1 0.781000 0.223500 0.438000 0.447000
1 0.668500 0.358500 0.663000 0.717000
