1 0.433750 0.982000 0.063000 0.036000
1 0.885000 0.979000 0.030000 0.042000
1 0.758750 0.976000 0.057000 0.048000
1 0.405000 0.962500 0.042000 0.030000
1 0.240000 0.968500 0.090000 0.063000
1 0.917500 0.966250 0.042000 0.051000
1 0.652500 0.952500 0.066000 0.030000
1 0.166250 0.958000 0.093000 0.084000
1 0.850000 0.946250 0.048000 0.045000
1 0.798750 0.923750 0.051000 0.063000
1 0.512500 0.938500 0.054000 0.123000
1 0.905000 0.915000 0.042000 0.048000
1 0.845000 0.908750 0.036000 0.045000
1 0.577500 0.912500 0.078000 0.054000
1 0.245000 0.931250 0.120000 0.099000
1 0.070500 0.934000 0.141000 0.132000
1 0.365000 0.923750 0.096000 0.099000
1 0.435000 0.926250 0.084000 0.117000
1 0.175000 0.901250 0.072000 0.063000
1 0.165000 0.885000 0.030000 0.042000
1 0.877500 0.886250 0.036000 0.057000
1 0.948750 0.870000 0.045000 0.042000
1 0.735000 0.863750 0.084000 0.039000
1 0.195000 0.867500 0.066000 0.048000
1 0.458750 0.850000 0.039000 0.036000
1 0.857500 0.845000 0.042000 0.048000
1 0.762500 0.838750 0.048000 0.045000
1 0.535000 0.831250 0.108000 0.045000
1 0.717500 0.827500 0.042000 0.042000
1 0.828750 0.820000 0.057000 0.030000
1 0.610000 0.830000 0.048000 0.054000
1 0.411250 0.823750 0.045000 0.045000
1 0.941250 0.823750 0.057000 0.069000
1 0.857500 0.800000 0.036000 0.030000
1 0.791250 0.805000 0.027000 0.042000
1 0.282500 0.800000 0.054000 0.030000
1 0.738750 0.805000 0.039000 0.048000
1 0.201250 0.813750 0.063000 0.069000
1 0.247500 0.826250 0.048000 0.105000
1 0.090000 0.851250 0.180000 0.165000
1 0.390000 0.792500 0.084000 0.060000
1 0.476250 0.793750 0.057000 0.075000
1 0.944500 0.788750 0.111000 0.069000
1 0.681250 0.807500 0.081000 0.126000
1 0.348750 0.765000 0.039000 0.024000
1 0.352500 0.822500 0.192000 0.162000
1 0.801250 0.761250 0.033000 0.027000
1 0.158750 0.802500 0.147000 0.126000
1 0.021000 0.767500 0.042000 0.048000
1 0.115000 0.751250 0.036000 0.027000
1 0.632500 0.758750 0.030000 0.051000
1 0.256250 0.766250 0.069000 0.069000
1 0.328750 0.738750 0.051000 0.033000
1 0.202500 0.741250 0.084000 0.039000
1 0.583750 0.750000 0.039000 0.066000
1 0.822500 0.737500 0.036000 0.042000
1 0.283750 0.733750 0.057000 0.045000
1 0.645000 0.720000 0.054000 0.030000
1 0.732500 0.727500 0.030000 0.054000
1 0.388750 0.733750 0.063000 0.093000
1 0.973750 0.700000 0.051000 0.042000
1 0.783750 0.703750 0.045000 0.051000
1 0.851250 0.715000 0.099000 0.084000
1 0.916250 0.713750 0.033000 0.087000
1 0.607500 0.687500 0.030000 0.024000
1 0.883750 0.695000 0.045000 0.048000
1 0.655000 0.686250 0.048000 0.033000
1 0.403750 0.685000 0.069000 0.036000
1 0.088750 0.680000 0.045000 0.030000
1 0.322500 0.668750 0.054000 0.033000
1 0.099000 0.711250 0.198000 0.159000
1 0.795000 0.653750 0.060000 0.063000
1 0.471250 0.662500 0.069000 0.090000
1 0.250000 0.666250 0.210000 0.147000
1 0.102500 0.635000 0.048000 0.072000
1 0.417500 0.625000 0.036000 0.054000
1 0.537500 0.612500 0.060000 0.048000
1 0.052500 0.616250 0.084000 0.087000
1 0.976000 0.592500 0.048000 0.036000
1 0.300000 0.583750 0.078000 0.033000
1 0.961250 0.573750 0.045000 0.027000
1 0.166250 0.593750 0.213000 0.117000
1 0.313750 0.556250 0.033000 0.033000
1 0.351250 0.508750 0.045000 0.033000
1 0.286250 0.533750 0.135000 0.093000
1 0.183750 0.498750 0.045000 0.063000
1 0.227500 0.502500 0.078000 0.102000
1 0.313750 0.460000 0.075000 0.066000
1 0.090000 0.495000 0.180000 0.150000
1 0.030000 0.455000 0.060000 0.078000
1 0.156250 0.433750 0.069000 0.087000
1 0.076250 0.402500 0.099000 0.060000
1 0.018000 0.371250 0.036000 0.063000
1 0.045000 0.308750 0.090000 0.081000
1 0.030000 0.266250 0.060000 0.057000
1 0.072500 0.248750 0.036000 0.033000
1 0.132500 0.240000 0.090000 0.072000
1 0.053750 0.230000 0.063000 0.048000
1 0.888750 0.182500 0.051000 0.060000
1 0.950500 0.162500 0.099000 0.054000
1 0.043500 0.180000 0.087000 0.096000
1 0.192500 0.157500 0.078000 0.054000
1 0.806250 0.162500 0.117000 0.072000
1 0.120000 0.167500 0.078000 0.084000
1 0.200000 0.136250 0.024000 0.033000
1 0.080000 0.122500 0.030000 0.042000
1 0.230000 0.120000 0.060000 0.072000
1 0.280000 0.102500 0.060000 0.042000
1 0.200000 0.095000 0.036000 0.036000
1 0.115000 0.100000 0.036000 0.048000
1 0.362500 0.098750 0.048000 0.069000
1 0.147500 0.095000 0.036000 0.072000
1 0.576000 0.351250 1.000000 0.699000
1 0.832500 0.082500 0.090000 0.060000
1 0.902500 0.096250 0.195000 0.099000
1 0.049500 0.088750 0.099000 0.129000
1 0.547500 0.046250 0.036000 0.033000
1 0.151250 0.042500 0.057000 0.036000
1 0.092500 0.047500 0.048000 0.048000
1 0.726250 0.030000 0.051000 0.036000
1 0.221250 0.048000 0.135000 0.096000
1 0.915000 0.024000 0.030000 0.048000
1 0.178750 0.034500 0.051000 0.069000
1 0.073750 0.018000 0.069000 0.036000
