1 0.639687 0.853872 0.042750 0.050958
1 0.600313 0.850541 0.032250 0.062948
1 0.562187 0.818901 0.026250 0.060949
1 0.689375 0.789759 0.040500 0.044963
1 0.607812 0.777269 0.065250 0.114904
1 0.725938 0.745212 0.027750 0.059950
1 0.646250 0.741049 0.025500 0.055953
1 0.545937 0.750624 0.074250 0.096919
1 0.619687 0.714405 0.027750 0.057952
1 0.636875 0.671107 0.031500 0.053955
1 0.576875 0.651540 0.036000 0.034971
1 0.740313 0.659034 0.029250 0.054954
1 0.603125 0.656120 0.042000 0.091923
1 0.058500 0.765695 0.117000 0.468609
1 0.452500 0.628226 0.036000 0.048959
1 0.504062 0.604496 0.045750 0.037968
1 0.550312 0.606994 0.024750 0.055953
1 0.674687 0.666112 0.105750 0.219817
1 0.695937 0.584097 0.044250 0.038968
1 0.527813 0.574938 0.041250 0.092923
1 0.418750 0.508743 0.022500 0.057952
1 0.538750 0.502082 0.052500 0.105912
1 0.554688 0.472523 0.033750 0.046961
1 0.668125 0.470441 0.040500 0.053955
1 0.500938 0.423397 0.006750 0.014988
1 0.466875 0.411324 0.010500 0.009992
1 0.457500 0.397169 0.006000 0.017985
1 0.464687 0.487510 0.138750 0.274771
1 0.509687 0.383847 0.018750 0.035970
1 0.421563 0.379267 0.036750 0.034971
1 0.637500 0.495004 0.195000 0.318734
1 0.450000 0.371357 0.007500 0.021982
1 0.413125 0.354704 0.040500 0.035970
1 0.420312 0.325978 0.035250 0.028976
1 0.708438 0.320150 0.024750 0.050958
1 0.565937 0.289342 0.026250 0.044963
1 0.466875 0.260616 0.036000 0.035970
1 0.400000 0.272273 0.040500 0.079933
1 0.488438 0.237719 0.029250 0.042964
1 0.525000 0.232306 0.028500 0.045962
1 0.459688 0.223564 0.033750 0.040966
1 0.509375 0.327644 0.268500 0.300749
1 0.603125 0.221482 0.048000 0.047960
1 0.491563 0.199833 0.032250 0.033972
1 0.520312 0.198168 0.035250 0.031973
1 0.547500 0.175687 0.024000 0.049958
1 0.502500 0.168193 0.021000 0.045962
1 0.528125 0.158618 0.024000 0.046961
1 0.598750 0.059534 0.033000 0.028976
1 0.941500 0.234305 0.117000 0.468609
