1 0.960313 0.996503 0.014250 0.006994
1 0.293438 0.995004 0.009750 0.009992
1 0.261875 0.995004 0.016500 0.007993
1 0.055938 0.994505 0.008250 0.010991
1 0.992125 0.993505 0.015750 0.012989
1 0.938438 0.993505 0.011250 0.012989
1 0.827187 0.992506 0.009750 0.014988
1 0.405938 0.992090 0.012750 0.014988
1 0.389688 0.989509 0.011250 0.020983
1 0.123750 0.985012 0.010500 0.011990
1 0.971562 0.987011 0.021750 0.025978
1 0.327813 0.987011 0.033750 0.025978
1 0.295938 0.984180 0.012750 0.013988
1 0.113125 0.984180 0.009000 0.013988
1 0.996625 0.982931 0.006750 0.014988
1 0.218438 0.986678 0.011250 0.023980
1 0.010500 0.986012 0.021000 0.027977
1 0.100625 0.982931 0.016500 0.016986
1 0.188438 0.984013 0.021750 0.031973
1 0.560937 0.980017 0.009750 0.017985
1 0.294375 0.973356 0.009000 0.009992
1 0.737500 0.972523 0.012000 0.011990
1 0.687500 0.972107 0.007500 0.014988
1 0.310312 0.975853 0.026250 0.023980
1 0.880625 0.969192 0.022500 0.009992
1 0.662813 0.973356 0.027750 0.021982
1 0.537188 0.968360 0.012750 0.011990
1 0.244375 0.978018 0.052500 0.043963
1 0.076250 0.968776 0.012000 0.012989
1 0.009687 0.968360 0.011250 0.011990
1 0.679375 0.968360 0.010500 0.013988
1 0.252500 0.971690 0.016500 0.021982
1 0.854688 0.967943 0.014250 0.014988
1 0.718125 0.970441 0.022500 0.020983
1 0.607187 0.973356 0.063750 0.029975
1 0.839063 0.967111 0.009750 0.016986
1 0.806250 0.965029 0.013500 0.013988
1 0.724688 0.964613 0.014250 0.014988
1 0.416563 0.965445 0.006750 0.016986
1 0.086875 0.976270 0.043500 0.042964
1 0.903750 0.960866 0.009000 0.009992
1 0.662500 0.961699 0.012000 0.011990
1 0.073750 0.959201 0.012000 0.011990
1 0.679375 0.957952 0.012000 0.010991
1 0.815312 0.963780 0.023250 0.026978
1 0.891250 0.959617 0.019500 0.018984
1 0.317188 0.958368 0.009750 0.017985
1 0.094375 0.958368 0.012000 0.017985
1 0.009687 0.957952 0.011250 0.016986
1 0.750000 0.960033 0.021000 0.023980
1 0.665312 0.955870 0.012750 0.013988
1 0.975938 0.957535 0.011250 0.021982
1 0.851562 0.955870 0.008250 0.017985
1 0.354375 0.954205 0.015000 0.013988
1 0.615313 0.954205 0.006750 0.015987
1 0.352187 0.968027 0.077250 0.063947
1 0.928750 0.949625 0.010500 0.010991
1 0.871875 0.955037 0.022500 0.023980
1 0.833438 0.954205 0.018750 0.021982
1 0.321875 0.952123 0.007500 0.016986
1 0.201875 0.951707 0.012000 0.015987
1 0.796875 0.950042 0.009000 0.015987
1 0.806250 0.948793 0.012000 0.014988
1 0.279687 0.950458 0.009750 0.018984
1 0.573438 0.958784 0.026250 0.042964
1 0.283750 0.967111 0.055500 0.064946
1 0.736563 0.949209 0.009750 0.025978
1 0.314063 0.946295 0.024750 0.020983
1 0.705000 0.958368 0.027000 0.051957
1 0.912500 0.941299 0.010500 0.012989
1 0.905937 0.951707 0.045750 0.043963
1 0.040000 0.938801 0.007500 0.012989
1 0.782188 0.952540 0.027750 0.047960
1 0.767188 0.955037 0.017250 0.053955
1 0.707500 0.939217 0.007500 0.015987
1 0.935937 0.937968 0.009750 0.014988
1 0.244688 0.951291 0.060750 0.046961
1 0.204375 0.959034 0.039000 0.081932
1 0.056875 0.961282 0.048000 0.070941
1 0.336250 0.937552 0.018000 0.015987
1 0.195000 0.942132 0.010500 0.028976
1 0.945625 0.933805 0.006000 0.010991
1 0.923438 0.937136 0.020250 0.018984
1 0.460000 0.937136 0.006000 0.018984
1 0.376875 0.957952 0.060000 0.070941
1 0.218125 0.937968 0.025500 0.024979
1 0.286875 0.934221 0.012000 0.017985
1 0.554688 0.953789 0.048750 0.066944
1 0.296875 0.932973 0.007500 0.018984
1 0.719688 0.941715 0.032250 0.041965
1 0.306875 0.934221 0.018000 0.023980
1 0.877188 0.928809 0.009750 0.012989
1 0.320000 0.929226 0.013500 0.015987
1 0.160312 0.930475 0.006750 0.018984
1 0.865625 0.938801 0.057000 0.040966
1 0.838125 0.931724 0.012000 0.023980
1 0.152500 0.924230 0.007500 0.009992
1 0.904375 0.926311 0.013500 0.016986
1 0.717500 0.922565 0.010500 0.009992
1 0.694688 0.935887 0.018750 0.043963
1 0.672188 0.926311 0.014250 0.020983
1 0.136250 0.950541 0.094500 0.098918
1 0.028875 0.950541 0.057750 0.098918
1 0.683438 0.931307 0.014250 0.034971
1 0.293750 0.922565 0.013500 0.013988
1 0.385313 0.936719 0.027750 0.049958
1 0.760312 0.919650 0.009750 0.010991
1 0.740625 0.930475 0.046500 0.042964
1 0.810312 0.917152 0.012750 0.012989
1 0.168750 0.917985 0.007500 0.014988
1 0.471250 0.929642 0.024000 0.046961
1 0.866563 0.912573 0.011250 0.011990
1 0.680625 0.917985 0.015000 0.024979
1 0.929688 0.918401 0.027750 0.027977
1 0.740938 0.910908 0.008250 0.013988
1 0.623437 0.906744 0.012750 0.009992
1 0.663438 0.907577 0.012750 0.013988
1 0.843437 0.914654 0.029250 0.032973
1 0.857500 0.910075 0.006000 0.023980
1 0.697187 0.908410 0.008250 0.019983
1 0.977500 0.916320 0.031500 0.040966
1 0.914375 0.908410 0.018000 0.021982
1 0.771875 0.910491 0.016500 0.028976
1 0.712187 0.904246 0.009750 0.013988
1 0.005250 0.903414 0.010500 0.011990
1 0.880000 0.904246 0.010500 0.015987
1 0.783125 0.913405 0.015000 0.037968
1 0.706875 0.913405 0.016500 0.037968
1 0.226562 0.920483 0.071250 0.056953
1 0.408438 0.939217 0.036750 0.103913
1 0.932500 0.904246 0.009000 0.021982
1 0.670000 0.903414 0.009000 0.019983
1 0.950937 0.917985 0.038250 0.058951
1 0.899062 0.907577 0.023250 0.033972
1 0.738750 0.899667 0.007500 0.014988
1 0.612500 0.905912 0.018000 0.029975
1 0.626250 0.896753 0.013500 0.009992
1 0.455625 0.902165 0.024000 0.024979
1 0.759375 0.902165 0.019500 0.026978
1 0.949375 0.898418 0.007500 0.019983
1 0.915000 0.894671 0.015000 0.010991
1 0.393437 0.899667 0.009750 0.022981
1 0.006375 0.893838 0.012750 0.008993
1 0.986250 0.893838 0.015000 0.010991
1 0.695312 0.893422 0.012750 0.009992
1 0.234375 0.899251 0.012000 0.025978
1 0.896250 0.896753 0.007500 0.021982
1 0.833750 0.892590 0.016500 0.011990
1 0.658750 0.894255 0.009000 0.015987
1 0.844688 0.893838 0.011250 0.016986
1 0.812187 0.893838 0.012750 0.016986
1 0.747812 0.894671 0.014250 0.022981
1 0.994375 0.896336 0.011250 0.032973
1 0.865938 0.895504 0.017250 0.030974
1 0.874687 0.887594 0.008250 0.013988
1 0.820312 0.897169 0.012750 0.036969
1 0.068750 0.885928 0.009000 0.009992
1 0.904375 0.887594 0.012000 0.015987
1 0.950625 0.883847 0.007500 0.008993
1 0.403125 0.888010 0.019500 0.018984
1 0.836875 0.882598 0.019500 0.009992
1 0.680625 0.892173 0.019500 0.034971
1 0.888750 0.888843 0.010500 0.028976
1 0.807813 0.914654 0.069750 0.090924
1 0.641250 0.891757 0.018000 0.035970
1 0.071875 0.917152 0.060000 0.098918
1 0.606563 0.892173 0.041250 0.040966
1 0.771250 0.879267 0.012000 0.011990
1 0.819688 0.879267 0.015750 0.013988
1 0.007500 0.880516 0.015000 0.018984
1 0.655625 0.879684 0.018000 0.020983
1 0.023125 0.877602 0.019500 0.019983
1 0.963125 0.880516 0.018000 0.028976
1 0.670625 0.880933 0.024000 0.031973
1 0.935625 0.881765 0.034500 0.041965
1 0.721250 0.870941 0.013500 0.015987
1 0.954688 0.871357 0.009750 0.018984
1 0.696250 0.873855 0.024000 0.024979
1 0.368125 0.870525 0.022500 0.018984
1 0.798750 0.868027 0.012000 0.016986
1 0.656875 0.867610 0.015000 0.017985
1 0.901250 0.865529 0.012000 0.014988
1 0.325625 0.878851 0.028500 0.046961
1 0.211250 0.885096 0.085500 0.061948
1 0.031250 0.897585 0.054000 0.093922
1 0.981625 0.877186 0.036750 0.046961
1 0.780312 0.869692 0.030750 0.028976
1 0.920312 0.868027 0.029250 0.026978
1 0.669375 0.861366 0.018000 0.010991
1 0.201563 0.865529 0.024750 0.020983
1 0.069375 0.865112 0.010500 0.019983
1 0.047500 0.868443 0.016500 0.027977
1 0.996250 0.859284 0.007500 0.009992
1 0.122188 0.861366 0.008250 0.014988
1 0.808438 0.868859 0.017250 0.034971
1 0.973437 0.858451 0.014250 0.011990
1 0.941562 0.858451 0.023250 0.011990
1 0.626875 0.870108 0.042000 0.041965
1 0.497812 0.856370 0.011250 0.008993
1 0.918125 0.855537 0.016500 0.010991
1 0.881563 0.866778 0.047250 0.037968
1 0.824688 0.861366 0.024750 0.024979
1 0.955313 0.858868 0.020250 0.020983
1 0.019062 0.860949 0.035250 0.025978
1 0.748750 0.857619 0.013500 0.019983
1 0.604688 0.858451 0.017250 0.021982
1 0.291563 0.860533 0.017250 0.026978
1 0.892500 0.856786 0.015000 0.019983
1 0.602187 0.852206 0.009750 0.008993
1 0.777500 0.854704 0.015000 0.016986
1 0.685625 0.860117 0.019500 0.031973
1 0.623125 0.850541 0.006000 0.012989
1 0.950000 0.849292 0.016500 0.011990
1 0.252188 0.872190 0.027750 0.066944
1 0.911875 0.848043 0.013500 0.010991
1 0.864062 0.852623 0.011250 0.021982
1 0.016250 0.846794 0.010500 0.009992
1 0.889375 0.845545 0.010500 0.012989
1 0.992500 0.843880 0.015000 0.012989
1 0.794375 0.849709 0.025500 0.026978
1 0.741250 0.882182 0.067500 0.104913
1 0.897813 0.842631 0.008250 0.011990
1 0.674063 0.846794 0.018750 0.021982
1 0.186250 0.860949 0.042000 0.055953
1 0.008250 0.841799 0.016500 0.009992
1 0.778438 0.840966 0.011250 0.009992
1 0.655625 0.848043 0.028500 0.026978
1 0.043750 0.843047 0.009000 0.014988
1 0.928125 0.846794 0.010500 0.025978
1 0.870313 0.841382 0.005250 0.012989
1 0.285313 0.841382 0.014250 0.012989
1 0.059375 0.838052 0.012000 0.008993
1 0.055313 0.854704 0.021750 0.048959
1 0.847500 0.868859 0.025500 0.086928
1 0.914062 0.838052 0.008250 0.014988
1 0.688750 0.837635 0.010500 0.017985
1 0.638125 0.845545 0.031500 0.036969
1 0.974375 0.835554 0.010500 0.016986
1 0.797813 0.831807 0.017250 0.011990
1 0.781563 0.833056 0.014250 0.014988
1 0.748437 0.834721 0.015750 0.020983
1 0.649687 0.833472 0.018750 0.017985
1 0.030312 0.839717 0.023250 0.032973
1 0.943125 0.830974 0.013500 0.013988
1 0.909375 0.831391 0.009000 0.014988
1 0.865938 0.827644 0.014250 0.009992
1 0.853437 0.829309 0.014250 0.013988
1 0.048750 0.829309 0.018000 0.013988
1 0.826562 0.837635 0.030750 0.037968
1 0.715313 0.841799 0.044250 0.047960
1 0.524062 0.828060 0.009750 0.014988
1 0.008625 0.828060 0.017250 0.014988
1 0.924375 0.828893 0.018000 0.018984
1 0.088438 0.859700 0.059250 0.092923
1 0.764687 0.831807 0.018750 0.029975
1 0.082500 0.826811 0.013500 0.017985
1 0.023438 0.826811 0.014250 0.017985
1 0.129688 0.825978 0.018750 0.021982
1 0.625938 0.823480 0.009750 0.017985
1 0.822187 0.817236 0.011250 0.006994
1 0.637500 0.818068 0.015000 0.012989
1 0.740000 0.815987 0.012000 0.009992
1 0.197187 0.818485 0.011250 0.015987
1 0.575625 0.840133 0.054000 0.069942
1 0.975625 0.818068 0.010500 0.018984
1 0.790312 0.816819 0.030750 0.019983
1 0.027500 0.814321 0.006000 0.015987
1 0.021250 0.811407 0.007500 0.012989
1 0.837187 0.808909 0.008250 0.012989
1 0.138750 0.816819 0.033000 0.031973
1 0.706250 0.808909 0.010500 0.014988
1 0.732187 0.817652 0.027750 0.041965
1 0.679063 0.802664 0.011250 0.009992
1 0.938125 0.802248 0.009000 0.012989
1 0.692813 0.808493 0.024750 0.027977
1 0.602187 0.824313 0.054750 0.065945
1 0.255937 0.810158 0.009750 0.031973
1 0.783125 0.804330 0.021000 0.019983
1 0.185625 0.800583 0.007500 0.010991
1 0.879062 0.803497 0.015750 0.019983
1 0.671250 0.812656 0.034500 0.041965
1 0.725625 0.799334 0.015000 0.011990
1 0.985375 0.821399 0.029250 0.068943
1 0.810312 0.807244 0.020250 0.034971
1 0.947187 0.818068 0.054750 0.062948
1 0.845625 0.817236 0.045000 0.060949
1 0.498750 0.796836 0.019500 0.011990
1 0.216562 0.796836 0.012750 0.015987
1 0.050313 0.796420 0.011250 0.014988
1 0.015750 0.806411 0.031500 0.038968
1 0.891563 0.799750 0.011250 0.024979
1 0.830937 0.798501 0.024750 0.021982
1 0.628750 0.796836 0.019500 0.017985
1 0.799063 0.798501 0.015750 0.023980
1 0.756563 0.805162 0.042750 0.041965
1 0.772813 0.794754 0.011250 0.020983
1 0.733750 0.791840 0.012000 0.015987
1 0.663125 0.789759 0.007500 0.010991
1 0.181562 0.796420 0.011250 0.026978
1 0.699688 0.792673 0.008250 0.023980
1 0.671250 0.791424 0.010500 0.020983
1 0.600625 0.789342 0.012000 0.015987
1 0.890938 0.786844 0.011250 0.011990
1 0.681562 0.788093 0.011250 0.014988
1 0.902813 0.812240 0.063750 0.074938
1 0.818438 0.789342 0.009750 0.019983
1 0.800625 0.786844 0.009000 0.013988
1 0.614688 0.796836 0.021750 0.037968
1 0.995500 0.786012 0.009000 0.013988
1 0.868125 0.802248 0.030000 0.052956
1 0.882500 0.790175 0.007500 0.029975
1 0.261562 0.786428 0.009750 0.020983
1 0.009375 0.790175 0.018750 0.031973
1 0.808750 0.783930 0.012000 0.018984
1 0.757500 0.782681 0.009000 0.015987
1 0.774375 0.779767 0.010500 0.010991
1 0.741563 0.780183 0.008250 0.011990
1 0.578438 0.792256 0.017250 0.042964
1 0.850625 0.782681 0.018000 0.021982
1 0.982500 0.782681 0.021000 0.023980
1 0.604688 0.775187 0.014250 0.011990
1 0.824688 0.781016 0.014250 0.027977
1 0.171875 0.778934 0.013500 0.022981
1 0.643437 0.795587 0.035250 0.066944
1 0.975000 0.776020 0.012000 0.023980
1 0.958750 0.788926 0.036000 0.054954
1 0.796562 0.773522 0.014250 0.021982
1 0.207187 0.771857 0.020250 0.019983
1 0.079062 0.768943 0.011250 0.012989
1 0.030937 0.768943 0.012750 0.012989
1 0.888437 0.769359 0.020250 0.015987
1 0.719375 0.776436 0.021000 0.032973
1 0.787188 0.766028 0.011250 0.013988
1 0.909687 0.768110 0.018750 0.020983
1 0.808750 0.766445 0.015000 0.018984
1 0.700313 0.769775 0.023250 0.030974
1 0.676875 0.772273 0.022500 0.036969
1 0.566250 0.777685 0.025500 0.051957
1 0.593750 0.760200 0.012000 0.015987
1 0.796562 0.758118 0.017250 0.012989
1 0.846875 0.762281 0.012000 0.024979
1 0.982812 0.757702 0.005250 0.015987
1 0.826562 0.758118 0.008250 0.016986
1 0.211250 0.756869 0.007500 0.013988
1 0.618125 0.762698 0.042000 0.031973
1 0.586875 0.774771 0.021000 0.062948
1 0.732187 0.758951 0.020250 0.028976
1 0.555625 0.758951 0.033000 0.028976
1 0.760000 0.761449 0.049500 0.040966
1 0.643750 0.755620 0.019500 0.026978
1 0.694375 0.748543 0.013500 0.013988
1 0.578125 0.748127 0.013500 0.012989
1 0.939375 0.747710 0.007500 0.013988
1 0.882188 0.754788 0.023250 0.030974
1 0.540000 0.764779 0.036000 0.054954
1 0.604688 0.747710 0.009750 0.015987
1 0.569063 0.744380 0.011250 0.007993
1 0.549063 0.742714 0.011250 0.005995
1 0.834375 0.763947 0.022500 0.058951
1 0.760938 0.741882 0.008250 0.007993
1 0.614375 0.744796 0.015000 0.014988
1 0.143625 0.855620 0.287250 0.288759
1 0.992500 0.753122 0.015000 0.038968
1 0.862500 0.756453 0.022500 0.046961
1 0.935937 0.769359 0.044250 0.079933
1 0.590313 0.743547 0.017250 0.017985
1 0.712812 0.745629 0.024750 0.024979
1 0.670312 0.751457 0.044250 0.038968
1 0.111875 0.738551 0.009000 0.009992
1 0.772188 0.738551 0.012750 0.011990
1 0.073125 0.741465 0.012000 0.020983
1 0.809375 0.751041 0.036000 0.045962
1 0.573750 0.736886 0.018000 0.011990
1 0.438750 0.737302 0.012000 0.012989
1 0.976250 0.740216 0.013500 0.021982
1 0.631250 0.741049 0.028500 0.025978
1 0.782188 0.744380 0.014250 0.037968
1 0.990938 0.738135 0.015750 0.026978
1 0.506875 0.733972 0.007500 0.016986
1 0.730625 0.733555 0.028500 0.017985
1 0.158750 0.732723 0.015000 0.017985
1 0.067500 0.736053 0.013500 0.025978
1 0.962187 0.740633 0.027750 0.038968
1 0.761250 0.729808 0.010500 0.012989
1 0.612500 0.731474 0.015000 0.018984
1 0.522813 0.741465 0.038250 0.042964
1 0.170000 0.750624 0.112500 0.064946
1 0.211250 0.729392 0.007500 0.017985
1 0.799687 0.728560 0.032250 0.021982
1 0.750938 0.730641 0.014250 0.026978
1 0.783438 0.725229 0.006750 0.015987
1 0.120625 0.722315 0.010500 0.008993
1 0.075000 0.723980 0.010500 0.012989
1 0.895938 0.739384 0.056250 0.053955
1 0.935625 0.731474 0.037500 0.040966
1 0.711875 0.723980 0.009000 0.022981
1 0.920000 0.717319 0.010500 0.010991
1 0.556562 0.726478 0.018750 0.032973
1 0.972187 0.718152 0.015750 0.014988
1 0.068125 0.746045 0.097500 0.081932
1 0.649687 0.724813 0.039750 0.034971
1 0.595313 0.725645 0.032250 0.036969
1 0.700313 0.723980 0.020250 0.034971
1 0.829375 0.715237 0.010500 0.015987
1 0.613750 0.718568 0.025500 0.023980
1 0.994375 0.717319 0.011250 0.022981
1 0.780312 0.715237 0.032250 0.017985
1 0.017625 0.736886 0.035250 0.069942
1 0.760938 0.712739 0.012750 0.013988
1 0.932187 0.710658 0.008250 0.010991
1 0.801562 0.713156 0.015750 0.020983
1 0.015000 0.711074 0.007500 0.015987
1 0.985313 0.713572 0.018750 0.025978
1 0.940625 0.711074 0.012000 0.021982
1 0.182812 0.714405 0.033750 0.035970
1 0.844375 0.705246 0.010500 0.015987
1 0.722187 0.708576 0.027750 0.023980
1 0.560312 0.706495 0.017250 0.020983
1 0.925000 0.700250 0.015000 0.007993
1 0.745000 0.708576 0.021000 0.029975
1 0.248750 0.703164 0.012000 0.016986
1 0.958750 0.699417 0.009000 0.013988
1 0.908438 0.706495 0.015750 0.030974
1 0.797188 0.702331 0.014250 0.020983
1 0.287813 0.703997 0.015750 0.026978
1 0.474687 0.703580 0.017250 0.029975
1 0.491250 0.708160 0.048000 0.042964
1 0.173125 0.697336 0.009000 0.016986
1 0.900937 0.696087 0.009750 0.015987
1 0.660625 0.699833 0.024000 0.024979
1 0.946562 0.708160 0.032250 0.048959
1 0.698125 0.693589 0.009000 0.013988
1 0.181562 0.692340 0.011250 0.010991
1 0.993750 0.693172 0.010500 0.016986
1 0.953438 0.693172 0.014250 0.016986
1 0.394688 0.693589 0.017250 0.019983
1 0.918125 0.690258 0.007500 0.013988
1 0.910000 0.688177 0.009000 0.008993
1 0.846562 0.693589 0.017250 0.025978
1 0.094375 0.687344 0.009000 0.010991
1 0.037187 0.694005 0.015750 0.026978
1 0.930937 0.688177 0.021750 0.014988
1 0.859062 0.717319 0.077250 0.084929
1 0.981563 0.686511 0.011250 0.012989
1 0.970000 0.687760 0.010500 0.015987
1 0.892813 0.688177 0.006750 0.016986
1 0.158438 0.712323 0.071250 0.076936
1 0.504375 0.684846 0.012000 0.012989
1 0.581875 0.705246 0.031500 0.063947
1 0.951250 0.684846 0.006000 0.016986
1 0.605000 0.691923 0.027000 0.033972
1 0.587812 0.685679 0.015750 0.018984
1 0.028500 0.701082 0.057000 0.055953
1 0.791250 0.681099 0.015000 0.011990
1 0.465313 0.684430 0.009750 0.021982
1 0.400938 0.680683 0.008250 0.012989
1 0.447813 0.681515 0.011250 0.016986
1 0.850000 0.677352 0.010500 0.010991
1 0.306250 0.698168 0.048000 0.060949
1 0.140000 0.682348 0.022500 0.026978
1 0.457813 0.676936 0.009750 0.015987
1 0.304688 0.676520 0.009750 0.014988
1 0.870625 0.676103 0.019500 0.015987
1 0.570312 0.676936 0.009750 0.017985
1 0.126250 0.682348 0.012000 0.030974
1 0.036562 0.675687 0.008250 0.014988
1 0.581875 0.672773 0.012000 0.011990
1 0.030937 0.678601 0.012750 0.025978
1 0.954375 0.679850 0.027000 0.030974
1 0.882500 0.678185 0.013500 0.028976
1 0.820937 0.695670 0.053250 0.070941
1 0.111250 0.671524 0.012000 0.018984
1 0.894062 0.670691 0.008250 0.018984
1 0.824375 0.667777 0.013500 0.015987
1 0.423438 0.666944 0.017250 0.013988
1 0.923750 0.672356 0.036000 0.032973
1 0.449062 0.665695 0.015750 0.016986
1 0.094687 0.673605 0.026250 0.037968
1 0.134375 0.664446 0.009000 0.017985
1 0.904062 0.669858 0.018750 0.032973
1 0.396562 0.671524 0.050250 0.036969
1 0.209375 0.671107 0.030000 0.037968
1 0.843750 0.662365 0.030000 0.020983
1 0.944688 0.659450 0.009750 0.017985
1 0.398438 0.657369 0.015750 0.014988
1 0.987187 0.667361 0.023250 0.040966
1 0.955313 0.657785 0.012750 0.021982
1 0.966875 0.661116 0.013500 0.031973
1 0.946875 0.653206 0.007500 0.012989
1 0.568750 0.657369 0.034500 0.022981
1 0.930625 0.654455 0.019500 0.017985
1 0.205937 0.653206 0.011250 0.014988
1 0.131250 0.651957 0.012000 0.015987
1 0.764375 0.674022 0.060000 0.074938
1 0.449062 0.653206 0.018750 0.024979
1 0.414062 0.647794 0.015750 0.011990
1 0.394375 0.647794 0.009000 0.011990
1 0.880000 0.654455 0.034500 0.029975
1 0.462187 0.654871 0.020250 0.032973
1 0.198750 0.646128 0.007500 0.011990
1 0.995500 0.649875 0.009000 0.026978
1 0.987812 0.643630 0.011250 0.011990
1 0.892813 0.642381 0.020250 0.008993
1 0.946562 0.641965 0.011250 0.009992
1 0.858437 0.657785 0.030750 0.047960
1 0.872500 0.646545 0.012000 0.022981
1 0.212188 0.646545 0.011250 0.022981
1 0.505938 0.655287 0.018750 0.045962
1 0.540312 0.681099 0.071250 0.109908
1 0.360312 0.641965 0.012750 0.015987
1 0.194062 0.692340 0.134250 0.136886
1 0.956875 0.640716 0.007500 0.020983
1 0.947812 0.635720 0.009750 0.010991
1 0.877500 0.632806 0.010500 0.013988
1 0.744375 0.631973 0.022500 0.017985
1 0.489687 0.636137 0.017250 0.027977
1 0.481875 0.627810 0.007500 0.007993
1 0.847500 0.630308 0.009000 0.015987
1 0.484687 0.662781 0.045750 0.093922
1 0.099062 0.630724 0.009750 0.016986
1 0.798125 0.630308 0.015000 0.017985
1 0.401250 0.633222 0.040500 0.026978
1 0.515000 0.635720 0.024000 0.034971
1 0.450625 0.629059 0.009000 0.018984
1 0.321875 0.628226 0.007500 0.016986
1 0.340313 0.625729 0.012750 0.012989
1 0.429375 0.633222 0.037500 0.034971
1 0.393437 0.622398 0.006750 0.008993
1 0.459062 0.630724 0.018750 0.032973
1 0.371875 0.621149 0.010500 0.009992
1 0.992875 0.626145 0.014250 0.023980
1 0.774062 0.631557 0.038250 0.036969
1 0.921875 0.635720 0.048000 0.048959
1 0.815312 0.641549 0.078750 0.062948
1 0.090000 0.619067 0.013500 0.010991
1 0.377500 0.639467 0.030000 0.063947
1 0.732812 0.654455 0.060750 0.101915
1 0.438125 0.619900 0.025500 0.018984
1 0.174687 0.621982 0.017250 0.023980
1 0.785625 0.616153 0.007500 0.013988
1 0.821875 0.614904 0.016500 0.012989
1 0.812187 0.616153 0.012750 0.015987
1 0.945312 0.618651 0.009750 0.027977
1 0.487187 0.616570 0.012750 0.022981
1 0.430937 0.608659 0.012750 0.005995
1 0.835000 0.609492 0.009000 0.009992
1 0.366875 0.610741 0.010500 0.012989
1 0.202187 0.611574 0.021750 0.014988
1 0.740938 0.612823 0.027750 0.021982
1 0.910000 0.608659 0.007500 0.013988
1 0.111562 0.607827 0.020250 0.015987
1 0.800625 0.614488 0.024000 0.033972
1 0.757812 0.606162 0.009750 0.015987
1 0.972500 0.637386 0.030000 0.092923
1 0.765625 0.606578 0.007500 0.020983
1 0.853750 0.605329 0.009000 0.019983
1 0.915312 0.607410 0.012750 0.026978
1 0.815312 0.602415 0.008250 0.014988
1 0.940000 0.601582 0.009000 0.014988
1 0.480000 0.609076 0.019500 0.032973
1 0.115000 0.599084 0.013500 0.008993
1 0.876875 0.617402 0.078000 0.058951
1 0.775312 0.604913 0.018750 0.028976
1 0.826250 0.600749 0.021000 0.022981
1 0.866563 0.599084 0.018750 0.024979
1 0.957500 0.597002 0.015000 0.021982
1 0.792500 0.596170 0.021000 0.019983
1 0.502500 0.596170 0.028500 0.019983
1 0.426875 0.597835 0.015000 0.025978
1 0.476875 0.592007 0.007500 0.017985
1 0.992875 0.589509 0.014250 0.013988
1 0.814375 0.589509 0.016500 0.013988
1 0.986125 0.599500 0.027750 0.039967
1 0.486875 0.587843 0.012000 0.013988
1 0.382500 0.599917 0.036000 0.042964
1 0.258437 0.597419 0.021750 0.038968
1 0.305312 0.584929 0.011250 0.012989
1 0.889375 0.593672 0.034500 0.035970
1 0.092188 0.583680 0.011250 0.013988
1 0.751250 0.581599 0.007500 0.010991
1 0.398438 0.582015 0.014250 0.011990
1 0.370000 0.582431 0.012000 0.012989
1 0.210000 0.593672 0.018000 0.039967
1 0.754375 0.587843 0.040500 0.031973
1 0.990000 0.579101 0.007500 0.014988
1 0.816875 0.577435 0.010500 0.010991
1 0.512813 0.588260 0.026250 0.036969
1 0.430937 0.743214 0.588750 0.513572
1 0.100625 0.583264 0.016500 0.028976
1 0.892813 0.574105 0.012750 0.014988
1 0.446250 0.589509 0.022500 0.051957
1 0.079375 0.576187 0.015000 0.021982
1 0.932187 0.568693 0.009750 0.009992
1 0.782188 0.574521 0.017250 0.023980
1 0.461875 0.593256 0.034500 0.068943
1 0.773750 0.577435 0.010500 0.032973
1 0.326562 0.574105 0.029250 0.024979
1 0.496563 0.572856 0.012750 0.023980
1 0.961562 0.566611 0.008250 0.012989
1 0.730938 0.574521 0.026250 0.033972
1 0.482812 0.571607 0.023250 0.026978
1 0.799687 0.568276 0.008250 0.020983
1 0.410625 0.592839 0.036000 0.083930
1 0.993250 0.569525 0.013500 0.029975
1 0.980938 0.563697 0.021750 0.017985
1 0.761875 0.569525 0.016500 0.031973
1 0.091250 0.568276 0.018000 0.032973
1 0.925937 0.556619 0.012750 0.010991
1 0.808125 0.569942 0.024000 0.042964
1 0.076500 0.646545 0.153000 0.226811
1 0.377812 0.571607 0.041250 0.048959
1 0.796875 0.554122 0.013500 0.010991
1 0.938750 0.560783 0.015000 0.030974
1 0.720625 0.550791 0.009000 0.012989
1 0.407813 0.553705 0.006750 0.019983
1 0.985938 0.548709 0.008250 0.009992
1 0.958125 0.587427 0.046500 0.102914
1 0.617812 0.552456 0.018750 0.020983
1 0.495312 0.549126 0.014250 0.020983
1 0.725625 0.543297 0.009000 0.012989
1 0.935000 0.544130 0.021000 0.016986
1 0.505313 0.542881 0.017250 0.013988
1 0.717812 0.538718 0.008250 0.007993
1 0.809063 0.537885 0.011250 0.013988
1 0.498750 0.537052 0.007500 0.013988
1 0.851250 0.565779 0.097500 0.084929
1 0.050000 0.542048 0.018000 0.027977
1 0.419375 0.556619 0.028500 0.064946
1 0.918750 0.579101 0.063000 0.120899
1 0.795625 0.537469 0.019500 0.022981
1 0.731563 0.532889 0.011250 0.011990
1 0.950313 0.535803 0.018750 0.020983
1 0.721875 0.529975 0.009000 0.012989
1 0.560000 0.531224 0.015000 0.015987
1 0.900312 0.531224 0.012750 0.017985
1 0.441875 0.525812 0.007500 0.012989
1 0.447188 0.543714 0.068250 0.055953
1 0.315937 0.526644 0.017250 0.014988
1 0.712500 0.527477 0.009000 0.018984
1 0.700937 0.530808 0.023250 0.028976
1 0.475000 0.532057 0.021000 0.031973
1 0.871875 0.522481 0.007500 0.012989
1 0.416563 0.522481 0.006750 0.012989
1 0.037500 0.523314 0.018000 0.014988
1 0.885625 0.534138 0.027000 0.042964
1 0.867188 0.529559 0.020250 0.031973
1 0.812500 0.523730 0.012000 0.017985
1 0.853437 0.522481 0.014250 0.016986
1 0.952187 0.522481 0.008250 0.018984
1 0.943750 0.520400 0.012000 0.013988
1 0.099687 0.521649 0.008250 0.016986
1 0.769687 0.544546 0.090750 0.073938
1 0.457188 0.516236 0.012750 0.007993
1 0.076875 0.541632 0.051000 0.068943
1 0.973750 0.534138 0.052500 0.056953
1 0.831562 0.526644 0.032250 0.038968
1 0.819375 0.513739 0.012000 0.007993
1 0.631875 0.514571 0.015000 0.009992
1 0.902500 0.515404 0.013500 0.013988
1 0.713750 0.517485 0.025500 0.020983
1 0.580313 0.520816 0.021750 0.028976
1 0.046562 0.519151 0.009750 0.028976
1 0.729062 0.516236 0.014250 0.023980
1 0.982187 0.510824 0.006750 0.012989
1 0.621875 0.524979 0.033000 0.046961
1 0.316563 0.513739 0.015750 0.021982
1 0.407500 0.515820 0.024000 0.028976
1 0.926562 0.521232 0.033750 0.043963
1 0.807187 0.511657 0.009750 0.022981
1 0.425625 0.511241 0.013500 0.021982
1 0.822500 0.505412 0.009000 0.009992
1 0.665625 0.504580 0.009000 0.013988
1 0.469687 0.504580 0.018750 0.017985
1 0.798438 0.505828 0.012750 0.022981
1 0.859375 0.504163 0.024000 0.024979
1 0.688125 0.499167 0.009000 0.012989
1 0.629687 0.500833 0.032250 0.016986
1 0.620313 0.614072 0.282750 0.290758
1 0.441875 0.507910 0.040500 0.037968
1 0.695937 0.499167 0.011250 0.018984
1 0.764375 0.502914 0.043500 0.029975
1 0.964375 0.504996 0.031500 0.036969
1 0.925312 0.496669 0.015750 0.016986
1 0.593750 0.493755 0.010500 0.013988
1 0.417500 0.496253 0.015000 0.019983
1 0.040313 0.502498 0.038250 0.038968
1 0.890000 0.500833 0.019500 0.036969
1 0.948125 0.498751 0.016500 0.033972
1 0.684063 0.491674 0.012750 0.016986
1 0.862187 0.490425 0.021750 0.017985
1 0.435625 0.489592 0.006000 0.017985
1 0.059062 0.492506 0.044250 0.024979
1 0.741250 0.487094 0.013500 0.013988
1 0.025937 0.487927 0.012750 0.019983
1 0.906563 0.502082 0.029250 0.055953
1 0.405938 0.488343 0.012750 0.022981
1 0.566250 0.499584 0.051000 0.051957
1 0.788750 0.492090 0.016500 0.035970
1 0.605000 0.485845 0.015000 0.020983
1 0.587187 0.482515 0.005250 0.012989
1 0.574375 0.480849 0.009000 0.010991
1 0.773125 0.481266 0.007500 0.013988
1 0.104375 0.478768 0.009000 0.009992
1 0.680937 0.478768 0.011250 0.011990
1 0.024750 0.523730 0.049500 0.119900
1 0.803125 0.485012 0.013500 0.028976
1 0.923750 0.475853 0.009000 0.008993
1 0.669687 0.484180 0.017250 0.028976
1 0.088125 0.495420 0.052500 0.055953
1 0.941562 0.477102 0.008250 0.013988
1 0.601875 0.476686 0.012000 0.012989
1 0.469062 0.482515 0.023250 0.026978
1 0.632812 0.475021 0.008250 0.014988
1 0.690312 0.473356 0.009750 0.012989
1 0.485625 0.473356 0.019500 0.012989
1 0.575625 0.471274 0.009000 0.009992
1 0.956875 0.477935 0.024000 0.027977
1 0.824688 0.487510 0.039750 0.050958
1 0.567187 0.471690 0.006750 0.014988
1 0.655625 0.476686 0.019500 0.028976
1 0.423125 0.471274 0.010500 0.015987
1 0.477812 0.467527 0.012750 0.008993
1 0.079062 0.479184 0.014250 0.036969
1 0.735313 0.474604 0.014250 0.027977
1 0.704375 0.477102 0.030000 0.033972
1 0.093750 0.470025 0.019500 0.016986
1 0.874687 0.465862 0.011250 0.008993
1 0.860000 0.470858 0.025500 0.020983
1 0.676875 0.466694 0.028500 0.012989
1 0.644375 0.470441 0.016500 0.021982
1 0.597812 0.469609 0.012750 0.021982
1 0.540312 0.472939 0.017250 0.031973
1 0.130625 0.468776 0.015000 0.021982
1 0.721562 0.466694 0.008250 0.018984
1 0.697187 0.462948 0.011250 0.009992
1 0.077500 0.464197 0.009000 0.012989
1 0.844063 0.468776 0.018750 0.025978
1 0.586250 0.465029 0.022500 0.016986
1 0.571875 0.460866 0.013500 0.008993
1 0.451250 0.472939 0.033000 0.037968
1 0.385937 0.512073 0.051750 0.133888
1 0.038750 0.460033 0.015000 0.008993
1 0.620000 0.477519 0.028500 0.052956
1 0.098125 0.459617 0.009000 0.009992
1 0.856250 0.460033 0.007500 0.012989
1 0.804375 0.462948 0.039000 0.019983
1 0.425938 0.459617 0.009750 0.011990
1 0.311875 0.457952 0.022500 0.015987
1 0.972812 0.457952 0.008250 0.017985
1 0.656563 0.453789 0.011250 0.007993
1 0.561875 0.458368 0.010500 0.020983
1 0.885938 0.492090 0.033750 0.103913
1 0.869375 0.455037 0.019500 0.014988
1 0.376875 0.453789 0.013500 0.011990
1 0.350938 0.457952 0.014250 0.025978
1 0.088750 0.454621 0.016500 0.017985
1 0.751563 0.458368 0.017250 0.028976
1 0.520000 0.500416 0.085500 0.133888
1 0.083437 0.449625 0.008250 0.011990
1 0.894062 0.446711 0.008250 0.008993
1 0.465938 0.448793 0.009750 0.013988
1 0.821562 0.447960 0.017250 0.015987
1 0.433437 0.457952 0.032250 0.039967
1 0.710000 0.454621 0.018000 0.033972
1 0.411562 0.446295 0.012750 0.013988
1 0.583750 0.448376 0.031500 0.020983
1 0.679063 0.450458 0.014250 0.027977
1 0.494688 0.450042 0.053250 0.026978
1 0.340625 0.444213 0.010500 0.012989
1 0.915312 0.442964 0.009750 0.011990
1 0.760938 0.443381 0.018750 0.016986
1 0.700313 0.446295 0.029250 0.023980
1 0.655000 0.440466 0.015000 0.009992
1 0.772813 0.465445 0.068250 0.075937
1 0.631250 0.448376 0.045000 0.034971
1 0.790312 0.435470 0.012750 0.005995
1 0.931875 0.435470 0.012000 0.009992
1 0.754375 0.437552 0.012000 0.014988
1 0.847187 0.433389 0.009750 0.014988
1 0.519062 0.434638 0.012750 0.017985
1 0.730938 0.470441 0.036750 0.107910
1 0.495312 0.432556 0.018750 0.016986
1 0.993250 0.431307 0.013500 0.015987
1 0.563750 0.433389 0.028500 0.022981
1 0.615313 0.426311 0.009750 0.015987
1 0.583438 0.430058 0.030750 0.024979
1 0.349687 0.425479 0.011250 0.013988
1 0.018750 0.448376 0.037500 0.068943
1 0.683750 0.433389 0.015000 0.034971
1 0.293750 0.420899 0.010500 0.008993
1 0.671250 0.438385 0.022500 0.052956
1 0.483438 0.427977 0.011250 0.027977
1 0.818438 0.420067 0.008250 0.010991
1 0.358438 0.423813 0.020250 0.019983
1 0.542500 0.437552 0.033000 0.054954
1 0.441250 0.424230 0.019500 0.022981
1 0.918438 0.454621 0.053250 0.097918
1 0.476875 0.418401 0.012000 0.012989
1 0.897188 0.422148 0.012750 0.023980
1 0.746563 0.429642 0.026250 0.043963
1 0.575625 0.413822 0.012000 0.007993
1 0.963437 0.416320 0.008250 0.015987
1 0.890625 0.412989 0.012000 0.007993
1 0.324688 0.415903 0.014250 0.016986
1 0.707812 0.423813 0.026250 0.037968
1 0.978437 0.412989 0.009750 0.013988
1 0.611250 0.412989 0.012000 0.013988
1 0.469375 0.409659 0.013500 0.009992
1 0.357187 0.410491 0.005250 0.011990
1 0.081250 0.415903 0.016500 0.026978
1 0.881563 0.410075 0.009750 0.014988
1 0.636250 0.410491 0.007500 0.015987
1 0.909375 0.412573 0.013500 0.022981
1 0.627188 0.410491 0.011250 0.019983
1 0.767500 0.417985 0.049500 0.039967
1 0.443437 0.407993 0.014250 0.015987
1 0.666250 0.407993 0.015000 0.017985
1 0.505000 0.409242 0.033000 0.020983
1 0.805000 0.406744 0.007500 0.016986
1 0.638750 0.418818 0.024000 0.047960
1 0.945937 0.409242 0.018750 0.026978
1 0.761875 0.401332 0.013500 0.009992
1 0.606875 0.427977 0.040500 0.073938
1 0.859062 0.401332 0.008250 0.011990
1 0.777500 0.402165 0.006000 0.013988
1 0.712187 0.410491 0.035250 0.037968
1 0.555937 0.407993 0.018750 0.031973
1 0.795312 0.422565 0.032250 0.068943
1 0.611563 0.399667 0.011250 0.013988
1 0.980313 0.399251 0.011250 0.014988
1 0.902188 0.399667 0.020250 0.023980
1 0.812813 0.402998 0.014250 0.031973
1 0.730938 0.402581 0.011250 0.030974
1 0.622500 0.393006 0.012000 0.007993
1 0.447188 0.394671 0.009750 0.013988
1 0.676875 0.397169 0.013500 0.023980
1 0.970938 0.393422 0.020250 0.016986
1 0.834375 0.405079 0.016500 0.044963
1 0.096250 0.390924 0.010500 0.010991
1 0.846562 0.390092 0.008250 0.010991
1 0.511250 0.390508 0.015000 0.011990
1 0.293438 0.428809 0.062250 0.103913
1 0.060000 0.390924 0.024000 0.014988
1 0.781875 0.389675 0.015000 0.013988
1 0.579063 0.398834 0.035250 0.037968
1 0.619062 0.387594 0.018750 0.014988
1 0.794375 0.387594 0.012000 0.016986
1 0.454375 0.390092 0.012000 0.022981
1 0.528750 0.395920 0.030000 0.038968
1 0.644062 0.388843 0.012750 0.023980
1 0.754687 0.388843 0.023250 0.025978
1 0.496563 0.388843 0.020250 0.025978
1 0.510938 0.381349 0.011250 0.009992
1 0.819375 0.384263 0.007500 0.018984
1 0.476875 0.393422 0.031500 0.042964
1 0.656250 0.403830 0.022500 0.069942
1 0.605000 0.385096 0.024000 0.024979
1 0.080312 0.389259 0.026250 0.034971
1 0.961562 0.383014 0.017250 0.023980
1 0.804375 0.380933 0.013500 0.018984
1 0.301563 0.386345 0.014250 0.033972
1 0.292812 0.378018 0.017250 0.013988
1 0.819063 0.407161 0.038250 0.085928
1 0.059062 0.377602 0.014250 0.014988
1 0.622188 0.375104 0.012750 0.010991
1 0.860000 0.418818 0.090000 0.117902
1 0.787500 0.374271 0.009000 0.010991
1 0.468438 0.379267 0.012750 0.022981
1 0.019500 0.400083 0.039000 0.072939
1 0.707187 0.402998 0.060750 0.081932
1 0.839375 0.373855 0.016500 0.013988
1 0.797500 0.373022 0.010500 0.011990
1 0.575625 0.373439 0.009000 0.014988
1 0.954375 0.389259 0.048000 0.054954
1 0.648125 0.372606 0.013500 0.014988
1 0.703750 0.368859 0.010500 0.011990
1 0.671250 0.376353 0.025500 0.029975
1 0.075313 0.370941 0.011250 0.018984
1 0.067812 0.369692 0.012750 0.015987
1 0.606563 0.368443 0.008250 0.014988
1 0.761250 0.369276 0.016500 0.018984
1 0.055625 0.364696 0.012000 0.007993
1 0.523125 0.368443 0.012000 0.018984
1 0.500000 0.372190 0.033000 0.027977
1 0.042188 0.365945 0.006750 0.014988
1 0.020625 0.368859 0.009000 0.021982
1 0.286875 0.365112 0.009000 0.014988
1 0.594688 0.370108 0.015750 0.028976
1 0.553750 0.378435 0.033000 0.048959
1 0.276875 0.368443 0.015000 0.024979
1 0.582500 0.366778 0.009000 0.022981
1 0.480625 0.368859 0.016500 0.029975
1 0.880313 0.372190 0.027750 0.041965
1 0.606563 0.358451 0.012750 0.010991
1 0.634687 0.368859 0.036750 0.037968
1 0.329688 0.402998 0.056250 0.119900
1 0.713125 0.359284 0.015000 0.016986
1 0.505313 0.357619 0.014250 0.014988
1 0.302187 0.357619 0.014250 0.016986
1 0.291875 0.361782 0.012000 0.026978
1 0.775000 0.365112 0.019500 0.042964
1 0.411875 0.363447 0.043500 0.038968
1 0.690625 0.361366 0.036000 0.035970
1 0.553750 0.355537 0.015000 0.021982
1 0.385313 0.359700 0.017250 0.031973
1 0.623437 0.350541 0.009750 0.011990
1 0.433750 0.350958 0.015000 0.012989
1 0.707812 0.348876 0.012750 0.009992
1 0.584063 0.350541 0.017250 0.015987
1 0.746250 0.375520 0.034500 0.079933
1 0.723125 0.349292 0.013500 0.016986
1 0.443750 0.348043 0.009000 0.013988
1 0.411250 0.344296 0.012000 0.008993
1 0.476250 0.347627 0.015000 0.018984
1 0.365938 0.359700 0.038250 0.053955
1 0.992812 0.340550 0.009750 0.009992
1 0.696562 0.346378 0.012750 0.023980
1 0.422187 0.343047 0.011250 0.015987
1 0.750313 0.341382 0.008250 0.015987
1 0.834375 0.353455 0.030000 0.046961
1 0.397500 0.341382 0.016500 0.017985
1 0.050625 0.349292 0.021000 0.036969
1 0.847187 0.343464 0.018750 0.030974
1 0.762813 0.347211 0.015750 0.039967
1 0.803750 0.335554 0.012000 0.015987
1 0.756250 0.332639 0.009000 0.008993
1 0.715938 0.336803 0.015750 0.018984
1 0.568750 0.350958 0.030000 0.052956
1 0.549375 0.334721 0.007500 0.013988
1 0.797188 0.332639 0.008250 0.012989
1 0.864375 0.349709 0.034500 0.055953
1 0.742812 0.333056 0.018750 0.015987
1 0.324688 0.348043 0.063750 0.051957
1 0.931875 0.332223 0.016500 0.023980
1 0.943750 0.325146 0.009000 0.008993
1 0.594688 0.336803 0.033750 0.038968
1 0.585938 0.326811 0.015750 0.014988
1 0.653750 0.341382 0.049500 0.051957
1 0.941250 0.338468 0.027000 0.046961
1 0.772188 0.328060 0.017250 0.021982
1 0.823438 0.326395 0.015750 0.019983
1 0.990250 0.330558 0.019500 0.031973
1 0.832812 0.324313 0.011250 0.016986
1 0.673438 0.327227 0.009750 0.023980
1 0.752188 0.321815 0.014250 0.014988
1 0.700625 0.328476 0.024000 0.030974
1 0.683750 0.330974 0.016500 0.038968
1 0.785312 0.320150 0.009750 0.014988
1 0.717500 0.320150 0.025500 0.018984
1 0.596250 0.318068 0.007500 0.013988
1 0.500313 0.319317 0.023250 0.016986
1 0.367500 0.317652 0.012000 0.012989
1 0.775000 0.317652 0.012000 0.016986
1 0.802500 0.345129 0.060000 0.084929
1 0.618437 0.333056 0.032250 0.057952
1 0.310000 0.316403 0.022500 0.027977
1 0.995125 0.309326 0.009750 0.012989
1 0.972250 0.335970 0.055500 0.076936
1 0.371563 0.308493 0.008250 0.010991
1 0.933125 0.313072 0.019500 0.023980
1 0.635938 0.311823 0.009750 0.024979
1 0.780312 0.308077 0.015750 0.017985
1 0.715313 0.307244 0.014250 0.017985
1 0.624375 0.300999 0.015000 0.008993
1 0.464687 0.339717 0.096750 0.101915
1 0.980313 0.304330 0.021750 0.020983
1 0.759062 0.310158 0.033750 0.042964
1 0.987187 0.297669 0.008250 0.014988
1 0.703125 0.302664 0.012000 0.026978
1 0.324688 0.310575 0.030750 0.045962
1 0.663125 0.298501 0.016500 0.018984
1 0.445000 0.293922 0.013500 0.011990
1 0.593125 0.294754 0.024000 0.015987
1 0.995500 0.294338 0.009000 0.016986
1 0.957187 0.300583 0.023250 0.031973
1 0.735938 0.306411 0.035250 0.053955
1 0.483438 0.289759 0.021750 0.017985
1 0.812813 0.281848 0.011250 0.006994
1 0.008625 0.288926 0.017250 0.029975
1 0.777188 0.288926 0.021750 0.031973
1 0.461562 0.286012 0.011250 0.024979
1 0.453437 0.282681 0.014250 0.016986
1 0.445937 0.278934 0.009750 0.007993
1 0.817500 0.302664 0.087000 0.070941
1 0.758750 0.284346 0.033000 0.026978
1 0.792188 0.278518 0.008250 0.014988
1 0.932500 0.279351 0.015000 0.018984
1 0.406562 0.275604 0.012750 0.009992
1 0.047250 0.379684 0.094500 0.259784
1 0.400000 0.281848 0.015000 0.026978
1 0.483750 0.277685 0.012000 0.018984
1 0.874062 0.277269 0.018750 0.019983
1 0.705313 0.286012 0.030750 0.040966
1 0.725625 0.271440 0.007500 0.009992
1 0.890000 0.273938 0.015000 0.017985
1 0.675312 0.290175 0.045750 0.058951
1 0.014063 0.270192 0.021750 0.014988
1 0.660312 0.266445 0.008250 0.007993
1 0.603125 0.292256 0.033000 0.071940
1 0.490625 0.269359 0.013500 0.016986
1 0.452500 0.268110 0.007500 0.015987
1 0.654687 0.294754 0.039750 0.081932
1 0.687187 0.271440 0.021750 0.027977
1 0.697187 0.264779 0.017250 0.013988
1 0.917813 0.261449 0.006750 0.013988
1 0.748750 0.263114 0.006000 0.021982
1 0.737187 0.274355 0.023250 0.050958
1 0.563750 0.263114 0.018000 0.023980
1 0.712812 0.263530 0.020250 0.026978
1 0.850000 0.258118 0.009000 0.015987
1 0.685625 0.254371 0.009000 0.012989
1 0.589375 0.263947 0.049500 0.037968
1 0.960625 0.277269 0.070500 0.071940
1 0.740938 0.252706 0.014250 0.012989
1 0.718437 0.251873 0.009750 0.010991
1 0.697187 0.252290 0.017250 0.017985
1 0.488438 0.250208 0.006750 0.012989
1 0.021250 0.253955 0.009000 0.021982
1 0.792188 0.261032 0.092250 0.042964
1 0.905937 0.279767 0.093750 0.097918
1 0.499688 0.248959 0.017250 0.023980
1 0.395937 0.292256 0.107250 0.127893
1 0.707812 0.243547 0.006750 0.014988
1 0.018750 0.240633 0.009000 0.009992
1 0.976000 0.259784 0.048000 0.057952
1 0.320000 0.242298 0.007500 0.015987
1 0.905937 0.240216 0.018750 0.012989
1 0.872188 0.238551 0.014250 0.008993
1 0.573125 0.242298 0.025500 0.017985
1 0.381563 0.242714 0.014250 0.018984
1 0.930937 0.248127 0.021750 0.033972
1 0.472187 0.239800 0.008250 0.013988
1 0.668125 0.248127 0.033000 0.035970
1 0.345313 0.241465 0.030750 0.019983
1 0.726875 0.241465 0.027000 0.021982
1 0.362500 0.236886 0.007500 0.010991
1 0.864062 0.235637 0.006750 0.009992
1 0.770312 0.240216 0.015750 0.020983
1 0.129688 0.261032 0.026250 0.074938
1 0.117188 0.237302 0.006750 0.017985
1 0.970938 0.246461 0.027750 0.043963
1 0.499688 0.233139 0.006750 0.013988
1 0.493437 0.233972 0.006750 0.017985
1 0.959375 0.235637 0.019500 0.023980
1 0.702187 0.233972 0.017250 0.019983
1 0.565000 0.231890 0.012000 0.016986
1 0.985938 0.233139 0.011250 0.021982
1 0.379063 0.231474 0.008250 0.017985
1 0.837500 0.233139 0.031500 0.025978
1 0.689063 0.228560 0.008250 0.014988
1 0.786875 0.234388 0.025500 0.032973
1 0.568438 0.224396 0.008250 0.010991
1 0.935312 0.224813 0.014250 0.015987
1 0.552188 0.223980 0.011250 0.013988
1 0.712812 0.222731 0.009750 0.012989
1 0.373125 0.221482 0.007500 0.009992
1 0.334062 0.226062 0.014250 0.020983
1 0.922500 0.226062 0.016500 0.024979
1 0.661875 0.234388 0.045000 0.044963
1 0.478438 0.228560 0.032250 0.030974
1 0.358750 0.228560 0.040500 0.030974
1 0.543438 0.223564 0.012750 0.020983
1 0.969375 0.219400 0.009000 0.012989
1 0.684063 0.219400 0.008250 0.012989
1 0.631563 0.253539 0.056250 0.098918
1 0.469375 0.216070 0.013500 0.008993
1 0.611875 0.218568 0.018000 0.016986
1 0.978437 0.219400 0.020250 0.020983
1 0.319063 0.221898 0.015750 0.026978
1 0.959688 0.213572 0.009750 0.012989
1 0.588437 0.212739 0.014250 0.010991
1 0.456562 0.213156 0.012750 0.011990
1 0.593437 0.232306 0.050250 0.059950
1 0.556250 0.217735 0.015000 0.024979
1 0.478750 0.211074 0.010500 0.008993
1 0.055625 0.215237 0.013500 0.018984
1 0.777500 0.217319 0.030000 0.025978
1 0.830625 0.213572 0.010500 0.018984
1 0.534375 0.210241 0.009000 0.010991
1 0.329062 0.213156 0.017250 0.017985
1 0.715938 0.208993 0.011250 0.009992
1 0.640938 0.214821 0.017250 0.025978
1 0.625313 0.208993 0.015750 0.011990
1 0.346875 0.214821 0.018000 0.025978
1 0.042188 0.228560 0.033750 0.058951
1 0.914375 0.209409 0.012000 0.016986
1 0.122188 0.209825 0.015750 0.017985
1 0.361250 0.208993 0.013500 0.017985
1 0.340000 0.208576 0.012000 0.016986
1 0.675312 0.211074 0.023250 0.024979
1 0.986125 0.215654 0.027750 0.037968
1 0.458437 0.203580 0.009750 0.008993
1 0.420312 0.205246 0.009750 0.012989
1 0.379063 0.210241 0.029250 0.024979
1 0.849688 0.216903 0.018750 0.042964
1 0.706250 0.202331 0.009000 0.007993
1 0.838437 0.204413 0.006750 0.014988
1 0.437188 0.250624 0.116250 0.125895
1 0.050313 0.202748 0.012750 0.010991
1 0.776250 0.203580 0.009000 0.014988
1 0.487812 0.202331 0.011250 0.011990
1 0.467813 0.204413 0.008250 0.016986
1 0.921562 0.206495 0.015750 0.023980
1 0.696250 0.212739 0.022500 0.038968
1 0.477187 0.201499 0.011250 0.011990
1 0.722187 0.209409 0.020250 0.034971
1 0.602187 0.199833 0.014250 0.011990
1 0.537813 0.290591 0.137250 0.231807
1 0.616250 0.196503 0.007500 0.009992
1 0.554063 0.198585 0.011250 0.014988
1 0.538750 0.201499 0.013500 0.021982
1 0.980000 0.194838 0.010500 0.007993
1 0.803438 0.201082 0.017250 0.022981
1 0.573125 0.204413 0.033000 0.030974
1 0.969375 0.201082 0.012000 0.024979
1 0.592500 0.200250 0.012000 0.022981
1 0.634687 0.198168 0.030750 0.019983
1 0.061250 0.195254 0.016500 0.012989
1 0.667188 0.197752 0.012750 0.022981
1 0.654375 0.202331 0.022500 0.033972
1 0.127812 0.196087 0.006750 0.018984
1 0.685312 0.195670 0.015750 0.019983
1 0.995500 0.200250 0.009000 0.032973
1 0.725625 0.192756 0.015000 0.014988
1 0.747812 0.226062 0.056250 0.096919
1 0.710938 0.191507 0.015750 0.013988
1 0.980938 0.186511 0.020250 0.009992
1 0.893750 0.187344 0.018000 0.011990
1 0.838125 0.187760 0.028500 0.020983
1 0.201563 0.183181 0.011250 0.013988
1 0.018437 0.199001 0.029250 0.061948
1 0.005625 0.178601 0.011250 0.012989
1 0.244688 0.182348 0.030750 0.023980
1 0.114687 0.179850 0.014250 0.017985
1 0.011562 0.178601 0.006750 0.016986
1 0.951562 0.211490 0.042750 0.099917
1 0.615000 0.173605 0.007500 0.008993
1 0.339375 0.176103 0.012000 0.014988
1 0.230313 0.175687 0.015750 0.013988
1 0.017500 0.176520 0.009000 0.019983
1 0.085625 0.174022 0.009000 0.015987
1 0.239063 0.171107 0.015750 0.010991
1 0.452188 0.171107 0.005250 0.012989
1 0.215000 0.180266 0.027000 0.034971
1 0.429688 0.173605 0.015750 0.020983
1 0.064062 0.175687 0.030750 0.029975
1 0.835313 0.171107 0.009750 0.020983
1 0.347813 0.166112 0.011250 0.012989
1 0.044687 0.185262 0.036750 0.060949
1 0.937500 0.165279 0.009000 0.014988
1 0.269375 0.158201 0.009000 0.007993
1 0.289375 0.160699 0.009000 0.017985
1 0.517813 0.159450 0.021750 0.016986
1 0.984688 0.159867 0.017250 0.019983
1 0.940000 0.154871 0.009000 0.007993
1 0.431250 0.161948 0.028500 0.024979
1 0.212812 0.158201 0.008250 0.017985
1 0.337500 0.162365 0.013500 0.029975
1 0.020625 0.160283 0.031500 0.024979
1 0.281562 0.158201 0.008250 0.021982
1 0.629062 0.155704 0.017250 0.017985
1 0.058438 0.155704 0.008250 0.019983
1 0.930312 0.156953 0.011250 0.024979
1 0.371250 0.168193 0.040500 0.051957
1 0.010937 0.152789 0.006750 0.014988
1 0.315000 0.153206 0.015000 0.017985
1 0.572500 0.156120 0.015000 0.028976
1 0.284250 0.445462 0.568500 0.725396
1 0.833438 0.153622 0.017250 0.030974
1 0.073750 0.151957 0.025500 0.026978
1 0.052187 0.146128 0.008250 0.014988
1 0.021875 0.143630 0.015000 0.010991
1 0.712500 0.141965 0.010500 0.010991
1 0.450937 0.144047 0.015750 0.017985
1 0.553125 0.154038 0.033000 0.043963
1 0.414375 0.151540 0.024000 0.039967
1 0.955313 0.151124 0.032250 0.040966
1 0.512813 0.139467 0.008250 0.014988
1 0.325625 0.151540 0.013500 0.047960
1 0.443125 0.141132 0.018000 0.024979
1 0.429688 0.134471 0.008250 0.014988
1 0.172813 0.154871 0.032250 0.063947
1 0.382500 0.139467 0.034500 0.028976
1 0.316250 0.134888 0.010500 0.019983
1 0.990625 0.131141 0.018750 0.012989
1 0.528438 0.138634 0.027750 0.030974
1 0.725313 0.136553 0.014250 0.027977
1 0.364375 0.129892 0.015000 0.021982
1 0.094687 0.149459 0.048750 0.068943
1 0.915000 0.131141 0.010500 0.026978
1 0.059375 0.132806 0.019500 0.032973
1 0.575625 0.133222 0.034500 0.037968
1 0.006750 0.126978 0.013500 0.024979
1 0.154375 0.136137 0.031500 0.048959
1 0.313125 0.122814 0.021000 0.018984
1 0.070000 0.130308 0.027000 0.038968
1 0.607812 0.139051 0.048750 0.063947
1 0.437812 0.120316 0.014250 0.028976
1 0.939063 0.119484 0.018750 0.028976
1 0.915625 0.113239 0.009000 0.013988
1 0.629687 0.121149 0.020250 0.032973
1 0.174687 0.116153 0.021750 0.020983
1 0.609375 0.120316 0.027000 0.032973
1 0.112500 0.112406 0.009000 0.013988
1 0.838125 0.115737 0.007500 0.025978
1 0.696562 0.109908 0.015750 0.011990
1 0.848437 0.110325 0.012750 0.014988
1 0.671562 0.116153 0.024750 0.028976
1 0.927188 0.117402 0.017250 0.039967
1 0.044062 0.124896 0.038250 0.057952
1 0.816250 0.108659 0.012000 0.020983
1 0.416250 0.104913 0.013500 0.011990
1 0.299687 0.103247 0.008250 0.011990
1 0.417187 0.126145 0.066750 0.070941
1 0.661875 0.099917 0.007500 0.009992
1 0.102500 0.108659 0.019500 0.032973
1 0.040313 0.101582 0.021750 0.017985
1 0.928438 0.101166 0.026250 0.020983
1 0.499688 0.096170 0.011250 0.010991
1 0.023750 0.095337 0.012000 0.008993
1 0.189375 0.107827 0.028500 0.046961
1 0.512813 0.109492 0.023250 0.052956
1 0.641563 0.091590 0.012750 0.011990
1 0.616875 0.101166 0.021000 0.044963
1 0.713437 0.089092 0.009750 0.017985
1 0.265313 0.093672 0.029250 0.028976
1 0.300625 0.090341 0.028500 0.022981
1 0.783125 0.087427 0.006000 0.023980
1 0.340938 0.088676 0.020250 0.026978
1 0.229687 0.084929 0.011250 0.017985
1 0.822187 0.087843 0.015750 0.026978
1 0.544063 0.109908 0.062250 0.079933
1 0.162188 0.094921 0.041250 0.043963
1 0.077500 0.103664 0.073500 0.064946
1 0.796562 0.088676 0.024750 0.032973
1 0.983125 0.080350 0.013500 0.018984
1 0.378125 0.076603 0.009000 0.011990
1 0.284687 0.080350 0.011250 0.020983
1 0.168750 0.077435 0.007500 0.013988
1 0.854688 0.081182 0.020250 0.024979
1 0.762813 0.079101 0.012750 0.021982
1 0.668125 0.098251 0.052500 0.073938
1 0.502812 0.079517 0.020250 0.028976
1 0.903438 0.070774 0.009750 0.011990
1 0.271875 0.071607 0.018000 0.017985
1 0.912188 0.092839 0.050250 0.070941
1 0.817187 0.069109 0.005250 0.013988
1 0.809688 0.067860 0.008250 0.012989
1 0.937187 0.076603 0.023250 0.035970
1 0.084375 0.073689 0.016500 0.028976
1 0.900000 0.064530 0.010500 0.010991
1 0.044062 0.077019 0.047250 0.042964
1 0.576250 0.066195 0.015000 0.018984
1 0.405625 0.062864 0.012000 0.010991
1 0.212188 0.061615 0.009750 0.009992
1 0.004125 0.064113 0.008250 0.015987
1 0.651250 0.069942 0.033000 0.033972
1 0.878125 0.062032 0.010500 0.016986
1 0.948438 0.064946 0.017250 0.025978
1 0.867812 0.095754 0.060750 0.099917
1 0.286875 0.057868 0.010500 0.008993
1 0.519375 0.060783 0.015000 0.019983
1 0.399687 0.059950 0.021750 0.017985
1 0.100000 0.065779 0.015000 0.031973
1 0.243750 0.066611 0.051000 0.035970
1 0.130000 0.060783 0.009000 0.027977
1 0.081875 0.057452 0.019500 0.019983
1 0.921250 0.055371 0.024000 0.016986
1 0.535312 0.069942 0.056250 0.051957
1 0.292812 0.058701 0.024750 0.032973
1 0.322813 0.080766 0.066750 0.087927
1 0.995125 0.046211 0.009750 0.008993
1 0.564688 0.059950 0.020250 0.041965
1 0.470625 0.049958 0.010500 0.017985
1 0.362187 0.047044 0.006750 0.012989
1 0.138125 0.105745 0.079500 0.155870
1 0.017500 0.045795 0.007500 0.011990
1 0.731875 0.044546 0.007500 0.010991
1 0.232500 0.049126 0.024000 0.021982
1 0.957812 0.047877 0.015750 0.020983
1 0.442500 0.048293 0.010500 0.021982
1 0.022500 0.101166 0.045000 0.148876
1 0.126250 0.045795 0.015000 0.019983
1 0.725313 0.063281 0.047250 0.063947
1 0.282813 0.044963 0.024750 0.019983
1 0.809063 0.040799 0.008250 0.011990
1 0.316563 0.041216 0.012750 0.012989
1 0.433125 0.041632 0.009000 0.015987
1 0.661250 0.044130 0.012000 0.023980
1 0.151250 0.040799 0.012000 0.015987
1 0.559375 0.037052 0.015000 0.008993
1 0.475000 0.038718 0.009000 0.012989
1 0.482500 0.063281 0.105000 0.079933
1 0.447188 0.038301 0.018750 0.019983
1 0.290938 0.034555 0.008250 0.012989
1 0.645312 0.033722 0.008250 0.012989
1 0.180938 0.059950 0.054750 0.077935
1 0.847187 0.038301 0.023250 0.027977
1 0.881250 0.141965 0.168000 0.278768
1 0.231563 0.034138 0.021750 0.019983
1 0.095937 0.030391 0.011250 0.010991
1 0.826250 0.052456 0.042000 0.065945
1 0.268750 0.029559 0.013500 0.012989
1 0.585000 0.039134 0.028500 0.037968
1 0.725313 0.032057 0.023250 0.022981
1 0.508750 0.300749 0.982500 0.601499
1 0.570312 0.032889 0.021750 0.024979
1 0.462187 0.028726 0.015750 0.016986
1 0.307188 0.035803 0.027750 0.033972
1 0.448750 0.025396 0.015000 0.010991
1 0.391250 0.026228 0.006000 0.012989
1 0.921250 0.024563 0.010500 0.010991
1 0.758750 0.025812 0.015000 0.013988
1 0.558750 0.026644 0.015000 0.015987
1 0.472500 0.027061 0.006000 0.018984
1 0.831250 0.023730 0.013500 0.012989
1 0.398750 0.029142 0.012000 0.025978
1 0.162188 0.023314 0.018750 0.011990
1 0.106875 0.050375 0.031500 0.076936
1 0.035937 0.023730 0.014250 0.014988
1 0.814375 0.027061 0.015000 0.024979
1 0.231563 0.023314 0.017250 0.015987
1 0.112187 0.019983 0.009750 0.009992
1 0.324688 0.025812 0.021750 0.025978
1 0.275313 0.041216 0.027750 0.062948
1 0.925000 0.017069 0.013500 0.010991
1 0.028438 0.016653 0.012750 0.011990
1 0.121563 0.023730 0.027750 0.030974
1 0.049063 0.014988 0.011250 0.009992
1 0.019062 0.012490 0.012750 0.009992
1 0.852500 0.021232 0.034500 0.032973
1 0.253437 0.032889 0.032250 0.060949
1 0.530937 0.030808 0.047250 0.059950
1 0.293750 0.016236 0.025500 0.024979
1 0.993250 0.009575 0.013500 0.012989
1 0.463438 0.007077 0.014250 0.006994
1 0.164687 0.010408 0.012750 0.014988
1 0.934063 0.008326 0.029250 0.013988
1 0.852187 0.007494 0.015750 0.011990
1 0.307188 0.007910 0.006750 0.012989
1 0.040938 0.007910 0.023250 0.012989
1 0.697500 0.016986 0.016500 0.033972
1 0.605000 0.071940 0.099000 0.143880
1 0.545625 0.011990 0.018000 0.023980
1 0.437812 0.009159 0.011250 0.017985
1 0.276250 0.007077 0.015000 0.012989
1 0.984688 0.006495 0.014250 0.012989
1 0.963250 0.110908 0.073500 0.221815
1 0.912500 0.036470 0.099000 0.072939
1 0.873750 0.009992 0.012000 0.019983
1 0.828750 0.009492 0.019500 0.018984
1 0.791562 0.043963 0.054750 0.087927
1 0.775000 0.005995 0.010500 0.011990
1 0.758437 0.012989 0.026250 0.025978
1 0.745313 0.057452 0.053250 0.114904
1 0.712812 0.030475 0.038250 0.060949
1 0.682187 0.014988 0.027750 0.029975
1 0.662188 0.038468 0.053250 0.076936
1 0.594063 0.026978 0.024750 0.053955
1 0.566250 0.013489 0.037500 0.026978
1 0.536563 0.008993 0.009750 0.017985
1 0.521250 0.004996 0.019500 0.009992
1 0.491875 0.027477 0.048000 0.054954
1 0.448437 0.007993 0.023250 0.015987
1 0.428438 0.005995 0.008250 0.011990
1 0.415625 0.045962 0.087000 0.091923
1 0.385313 0.017985 0.023250 0.035970
1 0.358125 0.008493 0.036000 0.016986
1 0.374063 0.093922 0.155250 0.187843
1 0.265625 0.017985 0.018000 0.035970
1 0.259375 0.010991 0.007500 0.021982
1 0.245000 0.010491 0.025500 0.020983
1 0.226875 0.010991 0.016500 0.021982
1 0.199063 0.038968 0.056250 0.077935
1 0.161250 0.007993 0.015000 0.015987
1 0.136875 0.024480 0.040500 0.048959
1 0.107813 0.009992 0.017250 0.019983
1 0.091563 0.008993 0.023250 0.017985
1 0.052875 0.045462 0.105750 0.090924
1 0.060937 0.005995 0.018750 0.011990
1 0.026562 0.004996 0.012750 0.009992
1 0.011875 0.007993 0.018000 0.015987
