1 0.502344 0.852604 0.033750 0.081250
1 0.382031 0.829167 0.056250 0.042500
1 0.421875 0.797917 0.061875 0.122500
1 0.271094 0.767188 0.082500 0.048750
1 0.675391 0.772396 0.139687 0.106250
1 0.222656 0.757292 0.041250 0.075000
1 0.360547 0.775521 0.132187 0.126250
1 0.743359 0.733333 0.117188 0.057500
1 0.192578 0.735938 0.042188 0.066250
1 0.462500 0.745313 0.033750 0.103750
1 0.352344 0.710938 0.024375 0.031250
1 0.364453 0.689063 0.019688 0.011250
1 0.327344 0.694792 0.022500 0.027500
1 0.690234 0.704167 0.042188 0.060000
1 0.493750 0.742708 0.097500 0.165000
1 0.250000 0.675000 0.022500 0.010000
1 0.302734 0.719271 0.072187 0.123750
1 0.235547 0.716667 0.079687 0.117500
1 0.537109 0.685937 0.038437 0.066250
1 0.783594 0.680729 0.060000 0.056250
1 0.250391 0.664062 0.025312 0.018750
1 0.076953 0.679167 0.040313 0.065000
1 0.588281 0.672917 0.037500 0.060000
1 0.426563 0.688021 0.060000 0.101250
1 0.320703 0.656250 0.023438 0.030000
1 0.104688 0.690104 0.056250 0.113750
1 0.718359 0.675521 0.079687 0.091250
1 0.283594 0.643229 0.013125 0.016250
1 0.206641 0.651042 0.042188 0.037500
1 0.160156 0.643229 0.011250 0.018750
1 0.167187 0.640625 0.026250 0.037500
1 0.667578 0.641667 0.034687 0.075000
1 0.527734 0.628646 0.051562 0.048750
1 0.485547 0.629167 0.083437 0.080000
1 0.385547 0.643750 0.049687 0.117500
1 0.380078 0.615104 0.036562 0.056250
1 0.234375 0.597396 0.037500 0.048750
1 0.423438 0.597396 0.041250 0.051250
1 0.622266 0.598958 0.027187 0.062500
1 0.311328 0.587500 0.068437 0.037500
1 0.152734 0.657292 0.105937 0.212500
1 0.332422 0.576562 0.023438 0.046250
1 0.757422 0.577083 0.049687 0.055000
1 0.201953 0.575000 0.057188 0.055000
1 0.616016 0.559896 0.023438 0.026250
1 0.505078 0.564063 0.062812 0.041250
1 0.546094 0.576042 0.041250 0.072500
1 0.440625 0.592708 0.082500 0.115000
1 0.433594 0.556771 0.022500 0.036250
1 0.485938 0.553125 0.018750 0.032500
1 0.272656 0.566146 0.020625 0.063750
1 0.293750 0.550521 0.052500 0.033750
1 0.346484 0.543750 0.008437 0.027500
1 0.329297 0.543229 0.027187 0.028750
1 0.621094 0.536979 0.016875 0.016250
1 0.389453 0.545312 0.032813 0.041250
1 0.165234 0.565104 0.053437 0.101250
1 0.509375 0.532813 0.054375 0.026250
1 0.589063 0.541667 0.056250 0.050000
1 0.424609 0.521354 0.010312 0.021250
1 0.655078 0.528125 0.040313 0.047500
1 0.639453 0.585938 0.214688 0.201250
1 0.532422 0.506771 0.021562 0.026250
1 0.459375 0.509896 0.022500 0.041250
1 0.270313 0.532292 0.106875 0.095000
1 0.109375 0.500000 0.013125 0.022500
1 0.580469 0.510417 0.088125 0.077500
1 0.747656 0.497917 0.058125 0.052500
1 0.611328 0.488021 0.017813 0.028750
1 0.476562 0.472917 0.016875 0.020000
1 0.484766 0.481250 0.040313 0.042500
1 0.539453 0.464583 0.025312 0.012500
1 0.412891 0.473438 0.032813 0.033750
1 0.661328 0.492188 0.100312 0.083750
1 0.083984 0.482292 0.045937 0.060000
1 0.111719 0.498437 0.058125 0.118750
1 0.244922 0.466146 0.055313 0.048750
1 0.540234 0.454167 0.029062 0.027500
1 0.493750 0.443229 0.016875 0.013750
1 0.192188 0.481771 0.084375 0.113750
1 0.327734 0.458333 0.059062 0.065000
1 0.602734 0.446354 0.040313 0.073750
1 0.087109 0.424479 0.059062 0.048750
1 0.232031 0.420833 0.080625 0.042500
1 0.358203 0.464583 0.096562 0.152500
1 0.557422 0.435937 0.060937 0.093750
1 0.687109 0.423438 0.036562 0.068750
1 0.217969 0.397917 0.024375 0.012500
1 0.452344 0.405729 0.016875 0.033750
1 0.516016 0.400521 0.017813 0.023750
1 0.119141 0.402604 0.060937 0.048750
1 0.271875 0.408854 0.103125 0.081250
1 0.313672 0.391667 0.049687 0.052500
1 0.419141 0.402604 0.075938 0.103750
1 0.501563 0.384375 0.097500 0.080000
1 0.191016 0.380729 0.089063 0.141250
1 0.382031 0.237500 0.043125 0.070000
