1 0.163594 0.856875 0.327188 0.286250
1 0.645312 0.612500 0.018750 0.042500
1 0.610547 0.604688 0.030937 0.023750
1 0.519531 0.605208 0.022500 0.045000
1 0.687500 0.570833 0.033750 0.027500
1 0.521875 0.561458 0.016875 0.045000
1 0.508203 0.547917 0.023438 0.032500
1 0.639453 0.568750 0.113437 0.090000
1 0.587500 0.527604 0.022500 0.026250
1 0.631250 0.527083 0.018750 0.042500
1 0.558984 0.522396 0.015938 0.036250
1 0.682422 0.510938 0.030937 0.026250
1 0.524219 0.532813 0.067500 0.081250
1 0.559766 0.491146 0.025312 0.028750
1 0.375781 0.494792 0.026250 0.037500
1 0.683594 0.469271 0.031875 0.026250
1 0.358594 0.474479 0.018750 0.038750
1 0.600000 0.458333 0.028125 0.025000
1 0.618750 0.484896 0.112500 0.123750
1 0.553125 0.452604 0.067500 0.061250
1 0.312500 0.431250 0.043125 0.062500
1 0.302734 0.419271 0.027187 0.033750
1 0.662891 0.418750 0.019688 0.035000
1 0.387109 0.392188 0.030937 0.028750
1 0.429297 0.472917 0.255937 0.277500
1 0.326172 0.354167 0.010312 0.012500
1 0.470313 0.358854 0.030000 0.036250
1 0.499219 0.362500 0.028125 0.047500
1 0.424219 0.346875 0.028125 0.027500
1 0.569922 0.392188 0.139687 0.141250
1 0.390625 0.343750 0.043125 0.065000
1 0.469922 0.322917 0.021562 0.035000
1 0.344531 0.332292 0.035625 0.060000
1 0.332031 0.316146 0.018750 0.038750
1 0.389844 0.303646 0.031875 0.026250
1 0.340234 0.288542 0.029062 0.032500
1 0.362500 0.284896 0.030000 0.028750
1 0.432812 0.305208 0.075000 0.097500
1 0.519922 0.262500 0.021562 0.040000
1 0.324609 0.173437 0.019688 0.036250
1 0.847188 0.133125 0.305625 0.266250
1 0.097969 0.200625 0.195937 0.401250
