1 0.808750 0.968500 0.093000 0.063000
1 0.959500 0.949000 0.081000 0.102000
1 0.295000 0.901250 0.108000 0.159000
1 0.974500 0.846250 0.051000 0.141000
1 0.896250 0.742500 0.135000 0.120000
1 0.820000 0.811000 0.294000 0.378000
1 0.648750 0.747500 0.105000 0.156000
1 0.702500 0.610000 0.168000 0.162000
1 0.428750 0.400000 0.111000 0.102000
1 0.958000 0.372500 0.084000 0.102000
1 0.672500 0.351250 0.114000 0.123000
1 0.301250 0.230000 0.039000 0.042000
1 0.685000 0.208750 0.168000 0.105000
1 0.923750 0.111250 0.045000 0.021000
1 0.064500 0.137500 0.129000 0.084000
1 0.761250 0.019500 0.099000 0.039000
1 0.383750 0.027000 0.021000 0.054000
1 0.355000 0.024000 0.042000 0.048000
1 0.215000 0.031500 0.120000 0.063000
1 0.600000 0.415500 1.000000 0.831000
