1 0.083930 0.838750 0.167860 0.322500
1 0.844130 0.830125 0.311740 0.339750
1 0.378018 0.597812 0.033972 0.044250
1 0.505412 0.588125 0.057952 0.024000
1 0.515404 0.557187 0.053955 0.026250
1 0.469609 0.570937 0.053955 0.062250
1 0.584097 0.547500 0.012989 0.015000
1 0.636137 0.553125 0.043963 0.031500
1 0.450458 0.543750 0.013988 0.010500
1 0.670691 0.552500 0.036969 0.042000
1 0.159867 0.549687 0.039967 0.039750
1 0.704829 0.541562 0.032973 0.036750
1 0.220649 0.545312 0.109908 0.060750
1 0.384263 0.546250 0.064946 0.066000
1 0.119067 0.523750 0.055953 0.015000
1 0.638634 0.519375 0.029975 0.012000
1 0.112406 0.514687 0.047960 0.020250
1 0.157369 0.509062 0.061948 0.017250
1 0.420899 0.513125 0.050958 0.028500
1 0.442548 0.530625 0.062948 0.073500
1 0.818068 0.512188 0.036969 0.036750
1 0.381765 0.508750 0.050958 0.028500
1 0.604913 0.497812 0.014988 0.006750
1 0.788926 0.518750 0.050958 0.063000
1 0.574105 0.495000 0.010991 0.009000
1 0.174438 0.503437 0.098918 0.035250
1 0.357619 0.499063 0.042964 0.036750
1 0.634055 0.497500 0.064946 0.054000
1 0.306411 0.489063 0.035970 0.033750
1 0.098668 0.485312 0.058951 0.029250
1 0.184013 0.479375 0.051957 0.031500
1 0.547877 0.467187 0.049958 0.027750
1 0.371774 0.466250 0.054954 0.027000
1 0.225229 0.467813 0.034971 0.041250
1 0.748543 0.498750 0.111907 0.118500
1 0.706495 0.486563 0.130891 0.089250
1 0.647377 0.462500 0.028976 0.033000
1 0.550375 0.517500 0.203830 0.174000
1 0.491674 0.452813 0.052956 0.029250
1 0.708160 0.450000 0.050958 0.027000
1 0.673189 0.454062 0.034971 0.041250
1 0.564946 0.443125 0.050958 0.025500
1 0.268943 0.438125 0.039967 0.028500
1 0.746045 0.435312 0.047960 0.029250
1 0.799750 0.426875 0.048959 0.025500
1 0.136969 0.425312 0.048959 0.029250
1 0.417152 0.408750 0.019983 0.012000
1 0.257286 0.443125 0.227810 0.099000
1 0.315987 0.412187 0.054954 0.026250
1 0.571607 0.414687 0.058951 0.041250
1 0.830142 0.402813 0.043963 0.030750
1 0.434221 0.399375 0.042964 0.027000
1 0.413405 0.388125 0.014988 0.013500
1 0.795171 0.398750 0.033972 0.040500
1 0.672356 0.384688 0.052956 0.026250
1 0.675687 0.430312 0.188843 0.143250
1 0.155704 0.378750 0.053955 0.027000
1 0.414238 0.370937 0.040966 0.023250
1 0.590758 0.376250 0.062948 0.037500
1 0.830142 0.370000 0.053955 0.027000
1 0.245212 0.381875 0.096919 0.055500
1 0.423813 0.354375 0.023980 0.015000
1 0.745629 0.360938 0.046961 0.032250
1 0.800167 0.354687 0.055953 0.026250
1 0.314321 0.368437 0.058951 0.072750
1 0.402998 0.339687 0.013988 0.008250
1 0.652789 0.351250 0.101915 0.043500
1 0.611157 0.339062 0.049958 0.029250
1 0.223147 0.336562 0.037968 0.036750
1 0.710658 0.344375 0.080933 0.060000
1 0.456286 0.419063 0.265779 0.252750
1 0.395087 0.360625 0.152873 0.130500
1 0.713156 0.319063 0.032973 0.035250
1 0.914238 0.265937 0.033972 0.039750
1 0.557452 0.247812 0.040966 0.035250
1 0.971524 0.014625 0.056953 0.029250
1 0.190341 0.207375 0.380683 0.414750
