1 0.960250 0.980516 0.079500 0.038968
1 0.580000 0.777269 0.033000 0.040966
1 0.607187 0.770608 0.035250 0.036969
1 0.546250 0.768943 0.031500 0.042964
1 0.569375 0.746878 0.013500 0.023980
1 0.585000 0.746045 0.010500 0.033972
1 0.546875 0.731057 0.054000 0.039967
1 0.633437 0.710658 0.035250 0.030974
1 0.564688 0.708993 0.021750 0.030974
1 0.586250 0.711907 0.022500 0.045962
1 0.529062 0.718152 0.059250 0.064946
1 0.572812 0.681515 0.014250 0.030974
1 0.587187 0.674438 0.017250 0.037968
1 0.660000 0.672356 0.030000 0.036969
1 0.596250 0.657785 0.048000 0.045962
1 0.436563 0.650291 0.039750 0.037968
1 0.613750 0.671107 0.045000 0.089925
1 0.576562 0.636137 0.012750 0.017985
1 0.541875 0.634471 0.034500 0.025978
1 0.585313 0.621982 0.017250 0.009992
1 0.616563 0.621149 0.023250 0.031973
1 0.640000 0.624896 0.034500 0.046961
1 0.475625 0.610325 0.070500 0.041965
1 0.611563 0.602831 0.066750 0.033972
1 0.495312 0.597002 0.008250 0.019983
1 0.669375 0.604913 0.025500 0.040966
1 0.516563 0.603664 0.023250 0.045962
1 0.561562 0.602831 0.033750 0.053955
1 0.589063 0.581182 0.030750 0.037968
1 0.483438 0.577435 0.018750 0.028976
1 0.550000 0.613239 0.058500 0.136886
1 0.553125 0.554122 0.006000 0.014988
1 0.597187 0.564530 0.122250 0.055953
1 0.518125 0.543297 0.060000 0.028976
1 0.489063 0.561199 0.051750 0.077935
1 0.583438 0.528310 0.015750 0.020983
1 0.482187 0.518318 0.041250 0.024979
1 0.556250 0.524563 0.043500 0.043963
1 0.600313 0.514571 0.012750 0.033972
1 0.428125 0.509159 0.031500 0.032973
1 0.549063 0.492090 0.008250 0.009992
1 0.507188 0.509992 0.038250 0.052956
1 0.532500 0.505828 0.016500 0.048959
1 0.507812 0.487510 0.030750 0.020983
1 0.570312 0.489592 0.033750 0.027977
1 0.403438 0.479600 0.023250 0.011990
1 0.615625 0.472939 0.016500 0.011990
1 0.485938 0.475021 0.065250 0.056953
1 0.531250 0.456703 0.009000 0.014988
1 0.404062 0.460450 0.021750 0.025978
1 0.422812 0.521649 0.135750 0.176853
1 0.403438 0.452956 0.011250 0.019983
1 0.616875 0.494588 0.055500 0.135887
1 0.402187 0.439634 0.006750 0.009992
1 0.515312 0.442548 0.023250 0.030974
1 0.443125 0.434221 0.015000 0.022981
1 0.413438 0.427560 0.026250 0.026978
1 0.486563 0.408826 0.024750 0.015987
1 0.525937 0.407577 0.026250 0.024979
1 0.570000 0.409242 0.016500 0.030974
1 0.592500 0.417152 0.039000 0.059950
1 0.496875 0.401749 0.019500 0.030974
1 0.362500 0.413405 0.051000 0.068943
1 0.408125 0.387594 0.015000 0.030974
1 0.509375 0.395087 0.021000 0.050958
1 0.465625 0.393422 0.016500 0.046961
1 0.556875 0.388426 0.042000 0.046961
1 0.480938 0.373022 0.033750 0.029975
1 0.461250 0.360533 0.013500 0.029975
1 0.354687 0.365112 0.035250 0.040966
1 0.526875 0.363863 0.043500 0.049958
1 0.437500 0.345129 0.039000 0.048959
1 0.455937 0.315987 0.005250 0.016986
1 0.479375 0.340966 0.061500 0.080933
1 0.548125 0.326811 0.022500 0.048959
1 0.417187 0.335554 0.036750 0.083930
1 0.626563 0.315570 0.032250 0.041965
1 0.387500 0.306828 0.018000 0.030974
1 0.367188 0.353872 0.092250 0.143880
1 0.430000 0.306411 0.040500 0.039967
1 0.494688 0.301832 0.029250 0.044963
1 0.334688 0.283514 0.059250 0.048959
1 0.501563 0.266028 0.021750 0.050958
1 0.381250 0.267277 0.150000 0.069942
1 0.519687 0.287677 0.039750 0.122898
1 0.475938 0.270192 0.062250 0.082931
1 0.529687 0.232723 0.029250 0.036969
1 0.471562 0.243131 0.066750 0.065945
1 0.511875 0.218984 0.022500 0.023980
1 0.396250 0.211490 0.009000 0.017985
1 0.426250 0.213156 0.061500 0.047960
1 0.471875 0.180266 0.030000 0.046961
1 0.419687 0.178601 0.026250 0.050958
1 0.445625 0.162365 0.028500 0.049958
1 0.141750 0.522065 0.283500 1.000000
1 0.498437 0.034555 0.035250 0.032973
1 0.858250 0.522565 0.283500 1.000000
1 0.039750 0.019484 0.079500 0.038968
