1 0.509375 0.718229 0.020625 0.041250
1 0.473828 0.693229 0.021562 0.033750
1 0.777813 0.820625 0.444375 0.358750
1 0.556250 0.680208 0.024375 0.027500
1 0.444141 0.681250 0.017813 0.037500
1 0.522266 0.683333 0.042188 0.097500
1 0.508594 0.637500 0.026250 0.022500
1 0.422266 0.638542 0.023438 0.027500
1 0.558984 0.641146 0.042188 0.071250
1 0.529687 0.585938 0.024375 0.023750
1 0.608203 0.542188 0.029062 0.023750
1 0.614453 0.460417 0.014063 0.037500
1 0.476562 0.436458 0.013125 0.010000
1 0.389844 0.422396 0.024375 0.026250
1 0.480078 0.402083 0.025312 0.040000
1 0.455859 0.388021 0.015938 0.033750
1 0.491797 0.347396 0.017813 0.033750
1 0.602344 0.327604 0.022500 0.021250
1 0.450781 0.318229 0.022500 0.021250
1 0.468750 0.343229 0.035625 0.108750
1 0.533203 0.297917 0.021562 0.032500
1 0.521094 0.261458 0.046875 0.032500
1 0.482422 0.259375 0.017813 0.037500
1 0.519141 0.458333 0.244688 0.527500
1 0.518359 0.240104 0.017813 0.031250
1 0.496484 0.238542 0.017813 0.037500
1 0.430078 0.175521 0.027187 0.023750
1 0.591094 0.440625 1.000000 0.881250
