1 0.549375 0.827227 0.024000 0.050958
1 0.497188 0.790175 0.032250 0.041965
1 0.595938 0.780183 0.024750 0.039967
1 0.553125 0.753122 0.025500 0.050958
1 0.631875 0.751457 0.022500 0.050958
1 0.528750 0.783514 0.037500 0.139883
1 0.562500 0.712323 0.033000 0.036969
1 0.498437 0.732723 0.051750 0.095920
1 0.637188 0.692340 0.026250 0.046961
1 0.547500 0.677769 0.009000 0.017985
1 0.663438 0.686095 0.032250 0.039967
1 0.621563 0.673605 0.042750 0.075937
1 0.590313 0.699417 0.053250 0.153872
1 0.543750 0.643630 0.028500 0.031973
1 0.605313 0.618235 0.023250 0.050958
1 0.570312 0.645712 0.056250 0.124896
1 0.640625 0.615321 0.058500 0.053955
1 0.448437 0.602415 0.042750 0.034971
1 0.533750 0.599500 0.031500 0.045962
1 0.486250 0.575354 0.040500 0.035970
1 0.551562 0.566195 0.009750 0.021982
1 0.561250 0.579517 0.022500 0.055953
1 0.588125 0.567027 0.034500 0.069942
1 0.551562 0.523730 0.023250 0.037968
1 0.516250 0.508326 0.010500 0.014988
1 0.511563 0.550791 0.059250 0.134888
1 0.584375 0.517902 0.051000 0.079933
1 0.647188 0.534138 0.105750 0.150874
1 0.539062 0.483347 0.069750 0.086928
1 0.520625 0.445878 0.006000 0.012989
1 0.571875 0.460866 0.027000 0.050958
1 0.647813 0.470025 0.042750 0.074938
1 0.524062 0.440050 0.012750 0.020983
1 0.535937 0.429226 0.027750 0.036969
1 0.500938 0.431724 0.015750 0.042964
1 0.669063 0.447544 0.042750 0.082931
1 0.574688 0.427977 0.017250 0.041965
1 0.478125 0.477102 0.093000 0.181848
1 0.539687 0.406328 0.012750 0.013988
1 0.463438 0.402998 0.042750 0.039967
1 0.557813 0.406328 0.021750 0.055953
1 0.512500 0.391341 0.007500 0.023980
1 0.624375 0.429642 0.099000 0.145878
1 0.577812 0.388010 0.027750 0.055953
1 0.511563 0.383014 0.041250 0.063947
1 0.600000 0.392173 0.045000 0.105912
1 0.739375 0.358451 0.033000 0.040966
1 0.597500 0.340550 0.013500 0.023980
1 0.565937 0.352623 0.027750 0.068943
1 0.636563 0.348460 0.035250 0.060949
1 0.484375 0.350958 0.049500 0.096919
1 0.667188 0.320983 0.026250 0.050958
1 0.555000 0.318485 0.028500 0.054954
1 0.545937 0.297252 0.011250 0.015987
1 0.477812 0.291840 0.044250 0.042964
1 0.585938 0.299750 0.078750 0.109908
1 0.591562 0.258535 0.009750 0.020983
1 0.629375 0.263114 0.024000 0.053955
1 0.486875 0.256037 0.039000 0.042964
1 0.657813 0.279351 0.038250 0.108909
1 0.572500 0.234804 0.025500 0.053955
1 0.685625 0.209825 0.031500 0.033972
1 0.490625 0.204829 0.027000 0.057952
1 0.664062 0.217319 0.054750 0.089925
1 0.537500 0.304746 0.084000 0.301749
1 0.585313 0.191091 0.026250 0.048959
1 0.629687 0.207327 0.078750 0.107910
1 0.537188 0.218568 0.086250 0.184846
1 0.506563 0.157369 0.062250 0.053955
1 0.617500 0.132390 0.036000 0.037968
1 0.592187 0.130724 0.023250 0.049958
1 0.578125 0.114488 0.004500 0.016986
1 0.512813 0.121149 0.038250 0.040966
1 0.655937 0.120733 0.024750 0.057952
1 0.614062 0.093256 0.029250 0.051957
1 0.643437 0.088676 0.024750 0.058951
