1 0.455037 0.710313 0.024979 0.035250
1 0.513739 0.690000 0.025978 0.028500
1 0.556619 0.680625 0.024979 0.031500
1 0.404663 0.672500 0.037968 0.022500
1 0.469609 0.661250 0.031973 0.030000
1 0.440466 0.677500 0.055953 0.085500
1 0.601998 0.643125 0.035970 0.022500
1 0.484596 0.637500 0.037968 0.021000
1 0.413822 0.638125 0.049958 0.064500
1 0.536220 0.636563 0.113905 0.092250
1 0.595337 0.592812 0.033972 0.023250
1 0.472939 0.589063 0.027977 0.023250
1 0.567444 0.587812 0.028976 0.035250
1 0.544130 0.585938 0.024979 0.032250
1 0.498751 0.595938 0.063947 0.078750
1 0.501249 0.551250 0.025978 0.033000
1 0.381765 0.542813 0.040966 0.020250
1 0.445046 0.530312 0.094921 0.092250
1 0.414238 0.489375 0.056953 0.031500
1 0.524979 0.479375 0.024979 0.033000
1 0.402998 0.466875 0.021982 0.034500
1 0.600333 0.452813 0.021982 0.006750
1 0.461699 0.455625 0.020983 0.019500
1 0.722315 0.445625 0.034971 0.022500
1 0.518318 0.445000 0.028976 0.030000
1 0.481682 0.431875 0.012989 0.010500
1 0.522065 0.413125 0.007993 0.015000
1 0.607410 0.421563 0.034971 0.038250
1 0.514571 0.430937 0.075937 0.078750
1 0.642381 0.410000 0.030974 0.030000
1 0.507910 0.394062 0.021982 0.014250
1 0.532889 0.384375 0.031973 0.013500
1 0.530808 0.476250 0.294754 0.243000
1 0.600000 0.610313 1.000000 0.567750
1 0.543297 0.368125 0.038968 0.022500
1 0.607410 0.370937 0.024979 0.032250
1 0.451707 0.366875 0.038968 0.022500
1 0.673605 0.347500 0.033972 0.019500
1 0.465862 0.345938 0.034971 0.020250
1 0.551624 0.346875 0.024979 0.031500
1 0.647377 0.369063 0.070941 0.098250
1 0.569942 0.367812 0.138884 0.117750
1 0.639051 0.325937 0.026978 0.029250
1 0.569109 0.323750 0.026978 0.030000
1 0.512073 0.343438 0.115903 0.123750
1 0.608659 0.293438 0.037968 0.021750
1 0.495837 0.293438 0.058951 0.033750
1 0.650291 0.291250 0.025978 0.034500
1 0.582431 0.289687 0.020983 0.030750
1 0.504580 0.275313 0.033972 0.023250
1 0.609492 0.270937 0.031973 0.027750
1 0.640716 0.271875 0.024979 0.034500
1 0.748543 0.220938 0.037968 0.021750
1 0.600000 0.270750 1.000000 0.541500
