1 0.622315 0.874000 0.755371 0.252000
1 0.235637 0.755313 0.037968 0.032250
1 0.585346 0.685937 0.049958 0.035250
1 0.410908 0.669687 0.036969 0.033750
1 0.387177 0.663438 0.039967 0.033750
1 0.303081 0.656563 0.055953 0.029250
1 0.407577 0.645312 0.022981 0.008250
1 0.267277 0.655000 0.049958 0.031500
1 0.442548 0.635000 0.030974 0.009000
1 0.442548 0.642188 0.058951 0.029250
1 0.387177 0.638750 0.109908 0.040500
1 0.256037 0.630625 0.052956 0.024000
1 0.298501 0.627812 0.038968 0.033750
1 0.387177 0.622188 0.029975 0.027750
1 0.491674 0.624375 0.046961 0.036000
1 0.461699 0.617500 0.044963 0.027000
1 0.629059 0.613750 0.062948 0.025500
1 0.495004 0.608437 0.016986 0.014250
1 0.341382 0.613437 0.039967 0.038250
1 0.426728 0.607187 0.056953 0.024750
1 0.277685 0.605000 0.054954 0.022500
1 0.144380 0.756625 0.288759 0.486750
1 0.474188 0.596875 0.016986 0.018000
1 0.734388 0.595000 0.061948 0.030000
1 0.686095 0.593125 0.085928 0.027000
1 0.495004 0.584375 0.026978 0.009000
1 0.517485 0.592187 0.032973 0.032250
1 0.312240 0.585313 0.059950 0.024750
1 0.723980 0.586562 0.022981 0.029250
1 0.488343 0.577187 0.010991 0.012750
1 0.385928 0.601875 0.064946 0.076500
1 0.569942 0.590625 0.060949 0.054000
1 0.640300 0.584375 0.033972 0.040500
1 0.410491 0.588437 0.059950 0.051750
1 0.619484 0.585625 0.073938 0.051000
1 0.691091 0.567813 0.019983 0.011250
1 0.605745 0.571875 0.036969 0.024000
1 0.272273 0.572500 0.039967 0.039000
1 0.565362 0.560937 0.013988 0.012750
1 0.595754 0.562813 0.052956 0.018750
1 0.524563 0.565312 0.025978 0.026250
1 0.435887 0.557500 0.026978 0.018000
1 0.671107 0.554063 0.021982 0.011250
1 0.547460 0.564688 0.050958 0.038250
1 0.460033 0.568438 0.044963 0.047250
1 0.646128 0.551562 0.029975 0.009750
1 0.498751 0.555937 0.043963 0.020250
1 0.689425 0.553125 0.013988 0.015000
1 0.572856 0.547813 0.009992 0.011250
1 0.311407 0.558125 0.039967 0.036000
1 0.763947 0.560000 0.052956 0.049500
1 0.636969 0.544063 0.011990 0.011250
1 0.440883 0.542813 0.020983 0.011250
1 0.661532 0.542188 0.038968 0.012750
1 0.748127 0.547188 0.034971 0.026250
1 0.687760 0.540625 0.015987 0.010500
1 0.414238 0.545000 0.022981 0.024000
1 0.528310 0.542188 0.020983 0.029250
1 0.231474 0.543125 0.071940 0.033000
1 0.719817 0.535000 0.024979 0.018000
1 0.743547 0.542188 0.049958 0.036750
1 0.775604 0.530312 0.024979 0.011250
1 0.493755 0.538438 0.105912 0.033750
1 0.811823 0.538125 0.055953 0.034500
1 0.267277 0.529375 0.011990 0.016500
1 0.307660 0.526250 0.018984 0.010500
1 0.410908 0.528438 0.020983 0.017250
1 0.388426 0.536250 0.040966 0.037500
1 0.726894 0.523125 0.015987 0.010500
1 0.673605 0.520312 0.031973 0.009750
1 0.467943 0.522188 0.025978 0.018750
1 0.555787 0.533750 0.046961 0.048000
1 0.430891 0.518437 0.008993 0.012750
1 0.911740 0.528438 0.045962 0.038250
1 0.438801 0.519375 0.015987 0.016500
1 0.604496 0.528750 0.087927 0.045000
1 0.797252 0.515312 0.068943 0.018750
1 0.702331 0.516250 0.032973 0.022500
1 0.300999 0.521250 0.072939 0.037500
1 0.665695 0.512188 0.022981 0.017250
1 0.379684 0.529687 0.123897 0.063750
1 0.748959 0.512813 0.034971 0.027750
1 0.472939 0.503750 0.023980 0.009000
1 0.526644 0.505313 0.044963 0.020250
1 0.264363 0.511875 0.108909 0.039000
1 0.593672 0.505313 0.051957 0.026250
1 0.472523 0.497500 0.022981 0.007500
1 0.815987 0.497188 0.041965 0.011250
1 0.442964 0.494375 0.019983 0.007500
1 0.853039 0.491250 0.016986 0.006000
1 0.348043 0.518437 0.197835 0.077250
1 0.900916 0.500625 0.051957 0.036000
1 0.577852 0.490312 0.017985 0.015750
1 0.796003 0.494375 0.085928 0.030000
1 0.734388 0.490000 0.033972 0.022500
1 0.332639 0.492812 0.042964 0.029250
1 0.651957 0.493125 0.037968 0.034500
1 0.436303 0.484063 0.019983 0.012750
1 0.521232 0.493750 0.045962 0.037500
1 0.360533 0.483438 0.033972 0.012750
1 0.873855 0.485312 0.024979 0.020250
1 0.849292 0.480938 0.011990 0.014250
1 0.475437 0.480000 0.019983 0.015000
1 0.512490 0.476562 0.016986 0.009750
1 0.810991 0.475313 0.017985 0.014250
1 0.412157 0.475313 0.031973 0.021750
1 0.970525 0.475000 0.058951 0.030000
1 0.621565 0.474062 0.078934 0.035250
1 0.499167 0.466250 0.018984 0.016500
1 0.350958 0.469375 0.044963 0.025500
1 0.569525 0.465000 0.011990 0.016500
1 0.388010 0.466875 0.039967 0.034500
1 0.686928 0.464375 0.059950 0.033000
1 0.453372 0.456250 0.028976 0.016500
1 0.839717 0.457188 0.066944 0.023250
1 0.552040 0.453125 0.019983 0.015000
1 0.427977 0.454688 0.029975 0.021750
1 0.548293 0.449688 0.024979 0.017250
1 0.717319 0.462187 0.092923 0.053250
1 0.783514 0.453125 0.049958 0.036000
1 0.904663 0.449688 0.084929 0.041250
1 0.528726 0.442500 0.045962 0.034500
1 0.654871 0.441563 0.078934 0.038250
1 0.515404 0.439375 0.037968 0.040500
1 0.975021 0.432188 0.049958 0.027750
1 0.453372 0.433750 0.052956 0.031500
1 0.709825 0.434375 0.048959 0.039000
1 0.680266 0.425312 0.047960 0.017250
1 0.907161 0.429375 0.056953 0.030000
1 0.769775 0.426563 0.052956 0.024750
1 0.584097 0.424063 0.010991 0.018750
1 0.813489 0.431250 0.045962 0.037500
1 0.487510 0.441563 0.108909 0.074250
1 0.859284 0.423438 0.045962 0.041250
1 0.544963 0.412500 0.022981 0.019500
1 0.606578 0.431563 0.072939 0.068250
1 0.575354 0.407813 0.015987 0.017250
1 0.665279 0.403438 0.061948 0.029250
1 0.891757 0.404062 0.023980 0.038250
1 0.504163 0.399375 0.062948 0.028500
1 0.910908 0.400625 0.017985 0.039000
1 0.611990 0.406562 0.063947 0.066750
1 0.558285 0.390313 0.062948 0.029250
1 0.873022 0.387500 0.044963 0.039000
1 0.980516 0.369063 0.038968 0.027750
1 0.927144 0.369063 0.040966 0.029250
1 0.824729 0.360625 0.018984 0.009000
1 0.913822 0.364063 0.042964 0.026250
1 0.643630 0.360312 0.041965 0.042750
1 0.825562 0.344062 0.066944 0.024750
1 0.962032 0.343750 0.075937 0.030000
1 0.901749 0.334688 0.051957 0.039750
1 0.251291 0.084000 0.502581 0.168000
