1 0.562500 0.977500 0.036000 0.045000
1 0.478750 0.970000 0.063000 0.060000
1 0.451250 0.950000 0.033000 0.042000
1 0.965500 0.955000 0.069000 0.090000
1 0.095000 0.947500 0.162000 0.105000
1 0.923500 0.935500 0.153000 0.129000
1 0.472500 0.920000 0.042000 0.072000
1 0.631250 0.880000 0.555000 0.240000
1 0.223750 0.863500 0.273000 0.273000
1 0.685000 0.758750 0.042000 0.021000
1 0.058500 0.821250 0.117000 0.201000
1 0.808750 0.753750 0.171000 0.165000
1 0.175000 0.666250 0.042000 0.039000
1 0.250000 0.700000 0.210000 0.144000
1 0.616250 0.742500 0.213000 0.300000
1 0.407500 0.726250 0.138000 0.315000
1 0.323750 0.537500 0.033000 0.078000
1 0.386250 0.505000 0.123000 0.228000
