1 0.555859 0.874479 0.029062 0.028750
1 0.494531 0.779167 0.020625 0.045000
1 0.471875 0.770312 0.018750 0.041250
1 0.512891 0.761979 0.021562 0.041250
1 0.471875 0.742708 0.050625 0.035000
1 0.555078 0.708854 0.023438 0.028750
1 0.464844 0.700521 0.026250 0.033750
1 0.515234 0.660417 0.021562 0.040000
1 0.394922 0.639583 0.025312 0.030000
1 0.558984 0.628125 0.017813 0.042500
1 0.634766 0.616667 0.025312 0.037500
1 0.535156 0.602604 0.030000 0.046250
1 0.398828 0.482292 0.017813 0.045000
1 0.512500 0.419792 0.018750 0.045000
1 0.416797 0.388542 0.032813 0.030000
1 0.509375 0.367708 0.028125 0.027500
1 0.635547 0.348438 0.025312 0.038750
1 0.540234 0.314583 0.029062 0.035000
1 0.498437 0.507292 0.298125 0.565000
1 0.618750 0.288021 0.022500 0.043750
1 0.485938 0.292187 0.052500 0.078750
1 0.586719 0.260417 0.028125 0.037500
1 0.538281 0.266667 0.024375 0.077500
1 0.493750 0.242708 0.026250 0.040000
1 0.551562 0.214062 0.026250 0.048750
