1 0.646484 0.967187 0.023438 0.028750
1 0.198828 0.909375 0.075938 0.181250
1 0.866406 0.903125 0.267188 0.193750
1 0.670703 0.855208 0.021562 0.042500
1 0.650000 0.843750 0.024375 0.037500
1 0.685156 0.839583 0.015000 0.042500
1 0.679297 0.813542 0.042188 0.042500
1 0.600391 0.806250 0.017813 0.032500
1 0.620313 0.746875 0.022500 0.035000
1 0.514453 0.745833 0.019688 0.040000
1 0.616797 0.772396 0.072187 0.126250
1 0.576953 0.730729 0.017813 0.041250
1 0.589453 0.698438 0.029062 0.041250
1 0.712500 0.688542 0.018750 0.032500
1 0.665625 0.543229 0.018750 0.038750
1 0.560156 0.522917 0.018750 0.040000
1 0.446094 0.497917 0.018750 0.037500
1 0.548047 0.473438 0.025312 0.023750
1 0.626563 0.463021 0.024375 0.031250
1 0.444531 0.438542 0.022500 0.035000
1 0.510547 0.437500 0.019688 0.035000
1 0.603906 0.602604 0.348750 0.466250
1 0.462891 0.404687 0.027187 0.028750
1 0.544531 0.402083 0.050625 0.060000
1 0.527734 0.358854 0.017813 0.038750
1 0.478125 0.352604 0.028125 0.036250
1 0.508594 0.378125 0.045000 0.110000
1 0.912813 0.213750 0.174375 0.427500
