1 0.771875 0.804167 0.015000 0.020000
1 0.801172 0.767188 0.014063 0.018750
1 0.651953 0.537500 0.017813 0.032500
1 0.700391 0.517188 0.030937 0.023750
1 0.541016 0.498958 0.021562 0.030000
1 0.650000 0.507812 0.101250 0.083750
1 0.707031 0.467708 0.028125 0.022500
1 0.656641 0.465625 0.017813 0.032500
1 0.614062 0.454688 0.024375 0.018750
1 0.491406 0.453646 0.022500 0.023750
1 0.718750 0.433333 0.026250 0.022500
1 0.560547 0.446354 0.085312 0.081250
1 0.595703 0.418750 0.021562 0.027500
1 0.639062 0.401562 0.026250 0.021250
1 0.707812 0.385937 0.018750 0.031250
1 0.423047 0.360417 0.015938 0.027500
1 0.538672 0.292187 0.029062 0.031250
1 0.421094 0.318229 0.108750 0.106250
1 0.449219 0.277083 0.026250 0.020000
1 0.501172 0.271354 0.023438 0.021250
1 0.544531 0.261979 0.018750 0.028750
1 0.562109 0.358333 0.329062 0.282500
1 0.433203 0.243750 0.036562 0.042500
1 0.477734 0.229687 0.027187 0.018750
1 0.425000 0.227083 0.015000 0.030000
1 0.603125 0.219271 0.016875 0.031250
1 0.513281 0.240625 0.056250 0.085000
1 0.510547 0.213542 0.015938 0.027500
1 0.456641 0.207292 0.025312 0.022500
1 0.436328 0.205729 0.023438 0.026250
1 0.441016 0.105729 0.019688 0.026250
1 0.953125 0.013125 0.024375 0.026250
1 0.433203 0.525000 0.790312 1.000000
