1 0.036000 0.698750 0.072000 0.153000
1 0.331250 0.613750 0.093000 0.159000
1 0.012000 0.566250 0.024000 0.057000
1 0.247500 0.631250 0.120000 0.273000
1 0.183000 0.531250 0.366000 0.507000
1 0.086250 0.312500 0.123000 0.138000
1 0.196250 0.262500 0.105000 0.144000
1 0.031500 0.178750 0.063000 0.105000
1 0.428750 0.147500 0.123000 0.132000
1 0.338750 0.173750 0.111000 0.291000
1 0.450000 0.037500 0.144000 0.075000
1 0.200000 0.109500 0.090000 0.219000
1 0.123750 0.118500 0.153000 0.237000
1 0.055500 0.049500 0.111000 0.099000
