1 0.350000 0.812656 0.007500 0.011990
1 0.609688 0.759784 0.054750 0.050958
1 0.261562 0.698585 0.048750 0.055953
1 0.524375 0.666112 0.049500 0.053955
1 0.944063 0.668193 0.035250 0.064946
1 0.186875 0.648626 0.055500 0.045962
1 0.344687 0.650708 0.039750 0.072939
1 0.159375 0.582431 0.045000 0.062948
1 0.644375 0.585346 0.070500 0.081932
1 0.696250 0.582848 0.081000 0.079933
1 0.745000 0.590341 0.054000 0.145878
1 0.493750 0.534971 0.019500 0.032973
1 0.808750 0.536636 0.055500 0.044963
1 0.278438 0.590341 0.203250 0.175853
1 0.214688 0.532057 0.050250 0.041965
1 0.676250 0.532889 0.051000 0.045962
1 0.517813 0.542881 0.033750 0.075937
1 0.834063 0.512073 0.054750 0.045962
1 0.247188 0.497502 0.048750 0.054954
1 0.206563 0.480849 0.018750 0.028976
1 0.120625 0.493755 0.052500 0.059950
1 0.435937 0.592007 0.189750 0.305745
1 0.788438 0.486678 0.035250 0.064946
1 0.746563 0.484180 0.047250 0.058951
1 0.352812 0.476686 0.041250 0.058951
1 0.825937 0.464613 0.053250 0.035970
1 0.392500 0.457952 0.055500 0.045962
1 0.303125 0.474188 0.081000 0.106911
1 0.197500 0.469192 0.100500 0.106911
1 0.135313 0.437136 0.059250 0.045962
1 0.790000 0.436303 0.039000 0.057952
1 0.747500 0.422148 0.048000 0.047960
1 0.361250 0.423397 0.049500 0.050958
1 0.213438 0.401749 0.050250 0.050958
1 0.396875 0.398834 0.088500 0.061948
1 0.455313 0.377602 0.012750 0.014988
1 0.173750 0.390092 0.049500 0.046961
1 0.594375 0.371774 0.024000 0.016986
1 0.255000 0.382598 0.046500 0.054954
1 0.454062 0.363447 0.018750 0.014988
1 0.770000 0.380100 0.040500 0.060949
1 0.231875 0.355121 0.052500 0.040966
1 0.376563 0.356786 0.039750 0.066944
1 0.666562 0.294754 0.030750 0.057952
1 0.594688 0.445046 0.497250 0.460616
1 0.365938 0.278518 0.038250 0.060949
1 0.639062 0.277685 0.035250 0.064946
1 0.542500 0.274771 0.036000 0.061948
1 0.485625 0.255204 0.055500 0.036969
