1 0.698438 0.805162 0.066750 0.083930
1 0.657500 0.795587 0.066000 0.112906
1 0.728437 0.733555 0.048750 0.045962
1 0.614375 0.728143 0.031500 0.058951
1 0.585000 0.719817 0.037500 0.068943
1 0.697812 0.700666 0.041250 0.054954
1 0.764375 0.700666 0.028500 0.066944
1 0.569688 0.688593 0.039750 0.055953
1 0.731563 0.679434 0.033750 0.065945
1 0.782188 0.659867 0.038250 0.054954
1 0.152625 0.781682 0.305250 0.436636
1 0.816250 0.631141 0.046500 0.053955
1 0.753437 0.627810 0.051750 0.045962
1 0.452813 0.610325 0.048750 0.055953
1 0.606875 0.588260 0.007500 0.018984
1 0.796875 0.532473 0.046500 0.038968
1 0.717812 0.528726 0.039750 0.057952
1 0.796875 0.496669 0.040500 0.044963
1 0.573438 0.496669 0.042750 0.046961
1 0.762813 0.534138 0.074250 0.162864
1 0.365625 0.484180 0.054000 0.048959
1 0.566250 0.599500 0.417000 0.403664
1 0.696875 0.462948 0.097500 0.093922
1 0.751000 0.642298 0.498000 0.715404
1 0.547813 0.429642 0.036750 0.073938
1 0.495937 0.401749 0.017250 0.022981
1 0.407500 0.420483 0.031500 0.081932
1 0.516563 0.431307 0.087750 0.119900
1 0.448125 0.405079 0.081000 0.086928
1 0.430000 0.348460 0.055500 0.042964
1 0.445000 0.296420 0.051000 0.045962
1 0.523750 0.288926 0.042000 0.029975
1 0.565312 0.360117 0.279750 0.204829
1 0.759687 0.287261 0.050250 0.043963
1 0.290000 0.289759 0.042000 0.069942
1 0.401562 0.283097 0.032250 0.065945
1 0.410625 0.237302 0.088500 0.083930
1 0.309063 0.261032 0.062250 0.142881
1 0.253125 0.207744 0.058500 0.050958
1 0.368437 0.184846 0.056250 0.045962
1 0.573125 0.245212 0.240000 0.194838
1 0.415625 0.183181 0.040500 0.071940
1 0.310625 0.175687 0.108000 0.101915
1 0.515625 0.147794 0.037500 0.076936
1 0.359687 0.128643 0.047250 0.054954
1 0.243750 0.131557 0.048000 0.079933
1 0.423125 0.160283 0.166500 0.194838
1 0.460313 0.136553 0.113250 0.191840
1 0.260625 0.072023 0.040500 0.086928
1 0.471562 0.039550 0.053250 0.050958
1 0.337813 0.039467 0.038250 0.078934
1 0.896875 0.169359 0.206250 0.338718
1 0.390937 0.019983 0.048750 0.039967
1 0.124125 0.203331 0.248250 0.406661
