1 0.457422 0.909375 0.025312 0.027500
1 0.907813 0.908750 0.061875 0.182500
1 0.417969 0.803125 0.020625 0.040000
1 0.438672 0.791146 0.023438 0.036250
1 0.400391 0.788021 0.015938 0.041250
1 0.252188 0.852500 0.504375 0.295000
1 0.403906 0.762500 0.046875 0.040000
1 0.487109 0.754687 0.019688 0.031250
1 0.407031 0.721354 0.028125 0.026250
1 0.459375 0.698438 0.022500 0.033750
1 0.571484 0.695312 0.021562 0.038750
1 0.465234 0.722396 0.064687 0.121250
1 0.503125 0.682292 0.016875 0.040000
1 0.486719 0.652083 0.030000 0.040000
1 0.354297 0.644271 0.021562 0.031250
1 0.386328 0.505208 0.017813 0.037500
1 0.615234 0.458333 0.021562 0.037500
1 0.592969 0.443750 0.018750 0.040000
1 0.503516 0.436979 0.027187 0.023750
1 0.419141 0.428125 0.027187 0.030000
1 0.529297 0.450000 0.096562 0.120000
1 0.538672 0.402083 0.023438 0.035000
1 0.609766 0.401562 0.023438 0.036250
1 0.457422 0.559896 0.325313 0.448750
1 0.524609 0.372917 0.019688 0.032500
1 0.586719 0.369792 0.028125 0.030000
1 0.496875 0.368750 0.052500 0.057500
1 0.542969 0.359896 0.018750 0.068750
1 0.560156 0.324479 0.020625 0.028750
1 0.511328 0.327083 0.021562 0.037500
1 0.534766 0.328646 0.017813 0.066250
1 0.070781 0.215625 0.141562 0.431250
