1 0.578125 0.993750 0.009375 0.012500
1 0.232813 0.993750 0.013125 0.012500
1 0.695312 0.991250 0.011250 0.017500
1 0.429297 0.990625 0.008437 0.018750
1 0.757031 0.990000 0.015000 0.020000
1 0.950391 0.988750 0.014063 0.022500
1 0.891406 0.989583 0.015000 0.020000
1 0.165625 0.988750 0.020625 0.022500
1 0.494141 0.988125 0.010312 0.023750
1 0.142578 0.988125 0.019688 0.023750
1 0.125391 0.987500 0.021562 0.025000
1 0.916016 0.986875 0.045937 0.026250
1 0.300391 0.985000 0.008437 0.030000
1 0.041797 0.986250 0.032813 0.027500
1 0.289062 0.984375 0.020625 0.031250
1 0.950000 0.973958 0.013125 0.020000
1 0.941016 0.978646 0.023438 0.031250
1 0.377344 0.970313 0.011250 0.013750
1 0.591406 0.971875 0.015000 0.025000
1 0.292187 0.969792 0.018750 0.025000
1 0.906250 0.959375 0.009375 0.015000
1 0.807031 0.933333 0.009375 0.017500
1 0.993906 0.929688 0.012188 0.016250
1 0.261719 0.945833 0.030000 0.060000
1 0.839453 0.934375 0.015938 0.042500
1 0.895703 0.932813 0.017813 0.043750
1 0.234766 0.945312 0.049687 0.073750
1 0.985469 0.932813 0.029062 0.046250
1 0.604297 0.928125 0.025312 0.035000
1 0.246875 0.917188 0.009375 0.018750
1 0.978516 0.914583 0.010312 0.017500
1 0.862109 0.944375 0.062812 0.111250
1 0.097266 0.916667 0.008437 0.022500
1 0.816797 0.943125 0.060937 0.113750
1 0.064453 0.904167 0.012188 0.015000
1 0.054297 0.898438 0.010312 0.013750
1 0.944141 0.894792 0.010312 0.017500
1 0.988281 0.899479 0.023438 0.051250
1 0.026562 0.867708 0.026250 0.032500
1 0.249609 0.863542 0.014063 0.030000
1 0.918359 0.855729 0.008437 0.013750
1 0.869141 0.863542 0.015938 0.035000
1 0.053906 0.851562 0.024375 0.013750
1 0.750000 0.844271 0.024375 0.016250
1 0.925000 0.826562 0.015000 0.008750
1 0.915234 0.813021 0.015938 0.033750
1 0.817969 0.771354 0.016875 0.031250
1 0.911406 0.848750 0.177187 0.302500
1 0.993906 0.738542 0.012188 0.032500
1 0.058203 0.723958 0.012188 0.025000
1 0.020313 0.707292 0.009375 0.017500
1 0.955078 0.698438 0.012188 0.016250
1 0.967578 0.692187 0.019688 0.016250
1 0.832422 0.703646 0.017813 0.048750
1 0.065625 0.701562 0.020625 0.053750
1 0.911719 0.683854 0.020625 0.023750
1 0.093750 0.697396 0.056250 0.066250
1 0.249609 0.655729 0.012188 0.021250
1 0.013672 0.632292 0.021562 0.017500
1 0.082812 0.632292 0.020625 0.022500
1 0.942578 0.607812 0.030937 0.021250
1 0.209766 0.603125 0.019688 0.022500
1 0.090234 0.594271 0.008437 0.016250
1 0.940234 0.593229 0.025312 0.016250
1 0.233203 0.581250 0.008437 0.015000
1 0.257812 0.588021 0.041250 0.046250
1 0.039844 0.575521 0.028125 0.021250
1 0.007812 0.568750 0.015000 0.022500
1 0.098047 0.568229 0.015938 0.023750
1 0.231250 0.565104 0.015000 0.018750
1 0.101172 0.550521 0.014063 0.016250
1 0.864062 0.551042 0.011250 0.020000
1 0.039453 0.551562 0.029062 0.038750
1 0.219141 0.505729 0.012188 0.016250
1 0.982187 0.506771 0.035625 0.061250
1 0.125391 0.462500 0.014063 0.017500
1 0.216016 0.441667 0.015938 0.010000
1 0.047656 0.442188 0.011250 0.016250
1 0.045000 0.518229 0.090000 0.211250
1 0.047656 0.432292 0.011250 0.017500
1 0.074609 0.429688 0.014063 0.013750
1 0.157422 0.419271 0.012188 0.021250
1 0.907813 0.416146 0.013125 0.018750
1 0.176172 0.413542 0.015938 0.012500
1 0.164844 0.394792 0.009375 0.020000
1 0.153906 0.384896 0.015000 0.028750
1 0.941797 0.378125 0.021562 0.030000
1 0.920312 0.367708 0.009375 0.017500
1 0.992969 0.352083 0.014063 0.010000
1 0.961328 0.358333 0.032813 0.050000
1 0.005625 0.340625 0.011250 0.017500
1 0.926953 0.335938 0.012188 0.013750
1 0.223438 0.328646 0.007500 0.028750
1 0.231250 0.323958 0.013125 0.030000
1 0.991563 0.315625 0.016875 0.025000
1 0.289453 0.308333 0.014063 0.030000
1 0.928906 0.314583 0.020625 0.047500
1 0.174609 0.295833 0.014063 0.017500
1 0.379297 0.307812 0.017813 0.048750
1 0.450391 0.296875 0.023438 0.030000
1 0.036719 0.289583 0.015000 0.027500
1 0.025391 0.288021 0.010312 0.031250
1 0.432812 0.283854 0.024375 0.026250
1 0.171094 0.277604 0.016875 0.041250
1 0.421094 0.259375 0.030000 0.027500
1 0.434766 0.251563 0.019688 0.016250
1 0.358984 0.242188 0.012188 0.016250
1 0.657422 0.237500 0.010312 0.012500
1 0.482422 0.240104 0.008437 0.018750
1 0.439844 0.237500 0.011250 0.017500
1 0.412500 0.238021 0.022500 0.021250
1 0.314063 0.225521 0.030000 0.028750
1 0.042969 0.214583 0.009375 0.017500
1 0.061328 0.211979 0.015938 0.021250
1 0.059766 0.243229 0.059062 0.098750
1 0.627734 0.207292 0.029062 0.025000
1 0.982812 0.192188 0.011250 0.026250
1 0.027344 0.188021 0.022500 0.021250
1 0.031406 0.240625 0.062812 0.150000
1 0.119141 0.183854 0.021562 0.021250
1 0.992969 0.182812 0.014063 0.036250
1 0.055859 0.173437 0.017813 0.016250
1 0.038672 0.170833 0.017813 0.015000
1 0.241797 0.191667 0.060937 0.075000
1 0.135547 0.174479 0.019688 0.033750
1 0.474609 0.159896 0.012188 0.016250
1 0.004687 0.160938 0.009375 0.023750
1 0.303516 0.152083 0.014063 0.012500
1 0.375000 0.142187 0.015000 0.021250
1 0.073438 0.141667 0.011250 0.020000
1 0.543359 0.151562 0.042188 0.073750
1 0.026953 0.152083 0.047812 0.087500
1 0.542969 0.116146 0.013125 0.011250
1 0.213672 0.130208 0.017813 0.047500
1 0.327734 0.120833 0.025312 0.027500
1 0.163672 0.114062 0.012188 0.016250
1 0.334375 0.113021 0.020625 0.016250
1 0.933594 0.140104 0.033750 0.093750
1 0.619922 0.104167 0.015938 0.010000
1 0.329688 0.103646 0.015000 0.008750
1 0.004219 0.106250 0.008437 0.020000
1 0.684375 0.101562 0.007500 0.018750
1 0.212500 0.100000 0.015000 0.017500
1 0.696094 0.097917 0.015000 0.017500
1 0.560937 0.113021 0.041250 0.053750
1 0.673047 0.096875 0.017813 0.020000
1 0.145703 0.104167 0.029062 0.037500
1 0.453516 0.093750 0.015938 0.015000
1 0.116406 0.092188 0.009375 0.013750
1 0.241016 0.091667 0.017813 0.015000
1 0.437891 0.090104 0.008437 0.018750
1 0.077734 0.078646 0.008437 0.018750
1 0.132031 0.078646 0.016875 0.021250
1 0.068750 0.062500 0.013125 0.025000
1 0.994375 0.061458 0.011250 0.027500
1 0.479297 0.054167 0.014063 0.020000
1 0.157812 0.054167 0.015000 0.025000
1 0.688672 0.041667 0.040313 0.030000
1 0.236719 0.043750 0.041250 0.055000
1 0.073828 0.033854 0.015938 0.031250
1 0.083906 0.096354 0.167812 0.186250
1 0.250391 0.019271 0.014063 0.013750
1 0.973047 0.023438 0.032813 0.028750
1 0.064844 0.023438 0.020625 0.033750
1 0.103516 0.015104 0.014063 0.016250
1 0.233594 0.018229 0.015000 0.026250
1 0.397266 0.009896 0.010312 0.013750
1 0.148438 0.030625 0.031875 0.061250
1 0.273047 0.023750 0.021562 0.047500
1 0.974687 0.020000 0.050625 0.040000
1 0.858203 0.008750 0.017813 0.017500
1 0.848828 0.027500 0.023438 0.055000
1 0.823438 0.008125 0.022500 0.016250
1 0.802734 0.015000 0.027187 0.030000
1 0.781250 0.011875 0.020625 0.023750
1 0.714844 0.014375 0.026250 0.028750
1 0.648047 0.016875 0.034687 0.033750
1 0.573047 0.012500 0.029062 0.025000
1 0.471484 0.030000 0.032813 0.060000
1 0.361719 0.010000 0.016875 0.020000
1 0.255078 0.008125 0.017813 0.016250
1 0.202734 0.010625 0.010312 0.021250
1 0.600000 0.600000 1.000000 1.000000
1 0.124609 0.051250 0.064687 0.102500
1 0.101562 0.044375 0.063750 0.088750
1 0.078516 0.007500 0.021562 0.015000
1 0.037500 0.021875 0.075000 0.043750
