1 0.019500 0.977500 0.039000 0.045000
1 0.336250 0.970000 0.093000 0.060000
1 0.102000 0.956500 0.204000 0.087000
1 0.032500 0.898750 0.048000 0.033000
1 0.288750 0.926500 0.261000 0.147000
1 0.931250 0.881250 0.069000 0.051000
1 0.109500 0.895000 0.219000 0.168000
1 0.230000 0.853750 0.096000 0.075000
1 0.468750 0.817500 0.039000 0.030000
1 0.163750 0.808750 0.093000 0.057000
1 0.102500 0.805000 0.036000 0.048000
1 0.311250 0.762500 0.099000 0.078000
1 0.018000 0.703750 0.036000 0.057000
1 0.506250 0.653750 0.039000 0.033000
1 0.845000 0.595000 0.042000 0.066000
1 0.413750 0.558750 0.039000 0.045000
1 0.687500 0.521250 0.030000 0.045000
1 0.956500 0.450000 0.087000 0.072000
1 0.435000 0.473750 0.096000 0.135000
1 0.405000 0.397500 0.048000 0.024000
1 0.712500 0.311250 0.090000 0.087000
1 0.862500 0.207500 0.060000 0.054000
1 0.621250 0.111250 0.051000 0.033000
1 0.692500 0.105000 0.024000 0.060000
1 0.022500 0.090000 0.045000 0.042000
1 0.262500 0.117500 0.090000 0.114000
1 0.417500 0.033750 0.054000 0.027000
1 0.780000 0.175500 0.252000 0.351000
1 0.600000 0.600000 1.000000 1.000000
