1 0.550937 0.756037 0.045750 0.049958
1 0.383437 0.701082 0.051750 0.045962
1 0.218438 0.703997 0.042750 0.052956
1 0.410313 0.676520 0.051750 0.042964
1 0.384688 0.658201 0.018750 0.022981
1 0.470938 0.666944 0.044250 0.051957
1 0.147500 0.658618 0.051000 0.043963
1 0.879062 0.658618 0.032250 0.061948
1 0.433437 0.639883 0.005250 0.020983
1 0.398750 0.638218 0.018000 0.018984
1 0.297812 0.656953 0.035250 0.069942
1 0.420000 0.629059 0.021000 0.014988
1 0.344687 0.649042 0.077250 0.078934
1 0.437500 0.618235 0.007500 0.020983
1 0.447813 0.636137 0.029250 0.071940
1 0.351562 0.622398 0.054750 0.046961
1 0.234375 0.615321 0.034500 0.033972
1 0.675312 0.623647 0.030750 0.057952
1 0.391250 0.606162 0.022500 0.019983
1 0.356250 0.597419 0.024000 0.016986
1 0.403750 0.613655 0.033000 0.059950
1 0.293438 0.608243 0.053250 0.048959
1 0.580000 0.602415 0.046500 0.042964
1 0.629687 0.597419 0.051750 0.042964
1 0.688438 0.596170 0.042750 0.043963
1 0.384688 0.585762 0.012750 0.022981
1 0.122813 0.596170 0.041250 0.059950
1 0.454062 0.602415 0.089250 0.076936
1 0.212500 0.616570 0.133500 0.130891
1 0.659375 0.572856 0.028500 0.033972
1 0.334375 0.577852 0.037500 0.051957
1 0.293125 0.571607 0.051000 0.042964
1 0.638437 0.565779 0.026250 0.036969
1 0.402813 0.564530 0.038250 0.041965
1 0.385625 0.552873 0.018000 0.023980
1 0.542813 0.556619 0.027750 0.050958
1 0.425938 0.555371 0.057750 0.047960
1 0.560000 0.543297 0.009000 0.020983
1 0.589688 0.561615 0.062250 0.068943
1 0.242812 0.565362 0.066750 0.081932
1 0.175625 0.547044 0.046500 0.037968
1 0.690625 0.552040 0.039000 0.053955
1 0.388750 0.528726 0.018000 0.021982
1 0.465000 0.549126 0.033000 0.072939
1 0.749687 0.536220 0.051750 0.043963
1 0.620000 0.534971 0.048000 0.042964
1 0.504687 0.576187 0.056250 0.141882
1 0.426250 0.532889 0.055500 0.053955
1 0.448125 0.511657 0.052500 0.044963
1 0.208125 0.514155 0.043500 0.050958
1 0.775937 0.511241 0.050250 0.045962
1 0.274687 0.511241 0.042750 0.049958
1 0.527813 0.514155 0.041250 0.060949
1 0.165313 0.495004 0.008250 0.014988
1 0.088125 0.513322 0.048000 0.058951
1 0.349062 0.541216 0.075750 0.131890
1 0.170937 0.507494 0.036750 0.050958
1 0.501875 0.496253 0.033000 0.039967
1 0.386562 0.497086 0.042750 0.047960
1 0.553750 0.480849 0.013500 0.022981
1 0.242188 0.498335 0.029250 0.066944
1 0.563750 0.499584 0.051000 0.075937
1 0.309063 0.490425 0.036750 0.055953
1 0.639687 0.505828 0.110250 0.096919
1 0.690625 0.485845 0.040500 0.054954
1 0.619062 0.473772 0.027750 0.025978
1 0.731250 0.487094 0.031500 0.061948
1 0.515000 0.475021 0.046500 0.034971
1 0.480625 0.488759 0.051000 0.067943
1 0.348438 0.470858 0.048750 0.042964
1 0.768750 0.465445 0.048000 0.035970
1 0.271562 0.471274 0.038250 0.057952
1 0.544687 0.457535 0.047250 0.026978
1 0.161875 0.466694 0.093000 0.048959
1 0.602187 0.456703 0.065250 0.034971
1 0.102188 0.460450 0.053250 0.045962
1 0.568125 0.443381 0.027000 0.012989
1 0.537813 0.434221 0.021750 0.010991
1 0.483438 0.443797 0.029250 0.037968
1 0.495937 0.433389 0.017250 0.014988
1 0.388125 0.449209 0.033000 0.056953
1 0.511250 0.435887 0.024000 0.038968
1 0.441563 0.457952 0.045750 0.091923
1 0.318437 0.439217 0.042750 0.046961
1 0.420625 0.442548 0.040500 0.062948
1 0.734062 0.437968 0.035250 0.053955
1 0.557813 0.411324 0.017250 0.007993
1 0.692187 0.426311 0.044250 0.047960
1 0.647500 0.427144 0.042000 0.051957
1 0.177187 0.423813 0.045750 0.047960
1 0.520938 0.405912 0.021750 0.024979
1 0.139063 0.413822 0.044250 0.045962
1 0.481250 0.407577 0.045000 0.040966
1 0.352812 0.415071 0.081750 0.060949
1 0.216250 0.405912 0.043500 0.058951
1 0.540312 0.382598 0.012750 0.010991
1 0.627500 0.405495 0.066000 0.075937
1 0.547500 0.406328 0.058500 0.077935
1 0.507188 0.377602 0.011250 0.010991
1 0.583750 0.405912 0.043500 0.086928
1 0.673125 0.388843 0.030000 0.057952
1 0.404687 0.386761 0.041250 0.056953
1 0.603437 0.380516 0.044250 0.043963
1 0.472813 0.375104 0.011250 0.032973
1 0.195625 0.378435 0.048000 0.040966
1 0.715938 0.384679 0.036750 0.059950
1 0.464375 0.358035 0.019500 0.015987
1 0.485625 0.373022 0.018000 0.053955
1 0.335313 0.373022 0.036750 0.061948
1 0.423750 0.347627 0.010500 0.010991
1 0.558438 0.355121 0.047250 0.048959
1 0.513437 0.371774 0.053250 0.088926
1 0.427500 0.372606 0.075000 0.102914
1 0.598437 0.343464 0.047250 0.040966
1 0.659687 0.343464 0.093750 0.044963
1 0.481875 0.334721 0.030000 0.053955
1 0.365938 0.345962 0.048750 0.084929
1 0.649375 0.321815 0.045000 0.030974
1 0.449688 0.316403 0.044250 0.043963
1 0.531875 0.322648 0.070500 0.070941
1 0.716250 0.313489 0.076500 0.058951
1 0.612500 0.304330 0.037500 0.054954
1 0.407500 0.308493 0.063000 0.072939
1 0.325625 0.299750 0.033000 0.057952
1 0.660312 0.290591 0.045750 0.037968
1 0.562500 0.298918 0.030000 0.059950
1 0.496563 0.290175 0.032250 0.062948
1 0.590000 0.289342 0.033000 0.062948
1 0.697500 0.282265 0.037500 0.047960
1 0.442188 0.273938 0.050250 0.035970
1 0.560250 0.560533 1.000000 1.000000
