1 0.470441 0.575937 0.035970 0.027750
1 0.498335 0.570312 0.030974 0.032250
1 0.473772 0.556562 0.041965 0.017250
1 0.600000 0.714688 1.000000 0.398250
1 0.352206 0.540000 0.039967 0.019500
1 0.189842 0.534375 0.041965 0.022500
1 0.529559 0.527500 0.041965 0.019500
1 0.386761 0.532813 0.022981 0.032250
1 0.318485 0.529375 0.030974 0.028500
1 0.358035 0.520938 0.043963 0.020250
1 0.408826 0.506563 0.029975 0.032250
1 0.312240 0.505938 0.029975 0.032250
1 0.433389 0.491563 0.028976 0.032250
1 0.469192 0.517813 0.134888 0.102750
1 0.447544 0.476562 0.044963 0.023250
1 0.330974 0.479375 0.028976 0.033000
1 0.594088 0.464687 0.046961 0.026250
1 0.501665 0.469687 0.066944 0.042750
1 0.483347 0.451562 0.016986 0.021750
1 0.323480 0.455313 0.078934 0.030750
1 0.539967 0.445625 0.012989 0.016500
1 0.532057 0.439375 0.017985 0.006000
1 0.297669 0.443750 0.040966 0.019500
1 0.377186 0.447813 0.029975 0.030750
1 0.498335 0.438125 0.052956 0.021000
1 0.629892 0.436875 0.030974 0.030000
1 0.530391 0.427187 0.037968 0.011250
1 0.415071 0.460000 0.166861 0.099000
1 0.554954 0.470313 0.132889 0.126750
1 0.559534 0.424687 0.025978 0.017250
1 0.345545 0.425000 0.061948 0.048000
1 0.492923 0.410938 0.037968 0.023250
1 0.622398 0.409375 0.070941 0.037500
1 0.345545 0.398438 0.039967 0.023250
1 0.387594 0.401875 0.042964 0.036000
1 0.598668 0.389062 0.009992 0.009750
1 0.534138 0.406875 0.142881 0.052500
1 0.572023 0.380000 0.049958 0.021000
1 0.606578 0.377500 0.036969 0.022500
1 0.673189 0.371563 0.046961 0.021750
1 0.494172 0.376563 0.028976 0.035250
1 0.430058 0.389062 0.096919 0.071250
1 0.377602 0.367812 0.030974 0.033750
1 0.574105 0.359687 0.038968 0.023250
1 0.573689 0.340000 0.019983 0.021000
1 0.612823 0.351250 0.077935 0.054000
1 0.263530 0.333750 0.044963 0.019500
1 0.451291 0.325000 0.027977 0.022500
1 0.467943 0.319063 0.011990 0.011250
1 0.575770 0.320937 0.044963 0.018750
1 0.426728 0.317188 0.016986 0.012750
1 0.538301 0.316875 0.032973 0.028500
1 0.446711 0.308437 0.012989 0.011250
1 0.392173 0.305937 0.013988 0.012750
1 0.459617 0.360938 0.267777 0.152250
1 0.422148 0.303750 0.041965 0.018000
1 0.467527 0.289687 0.014988 0.011250
1 0.580766 0.288438 0.030974 0.029250
1 0.380933 0.289375 0.042964 0.061500
1 0.496253 0.265000 0.029975 0.033000
1 0.453789 0.275625 0.141882 0.088500
1 0.661532 0.261250 0.054954 0.067500
1 0.578684 0.236250 0.045962 0.019500
1 0.440050 0.238437 0.036969 0.030750
1 0.681099 0.231875 0.045962 0.021000
1 0.602415 0.220625 0.042964 0.024000
1 0.543714 0.207500 0.021982 0.010500
1 0.627810 0.223125 0.057952 0.051000
1 0.543297 0.248438 0.108909 0.131250
1 0.488343 0.216250 0.060949 0.060000
1 0.663197 0.200937 0.024979 0.027750
1 0.658201 0.193438 0.026978 0.023250
1 0.444213 0.184688 0.044963 0.021750
1 0.631141 0.175937 0.029975 0.036750
1 0.557868 0.173437 0.029975 0.033750
1 0.505828 0.165000 0.028976 0.031500
1 0.668276 0.154875 0.663447 0.309750
1 0.179351 0.195000 0.358701 0.390000
