1 0.583750 0.947127 0.040500 0.056953
1 0.677188 0.952540 0.081750 0.094921
1 0.507500 0.916736 0.048000 0.047960
1 0.635625 0.920899 0.031500 0.069942
1 0.539375 0.884679 0.048000 0.046961
1 0.556875 0.860117 0.027000 0.027977
1 0.624687 0.838468 0.041250 0.051957
1 0.592812 0.849292 0.077250 0.087927
1 0.735313 0.840550 0.038250 0.076936
1 0.527500 0.833056 0.033000 0.078934
1 0.476562 0.816819 0.035250 0.073938
1 0.622500 0.787677 0.049500 0.045962
1 0.549375 0.790175 0.027000 0.071940
1 0.575937 0.786012 0.032250 0.065945
1 0.675937 0.797669 0.099750 0.095920
1 0.098250 0.852623 0.196500 0.294754
1 0.506875 0.783514 0.039000 0.071940
1 0.442812 0.773938 0.095250 0.050958
1 0.388437 0.776020 0.042750 0.059950
1 0.735625 0.771024 0.049500 0.049958
1 0.445312 0.753122 0.047250 0.030974
1 0.409375 0.743963 0.010500 0.012989
1 0.396250 0.742298 0.022500 0.022981
1 0.522813 0.754371 0.039750 0.059950
1 0.452813 0.738968 0.054750 0.042964
1 0.695625 0.746045 0.031500 0.069942
1 0.587812 0.737719 0.081750 0.079933
1 0.491563 0.726478 0.032250 0.052956
1 0.470313 0.716070 0.029250 0.033972
1 0.409062 0.708576 0.006750 0.025978
1 0.376563 0.722731 0.020250 0.061948
1 0.418438 0.706911 0.012750 0.025978
1 0.391875 0.696919 0.025500 0.013988
1 0.393750 0.687344 0.010500 0.010991
1 0.515000 0.696919 0.033000 0.039967
1 0.384688 0.681932 0.011250 0.015987
1 0.447813 0.683597 0.011250 0.025978
1 0.479375 0.681099 0.037500 0.025978
1 0.600000 0.692756 0.027000 0.061948
1 0.709063 0.693589 0.033750 0.067943
1 0.681562 0.694838 0.030750 0.076936
1 0.559688 0.680266 0.047250 0.041965
1 0.426250 0.681099 0.043500 0.043963
1 0.400938 0.668609 0.018750 0.015987
1 0.237500 0.674022 0.046500 0.038968
1 0.376563 0.671524 0.045750 0.062948
1 0.467187 0.655287 0.017250 0.027977
1 0.343125 0.669858 0.031500 0.068943
1 0.443437 0.652789 0.026250 0.047960
1 0.422812 0.646128 0.012750 0.033972
1 0.398750 0.644879 0.021000 0.034971
1 0.379063 0.635304 0.023250 0.019983
1 0.356563 0.632806 0.026250 0.023980
1 0.436250 0.626561 0.030000 0.016986
1 0.579375 0.634888 0.049500 0.046961
1 0.357812 0.615737 0.018750 0.014988
1 0.538750 0.625729 0.045000 0.050958
1 0.493437 0.638218 0.107250 0.092923
1 0.433125 0.602415 0.040500 0.018984
1 0.819250 0.748127 0.361500 0.408659
1 0.576250 0.593256 0.045000 0.044963
1 0.356563 0.592423 0.068250 0.076936
1 0.405313 0.590758 0.038250 0.082931
1 0.520000 0.570774 0.034500 0.062948
1 0.440625 0.569109 0.040500 0.058951
1 0.557187 0.557868 0.050250 0.039967
1 0.396875 0.549958 0.021000 0.036969
1 0.610625 0.561615 0.028500 0.074938
1 0.378750 0.542881 0.039000 0.039967
1 0.468750 0.545379 0.031500 0.069942
1 0.297500 0.523730 0.049500 0.041965
1 0.505938 0.539550 0.029250 0.089925
1 0.345938 0.522065 0.035250 0.049958
1 0.485000 0.507494 0.039000 0.022981
1 0.429375 0.519983 0.058500 0.052956
1 0.541562 0.498335 0.008250 0.010991
1 0.434063 0.500833 0.008250 0.022981
1 0.547813 0.505412 0.054750 0.043963
1 0.657813 0.504163 0.051750 0.042964
1 0.600625 0.509159 0.075000 0.056953
1 0.380000 0.505412 0.048000 0.047960
1 0.341250 0.495420 0.009000 0.023980
1 0.387500 0.495004 0.028500 0.032973
1 0.329062 0.491674 0.024750 0.038968
1 0.565625 0.480849 0.025500 0.014988
1 0.499063 0.480849 0.009750 0.038968
1 0.361250 0.478768 0.042000 0.033972
1 0.303750 0.490841 0.051000 0.062948
1 0.433750 0.474604 0.013500 0.027977
1 0.451250 0.479184 0.037500 0.044963
1 0.415625 0.475021 0.045000 0.044963
1 0.260937 0.476686 0.044250 0.050958
1 0.362812 0.457535 0.014250 0.008993
1 0.215625 0.465029 0.042000 0.042964
1 0.532500 0.472939 0.075000 0.067943
1 0.440937 0.451291 0.029250 0.015987
1 0.475313 0.461282 0.048750 0.051957
1 0.576562 0.450458 0.045750 0.053955
1 0.428125 0.433805 0.009000 0.019983
1 0.362812 0.450874 0.057750 0.064946
1 0.536875 0.437136 0.039000 0.033972
1 0.483438 0.430891 0.026250 0.022981
1 0.444688 0.425062 0.023250 0.012989
1 0.415312 0.427977 0.017250 0.023980
1 0.395625 0.436719 0.036000 0.044963
1 0.262188 0.435054 0.048750 0.046961
1 0.302812 0.437968 0.036750 0.057952
1 0.218438 0.428809 0.047250 0.035970
1 0.604688 0.434221 0.039750 0.056953
1 0.455313 0.417152 0.005250 0.019983
1 0.474687 0.410075 0.023250 0.012989
1 0.387813 0.406744 0.026250 0.016986
1 0.415312 0.401749 0.038250 0.048959
1 0.425312 0.387594 0.009750 0.018984
1 0.362812 0.395087 0.027750 0.052956
1 0.444375 0.380933 0.006000 0.020983
1 0.382500 0.382182 0.040500 0.023980
1 0.534062 0.407161 0.092250 0.085928
1 0.270625 0.388426 0.043500 0.044963
1 0.238437 0.387594 0.032250 0.068943
1 0.319688 0.388426 0.083250 0.076936
1 0.349062 0.363031 0.023250 0.019983
1 0.583125 0.375104 0.042000 0.052956
1 0.470313 0.382182 0.077250 0.091923
1 0.414062 0.360949 0.048750 0.042964
1 0.364375 0.351790 0.036000 0.044963
1 0.497812 0.341799 0.030750 0.058951
1 0.456250 0.345129 0.066000 0.066944
1 0.271562 0.334305 0.050250 0.042964
1 0.445000 0.321399 0.021000 0.015987
1 0.528125 0.339717 0.039000 0.063947
1 0.205000 0.325562 0.045000 0.053955
1 0.396875 0.320150 0.040500 0.050958
1 0.337500 0.323897 0.033000 0.065945
1 0.365312 0.303497 0.038250 0.064946
1 0.244375 0.298085 0.040500 0.053955
1 0.421875 0.295171 0.040500 0.058951
1 0.473125 0.288926 0.040500 0.053955
1 0.301563 0.283514 0.032250 0.064946
1 0.198125 0.276020 0.048000 0.048959
1 0.339062 0.263530 0.042750 0.050958
1 0.266562 0.258118 0.026250 0.065945
1 0.459688 0.255620 0.038250 0.065945
1 0.226875 0.248127 0.039000 0.051957
1 0.430000 0.243131 0.033000 0.053955
1 0.309688 0.226894 0.050250 0.044963
1 0.391875 0.228143 0.037500 0.049958
1 0.374063 0.235221 0.077250 0.094921
1 0.353125 0.176520 0.049500 0.033972
1 0.353125 0.165279 0.027000 0.012989
1 0.389688 0.169442 0.060750 0.116903
1 0.335313 0.143630 0.033750 0.062948
1 0.901750 0.147377 0.196500 0.294754
1 0.214125 0.253289 0.428250 0.506578
