1 0.545703 0.955208 0.012188 0.015000
1 0.462500 0.944792 0.041250 0.077500
1 0.525781 0.889062 0.043125 0.061250
1 0.369141 0.879167 0.044062 0.055000
1 0.580469 0.859375 0.035625 0.070000
1 0.448047 0.839583 0.036562 0.067500
1 0.485938 0.834375 0.030000 0.065000
1 0.418359 0.880729 0.047812 0.191250
1 0.452734 0.787500 0.047812 0.047500
1 0.615234 0.772396 0.042188 0.053750
1 0.360156 0.804167 0.084375 0.132500
1 0.345469 0.831250 0.690937 0.337500
1 0.553906 0.751563 0.073125 0.116250
1 0.407031 0.692708 0.045000 0.040000
1 0.496484 0.669792 0.032813 0.067500
1 0.478516 0.740104 0.132187 0.256250
1 0.381250 0.635417 0.037500 0.057500
1 0.255469 0.624479 0.052500 0.043750
1 0.418359 0.614062 0.030937 0.068750
1 0.342187 0.520312 0.013125 0.013750
1 0.250000 0.514062 0.031875 0.066250
1 0.234766 0.472917 0.027187 0.070000
1 0.642578 0.356771 0.042188 0.051250
1 0.266406 0.333333 0.013125 0.015000
1 0.474609 0.337500 0.047812 0.075000
1 0.517188 0.307292 0.030000 0.062500
1 0.241406 0.290625 0.056250 0.097500
1 0.446875 0.239583 0.033750 0.062500
1 0.242578 0.226042 0.042188 0.040000
1 0.356641 0.207292 0.038437 0.062500
1 0.518359 0.178125 0.040313 0.040000
1 0.238281 0.174479 0.033750 0.063750
1 0.485156 0.227604 0.060000 0.201250
1 0.393750 0.241146 0.133125 0.233750
1 0.365625 0.158854 0.041250 0.056250
1 0.456641 0.148438 0.044062 0.053750
1 0.382422 0.091667 0.085312 0.057500
1 0.411719 0.381250 0.470625 0.762500
1 0.452344 0.080729 0.033750 0.063750
1 0.555937 0.579375 1.000000 1.000000
