1 0.317500 0.985000 0.066000 0.030000
1 0.961250 0.977500 0.075000 0.045000
1 0.695000 0.974500 0.054000 0.051000
1 0.841250 0.959500 0.159000 0.081000
1 0.986500 0.945000 0.027000 0.078000
1 0.827500 0.933750 0.060000 0.057000
1 0.961250 0.921250 0.063000 0.093000
1 0.021000 0.561250 0.042000 0.033000
1 0.963750 0.230000 0.033000 0.060000
1 0.974500 0.180000 0.051000 0.054000
1 0.942500 0.170000 0.030000 0.030000
1 0.471250 0.025000 0.045000 0.036000
1 0.716250 0.019500 0.069000 0.039000
1 0.600000 0.600000 1.000000 1.000000
