1 0.601562 0.822648 0.048750 0.055953
1 0.423438 0.758535 0.054750 0.049958
1 0.248438 0.757702 0.045750 0.057952
1 0.515938 0.723980 0.045750 0.056953
1 0.948750 0.725229 0.034500 0.069942
1 0.464375 0.696087 0.016500 0.007993
1 0.398750 0.693589 0.031500 0.015987
1 0.173125 0.706495 0.054000 0.048959
1 0.332500 0.708576 0.037500 0.077935
1 0.444375 0.709409 0.073500 0.101915
1 0.382188 0.701082 0.083250 0.087927
1 0.480312 0.666528 0.008250 0.016986
1 0.490625 0.688177 0.031500 0.078934
1 0.732187 0.681099 0.032250 0.063947
1 0.430937 0.654455 0.024750 0.021982
1 0.389062 0.665695 0.059250 0.068943
1 0.457188 0.663614 0.033750 0.065945
1 0.630938 0.655704 0.048750 0.048959
1 0.327188 0.654455 0.056250 0.053955
1 0.745938 0.651540 0.045750 0.048959
1 0.683438 0.651124 0.054750 0.047960
1 0.424375 0.632390 0.015000 0.026978
1 0.497812 0.653206 0.095250 0.086928
1 0.146250 0.638218 0.043500 0.064946
1 0.715313 0.624896 0.029250 0.036969
1 0.239063 0.616986 0.033750 0.027977
1 0.260000 0.606162 0.015000 0.009992
1 0.699063 0.616986 0.042750 0.039967
1 0.271562 0.602831 0.012750 0.009992
1 0.370937 0.622398 0.039750 0.058951
1 0.326562 0.614072 0.053250 0.044963
1 0.828438 0.600333 0.015750 0.013988
1 0.442812 0.609492 0.042750 0.045962
1 0.402500 0.616570 0.040500 0.062948
1 0.424687 0.597835 0.020250 0.027977
1 0.591562 0.604913 0.029250 0.056953
1 0.609688 0.590758 0.009750 0.026978
1 0.748125 0.603664 0.040500 0.059950
1 0.640938 0.610741 0.065250 0.076936
1 0.466562 0.599500 0.065250 0.053955
1 0.242188 0.645712 0.144750 0.182848
1 0.810625 0.587427 0.055500 0.048959
1 0.201875 0.584929 0.049500 0.042964
1 0.673125 0.583264 0.051000 0.046961
1 0.508437 0.594505 0.035250 0.079933
1 0.551250 0.624896 0.060000 0.154871
1 0.427500 0.569942 0.018000 0.026978
1 0.467187 0.576187 0.060750 0.059950
1 0.838125 0.561199 0.052500 0.049958
1 0.490312 0.553289 0.054750 0.048959
1 0.235625 0.549958 0.046500 0.056953
1 0.306563 0.548293 0.045750 0.054954
1 0.380625 0.559117 0.069000 0.086928
1 0.192500 0.532889 0.015000 0.027977
1 0.108438 0.546628 0.050250 0.062948
1 0.562813 0.552873 0.072750 0.079933
1 0.424687 0.535387 0.045750 0.051957
1 0.602500 0.522481 0.015000 0.026978
1 0.612500 0.543297 0.054000 0.082931
1 0.714688 0.552456 0.066750 0.106911
1 0.747812 0.531640 0.042750 0.060949
1 0.790312 0.533722 0.033750 0.067943
1 0.665312 0.526228 0.048750 0.051957
1 0.671562 0.516653 0.030750 0.030974
1 0.271875 0.534138 0.031500 0.072939
1 0.342813 0.526644 0.038250 0.060949
1 0.560625 0.514988 0.049500 0.038968
1 0.531875 0.511657 0.012000 0.030974
1 0.524687 0.529142 0.054750 0.074938
1 0.830000 0.510824 0.051000 0.038968
1 0.644687 0.500000 0.048750 0.028976
1 0.384062 0.506661 0.051750 0.046961
1 0.540937 0.491257 0.018750 0.013988
1 0.592187 0.496669 0.050250 0.028976
1 0.671250 0.488343 0.027000 0.018984
1 0.554063 0.485429 0.006750 0.011990
1 0.301563 0.504580 0.042750 0.063947
1 0.617500 0.482515 0.028500 0.012989
1 0.186562 0.519983 0.098250 0.108909
1 0.123438 0.489176 0.056250 0.050958
1 0.584688 0.470858 0.023250 0.012989
1 0.522188 0.477935 0.018750 0.037968
1 0.541250 0.469609 0.022500 0.019983
1 0.425938 0.483764 0.035250 0.061948
1 0.793125 0.480433 0.037500 0.059950
1 0.556562 0.471690 0.026250 0.050958
1 0.352187 0.471274 0.045750 0.051957
1 0.472813 0.492506 0.072750 0.104913
1 0.676250 0.462115 0.009000 0.035970
1 0.748437 0.466278 0.047250 0.051957
1 0.700625 0.465862 0.045000 0.056953
1 0.661875 0.454205 0.027000 0.050958
1 0.202187 0.450874 0.048750 0.052956
1 0.388750 0.445462 0.087000 0.065945
1 0.161875 0.439217 0.046500 0.050958
1 0.587812 0.414238 0.015750 0.010991
1 0.691875 0.427560 0.040500 0.048959
1 0.595000 0.441715 0.061500 0.086928
1 0.243438 0.432140 0.045750 0.063947
1 0.552188 0.408410 0.012750 0.012989
1 0.446562 0.407161 0.018750 0.013988
1 0.482187 0.410491 0.030750 0.023980
1 0.348438 0.407161 0.005250 0.019983
1 0.727812 0.424230 0.032250 0.064946
1 0.773125 0.421316 0.039000 0.065945
1 0.654062 0.414654 0.047250 0.049958
1 0.515625 0.405079 0.012000 0.036969
1 0.443125 0.415903 0.045000 0.062948
1 0.221562 0.401749 0.050250 0.044963
1 0.369063 0.398834 0.038250 0.065945
1 0.619062 0.421732 0.080250 0.140883
1 0.794063 0.365945 0.014250 0.014988
1 0.487187 0.388010 0.027750 0.073938
1 0.648438 0.374271 0.050250 0.044963
1 0.710938 0.375104 0.104250 0.048959
1 0.467500 0.400916 0.081000 0.112906
1 0.517813 0.364696 0.048750 0.065945
1 0.702187 0.350958 0.047250 0.034971
1 0.402187 0.370941 0.051750 0.092923
1 0.452188 0.346794 0.051750 0.040966
1 0.490000 0.340550 0.046500 0.047960
1 0.773125 0.343464 0.081000 0.062948
1 0.556562 0.388010 0.125250 0.171857
1 0.662500 0.331391 0.040500 0.059950
1 0.713437 0.317236 0.048750 0.041965
1 0.609688 0.323480 0.032250 0.064946
1 0.438437 0.315987 0.050250 0.046961
1 0.358750 0.320150 0.034500 0.066944
1 0.752188 0.309742 0.039750 0.051957
1 0.638750 0.314321 0.034500 0.068943
1 0.539687 0.313072 0.033750 0.067943
1 0.481563 0.293505 0.053250 0.038968
