1 0.487109 0.935417 0.034687 0.075000
1 0.424219 0.880208 0.037500 0.060000
1 0.569531 0.872396 0.043125 0.053750
1 0.371875 0.850521 0.031875 0.066250
1 0.509766 0.872917 0.075938 0.185000
1 0.484766 0.782292 0.045937 0.047500
1 0.572656 0.799479 0.075000 0.128750
1 0.332813 0.765625 0.041250 0.052500
1 0.387109 0.746354 0.064687 0.113750
1 0.520312 0.690625 0.041250 0.042500
1 0.434375 0.667188 0.030000 0.066250
1 0.459766 0.742708 0.117188 0.267500
1 0.656641 0.625521 0.049687 0.043750
1 0.503125 0.613021 0.030000 0.068750
1 0.654297 0.516667 0.030937 0.067500
1 0.664844 0.476042 0.026250 0.072500
1 0.273047 0.356771 0.042188 0.051250
1 0.428906 0.339583 0.045000 0.075000
1 0.641797 0.318750 0.040313 0.062500
1 0.386328 0.308333 0.029062 0.062500
1 0.645703 0.272396 0.049687 0.046250
1 0.448828 0.241146 0.030937 0.063750
1 0.639062 0.229687 0.041250 0.041250
1 0.530859 0.209896 0.034687 0.063750
1 0.376953 0.179688 0.040313 0.041250
1 0.640234 0.177083 0.030937 0.065000
1 0.497266 0.242708 0.135937 0.235000
1 0.407422 0.229167 0.062812 0.202500
1 0.519141 0.160938 0.038437 0.056250
1 0.431641 0.150000 0.040313 0.055000
1 0.497266 0.093750 0.079687 0.057500
1 0.498828 0.381250 0.424687 0.755000
1 0.430469 0.079687 0.031875 0.068750
1 0.491797 0.052083 0.032813 0.060000
1 0.453906 0.045833 0.031875 0.070000
