1 0.907375 0.924563 0.185250 0.150874
1 0.300312 0.691923 0.032250 0.057952
1 0.223125 0.648626 0.051000 0.039967
1 0.338438 0.656953 0.089250 0.073938
1 0.474062 0.637386 0.027750 0.060949
1 0.275000 0.634888 0.100500 0.158868
1 0.446562 0.578268 0.045750 0.038968
1 0.558125 0.574521 0.036000 0.041965
1 0.215938 0.556619 0.045750 0.038968
1 0.367812 0.552040 0.038250 0.033972
1 0.271875 0.556619 0.036000 0.044963
1 0.305937 0.561615 0.029250 0.058951
1 0.408125 0.537469 0.027000 0.054954
1 0.441875 0.529975 0.057000 0.070941
1 0.343125 0.532057 0.054000 0.091923
1 0.305312 0.499584 0.011250 0.015987
1 0.506563 0.506245 0.033750 0.039967
1 0.208750 0.495004 0.040500 0.044963
1 0.543438 0.480849 0.018750 0.024979
1 0.529687 0.465029 0.014250 0.020983
1 0.553438 0.461699 0.018750 0.022981
1 0.580000 0.452123 0.018000 0.021982
1 0.324688 0.482931 0.075750 0.103913
1 0.467813 0.466694 0.074250 0.074938
1 0.551250 0.432140 0.021000 0.021982
1 0.631875 0.456703 0.064500 0.088926
1 0.294687 0.485012 0.120750 0.162864
1 0.472813 0.431724 0.044250 0.036969
1 0.498750 0.413822 0.030000 0.019983
1 0.569688 0.405079 0.015750 0.024979
1 0.406875 0.421732 0.058500 0.070941
1 0.241563 0.415487 0.029250 0.055953
1 0.549063 0.402165 0.020250 0.027977
1 0.527188 0.396336 0.015750 0.019983
1 0.375625 0.402998 0.021000 0.043963
1 0.309063 0.396753 0.042750 0.046961
1 0.173625 0.621815 0.347250 0.756370
1 0.357500 0.418818 0.069000 0.131890
1 0.409687 0.377186 0.057750 0.041965
1 0.451875 0.352623 0.040500 0.024979
1 0.387500 0.349292 0.018000 0.018984
1 0.642188 0.346378 0.029250 0.047960
1 0.432812 0.428393 0.150750 0.246794
1 0.397500 0.328893 0.013500 0.023980
1 0.663438 0.325146 0.026250 0.052956
1 0.634687 0.308909 0.038250 0.033972
1 0.552188 0.284763 0.035250 0.033972
1 0.400938 0.331391 0.180750 0.147877
1 0.527500 0.271857 0.027000 0.036969
1 0.609688 0.272689 0.026250 0.052956
1 0.505313 0.263947 0.027750 0.049958
1 0.643125 0.263530 0.057000 0.072939
1 0.658438 0.246461 0.030750 0.033972
1 0.645938 0.214405 0.029250 0.042964
1 0.620938 0.213156 0.032250 0.039967
1 0.592187 0.395504 0.302250 0.515570
1 0.425938 0.183181 0.027750 0.047960
1 0.638125 0.079933 0.027000 0.041965
1 0.826375 0.378185 0.347250 0.756370
1 0.092625 0.075437 0.185250 0.150874
