1 0.507188 0.736053 0.020250 0.049958
1 0.525625 0.718152 0.022500 0.048959
1 0.459062 0.714405 0.020250 0.043963
1 0.425312 0.707327 0.020250 0.046961
1 0.537813 0.681099 0.030750 0.031973
1 0.485000 0.672356 0.028500 0.038968
1 0.382812 0.664863 0.029250 0.028976
1 0.501250 0.676520 0.037500 0.076936
1 0.405000 0.658201 0.027000 0.034971
1 0.467813 0.643630 0.030750 0.027977
1 0.530937 0.629059 0.018750 0.046961
1 0.410938 0.633639 0.036750 0.063947
1 0.442812 0.641549 0.069750 0.124896
1 0.384375 0.589092 0.048000 0.054954
1 0.410000 0.579933 0.021000 0.046961
1 0.465625 0.574105 0.019500 0.034971
1 0.450000 0.588260 0.055500 0.110908
1 0.410938 0.546628 0.018750 0.018984
1 0.459688 0.531224 0.030750 0.033972
1 0.434063 0.524979 0.024750 0.046961
1 0.385000 0.531640 0.040500 0.076936
1 0.411562 0.510824 0.030750 0.068943
1 0.525937 0.493339 0.035250 0.030974
1 0.349687 0.527477 0.080250 0.114904
1 0.490625 0.485845 0.036000 0.026978
1 0.375937 0.488759 0.029250 0.039967
1 0.401250 0.482098 0.052500 0.057952
1 0.428125 0.472107 0.015000 0.037968
1 0.348125 0.471274 0.030000 0.045962
1 0.372188 0.459617 0.015750 0.019983
1 0.354063 0.459201 0.023250 0.044963
1 0.363438 0.442548 0.027750 0.014988
1 0.465938 0.479600 0.068250 0.113905
1 0.317812 0.451707 0.041250 0.052956
1 0.329375 0.433389 0.033000 0.032973
1 0.426563 0.440883 0.054750 0.084929
1 0.397188 0.425479 0.020250 0.051957
1 0.240000 0.414238 0.031500 0.030974
1 0.429063 0.406328 0.017250 0.015987
1 0.475938 0.409242 0.026250 0.030974
1 0.472813 0.431724 0.084750 0.100916
1 0.429375 0.390508 0.010500 0.011990
1 0.360938 0.420067 0.062250 0.082931
1 0.328750 0.407993 0.055500 0.063947
1 0.371563 0.392173 0.017250 0.045962
1 0.414687 0.383014 0.020250 0.031973
1 0.397500 0.378851 0.015000 0.031973
1 0.490938 0.383014 0.023250 0.051957
1 0.386875 0.359284 0.012000 0.010991
1 0.442500 0.370525 0.016500 0.039967
1 0.429375 0.364696 0.013500 0.037968
1 0.376250 0.380933 0.036000 0.084929
1 0.348750 0.363863 0.036000 0.047960
1 0.447813 0.340966 0.014250 0.008993
1 0.317500 0.355953 0.033000 0.052956
1 0.287813 0.346378 0.030750 0.039967
1 0.417812 0.338468 0.006750 0.024979
1 0.345938 0.333888 0.012750 0.015987
1 0.398750 0.335970 0.009000 0.028976
1 0.431563 0.334305 0.018750 0.036969
1 0.461875 0.356786 0.036000 0.108909
1 0.415000 0.316403 0.024000 0.013988
1 0.175875 0.585845 0.351750 0.828310
1 0.370625 0.330142 0.031500 0.056953
1 0.385625 0.303081 0.013500 0.019983
1 0.441563 0.310158 0.033750 0.042964
1 0.352187 0.295171 0.023250 0.016986
1 0.419063 0.297252 0.009750 0.023980
1 0.368437 0.284346 0.023250 0.012989
1 0.283750 0.306411 0.049500 0.085928
1 0.373750 0.271857 0.007500 0.014988
1 0.337813 0.299750 0.045750 0.095920
1 0.303125 0.279767 0.022500 0.047960
1 0.429375 0.273106 0.034500 0.057952
1 0.245625 0.260200 0.028500 0.028976
1 0.351250 0.261865 0.033000 0.038968
1 0.275938 0.260616 0.029250 0.047960
1 0.308437 0.245629 0.029250 0.033972
1 0.402187 0.239384 0.011250 0.024979
1 0.250000 0.240216 0.031500 0.026978
1 0.395625 0.284763 0.040500 0.147877
1 0.425312 0.237302 0.030750 0.035970
1 0.434688 0.222315 0.009750 0.015987
1 0.337813 0.230641 0.023250 0.051957
1 0.292812 0.211074 0.033750 0.032973
1 0.276562 0.223980 0.048750 0.065945
1 0.407187 0.206495 0.032250 0.033972
1 0.380312 0.199833 0.024750 0.043963
1 0.366563 0.189425 0.026250 0.028976
1 0.317188 0.197752 0.021750 0.048959
1 0.354687 0.218568 0.065250 0.106911
1 0.378750 0.169442 0.016500 0.012989
1 0.358750 0.161532 0.027000 0.027977
1 0.277500 0.159034 0.031500 0.031973
1 0.246250 0.166944 0.024000 0.050958
1 0.391875 0.166112 0.022500 0.054954
1 0.330937 0.156953 0.035250 0.034971
1 0.297187 0.147794 0.018750 0.046961
1 0.356563 0.134888 0.024750 0.029975
1 0.246875 0.132390 0.027000 0.049958
1 0.269688 0.124896 0.032250 0.037968
1 0.377500 0.124896 0.025500 0.063947
1 0.355625 0.103247 0.027000 0.041965
1 0.148750 0.081599 0.030000 0.031973
1 0.690000 0.600000 0.439500 1.000000
1 0.101250 0.088926 0.202500 0.177852
