1 0.909062 0.926875 0.181875 0.146250
1 0.523438 0.835417 0.031875 0.065000
1 0.359375 0.803125 0.030000 0.060000
1 0.264844 0.792708 0.050625 0.045000
1 0.230469 0.787500 0.046875 0.050000
1 0.308594 0.760938 0.050625 0.041250
1 0.217188 0.740625 0.031875 0.062500
1 0.433203 0.726562 0.038437 0.056250
1 0.374219 0.754167 0.120000 0.150000
1 0.235937 0.713542 0.060000 0.097500
1 0.359766 0.688021 0.045937 0.041250
1 0.430859 0.666146 0.055313 0.061250
1 0.273438 0.652604 0.050625 0.043750
1 0.757031 0.553125 0.033750 0.065000
1 0.252734 0.481250 0.030937 0.060000
1 0.712891 0.492188 0.089063 0.088750
1 0.791016 0.463542 0.049687 0.042500
1 0.570312 0.439583 0.045000 0.052500
1 0.782031 0.391146 0.050625 0.043750
1 0.172031 0.617500 0.344062 0.765000
1 0.670312 0.434896 0.195000 0.178750
1 0.566406 0.387500 0.031875 0.065000
1 0.612891 0.376042 0.042188 0.042500
1 0.691016 0.371354 0.030937 0.066250
1 0.398828 0.326042 0.047812 0.045000
1 0.425781 0.516146 0.650625 0.536250
1 0.785547 0.288542 0.057188 0.045000
1 0.729297 0.296875 0.115312 0.157500
1 0.498828 0.257292 0.034687 0.065000
1 0.659375 0.261979 0.101250 0.078750
1 0.705469 0.227604 0.033750 0.066250
1 0.827969 0.382500 0.344062 0.765000
1 0.090937 0.073125 0.181875 0.146250
