1 0.418359 0.980208 0.023438 0.015000
1 0.414844 0.962500 0.016875 0.015000
1 0.282813 0.938542 0.016875 0.010000
1 0.571484 0.918750 0.010312 0.010000
1 0.326172 0.867188 0.008437 0.021250
1 0.189453 0.854688 0.010312 0.023750
1 0.373047 0.838542 0.015938 0.015000
1 0.271484 0.830208 0.015938 0.017500
1 0.283594 0.820312 0.011250 0.013750
1 0.612891 0.813021 0.012188 0.023750
1 0.765156 0.881250 0.469687 0.237500
1 0.456250 0.808854 0.009375 0.018750
1 0.309375 0.810417 0.011250 0.022500
1 0.203906 0.801042 0.009375 0.022500
1 0.197266 0.779687 0.015938 0.026250
1 0.355078 0.773958 0.010312 0.020000
1 0.314844 0.765625 0.011250 0.017500
1 0.644922 0.761458 0.023438 0.060000
1 0.600000 0.742708 0.022500 0.050000
1 0.568359 0.739062 0.021562 0.051250
1 0.485547 0.725521 0.023438 0.018750
1 0.378125 0.715625 0.011250 0.015000
1 0.201563 0.707812 0.011250 0.016250
1 0.275781 0.705729 0.011250 0.013750
1 0.570703 0.685937 0.012188 0.011250
1 0.532422 0.696354 0.029062 0.036250
1 0.167969 0.685937 0.015000 0.016250
1 0.421484 0.679167 0.008437 0.017500
1 0.217578 0.672396 0.015938 0.008750
1 0.644922 0.708854 0.105937 0.131250
1 0.621484 0.666667 0.017813 0.032500
1 0.568750 0.660417 0.018750 0.025000
1 0.596484 0.681771 0.045937 0.091250
1 0.576953 0.625000 0.008437 0.017500
1 0.653906 0.644271 0.060000 0.073750
1 0.562500 0.626563 0.016875 0.031250
1 0.543359 0.656250 0.053437 0.112500
1 0.550391 0.597917 0.010312 0.017500
1 0.616406 0.597917 0.020625 0.037500
1 0.525781 0.572917 0.007500 0.022500
1 0.567187 0.589583 0.037500 0.070000
1 0.385156 0.564063 0.016875 0.013750
1 0.602344 0.592187 0.045000 0.136250
1 0.559375 0.540104 0.026250 0.048750
1 0.534375 0.527604 0.011250 0.028750
1 0.672266 0.518750 0.030937 0.030000
1 0.641016 0.528646 0.036562 0.061250
1 0.612500 0.523958 0.031875 0.122500
1 0.567187 0.493229 0.039375 0.048750
1 0.566016 0.478646 0.019688 0.026250
1 0.591797 0.500521 0.027187 0.083750
1 0.192188 0.469792 0.013125 0.015000
1 0.430859 0.463021 0.027187 0.028750
1 0.225781 0.450521 0.018750 0.013750
1 0.545312 0.452083 0.018750 0.025000
1 0.576953 0.444271 0.038437 0.031250
1 0.619531 0.424479 0.009375 0.023750
1 0.614844 0.426042 0.013125 0.027500
1 0.480859 0.403646 0.023438 0.036250
1 0.551172 0.387500 0.019688 0.042500
1 0.840625 0.366146 0.016875 0.016250
1 0.635938 0.447396 0.060000 0.218750
1 0.500391 0.350521 0.017813 0.041250
1 0.586328 0.319792 0.072187 0.085000
1 0.591406 0.293750 0.024375 0.027500
1 0.569141 0.258854 0.019688 0.021250
1 0.099844 0.527604 0.199687 0.701250
1 0.467187 0.252083 0.024375 0.072500
1 0.496875 0.245312 0.043125 0.061250
1 0.575000 0.250000 0.035625 0.080000
1 0.505859 0.405729 0.149062 0.481250
1 0.392969 0.198437 0.026250 0.028750
1 0.037109 0.186458 0.010312 0.022500
1 0.314063 0.144271 0.018750 0.021250
1 0.931094 0.241250 0.137813 0.482500
1 0.214688 0.108750 0.429375 0.217500
