1 0.565234 0.894792 0.032813 0.055000
1 0.528125 0.899479 0.031875 0.068750
1 0.692187 0.864583 0.045000 0.045000
1 0.505859 0.867708 0.030937 0.067500
1 0.569922 0.855729 0.081562 0.053750
1 0.696094 0.827604 0.076875 0.056250
1 0.506641 0.797396 0.040313 0.053750
1 0.591016 0.788542 0.042188 0.052500
1 0.473047 0.782813 0.040313 0.043750
1 0.538281 0.765625 0.009375 0.032500
1 0.453906 0.767188 0.041250 0.038750
1 0.541797 0.773438 0.066562 0.076250
1 0.496875 0.754687 0.030000 0.038750
1 0.669531 0.784896 0.133125 0.143750
1 0.646094 0.733333 0.013125 0.022500
1 0.555078 0.742188 0.038437 0.048750
1 0.501953 0.729167 0.019688 0.032500
1 0.603125 0.739062 0.039375 0.061250
1 0.710156 0.722396 0.041250 0.041250
1 0.484375 0.710417 0.015000 0.040000
1 0.632812 0.744792 0.060000 0.135000
1 0.474609 0.712500 0.025312 0.065000
1 0.524219 0.708333 0.031875 0.062500
1 0.604688 0.697396 0.048750 0.041250
1 0.564063 0.691146 0.031875 0.066250
1 0.717187 0.680729 0.048750 0.043750
1 0.632031 0.671354 0.015000 0.028750
1 0.612500 0.665625 0.030000 0.022500
1 0.591016 0.656250 0.034687 0.040000
1 0.486719 0.665104 0.035625 0.068750
1 0.640234 0.638021 0.015938 0.016250
1 0.627734 0.632292 0.008437 0.022500
1 0.713672 0.640625 0.040313 0.050000
1 0.545703 0.641667 0.032813 0.052500
1 0.567187 0.640625 0.026250 0.052500
1 0.462500 0.640625 0.030000 0.060000
1 0.559766 0.617708 0.010312 0.010000
1 0.612891 0.613021 0.006563 0.026250
1 0.593359 0.617708 0.017813 0.057500
1 0.504297 0.611979 0.045937 0.066250
1 0.699609 0.609896 0.057188 0.078750
1 0.351953 0.592708 0.045937 0.037500
1 0.697656 0.579167 0.013125 0.012500
1 0.653125 0.643750 0.071250 0.177500
1 0.577734 0.583854 0.030937 0.033750
1 0.596094 0.575521 0.009375 0.033750
1 0.546094 0.586458 0.048750 0.067500
1 0.526172 0.558854 0.040313 0.018750
1 0.498047 0.554167 0.025312 0.015000
1 0.474219 0.567708 0.041250 0.050000
1 0.707812 0.564583 0.093750 0.055000
1 0.485156 0.541667 0.007500 0.017500
1 0.541406 0.534896 0.013125 0.018750
1 0.664062 0.529687 0.015000 0.008750
1 0.649609 0.550521 0.023438 0.058750
1 0.602734 0.541667 0.027187 0.042500
1 0.471484 0.521875 0.030937 0.027500
1 0.627344 0.537500 0.037500 0.067500
1 0.541406 0.516146 0.009375 0.018750
1 0.554688 0.526563 0.020625 0.046250
1 0.576953 0.521354 0.027187 0.038750
1 0.673047 0.516146 0.014063 0.031250
1 0.491797 0.514062 0.012188 0.031250
1 0.526953 0.502604 0.021562 0.011250
1 0.498437 0.511979 0.022500 0.056250
1 0.441797 0.510938 0.051562 0.061250
1 0.539062 0.486979 0.005625 0.021250
1 0.680859 0.527604 0.075938 0.131250
1 0.527344 0.483333 0.018750 0.025000
1 0.450391 0.478125 0.021562 0.027500
1 0.551953 0.484375 0.029062 0.052500
1 0.478516 0.470313 0.017813 0.023750
1 0.591797 0.485417 0.072187 0.062500
1 0.643359 0.468750 0.038437 0.025000
1 0.735156 0.481250 0.028125 0.067500
1 0.523828 0.461458 0.030937 0.025000
1 0.499219 0.455208 0.020625 0.022500
1 0.698047 0.457292 0.034687 0.037500
1 0.530078 0.442188 0.010312 0.023750
1 0.480078 0.438542 0.029062 0.015000
1 0.675000 0.427604 0.018750 0.018750
1 0.712109 0.441667 0.066562 0.062500
1 0.464844 0.421875 0.018750 0.022500
1 0.537891 0.413542 0.021562 0.022500
1 0.507812 0.426042 0.041250 0.052500
1 0.481250 0.417187 0.015000 0.031250
1 0.596875 0.415625 0.037500 0.042500
1 0.520312 0.406771 0.011250 0.023750
1 0.433203 0.406250 0.019688 0.027500
1 0.436328 0.401042 0.015938 0.020000
1 0.646484 0.456771 0.115312 0.166250
1 0.428516 0.422917 0.062812 0.102500
1 0.637891 0.397917 0.030937 0.060000
1 0.502344 0.372917 0.015000 0.017500
1 0.437891 0.373437 0.025312 0.038750
1 0.564063 0.408333 0.095625 0.132500
1 0.497266 0.365104 0.019688 0.028750
1 0.464844 0.370833 0.026250 0.047500
1 0.462109 0.351042 0.019688 0.012500
1 0.563672 0.371354 0.038437 0.078750
1 0.637109 0.353646 0.010312 0.041250
1 0.658594 0.351562 0.105000 0.068750
1 0.533594 0.335938 0.028125 0.031250
1 0.578516 0.347917 0.030937 0.062500
1 0.497266 0.336458 0.055313 0.035000
1 0.728906 0.335938 0.050625 0.038750
1 0.458594 0.335417 0.035625 0.045000
1 0.614062 0.327604 0.039375 0.051250
1 0.447656 0.293750 0.048750 0.042500
1 0.512500 0.293750 0.030000 0.062500
1 0.481250 0.303125 0.037500 0.085000
1 0.595313 0.270313 0.041250 0.036250
1 0.562891 0.282292 0.042188 0.107500
1 0.498437 0.231771 0.013125 0.018750
1 0.481250 0.211458 0.026250 0.065000
1 0.415625 0.200000 0.041250 0.045000
1 0.540625 0.231771 0.106875 0.131250
1 0.467187 0.217708 0.061875 0.107500
1 0.561328 0.184375 0.045937 0.040000
1 0.512891 0.162500 0.017813 0.032500
1 0.506250 0.176563 0.041250 0.111250
1 0.535156 0.142187 0.028125 0.058750
1 0.646875 0.167708 0.073125 0.122500
1 0.453906 0.117188 0.031875 0.061250
1 0.643359 0.097917 0.044062 0.047500
1 0.504297 0.088542 0.038437 0.052500
1 0.586328 0.096354 0.074063 0.173750
1 0.565625 0.040104 0.033750 0.066250
