1 0.561719 0.897396 0.026250 0.028750
1 0.501172 0.788021 0.019688 0.041250
1 0.519531 0.776042 0.020625 0.040000
1 0.478906 0.772396 0.016875 0.041250
1 0.488672 0.749479 0.027187 0.033750
1 0.467578 0.740625 0.023438 0.030000
1 0.561719 0.738021 0.024375 0.033750
1 0.471875 0.701042 0.026250 0.030000
1 0.439453 0.704688 0.038437 0.043750
1 0.790000 0.796875 0.420000 0.406250
1 0.522266 0.676042 0.021562 0.037500
1 0.467969 0.669792 0.024375 0.032500
1 0.642188 0.673438 0.024375 0.043750
1 0.565625 0.659375 0.018750 0.045000
1 0.296719 0.776875 0.593438 0.446250
1 0.466016 0.615625 0.010312 0.020000
1 0.401953 0.619792 0.025312 0.032500
1 0.421484 0.656250 0.092812 0.152500
1 0.401562 0.589583 0.031875 0.030000
1 0.405859 0.565625 0.027187 0.027500
1 0.485156 0.550521 0.018750 0.041250
1 0.505469 0.518750 0.026250 0.032500
1 0.447266 0.485417 0.029062 0.032500
1 0.403516 0.460938 0.017813 0.041250
1 0.544531 0.526563 0.211875 0.231250
1 0.462891 0.583854 0.173437 0.396250
1 0.604688 0.434375 0.058125 0.052500
1 0.518359 0.430208 0.019688 0.045000
1 0.569141 0.421354 0.021562 0.038750
1 0.496484 0.403646 0.023438 0.043750
1 0.464062 0.430208 0.069375 0.112500
1 0.648438 0.389062 0.028125 0.048750
1 0.515234 0.372396 0.029062 0.023750
1 0.420312 0.366667 0.031875 0.035000
1 0.547266 0.325521 0.030937 0.038750
1 0.630859 0.319792 0.025312 0.045000
1 0.576172 0.354687 0.126562 0.166250
1 0.597266 0.280729 0.030937 0.036250
1 0.490625 0.285417 0.056250 0.075000
1 0.499219 0.232292 0.030000 0.045000
1 0.560547 0.219271 0.030937 0.043750
1 0.535547 0.253646 0.049687 0.133750
1 0.563281 0.049479 0.007500 0.016250
1 0.823750 0.183125 0.352500 0.366250
1 0.097031 0.090000 0.194062 0.180000
