1 0.933056 0.959875 0.133888 0.080250
1 0.382182 0.817187 0.053955 0.036750
1 0.474604 0.808750 0.059950 0.033000
1 0.323064 0.787813 0.041965 0.050250
1 0.236886 0.750313 0.042964 0.054750
1 0.528310 0.740625 0.040966 0.052500
1 0.350125 0.727500 0.052956 0.031500
1 0.420899 0.707812 0.012989 0.008250
1 0.610741 0.701875 0.014988 0.006000
1 0.219400 0.706875 0.052956 0.048000
1 0.431724 0.738437 0.210824 0.125250
1 0.415071 0.699375 0.046961 0.045000
1 0.361782 0.691250 0.062948 0.030000
1 0.481682 0.685625 0.052956 0.036000
1 0.807244 0.681875 0.056953 0.028500
1 0.294754 0.690000 0.119900 0.072000
1 0.231890 0.656250 0.062948 0.031500
1 0.411740 0.662188 0.100916 0.050250
1 0.283930 0.645000 0.041965 0.048000
1 0.452123 0.626250 0.055953 0.031500
1 0.402581 0.627500 0.034971 0.045000
1 0.310158 0.610313 0.038968 0.051750
1 0.275604 0.603125 0.047960 0.043500
1 0.437136 0.585313 0.061948 0.027750
1 0.198335 0.733375 0.396669 0.533250
1 0.590341 0.648750 0.317735 0.225000
1 0.666944 0.563750 0.061948 0.031500
1 0.855121 0.542813 0.043963 0.032250
1 0.805579 0.542188 0.054954 0.032250
1 0.573272 0.548750 0.040966 0.048000
1 0.459201 0.549375 0.092923 0.055500
1 0.537885 0.541250 0.101915 0.076500
1 0.413822 0.531563 0.033972 0.056250
1 0.856786 0.518125 0.051957 0.027000
1 0.808909 0.515000 0.056953 0.030000
1 0.602415 0.505938 0.042964 0.030750
1 0.768526 0.508125 0.045962 0.037500
1 0.731057 0.532188 0.135887 0.114750
1 0.489176 0.469062 0.018984 0.006750
1 0.368027 0.480000 0.059950 0.036000
1 0.785595 0.478750 0.164863 0.067500
1 0.880933 0.453125 0.051957 0.033000
1 0.810575 0.443750 0.056953 0.031500
1 0.843464 0.427187 0.041965 0.041250
1 0.890508 0.422812 0.052956 0.032250
1 0.471274 0.405625 0.055953 0.031500
1 0.788093 0.404062 0.038968 0.042750
1 0.866361 0.398125 0.046961 0.030000
1 0.825146 0.395625 0.031973 0.045000
1 0.537052 0.393437 0.041965 0.048750
1 0.750624 0.384062 0.046961 0.041250
1 0.605745 0.370625 0.044963 0.042000
1 0.786428 0.366563 0.054954 0.035250
1 0.581182 0.443750 0.437635 0.259500
1 0.657785 0.351875 0.033972 0.042000
1 0.624480 0.352812 0.041965 0.048750
1 0.753955 0.312188 0.076936 0.054750
1 0.708160 0.310937 0.074938 0.069750
1 0.858118 0.162000 0.283764 0.324000
1 0.043464 0.026250 0.086928 0.052500
