1 0.945625 0.995504 0.016500 0.008993
1 0.136875 0.995504 0.010500 0.008993
1 0.094375 0.995504 0.016500 0.008993
1 0.965000 0.995004 0.015000 0.009992
1 0.981563 0.994172 0.012750 0.009992
1 0.520312 0.994005 0.017250 0.011990
1 0.847187 0.993505 0.015750 0.012989
1 0.304375 0.993339 0.009000 0.009992
1 0.176250 0.993505 0.007500 0.012989
1 0.009062 0.993505 0.006750 0.012989
1 0.873750 0.993006 0.027000 0.013988
1 0.761563 0.993006 0.012750 0.013988
1 0.506875 0.993006 0.022500 0.013988
1 0.317500 0.993006 0.013500 0.013988
1 0.829688 0.992506 0.008250 0.014988
1 0.477500 0.992506 0.018000 0.014988
1 0.414687 0.992506 0.012750 0.014988
1 0.799375 0.992007 0.021000 0.015987
1 0.784375 0.992007 0.009000 0.015987
1 0.708438 0.992007 0.009750 0.015987
1 0.062500 0.992007 0.012000 0.015987
1 0.195625 0.989176 0.012000 0.009992
1 0.110625 0.990425 0.012000 0.012989
1 0.819375 0.990508 0.010500 0.018984
1 0.182812 0.990508 0.011250 0.018984
1 0.553750 0.987927 0.010500 0.010991
1 0.545625 0.989176 0.007500 0.013988
1 0.854688 0.988759 0.009750 0.014988
1 0.725313 0.989509 0.026250 0.020983
1 0.460000 0.989592 0.013500 0.016986
1 0.452500 0.987510 0.007500 0.011990
1 0.404062 0.989509 0.021750 0.020983
1 0.339062 0.986678 0.014250 0.009992
1 0.208437 0.989509 0.012750 0.020983
1 0.375000 0.990008 0.015000 0.019983
1 0.234063 0.989009 0.012750 0.021982
1 0.684063 0.985845 0.009750 0.011990
1 0.604688 0.987510 0.011250 0.015987
1 0.388750 0.988759 0.018000 0.020983
1 0.740313 0.987510 0.024750 0.024979
1 0.509062 0.984180 0.008250 0.011990
1 0.431250 0.988010 0.025500 0.023980
1 0.166250 0.984180 0.015000 0.013988
1 0.991000 0.986511 0.018000 0.026978
1 0.426250 0.982098 0.010500 0.012989
1 0.355938 0.986012 0.030750 0.027977
1 0.048750 0.986012 0.033000 0.027977
1 0.804375 0.981266 0.015000 0.012989
1 0.500000 0.981266 0.012000 0.014988
1 0.103438 0.982515 0.006750 0.017985
1 0.618750 0.984513 0.022500 0.030974
1 0.572187 0.985012 0.017250 0.025978
1 0.491250 0.980017 0.013500 0.013988
1 0.317188 0.979600 0.008250 0.012989
1 0.876875 0.981266 0.018000 0.018984
1 0.710625 0.978351 0.009000 0.011990
1 0.214688 0.978351 0.008250 0.011990
1 0.075000 0.981266 0.012000 0.018984
1 0.843750 0.979184 0.013500 0.015987
1 0.247500 0.981266 0.019500 0.020983
1 0.946875 0.978351 0.009000 0.015987
1 0.640000 0.977935 0.012000 0.014988
1 0.329688 0.978768 0.011250 0.016986
1 0.125938 0.983764 0.020250 0.028976
1 0.972187 0.980849 0.021750 0.023980
1 0.683125 0.975853 0.015000 0.011990
1 0.624062 0.979184 0.020250 0.021982
1 0.094375 0.974604 0.013500 0.010991
1 0.020625 0.981266 0.013500 0.026978
1 0.835313 0.975437 0.009750 0.014988
1 0.759062 0.978351 0.014250 0.021982
1 0.443750 0.974188 0.009000 0.011990
1 0.012500 0.978351 0.009000 0.021982
1 0.905937 0.976686 0.011250 0.019983
1 0.189375 0.975853 0.021000 0.017985
1 0.110312 0.973356 0.009750 0.011990
1 0.034063 0.971690 0.017250 0.007993
1 0.604062 0.975437 0.008250 0.018984
1 0.925937 0.980849 0.041250 0.033972
1 0.855938 0.972107 0.015750 0.012989
1 0.143437 0.978351 0.021750 0.027977
1 0.117188 0.974188 0.006750 0.017985
1 0.694688 0.972939 0.012750 0.016986
1 0.651875 0.975853 0.012000 0.023980
1 0.223438 0.975021 0.008250 0.021982
1 0.895938 0.972523 0.015750 0.019983
1 0.435000 0.971274 0.018000 0.016986
1 0.306250 0.973356 0.016500 0.021982
1 0.400000 0.973772 0.018000 0.024979
1 0.819688 0.974604 0.027750 0.028976
1 0.370937 0.972523 0.009750 0.023980
1 0.173437 0.971690 0.015750 0.021982
1 0.740000 0.969609 0.012000 0.018984
1 0.642500 0.966694 0.007500 0.011990
1 0.631563 0.969609 0.012750 0.018984
1 0.260000 0.967527 0.006000 0.013988
1 0.006875 0.965862 0.013500 0.009992
1 0.720625 0.969192 0.019500 0.019983
1 0.565312 0.966694 0.008250 0.015987
1 0.364687 0.968360 0.011250 0.019983
1 0.077188 0.966694 0.018750 0.015987
1 0.921562 0.966278 0.012750 0.016986
1 0.869687 0.965445 0.009750 0.014988
1 0.094687 0.963780 0.018750 0.010991
1 0.061562 0.967111 0.015750 0.018984
1 0.515625 0.968360 0.021000 0.023980
1 0.777500 0.966278 0.018000 0.020983
1 0.572812 0.963364 0.005250 0.013988
1 0.155625 0.969609 0.013500 0.028976
1 0.320000 0.963780 0.009000 0.016986
1 0.610625 0.963780 0.010500 0.018984
1 0.957187 0.968360 0.029250 0.031973
1 0.830937 0.960033 0.014250 0.011990
1 0.231250 0.964613 0.010500 0.022981
1 0.381563 0.965029 0.024750 0.025978
1 0.328750 0.961699 0.006000 0.017985
1 0.247812 0.963780 0.021750 0.022981
1 0.986250 0.960033 0.007500 0.015987
1 0.405313 0.963780 0.015750 0.024979
1 0.494375 0.959201 0.031500 0.015987
1 0.023438 0.956703 0.008250 0.009992
1 0.452500 0.965029 0.021000 0.031973
1 0.035937 0.958784 0.017250 0.016986
1 0.943125 0.957535 0.012000 0.015987
1 0.905937 0.958784 0.020250 0.020983
1 0.080625 0.957535 0.027000 0.017985
1 0.785937 0.954621 0.015750 0.012989
1 0.184688 0.959617 0.014250 0.024979
1 0.009375 0.955454 0.012000 0.014988
1 0.935312 0.955037 0.006750 0.015987
1 0.752500 0.959201 0.027000 0.027977
1 0.660937 0.956286 0.020250 0.020983
1 0.716250 0.951707 0.010500 0.013988
1 0.529062 0.967527 0.038250 0.064946
1 0.068750 0.950458 0.009000 0.010991
1 0.054688 0.952540 0.009750 0.015987
1 0.517188 0.952540 0.015750 0.017985
1 0.456250 0.948793 0.009000 0.008993
1 0.979688 0.948376 0.008250 0.009992
1 0.731563 0.949625 0.009750 0.012989
1 0.346562 0.963364 0.027750 0.045962
1 0.287500 0.967527 0.030000 0.064946
1 0.874062 0.956286 0.024750 0.030974
1 0.843750 0.948793 0.012000 0.012989
1 0.823438 0.952540 0.008250 0.021982
1 0.667500 0.950042 0.013500 0.015987
1 0.241875 0.951707 0.006000 0.019983
1 0.200313 0.953372 0.018750 0.029975
1 0.170313 0.951291 0.018750 0.024979
1 0.224375 0.947544 0.007500 0.019983
1 0.107188 0.947960 0.008250 0.020983
1 0.892813 0.946295 0.009750 0.018984
1 0.753125 0.941299 0.010500 0.006994
1 0.556562 0.952956 0.029250 0.034971
1 0.419375 0.953372 0.039000 0.035970
1 0.119063 0.941715 0.006750 0.007993
1 0.725938 0.944213 0.008250 0.015987
1 0.463125 0.950458 0.019500 0.030974
1 0.278750 0.945462 0.021000 0.018984
1 0.182812 0.943797 0.015750 0.014988
1 0.050313 0.942132 0.008250 0.010991
1 0.772188 0.943381 0.009750 0.015987
1 0.644687 0.951707 0.017250 0.035970
1 0.679688 0.942132 0.012750 0.014988
1 0.123438 0.952123 0.048750 0.038968
1 0.037187 0.939634 0.017250 0.008993
1 0.714063 0.942964 0.005250 0.018984
1 0.929375 0.942132 0.009000 0.018984
1 0.161875 0.941299 0.013500 0.016986
1 0.485312 0.948376 0.041250 0.035970
1 0.362812 0.947960 0.023250 0.034971
1 0.357187 0.937552 0.008250 0.009992
1 0.988125 0.942132 0.021000 0.022981
1 0.435625 0.935470 0.015000 0.006994
1 0.901250 0.935887 0.012000 0.009992
1 0.876563 0.937552 0.015750 0.013988
1 0.769062 0.938801 0.012750 0.016986
1 0.208750 0.950874 0.031500 0.045962
1 0.240625 0.937136 0.015000 0.014988
1 0.853437 0.950042 0.029250 0.047960
1 0.221250 0.933389 0.009000 0.007993
1 0.098750 0.935887 0.013500 0.013988
1 0.552813 0.933805 0.014250 0.010991
1 0.479687 0.937968 0.015750 0.020983
1 0.959375 0.941715 0.028500 0.031973
1 0.254063 0.937968 0.014250 0.022981
1 0.060937 0.935470 0.009750 0.016986
1 0.935312 0.933805 0.009750 0.014988
1 0.799375 0.933805 0.006000 0.014988
1 0.793438 0.934221 0.009750 0.015987
1 0.501563 0.932973 0.006750 0.012989
1 0.454062 0.938385 0.017250 0.025978
1 0.295000 0.933389 0.012000 0.013988
1 0.231875 0.935887 0.006000 0.019983
1 0.150938 0.932140 0.014250 0.010991
1 0.070938 0.935054 0.015750 0.017985
1 0.743750 0.938385 0.015000 0.027977
1 0.582187 0.932556 0.026250 0.013988
1 0.350625 0.931307 0.009000 0.010991
1 0.757500 0.931724 0.015000 0.013988
1 0.592812 0.954621 0.039750 0.068943
1 0.782188 0.932556 0.015750 0.017985
1 0.244688 0.929226 0.012750 0.009992
1 0.869375 0.928809 0.015000 0.010991
1 0.812813 0.930891 0.021750 0.015987
1 0.186562 0.930891 0.009750 0.015987
1 0.120625 0.930058 0.012000 0.013988
1 0.972187 0.935054 0.023250 0.027977
1 0.134375 0.932556 0.024000 0.021982
1 0.919375 0.942132 0.025500 0.046961
1 0.335938 0.937136 0.029250 0.036969
1 0.049375 0.928393 0.009000 0.015987
1 0.726875 0.924646 0.013500 0.010991
1 0.016875 0.937968 0.033750 0.042964
1 0.318437 0.942548 0.024750 0.055953
1 0.932187 0.926311 0.017250 0.018984
1 0.508437 0.922981 0.015750 0.010991
1 0.827812 0.922981 0.018750 0.012989
1 0.853437 0.920067 0.011250 0.009992
1 0.354063 0.921316 0.008250 0.014988
1 0.864062 0.918818 0.015750 0.010991
1 0.572187 0.920483 0.020250 0.014988
1 0.991750 0.920483 0.016500 0.016986
1 0.364063 0.918401 0.018750 0.011990
1 0.060937 0.919650 0.015750 0.014988
1 0.654375 0.926728 0.028500 0.033972
1 0.462187 0.919650 0.006750 0.016986
1 0.162188 0.920899 0.020250 0.019983
1 0.146563 0.918818 0.011250 0.014988
1 0.025313 0.924646 0.017250 0.028976
1 0.815312 0.915487 0.011250 0.008993
1 0.585625 0.918818 0.010500 0.016986
1 0.041563 0.919650 0.014250 0.018984
1 0.840313 0.929642 0.015750 0.044963
1 0.450313 0.921732 0.021750 0.025978
1 0.218438 0.915487 0.021750 0.010991
1 0.004875 0.915487 0.009750 0.010991
1 0.887500 0.913822 0.018000 0.010991
1 0.015625 0.913822 0.013500 0.010991
1 0.969688 0.919234 0.011250 0.025978
1 0.867812 0.913405 0.014250 0.011990
1 0.405313 0.916736 0.011250 0.019983
1 0.470938 0.918401 0.009750 0.025978
1 0.906875 0.914654 0.022500 0.018984
1 0.405625 0.930058 0.082500 0.055953
1 0.338125 0.917985 0.015000 0.026978
1 0.758750 0.915487 0.012000 0.022981
1 0.135313 0.915071 0.009750 0.021982
1 0.386562 0.914654 0.008250 0.024979
1 0.149062 0.911324 0.014250 0.016986
1 0.979062 0.910908 0.008250 0.017985
1 0.815625 0.908410 0.010500 0.011990
1 0.092500 0.910075 0.015000 0.015987
1 0.627812 0.933805 0.029250 0.074938
1 0.106875 0.910075 0.018000 0.017985
1 0.672188 0.920899 0.014250 0.047960
1 0.192188 0.908410 0.018750 0.017985
1 0.030312 0.907577 0.006750 0.015987
1 0.700937 0.909242 0.020250 0.021982
1 0.533750 0.923397 0.042000 0.055953
1 0.360625 0.905079 0.010500 0.013988
1 0.595625 0.909659 0.013500 0.026978
1 0.080312 0.910908 0.011250 0.029975
1 0.399375 0.901749 0.009000 0.009992
1 0.512188 0.906744 0.018750 0.023980
1 0.471562 0.900500 0.012750 0.008993
1 0.951250 0.913405 0.027000 0.041965
1 0.768750 0.912157 0.019500 0.038968
1 0.288438 0.927560 0.047250 0.077935
1 0.205937 0.907993 0.009750 0.030974
1 0.739375 0.903830 0.016500 0.022981
1 0.606563 0.904246 0.014250 0.025978
1 0.126562 0.903830 0.015750 0.024979
1 0.016875 0.901749 0.021000 0.019983
1 0.922188 0.907993 0.029250 0.036969
1 0.166250 0.899251 0.007500 0.015987
1 0.197187 0.900916 0.009750 0.021982
1 0.873437 0.896753 0.008250 0.013988
1 0.789687 0.898002 0.014250 0.016986
1 0.312188 0.906328 0.033750 0.036969
1 0.086250 0.896753 0.010500 0.013988
1 0.071250 0.901749 0.013500 0.025978
1 0.848437 0.903830 0.023250 0.032973
1 0.030312 0.894671 0.011250 0.010991
1 0.445937 0.898834 0.015750 0.022981
1 0.340938 0.898418 0.026250 0.021982
1 0.245000 0.898834 0.015000 0.022981
1 0.212500 0.898834 0.009000 0.022981
1 0.964375 0.896336 0.016500 0.018984
1 0.469687 0.892590 0.014250 0.009992
1 0.221875 0.895504 0.007500 0.016986
1 0.822500 0.895087 0.010500 0.017985
1 0.203437 0.891757 0.008250 0.009992
1 0.109063 0.899251 0.026250 0.027977
1 0.041563 0.894255 0.006750 0.015987
1 0.151875 0.896336 0.024000 0.022981
1 0.792813 0.907161 0.047250 0.050958
1 0.406875 0.897169 0.021000 0.026978
1 0.900312 0.892173 0.023250 0.016986
1 0.594063 0.889675 0.008250 0.010991
1 0.415938 0.892590 0.018750 0.017985
1 0.186562 0.891757 0.006750 0.015987
1 0.831875 0.898834 0.015000 0.034971
1 0.640000 0.890092 0.007500 0.013988
1 0.061562 0.898834 0.024750 0.034971
1 0.512188 0.889675 0.015750 0.014988
1 0.462500 0.885928 0.009000 0.007993
1 0.820625 0.888010 0.015000 0.014988
1 0.390313 0.891757 0.015750 0.023980
1 0.839375 0.886761 0.010500 0.013988
1 0.215938 0.887177 0.008250 0.014988
1 0.116250 0.887594 0.006000 0.015987
1 0.930937 0.890092 0.024750 0.023980
1 0.320312 0.886761 0.012750 0.015987
1 0.094375 0.888426 0.007500 0.019983
1 0.956562 0.884679 0.014250 0.012989
1 0.846250 0.882598 0.013500 0.007993
1 0.167813 0.883847 0.009750 0.010991
1 0.944688 0.883847 0.011250 0.012989
1 0.082812 0.884263 0.017250 0.013988
1 0.980000 0.888426 0.027000 0.025978
1 0.753437 0.881765 0.012750 0.009992
1 0.525937 0.889259 0.021750 0.027977
1 0.144375 0.882598 0.015000 0.013988
1 0.622812 0.880100 0.011250 0.009992
1 0.125000 0.883430 0.010500 0.017985
1 0.060625 0.878018 0.012000 0.006994
1 0.815625 0.878851 0.009000 0.010991
1 0.491250 0.901749 0.030000 0.065945
1 0.361250 0.887594 0.025500 0.031973
1 0.872500 0.883847 0.019500 0.024979
1 0.184062 0.880516 0.014250 0.016986
1 0.570937 0.898002 0.047250 0.060949
1 0.045000 0.879684 0.021000 0.016986
1 0.477500 0.881349 0.022500 0.022981
1 0.285938 0.881765 0.014250 0.023980
1 0.701250 0.902998 0.066000 0.078934
1 0.884375 0.875520 0.010500 0.014988
1 0.101250 0.874271 0.015000 0.011990
1 0.779062 0.873855 0.014250 0.012989
1 0.236563 0.875937 0.009750 0.017985
1 0.175313 0.880100 0.015750 0.027977
1 0.076563 0.876353 0.011250 0.018984
1 0.690312 0.877602 0.020250 0.023980
1 0.520625 0.876353 0.012000 0.020983
1 0.904062 0.876353 0.018750 0.022981
1 0.835938 0.872606 0.009750 0.013988
1 0.423750 0.883847 0.016500 0.040966
1 0.113125 0.871357 0.012000 0.010991
1 0.365938 0.869692 0.014250 0.010991
1 0.156875 0.870108 0.007500 0.011990
1 0.856250 0.876769 0.012000 0.029975
1 0.408438 0.872190 0.012750 0.018984
1 0.302500 0.892173 0.039000 0.066944
1 0.193750 0.870525 0.013500 0.014988
1 0.875625 0.868443 0.007500 0.013988
1 0.495625 0.870941 0.027000 0.021982
1 0.375937 0.883430 0.030750 0.051957
1 0.921562 0.875520 0.024750 0.036969
1 0.656563 0.882598 0.030750 0.053955
1 0.166250 0.868027 0.016500 0.020983
1 0.847187 0.868443 0.012750 0.023980
1 0.816875 0.865112 0.007500 0.015987
1 0.707500 0.868859 0.019500 0.024979
1 0.396562 0.868859 0.014250 0.024979
1 0.882188 0.862198 0.017250 0.010991
1 0.682813 0.864280 0.014250 0.015987
1 0.045937 0.863863 0.015750 0.014988
1 0.014687 0.878435 0.024750 0.049958
1 0.985625 0.868443 0.019500 0.027977
1 0.149688 0.863031 0.009750 0.014988
1 0.400938 0.862198 0.011250 0.014988
1 0.966562 0.858868 0.009750 0.008993
1 0.368750 0.860949 0.007500 0.013988
1 0.294375 0.860949 0.009000 0.013988
1 0.204687 0.866361 0.014250 0.026978
1 0.865313 0.863863 0.012750 0.022981
1 0.124063 0.858035 0.017250 0.008993
1 0.945312 0.861782 0.018750 0.019983
1 0.732500 0.867610 0.040500 0.033972
1 0.078125 0.859284 0.013500 0.013988
1 0.799687 0.871357 0.036750 0.044963
1 0.338438 0.873439 0.038250 0.049958
1 0.516250 0.859700 0.015000 0.018984
1 0.693438 0.860117 0.009750 0.021982
1 0.220000 0.860949 0.019500 0.023980
1 0.959688 0.860533 0.015750 0.024979
1 0.346250 0.855121 0.009000 0.013988
1 0.986875 0.852623 0.013500 0.009992
1 0.725000 0.855121 0.007500 0.015987
1 0.463125 0.853872 0.009000 0.012989
1 0.232813 0.856370 0.024750 0.018984
1 0.172187 0.852623 0.011250 0.009992
1 0.313125 0.853455 0.018000 0.013988
1 0.163125 0.852623 0.012000 0.011990
1 0.778438 0.852206 0.009750 0.012989
1 0.478438 0.861366 0.038250 0.034971
1 0.324375 0.852623 0.016500 0.013988
1 0.403750 0.853455 0.013500 0.017985
1 0.892813 0.850958 0.015750 0.013988
1 0.448750 0.870108 0.030000 0.059950
1 0.106563 0.853039 0.009750 0.018984
1 0.509375 0.855537 0.015000 0.026978
1 0.293750 0.848876 0.015000 0.010991
1 0.143750 0.853039 0.018000 0.020983
1 0.037187 0.852206 0.011250 0.018984
1 0.683750 0.850958 0.012000 0.017985
1 0.420312 0.855537 0.017250 0.028976
1 0.376875 0.853872 0.015000 0.024979
1 0.060625 0.860949 0.027000 0.041965
1 0.995125 0.852206 0.009750 0.022981
1 0.954375 0.846794 0.007500 0.009992
1 0.940625 0.848043 0.021000 0.012989
1 0.669687 0.850958 0.018750 0.019983
1 0.367812 0.847627 0.006750 0.011990
1 0.787500 0.848043 0.007500 0.014988
1 0.394062 0.848876 0.008250 0.018984
1 0.005250 0.850958 0.010500 0.023980
1 0.715313 0.847211 0.015750 0.016986
1 0.273750 0.863031 0.016500 0.054954
1 0.917813 0.848876 0.011250 0.024979
1 0.133125 0.845129 0.015000 0.015987
1 0.984688 0.843880 0.006750 0.014988
1 0.337187 0.844296 0.008250 0.015987
1 0.120938 0.842631 0.014250 0.011990
1 0.077500 0.845962 0.012000 0.019983
1 0.237500 0.844713 0.010500 0.020983
1 0.168125 0.840550 0.012000 0.012989
1 0.517813 0.838468 0.011250 0.011990
1 0.435000 0.850125 0.021000 0.039967
1 0.317812 0.840133 0.012750 0.015987
1 0.231250 0.840133 0.010500 0.015987
1 0.291563 0.838884 0.008250 0.014988
1 0.021250 0.848460 0.028500 0.037968
1 0.980000 0.841799 0.034500 0.023980
1 0.150312 0.838052 0.008250 0.014988
1 0.055625 0.837635 0.009000 0.013988
1 0.828125 0.855121 0.040500 0.057952
1 0.186562 0.848460 0.026250 0.041965
1 0.951250 0.836386 0.028500 0.014988
1 0.564688 0.854288 0.026250 0.057952
1 0.077500 0.833056 0.013500 0.006994
1 0.805937 0.840133 0.020250 0.025978
1 0.408125 0.839301 0.036000 0.025978
1 0.304688 0.833472 0.017250 0.017985
1 0.095000 0.834305 0.027000 0.019983
1 0.698438 0.843047 0.021750 0.042964
1 0.429063 0.832223 0.012750 0.016986
1 0.342187 0.830974 0.006750 0.013988
1 0.973750 0.829309 0.009000 0.013988
1 0.389375 0.828476 0.006000 0.011990
1 0.151875 0.828060 0.009000 0.010991
1 0.059687 0.828476 0.015750 0.011990
1 0.035937 0.829725 0.009750 0.014988
1 0.938750 0.830142 0.018000 0.017985
1 0.738125 0.829725 0.010500 0.016986
1 0.370625 0.828893 0.009000 0.014988
1 0.684063 0.832223 0.009750 0.024979
1 0.159062 0.828893 0.008250 0.018984
1 0.766875 0.825978 0.007500 0.013988
1 0.695000 0.824313 0.012000 0.011990
1 0.980625 0.824313 0.009000 0.013988
1 0.718437 0.823480 0.009750 0.011990
1 0.605938 0.865112 0.069750 0.111907
1 0.016875 0.823064 0.012000 0.010991
1 0.808125 0.823064 0.010500 0.012989
1 0.799375 0.820983 0.009000 0.009992
1 0.352187 0.824729 0.021750 0.018984
1 0.048125 0.829725 0.013500 0.030974
1 0.717187 0.830142 0.021750 0.033972
1 0.313750 0.825562 0.021000 0.022981
1 0.201875 0.826395 0.021000 0.024979
1 0.178125 0.825978 0.021000 0.023980
1 0.012812 0.831391 0.023250 0.036969
1 0.280000 0.819734 0.012000 0.010991
1 0.105000 0.826811 0.021000 0.027977
1 0.910000 0.840966 0.043500 0.063947
1 0.648750 0.840133 0.033000 0.061948
1 0.300000 0.818901 0.013500 0.010991
1 0.557187 0.820566 0.011250 0.016986
1 0.273125 0.827227 0.016500 0.034971
1 0.380000 0.819317 0.013500 0.017985
1 0.987500 0.818485 0.009000 0.017985
1 0.865000 0.816819 0.009000 0.013988
1 0.870625 0.822231 0.012000 0.028976
1 0.332813 0.821399 0.023250 0.026978
1 0.111875 0.824313 0.018000 0.033972
1 0.846562 0.822231 0.030750 0.030974
1 0.820000 0.815987 0.019500 0.015987
1 0.250937 0.816819 0.008250 0.017985
1 0.212500 0.819734 0.009000 0.024979
1 0.415312 0.813072 0.009750 0.010991
1 0.395937 0.817652 0.012750 0.021982
1 0.090625 0.818068 0.013500 0.024979
1 0.188750 0.817652 0.019500 0.025978
1 0.137500 0.822231 0.025500 0.036969
1 0.976562 0.811823 0.011250 0.013988
1 0.927188 0.814738 0.018750 0.020983
1 0.624687 0.812656 0.027750 0.015987
1 0.267500 0.814738 0.006000 0.020983
1 0.965000 0.817652 0.015000 0.029975
1 0.166875 0.813489 0.007500 0.019983
1 0.036562 0.812656 0.012750 0.019983
1 0.881563 0.822231 0.026250 0.044963
1 0.776875 0.808077 0.009000 0.010991
1 0.022500 0.810158 0.019500 0.015987
1 0.893750 0.812240 0.010500 0.022981
1 0.234687 0.810158 0.006750 0.017985
1 0.837500 0.808077 0.013500 0.014988
1 0.457188 0.823480 0.036750 0.051957
1 0.069687 0.813072 0.012750 0.026978
1 0.850313 0.804746 0.012750 0.008993
1 0.438750 0.809326 0.012000 0.019983
1 0.377500 0.805162 0.012000 0.009992
1 0.993750 0.803913 0.007500 0.012989
1 0.700937 0.808493 0.021750 0.023980
1 0.474375 0.804330 0.009000 0.013988
1 0.310000 0.808909 0.042000 0.024979
1 0.194688 0.805162 0.012750 0.017985
1 0.007500 0.802248 0.015000 0.010991
1 0.937813 0.803081 0.006750 0.014988
1 0.754687 0.807660 0.027750 0.025978
1 0.201875 0.805162 0.012000 0.019983
1 0.429688 0.809742 0.021750 0.032973
1 0.944375 0.802248 0.007500 0.018984
1 0.343125 0.804330 0.006000 0.023980
1 0.215312 0.825146 0.038250 0.073938
1 0.038437 0.798918 0.012750 0.010991
1 0.209375 0.800999 0.009000 0.017985
1 0.586250 0.813905 0.036000 0.050958
1 0.399375 0.801415 0.010500 0.020983
1 0.249062 0.799750 0.014250 0.016986
1 0.130312 0.810158 0.032250 0.041965
1 0.168125 0.802664 0.022500 0.027977
1 0.841875 0.795171 0.015000 0.011990
1 0.770625 0.795587 0.007500 0.012989
1 0.112500 0.800167 0.021000 0.023980
1 0.067187 0.798085 0.029250 0.018984
1 0.878750 0.793505 0.016500 0.009992
1 0.159062 0.794754 0.008250 0.012989
1 0.085000 0.796003 0.010500 0.015987
1 0.830625 0.798085 0.010500 0.022981
1 0.677188 0.813489 0.026250 0.059950
1 0.330625 0.794338 0.009000 0.015987
1 0.192188 0.792256 0.012750 0.010991
1 0.718437 0.801832 0.012750 0.035970
1 0.123750 0.793922 0.009000 0.016986
1 0.979062 0.795587 0.015750 0.022981
1 0.709375 0.791007 0.016500 0.013988
1 0.148125 0.793505 0.012000 0.019983
1 0.134063 0.788926 0.011250 0.010991
1 0.017188 0.793089 0.012750 0.022981
1 0.642188 0.790591 0.008250 0.018984
1 0.616563 0.799334 0.041250 0.039967
1 0.374688 0.788093 0.017250 0.012989
1 0.869375 0.796003 0.016500 0.033972
1 0.455625 0.789759 0.010500 0.018984
1 0.405625 0.800167 0.042000 0.045962
1 0.953125 0.786012 0.016500 0.013988
1 0.430625 0.787677 0.036000 0.017985
1 0.338438 0.786012 0.015750 0.013988
1 0.065625 0.786844 0.009000 0.015987
1 0.006562 0.787677 0.006750 0.017985
1 0.249375 0.785595 0.006000 0.014988
1 0.103438 0.794338 0.024750 0.035970
1 0.965000 0.782265 0.012000 0.010991
1 0.858125 0.794338 0.010500 0.039967
1 0.839063 0.786012 0.012750 0.019983
1 0.287500 0.783930 0.009000 0.014988
1 0.744062 0.784346 0.009750 0.017985
1 0.274687 0.780600 0.006750 0.008993
1 0.089688 0.784763 0.009750 0.018984
1 0.921250 0.793922 0.019500 0.046961
1 0.870625 0.780600 0.007500 0.014988
1 0.619375 0.779351 0.015000 0.013988
1 0.150938 0.778518 0.017250 0.013988
1 0.080937 0.780183 0.014250 0.017985
1 0.748750 0.777269 0.010500 0.012989
1 0.772813 0.786012 0.020250 0.035970
1 0.430000 0.778934 0.024000 0.018984
1 0.223750 0.781016 0.019500 0.025978
1 0.790937 0.772273 0.011250 0.008993
1 0.659062 0.791840 0.035250 0.055953
1 0.485625 0.773938 0.010500 0.012989
1 0.285313 0.776436 0.017250 0.018984
1 0.401562 0.776436 0.011250 0.020983
1 0.240313 0.771440 0.011250 0.012989
1 0.129375 0.775187 0.031500 0.021982
1 0.073125 0.773938 0.010500 0.018984
1 0.987625 0.774771 0.024750 0.024979
1 0.938438 0.775187 0.021750 0.025978
1 0.465625 0.767277 0.015000 0.006994
1 0.356250 0.793922 0.037500 0.072939
1 0.204375 0.773106 0.024000 0.022981
1 0.299063 0.773522 0.018750 0.025978
1 0.190625 0.769359 0.015000 0.015987
1 0.004500 0.768943 0.009000 0.014988
1 0.758125 0.777269 0.021000 0.036969
1 0.015312 0.771024 0.012750 0.021982
1 0.642188 0.768110 0.023250 0.016986
1 0.313125 0.783514 0.034500 0.053955
1 0.277813 0.786428 0.033750 0.060949
1 0.095312 0.769359 0.011250 0.019983
1 0.735625 0.805995 0.052500 0.109908
1 0.798125 0.776853 0.034500 0.041965
1 0.428438 0.764779 0.011250 0.012989
1 0.149688 0.766028 0.011250 0.015987
1 0.111250 0.769359 0.010500 0.023980
1 0.161250 0.764779 0.012000 0.014988
1 0.857187 0.764779 0.008250 0.016986
1 0.752188 0.763530 0.011250 0.013988
1 0.795312 0.764363 0.014250 0.017985
1 0.469687 0.774355 0.027750 0.041965
1 0.411562 0.770608 0.015750 0.032973
1 0.680312 0.761449 0.006750 0.012989
1 0.483125 0.761865 0.012000 0.013988
1 0.367500 0.767277 0.028500 0.026978
1 0.220938 0.761865 0.006750 0.013988
1 0.972500 0.775187 0.018000 0.047960
1 0.348438 0.761449 0.011250 0.014988
1 0.177500 0.760616 0.012000 0.012989
1 0.802500 0.759784 0.006000 0.012989
1 0.624062 0.762281 0.017250 0.020983
1 0.460625 0.760616 0.024000 0.016986
1 0.953125 0.765612 0.034500 0.030974
1 0.331875 0.761865 0.013500 0.021982
1 0.207500 0.758118 0.009000 0.012989
1 0.226562 0.755204 0.008250 0.007993
1 0.930625 0.755620 0.009000 0.010991
1 0.847812 0.756869 0.011250 0.013988
1 0.319688 0.755620 0.014250 0.010991
1 0.054688 0.766445 0.018750 0.036969
1 0.740625 0.756869 0.010500 0.015987
1 0.724688 0.756453 0.005250 0.014988
1 0.390937 0.765196 0.018750 0.035970
1 0.900000 0.776020 0.039000 0.065945
1 0.175000 0.751457 0.013500 0.006994
1 0.967187 0.753539 0.009750 0.013988
1 0.876875 0.757702 0.018000 0.023980
1 0.796875 0.753955 0.007500 0.014988
1 0.986875 0.753539 0.018000 0.017985
1 0.921875 0.758118 0.016500 0.028976
1 0.006750 0.753539 0.013500 0.017985
1 0.624062 0.751041 0.017250 0.013988
1 0.494688 0.754788 0.021750 0.022981
1 0.295625 0.749376 0.012000 0.013988
1 0.288125 0.754788 0.009000 0.026978
1 0.193125 0.752706 0.021000 0.021982
1 0.101250 0.751873 0.016500 0.019983
1 0.037187 0.751873 0.011250 0.021982
1 0.713437 0.754371 0.017250 0.029975
1 0.430937 0.751041 0.012750 0.021982
1 0.385625 0.746045 0.016500 0.009992
1 0.219375 0.747294 0.015000 0.014988
1 0.068125 0.758535 0.019500 0.041965
1 0.834375 0.746878 0.006000 0.015987
1 0.823125 0.748543 0.016500 0.019983
1 0.343125 0.750624 0.031500 0.024979
1 0.692500 0.750208 0.031500 0.027977
1 0.372500 0.746878 0.015000 0.019983
1 0.309688 0.753122 0.023250 0.036969
1 0.127812 0.751457 0.024750 0.032973
1 0.025625 0.764779 0.034500 0.066944
1 0.748750 0.748543 0.018000 0.029975
1 0.643125 0.747710 0.027000 0.027977
1 0.914062 0.743547 0.012750 0.019983
1 0.943438 0.740633 0.006750 0.014988
1 0.863125 0.742714 0.013500 0.019983
1 0.334062 0.738551 0.011250 0.009992
1 0.030625 0.741049 0.009000 0.015987
1 0.212812 0.738135 0.011250 0.010991
1 0.160625 0.741049 0.010500 0.017985
1 0.902188 0.740216 0.012750 0.017985
1 0.777188 0.753122 0.027750 0.048959
1 0.111875 0.740633 0.022500 0.018984
1 0.953438 0.739384 0.014250 0.017985
1 0.691875 0.765196 0.064500 0.079933
1 0.356875 0.735637 0.010500 0.008993
1 0.406875 0.738551 0.007500 0.017985
1 0.325313 0.738135 0.011250 0.016986
1 0.821875 0.735221 0.010500 0.013988
1 0.791875 0.741882 0.033000 0.029975
1 0.720313 0.738135 0.011250 0.022981
1 0.390625 0.735637 0.027000 0.016986
1 0.088125 0.737719 0.010500 0.021982
1 0.780312 0.733972 0.009750 0.014988
1 0.635938 0.732723 0.015750 0.011990
1 0.366563 0.741465 0.024750 0.032973
1 0.078750 0.737719 0.013500 0.023980
1 0.448437 0.753539 0.042750 0.063947
1 0.140313 0.733555 0.009750 0.015987
1 0.040313 0.731474 0.015750 0.010991
1 0.113437 0.733139 0.018750 0.016986
1 0.884375 0.739384 0.013500 0.033972
1 0.712187 0.732306 0.006750 0.018984
1 0.687187 0.730225 0.014250 0.013988
1 0.649062 0.736053 0.011250 0.027977
1 0.174375 0.728976 0.024000 0.012989
1 0.697187 0.729392 0.006750 0.015987
1 0.983437 0.733139 0.021750 0.026978
1 0.677188 0.725645 0.017250 0.008993
1 0.665312 0.729392 0.009750 0.017985
1 0.070000 0.730641 0.015000 0.020983
1 0.010313 0.728976 0.008250 0.016986
1 0.771250 0.726894 0.009000 0.013988
1 0.203437 0.726062 0.012750 0.011990
1 0.762500 0.725229 0.007500 0.013988
1 0.308125 0.724813 0.012000 0.012989
1 0.420312 0.733139 0.018750 0.034971
1 0.787813 0.723564 0.017250 0.013988
1 0.358750 0.723564 0.012000 0.013988
1 0.269375 0.721898 0.015000 0.009992
1 0.025937 0.726894 0.024750 0.021982
1 0.916562 0.726062 0.021750 0.021982
1 0.173750 0.720649 0.013500 0.008993
1 0.954063 0.726062 0.012750 0.023980
1 0.603125 0.719400 0.013500 0.007993
1 0.972187 0.718984 0.008250 0.008993
1 0.838750 0.726894 0.025500 0.029975
1 0.598437 0.751041 0.069750 0.087927
1 0.374375 0.723564 0.019500 0.021982
1 0.560625 0.720649 0.012000 0.022981
1 0.439375 0.718568 0.009000 0.017985
1 0.289375 0.726894 0.028500 0.039967
1 0.153438 0.720649 0.038250 0.026978
1 0.097500 0.718984 0.022500 0.022981
1 0.082500 0.718152 0.015000 0.020983
1 0.963437 0.712739 0.009750 0.009992
1 0.901563 0.716903 0.018750 0.019983
1 0.817813 0.714405 0.008250 0.013988
1 0.402813 0.718152 0.017250 0.022981
1 0.933125 0.713988 0.013500 0.014988
1 0.640625 0.716486 0.018000 0.020983
1 0.414375 0.719400 0.013500 0.027977
1 0.040000 0.712739 0.010500 0.011990
1 0.379375 0.716070 0.010500 0.021982
1 0.888750 0.711907 0.010500 0.013988
1 0.452188 0.720649 0.015750 0.034971
1 0.990625 0.713572 0.018750 0.019983
1 0.720000 0.720233 0.031500 0.035970
1 0.121250 0.716903 0.022500 0.027977
1 0.905000 0.708160 0.007500 0.010991
1 0.485000 0.724396 0.046500 0.049958
1 0.756250 0.708576 0.009000 0.013988
1 0.240937 0.717735 0.018750 0.035970
1 0.220312 0.707327 0.008250 0.010991
1 0.980313 0.707744 0.012750 0.017985
1 0.787813 0.708576 0.014250 0.019983
1 0.742500 0.720649 0.021000 0.048959
1 0.659375 0.710658 0.028500 0.024979
1 0.702187 0.722315 0.021750 0.054954
1 0.101250 0.705662 0.010500 0.014988
1 0.084062 0.704829 0.017250 0.012989
1 0.681875 0.710241 0.022500 0.027977
1 0.114062 0.706495 0.009750 0.018984
1 0.450937 0.701082 0.011250 0.007993
1 0.420938 0.704829 0.008250 0.016986
1 0.069375 0.709409 0.015000 0.027977
1 0.050625 0.706495 0.021000 0.020983
1 0.622188 0.703997 0.006750 0.016986
1 0.477812 0.702748 0.006750 0.013988
1 0.288438 0.701082 0.009750 0.009992
1 0.847812 0.704413 0.012750 0.019983
1 0.180938 0.706911 0.020250 0.025978
1 0.525937 0.788510 0.111750 0.223813
1 0.325313 0.701499 0.008250 0.014988
1 0.210000 0.709825 0.015000 0.034971
1 0.023438 0.703997 0.018750 0.020983
1 0.979062 0.700666 0.012750 0.014988
1 0.866563 0.701915 0.023250 0.017985
1 0.665937 0.700250 0.006750 0.013988
1 0.772813 0.705662 0.027750 0.030974
1 0.932187 0.699001 0.020250 0.016986
1 0.796250 0.699833 0.025500 0.020983
1 0.363750 0.705662 0.034500 0.034971
1 0.168437 0.697752 0.006750 0.015987
1 0.566875 0.696087 0.019500 0.013988
1 0.020625 0.695254 0.010500 0.011990
1 0.716562 0.696503 0.012750 0.016986
1 0.812813 0.698585 0.014250 0.025978
1 0.695000 0.693589 0.007500 0.013988
1 0.912188 0.696503 0.006750 0.022981
1 0.682500 0.698585 0.024000 0.027977
1 0.191562 0.695254 0.009750 0.021982
1 0.276875 0.703580 0.019500 0.043963
1 0.863437 0.689842 0.018750 0.012989
1 0.415938 0.692756 0.008250 0.019983
1 0.008250 0.695670 0.016500 0.026978
1 0.750313 0.694838 0.026250 0.026978
1 0.326250 0.706495 0.054000 0.054954
1 0.131562 0.693589 0.009750 0.023980
1 0.089063 0.692756 0.014250 0.021982
1 0.732500 0.690258 0.015000 0.017985
1 0.445000 0.690674 0.009000 0.018984
1 0.397813 0.695254 0.011250 0.029975
1 0.065312 0.689842 0.011250 0.016986
1 0.904375 0.686511 0.010500 0.010991
1 0.076563 0.690258 0.009750 0.019983
1 0.015625 0.686928 0.013500 0.011990
1 0.776250 0.687760 0.006000 0.015987
1 0.177187 0.688593 0.012750 0.017985
1 0.708750 0.689009 0.016500 0.020983
1 0.379063 0.686928 0.012750 0.015987
1 0.236563 0.693589 0.035250 0.033972
1 0.042500 0.684846 0.007500 0.012989
1 0.685625 0.684430 0.013500 0.013988
1 0.957812 0.691923 0.017250 0.033972
1 0.919687 0.698585 0.027750 0.049958
1 0.830313 0.702331 0.027750 0.060949
1 0.432500 0.696503 0.016500 0.046961
1 0.143437 0.690674 0.024750 0.032973
1 0.052187 0.686928 0.011250 0.023980
1 0.995000 0.684013 0.009000 0.018984
1 0.786250 0.686511 0.013500 0.024979
1 0.036562 0.687760 0.029250 0.027977
1 0.966875 0.679434 0.007500 0.009992
1 0.944063 0.701499 0.033750 0.062948
1 0.845000 0.684846 0.028500 0.022981
1 0.795000 0.681099 0.006000 0.013988
1 0.650937 0.686095 0.012750 0.025978
1 0.664687 0.684013 0.018750 0.022981
1 0.596250 0.693172 0.039000 0.044963
1 0.161562 0.686095 0.009750 0.027977
1 0.113437 0.688593 0.032250 0.033972
1 0.330625 0.682764 0.013500 0.021982
1 0.981875 0.681515 0.022500 0.020983
1 0.455937 0.678185 0.006750 0.012989
1 0.210313 0.684430 0.035250 0.027977
1 0.753750 0.676520 0.007500 0.012989
1 0.388750 0.678185 0.010500 0.016986
1 0.815937 0.679017 0.008250 0.020983
1 0.735625 0.678601 0.009000 0.019983
1 0.133437 0.675271 0.014250 0.013988
1 0.404062 0.686095 0.024750 0.041965
1 0.099375 0.676103 0.015000 0.017985
1 0.054688 0.672356 0.009750 0.008993
1 0.009375 0.676520 0.018750 0.018984
1 0.745000 0.675687 0.010500 0.018984
1 0.350938 0.684846 0.038250 0.040966
1 0.143437 0.673189 0.014250 0.012989
1 0.165625 0.672773 0.016500 0.013988
1 0.291563 0.679850 0.042750 0.032973
1 0.185000 0.677769 0.009000 0.029975
1 0.765625 0.674438 0.016500 0.027977
1 0.697812 0.674854 0.027750 0.028976
1 0.244062 0.671524 0.011250 0.020983
1 0.026875 0.670691 0.018000 0.018984
1 0.962812 0.667361 0.009750 0.012989
1 0.120625 0.669026 0.013500 0.016986
1 0.933438 0.669858 0.015750 0.020983
1 0.783125 0.666528 0.013500 0.012989
1 0.210313 0.666112 0.009750 0.013988
1 0.970000 0.666528 0.009000 0.016986
1 0.105000 0.663197 0.009000 0.008993
1 0.129062 0.664863 0.011250 0.014988
1 0.811250 0.663197 0.016500 0.014988
1 0.993250 0.664030 0.013500 0.018984
1 0.307812 0.665279 0.011250 0.021982
1 0.871563 0.673605 0.041250 0.047960
1 0.847187 0.661116 0.006750 0.017985
1 0.448750 0.669442 0.034500 0.037968
1 0.923125 0.664030 0.019500 0.026978
1 0.795937 0.671940 0.024750 0.045962
1 0.417500 0.667361 0.016500 0.034971
1 0.339687 0.660283 0.017250 0.017985
1 0.887500 0.663614 0.028500 0.027977
1 0.829688 0.663614 0.021750 0.027977
1 0.145625 0.655704 0.016500 0.008993
1 0.314375 0.656536 0.013500 0.016986
1 0.230937 0.658201 0.012750 0.020983
1 0.060312 0.657785 0.011250 0.019983
1 0.281562 0.679850 0.047250 0.074938
1 0.401250 0.653622 0.013500 0.013988
1 0.366875 0.651957 0.007500 0.011990
1 0.077500 0.649875 0.012000 0.008993
1 0.960313 0.657369 0.015750 0.028976
1 0.694375 0.655704 0.024000 0.024979
1 0.270625 0.649042 0.010500 0.010991
1 0.095625 0.656120 0.012000 0.027977
1 0.766250 0.659034 0.034500 0.038968
1 0.412187 0.649875 0.011250 0.016986
1 0.193750 0.648210 0.009000 0.012989
1 0.116562 0.651957 0.015750 0.021982
1 0.428125 0.655704 0.018000 0.034971
1 0.980938 0.651957 0.009750 0.027977
1 0.349062 0.648210 0.011250 0.018984
1 0.220625 0.651540 0.010500 0.026978
1 0.186562 0.652373 0.018750 0.028976
1 0.326875 0.655704 0.018000 0.038968
1 0.862500 0.646128 0.013500 0.017985
1 0.944688 0.645296 0.011250 0.017985
1 0.881563 0.648210 0.026250 0.024979
1 0.303438 0.644879 0.021750 0.016986
1 0.384688 0.654038 0.041250 0.040966
1 0.057188 0.642798 0.006750 0.013988
1 0.806250 0.644879 0.019500 0.020983
1 0.721875 0.653206 0.040500 0.040966
1 0.934688 0.644463 0.015750 0.021982
1 0.037187 0.643630 0.027750 0.019983
1 0.020313 0.639883 0.011250 0.010991
1 0.915312 0.644879 0.020250 0.024979
1 0.768437 0.643214 0.012750 0.020983
1 0.927500 0.641132 0.012000 0.021982
1 0.672500 0.651540 0.042000 0.048959
1 0.062187 0.642798 0.020250 0.027977
1 0.111562 0.637802 0.017250 0.017985
1 0.872188 0.632806 0.012750 0.007993
1 0.356875 0.649459 0.015000 0.047960
1 0.739688 0.636969 0.015750 0.019983
1 0.284062 0.636553 0.012750 0.018984
1 0.270625 0.636969 0.018000 0.019983
1 0.127500 0.642381 0.016500 0.032973
1 0.412187 0.635720 0.032250 0.018984
1 0.339687 0.639467 0.009750 0.027977
1 0.856250 0.635720 0.015000 0.020983
1 0.623125 0.631141 0.007500 0.009992
1 0.191875 0.632806 0.018000 0.013988
1 0.786250 0.635304 0.016500 0.023980
1 0.168750 0.646545 0.034500 0.050958
1 0.431250 0.632390 0.010500 0.018984
1 0.140000 0.631141 0.007500 0.015987
1 0.040000 0.629892 0.010500 0.012989
1 0.765938 0.629059 0.008250 0.012989
1 0.324062 0.631557 0.017250 0.018984
1 0.105000 0.629059 0.013500 0.012989
1 0.947187 0.634888 0.020250 0.028976
1 0.882188 0.629059 0.014250 0.014988
1 0.717187 0.627810 0.006750 0.011990
1 0.995125 0.625312 0.009750 0.007993
1 0.008250 0.644047 0.016500 0.052956
1 0.750625 0.632390 0.027000 0.026978
1 0.204375 0.638218 0.025500 0.040966
1 0.671875 0.624480 0.007500 0.009992
1 0.795937 0.628226 0.009750 0.020983
1 0.558125 0.626145 0.015000 0.015987
1 0.958125 0.627810 0.016500 0.021982
1 0.735313 0.624480 0.009750 0.013988
1 0.402813 0.623231 0.009750 0.010991
1 0.350000 0.628643 0.012000 0.023980
1 0.091250 0.637802 0.028500 0.047960
1 0.157812 0.622398 0.008250 0.014988
1 0.984250 0.634471 0.031500 0.045962
1 0.816250 0.629059 0.031500 0.032973
1 0.625938 0.619067 0.008250 0.008993
1 0.389062 0.627394 0.021750 0.028976
1 0.146250 0.623647 0.016500 0.021982
1 0.128750 0.621982 0.010500 0.017985
1 0.050625 0.619900 0.009000 0.012989
1 0.021250 0.625729 0.016500 0.026978
1 0.238750 0.620316 0.010500 0.017985
1 0.187812 0.619484 0.014250 0.015987
1 0.300312 0.617402 0.012750 0.012989
1 0.026875 0.616986 0.007500 0.017985
1 0.923438 0.614072 0.017250 0.012989
1 0.292812 0.622814 0.020250 0.033972
1 0.136875 0.612823 0.010500 0.011990
1 0.090625 0.612406 0.010500 0.010991
1 0.419375 0.618235 0.021000 0.026978
1 0.199063 0.613239 0.009750 0.018984
1 0.118438 0.610741 0.008250 0.012989
1 0.074063 0.613239 0.021750 0.018984
1 0.945312 0.613239 0.021750 0.020983
1 0.370625 0.617402 0.033000 0.030974
1 0.349687 0.609908 0.012750 0.014988
1 0.016875 0.608659 0.010500 0.011990
1 0.267500 0.615321 0.012000 0.031973
1 0.991375 0.611157 0.017250 0.025978
1 0.295312 0.604913 0.012750 0.010991
1 0.046250 0.606578 0.009000 0.014988
1 0.006562 0.605745 0.012750 0.012989
1 0.832500 0.629475 0.051000 0.075937
1 0.738125 0.615321 0.040500 0.041965
1 0.720938 0.606994 0.015750 0.021982
1 0.274375 0.608659 0.007500 0.025978
1 0.162188 0.604913 0.014250 0.016986
1 0.912813 0.601582 0.014250 0.012989
1 0.856250 0.611157 0.015000 0.035970
1 0.339062 0.602415 0.011250 0.014988
1 0.443750 0.599917 0.012000 0.010991
1 0.638750 0.647794 0.054000 0.127893
1 0.479375 0.601582 0.012000 0.016986
1 0.227187 0.606162 0.030750 0.027977
1 0.110937 0.611990 0.020250 0.041965
1 0.090625 0.598668 0.006000 0.009992
1 0.050625 0.599084 0.012000 0.014988
1 0.209375 0.602415 0.010500 0.024979
1 0.172187 0.608659 0.024750 0.041965
1 0.100312 0.601998 0.011250 0.025978
1 0.835625 0.593672 0.013500 0.007993
1 0.144375 0.601998 0.025500 0.027977
1 0.435000 0.605329 0.019500 0.037968
1 0.080312 0.596170 0.024750 0.015987
1 0.029687 0.604080 0.027750 0.034971
1 0.182812 0.594505 0.012750 0.013988
1 0.925625 0.590341 0.013500 0.009992
1 0.411250 0.601582 0.033000 0.036969
1 0.324375 0.614488 0.043500 0.067943
1 0.196875 0.595337 0.022500 0.021982
1 0.058125 0.591174 0.019500 0.011990
1 0.965000 0.600333 0.027000 0.037968
1 0.165000 0.592423 0.010500 0.018984
1 0.701875 0.588676 0.019500 0.011990
1 0.978125 0.598251 0.022500 0.036969
1 0.393750 0.600749 0.027000 0.042964
1 0.214062 0.587427 0.014250 0.012989
1 0.145625 0.587011 0.012000 0.011990
1 0.336250 0.585346 0.012000 0.015987
1 0.235937 0.589925 0.024750 0.026978
1 0.947187 0.583264 0.012750 0.012989
1 0.917188 0.584513 0.014250 0.015987
1 0.806250 0.599084 0.031500 0.050958
1 0.840313 0.584097 0.009750 0.018984
1 0.226250 0.581599 0.010500 0.012989
1 0.185625 0.581599 0.016500 0.012989
1 0.385313 0.582015 0.008250 0.015987
1 0.039375 0.586595 0.012000 0.026978
1 0.426563 0.579517 0.012750 0.011990
1 0.782813 0.601998 0.045750 0.067943
1 0.324688 0.583264 0.015750 0.022981
1 0.125000 0.581182 0.012000 0.017985
1 0.074063 0.580350 0.006750 0.015987
1 0.345000 0.583264 0.016500 0.024979
1 0.167813 0.577852 0.014250 0.011990
1 0.005250 0.579517 0.010500 0.015987
1 0.310937 0.579933 0.009750 0.018984
1 0.446562 0.580350 0.015750 0.021982
1 0.244688 0.577852 0.008250 0.015987
1 0.157188 0.577435 0.011250 0.014988
1 0.081250 0.577435 0.010500 0.014988
1 0.819063 0.585762 0.021750 0.036969
1 0.802813 0.575770 0.009750 0.012989
1 0.592500 0.578684 0.012000 0.019983
1 0.990625 0.582015 0.018750 0.029975
1 0.956875 0.577852 0.012000 0.019983
1 0.987187 0.576603 0.011250 0.018984
1 0.909687 0.575770 0.008250 0.016986
1 0.057188 0.576187 0.008250 0.017985
1 0.775937 0.576603 0.017250 0.020983
1 0.938125 0.569942 0.012000 0.006994
1 0.927500 0.573272 0.010500 0.014988
1 0.830937 0.579933 0.012750 0.030974
1 0.456562 0.571191 0.009750 0.009992
1 0.022187 0.572856 0.015750 0.013988
1 0.102813 0.577019 0.036750 0.025978
1 0.859062 0.586178 0.035250 0.049958
1 0.782188 0.570774 0.014250 0.012989
1 0.215625 0.572440 0.010500 0.016986
1 0.066250 0.576187 0.019500 0.025978
1 0.435000 0.576603 0.012000 0.028976
1 0.176250 0.569525 0.016500 0.011990
1 0.582500 0.568693 0.010500 0.011990
1 0.135313 0.572440 0.011250 0.022981
1 0.973125 0.572023 0.019500 0.023980
1 0.868125 0.569942 0.024000 0.018984
1 0.410938 0.569525 0.012750 0.017985
1 0.042500 0.570358 0.033000 0.019983
1 0.336250 0.569525 0.024000 0.019983
1 0.796250 0.567027 0.013500 0.015987
1 0.962187 0.566611 0.014250 0.016986
1 0.749687 0.581182 0.044250 0.053955
1 0.824375 0.562864 0.007500 0.011990
1 0.370312 0.566195 0.015750 0.019983
1 0.759062 0.561615 0.009750 0.010991
1 0.766250 0.564113 0.012000 0.018984
1 0.442500 0.562448 0.007500 0.014988
1 0.371563 0.580766 0.054750 0.058951
1 0.164375 0.562864 0.009000 0.015987
1 0.089375 0.559950 0.009000 0.008993
1 0.783125 0.559950 0.010500 0.012989
1 0.424063 0.562448 0.017250 0.018984
1 0.347813 0.558701 0.008250 0.009992
1 0.264062 0.560366 0.014250 0.013988
1 0.320625 0.562864 0.015000 0.023980
1 0.056875 0.558285 0.031500 0.014988
1 0.007812 0.561199 0.012750 0.021982
1 0.639375 0.555371 0.007500 0.011990
1 0.453437 0.557868 0.015750 0.021982
1 0.285000 0.579933 0.063000 0.074938
1 0.062500 0.551624 0.013500 0.006994
1 0.387813 0.552456 0.014250 0.010991
1 0.110312 0.561199 0.026250 0.031973
1 0.951875 0.555787 0.010500 0.020983
1 0.816875 0.551624 0.018000 0.010991
1 0.232813 0.553289 0.012750 0.014988
1 0.079375 0.554122 0.016500 0.018984
1 0.363750 0.552873 0.018000 0.017985
1 0.285938 0.552873 0.021750 0.017985
1 0.152812 0.554954 0.017250 0.022981
1 0.030937 0.555787 0.017250 0.024979
1 0.916875 0.550791 0.009000 0.014988
1 0.346875 0.550791 0.015000 0.014988
1 0.739688 0.548293 0.015750 0.010991
1 0.119063 0.549542 0.009750 0.013988
1 0.044375 0.550375 0.012000 0.015987
1 0.376875 0.548709 0.007500 0.015987
1 0.132500 0.558701 0.031500 0.039967
1 0.931562 0.549126 0.014250 0.018984
1 0.800000 0.555371 0.024000 0.033972
1 0.328437 0.545379 0.012750 0.009992
1 0.444375 0.548293 0.007500 0.018984
1 0.494063 0.546628 0.015750 0.016986
1 0.404062 0.552040 0.024750 0.029975
1 0.192500 0.543714 0.010500 0.015987
1 0.842187 0.552456 0.026250 0.038968
1 0.830937 0.542881 0.011250 0.015987
1 0.373125 0.539550 0.009000 0.007993
1 0.309688 0.546211 0.012750 0.023980
1 0.878437 0.587011 0.045750 0.123897
1 0.991375 0.549958 0.017250 0.036969
1 0.810312 0.539134 0.015750 0.012989
1 0.101562 0.539134 0.015750 0.012989
1 0.360312 0.538301 0.008250 0.012989
1 0.266562 0.544130 0.020250 0.026978
1 0.210625 0.552456 0.028500 0.046961
1 0.960625 0.537885 0.010500 0.013988
1 0.090625 0.535387 0.009000 0.009992
1 0.412187 0.538718 0.006750 0.019983
1 0.155000 0.538301 0.018000 0.018984
1 0.058125 0.539134 0.015000 0.020983
1 0.011250 0.541632 0.022500 0.026978
1 0.822812 0.537885 0.014250 0.025978
1 0.174063 0.534971 0.006750 0.018984
1 0.978125 0.530808 0.012000 0.012989
1 0.344062 0.534971 0.027750 0.024979
1 0.676562 0.578684 0.089250 0.131890
1 0.942500 0.532473 0.013500 0.022981
1 0.927188 0.528310 0.017250 0.012989
1 0.856875 0.542881 0.031500 0.049958
1 0.405938 0.533306 0.008250 0.026978
1 0.121563 0.529559 0.015750 0.019983
1 0.181562 0.527061 0.009750 0.015987
1 0.840000 0.527477 0.007500 0.018984
1 0.772500 0.538301 0.021000 0.044963
1 0.165313 0.527061 0.018750 0.017985
1 0.656875 0.521649 0.012000 0.006994
1 0.880000 0.533722 0.039000 0.037968
1 0.792188 0.531224 0.024750 0.033972
1 0.377500 0.529142 0.015000 0.028976
1 0.397188 0.529975 0.017250 0.032973
1 0.345000 0.522898 0.010500 0.015987
1 0.103438 0.524147 0.012750 0.018984
1 0.369688 0.522898 0.008250 0.017985
1 0.990250 0.525396 0.019500 0.027977
1 0.984688 0.518734 0.006750 0.013988
1 0.412187 0.519151 0.014250 0.014988
1 0.203750 0.518734 0.009000 0.013988
1 0.860938 0.520400 0.020250 0.019983
1 0.306563 0.528726 0.018750 0.039967
1 0.077188 0.517485 0.009750 0.012989
1 0.822500 0.514988 0.016500 0.010991
1 0.768125 0.516653 0.012000 0.016986
1 0.327813 0.520816 0.029250 0.026978
1 0.004125 0.516653 0.008250 0.016986
1 0.937813 0.513322 0.006750 0.010991
1 0.758125 0.531224 0.027000 0.053955
1 0.291875 0.526228 0.019500 0.041965
1 0.217812 0.514155 0.006750 0.012989
1 0.798750 0.521232 0.019500 0.031973
1 0.185312 0.512906 0.012750 0.011990
1 0.315625 0.514155 0.010500 0.016986
1 0.167500 0.512073 0.007500 0.011990
1 0.075938 0.528310 0.030750 0.050958
1 0.848125 0.518734 0.016500 0.029975
1 0.230937 0.526228 0.035250 0.047960
1 0.046875 0.515404 0.018000 0.021982
1 0.991563 0.509992 0.009750 0.010991
1 0.522188 0.516236 0.009750 0.025978
1 0.197187 0.521649 0.021750 0.038968
1 0.112500 0.511657 0.015000 0.014988
1 0.268125 0.509159 0.018000 0.010991
1 0.129375 0.510824 0.009000 0.014988
1 0.977187 0.512073 0.009750 0.019983
1 0.907813 0.508326 0.011250 0.010991
1 0.809375 0.516236 0.016500 0.029975
1 0.626563 0.508743 0.012750 0.011990
1 0.067500 0.516653 0.016500 0.032973
1 0.749062 0.509992 0.005250 0.018984
1 0.377500 0.509575 0.010500 0.019983
1 0.274062 0.524147 0.032250 0.054954
1 0.469687 0.524979 0.033750 0.058951
1 0.395937 0.508326 0.014250 0.018984
1 0.146250 0.511241 0.031500 0.025978
1 0.879687 0.507910 0.014250 0.019983
1 0.756563 0.504163 0.008250 0.012989
1 0.030000 0.520400 0.019500 0.051957
1 0.890625 0.503331 0.007500 0.012989
1 0.349062 0.506661 0.027750 0.020983
1 0.175937 0.503331 0.009750 0.012989
1 0.768750 0.504163 0.015000 0.016986
1 0.322813 0.502914 0.012750 0.013988
1 0.863750 0.505412 0.021000 0.021982
1 0.795000 0.500833 0.012000 0.012989
1 0.263437 0.499167 0.011250 0.012989
1 0.427500 0.527477 0.039000 0.082931
1 0.299687 0.498335 0.012750 0.014988
1 0.201563 0.499584 0.006750 0.017985
1 0.785625 0.504580 0.010500 0.031973
1 0.358438 0.510824 0.024750 0.046961
1 0.733750 0.516653 0.024000 0.062948
1 0.461875 0.498751 0.019500 0.019983
1 0.216562 0.493339 0.011250 0.008993
1 0.850313 0.496253 0.014250 0.017985
1 0.372500 0.493755 0.012000 0.011990
1 0.164062 0.497918 0.018750 0.021982
1 0.886563 0.496669 0.014250 0.022981
1 0.917500 0.493339 0.009000 0.016986
1 0.194375 0.491257 0.013500 0.011990
1 0.148125 0.492923 0.016500 0.019983
1 0.800937 0.489592 0.012750 0.013988
1 0.420312 0.490425 0.012750 0.015987
1 0.020313 0.494172 0.009750 0.024979
1 0.110937 0.499584 0.050250 0.039967
1 0.010125 0.491257 0.020250 0.019983
1 0.392813 0.491257 0.008250 0.021982
1 0.074375 0.491257 0.019500 0.021982
1 0.963437 0.499167 0.038250 0.042964
1 0.773438 0.489592 0.014250 0.021982
1 0.284687 0.488343 0.015750 0.018984
1 0.842187 0.494172 0.024750 0.034971
1 0.138437 0.483764 0.011250 0.009992
1 0.035625 0.482931 0.007500 0.009992
1 0.822500 0.486678 0.012000 0.020983
1 0.477500 0.483764 0.021000 0.017985
1 0.062812 0.485012 0.017250 0.022981
1 0.045312 0.485012 0.020250 0.022981
1 0.406875 0.486261 0.024000 0.027977
1 0.225312 0.483764 0.023250 0.021982
1 0.839063 0.477935 0.009750 0.009992
1 0.300312 0.480433 0.012750 0.015987
1 0.082500 0.480017 0.010500 0.014988
1 0.864062 0.482931 0.017250 0.023980
1 0.748125 0.484596 0.030000 0.027977
1 0.326562 0.485012 0.050250 0.028976
1 0.070312 0.477102 0.012750 0.009992
1 0.278438 0.476270 0.011250 0.013988
1 0.165313 0.478351 0.014250 0.018984
1 0.108438 0.477102 0.020250 0.015987
1 0.020625 0.477102 0.015000 0.015987
1 0.957500 0.485845 0.028500 0.040966
1 0.948438 0.473356 0.014250 0.010991
1 0.929063 0.482098 0.033750 0.031973
1 0.813438 0.472939 0.012750 0.011990
1 0.763125 0.474604 0.015000 0.015987
1 0.336875 0.472523 0.009000 0.010991
1 0.267500 0.476270 0.007500 0.019983
1 0.145313 0.471690 0.009750 0.008993
1 0.033438 0.472107 0.012750 0.009992
1 0.749687 0.473356 0.011250 0.014988
1 0.620625 0.472939 0.006000 0.013988
1 0.799375 0.484596 0.045000 0.043963
1 0.778125 0.469609 0.012000 0.007993
1 0.446562 0.495004 0.039750 0.072939
1 0.357187 0.471274 0.009750 0.015987
1 0.369375 0.478351 0.042000 0.034971
1 0.260313 0.477935 0.009750 0.033972
1 0.928125 0.467111 0.012000 0.009992
1 0.327188 0.468776 0.015750 0.015987
1 0.220312 0.467111 0.008250 0.011990
1 0.004875 0.470858 0.009750 0.022981
1 0.798438 0.465862 0.008250 0.014988
1 0.316250 0.466278 0.006000 0.015987
1 0.884062 0.471274 0.020250 0.029975
1 0.739062 0.465445 0.009750 0.015987
1 0.958750 0.464197 0.012000 0.014988
1 0.211250 0.462115 0.012000 0.009992
1 0.015000 0.470858 0.018000 0.032973
1 0.429688 0.471690 0.033750 0.036969
1 0.199375 0.464613 0.018000 0.019983
1 0.045625 0.465862 0.019500 0.022981
1 0.984625 0.482931 0.030750 0.067943
1 0.874062 0.464613 0.023250 0.025978
1 0.380937 0.467943 0.032250 0.033972
1 0.852812 0.464197 0.027750 0.026978
1 0.533125 0.459201 0.013500 0.014988
1 0.243438 0.466694 0.009750 0.032973
1 0.160938 0.456286 0.011250 0.007993
1 0.351875 0.457952 0.013500 0.013988
1 0.835000 0.463780 0.018000 0.029975
1 0.976562 0.455870 0.017250 0.014988
1 0.473438 0.463364 0.038250 0.032973
1 0.137813 0.465862 0.035250 0.038968
1 0.765938 0.453372 0.009750 0.010991
1 0.325000 0.454621 0.012000 0.013988
1 0.304375 0.455870 0.016500 0.016986
1 0.278438 0.459201 0.011250 0.024979
1 0.552813 0.461282 0.027750 0.031973
1 0.361875 0.456703 0.013500 0.020983
1 0.337813 0.457952 0.014250 0.023980
1 0.290625 0.463780 0.018000 0.037968
1 0.199375 0.450874 0.013500 0.006994
1 0.960938 0.452956 0.014250 0.013988
1 0.922188 0.454205 0.009750 0.016986
1 0.868750 0.451707 0.012000 0.010991
1 0.112500 0.467943 0.025500 0.049958
1 0.172187 0.469609 0.051750 0.055953
1 0.887813 0.450458 0.008250 0.011990
1 0.036250 0.450042 0.010500 0.012989
1 0.524375 0.447960 0.009000 0.009992
1 0.934688 0.457119 0.021750 0.033972
1 0.835000 0.446295 0.013500 0.009992
1 0.783125 0.452956 0.019500 0.025978
1 0.448125 0.456703 0.025500 0.034971
1 0.234375 0.446295 0.010500 0.009992
1 0.211250 0.448793 0.012000 0.015987
1 0.992500 0.453372 0.009000 0.028976
1 0.386250 0.448376 0.012000 0.018984
1 0.941562 0.448376 0.012750 0.020983
1 0.427187 0.452956 0.009750 0.031973
1 0.054688 0.450458 0.006750 0.025978
1 0.858750 0.445462 0.010500 0.015987
1 0.301563 0.446295 0.014250 0.017985
1 0.259375 0.447127 0.009000 0.019983
1 0.205313 0.442132 0.012750 0.007993
1 0.165313 0.446711 0.014250 0.018984
1 0.028750 0.451291 0.015000 0.029975
1 0.004875 0.445462 0.009750 0.015987
1 0.983437 0.443797 0.017250 0.013988
1 0.498750 0.445046 0.006000 0.016986
1 0.063750 0.457119 0.016500 0.045962
1 0.791875 0.451707 0.012000 0.034971
1 0.440937 0.446711 0.012750 0.022981
1 0.272500 0.448793 0.022500 0.027977
1 0.188125 0.441715 0.018000 0.010991
1 0.226250 0.455454 0.033000 0.045962
1 0.969063 0.443797 0.015750 0.019983
1 0.927500 0.442964 0.009000 0.017985
1 0.329062 0.442964 0.015750 0.017985
1 0.040625 0.438801 0.013500 0.007993
1 0.373437 0.442132 0.018750 0.019983
1 0.866563 0.438801 0.012750 0.013988
1 0.768750 0.440050 0.007500 0.016986
1 0.344062 0.442964 0.018750 0.025978
1 0.172813 0.437136 0.011250 0.015987
1 0.088750 0.455454 0.030000 0.059950
1 0.316563 0.438801 0.015750 0.021982
1 0.788750 0.433805 0.009000 0.013988
1 0.455313 0.435470 0.011250 0.017985
1 0.070625 0.435887 0.007500 0.018984
1 0.971875 0.431724 0.013500 0.010991
1 0.852187 0.436719 0.014250 0.022981
1 0.274062 0.431307 0.012750 0.015987
1 0.262813 0.431724 0.006750 0.016986
1 0.780000 0.432556 0.013500 0.020983
1 0.444063 0.429226 0.014250 0.014988
1 0.284687 0.434221 0.020250 0.026978
1 0.922188 0.425895 0.012750 0.008993
1 0.880938 0.430475 0.027750 0.019983
1 0.838750 0.427560 0.018000 0.012989
1 0.728125 0.429226 0.004500 0.016986
1 0.562187 0.446711 0.024750 0.058951
1 0.482500 0.437136 0.019500 0.035970
1 0.109687 0.428809 0.006750 0.015987
1 0.060937 0.429642 0.015750 0.017985
1 0.910625 0.425479 0.010500 0.009992
1 0.591250 0.425062 0.013500 0.008993
1 0.216875 0.425895 0.012000 0.010991
1 0.807813 0.443797 0.032250 0.055953
1 0.013125 0.437552 0.026250 0.040966
1 0.955000 0.432140 0.012000 0.029975
1 0.750938 0.445878 0.033750 0.062948
1 0.303125 0.427977 0.015000 0.021982
1 0.792500 0.421316 0.012000 0.007993
1 0.428125 0.427144 0.019500 0.021982
1 0.407500 0.444213 0.033000 0.062948
1 0.055625 0.421316 0.012000 0.009992
1 0.005250 0.422565 0.010500 0.012989
1 0.466875 0.426311 0.010500 0.023980
1 0.117500 0.424646 0.006000 0.019983
1 0.510000 0.430475 0.024000 0.035970
1 0.771875 0.423397 0.009000 0.020983
1 0.328750 0.424646 0.018000 0.023980
1 0.488125 0.426728 0.010500 0.030974
1 0.347500 0.422981 0.027000 0.021982
1 0.126875 0.420067 0.013500 0.014988
1 0.964688 0.423813 0.017250 0.025978
1 0.756563 0.419650 0.012750 0.015987
1 0.316875 0.421316 0.010500 0.019983
1 0.721562 0.420899 0.008250 0.020983
1 0.413438 0.420067 0.014250 0.018984
1 0.865938 0.420067 0.018750 0.020983
1 0.269375 0.418401 0.013500 0.016986
1 0.355938 0.416320 0.005250 0.013988
1 0.188125 0.421316 0.025500 0.025978
1 0.939063 0.420899 0.023250 0.026978
1 0.304688 0.413822 0.008250 0.011990
1 0.044062 0.415903 0.017250 0.016986
1 0.789062 0.412573 0.015750 0.010991
1 0.285625 0.415071 0.018000 0.018984
1 0.815937 0.418818 0.024750 0.031973
1 0.745625 0.415071 0.009000 0.022981
1 0.025000 0.415071 0.021000 0.022981
1 0.769062 0.409242 0.011250 0.010991
1 0.171875 0.412989 0.015000 0.019983
1 0.372188 0.417985 0.030750 0.033972
1 0.102188 0.415487 0.020250 0.027977
1 0.927188 0.408826 0.012750 0.013988
1 0.735000 0.411324 0.015000 0.019983
1 0.389688 0.412573 0.012750 0.022981
1 0.326562 0.408410 0.011250 0.012989
1 0.297187 0.410075 0.011250 0.016986
1 0.003000 0.408826 0.006000 0.013988
1 0.683125 0.417152 0.024000 0.035970
1 0.137813 0.411740 0.008250 0.022981
1 0.987187 0.409659 0.014250 0.019983
1 0.614062 0.435887 0.042750 0.082931
1 0.946250 0.404663 0.012000 0.009992
1 0.916250 0.408410 0.009000 0.018984
1 0.887188 0.405912 0.012750 0.012989
1 0.457188 0.411324 0.011250 0.025978
1 0.154062 0.420067 0.029250 0.046961
1 0.833125 0.406328 0.012000 0.015987
1 0.492188 0.405912 0.008250 0.014988
1 0.260625 0.406328 0.012000 0.015987
1 0.466875 0.405079 0.012000 0.014988
1 0.078750 0.412573 0.034500 0.032973
1 0.723437 0.403830 0.024750 0.013988
1 0.034688 0.402998 0.015750 0.011990
1 0.354375 0.405079 0.027000 0.018984
1 0.308750 0.405912 0.015000 0.022981
1 0.959375 0.405912 0.007500 0.024979
1 0.842500 0.404663 0.009000 0.021982
1 0.683125 0.400500 0.009000 0.011990
1 0.435000 0.405079 0.007500 0.022981
1 0.917188 0.399667 0.015750 0.015987
1 0.218125 0.404663 0.024000 0.027977
1 0.398125 0.400083 0.016500 0.018984
1 0.969063 0.396753 0.009750 0.012989
1 0.850000 0.409242 0.015000 0.042964
1 0.825937 0.400500 0.008250 0.021982
1 0.440000 0.396336 0.007500 0.011990
1 0.337813 0.404663 0.011250 0.031973
1 0.230937 0.402581 0.012750 0.028976
1 0.478438 0.407577 0.027750 0.042964
1 0.465000 0.394671 0.009000 0.011990
1 0.197813 0.400916 0.023250 0.026978
1 0.929375 0.394671 0.009000 0.013988
1 0.805312 0.394671 0.009750 0.013988
1 0.787500 0.398834 0.015000 0.023980
1 0.387188 0.394671 0.009750 0.013988
1 0.330625 0.394255 0.018000 0.012989
1 0.036875 0.393006 0.010500 0.009992
1 0.210625 0.398834 0.012000 0.025978
1 0.075313 0.396336 0.014250 0.019983
1 0.025937 0.393838 0.009750 0.013988
1 0.837500 0.392590 0.018000 0.012989
1 0.375000 0.391341 0.013500 0.009992
1 0.144687 0.406328 0.021750 0.045962
1 0.282187 0.396336 0.026250 0.025978
1 0.157188 0.395920 0.014250 0.024979
1 0.107500 0.394671 0.021000 0.025978
1 0.796250 0.390508 0.010500 0.017985
1 0.689063 0.390508 0.012750 0.017985
1 0.343438 0.386761 0.008250 0.008993
1 0.639375 0.396336 0.018000 0.033972
1 0.442500 0.386345 0.010500 0.009992
1 0.428438 0.388843 0.012750 0.015987
1 0.393750 0.387177 0.010500 0.011990
1 0.117188 0.391341 0.012750 0.021982
1 0.737187 0.388843 0.011250 0.017985
1 0.008250 0.389675 0.016500 0.019983
1 0.949375 0.387594 0.013500 0.016986
1 0.768125 0.392590 0.018000 0.028976
1 0.058438 0.385928 0.009750 0.012989
1 0.910000 0.387594 0.018000 0.018984
1 0.014063 0.388426 0.011250 0.020983
1 0.459688 0.387177 0.015750 0.019983
1 0.267500 0.391341 0.009000 0.029975
1 0.960313 0.385928 0.011250 0.018984
1 0.873437 0.394671 0.041250 0.039967
1 0.213438 0.387594 0.011250 0.022981
1 0.176875 0.384263 0.007500 0.014988
1 0.161250 0.383847 0.022500 0.013988
1 0.938125 0.386761 0.021000 0.022981
1 0.247812 0.382598 0.008250 0.012989
1 0.377500 0.380933 0.015000 0.010991
1 0.183438 0.383847 0.008250 0.017985
1 0.748125 0.385512 0.007500 0.023980
1 0.421875 0.385096 0.030000 0.022981
1 0.366563 0.382182 0.006750 0.015987
1 0.985625 0.383014 0.018000 0.019983
1 0.202187 0.381765 0.009750 0.016986
1 0.974375 0.380100 0.009000 0.014988
1 0.129062 0.393422 0.027750 0.046961
1 0.274062 0.378435 0.008250 0.012989
1 0.802813 0.379684 0.018750 0.017985
1 0.965313 0.378018 0.011250 0.015987
1 0.405313 0.376769 0.014250 0.012989
1 0.230937 0.376353 0.008250 0.011990
1 0.348750 0.378435 0.009000 0.018984
1 0.284687 0.380100 0.017250 0.022981
1 0.878750 0.375520 0.010500 0.013988
1 0.791562 0.374271 0.008250 0.012989
1 0.566562 0.374688 0.009750 0.013988
1 0.224062 0.378018 0.009750 0.021982
1 0.176563 0.374271 0.011250 0.012989
1 0.022187 0.373439 0.006750 0.014988
1 0.551250 0.373439 0.009000 0.016986
1 0.006000 0.374271 0.012000 0.018984
1 0.709375 0.410491 0.042000 0.107910
1 0.118750 0.370108 0.010500 0.010991
1 0.757500 0.373439 0.021000 0.022981
1 0.400938 0.381765 0.027750 0.042964
1 0.246562 0.369276 0.009750 0.012989
1 0.157188 0.370941 0.018750 0.016986
1 0.479375 0.375104 0.033000 0.028976
1 0.081250 0.380100 0.051000 0.040966
1 0.943438 0.366361 0.008250 0.009992
1 0.815937 0.368027 0.008250 0.013988
1 0.353125 0.368027 0.013500 0.013988
1 0.916250 0.368443 0.007500 0.016986
1 0.734062 0.367194 0.009750 0.013988
1 0.255625 0.368443 0.009000 0.016986
1 0.135625 0.365529 0.010500 0.009992
1 0.237500 0.365112 0.007500 0.012989
1 0.846875 0.366361 0.016500 0.017985
1 0.432500 0.362198 0.013500 0.007993
1 0.318750 0.375937 0.034500 0.040966
1 0.778125 0.368027 0.027000 0.025978
1 0.745000 0.364696 0.016500 0.017985
1 0.177813 0.361782 0.011250 0.010991
1 0.610313 0.379684 0.033750 0.055953
1 0.195000 0.360949 0.009000 0.016986
1 0.812813 0.361366 0.015750 0.021982
1 0.100937 0.363031 0.014250 0.025978
1 0.450937 0.363031 0.018750 0.027977
1 0.239375 0.355121 0.012000 0.010991
1 0.987500 0.362614 0.019500 0.030974
1 0.739688 0.353455 0.011250 0.008993
1 0.168437 0.360533 0.011250 0.025978
1 0.115000 0.357202 0.015000 0.017985
1 0.076875 0.355953 0.012000 0.014988
1 0.971875 0.359284 0.025500 0.024979
1 0.834063 0.365112 0.033750 0.038968
1 0.296563 0.365945 0.030750 0.040966
1 0.015938 0.360117 0.011250 0.026978
1 0.367812 0.363031 0.047250 0.035970
1 0.206875 0.358035 0.012000 0.023980
1 0.945937 0.352623 0.009750 0.014988
1 0.856250 0.349709 0.007500 0.007993
1 0.335625 0.357619 0.024000 0.026978
1 0.007812 0.350958 0.008250 0.010991
1 0.517500 0.379684 0.052500 0.081932
1 0.266250 0.352206 0.015000 0.015987
1 0.797500 0.358035 0.016500 0.031973
1 0.040000 0.376769 0.049500 0.076936
1 0.350938 0.348876 0.015750 0.011990
1 0.272500 0.348460 0.009000 0.010991
1 0.933125 0.354704 0.016500 0.027977
1 0.567187 0.354704 0.014250 0.029975
1 0.461562 0.357619 0.015750 0.038968
1 0.431875 0.346794 0.007500 0.016986
1 0.761250 0.346794 0.010500 0.018984
1 0.165000 0.346378 0.016500 0.019983
1 0.885625 0.348460 0.013500 0.026978
1 0.803750 0.343047 0.009000 0.013988
1 0.441563 0.348043 0.014250 0.025978
1 0.302812 0.343047 0.011250 0.013988
1 0.210938 0.343880 0.009750 0.015987
1 0.130000 0.341382 0.010500 0.009992
1 0.386562 0.347627 0.018750 0.026978
1 0.090000 0.348043 0.013500 0.027977
1 0.988437 0.342631 0.012750 0.016986
1 0.945000 0.339717 0.012000 0.009992
1 0.747812 0.345545 0.017250 0.023980
1 0.414062 0.354704 0.030750 0.045962
1 0.035937 0.340550 0.009750 0.011990
1 0.008438 0.340133 0.014250 0.010991
1 0.938438 0.336803 0.009750 0.006994
1 0.737500 0.340550 0.006000 0.015987
1 0.328750 0.339301 0.016500 0.012989
1 0.955000 0.343880 0.016500 0.025978
1 0.184688 0.342631 0.027750 0.022981
1 0.925937 0.360949 0.023250 0.070941
1 0.844063 0.346794 0.035250 0.036969
1 0.021875 0.340550 0.009000 0.021982
1 0.251563 0.344713 0.017250 0.033972
1 0.151250 0.345545 0.022500 0.035970
1 0.995875 0.333888 0.008250 0.009992
1 0.781250 0.597336 0.324000 0.805329
1 0.763437 0.333888 0.009750 0.011990
1 0.715313 0.346378 0.041250 0.041965
1 0.404062 0.342631 0.020250 0.032973
1 0.314688 0.341799 0.017250 0.030974
1 0.336562 0.331807 0.008250 0.008993
1 0.816562 0.336803 0.029250 0.022981
1 0.348438 0.337219 0.017250 0.023980
1 0.865000 0.359284 0.036000 0.078934
1 0.208437 0.331391 0.006750 0.011990
1 0.128438 0.331807 0.006750 0.012989
1 0.902813 0.330558 0.011250 0.011990
1 0.775000 0.341382 0.019500 0.037968
1 0.459688 0.333056 0.015750 0.017985
1 0.431250 0.330974 0.016500 0.014988
1 0.920937 0.326811 0.012750 0.008993
1 0.345000 0.328893 0.006000 0.013988
1 0.473750 0.343880 0.025500 0.051957
1 0.195000 0.330974 0.024000 0.020983
1 0.164687 0.330142 0.012750 0.018984
1 0.062187 0.331391 0.012750 0.021982
1 0.844375 0.331807 0.013500 0.026978
1 0.833438 0.329309 0.009750 0.020983
1 0.488125 0.347211 0.022500 0.063947
1 0.320000 0.323897 0.015000 0.007993
1 0.039062 0.324313 0.012750 0.008993
1 0.269062 0.331391 0.027750 0.027977
1 0.792813 0.329309 0.014250 0.024979
1 0.567813 0.322648 0.011250 0.008993
1 0.359063 0.328476 0.009750 0.022981
1 0.246875 0.325146 0.024000 0.014988
1 0.116250 0.333888 0.021000 0.035970
1 0.813125 0.322231 0.007500 0.009992
1 0.137813 0.323064 0.011250 0.013988
1 0.963437 0.328476 0.024750 0.030974
1 0.825625 0.318901 0.009000 0.007993
1 0.180312 0.320566 0.012750 0.011990
1 0.393125 0.323897 0.012000 0.021982
1 0.371875 0.330142 0.021000 0.036969
1 0.550625 0.338052 0.028500 0.057952
1 0.802188 0.319734 0.014250 0.015987
1 0.438750 0.323064 0.015000 0.023980
1 0.336875 0.320150 0.021000 0.016986
1 0.073750 0.327644 0.024000 0.034971
1 0.096875 0.318068 0.021000 0.013988
1 0.057813 0.315570 0.008250 0.007993
1 0.870938 0.317652 0.015750 0.014988
1 0.847187 0.316403 0.011250 0.011990
1 0.744375 0.315987 0.009000 0.012989
1 0.363438 0.315154 0.006750 0.010991
1 0.040625 0.314321 0.012000 0.008993
1 0.108125 0.322231 0.010500 0.029975
1 0.050313 0.322231 0.009750 0.029975
1 0.934688 0.314321 0.006750 0.012989
1 0.462500 0.316403 0.009000 0.017985
1 0.385000 0.315154 0.006000 0.014988
1 0.323125 0.314738 0.010500 0.013988
1 0.262188 0.316403 0.012750 0.017985
1 0.756875 0.318485 0.019500 0.024979
1 0.832500 0.311407 0.013500 0.011990
1 0.782188 0.312656 0.012750 0.014988
1 0.127188 0.315570 0.009750 0.021982
1 0.090938 0.310575 0.009750 0.009992
1 0.020938 0.314738 0.024750 0.019983
1 0.860313 0.318068 0.021750 0.029975
1 0.545937 0.313489 0.006750 0.018984
1 0.981563 0.309326 0.020250 0.010991
1 0.737500 0.318068 0.009000 0.031973
1 0.727812 0.316819 0.014250 0.028976
1 0.031250 0.311407 0.007500 0.015987
1 0.173125 0.311407 0.010500 0.017985
1 0.820937 0.307660 0.009750 0.010991
1 0.703438 0.318485 0.036750 0.036969
1 0.882812 0.317652 0.014250 0.036969
1 0.809375 0.309742 0.016500 0.017985
1 0.195312 0.314738 0.011250 0.029975
1 0.970000 0.305995 0.009000 0.010991
1 0.294375 0.307244 0.007500 0.013988
1 0.282187 0.305995 0.012750 0.010991
1 0.080625 0.313489 0.018000 0.028976
1 0.794375 0.307660 0.010500 0.018984
1 0.989875 0.304330 0.020250 0.012989
1 0.450000 0.320566 0.016500 0.051957
1 0.219062 0.320566 0.047250 0.051957
1 0.419687 0.313072 0.030750 0.035970
1 0.347187 0.305995 0.012750 0.018984
1 0.463125 0.303913 0.021000 0.015987
1 0.334062 0.302248 0.012750 0.011990
1 0.227813 0.305162 0.014250 0.018984
1 0.817187 0.302248 0.012750 0.013988
1 0.774062 0.305995 0.012750 0.024979
1 0.532813 0.300583 0.008250 0.011990
1 0.146250 0.300999 0.012000 0.012989
1 0.251250 0.305162 0.030000 0.024979
1 0.182500 0.300999 0.009000 0.018984
1 0.129062 0.296836 0.008250 0.008993
1 0.137187 0.302664 0.006750 0.024979
1 0.920000 0.300999 0.015000 0.022981
1 0.232187 0.296003 0.008250 0.010991
1 0.089688 0.298085 0.015750 0.017985
1 0.247500 0.295587 0.010500 0.013988
1 0.861563 0.297252 0.014250 0.019983
1 0.377812 0.295587 0.006750 0.015987
1 0.163125 0.293922 0.009000 0.011990
1 0.731250 0.298085 0.021000 0.023980
1 0.748125 0.297669 0.015000 0.024979
1 0.306250 0.295171 0.018000 0.018984
1 0.912188 0.294754 0.008250 0.019983
1 0.849375 0.296836 0.015000 0.024979
1 0.956250 0.302664 0.015000 0.040966
1 0.392188 0.305579 0.036750 0.047960
1 0.239687 0.291007 0.008250 0.012989
1 0.210313 0.296003 0.017250 0.024979
1 0.938750 0.297669 0.022500 0.032973
1 0.152188 0.290591 0.015750 0.015987
1 0.518125 0.322648 0.051000 0.094921
1 0.402813 0.289342 0.015750 0.014988
1 0.014063 0.294338 0.018750 0.026978
1 0.837812 0.287677 0.014250 0.012989
1 0.763437 0.288926 0.009750 0.015987
1 0.473125 0.303497 0.043500 0.050958
1 0.727812 0.286844 0.009750 0.012989
1 0.078437 0.288093 0.008250 0.015987
1 0.798750 0.291007 0.021000 0.024979
1 0.435625 0.290591 0.015000 0.023980
1 0.199063 0.288926 0.009750 0.019983
1 0.880938 0.290591 0.011250 0.027977
1 0.829375 0.293922 0.016500 0.035970
1 0.599375 0.286012 0.006000 0.016986
1 0.175625 0.293922 0.036000 0.037968
1 0.950313 0.285179 0.012750 0.018984
1 0.587812 0.282681 0.020250 0.012989
1 0.057500 0.280183 0.007500 0.008993
1 0.050313 0.286428 0.012750 0.023980
1 0.449062 0.288093 0.012750 0.029975
1 0.142813 0.279351 0.012750 0.008993
1 0.991750 0.287261 0.016500 0.029975
1 0.283438 0.281016 0.009750 0.014988
1 0.462500 0.281848 0.009000 0.018984
1 0.328437 0.277685 0.008250 0.010991
1 0.773750 0.284346 0.015000 0.028976
1 0.747812 0.278102 0.014250 0.013988
1 0.605938 0.282681 0.009750 0.026978
1 0.223125 0.279767 0.015000 0.019983
1 0.037500 0.282681 0.022500 0.026978
1 0.258750 0.283097 0.034500 0.029975
1 0.066562 0.279351 0.012750 0.020983
1 0.025313 0.281016 0.012750 0.024979
1 0.387500 0.276436 0.009000 0.017985
1 0.307812 0.273106 0.014250 0.009992
1 0.290000 0.274771 0.012000 0.013988
1 0.046875 0.273522 0.010500 0.010991
1 0.356563 0.281016 0.018750 0.030974
1 0.210000 0.276436 0.016500 0.021982
1 0.118438 0.280183 0.023250 0.030974
1 0.956250 0.273938 0.024000 0.019983
1 0.726875 0.273106 0.012000 0.017985
1 0.453125 0.268526 0.010500 0.006994
1 0.924375 0.269775 0.009000 0.011990
1 0.814063 0.282265 0.039750 0.041965
1 0.786250 0.280183 0.024000 0.038968
1 0.958438 0.266028 0.015750 0.006994
1 0.851562 0.268943 0.008250 0.013988
1 0.469687 0.269775 0.009750 0.015987
1 0.413125 0.271024 0.016500 0.018984
1 0.195625 0.269775 0.019500 0.015987
1 0.878437 0.268526 0.011250 0.014988
1 0.866250 0.284346 0.031500 0.052956
1 0.760000 0.271857 0.018000 0.022981
1 0.573125 0.356786 0.118500 0.226811
1 0.059687 0.267694 0.017250 0.014988
1 0.910000 0.270192 0.018000 0.022981
1 0.690312 0.271440 0.021750 0.025978
1 0.325000 0.267277 0.015000 0.015987
1 0.023125 0.266445 0.007500 0.013988
1 0.244062 0.266028 0.012750 0.014988
1 0.230313 0.267277 0.023250 0.017985
1 0.778750 0.264779 0.015000 0.015987
1 0.425000 0.277685 0.033000 0.046961
1 0.105625 0.261865 0.007500 0.008993
1 0.005625 0.264779 0.011250 0.015987
1 0.172187 0.266028 0.008250 0.020983
1 0.144687 0.266445 0.014250 0.021982
1 0.306563 0.260616 0.009750 0.009992
1 0.080625 0.261032 0.010500 0.010991
1 0.246250 0.258951 0.007500 0.009992
1 0.184062 0.261449 0.018750 0.017985
1 0.098750 0.265612 0.019500 0.027977
1 0.386562 0.259784 0.009750 0.015987
1 0.292187 0.259367 0.006750 0.014988
1 0.766875 0.259367 0.010500 0.016986
1 0.742500 0.261449 0.015000 0.021982
1 0.460938 0.261865 0.008250 0.022981
1 0.401562 0.257286 0.020250 0.013988
1 0.370625 0.283097 0.025500 0.079933
1 0.031563 0.261032 0.008250 0.026978
1 0.012188 0.256037 0.015750 0.014988
1 0.991375 0.258118 0.017250 0.021982
1 0.113750 0.254371 0.015000 0.012989
1 0.912500 0.257286 0.024000 0.021982
1 0.749375 0.257286 0.013500 0.021982
1 0.072500 0.259367 0.009000 0.026978
1 0.423438 0.254788 0.015750 0.017985
1 0.063125 0.253955 0.010500 0.015987
1 0.505938 0.263530 0.029250 0.040966
1 0.162500 0.258951 0.021000 0.029975
1 0.805625 0.254788 0.007500 0.021982
1 0.883750 0.254371 0.012000 0.022981
1 0.824688 0.256453 0.032250 0.027977
1 0.238750 0.250208 0.009000 0.012989
1 0.851250 0.253539 0.018000 0.022981
1 0.317812 0.250624 0.005250 0.017985
1 0.331875 0.256037 0.027000 0.032973
1 0.813438 0.246461 0.014250 0.013988
1 0.443437 0.253955 0.030750 0.031973
1 0.461562 0.248959 0.018750 0.021982
1 0.390000 0.246878 0.009000 0.016986
1 0.165000 0.244380 0.009000 0.010991
1 0.042188 0.248543 0.005250 0.020983
1 0.930000 0.246045 0.024000 0.016986
1 0.867812 0.251873 0.023250 0.030974
1 0.511875 0.269359 0.091500 0.072939
1 0.110312 0.243131 0.011250 0.009992
1 0.982187 0.248543 0.021750 0.024979
1 0.724688 0.244796 0.009750 0.015987
1 0.440625 0.243131 0.010500 0.011990
1 0.398438 0.243547 0.009750 0.016986
1 0.280938 0.249376 0.014250 0.030974
1 0.940000 0.260616 0.027000 0.061948
1 0.515000 0.241882 0.021000 0.016986
1 0.183750 0.243963 0.013500 0.021982
1 0.955313 0.247294 0.023250 0.031973
1 0.200937 0.237719 0.014250 0.008993
1 0.098750 0.240216 0.012000 0.014988
1 0.841875 0.242714 0.013500 0.022981
1 0.306875 0.238968 0.012000 0.013988
1 0.466250 0.236053 0.015000 0.008993
1 0.128125 0.241465 0.021000 0.021982
1 0.875000 0.237719 0.010500 0.014988
1 0.386875 0.235221 0.018000 0.008993
1 0.245625 0.241465 0.010500 0.023980
1 0.087813 0.247710 0.023250 0.038968
1 0.293125 0.242714 0.024000 0.028976
1 0.142813 0.237302 0.024750 0.015987
1 0.574063 0.252706 0.051750 0.054954
1 0.261250 0.253955 0.028500 0.057952
1 0.189688 0.236053 0.015750 0.016986
1 0.119375 0.235637 0.009000 0.015987
1 0.351562 0.235221 0.009750 0.016986
1 0.985938 0.232306 0.017250 0.011990
1 0.066562 0.236470 0.021750 0.023980
1 0.036562 0.232723 0.009750 0.014988
1 0.996625 0.231057 0.006750 0.012989
1 0.912813 0.229392 0.009750 0.008993
1 0.162188 0.236886 0.023250 0.026978
1 0.741875 0.237719 0.016500 0.030974
1 0.009750 0.236886 0.019500 0.028976
1 0.948750 0.231890 0.018000 0.020983
1 0.930937 0.226894 0.011250 0.008993
1 0.857812 0.226478 0.012750 0.007993
1 0.226875 0.233139 0.012000 0.023980
1 0.593437 0.227727 0.008250 0.012989
1 0.527813 0.228976 0.011250 0.015987
1 0.482812 0.239800 0.029250 0.041965
1 0.321562 0.233139 0.015750 0.025978
1 0.712187 0.256869 0.029250 0.084929
1 0.619375 0.245212 0.030000 0.056953
1 0.605625 0.225645 0.013500 0.009992
1 0.441250 0.226478 0.009000 0.011990
1 0.344687 0.228560 0.015750 0.016986
1 0.793125 0.242298 0.043500 0.051957
1 0.145000 0.225645 0.012000 0.011990
1 0.025937 0.229808 0.024750 0.021982
1 0.872812 0.223564 0.011250 0.008993
1 0.175313 0.225645 0.014250 0.013988
1 0.826250 0.222731 0.013500 0.008993
1 0.764375 0.242714 0.046500 0.056953
1 0.334375 0.224813 0.012000 0.013988
1 0.293438 0.225229 0.021750 0.014988
1 0.012812 0.226478 0.008250 0.017985
1 0.070938 0.226894 0.023250 0.022981
1 0.472187 0.222315 0.006750 0.013988
1 0.359687 0.222315 0.015750 0.013988
1 0.924687 0.219817 0.015750 0.009992
1 0.900312 0.222731 0.008250 0.016986
1 0.538125 0.222731 0.009000 0.016986
1 0.940000 0.220233 0.012000 0.014988
1 0.496563 0.221066 0.015750 0.016986
1 0.453125 0.230641 0.018000 0.039967
1 0.134375 0.222731 0.022500 0.022981
1 0.961875 0.224813 0.013500 0.029975
1 0.815312 0.218984 0.011250 0.015987
1 0.733125 0.216486 0.010500 0.009992
1 0.278750 0.219817 0.019500 0.017985
1 0.213438 0.225645 0.027750 0.031973
1 0.098125 0.219817 0.024000 0.017985
1 0.561875 0.220233 0.019500 0.020983
1 0.486875 0.216070 0.009000 0.010991
1 0.080625 0.217319 0.012000 0.013988
1 0.394062 0.223980 0.023250 0.031973
1 0.306250 0.220233 0.013500 0.022981
1 0.229063 0.216486 0.008250 0.013988
1 0.114687 0.217319 0.005250 0.015987
1 0.950625 0.215654 0.009000 0.013988
1 0.743437 0.214821 0.012750 0.011990
1 0.181875 0.215237 0.010500 0.012989
1 0.668750 0.216903 0.009000 0.020983
1 0.215312 0.213572 0.009750 0.012989
1 0.905000 0.212739 0.015000 0.012989
1 0.870938 0.221898 0.036750 0.034971
1 0.847812 0.221898 0.017250 0.034971
1 0.371250 0.212323 0.013500 0.011990
1 0.333437 0.211907 0.006750 0.014988
1 0.991250 0.215237 0.012000 0.024979
1 0.492500 0.208993 0.007500 0.009992
1 0.881875 0.209409 0.010500 0.012989
1 0.173125 0.208993 0.012000 0.011990
1 0.434063 0.214405 0.012750 0.026978
1 0.138125 0.208576 0.015000 0.014988
1 0.041250 0.213988 0.013500 0.027977
1 0.417812 0.225645 0.036750 0.057952
1 0.442812 0.207744 0.011250 0.018984
1 0.341250 0.206078 0.012000 0.014988
1 0.008250 0.210658 0.016500 0.025978
1 0.280938 0.205246 0.018750 0.014988
1 0.252812 0.210241 0.047250 0.026978
1 0.227500 0.204413 0.019500 0.012989
1 0.088438 0.209409 0.017250 0.026978
1 0.448750 0.202331 0.010500 0.013988
1 0.213125 0.201915 0.013500 0.012989
1 0.965313 0.209409 0.051750 0.032973
1 0.645625 0.214405 0.040500 0.044963
1 0.749687 0.201499 0.018750 0.015987
1 0.099062 0.202748 0.011250 0.018984
1 0.503750 0.204413 0.015000 0.024979
1 0.483438 0.201915 0.009750 0.018984
1 0.421250 0.203164 0.010500 0.021982
1 0.324375 0.200250 0.004500 0.014988
1 0.148125 0.200666 0.006000 0.015987
1 0.830313 0.213156 0.027750 0.047960
1 0.413750 0.200666 0.007500 0.017985
1 0.513750 0.206078 0.016500 0.032973
1 0.490000 0.196919 0.009000 0.010991
1 0.352500 0.199417 0.013500 0.016986
1 0.309688 0.201915 0.021750 0.024979
1 0.125000 0.197752 0.009000 0.014988
1 0.025937 0.201499 0.009750 0.023980
1 0.936562 0.202331 0.021750 0.027977
1 0.663438 0.195670 0.014250 0.013988
1 0.576562 0.206911 0.041250 0.040966
1 0.465938 0.212739 0.039750 0.054954
1 0.377188 0.194421 0.006750 0.010991
1 0.191875 0.208576 0.027000 0.046961
1 0.923438 0.196503 0.011250 0.019983
1 0.361563 0.194005 0.012750 0.013988
1 0.971875 0.194421 0.009000 0.016986
1 0.630625 0.196087 0.013500 0.020983
1 0.272188 0.191923 0.014250 0.010991
1 0.164062 0.194838 0.009750 0.017985
1 0.086875 0.195670 0.012000 0.019983
1 0.112500 0.198168 0.016500 0.027977
1 0.075313 0.191923 0.014250 0.012989
1 0.987250 0.197336 0.025500 0.027977
1 0.753125 0.191507 0.007500 0.013988
1 0.292500 0.192756 0.007500 0.016986
1 0.034375 0.191923 0.006000 0.014988
1 0.854062 0.189009 0.008250 0.009992
1 0.368437 0.195670 0.011250 0.025978
1 0.145625 0.189009 0.012000 0.009992
1 0.057188 0.203580 0.027750 0.044963
1 0.960938 0.190258 0.015750 0.014988
1 0.165937 0.205246 0.041250 0.050958
1 0.006375 0.193172 0.012750 0.023980
1 0.843125 0.187760 0.007500 0.012989
1 0.713125 0.192756 0.015000 0.026978
1 0.201875 0.189425 0.012000 0.018984
1 0.157188 0.192756 0.009750 0.026978
1 0.914687 0.198585 0.011250 0.042964
1 0.469687 0.184846 0.011250 0.009992
1 0.479687 0.186511 0.017250 0.015987
1 0.785000 0.193589 0.016500 0.034971
1 0.609062 0.199001 0.036750 0.047960
1 0.946562 0.182764 0.017250 0.010991
1 0.900625 0.182348 0.013500 0.009992
1 0.723750 0.186928 0.013500 0.020983
1 0.654375 0.186928 0.009000 0.020983
1 0.250000 0.187344 0.013500 0.021982
1 0.083750 0.186095 0.009000 0.018984
1 0.933750 0.182348 0.012000 0.011990
1 0.498437 0.184013 0.014250 0.017985
1 0.305937 0.183597 0.018750 0.018984
1 0.075000 0.181099 0.010500 0.012989
1 0.101250 0.179850 0.016500 0.011990
1 0.992875 0.182764 0.014250 0.020983
1 0.319688 0.182764 0.014250 0.020983
1 0.290000 0.179434 0.015000 0.012989
1 0.849063 0.177352 0.017250 0.009992
1 0.782813 0.198168 0.063750 0.059950
1 0.272500 0.178601 0.007500 0.012989
1 0.242188 0.178185 0.009750 0.011990
1 0.800625 0.184846 0.018000 0.029975
1 0.643437 0.182764 0.014250 0.024979
1 0.220938 0.180683 0.008250 0.019983
1 0.170000 0.177352 0.009000 0.011990
1 0.738437 0.187344 0.020250 0.037968
1 0.755938 0.176520 0.009750 0.017985
1 0.139687 0.175687 0.012750 0.015987
1 0.963125 0.174854 0.015000 0.015987
1 0.928750 0.174854 0.012000 0.015987
1 0.587187 0.437552 0.357750 0.646461
1 0.463438 0.173605 0.012750 0.014988
1 0.121563 0.181099 0.032250 0.032973
1 0.279062 0.169442 0.012750 0.008993
1 0.175313 0.171107 0.011250 0.012989
1 0.365312 0.170691 0.006750 0.013988
1 0.224688 0.168609 0.009750 0.008993
1 0.940937 0.171107 0.014250 0.016986
1 0.544063 0.190674 0.027750 0.063947
1 0.103125 0.169026 0.009000 0.011990
1 0.951562 0.170691 0.011250 0.017985
1 0.713125 0.167361 0.009000 0.009992
1 0.830313 0.167361 0.014250 0.011990
1 0.765000 0.169026 0.015000 0.015987
1 0.722812 0.171940 0.011250 0.022981
1 0.629375 0.173189 0.018000 0.025978
1 0.267500 0.167361 0.009000 0.013988
1 0.743437 0.164030 0.012750 0.007993
1 0.908438 0.167361 0.009750 0.017985
1 0.882188 0.169442 0.008250 0.022981
1 0.308750 0.167361 0.010500 0.017985
1 0.200313 0.163614 0.017250 0.008993
1 0.370312 0.164030 0.014250 0.011990
1 0.195625 0.167361 0.016500 0.019983
1 0.865625 0.182348 0.037500 0.059950
1 0.819688 0.178185 0.035250 0.049958
1 0.527813 0.164446 0.009750 0.016986
1 0.982500 0.161532 0.009000 0.011990
1 0.349062 0.174854 0.030750 0.043963
1 0.096875 0.159867 0.009000 0.007993
1 0.439688 0.178601 0.035250 0.054954
1 0.258125 0.167361 0.012000 0.027977
1 0.152500 0.167361 0.018000 0.027977
1 0.658750 0.157369 0.010500 0.005995
1 0.344062 0.159450 0.008250 0.010991
1 0.972812 0.169026 0.026250 0.035970
1 0.772188 0.157785 0.015750 0.008993
1 0.283438 0.160283 0.020250 0.014988
1 0.754062 0.162365 0.015750 0.021982
1 0.050937 0.174438 0.029250 0.052956
1 0.702500 0.156953 0.009000 0.012989
1 0.506250 0.160283 0.007500 0.020983
1 0.614062 0.162365 0.024750 0.027977
1 0.900000 0.156120 0.009000 0.014988
1 0.674687 0.166112 0.048750 0.038968
1 0.638750 0.159450 0.039000 0.022981
1 0.463125 0.158618 0.021000 0.020983
1 0.330937 0.158201 0.026250 0.019983
1 0.214375 0.162781 0.012000 0.030974
1 0.787500 0.161532 0.018000 0.029975
1 0.238125 0.157785 0.024000 0.022981
1 0.735938 0.154038 0.008250 0.015987
1 0.976562 0.154455 0.009750 0.018984
1 0.944063 0.156536 0.021750 0.023980
1 0.630625 0.151124 0.013500 0.010991
1 0.518437 0.174854 0.020250 0.067943
1 0.316563 0.158618 0.023250 0.028976
1 0.928750 0.155704 0.016500 0.023980
1 0.385937 0.152789 0.014250 0.016986
1 0.062812 0.155704 0.008250 0.025978
1 0.117500 0.154038 0.013500 0.023980
1 0.608125 0.150708 0.006000 0.017985
1 0.466875 0.146961 0.012000 0.010991
1 0.242500 0.147377 0.010500 0.011990
1 0.041875 0.148626 0.007500 0.014988
1 0.021250 0.164863 0.037500 0.053955
1 0.815937 0.149459 0.011250 0.018984
1 0.712187 0.155287 0.023250 0.032973
1 0.490625 0.152789 0.016500 0.026978
1 0.898125 0.147377 0.009000 0.017985
1 0.748437 0.148626 0.017250 0.020983
1 0.375000 0.151124 0.013500 0.026978
1 0.483438 0.160699 0.030750 0.051957
1 0.181250 0.144879 0.024000 0.013988
1 0.148438 0.146128 0.008250 0.016986
1 0.957187 0.145712 0.017250 0.017985
1 0.311875 0.146128 0.010500 0.018984
1 0.260000 0.144879 0.012000 0.015987
1 0.049375 0.144879 0.007500 0.015987
1 0.983750 0.144047 0.006000 0.015987
1 0.907500 0.148626 0.010500 0.026978
1 0.589688 0.161948 0.023250 0.060949
1 0.521250 0.141132 0.010500 0.014988
1 0.397188 0.142381 0.014250 0.017985
1 0.344687 0.143630 0.015750 0.020983
1 0.914687 0.144463 0.008250 0.024979
1 0.621250 0.143214 0.022500 0.021982
1 0.559063 0.159034 0.030750 0.059950
1 0.405625 0.151540 0.027000 0.041965
1 0.317812 0.141132 0.009750 0.016986
1 0.248438 0.138218 0.008250 0.009992
1 0.091875 0.141965 0.010500 0.018984
1 0.724063 0.143630 0.014250 0.024979
1 0.283750 0.143630 0.019500 0.024979
1 0.235313 0.140300 0.005250 0.018984
1 0.465625 0.136137 0.013500 0.010991
1 0.206563 0.147377 0.033750 0.037968
1 0.961562 0.136969 0.009750 0.014988
1 0.782813 0.138634 0.024750 0.018984
1 0.655000 0.144879 0.036000 0.033972
1 0.834063 0.146128 0.030750 0.038968
1 0.797188 0.150291 0.021750 0.048959
1 0.152812 0.133639 0.006750 0.008993
1 0.120313 0.136137 0.009750 0.014988
1 0.670625 0.135304 0.009000 0.014988
1 0.532188 0.135304 0.017250 0.014988
1 0.358750 0.139467 0.016500 0.024979
1 0.180938 0.133639 0.009750 0.010991
1 0.950937 0.133639 0.014250 0.012989
1 0.580625 0.135720 0.021000 0.017985
1 0.335938 0.132390 0.012750 0.009992
1 0.766563 0.139467 0.036750 0.028976
1 0.477187 0.134471 0.012750 0.016986
1 0.022500 0.129892 0.012000 0.005995
1 0.010313 0.139051 0.015750 0.027977
1 0.695625 0.134055 0.006000 0.017985
1 0.518437 0.133222 0.012750 0.015987
1 0.910937 0.131141 0.006750 0.012989
1 0.862187 0.145712 0.044250 0.047960
1 0.394688 0.129892 0.011250 0.009992
1 0.374063 0.132390 0.030750 0.015987
1 0.975000 0.131973 0.013500 0.016986
1 0.738437 0.136969 0.017250 0.028976
1 0.629687 0.129475 0.012750 0.010991
1 0.846250 0.131973 0.024000 0.018984
1 0.703750 0.134055 0.010500 0.023980
1 0.172813 0.132390 0.006750 0.019983
1 0.139687 0.136969 0.017250 0.030974
1 0.098437 0.131973 0.011250 0.018984
1 0.300625 0.139467 0.019500 0.038968
1 0.033125 0.128643 0.007500 0.014988
1 0.611875 0.128643 0.006000 0.016986
1 0.504687 0.136137 0.017250 0.034971
1 0.963750 0.123647 0.009000 0.006994
1 0.599063 0.131973 0.020250 0.026978
1 0.649687 0.131141 0.020250 0.026978
1 0.330625 0.120733 0.016500 0.007993
1 0.053750 0.121149 0.013500 0.008993
1 0.005250 0.125729 0.010500 0.019983
1 0.673438 0.122398 0.014250 0.013988
1 0.230937 0.129475 0.026250 0.030974
1 0.787188 0.121565 0.021750 0.015987
1 0.757188 0.120733 0.009750 0.013988
1 0.705625 0.119067 0.009000 0.009992
1 0.948750 0.131973 0.022500 0.042964
1 0.214062 0.121565 0.011250 0.017985
1 0.169687 0.122814 0.021750 0.020983
1 0.357187 0.120316 0.024750 0.016986
1 0.236563 0.118651 0.008250 0.012989
1 0.065312 0.124063 0.026250 0.025978
1 0.015625 0.118651 0.030000 0.014988
1 0.900000 0.119900 0.009000 0.019983
1 0.981250 0.121149 0.019500 0.024979
1 0.570625 0.116986 0.024000 0.014988
1 0.140000 0.117402 0.007500 0.015987
1 0.690312 0.127810 0.033750 0.042964
1 0.476875 0.115737 0.012000 0.013988
1 0.378125 0.116153 0.016500 0.014988
1 0.243750 0.116986 0.009000 0.016986
1 0.871563 0.117402 0.017250 0.019983
1 0.490312 0.126561 0.021750 0.041965
1 0.730000 0.119484 0.013500 0.026978
1 0.516875 0.111990 0.010500 0.008993
1 0.257812 0.121149 0.036750 0.032973
1 0.093438 0.115737 0.011250 0.019983
1 0.645938 0.113655 0.009750 0.016986
1 0.634687 0.112406 0.012750 0.013988
1 0.130625 0.114904 0.013500 0.019983
1 0.719063 0.120733 0.020250 0.035970
1 0.678438 0.109908 0.011250 0.009992
1 0.524375 0.114904 0.018000 0.023980
1 0.990000 0.116153 0.019500 0.028976
1 0.793438 0.111990 0.009750 0.018984
1 0.439688 0.110741 0.029250 0.015987
1 0.344687 0.109908 0.011250 0.013988
1 0.921875 0.109076 0.013500 0.013988
1 0.837812 0.113239 0.015750 0.023980
1 0.029063 0.109076 0.006750 0.013988
1 0.906250 0.113239 0.018000 0.025978
1 0.778438 0.112406 0.021750 0.023980
1 0.422812 0.115737 0.017250 0.031973
1 0.408438 0.109076 0.009750 0.015987
1 0.748125 0.111157 0.025500 0.022981
1 0.088125 0.107410 0.015000 0.013988
1 0.049063 0.112406 0.039750 0.025978
1 0.395937 0.112406 0.029250 0.029975
1 0.197187 0.114488 0.035250 0.034971
1 0.931562 0.115737 0.033750 0.039967
1 0.736875 0.104496 0.012000 0.014988
1 0.142500 0.103664 0.009000 0.012989
1 0.674063 0.104496 0.020250 0.016986
1 0.354375 0.104496 0.012000 0.016986
1 0.014063 0.104080 0.015750 0.015987
1 0.909375 0.102831 0.012000 0.014988
1 0.552500 0.113239 0.018000 0.039967
1 0.620625 0.102415 0.018000 0.015987
1 0.499375 0.106578 0.030000 0.025978
1 0.306250 0.101998 0.013500 0.014988
1 0.699063 0.101998 0.026250 0.016986
1 0.605938 0.111157 0.030750 0.038968
1 0.538438 0.114488 0.032250 0.048959
1 0.132500 0.101582 0.016500 0.017985
1 0.855625 0.108243 0.021000 0.035970
1 0.762188 0.105745 0.009750 0.029975
1 0.237813 0.098668 0.011250 0.012989
1 0.162812 0.097835 0.011250 0.010991
1 0.960313 0.105329 0.030750 0.030974
1 0.784687 0.098668 0.024750 0.014988
1 0.562187 0.101998 0.018750 0.022981
1 0.226875 0.097419 0.013500 0.011990
1 0.871563 0.100749 0.018750 0.021982
1 0.584375 0.105329 0.022500 0.032973
1 0.072500 0.101582 0.021000 0.023980
1 0.153125 0.102415 0.027000 0.027977
1 0.993750 0.095754 0.010500 0.013988
1 0.938438 0.098668 0.027750 0.020983
1 0.717500 0.094505 0.009000 0.010991
1 0.684063 0.098668 0.006750 0.020983
1 0.668750 0.099084 0.027000 0.021982
1 0.178437 0.106162 0.012750 0.038968
1 0.029375 0.094921 0.016500 0.013988
1 0.922813 0.094505 0.008250 0.014988
1 0.843125 0.099500 0.009000 0.026978
1 0.255312 0.098251 0.020250 0.023980
1 0.635625 0.098251 0.018000 0.025978
1 0.103438 0.099084 0.012750 0.027977
1 0.056563 0.092839 0.008250 0.012989
1 0.041250 0.093256 0.012000 0.013988
1 0.755313 0.093672 0.029250 0.016986
1 0.736563 0.093256 0.014250 0.015987
1 0.534375 0.094505 0.027000 0.018984
1 0.411250 0.094505 0.013500 0.018984
1 0.873437 0.090341 0.006750 0.010991
1 0.571250 0.093672 0.015000 0.020983
1 0.374688 0.089925 0.011250 0.011990
1 0.360312 0.096170 0.015750 0.026978
1 0.395000 0.094088 0.012000 0.023980
1 0.983750 0.092839 0.016500 0.022981
1 0.319063 0.103247 0.047250 0.049958
1 0.289687 0.101166 0.024750 0.044963
1 0.018125 0.086595 0.013500 0.009992
1 0.268750 0.087427 0.007500 0.013988
1 0.930937 0.086178 0.009750 0.012989
1 0.903125 0.087011 0.009000 0.016986
1 0.747812 0.085762 0.012750 0.013988
1 0.645938 0.092423 0.008250 0.029975
1 0.434063 0.086595 0.027750 0.015987
1 0.034688 0.084097 0.014250 0.009992
1 0.914375 0.089092 0.015000 0.023980
1 0.817187 0.109908 0.057750 0.073938
1 0.560625 0.087011 0.010500 0.018984
1 0.295625 0.084513 0.009000 0.012989
1 0.074688 0.085762 0.009750 0.015987
1 0.385000 0.089925 0.010500 0.027977
1 0.244062 0.085346 0.009750 0.016986
1 0.052500 0.085762 0.012000 0.017985
1 0.371250 0.082431 0.018000 0.011990
1 0.199375 0.082431 0.012000 0.011990
1 0.945625 0.082431 0.018000 0.013988
1 0.461250 0.082848 0.013500 0.014988
1 0.624375 0.082848 0.022500 0.016986
1 0.654062 0.085762 0.009750 0.025978
1 0.302812 0.077019 0.015750 0.006994
1 0.283125 0.079933 0.009000 0.015987
1 0.163438 0.083264 0.021750 0.023980
1 0.140625 0.079517 0.018000 0.014988
1 0.087500 0.086178 0.025500 0.030974
1 0.175625 0.077852 0.010500 0.012989
1 0.034375 0.076187 0.009000 0.008993
1 0.860625 0.084097 0.028500 0.029975
1 0.818750 0.077019 0.015000 0.012989
1 0.742188 0.079101 0.012750 0.017985
1 0.344687 0.082848 0.018750 0.026978
1 0.251250 0.074521 0.016500 0.008993
1 0.063437 0.080766 0.014250 0.023980
1 0.009000 0.088260 0.018000 0.041965
1 0.932813 0.074521 0.009750 0.012989
1 0.705000 0.084097 0.028500 0.035970
1 0.642188 0.077435 0.018750 0.019983
1 0.514375 0.086595 0.021000 0.041965
1 0.467813 0.074521 0.009750 0.012989
1 0.432188 0.074105 0.012750 0.011990
1 0.406875 0.077435 0.013500 0.021982
1 0.119375 0.088260 0.022500 0.047960
1 0.396562 0.081182 0.023250 0.032973
1 0.210938 0.076187 0.014250 0.020983
1 0.984375 0.071607 0.007500 0.011990
1 0.221875 0.073272 0.019500 0.015987
1 0.995000 0.071607 0.009000 0.013988
1 0.702187 0.073272 0.009750 0.017985
1 0.356563 0.074938 0.015750 0.021982
1 0.149375 0.072440 0.016500 0.015987
1 0.094062 0.072023 0.023250 0.014988
1 0.192188 0.075354 0.011250 0.024979
1 0.607812 0.079517 0.023250 0.036969
1 0.837187 0.074938 0.032250 0.027977
1 0.136250 0.069525 0.010500 0.014988
1 0.381563 0.069525 0.009750 0.016986
1 0.044375 0.068693 0.012000 0.016986
1 0.275625 0.070358 0.009000 0.022981
1 0.978750 0.067444 0.019500 0.017985
1 0.956875 0.065362 0.010500 0.012989
1 0.666875 0.074938 0.022500 0.035970
1 0.114687 0.064530 0.006750 0.010991
1 0.810000 0.066611 0.007500 0.017985
1 0.326250 0.066195 0.007500 0.016986
1 0.580937 0.064113 0.011250 0.013988
1 0.344375 0.064946 0.009000 0.015987
1 0.912813 0.066611 0.023250 0.021982
1 0.891875 0.067027 0.024000 0.022981
1 0.591875 0.076603 0.021000 0.045962
1 0.625000 0.067027 0.013500 0.024979
1 0.540937 0.073689 0.036750 0.040966
1 0.243438 0.065779 0.023250 0.021982
1 0.455625 0.062032 0.027000 0.014988
1 0.337187 0.079517 0.017250 0.056953
1 0.060312 0.061199 0.012750 0.012989
1 0.849688 0.059117 0.011250 0.009992
1 0.707812 0.061615 0.011250 0.015987
1 0.257812 0.060783 0.012750 0.013988
1 0.780937 0.075770 0.065250 0.053955
1 0.752500 0.060366 0.015000 0.016986
1 0.520938 0.057036 0.009750 0.008993
1 0.311250 0.059117 0.021000 0.013988
1 0.091563 0.059117 0.008250 0.013988
1 0.817187 0.056619 0.014250 0.009992
1 0.675000 0.070774 0.016500 0.043963
1 0.659687 0.057868 0.008250 0.012989
1 0.481875 0.065362 0.021000 0.030974
1 0.398125 0.059950 0.015000 0.017985
1 0.946562 0.064530 0.018750 0.030974
1 0.566875 0.060366 0.024000 0.022981
1 0.640938 0.059117 0.009750 0.021982
1 0.228125 0.060366 0.012000 0.024979
1 0.022187 0.065362 0.018750 0.036969
1 0.591250 0.053289 0.016500 0.009992
1 0.909062 0.053289 0.012750 0.011990
1 0.694063 0.071191 0.027750 0.054954
1 0.550625 0.058285 0.021000 0.023980
1 0.140313 0.052456 0.008250 0.011990
1 0.107500 0.060783 0.015000 0.031973
1 0.073438 0.057868 0.014250 0.024979
1 0.885625 0.051624 0.007500 0.011990
1 0.532188 0.053705 0.012750 0.016986
1 0.250312 0.052456 0.015750 0.013988
1 0.920312 0.051207 0.012750 0.012989
1 0.828438 0.055787 0.015750 0.023980
1 0.405313 0.052040 0.008250 0.014988
1 0.845313 0.048709 0.009750 0.008993
1 0.743125 0.050791 0.013500 0.013988
1 0.610625 0.052873 0.022500 0.018984
1 0.441563 0.058701 0.020250 0.032973
1 0.360312 0.049542 0.009750 0.010991
1 0.180625 0.050791 0.009000 0.013988
1 0.085312 0.048293 0.011250 0.007993
1 0.489375 0.053289 0.016500 0.021982
1 0.318437 0.051624 0.006750 0.017985
1 0.210938 0.054954 0.024750 0.025978
1 0.262500 0.047460 0.009000 0.009992
1 0.014063 0.047460 0.011250 0.009992
1 0.900000 0.049126 0.007500 0.015987
1 0.597187 0.046211 0.012750 0.008993
1 0.787500 0.045795 0.010500 0.009992
1 0.727500 0.062448 0.036000 0.049958
1 0.495312 0.048293 0.008250 0.015987
1 0.465938 0.051624 0.015750 0.023980
1 0.375000 0.049126 0.021000 0.019983
1 0.301875 0.047044 0.012000 0.016986
1 0.633125 0.050375 0.015000 0.028976
1 0.349687 0.047460 0.015750 0.023980
1 0.292812 0.043714 0.011250 0.014988
1 0.245000 0.041632 0.012000 0.009992
1 0.065312 0.047044 0.017250 0.022981
1 0.583438 0.044130 0.024750 0.017985
1 0.545937 0.041216 0.014250 0.010991
1 0.456562 0.047877 0.011250 0.026978
1 0.166563 0.054954 0.026250 0.043963
1 0.148438 0.052873 0.018750 0.038968
1 0.563750 0.041216 0.024000 0.012989
1 0.044687 0.039967 0.009750 0.009992
1 0.918125 0.038718 0.013500 0.008993
1 0.807813 0.044963 0.023250 0.023980
1 0.727500 0.039550 0.018000 0.010991
1 0.615938 0.038301 0.011250 0.007993
1 0.275000 0.048709 0.016500 0.032973
1 0.324688 0.044546 0.012750 0.024979
1 0.200313 0.043714 0.011250 0.022981
1 0.092188 0.039550 0.009750 0.012989
1 0.986563 0.046211 0.024750 0.030974
1 0.650312 0.045379 0.023250 0.028976
1 0.074063 0.039134 0.009750 0.013988
1 0.007188 0.042465 0.014250 0.021982
1 0.716562 0.042465 0.006750 0.023980
1 0.333750 0.043714 0.021000 0.026978
1 0.115000 0.042048 0.015000 0.022981
1 0.691562 0.036636 0.005250 0.011990
1 0.679688 0.040799 0.023250 0.021982
1 0.826875 0.036636 0.019500 0.013988
1 0.470625 0.036636 0.010500 0.013988
1 0.143437 0.039550 0.008250 0.020983
1 0.212812 0.037469 0.014250 0.017985
1 0.164687 0.034555 0.011250 0.010991
1 0.894687 0.038301 0.008250 0.021982
1 0.417500 0.044963 0.031500 0.037968
1 0.235625 0.040799 0.010500 0.029975
1 0.935625 0.034138 0.012000 0.015987
1 0.753125 0.037469 0.016500 0.023980
1 0.263437 0.034971 0.021750 0.017985
1 0.544375 0.032473 0.016500 0.013988
1 0.500625 0.032473 0.015000 0.013988
1 0.438750 0.037052 0.010500 0.024979
1 0.632188 0.030808 0.009750 0.011990
1 0.606250 0.033306 0.018000 0.019983
1 0.187500 0.034971 0.013500 0.023980
1 0.112812 0.032057 0.026250 0.016986
1 0.084375 0.029975 0.007500 0.013988
1 0.968125 0.034971 0.013500 0.027977
1 0.282187 0.031640 0.015750 0.019983
1 0.022500 0.035387 0.019500 0.028976
1 0.827812 0.027061 0.008250 0.010991
1 0.655000 0.027477 0.010500 0.011990
1 0.244375 0.027893 0.006000 0.012989
1 0.916562 0.027061 0.014250 0.012989
1 0.783438 0.029142 0.014250 0.017985
1 0.327813 0.027477 0.018750 0.013988
1 0.060625 0.029559 0.012000 0.020983
1 0.037187 0.024147 0.011250 0.007993
1 0.774375 0.024563 0.010500 0.010991
1 0.769375 0.037469 0.031500 0.041965
1 0.429688 0.025396 0.009750 0.012989
1 0.947187 0.022898 0.012750 0.008993
1 0.926562 0.022898 0.014250 0.008993
1 0.405000 0.024979 0.015000 0.013988
1 0.382188 0.026228 0.018750 0.016986
1 0.077500 0.023730 0.010500 0.010991
1 0.579063 0.024979 0.018750 0.017985
1 0.304688 0.028726 0.011250 0.026978
1 0.902500 0.024147 0.015000 0.017985
1 0.479063 0.027477 0.015750 0.025978
1 0.389375 0.037885 0.024000 0.050958
1 0.196250 0.025812 0.022500 0.021982
1 0.210625 0.022065 0.021000 0.014988
1 0.125000 0.024979 0.016500 0.021982
1 0.014063 0.022898 0.026250 0.016986
1 0.465313 0.020816 0.011250 0.013988
1 0.358750 0.020816 0.016500 0.013988
1 0.708438 0.022898 0.012750 0.020983
1 0.643437 0.023314 0.015750 0.021982
1 0.681562 0.019567 0.011250 0.016986
1 0.589375 0.017902 0.006000 0.012989
1 0.346875 0.016653 0.012000 0.009992
1 0.276250 0.020816 0.006000 0.019983
1 0.162188 0.019567 0.011250 0.016986
1 0.868437 0.024147 0.041250 0.029975
1 0.568438 0.024147 0.018750 0.029975
1 0.413125 0.018318 0.009000 0.015987
1 0.604688 0.017069 0.012750 0.014988
1 0.252500 0.017485 0.012000 0.015987
1 0.072813 0.017902 0.017250 0.016986
1 0.754375 0.019567 0.009000 0.022981
1 0.030937 0.016236 0.011250 0.014988
1 0.891250 0.017069 0.015000 0.018984
1 0.806875 0.022481 0.039000 0.031973
1 0.663125 0.019151 0.028500 0.023980
1 0.147187 0.022481 0.024750 0.031973
1 0.137500 0.013322 0.013500 0.009992
1 0.268437 0.012906 0.009750 0.010991
1 0.172813 0.012906 0.017250 0.010991
1 0.053125 0.015404 0.013500 0.016986
1 0.561875 0.012490 0.012000 0.011990
1 0.463125 0.009159 0.013500 0.005995
1 0.742812 0.011657 0.014250 0.013988
1 0.734062 0.019151 0.030750 0.033972
1 0.324062 0.009159 0.006750 0.009992
1 0.947812 0.011241 0.009750 0.016986
1 0.694688 0.017485 0.018750 0.031973
1 0.620313 0.020400 0.021750 0.038968
1 0.720000 0.013739 0.013500 0.024979
1 0.420312 0.011241 0.006750 0.018984
1 0.383125 0.009575 0.006000 0.014988
1 0.118438 0.009575 0.012750 0.014988
1 0.902500 0.008326 0.010500 0.013988
1 0.596250 0.009159 0.009000 0.015987
1 0.347187 0.006661 0.011250 0.009992
1 0.210313 0.009992 0.009750 0.017985
1 0.146250 0.007910 0.009000 0.012989
1 0.913125 0.009575 0.015000 0.018984
1 0.879062 0.007910 0.008250 0.014988
1 0.675625 0.009575 0.015000 0.018984
1 0.307188 0.008743 0.008250 0.016986
1 0.027187 0.005828 0.008250 0.009992
1 0.968437 0.018485 0.041250 0.036969
1 0.856875 0.006495 0.013500 0.012989
1 0.861250 0.195837 0.105000 0.391674
1 0.799687 0.012490 0.012750 0.024979
1 0.788438 0.005995 0.011250 0.011990
1 0.779062 0.006994 0.008250 0.013988
1 0.770312 0.006994 0.012750 0.013988
1 0.645938 0.007494 0.014250 0.014988
1 0.635000 0.005995 0.009000 0.011990
1 0.625625 0.009492 0.012000 0.018984
1 0.578750 0.009992 0.009000 0.019983
1 0.388125 0.600000 0.411000 1.000000
1 0.478125 0.007993 0.018000 0.015987
1 0.431250 0.007993 0.007500 0.015987
1 0.410313 0.006994 0.012750 0.013988
1 0.393437 0.010991 0.015750 0.021982
1 0.375312 0.009992 0.011250 0.019983
1 0.333750 0.008993 0.013500 0.017985
1 0.295938 0.007993 0.009750 0.015987
1 0.284375 0.015987 0.016500 0.031973
1 0.249688 0.011990 0.027750 0.023980
1 0.231250 0.006495 0.012000 0.012989
1 0.218438 0.009492 0.012750 0.018984
1 0.179375 0.007494 0.007500 0.014988
1 0.161875 0.004496 0.016500 0.008993
1 0.103750 0.014988 0.015000 0.029975
1 0.047188 0.008993 0.011250 0.017985
1 0.005938 0.006495 0.011250 0.012989
