1 0.273938 0.813750 0.047960 0.024000
1 0.385512 0.748125 0.031973 0.037500
1 0.423397 0.744062 0.026978 0.036750
1 0.363863 0.730313 0.031973 0.039750
1 0.442964 0.720938 0.041965 0.029250
1 0.403830 0.718125 0.047960 0.025500
1 0.490425 0.708438 0.047960 0.029250
1 0.453372 0.691250 0.036969 0.036000
1 0.402165 0.688438 0.041965 0.033750
1 0.312240 0.686875 0.031973 0.033000
1 0.289342 0.678438 0.042964 0.023250
1 0.486261 0.677813 0.049958 0.026250
1 0.353872 0.678438 0.061948 0.054750
1 0.577435 0.680312 0.044963 0.068250
1 0.320150 0.651563 0.060949 0.057750
1 0.558701 0.635000 0.045962 0.024000
1 0.358868 0.638125 0.033972 0.037500
1 0.572856 0.614375 0.051957 0.028500
1 0.564530 0.592812 0.049958 0.026250
1 0.175687 0.588125 0.035970 0.039000
1 0.492506 0.545937 0.008993 0.017250
1 0.352206 0.550937 0.035970 0.041250
1 0.572440 0.540000 0.052956 0.028500
1 0.434221 0.535625 0.030974 0.033000
1 0.485429 0.521563 0.017985 0.011250
1 0.354288 0.574688 0.158868 0.147750
1 0.403414 0.500000 0.040966 0.039000
1 0.587427 0.494688 0.028976 0.044250
1 0.519983 0.479687 0.008993 0.014250
1 0.238551 0.468438 0.030974 0.011250
1 0.423813 0.463125 0.013988 0.009000
1 0.241465 0.458437 0.011990 0.011250
1 0.551207 0.467500 0.067943 0.055500
1 0.430891 0.478750 0.060949 0.082500
1 0.475437 0.575625 0.231807 0.379500
1 0.305162 0.485938 0.268776 0.204750
1 0.492506 0.409375 0.056953 0.030000
1 0.455037 0.426250 0.050958 0.070500
1 0.562448 0.399062 0.050958 0.032250
1 0.431307 0.399062 0.035970 0.039750
1 0.239384 0.392500 0.058951 0.030000
1 0.384679 0.393437 0.043963 0.033750
1 0.404246 0.362500 0.044963 0.027000
1 0.373022 0.354375 0.059950 0.066000
1 0.194838 0.330000 0.039967 0.037500
1 0.359700 0.309688 0.039967 0.039750
1 0.485845 0.290938 0.034971 0.042750
1 0.284763 0.337813 0.145878 0.161250
1 0.328893 0.285625 0.031973 0.040500
1 0.453372 0.294063 0.068943 0.077250
1 0.229808 0.270000 0.035970 0.043500
1 0.381349 0.267500 0.085928 0.082500
1 0.282681 0.243750 0.048959 0.034500
1 0.450042 0.243750 0.036969 0.042000
1 0.405912 0.215000 0.036969 0.048000
1 0.356370 0.206875 0.051957 0.040500
