1 0.400000 0.980500 0.042000 0.039000
1 0.293750 0.970000 0.039000 0.048000
1 0.528750 0.967000 0.051000 0.066000
1 0.822500 0.956500 0.102000 0.087000
1 0.310000 0.958750 0.066000 0.075000
1 0.938750 0.952500 0.063000 0.084000
1 0.517500 0.949000 0.114000 0.102000
1 0.452500 0.927500 0.018000 0.054000
1 0.432500 0.931250 0.048000 0.087000
1 0.708750 0.928000 0.159000 0.144000
1 0.662500 0.912500 0.078000 0.108000
1 0.831250 0.881250 0.069000 0.075000
1 0.890000 0.871250 0.030000 0.057000
1 0.500000 0.863750 0.042000 0.039000
1 0.342500 0.851250 0.084000 0.099000
1 0.970000 0.846250 0.060000 0.093000
1 0.522500 0.790000 0.048000 0.048000
1 0.335000 0.859000 0.354000 0.282000
1 0.840000 0.785000 0.096000 0.078000
1 0.751250 0.781250 0.099000 0.123000
1 0.388750 0.768750 0.141000 0.129000
1 0.968500 0.748750 0.063000 0.087000
1 0.753750 0.757500 0.093000 0.120000
1 0.865000 0.770000 0.192000 0.162000
1 0.601250 0.631250 0.039000 0.045000
1 0.965500 0.620000 0.069000 0.102000
1 0.540000 0.621250 0.234000 0.243000
1 0.724000 0.535000 0.552000 0.288000
1 0.725000 0.351250 0.096000 0.111000
