1 0.538438 0.956703 0.041250 0.065945
1 0.521563 0.933805 0.024750 0.012989
1 0.493750 0.951291 0.037500 0.060949
1 0.524375 0.915487 0.052500 0.030974
1 0.488125 0.899667 0.009000 0.032973
1 0.495937 0.877186 0.023250 0.016986
1 0.470625 0.894671 0.025500 0.076936
1 0.525937 0.877186 0.042750 0.054954
1 0.577812 0.871774 0.057750 0.049958
1 0.524375 0.841799 0.012000 0.009992
1 0.480625 0.852623 0.013500 0.039967
1 0.669063 0.858451 0.038250 0.059950
1 0.453437 0.840133 0.042750 0.057952
1 0.504375 0.823480 0.036000 0.033972
1 0.705937 0.831807 0.048750 0.055953
1 0.552813 0.829309 0.051750 0.053955
1 0.424063 0.824313 0.050250 0.069942
1 0.594688 0.812240 0.035250 0.070941
1 0.647813 0.826395 0.077250 0.110908
1 0.531563 0.796420 0.038250 0.040966
1 0.470000 0.799334 0.045000 0.081932
1 0.413125 0.786428 0.048000 0.056953
1 0.539375 0.766861 0.012000 0.021982
1 0.477812 0.781432 0.027750 0.062948
1 0.704375 0.779351 0.045000 0.061948
1 0.448437 0.757286 0.020250 0.014988
1 0.551250 0.762281 0.009000 0.030974
1 0.543125 0.749376 0.019500 0.009992
1 0.634062 0.761032 0.057750 0.047960
1 0.510938 0.747294 0.014250 0.014988
1 0.498437 0.762698 0.038250 0.057952
1 0.423438 0.748959 0.035250 0.024979
1 0.563125 0.765196 0.034500 0.071940
1 0.393750 0.740633 0.031500 0.034971
1 0.433750 0.718152 0.010500 0.012989
1 0.489063 0.719400 0.053250 0.041965
1 0.397500 0.710241 0.028500 0.021982
1 0.447500 0.711907 0.016500 0.029975
1 0.363125 0.726894 0.048000 0.067943
1 0.437500 0.703997 0.021000 0.014988
1 0.561562 0.711907 0.015750 0.047960
1 0.610938 0.694421 0.014250 0.007993
1 0.575625 0.697752 0.034500 0.017985
1 0.644375 0.693172 0.045000 0.026978
1 0.406562 0.691923 0.024750 0.027977
1 0.680000 0.708993 0.036000 0.074938
1 0.595625 0.680266 0.016500 0.033972
1 0.310000 0.683181 0.040500 0.060949
1 0.582187 0.661116 0.015750 0.013988
1 0.706875 0.667361 0.051000 0.040966
1 0.527813 0.651957 0.015750 0.015987
1 0.365312 0.649459 0.017250 0.019983
1 0.360000 0.664446 0.082500 0.073938
1 0.661875 0.655287 0.051000 0.055953
1 0.560000 0.644047 0.027000 0.032973
1 0.388750 0.633639 0.007500 0.023980
1 0.370937 0.629059 0.030750 0.020983
1 0.617188 0.648210 0.036750 0.068943
1 0.326875 0.624896 0.028500 0.012989
1 0.714688 0.629892 0.048750 0.046961
1 0.577500 0.615321 0.019500 0.027977
1 0.658125 0.613655 0.013500 0.041965
1 0.519687 0.605329 0.011250 0.029975
1 0.674687 0.611990 0.032250 0.057952
1 0.295000 0.616153 0.040500 0.069942
1 0.765625 0.749709 0.468750 0.500583
1 0.630625 0.601582 0.042000 0.048959
1 0.598125 0.593672 0.028500 0.029975
1 0.438750 0.585346 0.019500 0.009992
1 0.322500 0.582015 0.022500 0.017985
1 0.453750 0.578268 0.010500 0.022981
1 0.565000 0.574521 0.007500 0.017985
1 0.575937 0.571607 0.014250 0.012989
1 0.403125 0.554122 0.015000 0.006994
1 0.471875 0.552456 0.006000 0.022981
1 0.650937 0.560366 0.021750 0.043963
1 0.443125 0.551624 0.055500 0.030974
1 0.292187 0.550791 0.038250 0.028976
1 0.629062 0.545379 0.032250 0.023980
1 0.600000 0.545379 0.007500 0.027977
1 0.554375 0.537885 0.039000 0.017985
1 0.437500 0.528726 0.019500 0.009992
1 0.371875 0.538718 0.052500 0.033972
1 0.563125 0.521232 0.012000 0.019983
1 0.337187 0.522065 0.021750 0.023980
1 0.250312 0.534555 0.059250 0.053955
1 0.524062 0.520400 0.006750 0.021982
1 0.408438 0.523730 0.011250 0.029975
1 0.518437 0.506245 0.015750 0.011990
1 0.501875 0.511241 0.018000 0.023980
1 0.540625 0.501665 0.013500 0.006994
1 0.397188 0.502082 0.015750 0.021982
1 0.571250 0.498751 0.030000 0.023980
1 0.444688 0.492923 0.006750 0.015987
1 0.365625 0.497086 0.054000 0.031973
1 0.429688 0.487927 0.009750 0.023980
1 0.459688 0.479600 0.018750 0.009992
1 0.376563 0.478351 0.023250 0.016986
1 0.414062 0.465862 0.026250 0.030974
1 0.542813 0.473356 0.023250 0.058951
1 0.367812 0.459617 0.008250 0.025978
1 0.468750 0.454205 0.019500 0.016986
1 0.600938 0.476270 0.035250 0.077935
1 0.553438 0.452123 0.030750 0.021982
1 0.364375 0.439217 0.009000 0.014988
1 0.340313 0.452540 0.020250 0.048959
1 0.437188 0.444213 0.050250 0.030974
1 0.589063 0.425479 0.021750 0.021982
1 0.333750 0.413822 0.009000 0.027977
1 0.394375 0.423813 0.046500 0.055953
1 0.587187 0.404663 0.015750 0.017985
1 0.398125 0.402165 0.033000 0.023980
1 0.724063 0.405912 0.050250 0.044963
1 0.359375 0.407993 0.037500 0.051957
1 0.471562 0.394671 0.006750 0.021982
1 0.508125 0.389675 0.015000 0.015987
1 0.409375 0.392590 0.018000 0.036969
1 0.448750 0.375520 0.007500 0.021982
1 0.504687 0.372606 0.008250 0.016986
1 0.380312 0.373022 0.050250 0.023980
1 0.612187 0.396336 0.036750 0.081932
1 0.516875 0.365529 0.018000 0.007993
1 0.464687 0.370941 0.027750 0.024979
1 0.415312 0.357619 0.012750 0.028976
1 0.390313 0.348043 0.032250 0.019983
1 0.253750 0.350958 0.033000 0.040966
1 0.432812 0.335970 0.023250 0.010991
1 0.339687 0.350125 0.033750 0.054954
1 0.445937 0.329725 0.005250 0.019983
1 0.223125 0.334305 0.034500 0.068943
1 0.225625 0.310158 0.019500 0.022981
1 0.333437 0.306411 0.026250 0.027977
1 0.518750 0.301415 0.006000 0.019983
1 0.560937 0.296420 0.015750 0.009992
1 0.377188 0.313905 0.047250 0.057952
1 0.508437 0.292256 0.015750 0.007993
1 0.481563 0.278934 0.008250 0.017985
1 0.430937 0.291840 0.038250 0.058951
1 0.404687 0.272273 0.020250 0.017985
1 0.357187 0.274771 0.014250 0.033972
1 0.427812 0.263947 0.017250 0.009992
1 0.461562 0.274771 0.024750 0.045962
1 0.579688 0.258951 0.020250 0.013988
1 0.238750 0.281016 0.019500 0.068943
1 0.513437 0.260616 0.024750 0.023980
1 0.245000 0.247710 0.016500 0.008993
1 0.379688 0.258951 0.033750 0.047960
1 0.421250 0.246878 0.007500 0.024979
1 0.432188 0.237302 0.014250 0.007993
1 0.281562 0.251457 0.054750 0.041965
1 0.208125 0.252706 0.054000 0.044963
1 0.458125 0.230641 0.013500 0.009992
1 0.215625 0.229808 0.028500 0.015987
1 0.330937 0.242714 0.057750 0.050958
1 0.247500 0.219817 0.034500 0.037968
1 0.404375 0.201082 0.004500 0.016986
1 0.416875 0.194838 0.021000 0.011990
1 0.255625 0.186095 0.021000 0.014988
1 0.341250 0.196087 0.034500 0.040966
1 0.364375 0.181932 0.019500 0.010991
1 0.449062 0.199833 0.015750 0.057952
1 0.333437 0.173605 0.033750 0.026978
1 0.216562 0.183181 0.035250 0.061948
1 0.346250 0.155287 0.012000 0.032973
1 0.222500 0.142381 0.013500 0.011990
1 0.123750 0.248543 0.247500 0.266778
1 0.418750 0.142798 0.010500 0.030974
1 0.440000 0.149042 0.040500 0.053955
1 0.252188 0.135720 0.038250 0.053955
1 0.220938 0.124896 0.033750 0.031973
1 0.473750 0.118235 0.055500 0.053955
1 0.339062 0.098668 0.038250 0.076936
1 0.396875 0.077435 0.042000 0.065945
1 0.883750 0.220816 0.232500 0.441632
1 0.311250 0.051957 0.114000 0.103913
