1 0.028500 0.983500 0.057000 0.033000
1 0.372500 0.982000 0.066000 0.036000
1 0.870000 0.956500 0.078000 0.087000
1 0.281250 0.956500 0.099000 0.087000
1 0.036000 0.955000 0.072000 0.066000
1 0.165000 0.943750 0.048000 0.045000
1 0.015000 0.928750 0.030000 0.039000
1 0.572500 0.910000 0.048000 0.066000
1 0.441250 0.887500 0.327000 0.225000
1 0.025500 0.865000 0.051000 0.132000
1 0.970000 0.825000 0.042000 0.042000
1 0.357500 0.783750 0.054000 0.057000
1 0.931250 0.740000 0.045000 0.030000
1 0.153750 0.836500 0.285000 0.327000
1 0.302500 0.742500 0.102000 0.078000
1 0.223750 0.748750 0.093000 0.099000
1 0.057000 0.752500 0.114000 0.126000
1 0.027000 0.698750 0.054000 0.075000
1 0.060000 0.685000 0.054000 0.060000
1 0.381250 0.680000 0.105000 0.102000
1 0.753750 0.615000 0.057000 0.072000
1 0.265000 0.597500 0.090000 0.078000
1 0.976000 0.525000 0.048000 0.060000
1 0.904000 0.650000 0.192000 0.360000
1 0.137500 0.487500 0.036000 0.036000
1 0.253750 0.475000 0.045000 0.030000
1 0.977500 0.471250 0.045000 0.093000
1 0.558750 0.407500 0.033000 0.024000
1 0.051250 0.423750 0.099000 0.063000
1 0.396250 0.408750 0.093000 0.057000
1 0.918750 0.416250 0.111000 0.117000
1 0.094500 0.511250 0.189000 0.351000
1 0.528750 0.227500 0.105000 0.102000
1 0.750000 0.191250 0.042000 0.033000
1 0.045000 0.242500 0.090000 0.168000
1 0.983500 0.195000 0.033000 0.060000
1 0.798750 0.193750 0.087000 0.069000
1 0.548750 0.173750 0.039000 0.027000
1 0.735000 0.196250 0.090000 0.087000
1 0.512500 0.160000 0.030000 0.060000
1 0.468750 0.175000 0.057000 0.096000
1 0.247500 0.140000 0.054000 0.036000
1 0.392500 0.146250 0.066000 0.057000
1 0.931250 0.131250 0.033000 0.033000
1 0.428750 0.138750 0.033000 0.051000
1 0.342500 0.142500 0.048000 0.060000
1 0.261250 0.292500 0.285000 0.450000
1 0.986500 0.118750 0.027000 0.063000
1 0.905000 0.105000 0.036000 0.048000
1 0.953500 0.117500 0.093000 0.114000
1 0.403750 0.095000 0.081000 0.066000
1 0.298750 0.077500 0.051000 0.084000
1 0.791250 0.075000 0.057000 0.084000
1 0.091500 0.216000 0.183000 0.432000
1 0.175000 0.053750 0.066000 0.075000
1 0.250000 0.052500 0.108000 0.096000
1 0.976250 0.039000 0.033000 0.078000
1 0.918750 0.048000 0.117000 0.096000
1 0.841250 0.072000 0.069000 0.144000
1 0.803750 0.022500 0.087000 0.045000
1 0.707500 0.024000 0.030000 0.048000
1 0.549000 0.600000 1.000000 1.000000
1 0.355000 0.066000 0.156000 0.132000
1 0.206250 0.033000 0.087000 0.066000
1 0.166250 0.147000 0.225000 0.294000
1 0.028750 0.042000 0.045000 0.084000
