1 0.525781 0.986250 0.045000 0.027500
1 0.442578 0.985625 0.029062 0.028750
1 0.463672 0.943125 0.040313 0.113750
1 0.415625 0.938542 0.084375 0.087500
1 0.557422 0.918750 0.047812 0.042500
1 0.489063 0.938125 0.037500 0.123750
1 0.477734 0.877083 0.038437 0.052500
1 0.146719 0.912500 0.293437 0.175000
1 0.589453 0.864583 0.040313 0.050000
1 0.280078 0.860417 0.040313 0.052500
1 0.416016 0.832812 0.042188 0.033750
1 0.377734 0.793229 0.027187 0.058750
1 0.480469 0.837500 0.161250 0.185000
1 0.522266 0.793750 0.115312 0.082500
1 0.590234 0.772917 0.034687 0.055000
1 0.417969 0.745313 0.020625 0.013750
1 0.474609 0.755208 0.040313 0.050000
1 0.400000 0.755729 0.035625 0.056250
1 0.329688 0.779167 0.088125 0.127500
1 0.219141 0.747917 0.030937 0.057500
1 0.393359 0.723437 0.036562 0.031250
1 0.358203 0.714583 0.042188 0.027500
1 0.527734 0.717708 0.051562 0.040000
1 0.472656 0.728646 0.108750 0.081250
1 0.459375 0.689583 0.020625 0.025000
1 0.416406 0.691667 0.050625 0.052500
1 0.506641 0.688542 0.019688 0.052500
1 0.432422 0.689063 0.034687 0.053750
1 0.484766 0.665625 0.030937 0.047500
1 0.262500 0.719271 0.198750 0.188750
1 0.332031 0.665104 0.148125 0.088750
1 0.426563 0.635417 0.061875 0.047500
1 0.464453 0.621875 0.017813 0.020000
1 0.249219 0.626042 0.016875 0.030000
1 0.353516 0.625521 0.079687 0.038750
1 0.496484 0.615625 0.019688 0.027500
1 0.298438 0.633333 0.052500 0.072500
1 0.388281 0.610417 0.007500 0.022500
1 0.262891 0.599479 0.019688 0.028750
1 0.182812 0.619271 0.058125 0.086250
1 0.226562 0.625000 0.054375 0.107500
1 0.354687 0.593750 0.028125 0.040000
1 0.492969 0.616667 0.084375 0.112500
1 0.160156 0.575521 0.046875 0.046250
1 0.402734 0.572917 0.021562 0.045000
1 0.247656 0.560417 0.016875 0.017500
1 0.312500 0.566667 0.030000 0.037500
1 0.325391 0.548438 0.027187 0.041250
1 0.216016 0.546354 0.019688 0.041250
1 0.287891 0.555729 0.036562 0.076250
1 0.437500 0.548438 0.090000 0.078750
1 0.147656 0.534375 0.031875 0.047500
1 0.249219 0.520312 0.015000 0.031250
1 0.375391 0.530208 0.115312 0.082500
1 0.292578 0.510938 0.060937 0.056250
1 0.360938 0.495833 0.052500 0.057500
1 0.173437 0.460417 0.011250 0.025000
1 0.179688 0.461979 0.020625 0.036250
1 0.279297 0.477604 0.124687 0.083750
1 0.107031 0.455208 0.045000 0.040000
1 0.233203 0.452083 0.049687 0.042500
1 0.382812 0.446875 0.033750 0.060000
1 0.135937 0.435937 0.030000 0.058750
1 0.308984 0.430729 0.040313 0.051250
1 0.111328 0.411979 0.045937 0.038750
1 0.490625 0.412500 0.043125 0.045000
1 0.338672 0.403125 0.023438 0.022500
1 0.216406 0.461458 0.067500 0.172500
1 0.160156 0.482292 0.114375 0.240000
1 0.266797 0.401042 0.070312 0.097500
1 0.333984 0.405729 0.079687 0.146250
1 0.285547 0.345833 0.045937 0.040000
1 0.344922 0.336979 0.036562 0.048750
1 0.212500 0.340104 0.076875 0.061250
1 0.319141 0.330208 0.032813 0.042500
1 0.204297 0.304688 0.029062 0.063750
1 0.262891 0.291146 0.042188 0.056250
1 0.230078 0.276562 0.038437 0.058750
1 0.568594 0.571250 1.000000 1.000000
