1 0.393375 0.785179 0.786750 0.429642
1 0.475938 0.608243 0.017250 0.034971
1 0.491563 0.604496 0.014250 0.029975
1 0.399375 0.596586 0.027000 0.018984
1 0.550625 0.575770 0.022500 0.028976
1 0.343438 0.566611 0.020250 0.028976
1 0.543438 0.551207 0.021750 0.027977
1 0.585625 0.541216 0.025500 0.019983
1 0.567500 0.537052 0.021000 0.063947
1 0.548438 0.519983 0.026250 0.026978
1 0.588750 0.509992 0.040500 0.044963
1 0.291875 0.500000 0.037500 0.040966
1 0.517188 0.482931 0.024750 0.023980
1 0.260625 0.480017 0.024000 0.020983
1 0.281250 0.480433 0.021000 0.029975
1 0.354063 0.462948 0.021750 0.027977
1 0.531875 0.460866 0.037500 0.042964
1 0.661563 0.454205 0.017250 0.032973
1 0.246562 0.450874 0.026250 0.026978
1 0.331875 0.458368 0.042000 0.056953
1 0.505938 0.452123 0.032250 0.043963
1 0.305625 0.436719 0.025500 0.024979
1 0.280313 0.437552 0.054750 0.072939
1 0.244688 0.420899 0.021750 0.034971
1 0.454062 0.393422 0.021750 0.030974
1 0.270937 0.382598 0.018750 0.034971
1 0.327813 0.394671 0.099750 0.093922
1 0.456562 0.495837 0.270750 0.346711
1 0.505000 0.356786 0.028500 0.024979
1 0.290312 0.352206 0.026250 0.023980
1 0.330000 0.338468 0.025500 0.026978
1 0.666562 0.600000 0.540750 1.000000
1 0.064125 0.155371 0.128250 0.310741
