1 0.455313 0.995504 0.006750 0.008993
1 0.760625 0.994005 0.010500 0.011990
1 0.518750 0.993505 0.024000 0.012989
1 0.818125 0.993006 0.012000 0.013988
1 0.732187 0.993006 0.018750 0.013988
1 0.060000 0.992506 0.009000 0.009992
1 0.869375 0.992506 0.012000 0.014988
1 0.243125 0.992506 0.016500 0.014988
1 0.217812 0.990841 0.011250 0.009992
1 0.067187 0.991674 0.009750 0.013988
1 0.714375 0.991257 0.006000 0.014988
1 0.640000 0.991007 0.021000 0.017985
1 0.566875 0.991007 0.013500 0.017985
1 0.345000 0.991007 0.021000 0.017985
1 0.261562 0.990508 0.008250 0.018984
1 0.228750 0.990508 0.015000 0.018984
1 0.841875 0.988343 0.012000 0.015987
1 0.620938 0.989009 0.029250 0.021982
1 0.748125 0.988510 0.016500 0.022981
1 0.208437 0.985012 0.012750 0.011990
1 0.025000 0.987510 0.015000 0.024979
1 0.647188 0.982098 0.012750 0.008993
1 0.908125 0.986012 0.015000 0.027977
1 0.897813 0.982931 0.008250 0.014988
1 0.057813 0.984180 0.020250 0.019983
1 0.995125 0.982098 0.009750 0.016986
1 0.741250 0.978768 0.012000 0.008993
1 0.011250 0.985012 0.022500 0.029975
1 0.197187 0.984013 0.021750 0.031973
1 0.922813 0.983014 0.020250 0.033972
1 0.808125 0.981515 0.036000 0.036969
1 0.738125 0.972939 0.012000 0.008993
1 0.265000 0.979600 0.009000 0.024979
1 0.243750 0.981266 0.033000 0.032973
1 0.274687 0.973356 0.015750 0.015987
1 0.287500 0.979517 0.015000 0.040966
1 0.975625 0.979017 0.048750 0.041965
1 0.962500 0.970025 0.018000 0.011990
1 0.882812 0.979017 0.032250 0.041965
1 0.007875 0.968776 0.015750 0.010991
1 0.792813 0.970858 0.015750 0.019983
1 0.883750 0.964197 0.016500 0.009992
1 0.855938 0.976020 0.030750 0.047960
1 0.216562 0.968776 0.014250 0.022981
1 0.701875 0.975021 0.037500 0.049958
1 0.062187 0.969192 0.032250 0.025978
1 0.673125 0.963780 0.012000 0.014988
1 0.955313 0.961282 0.006750 0.010991
1 0.198125 0.963780 0.015000 0.016986
1 0.226250 0.965445 0.007500 0.022981
1 0.848125 0.962531 0.009000 0.019983
1 0.035000 0.974022 0.042000 0.051957
1 0.672500 0.971524 0.042000 0.056953
1 0.984375 0.961282 0.018000 0.022981
1 0.499063 0.970525 0.062250 0.058951
1 0.004125 0.958784 0.008250 0.018984
1 0.538438 0.957119 0.005250 0.016986
1 0.245312 0.962531 0.009750 0.031973
1 0.371250 0.957535 0.018000 0.021982
1 0.731875 0.957119 0.012000 0.022981
1 0.213750 0.951707 0.021000 0.011990
1 0.794375 0.955454 0.019500 0.022981
1 0.087188 0.967527 0.038250 0.064946
1 0.066562 0.950874 0.014250 0.011990
1 0.953125 0.966528 0.073500 0.066944
1 0.500625 0.956286 0.025500 0.030974
1 0.743125 0.959201 0.019500 0.039967
1 0.059375 0.947127 0.007500 0.010991
1 0.674375 0.948793 0.016500 0.018984
1 0.805000 0.953372 0.030000 0.033972
1 0.105938 0.956703 0.017250 0.043963
1 0.018750 0.946295 0.010500 0.022981
1 0.992500 0.949625 0.015000 0.032973
1 0.730625 0.941715 0.018000 0.013988
1 0.151562 0.940466 0.012750 0.014988
1 0.254063 0.939217 0.017250 0.015987
1 0.226562 0.949625 0.033750 0.042964
1 0.780312 0.939634 0.021750 0.022981
1 0.027500 0.932973 0.007500 0.010991
1 0.143125 0.932973 0.013500 0.012989
1 0.590625 0.934221 0.031500 0.021982
1 0.223125 0.930891 0.010500 0.013988
1 0.663750 0.929642 0.018000 0.016986
1 0.208437 0.927560 0.011250 0.011990
1 0.682500 0.930058 0.016500 0.025978
1 0.599063 0.920483 0.014250 0.010991
1 0.222812 0.919234 0.009750 0.009992
1 0.146875 0.922981 0.018000 0.018984
1 0.033438 0.939634 0.036750 0.058951
1 0.004500 0.922565 0.009000 0.017985
1 0.843437 0.920899 0.009750 0.015987
1 0.981875 0.931307 0.028500 0.044963
1 0.489687 0.913405 0.012750 0.011990
1 0.807500 0.925062 0.042000 0.041965
1 0.770312 0.946045 0.057750 0.107910
1 0.609375 0.912157 0.009000 0.010991
1 0.178125 0.911740 0.013500 0.013988
1 0.267188 0.911740 0.024750 0.017985
1 0.991000 0.912573 0.018000 0.021982
1 0.016125 0.932973 0.032250 0.070941
1 0.009750 0.911740 0.019500 0.021982
1 0.578125 0.907161 0.021000 0.020983
1 0.031563 0.904246 0.008250 0.013988
1 0.286250 0.903830 0.019500 0.014988
1 0.098750 0.904663 0.024000 0.018984
1 0.853125 0.905495 0.016500 0.022981
1 0.144375 0.937552 0.129000 0.124896
1 0.806250 0.900916 0.016500 0.013988
1 0.379688 0.907161 0.012750 0.028976
1 0.950313 0.900916 0.015750 0.015987
1 0.865938 0.899251 0.011250 0.013988
1 0.204375 0.916320 0.058500 0.056953
1 0.181250 0.898002 0.013500 0.016986
1 0.803750 0.890508 0.009000 0.010991
1 0.726250 0.929226 0.045000 0.103913
1 0.025000 0.888843 0.010500 0.010991
1 0.570937 0.891757 0.017250 0.019983
1 0.012750 0.893838 0.025500 0.028976
1 0.751875 0.895504 0.028500 0.036969
1 0.715625 0.885928 0.010500 0.013988
1 0.015000 0.884263 0.010500 0.013988
1 0.181562 0.882598 0.009750 0.013988
1 0.264688 0.891341 0.029250 0.036969
1 0.104375 0.888843 0.028500 0.030974
1 0.040313 0.904663 0.045750 0.070941
1 0.803438 0.878851 0.009750 0.010991
1 0.883437 0.875937 0.009750 0.007993
1 0.552500 0.877602 0.009000 0.015987
1 0.581250 0.880100 0.016500 0.025978
1 0.855000 0.883014 0.027000 0.034971
1 0.726875 0.877602 0.012000 0.023980
1 0.205937 0.882598 0.023250 0.035970
1 0.742812 0.882182 0.030750 0.040966
1 0.022812 0.873439 0.017250 0.019983
1 0.047500 0.869276 0.009000 0.013988
1 0.877812 0.866778 0.017250 0.013988
1 0.827812 0.862614 0.011250 0.009992
1 0.251875 0.920483 0.093000 0.148876
1 0.028750 0.863447 0.016500 0.011990
1 0.788750 0.885096 0.037500 0.065945
1 0.346875 0.869276 0.018000 0.027977
1 0.143125 0.882182 0.025500 0.060949
1 0.188438 0.860117 0.008250 0.015987
1 0.040938 0.863447 0.011250 0.023980
1 0.222500 0.857202 0.007500 0.010991
1 0.012000 0.864696 0.024000 0.030974
1 0.385625 0.865529 0.024000 0.034971
1 0.372188 0.863447 0.020250 0.033972
1 0.886250 0.912157 0.106500 0.152873
1 0.161250 0.856786 0.015000 0.019983
1 0.045000 0.853872 0.012000 0.014988
1 0.719375 0.856786 0.033000 0.029975
1 0.919063 0.846794 0.011250 0.013988
1 0.527813 0.847211 0.012750 0.016986
1 0.268750 0.850541 0.018000 0.024979
1 0.004875 0.843880 0.009750 0.016986
1 0.937813 0.868027 0.039750 0.078934
1 0.090625 0.837219 0.021000 0.012989
1 0.946875 0.899251 0.090000 0.163863
1 0.832500 0.898585 0.055500 0.202831
1 0.979000 0.865112 0.042000 0.089925
1 0.972187 0.826811 0.008250 0.011990
1 0.373437 0.837219 0.047250 0.036969
1 0.350938 0.830974 0.015750 0.021982
1 0.719688 0.827227 0.011250 0.022981
1 0.387188 0.825562 0.024750 0.018984
1 0.546562 0.827227 0.021750 0.024979
1 0.984250 0.825562 0.031500 0.024979
1 0.683438 0.818068 0.011250 0.010991
1 0.987812 0.814738 0.014250 0.008993
1 0.248125 0.815570 0.009000 0.012989
1 0.176875 0.817236 0.009000 0.018984
1 0.606875 0.823480 0.019500 0.035970
1 0.113750 0.843464 0.051000 0.089925
1 0.124688 0.812656 0.008250 0.019983
1 0.975313 0.809326 0.011250 0.013988
1 0.071875 0.878018 0.088500 0.180849
1 0.895000 0.825146 0.045000 0.065945
1 0.665937 0.802664 0.009750 0.015987
1 0.110312 0.810575 0.017250 0.034971
1 0.093438 0.808077 0.026250 0.032973
1 0.078437 0.798501 0.009750 0.015987
1 0.514062 0.793922 0.012750 0.014988
1 0.405625 0.794754 0.021000 0.018984
1 0.147187 0.843464 0.075750 0.135887
1 0.035937 0.791424 0.008250 0.010991
1 0.321562 0.871607 0.155250 0.256786
1 0.554375 0.791007 0.009000 0.013988
1 0.095000 0.791007 0.025500 0.017985
1 0.990625 0.793089 0.018750 0.032973
1 0.875938 0.783097 0.008250 0.012989
1 0.329688 0.781016 0.008250 0.007993
1 0.030000 0.781848 0.009000 0.011990
1 0.591562 0.864613 0.233250 0.270774
1 0.984375 0.780183 0.009000 0.015987
1 0.109375 0.780600 0.010500 0.018984
1 0.693438 0.777269 0.011250 0.012989
1 0.557813 0.780600 0.026250 0.020983
1 0.011562 0.776020 0.009750 0.009992
1 0.945937 0.808493 0.099750 0.089925
1 0.792500 0.777269 0.013500 0.018984
1 0.155625 0.776020 0.016500 0.015987
1 0.542813 0.775604 0.006750 0.016986
1 0.034063 0.773938 0.008250 0.014988
1 0.094687 0.777269 0.012750 0.024979
1 0.100625 0.774771 0.009000 0.020983
1 0.962812 0.779351 0.023250 0.035970
1 0.940312 0.768110 0.011250 0.008993
1 0.994750 0.769359 0.010500 0.013988
1 0.017250 0.787677 0.034500 0.057952
1 0.561250 0.766861 0.013500 0.011990
1 0.509062 0.785179 0.039750 0.055953
1 0.975000 0.769775 0.019500 0.026978
1 0.179688 0.766861 0.008250 0.025978
1 0.953125 0.763947 0.007500 0.020983
1 0.986563 0.759367 0.012750 0.011990
1 0.415625 0.761032 0.013500 0.015987
1 0.929063 0.766028 0.020250 0.031973
1 0.479063 0.760616 0.015750 0.018984
1 0.168750 0.768526 0.013500 0.037968
1 0.158438 0.762281 0.012750 0.022981
1 0.015750 0.761449 0.031500 0.020983
1 0.939063 0.756037 0.009750 0.013988
1 0.831250 0.759784 0.007500 0.022981
1 0.282813 0.754788 0.006750 0.010991
1 0.925000 0.752706 0.012000 0.009992
1 0.560625 0.754788 0.013500 0.018984
1 0.987500 0.750624 0.013500 0.010991
1 0.179063 0.750208 0.009750 0.009992
1 0.995875 0.753122 0.008250 0.018984
1 0.965625 0.753539 0.021000 0.021982
1 0.696875 0.750208 0.007500 0.013988
1 0.814375 0.751873 0.018000 0.021982
1 0.220938 0.835554 0.180750 0.222814
1 0.104688 0.751041 0.017250 0.027977
1 0.137813 0.746461 0.020250 0.018984
1 0.070312 0.739800 0.011250 0.012989
1 0.457500 0.756453 0.042000 0.056953
1 0.515625 0.747710 0.025500 0.037968
1 0.317812 0.738968 0.011250 0.016986
1 0.136563 0.772689 0.078750 0.103913
1 0.764375 0.738968 0.010500 0.024979
1 0.057813 0.738135 0.014250 0.022981
1 0.524687 0.736886 0.008250 0.021982
1 0.117500 0.731890 0.013500 0.009992
1 0.935937 0.730641 0.008250 0.010991
1 0.918125 0.736470 0.018000 0.024979
1 0.203750 0.771440 0.069000 0.108909
1 0.317812 0.783514 0.081750 0.139883
1 0.173125 0.738551 0.013500 0.031973
1 0.810000 0.734804 0.010500 0.024979
1 0.530312 0.737302 0.014250 0.032973
1 0.058125 0.788926 0.116250 0.162864
1 0.739375 0.726894 0.019500 0.019983
1 0.165000 0.723564 0.006000 0.011990
1 0.175625 0.721898 0.012000 0.009992
1 0.202500 0.723147 0.009000 0.016986
1 0.028500 0.740633 0.057000 0.058951
1 0.888125 0.726478 0.022500 0.030974
1 0.065937 0.720649 0.020250 0.016986
1 0.834688 0.722731 0.015750 0.023980
1 0.149375 0.721482 0.012000 0.020983
1 0.101875 0.726062 0.018000 0.031973
1 0.827812 0.735637 0.033750 0.056953
1 0.798125 0.720649 0.021000 0.020983
1 0.629062 0.722315 0.015750 0.030974
1 0.805937 0.714405 0.014250 0.019983
1 0.957187 0.713156 0.012750 0.018984
1 0.555625 0.717735 0.016500 0.029975
1 0.447500 0.823147 0.291000 0.353705
1 0.373125 0.711074 0.012000 0.013988
1 0.087500 0.720649 0.034500 0.036969
1 0.051562 0.720649 0.021750 0.036969
1 0.044375 0.714405 0.018000 0.023980
1 0.437812 0.721482 0.045750 0.042964
1 0.122188 0.708993 0.014250 0.012989
1 0.158750 0.710658 0.009000 0.018984
1 0.838750 0.706078 0.010500 0.013988
1 0.569375 0.701499 0.009000 0.008993
1 0.183125 0.715237 0.045000 0.043963
1 0.985313 0.710658 0.027750 0.034971
1 0.777500 0.699417 0.016500 0.013988
1 0.049063 0.698168 0.012750 0.012989
1 0.069687 0.701915 0.017250 0.023980
1 0.785000 0.704829 0.030000 0.032973
1 0.385313 0.699001 0.032250 0.018984
1 0.158125 0.700250 0.018000 0.023980
1 0.540625 0.705662 0.024000 0.038968
1 0.463125 0.696087 0.010500 0.015987
1 0.059062 0.695254 0.006750 0.019983
1 0.832187 0.688593 0.015750 0.011990
1 0.705000 0.690674 0.027000 0.022981
1 0.307500 0.690674 0.016500 0.022981
1 0.167187 0.685262 0.009750 0.011990
1 0.203437 0.696087 0.036750 0.041965
1 0.541875 0.683181 0.012000 0.012989
1 0.026625 0.700250 0.053250 0.053955
1 0.552188 0.681099 0.012750 0.015987
1 0.178750 0.679850 0.010500 0.012989
1 0.184375 0.686511 0.016500 0.032973
1 0.780625 0.682764 0.034500 0.025978
1 0.769375 0.676936 0.007500 0.011990
1 0.472187 0.682348 0.017250 0.028976
1 0.590313 0.672773 0.009750 0.009992
1 0.560000 0.676520 0.009000 0.020983
1 0.291875 0.676103 0.027000 0.029975
1 0.250312 0.668609 0.008250 0.011990
1 0.878125 0.668609 0.022500 0.017985
1 0.480938 0.666944 0.014250 0.013988
1 0.813750 0.664863 0.016500 0.016986
1 0.462187 0.664446 0.030750 0.017985
1 0.768125 0.662781 0.010500 0.017985
1 0.377188 0.661532 0.006750 0.014988
1 0.127500 0.661116 0.009000 0.015987
1 0.828125 0.660283 0.013500 0.015987
1 0.781875 0.661948 0.010500 0.023980
1 0.445000 0.681099 0.051000 0.075937
1 0.412500 0.689425 0.039000 0.097918
1 0.311875 0.655287 0.009000 0.015987
1 0.289375 0.652373 0.007500 0.012989
1 0.040500 0.670691 0.081000 0.056953
1 0.004125 0.655704 0.008250 0.020983
1 0.670312 0.649042 0.009750 0.008993
1 0.306250 0.664863 0.030000 0.054954
1 0.320937 0.652373 0.026250 0.026978
1 0.496875 0.650291 0.024000 0.023980
1 0.008438 0.644047 0.008250 0.008993
1 0.755000 0.654455 0.022500 0.035970
1 0.432188 0.644047 0.012750 0.010991
1 0.658438 0.643630 0.011250 0.011990
1 0.251563 0.643630 0.009750 0.013988
1 0.217812 0.642381 0.009750 0.012989
1 0.562500 0.643214 0.010500 0.016986
1 0.231563 0.656953 0.023250 0.053955
1 0.994000 0.642381 0.012000 0.020983
1 0.448437 0.637802 0.009750 0.011990
1 0.094687 0.641965 0.014250 0.021982
1 0.024063 0.638218 0.009750 0.016986
1 0.015000 0.640300 0.010500 0.025978
1 0.981250 0.634471 0.012000 0.013988
1 0.142813 0.638218 0.014250 0.022981
1 0.663750 0.632390 0.013500 0.010991
1 0.372188 0.636969 0.020250 0.021982
1 0.991250 0.632806 0.013500 0.013988
1 0.818750 0.631973 0.016500 0.013988
1 0.086875 0.629475 0.007500 0.021982
1 0.443750 0.633222 0.033000 0.036969
1 0.486875 0.625729 0.022500 0.020983
1 0.458437 0.637386 0.029250 0.054954
1 0.079375 0.623647 0.015000 0.023980
1 0.568750 0.618235 0.012000 0.012989
1 0.006000 0.624063 0.012000 0.026978
1 0.678750 0.612406 0.012000 0.006994
1 0.398125 0.639883 0.067500 0.074938
1 0.200313 0.614904 0.009750 0.016986
1 0.991000 0.618651 0.018000 0.029975
1 0.073750 0.610325 0.015000 0.015987
1 0.460625 0.609908 0.016500 0.018984
1 0.638750 0.607827 0.009000 0.015987
1 0.820937 0.602415 0.011250 0.008993
1 0.187188 0.685262 0.305250 0.213822
1 0.029063 0.601582 0.014250 0.012989
1 0.081250 0.599500 0.010500 0.009992
1 0.204687 0.602831 0.014250 0.019983
1 0.435625 0.609908 0.042000 0.040966
1 0.992812 0.599500 0.006750 0.017985
1 0.381563 0.610325 0.051750 0.045962
1 0.380000 0.594505 0.013500 0.015987
1 0.870938 0.594088 0.009750 0.020983
1 0.075625 0.590758 0.010500 0.014988
1 0.311875 0.589509 0.009000 0.013988
1 0.029063 0.592007 0.011250 0.019983
1 0.114062 0.587843 0.006750 0.011990
1 0.010875 0.608243 0.021750 0.062948
1 0.154062 0.586595 0.005250 0.012989
1 0.018750 0.596170 0.012000 0.037968
1 0.868750 0.581182 0.007500 0.009992
1 0.661563 0.597835 0.053250 0.057952
1 0.506563 0.581182 0.011250 0.017985
1 0.046562 0.616570 0.069750 0.102914
1 0.221875 0.587011 0.022500 0.035970
1 0.035000 0.580766 0.022500 0.022981
1 0.145313 0.574938 0.006750 0.014988
1 0.962500 0.572856 0.007500 0.011990
1 0.808438 0.575770 0.011250 0.018984
1 0.415000 0.591174 0.031500 0.059950
1 0.049688 0.572440 0.018750 0.014988
1 0.320000 0.567444 0.012000 0.008993
1 0.930312 0.566611 0.005250 0.010991
1 0.985625 0.577019 0.028500 0.037968
1 0.384375 0.566195 0.010500 0.017985
1 0.144375 0.563697 0.010500 0.013988
1 0.314688 0.569109 0.035250 0.032973
1 0.221562 0.557036 0.018750 0.013988
1 0.542813 0.584929 0.060750 0.082931
1 0.939063 0.555787 0.008250 0.014988
1 0.039062 0.558285 0.024750 0.024979
1 0.506875 0.549126 0.012000 0.010991
1 0.629687 0.549126 0.012750 0.012989
1 0.826250 0.558701 0.024000 0.037968
1 0.356563 0.548293 0.008250 0.012989
1 0.320625 0.550375 0.015000 0.017985
1 0.644375 0.564113 0.025500 0.052956
1 0.984250 0.552040 0.031500 0.029975
1 0.836250 0.545379 0.013500 0.013988
1 0.022500 0.545795 0.019500 0.028976
1 0.944688 0.541216 0.018750 0.019983
1 0.824375 0.537469 0.010500 0.010991
1 0.672500 0.744380 0.603000 0.509575
1 0.042188 0.542881 0.017250 0.025978
1 0.735938 0.536220 0.009750 0.011990
1 0.891250 0.539134 0.012000 0.020983
1 0.313125 0.539134 0.025500 0.020983
1 0.427812 0.542881 0.027750 0.037968
1 0.087188 0.577852 0.102750 0.125895
1 0.822500 0.526228 0.013500 0.007993
1 0.715625 0.549958 0.043500 0.064946
1 0.045000 0.528310 0.021000 0.012989
1 0.420000 0.532057 0.024000 0.027977
1 0.080312 0.526228 0.009750 0.015987
1 0.705937 0.525812 0.017250 0.018984
1 0.335313 0.522898 0.011250 0.011990
1 0.599688 0.524563 0.012750 0.021982
1 0.696250 0.522481 0.009000 0.020983
1 0.068437 0.521649 0.011250 0.020983
1 0.018000 0.546211 0.036000 0.079933
1 0.440625 0.519983 0.013500 0.022981
1 0.564063 0.514571 0.008250 0.011990
1 0.398438 0.515404 0.020250 0.013988
1 0.094687 0.521232 0.023250 0.039967
1 0.242500 0.513739 0.018000 0.025978
1 0.896250 0.507077 0.004500 0.015987
1 0.862187 0.504163 0.009750 0.010991
1 0.935312 0.502498 0.009750 0.008993
1 0.877188 0.521649 0.035250 0.056953
1 0.903125 0.502914 0.006000 0.013988
1 0.117500 0.501665 0.007500 0.012989
1 0.888125 0.506245 0.012000 0.025978
1 0.269375 0.569525 0.159000 0.181848
1 0.329062 0.497502 0.008250 0.010991
1 0.109063 0.502082 0.009750 0.021982
1 0.095000 0.497502 0.028500 0.018984
1 0.737187 0.495837 0.014250 0.018984
1 0.970313 0.491674 0.011250 0.010991
1 0.726562 0.492090 0.006750 0.013988
1 0.500000 0.509992 0.040500 0.058951
1 0.994375 0.494172 0.011250 0.022981
1 0.109375 0.489176 0.013500 0.010991
1 0.305312 0.489592 0.020250 0.013988
1 0.764375 0.490008 0.015000 0.016986
1 0.003750 0.488759 0.007500 0.017985
1 0.980625 0.486678 0.015000 0.014988
1 0.962812 0.486261 0.006750 0.017985
1 0.557187 0.482515 0.011250 0.008993
1 0.546562 0.487510 0.009750 0.020983
1 0.567500 0.485845 0.013500 0.018984
1 0.123750 0.489592 0.019500 0.027977
1 0.872188 0.487094 0.030750 0.025978
1 0.290000 0.482931 0.013500 0.021982
1 0.046250 0.479184 0.013500 0.014988
1 0.052500 0.505412 0.105000 0.079933
1 0.649687 0.486678 0.020250 0.036969
1 0.950313 0.479600 0.017250 0.021982
1 0.480312 0.485429 0.026250 0.039967
1 0.924687 0.475021 0.011250 0.016986
1 0.069375 0.471690 0.013500 0.010991
1 0.962187 0.470858 0.011250 0.012989
1 0.795250 0.607410 0.409500 0.340716
1 0.850313 0.479184 0.015750 0.032973
1 0.395625 0.469192 0.010500 0.008993
1 0.487812 0.475021 0.015750 0.024979
1 0.536250 0.467943 0.015000 0.015987
1 0.882500 0.469192 0.012000 0.020983
1 0.934688 0.470858 0.021750 0.028976
1 0.520625 0.475437 0.019500 0.041965
1 0.946250 0.461699 0.009000 0.014988
1 0.629375 0.476270 0.034500 0.049958
1 0.016875 0.468776 0.021000 0.031973
1 0.494688 0.467111 0.024750 0.037968
1 0.641875 0.455037 0.012000 0.010991
1 0.729688 0.455037 0.006750 0.012989
1 0.076875 0.453372 0.015000 0.012989
1 0.932500 0.454205 0.012000 0.018984
1 0.962500 0.455870 0.025500 0.026978
1 0.988000 0.467111 0.024000 0.055953
1 0.865000 0.460866 0.031500 0.042964
1 0.346875 0.613655 0.172500 0.409659
1 0.404687 0.445046 0.009750 0.006994
1 0.494063 0.445878 0.006750 0.010991
1 0.740938 0.466694 0.045750 0.062948
1 0.708750 0.462115 0.046500 0.057952
1 0.488125 0.446711 0.012000 0.020983
1 0.978750 0.458368 0.025500 0.050958
1 0.315937 0.442548 0.029250 0.012989
1 0.663750 0.508743 0.138000 0.175853
1 0.650312 0.443381 0.008250 0.018984
1 0.718437 0.439634 0.008250 0.011990
1 0.332813 0.446295 0.017250 0.029975
1 0.570937 0.443381 0.011250 0.026978
1 0.077188 0.435887 0.006750 0.014988
1 0.285625 0.439634 0.024000 0.025978
1 0.299375 0.434638 0.015000 0.015987
1 0.006250 0.433389 0.012000 0.012989
1 0.942813 0.429642 0.009750 0.021982
1 0.492500 0.425062 0.010500 0.010991
1 0.291563 0.426728 0.008250 0.014988
1 0.423125 0.426311 0.006000 0.015987
1 0.444375 0.422981 0.009000 0.009992
1 0.983125 0.430058 0.033750 0.028976
1 0.873125 0.420899 0.012000 0.008993
1 0.772188 0.422565 0.012750 0.012989
1 0.618750 0.420899 0.010500 0.012989
1 0.103750 0.420067 0.012000 0.010991
1 0.973437 0.418818 0.009750 0.011990
1 0.316250 0.425895 0.034500 0.030974
1 0.730313 0.428393 0.017250 0.044963
1 0.520000 0.447544 0.070500 0.090924
1 0.870000 0.412157 0.016500 0.009992
1 0.490312 0.413405 0.009750 0.016986
1 0.318750 0.409659 0.012000 0.011990
1 0.010500 0.415071 0.021000 0.026978
1 0.729062 0.407161 0.015750 0.009992
1 0.504062 0.411324 0.011250 0.019983
1 0.986500 0.408410 0.027000 0.022981
1 0.892188 0.416736 0.032250 0.042964
1 0.716875 0.403414 0.010500 0.010991
1 0.030625 0.417152 0.045000 0.045962
1 0.837812 0.402581 0.017250 0.012989
1 0.467813 0.425062 0.042750 0.070941
1 0.300000 0.401332 0.006000 0.013988
1 0.065937 0.410908 0.036750 0.040966
1 0.484375 0.400500 0.010500 0.021982
1 0.731250 0.397585 0.019500 0.022981
1 0.956250 0.393006 0.010500 0.015987
1 0.947187 0.389675 0.009750 0.011990
1 0.451875 0.393422 0.021000 0.022981
1 0.127188 0.387177 0.011250 0.009992
1 0.004875 0.389675 0.009750 0.015987
1 0.974375 0.396753 0.033000 0.038968
1 0.778438 0.390092 0.014250 0.022981
1 0.477812 0.385096 0.011250 0.014988
1 0.309063 0.400500 0.023250 0.051957
1 0.539062 0.382182 0.012750 0.009992
1 0.056563 0.385096 0.008250 0.016986
1 0.878750 0.391757 0.030000 0.038968
1 0.851562 0.388843 0.035250 0.031973
1 0.965625 0.381765 0.015000 0.016986
1 0.579375 0.374688 0.009000 0.009992
1 0.787813 0.389675 0.023250 0.047960
1 0.715313 0.382598 0.026250 0.032973
1 0.964375 0.372190 0.009000 0.013988
1 0.956875 0.374688 0.013500 0.023980
1 0.948125 0.372606 0.010500 0.022981
1 0.012500 0.369692 0.009000 0.015987
1 0.341250 0.368027 0.010500 0.015987
1 0.478750 0.370525 0.021000 0.023980
1 0.511875 0.391757 0.067500 0.078934
1 0.005000 0.370525 0.009000 0.027977
1 0.471250 0.363447 0.007500 0.016986
1 0.326562 0.360949 0.008250 0.014988
1 0.309688 0.371774 0.030750 0.040966
1 0.834688 0.423397 0.206250 0.166861
1 0.848437 0.366778 0.024750 0.032973
1 0.537813 0.365529 0.023250 0.031973
1 0.805000 0.358451 0.022500 0.016986
1 0.751563 0.355121 0.009750 0.008993
1 0.554375 0.356786 0.018000 0.012989
1 0.487812 0.355953 0.023250 0.010991
1 0.978625 0.369692 0.042750 0.045962
1 0.716250 0.358868 0.022500 0.019983
1 0.995875 0.359700 0.008250 0.023980
1 0.957500 0.355953 0.016500 0.014988
1 0.859688 0.353455 0.009750 0.010991
1 0.033125 0.353455 0.009000 0.012989
1 0.920312 0.353872 0.017250 0.015987
1 0.988125 0.355537 0.013500 0.021982
1 0.925937 0.348043 0.018750 0.009992
1 0.874375 0.350125 0.010500 0.018984
1 0.433437 0.347627 0.009750 0.014988
1 0.967187 0.348876 0.009750 0.023980
1 0.334062 0.347211 0.012750 0.019983
1 0.984062 0.342215 0.017250 0.009992
1 0.537500 0.347627 0.031500 0.024979
1 0.011562 0.348876 0.011250 0.027977
1 0.117500 0.343464 0.013500 0.016986
1 0.353750 0.375104 0.106500 0.094921
1 0.925312 0.338468 0.006750 0.012989
1 0.933750 0.336803 0.009000 0.014988
1 0.033438 0.336386 0.011250 0.017985
1 0.685937 0.335970 0.015750 0.018984
1 0.916250 0.395504 0.136500 0.165862
1 0.802188 0.331807 0.011250 0.014988
1 0.627188 0.328893 0.008250 0.013988
1 0.325625 0.332223 0.021000 0.021982
1 0.006000 0.331391 0.012000 0.031973
1 0.621250 0.325146 0.015000 0.024979
1 0.330625 0.320983 0.013500 0.018984
1 0.011875 0.320566 0.012000 0.019983
1 0.945625 0.317236 0.012000 0.017985
1 0.923750 0.319734 0.016500 0.025978
1 0.408438 0.420067 0.177750 0.282764
1 0.372500 0.310575 0.019500 0.019983
1 0.995125 0.305579 0.009750 0.015987
1 0.977500 0.308909 0.019500 0.023980
1 0.355625 0.315154 0.048000 0.038968
1 0.863125 0.306411 0.007500 0.019983
1 0.872812 0.304330 0.020250 0.026978
1 0.835000 0.300583 0.016500 0.021982
1 0.263437 0.301415 0.026250 0.023980
1 0.584688 0.296420 0.008250 0.013988
1 0.623437 0.283514 0.006750 0.008993
1 0.260000 0.286012 0.021000 0.014988
1 0.934688 0.274771 0.008250 0.013988
1 0.592500 0.284346 0.024000 0.040966
1 0.689688 0.273522 0.009750 0.016986
1 0.580625 0.272273 0.007500 0.013988
1 0.143125 0.271857 0.009000 0.022981
1 0.863437 0.274355 0.017250 0.038968
1 0.100937 0.268110 0.012750 0.023980
1 0.057500 0.262698 0.015000 0.012989
1 0.810937 0.259367 0.008250 0.008993
1 0.135313 0.260200 0.011250 0.010991
1 0.033438 0.256037 0.020250 0.018984
1 0.874375 0.258118 0.010500 0.025978
1 0.829063 0.251457 0.009750 0.009992
1 0.987812 0.253539 0.006750 0.018984
1 0.992125 0.260200 0.015750 0.036969
1 0.008250 0.266861 0.016500 0.056953
1 0.878750 0.248959 0.010500 0.015987
1 0.590000 0.250208 0.018000 0.018984
1 0.063437 0.246045 0.008250 0.008993
1 0.207187 0.246461 0.011250 0.013988
1 0.163438 0.245629 0.006750 0.011990
1 0.613437 0.243131 0.008250 0.009992
1 0.043750 0.249792 0.013500 0.027977
1 0.678438 0.245629 0.014250 0.019983
1 0.220312 0.245629 0.018750 0.019983
1 0.917188 0.247710 0.029250 0.028976
1 0.638437 0.266445 0.032250 0.079933
1 0.800000 0.239800 0.009000 0.017985
1 0.895000 0.249792 0.027000 0.043963
1 0.261250 0.241049 0.009000 0.024979
1 0.053125 0.243131 0.015000 0.031973
1 0.397813 0.259784 0.062250 0.075937
1 0.646563 0.231474 0.020250 0.015987
1 0.235313 0.228976 0.009750 0.009992
1 0.969688 0.229808 0.012750 0.015987
1 0.889375 0.235637 0.030000 0.031973
1 0.103750 0.227727 0.015000 0.012989
1 0.602500 0.237719 0.021000 0.038968
1 0.492500 0.226478 0.012000 0.011990
1 0.067812 0.228976 0.011250 0.017985
1 0.384688 0.223980 0.009750 0.009992
1 0.341875 0.242298 0.045000 0.055953
1 0.328437 0.220233 0.009750 0.012989
1 0.147187 0.218152 0.009750 0.015987
1 0.350000 0.213572 0.010500 0.010991
1 0.944063 0.219817 0.027750 0.027977
1 0.835625 0.211490 0.015000 0.009992
1 0.401562 0.223147 0.039750 0.039967
1 0.854375 0.212323 0.010500 0.015987
1 0.841250 0.214821 0.019500 0.025978
1 0.103125 0.211074 0.009000 0.018984
1 0.177500 0.209825 0.010500 0.017985
1 0.213125 0.206495 0.015000 0.011990
1 0.935625 0.204829 0.016500 0.015987
1 0.812813 0.202331 0.008250 0.009992
1 0.920125 0.274355 0.159750 0.184846
1 0.193438 0.203997 0.009750 0.017985
1 0.110000 0.203580 0.010500 0.024979
1 0.908438 0.196503 0.011250 0.009992
1 0.994750 0.191923 0.010500 0.008993
1 0.853125 0.193589 0.010500 0.012989
1 0.410938 0.218984 0.081750 0.077935
1 0.937813 0.191091 0.012750 0.012989
1 0.724688 0.191923 0.011250 0.014988
1 0.919063 0.206078 0.027750 0.052956
1 0.325625 0.186928 0.007500 0.008993
1 0.817187 0.185679 0.009750 0.007993
1 0.804063 0.188593 0.011250 0.014988
1 0.655312 0.186095 0.015750 0.010991
1 0.133750 0.186511 0.009000 0.011990
1 0.105313 0.191091 0.014250 0.026978
1 0.845000 0.189842 0.012000 0.027977
1 0.829688 0.193172 0.024750 0.037968
1 0.094687 0.183181 0.005250 0.015987
1 0.601875 0.186511 0.027000 0.029975
1 0.040125 0.215237 0.080250 0.100916
1 0.173750 0.179850 0.015000 0.027977
1 0.989125 0.174022 0.021750 0.017985
1 0.885625 0.170275 0.012000 0.014988
1 0.167500 0.169442 0.010500 0.012989
1 0.032813 0.186095 0.035250 0.054954
1 0.869375 0.167777 0.009000 0.012989
1 0.917813 0.168193 0.020250 0.017985
1 0.846250 0.168193 0.013500 0.017985
1 0.793750 0.164030 0.009000 0.009992
1 0.902188 0.167777 0.023250 0.024979
1 0.733437 0.161532 0.008250 0.009992
1 0.883125 0.199833 0.079500 0.103913
1 0.470625 0.161948 0.007500 0.014988
1 0.961562 0.188177 0.072750 0.083930
1 0.758437 0.162781 0.021750 0.022981
1 0.340938 0.161532 0.008250 0.021982
1 0.124375 0.157785 0.010500 0.012989
1 0.862500 0.155704 0.022500 0.011990
1 0.635312 0.194421 0.065250 0.104913
1 0.035000 0.157369 0.010500 0.017985
1 0.510000 0.154455 0.018000 0.014988
1 0.264062 0.156536 0.011250 0.019983
1 0.740313 0.152373 0.006750 0.015987
1 0.039062 0.151124 0.009750 0.012989
1 0.007812 0.154455 0.014250 0.020983
1 0.701875 0.149042 0.006000 0.009992
1 0.046250 0.151124 0.009000 0.014988
1 0.528750 0.146545 0.013500 0.011990
1 0.018375 0.171524 0.036750 0.075937
1 0.921250 0.144463 0.013500 0.014988
1 0.567187 0.139467 0.008250 0.006994
1 0.644687 0.136137 0.008250 0.012989
1 0.028125 0.132806 0.007500 0.010991
1 0.890312 0.147794 0.062250 0.050958
1 0.050000 0.134471 0.018000 0.020983
1 0.920625 0.130724 0.016500 0.013988
1 0.131250 0.132806 0.007500 0.018984
1 0.004875 0.136553 0.009750 0.029975
1 0.190312 0.172356 0.066750 0.117902
1 0.015312 0.134055 0.017250 0.025978
1 0.799375 0.134055 0.042000 0.027977
1 0.688438 0.172773 0.080250 0.126894
1 0.794687 0.150291 0.090750 0.074938
1 0.253437 0.123647 0.011250 0.012989
1 0.124375 0.123647 0.006000 0.012989
1 0.415625 0.123231 0.021000 0.013988
1 0.816875 0.126561 0.015000 0.027977
1 0.107188 0.127810 0.030750 0.032973
1 0.178125 0.117818 0.015000 0.012989
1 0.166250 0.118235 0.012000 0.013988
1 0.020625 0.121149 0.007500 0.020983
1 0.311250 0.119900 0.010500 0.019983
1 0.297812 0.119067 0.029250 0.019983
1 0.006375 0.115321 0.012750 0.014988
1 0.750313 0.115737 0.006750 0.017985
1 0.268125 0.111157 0.013500 0.010991
1 0.196250 0.121149 0.021000 0.034971
1 0.698438 0.113655 0.018750 0.018984
1 0.214375 0.126561 0.046500 0.049958
1 0.897813 0.111990 0.012750 0.016986
1 0.330937 0.126978 0.027750 0.052956
1 0.252188 0.113239 0.023250 0.019983
1 0.232813 0.143630 0.054750 0.092923
1 0.595938 0.110325 0.015750 0.014988
1 0.404375 0.112406 0.013500 0.019983
1 0.912500 0.112406 0.024000 0.025978
1 0.782813 0.115321 0.012750 0.034971
1 0.705625 0.110325 0.019500 0.022981
1 0.192500 0.108659 0.016500 0.018984
1 0.014375 0.105329 0.013500 0.014988
1 0.900312 0.101166 0.014250 0.006994
1 0.409062 0.102415 0.008250 0.011990
1 0.262188 0.102415 0.011250 0.011990
1 0.875000 0.114904 0.043500 0.043963
1 0.313437 0.102831 0.008250 0.014988
1 0.869375 0.101166 0.006000 0.012989
1 0.135000 0.106578 0.021000 0.025978
1 0.989125 0.130308 0.021750 0.084929
1 0.230313 0.099917 0.009750 0.013988
1 0.172813 0.103664 0.033750 0.026978
1 0.003375 0.102415 0.006750 0.023980
1 0.305000 0.101166 0.018000 0.022981
1 0.794687 0.094921 0.006750 0.009992
1 0.422812 0.116986 0.033750 0.062948
1 0.113437 0.106994 0.044250 0.038968
1 0.974688 0.094088 0.008250 0.009992
1 0.812187 0.095337 0.021750 0.022981
1 0.910000 0.089925 0.025500 0.017985
1 0.158750 0.091174 0.010500 0.020983
1 0.028438 0.088676 0.008250 0.014988
1 0.992188 0.089925 0.012750 0.019983
1 0.805000 0.087843 0.019500 0.014988
1 0.947187 0.124896 0.089250 0.105912
1 0.250937 0.084929 0.009750 0.009992
1 0.099062 0.084929 0.006750 0.009992
1 0.050625 0.086595 0.007500 0.017985
1 0.042188 0.082431 0.006750 0.009992
1 0.090938 0.082431 0.011250 0.013988
1 0.316250 0.092423 0.027000 0.039967
1 0.211562 0.091174 0.054750 0.042964
1 0.800625 0.079933 0.027000 0.017985
1 0.559375 0.077435 0.013500 0.011990
1 0.466250 0.079517 0.016500 0.018984
1 0.926562 0.076187 0.017250 0.012989
1 0.921562 0.072023 0.012750 0.008993
1 0.891563 0.082848 0.023250 0.036969
1 0.298125 0.074938 0.021000 0.017985
1 0.207813 0.077435 0.012750 0.025978
1 0.882500 0.074105 0.015000 0.019983
1 0.332813 0.080350 0.015750 0.036969
1 0.243375 0.353872 0.486750 0.693422
1 0.829375 0.076187 0.018000 0.028976
1 0.960938 0.072023 0.020250 0.020983
1 0.495312 0.069525 0.012750 0.014988
1 0.153125 0.146961 0.076500 0.200833
1 0.336875 0.066611 0.009000 0.011990
1 0.256563 0.080766 0.018750 0.045962
1 0.753750 0.085346 0.049500 0.058951
1 0.169375 0.068276 0.013500 0.017985
1 0.273438 0.064113 0.008250 0.009992
1 0.838437 0.064530 0.018750 0.018984
1 0.840625 0.110325 0.073500 0.130891
1 0.721875 0.062032 0.013500 0.014988
1 0.249375 0.061199 0.007500 0.012989
1 0.415000 0.063281 0.021000 0.019983
1 0.312500 0.057452 0.018000 0.007993
1 0.287500 0.060366 0.018000 0.018984
1 0.608437 0.061199 0.012750 0.022981
1 0.230000 0.056619 0.007500 0.015987
1 0.769687 0.109076 0.081750 0.145878
1 0.942813 0.069525 0.062250 0.052956
1 0.866563 0.052873 0.021750 0.014988
1 0.730625 0.055787 0.016500 0.021982
1 0.030375 0.075354 0.060750 0.072939
1 0.845625 0.052873 0.009000 0.020983
1 0.049688 0.054122 0.017250 0.023980
1 0.854062 0.049126 0.009750 0.013988
1 0.473750 0.059117 0.046500 0.037968
1 0.217500 0.052873 0.015000 0.022981
1 0.809375 0.063697 0.037500 0.050958
1 0.078437 0.045379 0.014250 0.008993
1 0.778438 0.044963 0.009750 0.009992
1 0.800312 0.045795 0.009750 0.015987
1 0.235313 0.073272 0.045750 0.083930
1 0.115625 0.050791 0.013500 0.029975
1 0.879375 0.044130 0.007500 0.015987
1 0.472813 0.044546 0.008250 0.016986
1 0.264375 0.047044 0.046500 0.022981
1 0.178125 0.053289 0.025500 0.039967
1 0.832500 0.049126 0.015000 0.033972
1 0.502188 0.049958 0.026250 0.035970
1 0.023125 0.044963 0.019500 0.023980
1 0.822187 0.044963 0.011250 0.025978
1 0.050000 0.039134 0.010500 0.011990
1 0.261875 0.037885 0.009000 0.010991
1 0.167187 0.038301 0.006750 0.013988
1 0.382812 0.110741 0.117750 0.189842
1 0.310312 0.040799 0.015750 0.023980
1 0.963625 0.059117 0.072750 0.071940
1 0.769062 0.038718 0.017250 0.024979
1 0.614688 0.036220 0.006750 0.018984
1 0.899687 0.031640 0.012750 0.011990
1 0.691250 0.043297 0.028500 0.041965
1 0.031875 0.034138 0.009000 0.021982
1 0.872500 0.034138 0.022500 0.027977
1 0.810625 0.034138 0.019500 0.027977
1 0.578750 0.066195 0.051000 0.106911
1 0.346250 0.043297 0.034500 0.053955
1 0.798438 0.028726 0.014250 0.022981
1 0.783438 0.032057 0.026250 0.030974
1 0.696562 0.022481 0.009750 0.011990
1 0.325937 0.045795 0.033750 0.067943
1 0.885625 0.033306 0.022500 0.045962
1 0.777813 0.017069 0.011250 0.008993
1 0.457188 0.019983 0.015750 0.015987
1 0.030000 0.018734 0.013500 0.012989
1 0.325313 0.022898 0.015750 0.024979
1 0.787188 0.014155 0.006750 0.011990
1 0.517500 0.014155 0.012000 0.011990
1 0.203750 0.018318 0.015000 0.021982
1 0.710938 0.014988 0.005250 0.017985
1 0.364375 0.013739 0.021000 0.018984
1 0.652500 0.008743 0.010500 0.010991
1 0.525625 0.011241 0.004500 0.016986
1 0.909687 0.048460 0.087750 0.096919
1 0.572500 0.006661 0.009000 0.009992
1 0.360000 0.006245 0.013500 0.008993
1 0.894062 0.010491 0.015750 0.020983
1 0.988375 0.026478 0.023250 0.052956
1 0.983750 0.003997 0.009000 0.007993
1 0.952500 0.024480 0.069000 0.048959
1 0.904687 0.006495 0.014250 0.012989
1 0.866563 0.025479 0.048750 0.050958
1 0.825313 0.008993 0.008250 0.017985
1 0.829375 0.030475 0.063000 0.060949
1 0.794687 0.010991 0.018750 0.021982
1 0.722187 0.011490 0.021750 0.022981
1 0.678125 0.110908 0.223500 0.221815
1 0.577500 0.025479 0.072000 0.050958
1 0.640000 0.358201 0.570000 0.716403
1 0.482812 0.006994 0.012750 0.013988
1 0.472813 0.008493 0.014250 0.016986
1 0.412813 0.010991 0.015750 0.021982
1 0.396562 0.009992 0.017250 0.019983
1 0.432500 0.072440 0.192000 0.144879
1 0.340938 0.012989 0.029250 0.025978
1 0.321562 0.017985 0.032250 0.035970
1 0.288750 0.038968 0.070500 0.077935
1 0.267500 0.006994 0.010500 0.013988
1 0.253437 0.015987 0.027750 0.031973
1 0.215938 0.052956 0.086250 0.105912
1 0.206563 0.008493 0.020250 0.016986
1 0.102500 0.026478 0.039000 0.052956
1 0.067812 0.011490 0.023250 0.022981
1 0.112812 0.059450 0.185250 0.118901
1 0.041875 0.003997 0.009000 0.007993
1 0.025125 0.033472 0.050250 0.066944
