1 0.431875 0.712739 0.030000 0.027977
1 0.460625 0.706495 0.019500 0.034971
1 0.408750 0.701082 0.033000 0.023980
1 0.490938 0.682348 0.026250 0.024979
1 0.469062 0.676936 0.029250 0.021982
1 0.489687 0.661948 0.030750 0.021982
1 0.391875 0.649875 0.031500 0.022981
1 0.446250 0.668193 0.040500 0.068943
1 0.426875 0.634888 0.021000 0.030974
1 0.564375 0.632806 0.019500 0.033972
1 0.448437 0.629059 0.018750 0.036969
1 0.377188 0.613655 0.024750 0.031973
1 0.539375 0.603664 0.031500 0.019983
1 0.356563 0.586178 0.009750 0.013988
1 0.475625 0.599917 0.051000 0.060949
1 0.510938 0.587843 0.017250 0.035970
1 0.490000 0.576603 0.019500 0.034971
1 0.612812 0.572440 0.021750 0.032973
1 0.533438 0.574938 0.033750 0.054954
1 0.386250 0.556203 0.021000 0.037968
1 0.560937 0.576603 0.026250 0.088926
1 0.431250 0.584929 0.088500 0.126894
1 0.428438 0.524979 0.032250 0.024979
1 0.658125 0.479600 0.028500 0.025978
1 0.662188 0.457119 0.023250 0.021982
1 0.485938 0.416320 0.030750 0.023980
1 0.570937 0.488759 0.333750 0.275770
1 0.582812 0.372606 0.024750 0.028976
1 0.554688 0.373022 0.039750 0.037968
1 0.644687 0.365112 0.027750 0.024979
1 0.667500 0.368443 0.019500 0.036969
1 0.603125 0.370941 0.033000 0.092923
1 0.655000 0.338468 0.028500 0.020983
1 0.624062 0.345962 0.020250 0.038968
1 0.572812 0.342631 0.042750 0.038968
1 0.479375 0.334721 0.019500 0.039967
1 0.637813 0.322648 0.024750 0.028976
1 0.658125 0.307244 0.022500 0.031973
1 0.587187 0.312240 0.063750 0.047960
1 0.635938 0.290175 0.047250 0.044963
1 0.628437 0.172356 0.024750 0.029975
1 0.745313 0.149042 0.009750 0.013988
1 0.552000 0.591007 1.000000 1.000000
