1 0.355000 0.978018 0.037500 0.043963
1 0.558438 0.975021 0.036750 0.049958
1 0.466562 0.944213 0.033750 0.075937
1 0.417187 0.941049 0.084750 0.117902
1 0.335938 0.906328 0.053250 0.078934
1 0.440312 0.893422 0.044250 0.069942
1 0.598750 0.887594 0.045000 0.069942
1 0.356250 0.906744 0.060000 0.147877
1 0.485625 0.845545 0.009000 0.014988
1 0.512500 0.858035 0.040500 0.058951
1 0.422500 0.811407 0.085500 0.116903
1 0.690312 0.766028 0.008250 0.009992
1 0.561875 0.763114 0.058500 0.060949
1 0.513750 0.851624 0.139500 0.296753
1 0.424687 0.737719 0.047250 0.061948
1 0.268437 0.704413 0.048750 0.053955
1 0.520938 0.684846 0.006750 0.016986
1 0.330000 0.694421 0.052500 0.061948
1 0.541875 0.679017 0.034500 0.060949
1 0.504687 0.667777 0.036750 0.053955
1 0.371250 0.683181 0.067500 0.164863
1 0.465000 0.641965 0.049500 0.083930
1 0.580313 0.624896 0.032250 0.050958
1 0.565625 0.598251 0.013500 0.006994
1 0.542813 0.603664 0.020250 0.029975
1 0.473750 0.583264 0.013500 0.018984
1 0.548125 0.566611 0.013500 0.022981
1 0.336875 0.563697 0.015000 0.017985
1 0.505625 0.592423 0.052500 0.088926
1 0.370000 0.564946 0.057000 0.064946
1 0.302500 0.547877 0.030000 0.043963
1 0.349375 0.531640 0.009000 0.008993
1 0.330625 0.537885 0.016500 0.033972
1 0.312500 0.527477 0.013500 0.010991
1 0.331562 0.500000 0.006750 0.014988
1 0.250937 0.527061 0.029250 0.081932
1 0.473125 0.495420 0.012000 0.013988
1 0.310937 0.501249 0.035250 0.039967
1 0.449375 0.608243 0.225000 0.322731
1 0.471875 0.497918 0.102000 0.107910
1 0.513750 0.452123 0.009000 0.011990
1 0.425000 0.456286 0.007500 0.023980
1 0.466562 0.447127 0.011250 0.007993
1 0.420625 0.457119 0.019500 0.033972
1 0.377500 0.452956 0.016500 0.029975
1 0.365938 0.437968 0.008250 0.011990
1 0.332813 0.432140 0.014250 0.023980
1 0.357812 0.414238 0.021750 0.034971
1 0.380625 0.388843 0.022500 0.039967
1 0.429688 0.399667 0.048750 0.093922
1 0.650937 0.383847 0.041250 0.079933
1 0.338750 0.358035 0.012000 0.017985
1 0.361875 0.359284 0.021000 0.028976
1 0.283125 0.340966 0.010500 0.010991
1 0.304375 0.500833 0.139500 0.418651
1 0.405625 0.328060 0.027000 0.065945
1 0.269688 0.303913 0.051750 0.053955
1 0.516250 0.504996 0.243000 0.552540
1 0.371875 0.295171 0.052500 0.078934
1 0.283750 0.265196 0.046500 0.046961
1 0.471875 0.268110 0.036000 0.075937
1 0.511563 0.243131 0.063750 0.121898
1 0.518437 0.172773 0.114750 0.084929
1 0.434063 0.162781 0.047250 0.068943
1 0.385313 0.156120 0.038250 0.072939
1 0.352187 0.119900 0.050250 0.059950
1 0.436875 0.100749 0.051000 0.051957
1 0.396875 0.094921 0.046500 0.059950
1 0.366563 0.216070 0.275250 0.356703
1 0.419687 0.044546 0.029250 0.078934
1 0.466562 0.064446 0.059250 0.128893
1 0.169375 0.600000 0.301500 1.000000
