1 0.558984 0.988750 0.029062 0.022500
1 0.465625 0.971250 0.041250 0.057500
1 0.396484 0.965625 0.040313 0.068750
1 0.633203 0.923438 0.060937 0.051250
1 0.483984 0.918229 0.040313 0.063750
1 0.548438 0.930625 0.101250 0.138750
1 0.321484 0.897917 0.059062 0.047500
1 0.576953 0.920000 0.100312 0.160000
1 0.502344 0.863542 0.061875 0.045000
1 0.383594 0.857812 0.084375 0.123750
1 0.870156 0.878750 0.259687 0.242500
1 0.611719 0.851562 0.076875 0.141250
1 0.513281 0.758854 0.043125 0.051250
1 0.402344 0.765625 0.039375 0.070000
1 0.458984 0.822396 0.143437 0.271250
1 0.512500 0.696354 0.058125 0.051250
1 0.463281 0.686458 0.043125 0.067500
1 0.644141 0.644792 0.062812 0.045000
1 0.326562 0.561979 0.007500 0.013750
1 0.416016 0.543750 0.038437 0.070000
1 0.605469 0.539062 0.045000 0.066250
1 0.369141 0.660417 0.357187 0.365000
1 0.109375 0.513542 0.060000 0.045000
1 0.600391 0.495312 0.036562 0.071250
1 0.282813 0.440625 0.054375 0.077500
1 0.226562 0.425000 0.048750 0.060000
1 0.395703 0.354167 0.044062 0.025000
1 0.276562 0.339583 0.037500 0.065000
1 0.172656 0.305729 0.054375 0.041250
1 0.511328 0.301042 0.057188 0.047500
1 0.214062 0.343750 0.118125 0.190000
1 0.357031 0.282813 0.039375 0.068750
1 0.486328 0.261979 0.055313 0.041250
1 0.318359 0.328125 0.190312 0.230000
1 0.221094 0.255208 0.039375 0.062500
1 0.327344 0.238542 0.041250 0.065000
1 0.469141 0.213021 0.038437 0.068750
1 0.200391 0.189583 0.040313 0.067500
1 0.277734 0.175000 0.094687 0.067500
1 0.427734 0.400000 0.432187 0.697500
