1 0.530937 0.756453 0.057750 0.040966
1 0.652500 0.755204 0.042000 0.077935
1 0.572812 0.741465 0.056250 0.048959
1 0.554063 0.711907 0.023250 0.019983
1 0.475625 0.723980 0.039000 0.062948
1 0.381250 0.710658 0.037500 0.036969
1 0.515000 0.706911 0.069000 0.043963
1 0.578750 0.701499 0.010500 0.040966
1 0.791562 0.689425 0.057750 0.047960
1 0.551875 0.672773 0.013500 0.011990
1 0.411875 0.694421 0.028500 0.063947
1 0.462813 0.676936 0.026250 0.023980
1 0.383437 0.671524 0.024750 0.014988
1 0.438125 0.684013 0.049500 0.050958
1 0.404687 0.668193 0.020250 0.012989
1 0.479063 0.675271 0.008250 0.031973
1 0.315937 0.676936 0.047250 0.039967
1 0.305937 0.659867 0.020250 0.008993
1 0.291563 0.659034 0.009750 0.012989
1 0.575625 0.666112 0.015000 0.035970
1 0.451250 0.658618 0.004500 0.017985
1 0.276562 0.674022 0.041250 0.054954
1 0.465938 0.656536 0.024750 0.014988
1 0.782500 0.657369 0.010500 0.022981
1 0.602500 0.689842 0.072000 0.102914
1 0.520312 0.669442 0.045750 0.059950
1 0.412187 0.653206 0.008250 0.020983
1 0.356250 0.669026 0.033000 0.064946
1 0.269375 0.641549 0.013500 0.012989
1 0.853125 0.659867 0.057000 0.060949
1 0.334688 0.645296 0.029250 0.027977
1 0.555625 0.633639 0.009000 0.013988
1 0.311563 0.640716 0.012750 0.030974
1 0.643437 0.657785 0.042750 0.075937
1 0.531875 0.634055 0.018000 0.020983
1 0.289687 0.637386 0.012750 0.028976
1 0.536875 0.631973 0.024000 0.029975
1 0.431563 0.625729 0.008250 0.016986
1 0.490938 0.630724 0.011250 0.030974
1 0.790000 0.644879 0.103500 0.078934
1 0.468125 0.618235 0.016500 0.016986
1 0.253437 0.630724 0.056250 0.064946
1 0.644062 0.609492 0.042750 0.019983
1 0.435312 0.601998 0.011250 0.013988
1 0.587812 0.633639 0.084750 0.095920
1 0.495000 0.600749 0.015000 0.018984
1 0.874375 0.609492 0.111000 0.053955
1 0.289375 0.598251 0.027000 0.030974
1 0.543125 0.592839 0.015000 0.023980
1 0.523125 0.583680 0.018000 0.015987
1 0.454062 0.579101 0.017250 0.028976
1 0.607500 0.597002 0.084000 0.075937
1 0.337500 0.572856 0.033000 0.017985
1 0.554063 0.571607 0.038250 0.018984
1 0.414062 0.565362 0.009750 0.015987
1 0.660000 0.578684 0.052500 0.059950
1 0.418438 0.562448 0.012750 0.020983
1 0.804063 0.577852 0.051750 0.061948
1 0.393125 0.557452 0.009000 0.034971
1 0.327813 0.548709 0.011250 0.015987
1 0.812500 0.548709 0.033000 0.035970
1 0.706250 0.556619 0.037500 0.058951
1 0.534687 0.538301 0.021750 0.018984
1 0.438125 0.540383 0.022500 0.023980
1 0.524375 0.551624 0.019500 0.056953
1 0.341250 0.532889 0.016500 0.013988
1 0.305937 0.554954 0.035250 0.072939
1 0.575313 0.547044 0.069750 0.059950
1 0.266875 0.550375 0.039000 0.071940
1 0.493125 0.554122 0.049500 0.086928
1 0.906875 0.542881 0.057000 0.065945
1 0.379688 0.544130 0.045750 0.074938
1 0.505938 0.516653 0.035250 0.020983
1 0.833438 0.550375 0.092250 0.115903
1 0.738125 0.523730 0.036000 0.079933
1 0.425000 0.501249 0.034500 0.029975
1 0.339375 0.513739 0.061500 0.059950
1 0.775000 0.513739 0.051000 0.065945
1 0.290938 0.505828 0.048750 0.048959
1 0.539062 0.504996 0.042750 0.052956
1 0.480000 0.490008 0.016500 0.020983
1 0.703750 0.502082 0.048000 0.065945
1 0.453750 0.484596 0.031500 0.027977
1 0.628125 0.511657 0.142500 0.096919
1 0.363438 0.470441 0.024750 0.023980
1 0.253437 0.482098 0.041250 0.053955
1 0.600625 0.467527 0.040500 0.022981
1 0.808125 0.477935 0.054000 0.049958
1 0.465625 0.465445 0.010500 0.021982
1 0.441875 0.461282 0.040500 0.019983
1 0.742188 0.466278 0.057750 0.039967
1 0.497812 0.469192 0.053250 0.062948
1 0.621250 0.447960 0.013500 0.019983
1 0.651875 0.456703 0.025500 0.044963
1 0.586875 0.452956 0.025500 0.037968
1 0.524375 0.454205 0.114000 0.054954
1 0.712187 0.442132 0.017250 0.027977
1 0.228437 0.445878 0.039750 0.038968
1 0.565937 0.430891 0.014250 0.014988
1 0.589688 0.428809 0.026250 0.017985
1 0.540937 0.435054 0.033750 0.036969
1 0.534062 0.436719 0.042750 0.040966
1 0.612812 0.426311 0.033750 0.023980
1 0.373750 0.465862 0.099000 0.122898
1 0.422500 0.418818 0.013500 0.013988
1 0.412500 0.448793 0.048000 0.089925
1 0.296563 0.435887 0.044250 0.066944
1 0.755625 0.412157 0.024000 0.015987
1 0.796250 0.430475 0.081000 0.061948
1 0.488125 0.408410 0.015000 0.012989
1 0.863437 0.429642 0.050250 0.065945
1 0.705937 0.412989 0.039750 0.025978
1 0.683125 0.422565 0.052500 0.048959
1 0.736563 0.409242 0.015750 0.018984
1 0.426875 0.405079 0.022500 0.010991
1 0.259062 0.428393 0.033750 0.072939
1 0.552188 0.401749 0.020250 0.016986
1 0.462813 0.413822 0.026250 0.047960
1 0.698750 0.396336 0.021000 0.017985
1 0.715625 0.393838 0.015000 0.013988
1 0.615938 0.397169 0.008250 0.021982
1 0.621250 0.394255 0.018000 0.028976
1 0.650625 0.407993 0.022500 0.063947
1 0.326875 0.425062 0.061500 0.104913
1 0.734375 0.389259 0.013500 0.020983
1 0.225000 0.407161 0.040500 0.063947
1 0.754687 0.391341 0.030750 0.027977
1 0.512500 0.395087 0.039000 0.042964
1 0.363438 0.396753 0.048750 0.046961
1 0.402813 0.392590 0.017250 0.038968
1 0.325937 0.393422 0.036750 0.042964
1 0.587812 0.383430 0.011250 0.020983
1 0.563750 0.385512 0.045000 0.025978
1 0.490312 0.383847 0.020250 0.039967
1 0.767813 0.384679 0.021750 0.051957
1 0.513750 0.373022 0.036000 0.023980
1 0.645625 0.370941 0.012000 0.022981
1 0.681875 0.378435 0.057000 0.050958
1 0.569688 0.368027 0.014250 0.025978
1 0.312812 0.364280 0.009750 0.020983
1 0.584688 0.363031 0.017250 0.019983
1 0.659062 0.356786 0.020250 0.014988
1 0.436875 0.394671 0.075000 0.105912
1 0.245312 0.369692 0.053250 0.045962
1 0.384062 0.360533 0.044250 0.041965
1 0.339687 0.357619 0.048750 0.034971
1 0.727500 0.355537 0.046500 0.033972
1 0.520938 0.346794 0.005250 0.020983
1 0.536563 0.344713 0.032250 0.021982
1 0.298125 0.360117 0.039000 0.058951
1 0.626250 0.345545 0.040500 0.033972
1 0.833750 0.349709 0.060000 0.051957
1 0.628437 0.339717 0.038250 0.033972
1 0.574063 0.331807 0.017250 0.014988
1 0.766250 0.342215 0.054000 0.053955
1 0.402187 0.328476 0.050250 0.052956
1 0.468750 0.351374 0.045000 0.109908
1 0.552500 0.314738 0.013500 0.023980
1 0.498750 0.325978 0.037500 0.052956
1 0.357812 0.319317 0.054750 0.038968
1 0.301250 0.313072 0.039000 0.053955
1 0.678438 0.316819 0.041250 0.068943
1 0.534062 0.285595 0.014250 0.007993
1 0.632188 0.301832 0.063750 0.058951
1 0.587500 0.278518 0.030000 0.042964
1 0.315937 0.295171 0.032250 0.086928
1 0.556250 0.271440 0.034500 0.037968
1 0.759687 0.280600 0.050250 0.063947
1 0.509062 0.287261 0.050250 0.085928
1 0.593125 0.252706 0.057000 0.048959
1 0.435937 0.162365 0.051750 0.055953
1 0.350938 0.222315 0.347250 0.444629
