1 0.370000 0.782500 0.072000 0.102000
1 0.563750 0.753750 0.123000 0.081000
1 0.300000 0.685000 0.198000 0.132000
1 0.443750 0.703750 0.207000 0.279000
1 0.608750 0.596250 0.117000 0.069000
1 0.415000 0.558750 0.078000 0.093000
1 0.512500 0.518750 0.024000 0.051000
1 0.266250 0.501250 0.093000 0.057000
1 0.667500 0.492500 0.102000 0.084000
1 0.180000 0.455000 0.054000 0.102000
1 0.577500 0.397500 0.066000 0.102000
1 0.210000 0.385000 0.072000 0.090000
1 0.408750 0.475000 0.381000 0.324000
1 0.090000 0.441250 0.180000 0.249000
1 0.377500 0.352500 0.090000 0.072000
1 0.643750 0.340000 0.081000 0.102000
1 0.143750 0.045000 0.027000 0.048000
1 0.319500 0.220500 0.639000 0.441000
1 0.078750 0.016500 0.087000 0.033000
