1 0.366406 0.905208 0.024375 0.022500
1 0.447266 0.845313 0.019688 0.028750
1 0.427734 0.845833 0.017813 0.037500
1 0.516406 0.839063 0.026250 0.026250
1 0.451562 0.825521 0.043125 0.031250
1 0.417578 0.825521 0.017813 0.036250
1 0.529687 0.757812 0.026250 0.021250
1 0.471094 0.760938 0.020625 0.033750
1 0.535156 0.734896 0.030000 0.023750
1 0.430859 0.736979 0.017813 0.033750
1 0.481250 0.708854 0.018750 0.031250
1 0.421094 0.747917 0.088125 0.125000
1 0.401562 0.696354 0.018750 0.031250
1 0.421875 0.682813 0.028125 0.036250
1 0.472656 0.681771 0.018750 0.051250
1 0.349219 0.665625 0.028125 0.020000
1 0.476172 0.648438 0.012188 0.023750
1 0.416016 0.652083 0.038437 0.037500
1 0.506250 0.699479 0.121875 0.321250
1 0.547266 0.539062 0.030937 0.023750
1 0.508984 0.564583 0.059062 0.085000
1 0.486328 0.530208 0.021562 0.027500
1 0.435156 0.510417 0.016875 0.032500
1 0.477734 0.498958 0.021562 0.020000
1 0.389062 0.459896 0.022500 0.023750
1 0.462891 0.452604 0.027187 0.021250
1 0.441797 0.581771 0.156562 0.393750
1 0.409766 0.416667 0.017813 0.032500
1 0.506641 0.407292 0.025312 0.027500
1 0.435937 0.402604 0.022500 0.028750
1 0.491406 0.419792 0.076875 0.125000
1 0.467187 0.376042 0.018750 0.035000
