1 0.182500 0.980500 0.030000 0.039000
1 0.230000 0.967000 0.078000 0.066000
1 0.572500 0.920000 0.096000 0.060000
1 0.762500 0.833750 0.078000 0.105000
1 0.035000 0.761250 0.066000 0.093000
1 0.022500 0.685000 0.045000 0.078000
1 0.078750 0.581250 0.081000 0.075000
1 0.983500 0.527500 0.033000 0.066000
1 0.906250 0.572500 0.147000 0.186000
1 0.606250 0.522500 0.099000 0.066000
1 0.727500 0.517500 0.060000 0.096000
1 0.082500 0.516250 0.165000 0.135000
1 0.186250 0.498750 0.099000 0.105000
1 0.108750 0.427500 0.099000 0.060000
1 0.907000 0.430000 0.186000 0.156000
1 0.812500 0.400000 0.090000 0.090000
1 0.611250 0.353750 0.081000 0.075000
1 0.888750 0.230000 0.075000 0.096000
1 0.529500 0.508500 1.000000 1.000000
1 0.062500 0.172500 0.096000 0.078000
1 0.801250 0.130000 0.087000 0.078000
1 0.653750 0.091250 0.093000 0.081000
