1 0.547656 0.691146 0.030000 0.031250
1 0.593359 0.675000 0.030937 0.030000
1 0.353906 0.661979 0.030000 0.031250
1 0.556250 0.657813 0.031875 0.023750
1 0.563672 0.635417 0.014063 0.020000
1 0.536719 0.636979 0.018750 0.028750
1 0.616016 0.636458 0.027187 0.040000
1 0.583594 0.625000 0.039375 0.025000
1 0.605078 0.604167 0.012188 0.015000
1 0.450781 0.602604 0.015000 0.018750
1 0.594141 0.598437 0.023438 0.021250
1 0.538672 0.589583 0.012188 0.012500
1 0.483203 0.587500 0.014063 0.020000
1 0.523828 0.594271 0.036562 0.041250
1 0.434375 0.582812 0.013125 0.016250
1 0.602734 0.578125 0.023438 0.015000
1 0.602734 0.565625 0.019688 0.010000
1 0.582031 0.571354 0.026250 0.036250
1 0.505469 0.563542 0.016875 0.022500
1 0.458984 0.573438 0.040313 0.048750
1 0.354297 0.563542 0.032813 0.025000
1 0.296875 0.551042 0.024375 0.030000
1 0.600781 0.545833 0.020625 0.027500
1 0.435156 0.535937 0.016875 0.021250
1 0.375781 0.535937 0.033750 0.041250
1 0.177734 0.534375 0.021562 0.037500
1 0.542188 0.564583 0.110625 0.122500
1 0.547656 0.526042 0.018750 0.037500
1 0.638281 0.519271 0.030000 0.033750
1 0.422266 0.515104 0.019688 0.026250
1 0.612500 0.516667 0.031875 0.042500
1 0.336719 0.504687 0.028125 0.028750
1 0.590234 0.499479 0.021562 0.036250
1 0.428906 0.489063 0.013125 0.013750
1 0.607031 0.488542 0.028125 0.032500
1 0.463672 0.520833 0.074063 0.132500
1 0.506250 0.468750 0.037500 0.025000
1 0.258203 0.478125 0.044062 0.060000
1 0.496094 0.470833 0.058125 0.060000
1 0.484375 0.490625 0.061875 0.142500
1 0.412891 0.435937 0.015938 0.021250
1 0.363281 0.434375 0.035625 0.022500
1 0.389453 0.430208 0.012188 0.015000
1 0.523828 0.466146 0.032813 0.106250
1 0.497656 0.441667 0.026250 0.050000
1 0.410156 0.542188 0.309375 0.291250
1 0.435937 0.446875 0.045000 0.080000
1 0.423828 0.419271 0.015938 0.018750
1 0.271484 0.439583 0.053437 0.067500
1 0.381250 0.405208 0.016875 0.020000
1 0.542188 0.405729 0.022500 0.041250
1 0.483594 0.395833 0.015000 0.027500
1 0.484766 0.392708 0.051562 0.070000
1 0.364453 0.351562 0.023438 0.031250
1 0.428906 0.381771 0.127500 0.106250
1 0.360547 0.389583 0.167812 0.147500
1 0.331641 0.343750 0.051562 0.062500
