1 0.342578 0.890104 0.019688 0.028750
1 0.100781 0.871875 0.201563 0.256250
1 0.339453 0.789583 0.023438 0.030000
1 0.359766 0.786979 0.023438 0.028750
1 0.328906 0.769271 0.015000 0.033750
1 0.494141 0.761458 0.019688 0.030000
1 0.337500 0.751563 0.035625 0.043750
1 0.444141 0.724479 0.017813 0.033750
1 0.402734 0.717708 0.023438 0.025000
1 0.398438 0.745833 0.093750 0.100000
1 0.365234 0.691667 0.027187 0.025000
1 0.440234 0.693750 0.027187 0.032500
1 0.290234 0.691146 0.025312 0.026250
1 0.298438 0.676562 0.037500 0.048750
1 0.389062 0.650000 0.015000 0.035000
1 0.328906 0.629687 0.016875 0.031250
1 0.415625 0.634896 0.045000 0.063750
1 0.592969 0.590625 0.016875 0.030000
1 0.604297 0.541667 0.023438 0.022500
1 0.797031 0.715625 0.405938 0.568750
1 0.491016 0.534375 0.014063 0.032500
1 0.445312 0.527604 0.020625 0.023750
1 0.514844 0.520833 0.022500 0.020000
1 0.460938 0.535937 0.054375 0.076250
1 0.537500 0.542708 0.120000 0.100000
1 0.433203 0.613021 0.315937 0.268750
1 0.596094 0.507812 0.026250 0.021250
1 0.552734 0.510938 0.015938 0.031250
1 0.455078 0.510938 0.015938 0.036250
1 0.446875 0.474479 0.022500 0.033750
1 0.533594 0.471875 0.056250 0.047500
1 0.592969 0.456771 0.028125 0.023750
1 0.523047 0.451042 0.025312 0.020000
1 0.572266 0.466146 0.038437 0.086250
1 0.551953 0.435937 0.015938 0.033750
1 0.899219 0.128125 0.201563 0.256250
1 0.202969 0.284375 0.405938 0.568750
