1 0.606641 0.719792 0.023438 0.025000
1 0.526563 0.637500 0.016875 0.035000
1 0.552734 0.632812 0.030937 0.061250
1 0.523828 0.613021 0.042188 0.033750
1 0.470703 0.599479 0.072187 0.058750
1 0.512109 0.573958 0.019688 0.032500
1 0.585938 0.568750 0.020625 0.025000
1 0.505469 0.545833 0.018750 0.035000
1 0.447656 0.529167 0.022500 0.025000
1 0.547656 0.530208 0.016875 0.037500
1 0.580078 0.493750 0.015938 0.040000
1 0.494922 0.492708 0.030937 0.037500
1 0.505078 0.501563 0.032813 0.068750
1 0.640234 0.471354 0.021562 0.033750
1 0.557422 0.472917 0.023438 0.045000
1 0.504297 0.428125 0.015938 0.035000
1 0.481641 0.425000 0.017813 0.027500
1 0.489453 0.413021 0.015938 0.023750
1 0.471094 0.360938 0.013125 0.018750
1 0.469141 0.460938 0.107813 0.288750
1 0.515625 0.305208 0.016875 0.040000
1 0.432031 0.289583 0.028125 0.027500
1 0.475391 0.321875 0.070312 0.110000
1 0.544141 0.427083 0.169687 0.407500
1 0.552344 0.272917 0.016875 0.040000
1 0.505469 0.254167 0.022500 0.025000
1 0.608203 0.214062 0.023438 0.033750
1 0.523828 0.197396 0.027187 0.028750
1 0.551953 0.221875 0.098437 0.170000
1 0.474609 0.182812 0.040313 0.081250
1 0.585938 0.156771 0.018750 0.043750
1 0.475781 0.134896 0.026250 0.033750
1 0.556641 0.135417 0.021562 0.037500
1 0.508594 0.136979 0.045000 0.118750
1 0.520703 0.096354 0.019688 0.046250
1 0.532500 0.549375 1.000000 1.000000
