1 0.599084 0.662188 0.040966 0.020250
1 0.667361 0.651250 0.042964 0.018000
1 0.294338 0.644062 0.040966 0.020250
1 0.612406 0.640312 0.044963 0.015750
1 0.540383 0.633437 0.029975 0.029250
1 0.701499 0.626250 0.034971 0.024000
1 0.599500 0.624062 0.069942 0.026250
1 0.445046 0.610313 0.016986 0.012750
1 0.673605 0.603125 0.043963 0.016500
1 0.400083 0.608437 0.086928 0.030750
1 0.626561 0.609375 0.118901 0.037500
1 0.754371 0.599375 0.043963 0.024000
1 0.555787 0.596250 0.042964 0.019500
1 0.688177 0.585313 0.048959 0.017250
1 0.388843 0.585938 0.057952 0.020250
1 0.649459 0.583750 0.037968 0.022500
1 0.477102 0.578438 0.015987 0.011250
1 0.490008 0.608437 0.186844 0.086250
1 0.292256 0.577812 0.047960 0.017250
1 0.474188 0.568125 0.022981 0.015000
1 0.421732 0.565000 0.018984 0.009000
1 0.684430 0.567500 0.043963 0.018000
1 0.198585 0.568750 0.034971 0.021000
1 0.592839 0.580313 0.111907 0.051750
1 0.245212 0.558125 0.028976 0.012000
1 0.325562 0.559063 0.049958 0.027750
1 0.502914 0.551562 0.015987 0.012750
1 0.381765 0.570312 0.112906 0.057750
1 0.536220 0.552813 0.047960 0.017250
1 0.370525 0.554688 0.027977 0.021750
1 0.011490 0.556250 0.022981 0.025500
1 0.596170 0.554063 0.025978 0.024750
1 0.475021 0.577187 0.148876 0.084750
1 0.734388 0.550000 0.039967 0.021000
1 0.211907 0.550937 0.088926 0.027750
1 0.399251 0.537813 0.032973 0.015750
1 0.260616 0.537500 0.043963 0.019500
1 0.559950 0.536250 0.042964 0.018000
1 0.354704 0.538750 0.053955 0.025500
1 0.681515 0.542813 0.078934 0.039750
1 0.493339 0.534062 0.026978 0.023250
1 0.436303 0.534687 0.037968 0.026250
1 0.410908 0.531875 0.022981 0.019500
1 0.191507 0.534062 0.033972 0.026250
1 0.686928 0.529375 0.039967 0.022500
1 0.142381 0.527188 0.045962 0.020250
1 0.366778 0.524062 0.026978 0.017250
1 0.457952 0.528750 0.069942 0.039000
1 0.230225 0.520938 0.072939 0.030750
1 0.399667 0.514375 0.037968 0.016500
1 0.506245 0.512813 0.069942 0.021750
1 0.210658 0.511875 0.035970 0.024000
1 0.123647 0.509375 0.048959 0.019500
1 0.398002 0.503125 0.021982 0.009000
1 0.551624 0.515000 0.056953 0.040500
1 0.459201 0.503125 0.044963 0.021000
1 0.489592 0.496875 0.027977 0.012000
1 0.431307 0.500000 0.047960 0.024000
1 0.314738 0.495000 0.031973 0.015000
1 0.344713 0.492812 0.011990 0.011250
1 0.412157 0.491250 0.033972 0.016500
1 0.136137 0.490312 0.046961 0.015750
1 0.553705 0.493750 0.035970 0.025500
1 0.303081 0.512188 0.097918 0.069750
1 0.515404 0.496250 0.041965 0.033000
1 0.338468 0.483438 0.026978 0.009750
1 0.257702 0.489375 0.038968 0.024000
1 0.220233 0.490000 0.034971 0.025500
1 0.318068 0.482500 0.019983 0.009000
1 0.440050 0.481875 0.018984 0.013500
1 0.169858 0.491875 0.041965 0.045000
1 0.360117 0.472187 0.012989 0.015750
1 0.586595 0.472500 0.030974 0.027000
1 0.435054 0.470000 0.108909 0.030000
1 0.401332 0.458750 0.011990 0.007500
1 0.489176 0.475000 0.092923 0.049500
1 0.482098 0.449375 0.047960 0.016500
1 0.393006 0.447500 0.027977 0.013500
1 0.265196 0.457188 0.178851 0.054750
1 0.421732 0.445312 0.032973 0.027750
1 0.370941 0.463438 0.086928 0.077250
1 0.221066 0.437188 0.044963 0.017250
1 0.335137 0.435312 0.032973 0.027750
1 0.300583 0.432500 0.033972 0.021000
1 0.262698 0.427187 0.040966 0.023250
1 0.195670 0.426250 0.031973 0.027000
1 0.228143 0.419063 0.033972 0.024750
1 0.572523 0.502875 1.000000 1.000000
