1 0.513672 0.766667 0.064687 0.045000
1 0.548438 0.746875 0.061875 0.052500
1 0.246094 0.738021 0.056250 0.053750
1 0.646484 0.745833 0.040313 0.085000
1 0.330859 0.743229 0.040313 0.083750
1 0.292187 0.734896 0.039375 0.068750
1 0.192969 0.699479 0.026250 0.026250
1 0.198828 0.716146 0.126562 0.126250
1 0.358594 0.604688 0.016875 0.026250
1 0.231641 0.643750 0.141562 0.167500
1 0.862109 0.585417 0.051562 0.072500
1 0.376563 0.579688 0.056250 0.066250
1 0.335156 0.578125 0.037500 0.080000
1 0.794922 0.594271 0.113437 0.131250
1 0.263281 0.552083 0.054375 0.060000
1 0.642969 0.545833 0.054375 0.062500
1 0.379688 0.534375 0.095625 0.045000
1 0.218750 0.534896 0.048750 0.066250
1 0.692578 0.510417 0.036562 0.070000
1 0.492188 0.494792 0.056250 0.065000
1 0.620703 0.485938 0.062812 0.051250
1 0.158984 0.501563 0.049687 0.136250
1 0.837109 0.467187 0.104062 0.086250
1 0.912109 0.441667 0.066562 0.060000
1 0.771484 0.444792 0.044062 0.077500
1 0.287891 0.493750 0.209062 0.220000
1 0.283594 0.411979 0.056250 0.053750
1 0.810156 0.395833 0.058125 0.050000
1 0.141016 0.390104 0.057188 0.053750
1 0.201563 0.388542 0.046875 0.070000
1 0.662109 0.365625 0.059062 0.052500
1 0.368750 0.374479 0.067500 0.076250
1 0.727344 0.403125 0.221250 0.205000
1 0.539062 0.334896 0.050625 0.058750
1 0.855469 0.336458 0.052500 0.067500
1 0.267578 0.345833 0.182812 0.102500
1 0.492188 0.322917 0.041250 0.050000
1 0.337109 0.303646 0.059062 0.048750
1 0.221875 0.293229 0.039375 0.066250
1 0.552734 0.247396 0.017813 0.018750
1 0.730078 0.280729 0.102187 0.113750
1 0.823047 0.247396 0.060937 0.056250
1 0.447266 0.483854 0.570937 0.731250
1 0.741797 0.184896 0.049687 0.068750
1 0.367578 0.108854 0.049687 0.071250
