1 0.108750 0.762281 0.078000 0.078934
1 0.154375 0.768526 0.079500 0.097918
1 0.208125 0.711074 0.033000 0.061948
1 0.240000 0.712323 0.039000 0.070941
1 0.261562 0.687760 0.041250 0.061948
1 0.084062 0.680266 0.050250 0.051957
1 0.086625 0.788676 0.173250 0.422648
1 0.122813 0.656120 0.042750 0.059950
1 0.331875 0.659450 0.040500 0.071940
1 0.397500 0.646128 0.057000 0.043963
1 0.018000 0.626561 0.036000 0.040966
1 0.049375 0.634055 0.033000 0.064946
1 0.089688 0.624480 0.041250 0.059950
1 0.007125 0.584513 0.014250 0.027977
1 0.204063 0.587011 0.012750 0.039967
1 0.037187 0.585762 0.038250 0.060949
1 0.417812 0.579933 0.087750 0.082931
1 0.072500 0.564113 0.055500 0.046961
1 0.015750 0.544546 0.031500 0.045962
1 0.507812 0.544546 0.056250 0.055953
1 0.130938 0.529975 0.092250 0.064946
1 0.249062 0.488759 0.026250 0.019983
1 0.281562 0.488343 0.050250 0.044963
1 0.123125 0.471690 0.046500 0.052956
1 0.038437 0.451291 0.051750 0.037968
1 0.470313 0.465029 0.035250 0.084929
1 0.430312 0.435887 0.095250 0.080933
1 0.076563 0.462948 0.096750 0.151873
1 0.319375 0.426728 0.045000 0.068943
1 0.352812 0.441715 0.105750 0.110908
1 0.042188 0.415071 0.041250 0.050958
1 0.456250 0.385512 0.060000 0.043963
1 0.294375 0.548709 0.441000 0.437635
1 0.614688 0.371774 0.051750 0.062948
1 0.446875 0.324313 0.055500 0.048959
1 0.495000 0.325562 0.034500 0.065945
1 0.598750 0.335137 0.082500 0.130891
1 0.665000 0.296003 0.064500 0.046961
1 0.328125 0.299750 0.060000 0.079933
1 0.310312 0.338052 0.308250 0.191840
1 0.490625 0.274355 0.097500 0.072939
1 0.610938 0.263114 0.111750 0.055953
1 0.631563 0.233972 0.066750 0.037968
1 0.544063 0.234804 0.060750 0.045962
1 0.489375 0.205246 0.010500 0.008993
1 0.587187 0.217319 0.062250 0.053955
1 0.110312 0.212739 0.056250 0.042964
1 0.684688 0.221898 0.059250 0.070941
1 0.494063 0.218984 0.050250 0.065945
1 0.561875 0.182348 0.055500 0.047960
1 0.311563 0.223980 0.261750 0.205828
1 0.675937 0.155704 0.047250 0.083930
1 0.390313 0.149042 0.041250 0.079933
1 0.482500 0.168193 0.217500 0.211823
1 0.597187 0.094088 0.044250 0.077935
1 0.453125 0.051207 0.058500 0.050958
1 0.543750 0.044963 0.058500 0.055953
1 0.670000 0.600000 0.660000 1.000000
1 0.110250 0.070441 0.220500 0.140883
