1 0.803164 0.832000 0.393672 0.336000
1 0.472523 0.695000 0.034971 0.031500
1 0.546628 0.688438 0.046961 0.026250
1 0.421316 0.674375 0.031973 0.036000
1 0.345545 0.657500 0.033972 0.039000
1 0.574521 0.634687 0.033972 0.039750
1 0.395504 0.618750 0.049958 0.025500
1 0.429226 0.607812 0.048959 0.024750
1 0.356370 0.616875 0.111907 0.069000
1 0.319317 0.591875 0.048959 0.024000
1 0.529559 0.594375 0.033972 0.033000
1 0.815154 0.572500 0.047960 0.024000
1 0.474604 0.610313 0.153872 0.152250
1 0.449625 0.553750 0.027977 0.034500
1 0.345212 0.722500 0.690425 0.555000
1 0.359700 0.566250 0.061948 0.070500
1 0.507494 0.532500 0.042964 0.027000
1 0.668193 0.537188 0.074938 0.042750
1 0.534555 0.521250 0.011990 0.019500
1 0.469609 0.520938 0.049958 0.020250
1 0.679850 0.503437 0.026978 0.012750
1 0.753955 0.487812 0.048959 0.024750
1 0.490008 0.480625 0.046961 0.024000
1 0.582015 0.480938 0.031973 0.042750
1 0.708993 0.475625 0.050958 0.039000
1 0.555371 0.474375 0.053955 0.046500
1 0.618235 0.540000 0.242798 0.207000
1 0.453372 0.481875 0.088926 0.067500
1 0.661116 0.460000 0.061948 0.034500
1 0.485845 0.457813 0.086928 0.035250
1 0.831807 0.450625 0.043963 0.024000
1 0.767277 0.458437 0.084929 0.042750
1 0.475437 0.445312 0.009992 0.011250
1 0.524147 0.448750 0.036969 0.021000
1 0.388426 0.448750 0.046961 0.030000
1 0.634888 0.446250 0.030974 0.025500
1 0.606162 0.445937 0.057952 0.027750
1 0.536636 0.445937 0.036969 0.027750
1 0.514155 0.434063 0.014988 0.008250
1 0.539967 0.429063 0.028976 0.015750
1 0.828060 0.429063 0.046961 0.020250
1 0.786012 0.429063 0.047960 0.026250
1 0.744380 0.429063 0.035970 0.032250
1 0.507077 0.437500 0.047960 0.052500
1 0.600749 0.415938 0.022981 0.006750
1 0.607410 0.427500 0.130891 0.042000
1 0.535387 0.415625 0.029975 0.019500
1 0.587427 0.411875 0.006994 0.012000
1 0.461282 0.420312 0.075937 0.044250
1 0.672356 0.422187 0.126894 0.071250
1 0.760200 0.401250 0.083930 0.028500
1 0.810158 0.403438 0.031973 0.038250
1 0.658201 0.393750 0.044963 0.015000
1 0.532057 0.402500 0.125895 0.052500
1 0.582848 0.394688 0.059950 0.041250
1 0.463364 0.387500 0.040966 0.028500
1 0.680266 0.383750 0.045962 0.030000
1 0.771857 0.380937 0.047960 0.026250
1 0.543297 0.373125 0.018984 0.016500
1 0.845962 0.379688 0.035970 0.033750
1 0.989009 0.373437 0.021982 0.027750
1 0.601582 0.363125 0.022981 0.015000
1 0.706078 0.370312 0.033972 0.036750
1 0.516653 0.365312 0.044963 0.033750
1 0.740216 0.359063 0.031973 0.038250
1 0.801832 0.354063 0.045962 0.027750
1 0.850125 0.351562 0.043963 0.029250
1 0.560783 0.352187 0.072939 0.062250
1 0.819734 0.333437 0.048959 0.020250
1 0.778518 0.335625 0.027977 0.036000
1 0.585346 0.325313 0.041965 0.035250
1 0.616153 0.311250 0.043963 0.024000
1 0.669026 0.337813 0.190841 0.141750
1 0.703580 0.271875 0.033972 0.034500
1 0.684013 0.278438 0.066944 0.053250
1 0.869109 0.105000 0.261782 0.210000
1 0.177352 0.151500 0.354704 0.303000
