1 0.496875 0.995625 0.018750 0.008750
1 0.698438 0.993750 0.016875 0.012500
1 0.956250 0.991250 0.015000 0.017500
1 0.948047 0.991250 0.014063 0.017500
1 0.814844 0.991250 0.037500 0.017500
1 0.767969 0.991250 0.013125 0.017500
1 0.103906 0.991250 0.016875 0.017500
1 0.089063 0.991250 0.013125 0.017500
1 0.116797 0.990625 0.012188 0.018750
1 0.067187 0.990625 0.013125 0.018750
1 0.431250 0.990625 0.013125 0.017500
1 0.990234 0.988542 0.012188 0.015000
1 0.741016 0.989375 0.019688 0.021250
1 0.608984 0.989583 0.019688 0.017500
1 0.419531 0.986458 0.013125 0.012500
1 0.337500 0.988750 0.018750 0.022500
1 0.482031 0.988542 0.013125 0.020000
1 0.834375 0.984896 0.013125 0.013750
1 0.792188 0.987500 0.011250 0.025000
1 0.270703 0.986458 0.019688 0.022500
1 0.355469 0.985625 0.015000 0.028750
1 0.080469 0.985938 0.020625 0.023750
1 0.931641 0.984375 0.012188 0.031250
1 0.029297 0.984375 0.014063 0.031250
1 0.973047 0.983750 0.019688 0.032500
1 0.777734 0.983854 0.021562 0.028750
1 0.319922 0.980208 0.017813 0.020000
1 0.286719 0.979688 0.024375 0.023750
1 0.096484 0.977604 0.012188 0.018750
1 0.495703 0.978646 0.010312 0.028750
1 0.198437 0.980000 0.069375 0.040000
1 0.336328 0.975000 0.017813 0.022500
1 0.014063 0.979375 0.028125 0.041250
1 0.953516 0.974479 0.014063 0.023750
1 0.201953 0.972917 0.014063 0.022500
1 0.363672 0.979375 0.057188 0.041250
1 0.520312 0.976875 0.063750 0.046250
1 0.133594 0.973437 0.020625 0.028750
1 0.846875 0.977604 0.035625 0.041250
1 0.614453 0.968229 0.012188 0.023750
1 0.571484 0.975000 0.053437 0.050000
1 0.106250 0.967708 0.011250 0.022500
1 0.921484 0.963021 0.010312 0.013750
1 0.798828 0.970313 0.040313 0.033750
1 0.912891 0.972917 0.040313 0.042500
1 0.671875 0.973125 0.065625 0.053750
1 0.980469 0.966667 0.020625 0.030000
1 0.934375 0.961979 0.016875 0.018750
1 0.293750 0.963021 0.009375 0.026250
1 0.951953 0.957292 0.017813 0.015000
1 0.965625 0.966146 0.024375 0.038750
1 0.872656 0.970000 0.060000 0.060000
1 0.250000 0.970000 0.067500 0.060000
1 0.808984 0.957292 0.017813 0.020000
1 0.072266 0.956250 0.027187 0.017500
1 0.783594 0.956771 0.016875 0.021250
1 0.284766 0.953646 0.017813 0.013750
1 0.988750 0.953646 0.022500 0.016250
1 0.419922 0.964063 0.027187 0.041250
1 0.271094 0.952604 0.009375 0.013750
1 0.181641 0.961458 0.029062 0.035000
1 0.604688 0.953646 0.013125 0.018750
1 0.029297 0.958854 0.014063 0.033750
1 0.530469 0.952604 0.022500 0.026250
1 0.011250 0.950521 0.022500 0.021250
1 0.816016 0.950000 0.017813 0.025000
1 0.522266 0.960417 0.045937 0.050000
1 0.925000 0.947396 0.030000 0.021250
1 0.402734 0.950521 0.023438 0.028750
1 0.303906 0.963125 0.054375 0.073750
1 0.159375 0.943750 0.018750 0.012500
1 0.097266 0.948438 0.025312 0.028750
1 0.054297 0.964375 0.040313 0.071250
1 0.826562 0.945312 0.024375 0.023750
1 0.723047 0.960625 0.060937 0.078750
1 0.570703 0.943229 0.014063 0.021250
1 0.702734 0.941667 0.014063 0.020000
1 0.250391 0.949479 0.021562 0.038750
1 0.050000 0.940104 0.009375 0.016250
1 0.867969 0.948958 0.018750 0.040000
1 0.883203 0.945833 0.014063 0.035000
1 0.685937 0.944792 0.030000 0.032500
1 0.173047 0.946875 0.030937 0.037500
1 0.518750 0.938021 0.018750 0.023750
1 0.851172 0.951562 0.029062 0.058750
1 0.442188 0.939063 0.035625 0.028750
1 0.074609 0.937500 0.021562 0.025000
1 0.901953 0.941146 0.019688 0.036250
1 0.408984 0.931771 0.014063 0.013750
1 0.198437 0.935417 0.013125 0.022500
1 0.839844 0.931771 0.013125 0.018750
1 0.587500 0.934896 0.030000 0.026250
1 0.970703 0.936979 0.025312 0.033750
1 0.890234 0.930208 0.008437 0.020000
1 0.791016 0.926042 0.017813 0.010000
1 0.240625 0.933854 0.016875 0.028750
1 0.185938 0.930208 0.016875 0.020000
1 0.621484 0.937500 0.019688 0.040000
1 0.696484 0.927083 0.029062 0.020000
1 0.978906 0.925000 0.018750 0.020000
1 0.498047 0.924479 0.015938 0.018750
1 0.934766 0.925000 0.021562 0.022500
1 0.864844 0.922396 0.015000 0.016250
1 0.058984 0.926042 0.008437 0.027500
1 0.946094 0.932813 0.026250 0.046250
1 0.462891 0.948125 0.092812 0.103750
1 0.428125 0.921875 0.035625 0.020000
1 0.716016 0.922917 0.019688 0.025000
1 0.043750 0.916667 0.022500 0.015000
1 0.885938 0.919792 0.018750 0.027500
1 0.521094 0.921354 0.041250 0.036250
1 0.787500 0.914062 0.020625 0.021250
1 0.383984 0.910417 0.017813 0.012500
1 0.382031 0.943125 0.086250 0.113750
1 0.027656 0.926562 0.055313 0.051250
1 0.970703 0.913021 0.010312 0.021250
1 0.068750 0.914583 0.043125 0.025000
1 0.982031 0.909896 0.015000 0.018750
1 0.859766 0.906250 0.014063 0.010000
1 0.652344 0.906771 0.009375 0.011250
1 0.600781 0.921354 0.037500 0.051250
1 0.872266 0.909896 0.010312 0.026250
1 0.298828 0.905729 0.017813 0.016250
1 0.892188 0.903646 0.013125 0.013750
1 0.148047 0.902604 0.015938 0.011250
1 0.355469 0.902604 0.005625 0.016250
1 0.343359 0.918229 0.040313 0.053750
1 0.789062 0.902604 0.013125 0.018750
1 0.742969 0.900521 0.013125 0.013750
1 0.046484 0.904167 0.017813 0.022500
1 0.952734 0.904687 0.034687 0.026250
1 0.618359 0.917188 0.014063 0.056250
1 0.937109 0.899479 0.027187 0.016250
1 0.858594 0.896875 0.020625 0.010000
1 0.797656 0.903125 0.009375 0.025000
1 0.501563 0.904687 0.026250 0.031250
1 0.841797 0.896354 0.019688 0.016250
1 0.295312 0.925521 0.121875 0.086250
1 0.903516 0.894271 0.017813 0.013750
1 0.111719 0.904167 0.016875 0.037500
1 0.635547 0.896354 0.019688 0.021250
1 0.812109 0.916146 0.064687 0.071250
1 0.026172 0.893750 0.014063 0.017500
1 0.966016 0.889583 0.010312 0.012500
1 0.561719 0.892188 0.015000 0.018750
1 0.340234 0.890104 0.014063 0.016250
1 0.879687 0.886979 0.009375 0.013750
1 0.608203 0.892188 0.008437 0.026250
1 0.133203 0.916146 0.045937 0.083750
1 0.858984 0.883854 0.010312 0.013750
1 0.144922 0.885938 0.008437 0.018750
1 0.491406 0.890104 0.031875 0.031250
1 0.378906 0.890104 0.024375 0.031250
1 0.983125 0.892708 0.033750 0.040000
1 0.869531 0.885417 0.013125 0.022500
1 0.201563 0.885938 0.007500 0.023750
1 0.028125 0.881771 0.015000 0.013750
1 0.568359 0.926562 0.083437 0.126250
1 0.921094 0.884896 0.028125 0.033750
1 0.604297 0.877083 0.012188 0.015000
1 0.593359 0.885417 0.019688 0.035000
1 0.628516 0.880208 0.029062 0.025000
1 0.466406 0.896875 0.028125 0.065000
1 0.391016 0.876563 0.008437 0.016250
1 0.363281 0.882292 0.022500 0.030000
1 0.714063 0.878646 0.013125 0.026250
1 0.123438 0.875521 0.020625 0.018750
1 0.086328 0.884896 0.066562 0.048750
1 0.380859 0.872396 0.010312 0.021250
1 0.443359 0.875521 0.021562 0.031250
1 0.837500 0.880729 0.033750 0.046250
1 0.568359 0.867188 0.027187 0.013750
1 0.861328 0.867708 0.017813 0.017500
1 0.483984 0.870313 0.027187 0.023750
1 0.424609 0.903646 0.094687 0.106250
1 0.985938 0.868750 0.020625 0.025000
1 0.174219 0.864583 0.013125 0.017500
1 0.884766 0.866146 0.015938 0.023750
1 0.306641 0.875521 0.077812 0.046250
1 0.624219 0.866667 0.052500 0.027500
1 0.918750 0.874479 0.078750 0.048750
1 0.331250 0.856771 0.015000 0.011250
1 0.085938 0.857812 0.011250 0.018750
1 0.357422 0.868229 0.044062 0.048750
1 0.930469 0.851042 0.022500 0.015000
1 0.301563 0.852604 0.009375 0.021250
1 0.956641 0.850000 0.012188 0.017500
1 0.455859 0.857812 0.038437 0.036250
1 0.697656 0.852604 0.022500 0.028750
1 0.505078 0.855208 0.015938 0.035000
1 0.484766 0.848958 0.023438 0.020000
1 0.874609 0.848958 0.042188 0.022500
1 0.826172 0.843229 0.012188 0.008750
1 0.442969 0.847396 0.016875 0.018750
1 0.313672 0.848437 0.010312 0.021250
1 0.849609 0.847396 0.015938 0.021250
1 0.104062 0.906250 0.208125 0.187500
1 0.566797 0.851562 0.010312 0.033750
1 0.772656 0.856250 0.037500 0.047500
1 0.585547 0.854688 0.038437 0.043750
1 0.910547 0.850000 0.027187 0.035000
1 0.754297 0.870833 0.049687 0.087500
1 0.325391 0.845833 0.014063 0.027500
1 0.712891 0.842187 0.025312 0.021250
1 0.393359 0.839583 0.012188 0.020000
1 0.606641 0.842708 0.023438 0.032500
1 0.033984 0.845313 0.023438 0.038750
1 0.728125 0.856771 0.035625 0.068750
1 0.422656 0.833854 0.020625 0.013750
1 0.146094 0.830208 0.011250 0.015000
1 0.244531 0.831250 0.016875 0.020000
1 0.175781 0.828125 0.007500 0.012500
1 0.435937 0.831771 0.013125 0.023750
1 0.656250 0.830729 0.020625 0.023750
1 0.110156 0.846354 0.082500 0.061250
1 0.649219 0.848437 0.033750 0.068750
1 0.475391 0.829688 0.012188 0.023750
1 0.341797 0.825521 0.010312 0.013750
1 0.060156 0.846875 0.046875 0.065000
1 0.970313 0.823958 0.011250 0.012500
1 0.843359 0.837500 0.032813 0.047500
1 0.406641 0.843750 0.077812 0.062500
1 0.323437 0.824479 0.016875 0.016250
1 0.904687 0.821875 0.020625 0.015000
1 0.033984 0.820833 0.012188 0.012500
1 0.772656 0.897500 0.131250 0.205000
1 0.237500 0.822917 0.011250 0.020000
1 0.937891 0.831771 0.038437 0.043750
1 0.738281 0.822917 0.013125 0.022500
1 0.625000 0.835938 0.024375 0.053750
1 0.382031 0.828646 0.026250 0.038750
1 0.885938 0.819792 0.013125 0.025000
1 0.144922 0.816667 0.021562 0.022500
1 0.944141 0.815625 0.021562 0.022500
1 0.869141 0.815625 0.021562 0.022500
1 0.775391 0.818750 0.014063 0.032500
1 0.840625 0.817708 0.031875 0.032500
1 0.428906 0.811979 0.024375 0.018750
1 0.732812 0.806771 0.011250 0.008750
1 0.522656 0.856250 0.093750 0.127500
1 0.218359 0.810417 0.008437 0.017500
1 0.062109 0.816667 0.023438 0.032500
1 0.639062 0.811458 0.028125 0.022500
1 0.098047 0.811979 0.019688 0.023750
1 0.668750 0.805208 0.009375 0.012500
1 0.908203 0.807813 0.025312 0.021250
1 0.845313 0.802083 0.015000 0.012500
1 0.118750 0.810417 0.035625 0.032500
1 0.721484 0.814063 0.021562 0.043750
1 0.710547 0.806250 0.021562 0.030000
1 0.955859 0.802604 0.019688 0.033750
1 0.896875 0.792188 0.011250 0.008750
1 0.754297 0.813021 0.038437 0.061250
1 0.082812 0.810937 0.024375 0.056250
1 0.862891 0.797917 0.021562 0.027500
1 0.673828 0.792708 0.014063 0.015000
1 0.882812 0.797917 0.026250 0.032500
1 0.968594 0.834375 0.062812 0.122500
1 0.359375 0.815625 0.030000 0.080000
1 0.919141 0.790104 0.019688 0.021250
1 0.588281 0.810417 0.039375 0.072500
1 0.665625 0.867500 0.112500 0.265000
1 0.135156 0.792708 0.011250 0.032500
1 0.991406 0.783854 0.011250 0.016250
1 0.392969 0.803125 0.052500 0.065000
1 0.887109 0.776563 0.012188 0.011250
1 0.853125 0.785417 0.028125 0.032500
1 0.792969 0.817187 0.045000 0.108750
1 0.544531 0.779167 0.015000 0.017500
1 0.903906 0.776042 0.015000 0.017500
1 0.742578 0.784375 0.029062 0.037500
1 0.869922 0.775000 0.012188 0.020000
1 0.580469 0.777083 0.020625 0.025000
1 0.593750 0.776042 0.016875 0.025000
1 0.950000 0.774479 0.031875 0.023750
1 0.265234 0.773438 0.023438 0.023750
1 0.065625 0.788021 0.033750 0.063750
1 0.939844 0.764583 0.018750 0.012500
1 0.070703 0.772396 0.012188 0.031250
1 0.758594 0.767708 0.024375 0.022500
1 0.586719 0.763542 0.013125 0.012500
1 0.049609 0.766667 0.012188 0.020000
1 0.883203 0.764583 0.023438 0.017500
1 0.541797 0.796875 0.102187 0.102500
1 0.092188 0.764062 0.015000 0.023750
1 0.513672 0.761458 0.010312 0.020000
1 0.278906 0.765104 0.033750 0.031250
1 0.207813 0.858333 0.151875 0.257500
1 0.108203 0.776042 0.045937 0.060000
1 0.976562 0.755729 0.009375 0.013750
1 0.210547 0.764062 0.025312 0.033750
1 0.057031 0.754687 0.013125 0.011250
1 0.895703 0.753646 0.015938 0.013750
1 0.019219 0.771354 0.038437 0.056250
1 0.819531 0.753125 0.024375 0.015000
1 0.870313 0.755208 0.026250 0.027500
1 0.906641 0.751563 0.008437 0.021250
1 0.415625 0.758854 0.020625 0.041250
1 0.127344 0.754167 0.015000 0.030000
1 0.942969 0.750521 0.013125 0.023750
1 0.992578 0.752604 0.014063 0.033750
1 0.973437 0.754167 0.030000 0.040000
1 0.887891 0.742188 0.014063 0.011250
1 0.917188 0.748437 0.009375 0.028750
1 0.787891 0.764583 0.074063 0.072500
1 0.785156 0.741667 0.016875 0.020000
1 0.841797 0.738542 0.008437 0.017500
1 0.149609 0.769792 0.059062 0.092500
1 0.991016 0.734896 0.017813 0.016250
1 0.866406 0.734375 0.011250 0.015000
1 0.112109 0.744271 0.029062 0.038750
1 0.539844 0.748437 0.037500 0.053750
1 0.953906 0.731771 0.015000 0.021250
1 0.183984 0.739583 0.023438 0.040000
1 0.084766 0.755208 0.045937 0.077500
1 0.933203 0.739583 0.029062 0.042500
1 0.885938 0.729167 0.011250 0.020000
1 0.068750 0.728125 0.009375 0.017500
1 0.542578 0.721354 0.012188 0.013750
1 0.971484 0.727083 0.021562 0.030000
1 0.491406 0.726042 0.028125 0.027500
1 0.587500 0.736458 0.043125 0.057500
1 0.507422 0.757292 0.055313 0.107500
1 0.125781 0.724479 0.016875 0.028750
1 0.751172 0.720313 0.015938 0.026250
1 0.564844 0.726562 0.037500 0.041250
1 0.955859 0.713021 0.015938 0.011250
1 0.588281 0.717187 0.024375 0.021250
1 0.946875 0.715625 0.013125 0.022500
1 0.744922 0.713542 0.015938 0.020000
1 0.692578 0.712500 0.010312 0.020000
1 0.829297 0.723958 0.042188 0.052500
1 0.007500 0.712500 0.015000 0.025000
1 0.808203 0.716667 0.014063 0.042500
1 0.376172 0.713021 0.012188 0.033750
1 0.919922 0.719792 0.029062 0.052500
1 0.332813 0.709896 0.018750 0.031250
1 0.085938 0.704167 0.013125 0.017500
1 0.964453 0.704688 0.019688 0.021250
1 0.602734 0.697396 0.014063 0.011250
1 0.040781 0.766667 0.081562 0.177500
1 0.108203 0.708854 0.042188 0.041250
1 0.044141 0.696875 0.012188 0.012500
1 0.033203 0.704167 0.019688 0.030000
1 0.976562 0.697917 0.018750 0.022500
1 0.845703 0.698438 0.029062 0.023750
1 0.348438 0.702604 0.016875 0.033750
1 0.335547 0.696875 0.014063 0.020000
1 0.590234 0.698958 0.010312 0.030000
1 0.577734 0.692187 0.017813 0.013750
1 0.272656 0.698958 0.039375 0.032500
1 0.907031 0.703646 0.031875 0.048750
1 0.984766 0.688021 0.015938 0.013750
1 0.554688 0.693229 0.018750 0.028750
1 0.394141 0.697917 0.019688 0.045000
1 0.229297 0.753646 0.098437 0.183750
1 0.933594 0.681250 0.015000 0.012500
1 0.105859 0.683854 0.012188 0.021250
1 0.916016 0.685417 0.017813 0.027500
1 0.460547 0.684896 0.015938 0.026250
1 0.273438 0.683333 0.016875 0.025000
1 0.007500 0.684896 0.015000 0.028750
1 0.282422 0.679688 0.008437 0.018750
1 0.130859 0.679688 0.012188 0.018750
1 0.656250 0.680208 0.016875 0.022500
1 0.060937 0.701562 0.056250 0.073750
1 0.699219 0.673438 0.024375 0.013750
1 0.119141 0.676042 0.017813 0.025000
1 0.295703 0.677083 0.017813 0.030000
1 0.149219 0.700521 0.050625 0.086250
1 0.947266 0.673438 0.012188 0.026250
1 0.925781 0.668750 0.020625 0.015000
1 0.912500 0.666667 0.009375 0.012500
1 0.901563 0.666667 0.009375 0.012500
1 0.298047 0.766146 0.124687 0.253750
1 0.286328 0.668750 0.019688 0.020000
1 0.960547 0.676042 0.023438 0.042500
1 0.807031 0.667188 0.009375 0.021250
1 0.667969 0.670312 0.016875 0.028750
1 0.005156 0.665625 0.010312 0.017500
1 0.989219 0.684896 0.021562 0.066250
1 0.574219 0.672917 0.031875 0.037500
1 0.469922 0.673438 0.017813 0.038750
1 0.234375 0.663021 0.013125 0.016250
1 0.828906 0.688021 0.054375 0.086250
1 0.124219 0.657813 0.015000 0.013750
1 0.915625 0.656250 0.011250 0.012500
1 0.593359 0.659896 0.021562 0.021250
1 0.046484 0.663021 0.038437 0.036250
1 0.574609 0.654687 0.012188 0.021250
1 0.484375 0.652604 0.011250 0.016250
1 0.645312 0.650521 0.007500 0.018750
1 0.541406 0.679167 0.058125 0.090000
1 0.759766 0.648958 0.010312 0.020000
1 0.935156 0.654687 0.018750 0.038750
1 0.706250 0.645833 0.013125 0.017500
1 0.343750 0.662500 0.045000 0.057500
1 0.843750 0.646354 0.015000 0.021250
1 0.310156 0.649479 0.046875 0.036250
1 0.916016 0.640104 0.008437 0.023750
1 0.822656 0.645833 0.035625 0.037500
1 0.804297 0.636979 0.014063 0.016250
1 0.536328 0.639583 0.014063 0.022500
1 0.665234 0.647396 0.023438 0.046250
1 0.123047 0.640625 0.010312 0.030000
1 0.257031 0.635938 0.013125 0.021250
1 0.991016 0.635938 0.010312 0.026250
1 0.698828 0.642188 0.019688 0.041250
1 0.292578 0.631250 0.015938 0.015000
1 0.282422 0.635417 0.015938 0.030000
1 0.310156 0.632812 0.011250 0.026250
1 0.685156 0.627604 0.018750 0.018750
1 0.022969 0.656250 0.045937 0.087500
1 0.320312 0.628646 0.015000 0.023750
1 0.249219 0.627083 0.020625 0.027500
1 0.918750 0.620833 0.020625 0.015000
1 0.008984 0.624479 0.014063 0.023750
1 0.807031 0.622917 0.015000 0.022500
1 0.653906 0.622396 0.024375 0.021250
1 0.373047 0.639062 0.030937 0.061250
1 0.793359 0.622917 0.029062 0.030000
1 0.716016 0.617708 0.006563 0.020000
1 0.379688 0.612500 0.013125 0.010000
1 0.933594 0.609375 0.015000 0.010000
1 0.787891 0.610417 0.015938 0.012500
1 0.665234 0.614062 0.008437 0.021250
1 0.396875 0.629167 0.030000 0.057500
1 0.271094 0.621354 0.026250 0.041250
1 0.986328 0.608333 0.014063 0.012500
1 0.578906 0.608854 0.011250 0.013750
1 0.875391 0.609896 0.014063 0.018750
1 0.172266 0.666667 0.094687 0.155000
1 0.973828 0.609375 0.014063 0.020000
1 0.729688 0.606771 0.018750 0.013750
1 0.548828 0.608854 0.014063 0.026250
1 0.349219 0.600521 0.011250 0.016250
1 0.744141 0.606250 0.021562 0.035000
1 0.337109 0.602604 0.015938 0.026250
1 0.022266 0.607292 0.034687 0.037500
1 0.995781 0.602083 0.008437 0.027500
1 0.879687 0.598958 0.018750 0.020000
1 0.288672 0.597396 0.008437 0.018750
1 0.959375 0.625000 0.063750 0.095000
1 0.252344 0.598437 0.015000 0.033750
1 0.024609 0.592708 0.014063 0.022500
1 0.689063 0.604688 0.048750 0.053750
1 0.265625 0.588021 0.011250 0.013750
1 0.319922 0.600521 0.047812 0.046250
1 0.184766 0.592187 0.010312 0.026250
1 0.975781 0.586458 0.022500 0.020000
1 0.291406 0.583333 0.009375 0.012500
1 0.992031 0.582292 0.015938 0.012500
1 0.820703 0.597396 0.021562 0.048750
1 0.279687 0.586458 0.016875 0.027500
1 0.917969 0.586979 0.031875 0.031250
1 0.737109 0.585938 0.021562 0.028750
1 0.696875 0.577083 0.009375 0.012500
1 0.586719 0.576562 0.011250 0.013750
1 0.319922 0.575521 0.010312 0.013750
1 0.574609 0.608854 0.087188 0.098750
1 0.028906 0.575000 0.011250 0.022500
1 0.182031 0.571875 0.020625 0.020000
1 0.845313 0.607292 0.076875 0.107500
1 0.130078 0.574479 0.014063 0.028750
1 0.986328 0.568750 0.019688 0.020000
1 0.209375 0.569271 0.020625 0.021250
1 0.331250 0.569792 0.015000 0.025000
1 0.061328 0.568229 0.012188 0.021250
1 0.921875 0.566146 0.018750 0.018750
1 0.084375 0.563021 0.022500 0.011250
1 0.969141 0.567187 0.010312 0.023750
1 0.958594 0.567187 0.009375 0.023750
1 0.835156 0.565104 0.016875 0.021250
1 0.579297 0.563542 0.021562 0.020000
1 0.637891 0.570312 0.015938 0.038750
1 0.600000 0.576042 0.020625 0.057500
1 0.167187 0.558333 0.011250 0.015000
1 0.070312 0.557292 0.009375 0.012500
1 0.567187 0.557292 0.011250 0.015000
1 0.058203 0.610417 0.077812 0.142500
1 0.319531 0.557813 0.009375 0.018750
1 0.024609 0.559896 0.006563 0.026250
1 0.084766 0.552604 0.019688 0.011250
1 0.311328 0.559896 0.015938 0.031250
1 0.580469 0.552083 0.013125 0.015000
1 0.855469 0.677604 0.138750 0.318750
1 0.946094 0.561458 0.022500 0.042500
1 0.806250 0.553125 0.009375 0.022500
1 0.630469 0.555729 0.031875 0.028750
1 0.198047 0.555729 0.025312 0.031250
1 0.852734 0.555729 0.023438 0.036250
1 0.106641 0.613021 0.107813 0.178750
1 0.324609 0.541146 0.015938 0.011250
1 0.183203 0.548438 0.019688 0.028750
1 0.122266 0.544792 0.012188 0.020000
1 0.896875 0.546354 0.024375 0.026250
1 0.345313 0.540625 0.011250 0.012500
1 0.280469 0.564063 0.088125 0.071250
1 0.150000 0.572917 0.050625 0.092500
1 0.957031 0.543229 0.015000 0.023750
1 0.293359 0.542188 0.019688 0.023750
1 0.350781 0.585938 0.061875 0.133750
1 0.007969 0.537500 0.015938 0.020000
1 0.044141 0.543229 0.036562 0.036250
1 0.281641 0.535417 0.017813 0.020000
1 0.171094 0.547917 0.020625 0.052500
1 0.647266 0.542188 0.010312 0.041250
1 0.148828 0.540104 0.030937 0.036250
1 0.847656 0.534896 0.028125 0.028750
1 0.803906 0.531771 0.016875 0.023750
1 0.046875 0.529167 0.022500 0.025000
1 0.507422 0.525521 0.023438 0.018750
1 0.306641 0.532813 0.014063 0.036250
1 0.963281 0.529167 0.026250 0.030000
1 0.122266 0.526563 0.025312 0.026250
1 0.541406 0.522917 0.022500 0.020000
1 0.285156 0.520833 0.016875 0.015000
1 0.978906 0.536979 0.042188 0.056250
1 0.830859 0.524479 0.017813 0.026250
1 0.550000 0.550000 0.030000 0.090000
1 0.071484 0.533854 0.036562 0.051250
1 0.463672 0.518750 0.014063 0.017500
1 0.021094 0.566667 0.042188 0.137500
1 0.008437 0.517708 0.016875 0.022500
1 0.598828 0.540104 0.081562 0.083750
1 0.271094 0.507812 0.039375 0.031250
1 0.084375 0.518750 0.052500 0.060000
1 0.250781 0.501563 0.020625 0.023750
1 0.059766 0.497917 0.015938 0.015000
1 0.031641 0.498437 0.015938 0.018750
1 0.885156 0.541146 0.073125 0.128750
1 0.696094 0.495312 0.016875 0.018750
1 0.241406 0.586979 0.129375 0.238750
1 0.582031 0.504167 0.048750 0.045000
1 0.020703 0.498437 0.025312 0.031250
1 0.975781 0.500000 0.028125 0.037500
1 0.817969 0.486979 0.011250 0.013750
1 0.438672 0.494792 0.025312 0.032500
1 0.044922 0.498437 0.021562 0.043750
1 0.662109 0.484375 0.015938 0.017500
1 0.834766 0.483333 0.023438 0.017500
1 0.804297 0.480208 0.015938 0.012500
1 0.558594 0.490625 0.028125 0.037500
1 0.988281 0.489063 0.023438 0.043750
1 0.800391 0.521875 0.081562 0.125000
1 0.682031 0.473958 0.020625 0.015000
1 0.671094 0.476562 0.015000 0.021250
1 0.942578 0.474479 0.015938 0.018750
1 0.657031 0.472396 0.013125 0.013750
1 0.007969 0.480729 0.015938 0.033750
1 0.957422 0.482292 0.014063 0.040000
1 0.269141 0.478646 0.034687 0.033750
1 0.643750 0.476562 0.022500 0.031250
1 0.191406 0.468229 0.013125 0.011250
1 0.786328 0.468229 0.010312 0.016250
1 0.497656 0.475000 0.015000 0.032500
1 0.847266 0.472917 0.010312 0.032500
1 0.232422 0.474479 0.049687 0.038750
1 0.393750 0.489583 0.037500 0.080000
1 0.021484 0.468229 0.032813 0.028750
1 0.894141 0.479687 0.047812 0.058750
1 0.762109 0.482292 0.057188 0.065000
1 0.088672 0.463542 0.017813 0.022500
1 0.331641 0.459896 0.017813 0.016250
1 0.053125 0.471875 0.039375 0.045000
1 0.468359 0.468750 0.032813 0.042500
1 0.132812 0.488542 0.088125 0.090000
1 0.988281 0.465104 0.022500 0.036250
1 0.748047 0.459896 0.023438 0.023750
1 0.727734 0.466667 0.019688 0.040000
1 0.135547 0.454688 0.015938 0.013750
1 0.842578 0.455729 0.014063 0.023750
1 0.103906 0.456771 0.007500 0.026250
1 0.817187 0.454167 0.011250 0.022500
1 0.573438 0.458333 0.031875 0.032500
1 0.618750 0.448958 0.015000 0.015000
1 0.270313 0.461979 0.045000 0.046250
1 0.920703 0.452083 0.012188 0.025000
1 0.426563 0.461458 0.031875 0.050000
1 0.476953 0.445312 0.008437 0.013750
1 0.348828 0.447917 0.015938 0.025000
1 0.065234 0.449479 0.015938 0.031250
1 0.367969 0.448958 0.028125 0.035000
1 0.927734 0.444271 0.010312 0.026250
1 0.026953 0.443229 0.010312 0.023750
1 0.182812 0.439583 0.011250 0.017500
1 0.489063 0.451042 0.022500 0.047500
1 0.635938 0.440625 0.020625 0.025000
1 0.244141 0.436979 0.029062 0.016250
1 0.751563 0.437500 0.022500 0.020000
1 0.157812 0.434896 0.016875 0.013750
1 0.073047 0.433854 0.012188 0.016250
1 0.085938 0.464062 0.048750 0.091250
1 0.331250 0.440625 0.022500 0.037500
1 0.055859 0.435937 0.021562 0.026250
1 0.973437 0.439063 0.035625 0.038750
1 0.114844 0.429167 0.016875 0.015000
1 0.094922 0.441146 0.015938 0.043750
1 0.026562 0.427083 0.011250 0.012500
1 0.192188 0.427604 0.015000 0.016250
1 0.547266 0.432812 0.036562 0.036250
1 0.444141 0.625521 0.267188 0.501250
1 0.369141 0.421354 0.014063 0.011250
1 0.863281 0.425000 0.020625 0.022500
1 0.701172 0.430729 0.038437 0.038750
1 0.179297 0.421875 0.019688 0.017500
1 0.062109 0.421354 0.017813 0.016250
1 0.806250 0.446354 0.080625 0.078750
1 0.725781 0.424479 0.020625 0.026250
1 0.615625 0.428125 0.018750 0.035000
1 0.107813 0.418229 0.015000 0.018750
1 0.038281 0.419792 0.015000 0.022500
1 0.020313 0.427083 0.030000 0.040000
1 0.995781 0.421354 0.008437 0.028750
1 0.662500 0.418750 0.015000 0.022500
1 0.474219 0.419271 0.007500 0.023750
1 0.960547 0.411979 0.014063 0.011250
1 0.636719 0.416146 0.016875 0.026250
1 0.986719 0.415104 0.018750 0.028750
1 0.702734 0.413542 0.029062 0.025000
1 0.100000 0.409896 0.020625 0.023750
1 0.350391 0.417708 0.029062 0.045000
1 0.900000 0.408333 0.007500 0.025000
1 0.400000 0.425000 0.041250 0.070000
1 0.722656 0.409375 0.052500 0.035000
1 0.887500 0.405729 0.020625 0.028750
1 0.844531 0.403646 0.018750 0.023750
1 0.280859 0.401042 0.014063 0.017500
1 0.022266 0.401562 0.008437 0.018750
1 0.819141 0.402083 0.025312 0.025000
1 0.477734 0.401562 0.012188 0.023750
1 0.768750 0.421354 0.056250 0.073750
1 0.381641 0.411458 0.042188 0.050000
1 0.009844 0.403125 0.019688 0.030000
1 0.327734 0.404167 0.030937 0.035000
1 0.269922 0.395833 0.014063 0.020000
1 0.730469 0.393750 0.030000 0.017500
1 0.057813 0.401042 0.018750 0.035000
1 0.692969 0.391667 0.013125 0.015000
1 0.528906 0.395833 0.013125 0.025000
1 0.245312 0.390625 0.015000 0.012500
1 0.834375 0.394271 0.020625 0.023750
1 0.393750 0.393229 0.009375 0.021250
1 0.037500 0.396354 0.028125 0.028750
1 0.403906 0.392708 0.018750 0.022500
1 0.751563 0.390104 0.015000 0.018750
1 0.619922 0.389583 0.010312 0.020000
1 0.357031 0.391667 0.024375 0.025000
1 0.655078 0.384375 0.012188 0.010000
1 0.513672 0.396354 0.021562 0.041250
1 0.165625 0.381250 0.013125 0.012500
1 0.527344 0.379688 0.015000 0.011250
1 0.979297 0.396875 0.029062 0.055000
1 0.382812 0.380729 0.011250 0.016250
1 0.372266 0.379167 0.012188 0.012500
1 0.312891 0.386458 0.019688 0.030000
1 0.041797 0.380208 0.019688 0.015000
1 0.686719 0.379688 0.011250 0.016250
1 0.669141 0.399479 0.045937 0.063750
1 0.345703 0.384375 0.019688 0.027500
1 0.197266 0.455729 0.120937 0.198750
1 0.921875 0.381250 0.007500 0.022500
1 0.298828 0.406250 0.060937 0.082500
1 0.806641 0.382812 0.012188 0.028750
1 0.081641 0.386458 0.012188 0.042500
1 0.141406 0.427604 0.090000 0.143750
1 0.939063 0.399479 0.031875 0.078750
1 0.312109 0.451562 0.175313 0.208750
1 0.013594 0.377083 0.027187 0.030000
1 0.334375 0.375521 0.030000 0.028750
1 0.422656 0.370312 0.020625 0.021250
1 0.176563 0.373437 0.009375 0.028750
1 0.058203 0.370833 0.019688 0.022500
1 0.851562 0.401562 0.082500 0.098750
1 0.714453 0.375521 0.049687 0.038750
1 0.381641 0.366146 0.019688 0.016250
1 0.193359 0.367188 0.029062 0.018750
1 0.877344 0.365625 0.022500 0.017500
1 0.775391 0.389062 0.083437 0.073750
1 0.678516 0.370312 0.008437 0.028750
1 0.926562 0.364063 0.009375 0.016250
1 0.880859 0.438542 0.122812 0.200000
1 0.019922 0.365625 0.012188 0.025000
1 0.165234 0.359375 0.015938 0.015000
1 0.154688 0.360417 0.015000 0.017500
1 0.049609 0.358333 0.014063 0.012500
1 0.941406 0.358854 0.020625 0.016250
1 0.739844 0.355729 0.011250 0.008750
1 0.528516 0.364063 0.038437 0.028750
1 0.126953 0.358854 0.010312 0.016250
1 0.812500 0.359375 0.020625 0.022500
1 0.112109 0.380208 0.032813 0.075000
1 0.031641 0.354687 0.014063 0.021250
1 0.144531 0.353125 0.013125 0.025000
1 0.584375 0.368229 0.048750 0.063750
1 0.236719 0.353646 0.015000 0.028750
1 0.119531 0.346354 0.013125 0.011250
1 0.950000 0.349479 0.018750 0.023750
1 0.668359 0.584896 0.349687 0.588750
1 0.795312 0.348958 0.015000 0.025000
1 0.153906 0.344792 0.013125 0.017500
1 0.820703 0.343750 0.010312 0.017500
1 0.530078 0.340625 0.025312 0.017500
1 0.368359 0.340625 0.010312 0.020000
1 0.328516 0.359375 0.098437 0.067500
1 0.272266 0.358854 0.032813 0.066250
1 0.255469 0.341146 0.018750 0.023750
1 0.138281 0.342708 0.016875 0.027500
1 0.201172 0.348958 0.025312 0.045000
1 0.058594 0.340625 0.026250 0.027500
1 0.994375 0.334375 0.011250 0.015000
1 0.979688 0.337500 0.013125 0.025000
1 0.290625 0.336979 0.030000 0.033750
1 0.130469 0.329688 0.015000 0.016250
1 0.164453 0.335938 0.017813 0.033750
1 0.881641 0.338021 0.017813 0.041250
1 0.891797 0.331771 0.017813 0.028750
1 0.153125 0.327083 0.018750 0.017500
1 0.944922 0.437500 0.085312 0.287500
1 0.697656 0.330729 0.018750 0.031250
1 0.657422 0.335417 0.025312 0.042500
1 0.682031 0.321354 0.015000 0.011250
1 0.238672 0.323437 0.017813 0.016250
1 0.085938 0.348958 0.039375 0.082500
1 0.015938 0.338021 0.031875 0.056250
1 0.142969 0.321354 0.009375 0.018750
1 0.842969 0.346354 0.075000 0.083750
1 0.635938 0.330208 0.022500 0.045000
1 0.355078 0.325521 0.027187 0.036250
1 0.113281 0.323437 0.022500 0.036250
1 0.091797 0.312500 0.014063 0.015000
1 0.737109 0.310417 0.008437 0.015000
1 0.133203 0.312500 0.015938 0.020000
1 0.918750 0.310937 0.013125 0.018750
1 0.425391 0.323437 0.030937 0.048750
1 0.721094 0.340104 0.172500 0.091250
1 0.185156 0.327604 0.048750 0.061250
1 0.750000 0.314063 0.018750 0.031250
1 0.448437 0.303125 0.018750 0.010000
1 0.871875 0.309896 0.007500 0.028750
1 0.897266 0.308854 0.017813 0.028750
1 0.677344 0.306250 0.015000 0.022500
1 0.252344 0.314583 0.046875 0.042500
1 0.787891 0.307812 0.014063 0.028750
1 0.447656 0.321875 0.046875 0.062500
1 0.828906 0.306771 0.013125 0.031250
1 0.350391 0.302083 0.019688 0.020000
1 0.142578 0.302083 0.006563 0.020000
1 0.845313 0.306250 0.020625 0.032500
1 0.189453 0.297917 0.010312 0.015000
1 0.048828 0.317188 0.060937 0.061250
1 0.860156 0.298958 0.015000 0.022500
1 0.620703 0.292187 0.014063 0.008750
1 0.585938 0.296354 0.013125 0.018750
1 0.382031 0.296875 0.018750 0.020000
1 0.325000 0.315104 0.048750 0.063750
1 0.299219 0.295833 0.011250 0.017500
1 0.008437 0.302604 0.016875 0.033750
1 0.155859 0.304688 0.019688 0.043750
1 0.102734 0.293750 0.015938 0.017500
1 0.082422 0.298958 0.015938 0.030000
1 0.648438 0.300000 0.050625 0.035000
1 0.702734 0.291667 0.012188 0.017500
1 0.691016 0.300521 0.034687 0.038750
1 0.170703 0.295312 0.019688 0.026250
1 0.924219 0.300521 0.033750 0.041250
1 0.200781 0.290625 0.011250 0.017500
1 0.128125 0.296354 0.026250 0.031250
1 0.609766 0.289583 0.010312 0.022500
1 0.282031 0.286458 0.011250 0.017500
1 0.053125 0.289062 0.024375 0.023750
1 0.507031 0.282813 0.015000 0.018750
1 0.395703 0.332813 0.090937 0.138750
1 0.139453 0.282813 0.017813 0.018750
1 0.787109 0.285417 0.021562 0.030000
1 0.632422 0.278125 0.017813 0.012500
1 0.757031 0.285938 0.045000 0.036250
1 0.027734 0.292187 0.047812 0.051250
1 0.884766 0.286979 0.023438 0.041250
1 0.853516 0.281250 0.030937 0.027500
1 0.807422 0.315625 0.075938 0.110000
1 0.657422 0.273958 0.017813 0.012500
1 0.901563 0.276562 0.009375 0.021250
1 0.198828 0.282292 0.047812 0.035000
1 0.945312 0.314583 0.106875 0.115000
1 0.547266 0.276562 0.012188 0.023750
1 0.222266 0.322917 0.051562 0.135000
1 0.454688 0.281771 0.041250 0.038750
1 0.118750 0.272917 0.030000 0.017500
1 0.031250 0.272396 0.009375 0.018750
1 0.721094 0.301042 0.041250 0.090000
1 0.492969 0.270833 0.022500 0.017500
1 0.169922 0.267708 0.021562 0.015000
1 0.871484 0.265104 0.015938 0.011250
1 0.952734 0.272396 0.027187 0.031250
1 0.968359 0.263542 0.014063 0.017500
1 0.553125 0.262500 0.015000 0.015000
1 0.195312 0.260417 0.016875 0.010000
1 0.756250 0.264583 0.015000 0.022500
1 0.619922 0.265625 0.012188 0.025000
1 0.850781 0.266667 0.030000 0.030000
1 0.517188 0.366146 0.285000 0.268750
1 0.541797 0.259375 0.015938 0.015000
1 0.569531 0.280729 0.041250 0.068750
1 0.885547 0.261979 0.015938 0.026250
1 0.814453 0.261979 0.021562 0.026250
1 0.478906 0.266667 0.015000 0.037500
1 0.430078 0.257292 0.012188 0.015000
1 0.371484 0.275000 0.060937 0.057500
1 0.828906 0.254688 0.013125 0.011250
1 0.652344 0.258333 0.015000 0.020000
1 0.251172 0.263021 0.019688 0.033750
1 0.713672 0.257292 0.019688 0.022500
1 0.607422 0.261979 0.017813 0.033750
1 0.509766 0.257292 0.006563 0.022500
1 0.149219 0.261458 0.013125 0.032500
1 0.094141 0.255208 0.010312 0.017500
1 0.839063 0.254167 0.015000 0.017500
1 0.794141 0.268750 0.029062 0.052500
1 0.771875 0.255729 0.011250 0.021250
1 0.397656 0.259375 0.031875 0.035000
1 0.941797 0.251042 0.010312 0.017500
1 0.919141 0.273438 0.064687 0.078750
1 0.160547 0.248958 0.012188 0.020000
1 0.104688 0.255729 0.018750 0.036250
1 0.495312 0.254167 0.011250 0.035000
1 0.059375 0.246875 0.016875 0.017500
1 0.744531 0.251042 0.026250 0.030000
1 0.073438 0.265104 0.046875 0.063750
1 0.948438 0.243750 0.011250 0.015000
1 0.963672 0.244792 0.019688 0.020000
1 0.553125 0.241667 0.011250 0.012500
1 0.759375 0.242708 0.020625 0.017500
1 0.916797 0.245312 0.006563 0.026250
1 0.854688 0.243229 0.013125 0.021250
1 0.782422 0.241146 0.015938 0.018750
1 0.009375 0.251563 0.018750 0.043750
1 0.591797 0.239583 0.012188 0.017500
1 0.420703 0.252083 0.032813 0.047500
1 0.177734 0.248958 0.019688 0.040000
1 0.723828 0.242188 0.017813 0.026250
1 0.922656 0.235937 0.013125 0.013750
1 0.861328 0.234896 0.008437 0.011250
1 0.580859 0.236979 0.012188 0.016250
1 0.390625 0.238021 0.016875 0.018750
1 0.281641 0.281250 0.089063 0.122500
1 0.031250 0.254167 0.048750 0.057500
1 0.285547 0.244792 0.045937 0.037500
1 0.951562 0.232813 0.011250 0.013750
1 0.903906 0.237500 0.020625 0.025000
1 0.871875 0.239583 0.024375 0.030000
1 0.462891 0.246354 0.029062 0.046250
1 0.603516 0.240104 0.014063 0.033750
1 0.298047 0.231250 0.014063 0.012500
1 0.206250 0.236458 0.020625 0.025000
1 0.065625 0.231771 0.018750 0.013750
1 0.040234 0.233333 0.012188 0.017500
1 0.560156 0.234375 0.007500 0.022500
1 0.346484 0.264062 0.089063 0.093750
1 0.931250 0.231771 0.007500 0.018750
1 0.701172 0.233333 0.025312 0.025000
1 0.510547 0.229167 0.015938 0.017500
1 0.681250 0.256771 0.050625 0.086250
1 0.439844 0.251042 0.033750 0.072500
1 0.320703 0.240104 0.019688 0.046250
1 0.729688 0.226562 0.016875 0.016250
1 0.523047 0.231250 0.014063 0.027500
1 0.407813 0.230208 0.030000 0.025000
1 0.128125 0.231250 0.018750 0.027500
1 0.109766 0.231771 0.017813 0.028750
1 0.332813 0.225000 0.018750 0.015000
1 0.011328 0.224479 0.010312 0.013750
1 0.494141 0.241667 0.047812 0.057500
1 0.381641 0.222396 0.010312 0.016250
1 0.636328 0.243750 0.038437 0.070000
1 0.164062 0.220833 0.018750 0.015000
1 0.765234 0.225521 0.034687 0.028750
1 0.280078 0.222917 0.010312 0.022500
1 0.223047 0.221875 0.014063 0.020000
1 0.205469 0.240104 0.052500 0.063750
1 0.037891 0.218750 0.008437 0.012500
1 0.600781 0.220833 0.020625 0.020000
1 0.940625 0.218750 0.013125 0.017500
1 0.660937 0.216667 0.016875 0.012500
1 0.446094 0.215104 0.013125 0.011250
1 0.198828 0.215104 0.015938 0.011250
1 0.144531 0.221875 0.013125 0.027500
1 0.396484 0.216146 0.008437 0.016250
1 0.387891 0.218229 0.006563 0.021250
1 0.207813 0.216667 0.011250 0.020000
1 0.821875 0.214062 0.007500 0.016250
1 0.132031 0.238021 0.041250 0.073750
1 0.024219 0.217188 0.020625 0.023750
1 0.310156 0.217188 0.011250 0.026250
1 0.116016 0.214062 0.019688 0.018750
1 0.937109 0.208333 0.015938 0.007500
1 0.738672 0.220312 0.036562 0.038750
1 0.626172 0.220833 0.038437 0.040000
1 0.909375 0.213542 0.015000 0.025000
1 0.177734 0.219271 0.014063 0.038750
1 0.920312 0.209896 0.009375 0.023750
1 0.887109 0.208854 0.012188 0.021250
1 0.289453 0.214583 0.034687 0.035000
1 0.662109 0.204687 0.017813 0.013750
1 0.616406 0.207813 0.016875 0.021250
1 0.423438 0.210417 0.018750 0.030000
1 0.948047 0.206250 0.012188 0.022500
1 0.841016 0.201042 0.019688 0.012500
1 0.794922 0.222917 0.038437 0.067500
1 0.737891 0.201042 0.010312 0.015000
1 0.716797 0.202604 0.021562 0.021250
1 0.592969 0.210938 0.018750 0.041250
1 0.866406 0.217708 0.095625 0.060000
1 0.695312 0.203125 0.018750 0.025000
1 0.546094 0.197396 0.020625 0.011250
1 0.253125 0.211458 0.030000 0.045000
1 0.457031 0.201042 0.026250 0.022500
1 0.800391 0.196875 0.008437 0.015000
1 0.628906 0.197917 0.011250 0.017500
1 0.573047 0.206250 0.038437 0.037500
1 0.537500 0.214062 0.041250 0.056250
1 0.233984 0.230729 0.045937 0.096250
1 0.191016 0.201563 0.023438 0.028750
1 0.085156 0.196354 0.015000 0.016250
1 0.762109 0.202083 0.042188 0.032500
1 0.282422 0.193229 0.012188 0.011250
1 0.016016 0.198437 0.015938 0.023750
1 0.318750 0.202604 0.037500 0.036250
1 0.211719 0.195312 0.009375 0.018750
1 0.691797 0.193229 0.015938 0.016250
1 0.480859 0.206771 0.036562 0.048750
1 0.910937 0.190104 0.011250 0.013750
1 0.669922 0.193229 0.014063 0.021250
1 0.004687 0.193229 0.009375 0.021250
1 0.401953 0.192188 0.008437 0.021250
1 0.167578 0.191667 0.032813 0.027500
1 0.348438 0.203125 0.028125 0.057500
1 0.081250 0.185417 0.016875 0.015000
1 0.841406 0.188021 0.030000 0.023750
1 0.737109 0.188021 0.023438 0.023750
1 0.142578 0.193750 0.025312 0.037500
1 0.773828 0.183333 0.010312 0.015000
1 0.077344 0.206250 0.041250 0.070000
1 0.613672 0.184896 0.014063 0.021250
1 0.050781 0.195833 0.026250 0.047500
1 0.990625 0.180729 0.018750 0.016250
1 0.824219 0.179167 0.013125 0.012500
1 0.461328 0.181250 0.012188 0.017500
1 0.680469 0.189583 0.024375 0.040000
1 0.803125 0.179688 0.018750 0.018750
1 0.927344 0.177604 0.020625 0.016250
1 0.894922 0.183333 0.023438 0.030000
1 0.658594 0.179688 0.018750 0.021250
1 0.495703 0.181250 0.008437 0.025000
1 0.782031 0.178646 0.007500 0.021250
1 0.912500 0.176042 0.015000 0.017500
1 0.644922 0.186979 0.019688 0.043750
1 0.384375 0.178646 0.037500 0.023750
1 0.158984 0.175000 0.012188 0.015000
1 0.111719 0.196354 0.056250 0.066250
1 0.323828 0.177083 0.006563 0.022500
1 0.337891 0.172396 0.017813 0.013750
1 0.071094 0.173958 0.009375 0.017500
1 0.873828 0.185417 0.019688 0.050000
1 0.716016 0.180729 0.025312 0.038750
1 0.581250 0.177604 0.018750 0.031250
1 0.517969 0.191146 0.061875 0.063750
1 0.221094 0.179167 0.016875 0.035000
1 0.189453 0.179167 0.017813 0.035000
1 0.823828 0.206771 0.038437 0.103750
1 0.797656 0.170833 0.011250 0.017500
1 0.310547 0.170833 0.019688 0.017500
1 0.260547 0.172917 0.008437 0.022500
1 0.139453 0.168229 0.010312 0.011250
1 0.760938 0.167708 0.022500 0.012500
1 0.738281 0.171875 0.039375 0.022500
1 0.660937 0.169271 0.020625 0.016250
1 0.603516 0.181250 0.014063 0.045000
1 0.891016 0.172396 0.019688 0.026250
1 0.677344 0.166667 0.024375 0.015000
1 0.694531 0.165625 0.013125 0.015000
1 0.357812 0.175521 0.024375 0.038750
1 0.101172 0.166667 0.012188 0.017500
1 0.238281 0.174479 0.024375 0.038750
1 0.166406 0.169792 0.028125 0.027500
1 0.861328 0.173437 0.032813 0.038750
1 0.082422 0.166667 0.015938 0.022500
1 0.992578 0.162500 0.014063 0.015000
1 0.433984 0.163021 0.012188 0.016250
1 0.130859 0.163542 0.008437 0.017500
1 0.022031 0.172396 0.044062 0.041250
1 0.957344 0.194792 0.085312 0.097500
1 0.518750 0.157812 0.015000 0.008750
1 0.420312 0.179167 0.061875 0.060000
1 0.227344 0.161458 0.013125 0.017500
1 0.630469 0.169271 0.031875 0.038750
1 0.972656 0.172917 0.031875 0.050000
1 0.801953 0.159896 0.014063 0.018750
1 0.735938 0.157812 0.013125 0.016250
1 0.683203 0.155729 0.015938 0.013750
1 0.543750 0.166146 0.031875 0.038750
1 0.469141 0.160938 0.023438 0.026250
1 0.835547 0.163542 0.025312 0.035000
1 0.291406 0.174479 0.026250 0.061250
1 0.273047 0.158333 0.008437 0.025000
1 0.539844 0.153646 0.009375 0.016250
1 0.872266 0.151042 0.017813 0.012500
1 0.913281 0.155729 0.026250 0.026250
1 0.691406 0.150521 0.011250 0.013750
1 0.626172 0.148958 0.012188 0.012500
1 0.376953 0.156771 0.023438 0.031250
1 0.323047 0.156250 0.021562 0.032500
1 0.898438 0.154167 0.015000 0.030000
1 0.714453 0.148958 0.027187 0.017500
1 0.667969 0.150521 0.016875 0.021250
1 0.952344 0.145833 0.022500 0.012500
1 0.651953 0.148438 0.019688 0.018750
1 0.451953 0.152083 0.036562 0.027500
1 0.889062 0.148958 0.015000 0.022500
1 0.407031 0.151042 0.026250 0.027500
1 0.160547 0.158333 0.038437 0.047500
1 0.598437 0.145833 0.022500 0.020000
1 0.580078 0.145313 0.012188 0.018750
1 0.256250 0.145833 0.009375 0.020000
1 0.383984 0.146354 0.012188 0.023750
1 0.547266 0.140104 0.012188 0.013750
1 0.727734 0.140625 0.012188 0.017500
1 0.437891 0.140625 0.014063 0.017500
1 0.423047 0.142187 0.019688 0.021250
1 0.336328 0.142187 0.015938 0.023750
1 0.228906 0.143750 0.011250 0.027500
1 0.905859 0.136979 0.012188 0.013750
1 0.114844 0.150000 0.024375 0.045000
1 0.836719 0.140625 0.026250 0.025000
1 0.094141 0.138021 0.008437 0.018750
1 0.318750 0.134375 0.009375 0.015000
1 0.246484 0.138021 0.014063 0.023750
1 0.920312 0.135937 0.022500 0.021250
1 0.876953 0.136458 0.017813 0.022500
1 0.064453 0.147917 0.038437 0.050000
1 0.023828 0.133854 0.015938 0.016250
1 0.739844 0.136979 0.020625 0.028750
1 0.010547 0.136979 0.017813 0.028750
1 0.941016 0.133854 0.010312 0.023750
1 0.766016 0.138021 0.029062 0.033750
1 0.104297 0.136979 0.012188 0.031250
1 0.564063 0.129167 0.013125 0.017500
1 0.298828 0.133333 0.015938 0.027500
1 0.542188 0.134896 0.037500 0.033750
1 0.856250 0.137500 0.035625 0.042500
1 0.973437 0.132292 0.026250 0.032500
1 0.948828 0.128646 0.012188 0.023750
1 0.657422 0.129167 0.014063 0.025000
1 0.373828 0.124479 0.017813 0.013750
1 0.326172 0.127083 0.006563 0.020000
1 0.569531 0.137500 0.039375 0.047500
1 0.476172 0.132812 0.019688 0.036250
1 0.395313 0.125000 0.015000 0.025000
1 0.986406 0.125521 0.027187 0.028750
1 0.409766 0.127083 0.019688 0.032500
1 0.275391 0.128125 0.027187 0.035000
1 0.166016 0.128646 0.023438 0.036250
1 0.609766 0.121875 0.012188 0.022500
1 0.118750 0.121354 0.015000 0.021250
1 0.054297 0.120313 0.012188 0.018750
1 0.905859 0.119271 0.008437 0.018750
1 0.894531 0.119271 0.016875 0.018750
1 0.834766 0.118750 0.014063 0.017500
1 0.437500 0.121354 0.011250 0.023750
1 0.320703 0.115625 0.008437 0.012500
1 0.482812 0.152604 0.033750 0.103750
1 0.388672 0.116146 0.017813 0.016250
1 0.036719 0.137500 0.037500 0.067500
1 0.522656 0.129688 0.022500 0.051250
1 0.230859 0.118750 0.010312 0.030000
1 0.065625 0.116146 0.013125 0.023750
1 0.508594 0.110937 0.011250 0.013750
1 0.083203 0.134896 0.029062 0.071250
1 0.288281 0.116667 0.020625 0.030000
1 0.250781 0.119271 0.035625 0.038750
1 0.210547 0.107292 0.021562 0.010000
1 0.705469 0.122396 0.054375 0.048750
1 0.866406 0.112500 0.009375 0.030000
1 0.641016 0.118750 0.029062 0.045000
1 0.365234 0.109375 0.014063 0.022500
1 0.708203 0.108333 0.008437 0.022500
1 0.127734 0.105208 0.017813 0.015000
1 0.788672 0.107292 0.010312 0.022500
1 0.801953 0.106771 0.019688 0.023750
1 0.544531 0.110417 0.022500 0.032500
1 0.309375 0.116667 0.022500 0.047500
1 0.278125 0.104688 0.015000 0.018750
1 0.195312 0.140625 0.048750 0.105000
1 0.014063 0.105729 0.016875 0.021250
1 0.034375 0.102604 0.011250 0.016250
1 0.325781 0.102083 0.013125 0.017500
1 0.995781 0.102604 0.008437 0.021250
1 0.618359 0.108333 0.027187 0.035000
1 0.565234 0.108333 0.025312 0.035000
1 0.721094 0.103125 0.009375 0.025000
1 0.608984 0.124479 0.057188 0.076250
1 0.067187 0.098437 0.011250 0.016250
1 0.804297 0.126562 0.062812 0.086250
1 0.523047 0.098958 0.010312 0.020000
1 0.378516 0.103125 0.014063 0.030000
1 0.105078 0.104688 0.038437 0.033750
1 0.691406 0.096875 0.011250 0.017500
1 0.344141 0.111979 0.036562 0.056250
1 0.778906 0.097396 0.028125 0.023750
1 0.406250 0.096354 0.011250 0.021250
1 0.744922 0.104167 0.021562 0.042500
1 0.681250 0.093750 0.007500 0.017500
1 0.556250 0.092188 0.015000 0.016250
1 0.055859 0.092188 0.010312 0.016250
1 0.983594 0.101042 0.032813 0.040000
1 0.004687 0.090625 0.009375 0.015000
1 0.900391 0.095833 0.017813 0.030000
1 0.046484 0.096875 0.034687 0.032500
1 0.398047 0.086458 0.017813 0.015000
1 0.389844 0.095833 0.022500 0.037500
1 0.179297 0.088021 0.017813 0.018750
1 0.423828 0.096354 0.027187 0.041250
1 0.827734 0.097396 0.019688 0.046250
1 0.583984 0.084896 0.014063 0.018750
1 0.124609 0.082812 0.014063 0.013750
1 0.967578 0.081771 0.010312 0.013750
1 0.051172 0.082292 0.012188 0.015000
1 0.694531 0.083333 0.009375 0.020000
1 0.512891 0.083854 0.010312 0.021250
1 0.339453 0.082812 0.015938 0.021250
1 0.209766 0.104688 0.045937 0.073750
1 0.848047 0.078646 0.017813 0.013750
1 0.355859 0.079687 0.014063 0.016250
1 0.146094 0.111458 0.071250 0.095000
1 0.004687 0.077604 0.009375 0.013750
1 0.248438 0.092708 0.063750 0.052500
1 0.257812 0.075521 0.011250 0.013750
1 0.944922 0.094792 0.036562 0.062500
1 0.662500 0.106250 0.045000 0.090000
1 0.321484 0.079167 0.021562 0.027500
1 0.962891 0.073438 0.012188 0.016250
1 0.386719 0.077604 0.037500 0.028750
1 0.132812 0.071875 0.011250 0.015000
1 0.983594 0.078646 0.028125 0.033750
1 0.562891 0.072396 0.014063 0.018750
1 0.187891 0.074479 0.010312 0.023750
1 0.074609 0.075521 0.014063 0.026250
1 0.326953 0.070833 0.010312 0.017500
1 0.143359 0.088021 0.021562 0.058750
1 0.867969 0.085938 0.075000 0.058750
1 0.857812 0.068229 0.026250 0.016250
1 0.682031 0.068229 0.015000 0.016250
1 0.448437 0.078125 0.020625 0.040000
1 0.264844 0.069271 0.011250 0.018750
1 0.760156 0.091146 0.037500 0.073750
1 0.917578 0.099479 0.051562 0.096250
1 0.425391 0.063542 0.015938 0.010000
1 0.955859 0.061979 0.023438 0.013750
1 0.639062 0.076563 0.022500 0.048750
1 0.504687 0.064583 0.009375 0.020000
1 0.174609 0.068229 0.023438 0.028750
1 0.251563 0.061458 0.015000 0.015000
1 0.316016 0.059896 0.017813 0.013750
1 0.010781 0.064583 0.021562 0.025000
1 0.985156 0.060417 0.013125 0.017500
1 0.876172 0.057813 0.014063 0.013750
1 0.849609 0.056250 0.017813 0.012500
1 0.732031 0.068750 0.018750 0.042500
1 0.809766 0.064062 0.044062 0.033750
1 0.606250 0.082292 0.039375 0.077500
1 0.206250 0.059896 0.015000 0.023750
1 0.921094 0.058333 0.028125 0.030000
1 0.898828 0.053125 0.019688 0.017500
1 0.633984 0.054167 0.021562 0.020000
1 0.218359 0.058333 0.021562 0.030000
1 0.183594 0.054688 0.020625 0.021250
1 0.154297 0.056250 0.015938 0.027500
1 0.745313 0.052604 0.009375 0.021250
1 0.609766 0.058854 0.015938 0.036250
1 0.533203 0.067187 0.044062 0.056250
1 0.672656 0.056771 0.015000 0.033750
1 0.352344 0.061458 0.045000 0.045000
1 0.129297 0.048958 0.008437 0.017500
1 0.785547 0.060417 0.021562 0.047500
1 0.065625 0.060417 0.026250 0.047500
1 0.832812 0.056250 0.016875 0.040000
1 0.449609 0.045833 0.014063 0.015000
1 0.168750 0.044792 0.018750 0.012500
1 0.710938 0.075000 0.052500 0.087500
1 0.891797 0.047917 0.019688 0.025000
1 0.479297 0.101562 0.075938 0.153750
1 0.386719 0.052083 0.035625 0.035000
1 0.253516 0.048958 0.027187 0.027500
1 0.010547 0.046354 0.010312 0.021250
1 0.422266 0.060417 0.040313 0.057500
1 0.277734 0.061979 0.027187 0.061250
1 0.657813 0.045833 0.026250 0.025000
1 0.631250 0.041667 0.015000 0.015000
1 0.191406 0.048958 0.018750 0.032500
1 0.342969 0.048958 0.028125 0.035000
1 0.135547 0.040625 0.010312 0.017500
1 0.801172 0.039583 0.019688 0.017500
1 0.733203 0.043750 0.021562 0.027500
1 0.528516 0.042708 0.010312 0.025000
1 0.312891 0.044271 0.023438 0.028750
1 0.288672 0.040104 0.012188 0.018750
1 0.278906 0.049479 0.016875 0.041250
1 0.604297 0.037500 0.012188 0.015000
1 0.563672 0.047917 0.029062 0.040000
1 0.995313 0.036458 0.009375 0.015000
1 0.444531 0.036979 0.018750 0.016250
1 0.145313 0.038021 0.011250 0.018750
1 0.464453 0.035937 0.014063 0.016250
1 0.207031 0.039062 0.016875 0.023750
1 0.855859 0.038021 0.014063 0.023750
1 0.619141 0.038542 0.021562 0.025000
1 0.586719 0.040625 0.024375 0.030000
1 0.771875 0.039583 0.020625 0.032500
1 0.759766 0.035417 0.010312 0.022500
1 0.544922 0.035937 0.012188 0.023750
1 0.482812 0.033333 0.009375 0.022500
1 0.880859 0.033333 0.023438 0.025000
1 0.105859 0.031250 0.006563 0.020000
1 0.411328 0.041667 0.060937 0.047500
1 0.260547 0.029167 0.030937 0.017500
1 0.133203 0.027083 0.017813 0.012500
1 0.066016 0.033854 0.023438 0.028750
1 0.381641 0.028125 0.008437 0.017500
1 0.898828 0.028125 0.017813 0.020000
1 0.706250 0.027083 0.016875 0.017500
1 0.361328 0.027604 0.010312 0.018750
1 0.048828 0.034375 0.010312 0.035000
1 0.928125 0.030729 0.011250 0.028750
1 0.794531 0.025000 0.015000 0.015000
1 0.817578 0.032292 0.027187 0.035000
1 0.737109 0.026042 0.023438 0.020000
1 0.101172 0.026042 0.008437 0.020000
1 0.564063 0.027083 0.026250 0.025000
1 0.539844 0.022396 0.016875 0.013750
1 0.522266 0.029167 0.038437 0.030000
1 0.030000 0.066667 0.060000 0.120000
1 0.683594 0.026562 0.035625 0.026250
1 0.717187 0.020313 0.013125 0.013750
1 0.662109 0.022917 0.006563 0.020000
1 0.191797 0.021875 0.019688 0.020000
1 0.857812 0.030208 0.026250 0.042500
1 0.100391 0.058854 0.059062 0.111250
1 0.608594 0.020833 0.009375 0.022500
1 0.386719 0.020313 0.013125 0.021250
1 0.983984 0.019792 0.023438 0.022500
1 0.460156 0.023438 0.016875 0.031250
1 0.307422 0.020833 0.019688 0.025000
1 0.217188 0.022396 0.046875 0.028750
1 0.953125 0.031771 0.061875 0.058750
1 0.770703 0.017188 0.023438 0.023750
1 0.439063 0.018750 0.016875 0.027500
1 0.369141 0.017708 0.012188 0.025000
1 0.346094 0.015104 0.037500 0.018750
1 0.735938 0.011979 0.013125 0.013750
1 0.454688 0.011458 0.016875 0.015000
1 0.286328 0.013021 0.010312 0.018750
1 0.181641 0.014063 0.008437 0.021250
1 0.879297 0.011979 0.006563 0.021250
1 0.611328 0.012500 0.034687 0.022500
1 0.423828 0.010937 0.012188 0.018750
1 0.264062 0.013542 0.022500 0.025000
1 0.122266 0.008333 0.010312 0.012500
1 0.097656 0.011458 0.013125 0.020000
1 0.009375 0.014583 0.018750 0.027500
1 0.910547 0.013125 0.032813 0.026250
1 0.507422 0.018125 0.030937 0.036250
1 0.484375 0.011979 0.024375 0.023750
1 0.166016 0.021875 0.017813 0.043750
1 0.044141 0.009896 0.025312 0.018750
1 0.865625 0.013125 0.020625 0.026250
1 0.837891 0.013750 0.025312 0.027500
1 0.820312 0.009375 0.011250 0.018750
1 0.788281 0.016875 0.026250 0.033750
1 0.746875 0.008125 0.020625 0.016250
1 0.708984 0.011250 0.017813 0.022500
1 0.679688 0.008750 0.013125 0.017500
1 0.642969 0.020000 0.052500 0.040000
1 0.583984 0.016250 0.036562 0.032500
1 0.564453 0.008750 0.012188 0.017500
1 0.400391 0.015000 0.044062 0.030000
1 0.309766 0.011875 0.015938 0.023750
1 0.244922 0.011250 0.015938 0.022500
1 0.204297 0.008750 0.010312 0.017500
1 0.192578 0.008750 0.017813 0.017500
1 0.155859 0.008125 0.008437 0.016250
1 0.132422 0.007500 0.014063 0.015000
1 0.110156 0.011875 0.015000 0.023750
1 0.094141 0.007500 0.015938 0.015000
1 0.071875 0.013750 0.033750 0.027500
