1 0.790937 0.995504 0.012750 0.008993
1 0.048750 0.995504 0.007500 0.008993
1 0.186250 0.995004 0.012000 0.009992
1 0.776250 0.993006 0.018000 0.013988
1 0.508750 0.993006 0.012000 0.013988
1 0.742188 0.992923 0.008250 0.012989
1 0.489687 0.990508 0.029250 0.018984
1 0.370937 0.990008 0.008250 0.015987
1 0.981250 0.989509 0.033000 0.020983
1 0.005625 0.987094 0.010500 0.010991
1 0.954063 0.988759 0.012750 0.018984
1 0.256563 0.988510 0.024750 0.022981
1 0.778750 0.981682 0.009000 0.009992
1 0.375625 0.982515 0.007500 0.011990
1 0.608125 0.980433 0.007500 0.012989
1 0.822812 0.978768 0.009750 0.010991
1 0.721562 0.984513 0.041250 0.030974
1 0.021250 0.984513 0.033000 0.030974
1 0.235000 0.974604 0.009000 0.008993
1 0.228125 0.974188 0.006000 0.013988
1 0.617500 0.973772 0.016500 0.014988
1 0.600313 0.973356 0.015750 0.015987
1 0.589375 0.974188 0.009000 0.019983
1 0.551875 0.966278 0.010500 0.010991
1 0.103438 0.968360 0.008250 0.017985
1 0.631875 0.969192 0.013500 0.021982
1 0.563750 0.967527 0.013500 0.017985
1 0.223125 0.966694 0.007500 0.015987
1 0.946562 0.968776 0.018750 0.030974
1 0.294687 0.965445 0.018750 0.028976
1 0.140313 0.959201 0.006750 0.013988
1 0.615000 0.960033 0.019500 0.019983
1 0.009375 0.963364 0.018750 0.033972
1 0.603125 0.954205 0.009000 0.015987
1 0.660937 0.955454 0.009750 0.020983
1 0.572500 0.957535 0.018000 0.031973
1 0.578750 0.949625 0.012000 0.016986
1 0.543125 0.948376 0.010500 0.013988
1 0.652188 0.946295 0.011250 0.010991
1 0.381250 0.946711 0.007500 0.015987
1 0.500625 0.945046 0.022500 0.013988
1 0.641875 0.947127 0.009000 0.020983
1 0.982812 0.943381 0.008250 0.013988
1 0.667188 0.945878 0.011250 0.021982
1 0.696875 0.942548 0.021000 0.015987
1 0.625000 0.944213 0.016500 0.019983
1 0.553125 0.950458 0.022500 0.034971
1 0.544687 0.940050 0.017250 0.011990
1 0.136250 0.950458 0.028500 0.036969
1 0.463438 0.938801 0.011250 0.016986
1 0.513125 0.940466 0.015000 0.022981
1 0.472813 0.935470 0.009750 0.010991
1 0.692813 0.932556 0.012750 0.009992
1 0.539375 0.930475 0.010500 0.010991
1 0.527188 0.944213 0.021750 0.043963
1 0.128750 0.948376 0.031500 0.053955
1 0.683125 0.934221 0.012000 0.021982
1 0.483750 0.936719 0.015000 0.027977
1 0.630625 0.925895 0.009000 0.009992
1 0.513437 0.926311 0.009750 0.012989
1 0.713125 0.930475 0.024000 0.024979
1 0.653750 0.930891 0.016500 0.025978
1 0.148125 0.927144 0.010500 0.016986
1 0.211562 0.929226 0.014250 0.023980
1 0.732500 0.923397 0.016500 0.011990
1 0.570312 0.930475 0.021750 0.028976
1 0.447500 0.922565 0.015000 0.009992
1 0.641563 0.926728 0.018750 0.021982
1 0.668125 0.925062 0.015000 0.021982
1 0.387500 0.918818 0.007500 0.008993
1 0.096875 0.921732 0.007500 0.015987
1 0.525000 0.919234 0.009000 0.011990
1 0.661250 0.917152 0.012000 0.008993
1 0.552500 0.920067 0.010500 0.017985
1 0.645000 0.915903 0.013500 0.009992
1 0.462500 0.913405 0.015000 0.007993
1 0.092500 0.917985 0.009000 0.018984
1 0.489687 0.918401 0.014250 0.021982
1 0.597500 0.929226 0.046500 0.049958
1 0.974375 0.917152 0.024000 0.022981
1 0.753437 0.914238 0.017250 0.015987
1 0.540625 0.916320 0.016500 0.020983
1 0.375937 0.912157 0.008250 0.010991
1 0.708125 0.916320 0.010500 0.024979
1 0.653750 0.912157 0.007500 0.014988
1 0.698125 0.917985 0.012000 0.030974
1 0.015750 0.936303 0.031500 0.074938
1 0.004125 0.915903 0.008250 0.025978
1 0.500625 0.907993 0.016500 0.008993
1 0.623125 0.916320 0.022500 0.030974
1 0.385313 0.908826 0.008250 0.012989
1 0.365312 0.909659 0.008250 0.014988
1 0.578438 0.919234 0.027750 0.039967
1 0.726875 0.905079 0.018000 0.009992
1 0.448437 0.907577 0.006750 0.015987
1 0.393125 0.907577 0.007500 0.015987
1 0.562187 0.905912 0.006750 0.013988
1 0.757188 0.905912 0.017250 0.015987
1 0.478750 0.910075 0.010500 0.025978
1 0.513125 0.910491 0.019500 0.028976
1 0.600313 0.904663 0.009750 0.016986
1 0.772188 0.904663 0.008250 0.018984
1 0.524375 0.904663 0.015000 0.020983
1 0.652813 0.900500 0.011250 0.012989
1 0.594375 0.899667 0.009000 0.010991
1 0.715000 0.901749 0.007500 0.017985
1 0.688125 0.904246 0.036000 0.023980
1 0.423125 0.914654 0.031500 0.048959
1 0.584688 0.898834 0.009750 0.012989
1 0.443750 0.905079 0.021000 0.029975
1 0.435625 0.898002 0.009000 0.012989
1 0.084687 0.906328 0.027750 0.032973
1 0.737500 0.904663 0.028500 0.030974
1 0.343750 0.897169 0.009000 0.016986
1 0.547188 0.896753 0.006750 0.017985
1 0.356250 0.901332 0.013500 0.030974
1 0.118750 0.896336 0.013500 0.018984
1 0.576250 0.896336 0.010500 0.020983
1 0.413750 0.893006 0.016500 0.012989
1 0.780312 0.895504 0.012750 0.020983
1 0.758437 0.893006 0.009750 0.016986
1 0.183125 0.892173 0.007500 0.014988
1 0.534687 0.895087 0.012750 0.025978
1 0.488438 0.896753 0.014250 0.029975
1 0.388125 0.895504 0.043500 0.026978
1 0.678750 0.889259 0.013500 0.013988
1 0.617812 0.895087 0.026250 0.027977
1 0.362812 0.888426 0.009750 0.011990
1 0.301563 0.889259 0.011250 0.017985
1 0.557500 0.886345 0.010500 0.012989
1 0.351250 0.885928 0.012000 0.013988
1 0.632500 0.890092 0.007500 0.025978
1 0.460313 0.885512 0.006750 0.014988
1 0.512500 0.888010 0.019500 0.022981
1 0.336562 0.883430 0.006750 0.011990
1 0.819688 0.884263 0.008250 0.015987
1 0.377500 0.885096 0.012000 0.017985
1 0.766563 0.883014 0.017250 0.016986
1 0.419375 0.880933 0.009000 0.011990
1 0.589375 0.885512 0.013500 0.024979
1 0.493125 0.878435 0.012000 0.007993
1 0.510938 0.879684 0.014250 0.012989
1 0.713125 0.882182 0.018000 0.020983
1 0.726875 0.881349 0.015000 0.020983
1 0.265625 0.879684 0.013500 0.018984
1 0.650312 0.880100 0.014250 0.021982
1 0.349375 0.875104 0.012000 0.009992
1 0.807500 0.882182 0.016500 0.028976
1 0.703125 0.880933 0.016500 0.027977
1 0.578750 0.879267 0.010500 0.023980
1 0.472813 0.888010 0.024750 0.044963
1 0.417812 0.874688 0.015750 0.012989
1 0.391875 0.876353 0.016500 0.016986
1 0.546562 0.873022 0.011250 0.010991
1 0.408438 0.876353 0.014250 0.018984
1 0.848437 0.873022 0.008250 0.012989
1 0.750313 0.876769 0.015750 0.021982
1 0.785000 0.870525 0.009000 0.008993
1 0.626875 0.870941 0.012000 0.011990
1 0.663438 0.881765 0.020250 0.039967
1 0.324062 0.870108 0.014250 0.011990
1 0.091875 0.869692 0.010500 0.012989
1 0.369375 0.871774 0.007500 0.019983
1 0.610938 0.873855 0.033750 0.026978
1 0.838750 0.868027 0.007500 0.014988
1 0.693438 0.867610 0.008250 0.013988
1 0.345938 0.865112 0.015750 0.007993
1 0.767188 0.871357 0.027750 0.028976
1 0.668750 0.866778 0.012000 0.017985
1 0.472187 0.867194 0.018750 0.020983
1 0.485000 0.865112 0.006000 0.017985
1 0.401562 0.862198 0.009750 0.010991
1 0.391250 0.862198 0.010500 0.012989
1 0.216875 0.864280 0.009000 0.017985
1 0.826250 0.865529 0.018000 0.022981
1 0.192500 0.858451 0.012000 0.005995
1 0.808438 0.865945 0.027750 0.025978
1 0.095625 0.863447 0.013500 0.019983
1 0.381563 0.857202 0.012750 0.008993
1 0.345938 0.858035 0.008250 0.010991
1 0.718750 0.862198 0.021000 0.022981
1 0.633125 0.857202 0.010500 0.010991
1 0.594063 0.858451 0.009750 0.013988
1 0.576875 0.863031 0.024000 0.026978
1 0.567813 0.862614 0.018750 0.025978
1 0.371250 0.856370 0.010500 0.010991
1 0.734688 0.857619 0.014250 0.015987
1 0.703750 0.860949 0.018000 0.023980
1 0.610313 0.858451 0.014250 0.017985
1 0.496875 0.859284 0.019500 0.019983
1 0.239063 0.863031 0.015750 0.028976
1 0.848750 0.858035 0.021000 0.018984
1 0.523125 0.856370 0.013500 0.014988
1 0.619062 0.856786 0.014250 0.019983
1 0.435000 0.870108 0.048000 0.051957
1 0.228437 0.853455 0.026250 0.015987
1 0.790312 0.851790 0.026250 0.013988
1 0.277500 0.869276 0.061500 0.055953
1 0.431250 0.850541 0.019500 0.012989
1 0.539062 0.859284 0.032250 0.037968
1 0.481875 0.848460 0.015000 0.011990
1 0.163750 0.848876 0.012000 0.012989
1 0.856563 0.848876 0.020250 0.014988
1 0.632188 0.845545 0.011250 0.010991
1 0.325000 0.853039 0.015000 0.028976
1 0.023438 0.845962 0.011250 0.013988
1 0.391875 0.847211 0.012000 0.018984
1 0.662813 0.852206 0.017250 0.032973
1 0.381250 0.845545 0.012000 0.016986
1 0.750000 0.851790 0.022500 0.033972
1 0.676562 0.843464 0.006750 0.013988
1 0.726250 0.843464 0.013500 0.015987
1 0.499688 0.845129 0.017250 0.019983
1 0.207187 0.852623 0.015750 0.037968
1 0.832812 0.843880 0.012750 0.018984
1 0.918125 0.840133 0.012000 0.011990
1 0.907813 0.842215 0.011250 0.016986
1 0.356875 0.849292 0.021000 0.035970
1 0.516250 0.841382 0.013500 0.018984
1 0.410000 0.840550 0.013500 0.016986
1 0.270313 0.840133 0.011250 0.015987
1 0.262500 0.842215 0.009000 0.020983
1 0.331562 0.838468 0.011250 0.013988
1 0.279062 0.838052 0.008250 0.012989
1 0.460313 0.848460 0.030750 0.039967
1 0.393125 0.838884 0.024000 0.016986
1 0.298750 0.846794 0.040500 0.035970
1 0.563750 0.837635 0.013500 0.015987
1 0.613125 0.840133 0.018000 0.023980
1 0.430625 0.833472 0.007500 0.009992
1 0.243438 0.838884 0.008250 0.022981
1 0.710625 0.835970 0.013500 0.017985
1 0.699688 0.840966 0.024750 0.029975
1 0.646250 0.850125 0.025500 0.051957
1 0.587500 0.842215 0.042000 0.032973
1 0.740313 0.831807 0.009750 0.013988
1 0.369063 0.835554 0.017250 0.022981
1 0.230000 0.835970 0.024000 0.023980
1 0.729688 0.832639 0.011250 0.017985
1 0.640000 0.834305 0.009000 0.023980
1 0.882500 0.844713 0.031500 0.052956
1 0.840313 0.826811 0.008250 0.009992
1 0.753437 0.829309 0.017250 0.015987
1 0.305312 0.832223 0.015750 0.022981
1 0.785625 0.829725 0.018000 0.018984
1 0.471562 0.825146 0.008250 0.007993
1 0.358125 0.830974 0.010500 0.021982
1 0.009375 0.828893 0.013500 0.016986
1 0.202187 0.837219 0.041250 0.038968
1 0.276875 0.824729 0.015000 0.010991
1 0.528438 0.826395 0.008250 0.016986
1 0.440000 0.826395 0.013500 0.016986
1 0.323437 0.828893 0.024750 0.022981
1 0.815000 0.833056 0.030000 0.034971
1 0.675312 0.824313 0.011250 0.017985
1 0.351562 0.820150 0.006750 0.007993
1 0.268437 0.824729 0.008250 0.018984
1 0.580625 0.821815 0.012000 0.013988
1 0.918438 0.826395 0.023250 0.026978
1 0.617188 0.818485 0.011250 0.007993
1 0.790937 0.830142 0.051750 0.037968
1 0.776563 0.824313 0.018750 0.023980
1 0.608750 0.822231 0.018000 0.018984
1 0.196563 0.820150 0.006750 0.013988
1 0.855938 0.827227 0.027750 0.032973
1 0.489687 0.825562 0.018750 0.028976
1 0.286250 0.819734 0.016500 0.014988
1 0.330937 0.820983 0.021750 0.019983
1 0.205313 0.815570 0.009750 0.008993
1 0.660312 0.816403 0.009750 0.012989
1 0.725625 0.815154 0.025500 0.011990
1 0.451250 0.821815 0.015000 0.027977
1 0.840938 0.815570 0.014250 0.014988
1 0.509062 0.821399 0.023250 0.028976
1 0.244062 0.820566 0.026250 0.026978
1 0.676250 0.812656 0.018000 0.009992
1 0.320312 0.812656 0.009750 0.009992
1 0.168750 0.826811 0.045000 0.043963
1 0.817813 0.813072 0.011250 0.012989
1 0.461250 0.813489 0.007500 0.013988
1 0.300312 0.812656 0.012750 0.011990
1 0.650625 0.812656 0.012000 0.013988
1 0.474687 0.814321 0.020250 0.017985
1 0.418438 0.828060 0.024750 0.050958
1 0.703438 0.820566 0.038250 0.034971
1 0.558750 0.812656 0.009000 0.015987
1 0.004125 0.815987 0.008250 0.025978
1 0.315000 0.809326 0.015000 0.011990
1 0.216250 0.813905 0.012000 0.022981
1 0.918438 0.809742 0.017250 0.014988
1 0.888125 0.812656 0.015000 0.021982
1 0.946562 0.820150 0.036750 0.041965
1 0.875938 0.810575 0.009750 0.018984
1 0.592500 0.820150 0.030000 0.041965
1 0.345938 0.806828 0.008250 0.009992
1 0.807187 0.808909 0.012750 0.016986
1 0.698438 0.809326 0.015750 0.019983
1 0.830000 0.811823 0.018000 0.029975
1 0.742188 0.803913 0.020250 0.010991
1 0.400938 0.814321 0.024750 0.035970
1 0.336875 0.803913 0.009000 0.012989
1 0.464062 0.804330 0.009750 0.015987
1 0.838437 0.802664 0.008250 0.013988
1 0.726250 0.800583 0.016500 0.008993
1 0.497812 0.805995 0.023250 0.021982
1 0.202813 0.804330 0.008250 0.017985
1 0.135937 0.805995 0.023250 0.021982
1 0.573438 0.804330 0.014250 0.021982
1 0.526875 0.810575 0.034500 0.036969
1 0.365000 0.800167 0.018000 0.011990
1 0.147813 0.804330 0.017250 0.021982
1 0.819063 0.800167 0.017250 0.015987
1 0.306250 0.804746 0.010500 0.026978
1 0.776875 0.799750 0.018000 0.016986
1 0.410938 0.800999 0.014250 0.019983
1 0.932500 0.796836 0.010500 0.011990
1 0.640312 0.803913 0.021750 0.028976
1 0.218438 0.797252 0.012750 0.012989
1 0.176250 0.805579 0.024000 0.032973
1 0.875313 0.800999 0.029250 0.023980
1 0.352500 0.795587 0.009000 0.012989
1 0.752188 0.808077 0.035250 0.044963
1 0.259062 0.797252 0.023250 0.018984
1 0.017188 0.794754 0.015750 0.014988
1 0.799063 0.798085 0.017250 0.024979
1 0.748750 0.791840 0.007500 0.009992
1 0.623750 0.800999 0.018000 0.031973
1 0.315312 0.794754 0.006750 0.016986
1 0.946875 0.795587 0.019500 0.020983
1 0.910312 0.798085 0.021750 0.026978
1 0.899062 0.794754 0.008250 0.020983
1 0.632812 0.793089 0.008250 0.016986
1 0.540625 0.790175 0.009000 0.009992
1 0.482187 0.791840 0.017250 0.013988
1 0.403750 0.792256 0.013500 0.016986
1 0.165000 0.790175 0.013500 0.011990
1 0.370625 0.790175 0.018000 0.013988
1 0.925000 0.787261 0.012000 0.008993
1 0.892188 0.788926 0.006750 0.012989
1 0.190312 0.786844 0.012750 0.007993
1 0.470000 0.788926 0.010500 0.014988
1 0.958438 0.787677 0.008250 0.013988
1 0.565312 0.793505 0.027750 0.027977
1 0.461250 0.789759 0.015000 0.018984
1 0.446875 0.792673 0.018000 0.025978
1 0.383750 0.799334 0.024000 0.041965
1 0.763750 0.788510 0.007500 0.017985
1 0.721562 0.788926 0.011250 0.018984
1 0.663438 0.793505 0.039750 0.031973
1 0.335000 0.788926 0.022500 0.020983
1 0.854375 0.797252 0.028500 0.042964
1 0.594375 0.790591 0.033000 0.026978
1 0.493750 0.788093 0.022500 0.020983
1 0.975938 0.797252 0.027750 0.044963
1 0.690312 0.786012 0.012750 0.019983
1 0.680625 0.782265 0.019500 0.010991
1 0.539687 0.811823 0.039750 0.081932
1 0.969375 0.782681 0.013500 0.013988
1 0.802188 0.784763 0.011250 0.018984
1 0.130938 0.790175 0.023250 0.031973
1 0.993625 0.783930 0.012750 0.018984
1 0.280938 0.788093 0.014250 0.028976
1 0.142813 0.781848 0.011250 0.013988
1 0.420938 0.791840 0.030750 0.039967
1 0.301875 0.784346 0.006000 0.021982
1 0.174375 0.781016 0.010500 0.013988
1 0.606563 0.782265 0.011250 0.018984
1 0.360312 0.780183 0.008250 0.013988
1 0.242812 0.795171 0.047250 0.049958
1 0.900937 0.778518 0.012750 0.013988
1 0.596250 0.781432 0.006000 0.022981
1 0.509375 0.781848 0.015000 0.023980
1 0.236250 0.776020 0.009000 0.009992
1 0.210000 0.782681 0.018000 0.025978
1 0.828438 0.776853 0.015750 0.013988
1 0.435312 0.778518 0.011250 0.019983
1 0.399062 0.773938 0.011250 0.008993
1 0.222188 0.781848 0.009750 0.027977
1 0.822187 0.783930 0.027750 0.034971
1 0.462813 0.774355 0.015750 0.011990
1 0.945937 0.772689 0.009750 0.009992
1 0.704688 0.783514 0.020250 0.035970
1 0.520938 0.777685 0.014250 0.021982
1 0.448125 0.777685 0.016500 0.021982
1 0.390000 0.773106 0.009000 0.010991
1 0.877500 0.778518 0.028500 0.025978
1 0.839688 0.772273 0.009750 0.010991
1 0.957812 0.773522 0.014250 0.015987
1 0.734062 0.777685 0.008250 0.025978
1 0.414687 0.774355 0.018750 0.017985
1 0.377188 0.773522 0.017250 0.017985
1 0.331562 0.775604 0.026250 0.022981
1 0.265625 0.777685 0.025500 0.027977
1 0.749062 0.776020 0.027750 0.025978
1 0.676250 0.772273 0.007500 0.016986
1 0.552813 0.770608 0.008250 0.012989
1 0.155938 0.773938 0.014250 0.024979
1 0.134687 0.769775 0.008250 0.014988
1 0.113125 0.770608 0.010500 0.016986
1 0.442188 0.768110 0.008250 0.012989
1 0.174063 0.767277 0.006750 0.010991
1 0.743125 0.765612 0.007500 0.008993
1 0.294687 0.773938 0.012750 0.028976
1 0.572187 0.764779 0.011250 0.010991
1 0.544063 0.767694 0.011250 0.017985
1 0.164687 0.768526 0.014250 0.019983
1 0.709375 0.765612 0.006000 0.014988
1 0.907188 0.763114 0.014250 0.012989
1 0.499688 0.767694 0.021750 0.023980
1 0.985313 0.767277 0.020250 0.024979
1 0.972812 0.766028 0.012750 0.021982
1 0.813750 0.762281 0.012000 0.012989
1 0.716562 0.760200 0.011250 0.007993
1 0.353125 0.765196 0.009000 0.019983
1 0.338750 0.763114 0.016500 0.014988
1 0.316875 0.762698 0.013500 0.013988
1 0.423438 0.760200 0.014250 0.009992
1 0.850938 0.763947 0.030750 0.020983
1 0.750000 0.758535 0.010500 0.009992
1 0.942813 0.770608 0.042750 0.040966
1 0.872500 0.761865 0.018000 0.019983
1 0.112812 0.757286 0.009750 0.008993
1 0.197813 0.768943 0.048750 0.038968
1 0.413125 0.758535 0.006000 0.017985
1 0.389062 0.759367 0.018750 0.019983
1 0.375000 0.755204 0.012000 0.009992
1 0.243438 0.762698 0.012750 0.027977
1 0.225000 0.758535 0.009000 0.017985
1 0.155938 0.756453 0.012750 0.012989
1 0.587812 0.763530 0.014250 0.031973
1 0.695312 0.756453 0.011250 0.016986
1 0.398750 0.758118 0.021000 0.020983
1 0.714688 0.751873 0.017250 0.009992
1 0.689063 0.753539 0.009750 0.015987
1 0.510625 0.753539 0.012000 0.015987
1 0.140937 0.753122 0.017250 0.014988
1 0.126562 0.755620 0.026250 0.020983
1 0.929688 0.753955 0.009750 0.018984
1 0.767188 0.756869 0.011250 0.025978
1 0.730938 0.756453 0.021750 0.024979
1 0.598437 0.754788 0.014250 0.020983
1 0.556875 0.763530 0.016500 0.043963
1 0.485000 0.758118 0.025500 0.030974
1 0.241875 0.748959 0.010500 0.008993
1 0.174063 0.752706 0.023250 0.017985
1 0.789687 0.763530 0.033750 0.045962
1 0.760625 0.760616 0.016500 0.038968
1 0.677188 0.754371 0.015750 0.023980
1 0.362500 0.758951 0.015000 0.034971
1 0.891875 0.756037 0.021000 0.029975
1 0.580313 0.750208 0.015750 0.015987
1 0.428125 0.749792 0.009000 0.014988
1 0.987812 0.748543 0.011250 0.013988
1 0.265313 0.746461 0.009750 0.008993
1 0.283438 0.755620 0.027750 0.032973
1 0.470938 0.751457 0.015750 0.024979
1 0.441250 0.751457 0.012000 0.024979
1 0.299063 0.746878 0.008250 0.013988
1 0.215000 0.746461 0.022500 0.012989
1 0.958750 0.746045 0.016500 0.015987
1 0.050625 0.745629 0.013500 0.014988
1 0.010500 0.746878 0.021000 0.017985
1 0.842187 0.750624 0.024750 0.028976
1 0.617812 0.758118 0.027750 0.046961
1 0.327500 0.750624 0.013500 0.028976
1 0.247500 0.741465 0.012000 0.006994
1 0.154375 0.743547 0.006000 0.011990
1 0.536250 0.762281 0.028500 0.058951
1 0.416250 0.743547 0.006000 0.013988
1 0.482812 0.738968 0.012750 0.008993
1 0.401562 0.746045 0.006750 0.025978
1 0.203125 0.741882 0.009000 0.017985
1 0.006750 0.740216 0.013500 0.013988
1 0.509375 0.741465 0.007500 0.018984
1 0.378437 0.742714 0.012750 0.021982
1 0.907813 0.738135 0.012750 0.014988
1 0.256875 0.737302 0.010500 0.012989
1 0.164687 0.738135 0.015750 0.014988
1 0.580313 0.737302 0.012750 0.014988
1 0.455625 0.738135 0.013500 0.016986
1 0.352187 0.748127 0.015750 0.042964
1 0.121563 0.736470 0.011250 0.014988
1 0.946875 0.741882 0.019500 0.029975
1 0.923125 0.751457 0.022500 0.052956
1 0.104063 0.734804 0.009750 0.012989
1 0.853437 0.733555 0.011250 0.011990
1 0.873437 0.740216 0.036750 0.029975
1 0.746875 0.740216 0.010500 0.029975
1 0.388125 0.738551 0.012000 0.027977
1 0.363438 0.735637 0.006750 0.020983
1 0.591875 0.733555 0.010500 0.017985
1 0.485312 0.730225 0.014250 0.011990
1 0.305625 0.735221 0.013500 0.023980
1 0.824688 0.732306 0.014250 0.018984
1 0.555937 0.737719 0.023250 0.031973
1 0.989500 0.739800 0.021000 0.038968
1 0.456875 0.731474 0.016500 0.018984
1 0.420000 0.732306 0.007500 0.020983
1 0.322813 0.739800 0.045750 0.038968
1 0.230937 0.731890 0.021750 0.019983
1 0.940937 0.729808 0.011250 0.016986
1 0.546875 0.730641 0.013500 0.020983
1 0.373125 0.733139 0.016500 0.026978
1 0.273750 0.726894 0.010500 0.011990
1 0.140937 0.733972 0.012750 0.028976
1 0.848125 0.726894 0.013500 0.013988
1 0.157812 0.726062 0.009750 0.011990
1 0.210938 0.728560 0.009750 0.019983
1 0.187188 0.725645 0.011250 0.012989
1 0.740000 0.733139 0.016500 0.034971
1 0.410625 0.728143 0.018000 0.022981
1 0.587187 0.724813 0.005250 0.016986
1 0.377500 0.723564 0.012000 0.015987
1 0.344062 0.735637 0.030750 0.044963
1 0.981875 0.723564 0.010500 0.017985
1 0.130938 0.722315 0.011250 0.014988
1 0.120313 0.723147 0.008250 0.016986
1 0.680937 0.731474 0.041250 0.038968
1 0.360625 0.722315 0.010500 0.016986
1 0.300938 0.722315 0.011250 0.016986
1 0.968125 0.722315 0.018000 0.018984
1 0.911875 0.722731 0.009000 0.019983
1 0.844688 0.719817 0.011250 0.012989
1 0.335625 0.719400 0.019500 0.011990
1 0.583750 0.718152 0.007500 0.012989
1 0.522188 0.728976 0.032250 0.038968
1 0.286562 0.726478 0.026250 0.032973
1 0.095625 0.717319 0.007500 0.010991
1 0.536875 0.718984 0.012000 0.016986
1 0.279687 0.715654 0.011250 0.008993
1 0.420312 0.718568 0.012750 0.017985
1 0.109687 0.719817 0.011250 0.020983
1 0.897188 0.717735 0.009750 0.017985
1 0.861875 0.717735 0.013500 0.019983
1 0.318750 0.715654 0.007500 0.014988
1 0.242188 0.714821 0.014250 0.014988
1 0.175000 0.718984 0.016500 0.024979
1 0.952187 0.715237 0.017250 0.017985
1 0.831250 0.716486 0.021000 0.020983
1 0.436563 0.723980 0.026250 0.038968
1 0.991375 0.716070 0.017250 0.021982
1 0.917500 0.713572 0.013500 0.015987
1 0.607812 0.724396 0.026250 0.043963
1 0.465313 0.710241 0.011250 0.009992
1 0.453437 0.713156 0.011250 0.016986
1 0.328750 0.710658 0.013500 0.010991
1 0.308125 0.715237 0.013500 0.021982
1 0.266250 0.714405 0.016500 0.019983
1 0.502500 0.717319 0.015000 0.028976
1 0.438750 0.710658 0.012000 0.012989
1 0.125938 0.710241 0.011250 0.011990
1 0.552188 0.712739 0.012750 0.019983
1 0.880938 0.711074 0.012750 0.017985
1 0.869375 0.708993 0.013500 0.012989
1 0.569375 0.709409 0.009000 0.013988
1 0.354063 0.710241 0.018750 0.015987
1 0.962812 0.707744 0.008250 0.011990
1 0.716562 0.723147 0.023250 0.048959
1 0.489687 0.712739 0.015750 0.023980
1 0.195000 0.721898 0.027000 0.045962
1 0.479063 0.706078 0.012750 0.009992
1 0.392813 0.715237 0.035250 0.031973
1 0.142187 0.706495 0.011250 0.012989
1 0.133125 0.707744 0.007500 0.015987
1 0.520000 0.705246 0.007500 0.015987
1 0.411875 0.703997 0.009000 0.012989
1 0.292812 0.706495 0.023250 0.018984
1 0.113125 0.705246 0.013500 0.015987
1 0.794375 0.728976 0.102000 0.074938
1 0.805312 0.704413 0.012750 0.015987
1 0.949688 0.704413 0.012750 0.017985
1 0.892500 0.703580 0.013500 0.015987
1 0.533750 0.705662 0.016500 0.020983
1 0.447188 0.700666 0.008250 0.008993
1 0.339375 0.704829 0.015000 0.018984
1 0.558125 0.709825 0.027000 0.032973
1 0.510000 0.700250 0.016500 0.009992
1 0.425000 0.703580 0.007500 0.017985
1 0.250000 0.703580 0.019500 0.017985
1 0.362812 0.701082 0.009750 0.013988
1 0.858437 0.701499 0.017250 0.016986
1 0.234063 0.698168 0.012750 0.008993
1 0.459062 0.700250 0.009750 0.017985
1 0.303438 0.696503 0.008250 0.008993
1 0.204375 0.701499 0.007500 0.022981
1 0.927813 0.696087 0.009750 0.013988
1 0.377188 0.699833 0.012750 0.022981
1 0.416250 0.695670 0.013500 0.014988
1 0.939063 0.701082 0.011250 0.029975
1 0.358438 0.693589 0.009750 0.011990
1 0.742500 0.701082 0.034500 0.031973
1 0.571250 0.696503 0.027000 0.020983
1 0.187500 0.697752 0.031500 0.023980
1 0.110937 0.694838 0.018750 0.016986
1 0.795625 0.695254 0.022500 0.019983
1 0.436250 0.695254 0.016500 0.019983
1 0.157500 0.702748 0.024000 0.037968
1 0.775625 0.691507 0.004500 0.012989
1 0.532188 0.690674 0.011250 0.010991
1 0.138750 0.693172 0.019500 0.016986
1 0.667813 0.700666 0.036750 0.036969
1 0.176250 0.693589 0.009000 0.021982
1 0.832812 0.692340 0.012750 0.022981
1 0.274687 0.698168 0.038250 0.036969
1 0.827187 0.698585 0.021750 0.039967
1 0.228125 0.695254 0.025500 0.031973
1 0.961562 0.690674 0.014250 0.022981
1 0.497188 0.684430 0.014250 0.007993
1 0.451875 0.687344 0.006000 0.014988
1 0.326875 0.692756 0.015000 0.027977
1 0.864375 0.690258 0.019500 0.023980
1 0.812500 0.689842 0.015000 0.022981
1 0.297812 0.687760 0.015750 0.017985
1 0.778750 0.695670 0.015000 0.038968
1 0.187500 0.685262 0.016500 0.013988
1 0.484375 0.689842 0.013500 0.026978
1 0.768125 0.691507 0.016500 0.034971
1 0.466875 0.681932 0.010500 0.011990
1 0.243750 0.684846 0.015000 0.018984
1 0.136563 0.682764 0.015750 0.013988
1 0.794687 0.681932 0.006750 0.013988
1 0.699375 0.694421 0.030000 0.045962
1 0.966562 0.678601 0.008250 0.011990
1 0.851562 0.682764 0.012750 0.021982
1 0.420938 0.681932 0.020250 0.019983
1 0.361250 0.679850 0.018000 0.014988
1 0.597187 0.687760 0.030750 0.035970
1 0.546250 0.677352 0.013500 0.010991
1 0.258750 0.680683 0.006000 0.018984
1 0.224375 0.679017 0.013500 0.014988
1 0.209063 0.678185 0.009750 0.012989
1 0.160938 0.681099 0.020250 0.019983
1 0.883437 0.677352 0.015750 0.014988
1 0.839063 0.678185 0.018750 0.016986
1 0.805000 0.676520 0.010500 0.012989
1 0.754062 0.675271 0.011250 0.009992
1 0.280625 0.676103 0.009000 0.011990
1 0.003750 0.675687 0.007500 0.010991
1 0.988437 0.690674 0.021750 0.050958
1 0.945937 0.674438 0.008250 0.013988
1 0.640000 0.675271 0.016500 0.015987
1 0.332188 0.674854 0.008250 0.014988
1 0.147500 0.675271 0.010500 0.015987
1 0.323750 0.673605 0.009000 0.015987
1 0.216875 0.671107 0.012000 0.009992
1 0.458125 0.672356 0.009000 0.014988
1 0.175937 0.675687 0.015750 0.022981
1 0.389688 0.681099 0.017250 0.037968
1 0.316563 0.670691 0.008250 0.012989
1 0.306563 0.674438 0.012750 0.021982
1 0.896563 0.670275 0.020250 0.013988
1 0.365938 0.669858 0.015750 0.012989
1 0.343750 0.669858 0.012000 0.014988
1 0.696875 0.665279 0.009000 0.007993
1 0.485938 0.668609 0.011250 0.015987
1 0.920000 0.682764 0.046500 0.051957
1 0.708125 0.671940 0.012000 0.025978
1 0.378437 0.671524 0.014250 0.024979
1 0.204063 0.666528 0.011250 0.012989
1 0.198437 0.674022 0.014250 0.030974
1 0.438750 0.676936 0.018000 0.039967
1 0.137813 0.666112 0.009750 0.013988
1 0.087500 0.675271 0.018000 0.035970
1 0.960000 0.664446 0.009000 0.011990
1 0.886563 0.663614 0.009750 0.009992
1 0.812187 0.663614 0.009750 0.009992
1 0.471250 0.668193 0.021000 0.020983
1 0.869062 0.663614 0.008250 0.015987
1 0.337500 0.663614 0.007500 0.015987
1 0.993625 0.661116 0.012750 0.013988
1 0.496250 0.664863 0.010500 0.022981
1 0.409687 0.669442 0.017250 0.033972
1 0.901563 0.659034 0.024750 0.012989
1 0.173125 0.659034 0.007500 0.014988
1 0.750000 0.657785 0.007500 0.013988
1 0.729688 0.666528 0.036750 0.034971
1 0.530312 0.659034 0.017250 0.016986
1 0.251250 0.659867 0.016500 0.018984
1 0.185625 0.665279 0.018000 0.031973
1 0.355625 0.661532 0.012000 0.024979
1 0.224688 0.661116 0.023250 0.023980
1 0.784375 0.666112 0.015000 0.037968
1 0.239375 0.657785 0.006000 0.017985
1 0.874687 0.653622 0.015750 0.009992
1 0.826562 0.657369 0.018750 0.018984
1 0.573438 0.669026 0.041250 0.046961
1 0.458125 0.656536 0.012000 0.016986
1 0.396875 0.666112 0.019500 0.039967
1 0.380937 0.655704 0.008250 0.014988
1 0.465938 0.657369 0.011250 0.020983
1 0.279062 0.654038 0.009750 0.012989
1 0.093125 0.658618 0.010500 0.025978
1 0.954688 0.650708 0.012750 0.008993
1 0.320000 0.651540 0.010500 0.010991
1 0.424687 0.656120 0.017250 0.023980
1 0.307188 0.656120 0.018750 0.023980
1 0.260313 0.649875 0.009750 0.008993
1 0.192812 0.652789 0.009750 0.015987
1 0.116250 0.671940 0.063000 0.061948
1 0.108750 0.659034 0.015000 0.032973
1 0.180938 0.649875 0.012750 0.012989
1 0.344687 0.648626 0.009750 0.011990
1 0.795625 0.654455 0.010500 0.027977
1 0.852812 0.659034 0.027750 0.040966
1 0.520625 0.664030 0.058500 0.052956
1 0.372812 0.646128 0.008250 0.009992
1 0.290625 0.656536 0.019500 0.034971
1 0.334375 0.648626 0.010500 0.017985
1 0.265313 0.656120 0.018750 0.035970
1 0.889687 0.648626 0.018750 0.019983
1 0.404687 0.647377 0.012750 0.016986
1 0.814375 0.644879 0.010500 0.012989
1 0.203125 0.648210 0.012000 0.022981
1 0.782813 0.646961 0.009750 0.021982
1 0.828438 0.640300 0.008250 0.009992
1 0.155938 0.645296 0.014250 0.021982
1 0.086250 0.644463 0.013500 0.019983
1 0.970313 0.639051 0.008250 0.008993
1 0.548438 0.647377 0.015750 0.028976
1 0.629687 0.712323 0.072750 0.186844
1 0.340000 0.637386 0.016500 0.008993
1 0.485312 0.645296 0.024750 0.029975
1 0.141250 0.641132 0.007500 0.019983
1 0.931875 0.647794 0.019500 0.039967
1 0.696250 0.639467 0.013500 0.019983
1 0.388750 0.638634 0.015000 0.017985
1 0.097812 0.646961 0.020250 0.037968
1 0.075000 0.644463 0.016500 0.031973
1 0.129062 0.636137 0.020250 0.013988
1 0.991750 0.643630 0.016500 0.035970
1 0.571562 0.643214 0.036750 0.034971
1 0.200937 0.633222 0.009750 0.010991
1 0.118438 0.634471 0.011250 0.013988
1 0.957187 0.633639 0.015750 0.015987
1 0.942813 0.634055 0.014250 0.018984
1 0.276250 0.636969 0.013500 0.025978
1 0.411562 0.636137 0.017250 0.025978
1 0.230937 0.636969 0.026250 0.027977
1 0.149062 0.631973 0.008250 0.015987
1 0.448125 0.631973 0.009000 0.017985
1 0.439688 0.629059 0.009750 0.010991
1 0.183125 0.633222 0.018000 0.020983
1 0.911250 0.639467 0.040500 0.037968
1 0.525312 0.638634 0.014250 0.035970
1 0.421875 0.631973 0.010500 0.019983
1 0.555000 0.632806 0.010500 0.023980
1 0.975625 0.628643 0.025500 0.015987
1 0.348125 0.627394 0.012000 0.012989
1 0.098437 0.626978 0.006750 0.011990
1 0.065625 0.628226 0.009000 0.014988
1 0.544063 0.631557 0.014250 0.024979
1 0.827187 0.628643 0.015750 0.021982
1 0.503437 0.627810 0.012750 0.021982
1 0.490625 0.624063 0.013500 0.014988
1 0.315000 0.631973 0.027000 0.033972
1 0.950937 0.621149 0.012750 0.009992
1 0.879375 0.621982 0.012000 0.011990
1 0.923125 0.624480 0.019500 0.019983
1 0.095312 0.621149 0.017250 0.013988
1 0.004125 0.620316 0.008250 0.011990
1 0.811875 0.617818 0.010500 0.007993
1 0.471562 0.624896 0.024750 0.024979
1 0.367812 0.627394 0.020250 0.030974
1 0.066250 0.618651 0.012000 0.011990
1 0.524062 0.621565 0.017250 0.022981
1 0.084687 0.617818 0.005250 0.017985
1 0.979062 0.615737 0.020250 0.014988
1 0.969688 0.619484 0.012750 0.023980
1 0.890000 0.615321 0.016500 0.013988
1 0.830313 0.614488 0.018750 0.011990
1 0.455625 0.617818 0.010500 0.019983
1 0.936562 0.614072 0.009750 0.012989
1 0.922500 0.613239 0.012000 0.010991
1 0.398750 0.615321 0.004500 0.015987
1 0.329688 0.616986 0.008250 0.019983
1 0.851250 0.625312 0.036000 0.043963
1 0.387813 0.619067 0.014250 0.028976
1 0.353438 0.613655 0.008250 0.015987
1 0.261875 0.621982 0.045000 0.037968
1 0.144687 0.619067 0.038250 0.030974
1 0.878437 0.609908 0.008250 0.010991
1 0.406250 0.619484 0.022500 0.035970
1 0.299375 0.621982 0.042000 0.041965
1 0.071250 0.612406 0.018000 0.020983
1 0.957812 0.608659 0.009750 0.015987
1 0.294687 0.610741 0.017250 0.020983
1 0.122188 0.614904 0.017250 0.030974
1 0.481563 0.609908 0.036750 0.020983
1 0.911250 0.605745 0.009000 0.014988
1 0.181875 0.616570 0.052500 0.040966
1 0.156250 0.606578 0.004500 0.016986
1 0.198437 0.607410 0.011250 0.020983
1 0.280625 0.605745 0.015000 0.018984
1 0.063437 0.600333 0.009750 0.005995
1 0.945625 0.605745 0.016500 0.020983
1 0.922188 0.601998 0.012750 0.011990
1 0.864375 0.612823 0.022500 0.037968
1 0.240313 0.601166 0.009750 0.009992
1 0.883750 0.601998 0.009000 0.013988
1 0.386875 0.601166 0.010500 0.011990
1 0.216562 0.605329 0.014250 0.023980
1 0.969688 0.601582 0.008250 0.018984
1 0.510000 0.603664 0.009000 0.023980
1 0.104688 0.601998 0.011250 0.019983
1 0.497188 0.602415 0.023250 0.022981
1 0.342500 0.606578 0.013500 0.032973
1 0.229687 0.604496 0.014250 0.027977
1 0.030625 0.601998 0.016500 0.021982
1 0.987500 0.596170 0.012000 0.009992
1 0.352187 0.599500 0.015750 0.017985
1 0.791875 0.613655 0.043500 0.053955
1 0.445312 0.595337 0.008250 0.011990
1 0.422500 0.605745 0.024000 0.036969
1 0.754687 0.626978 0.054750 0.089925
1 0.245000 0.597002 0.012000 0.017985
1 0.378750 0.592423 0.009000 0.008993
1 0.362500 0.592839 0.007500 0.011990
1 0.280313 0.592423 0.012750 0.010991
1 0.324375 0.597835 0.031500 0.025978
1 0.859375 0.589925 0.010500 0.008993
1 0.904062 0.589925 0.012750 0.010991
1 0.340625 0.589092 0.012000 0.008993
1 0.515312 0.591174 0.006750 0.015987
1 0.164062 0.590758 0.012750 0.014988
1 0.143125 0.594505 0.018000 0.025978
1 0.820937 0.592423 0.014250 0.022981
1 0.436250 0.592839 0.013500 0.025978
1 0.426250 0.586595 0.009000 0.010991
1 0.964063 0.591174 0.029250 0.023980
1 0.494688 0.586595 0.012750 0.012989
1 0.878125 0.589925 0.016500 0.024979
1 0.299063 0.592423 0.030750 0.030974
1 0.945937 0.588676 0.012750 0.023980
1 0.847812 0.589509 0.020250 0.025978
1 0.185312 0.587011 0.009750 0.019983
1 0.472813 0.583680 0.011250 0.013988
1 0.258437 0.587427 0.014250 0.022981
1 0.892813 0.588676 0.015750 0.027977
1 0.729375 0.596586 0.027000 0.046961
1 0.712500 0.580766 0.012000 0.012989
1 0.938750 0.586178 0.012000 0.029975
1 0.911563 0.577852 0.009750 0.009992
1 0.456875 0.582015 0.034500 0.019983
1 0.205625 0.584513 0.028500 0.025978
1 0.081562 0.582015 0.018750 0.019983
1 0.060312 0.586178 0.030750 0.029975
1 0.356563 0.580766 0.020250 0.018984
1 0.930625 0.582431 0.009000 0.024979
1 0.398750 0.577852 0.012000 0.013988
1 0.250000 0.576603 0.010500 0.010991
1 0.984375 0.579517 0.013500 0.023980
1 0.420312 0.576187 0.011250 0.015987
1 0.134687 0.578268 0.032250 0.020983
1 0.515312 0.575354 0.008250 0.015987
1 0.179063 0.578268 0.012750 0.022981
1 0.876875 0.574938 0.012000 0.016986
1 0.833438 0.586595 0.024750 0.044963
1 0.318437 0.579101 0.014250 0.028976
1 0.307500 0.572856 0.009000 0.013988
1 0.448750 0.571607 0.010500 0.012989
1 0.270625 0.583264 0.024000 0.040966
1 0.238437 0.579933 0.032250 0.032973
1 0.109687 0.571607 0.008250 0.014988
1 0.081562 0.568693 0.015750 0.007993
1 0.411250 0.580350 0.016500 0.037968
1 0.045312 0.568693 0.011250 0.009992
1 0.067500 0.569942 0.012000 0.014988
1 0.223125 0.581182 0.024000 0.043963
1 0.866563 0.571607 0.012750 0.022981
1 0.804688 0.570774 0.023250 0.020983
1 0.769375 0.580766 0.030000 0.044963
1 0.338438 0.575770 0.030750 0.032973
1 0.186562 0.569525 0.008250 0.017985
1 0.391562 0.565362 0.009750 0.011990
1 0.963750 0.567027 0.012000 0.017985
1 0.839375 0.572023 0.022500 0.031973
1 0.245938 0.566611 0.008250 0.018984
1 0.224375 0.562032 0.007500 0.007993
1 0.159062 0.569525 0.027750 0.025978
1 0.583750 0.564946 0.012000 0.016986
1 0.403750 0.563281 0.010500 0.012989
1 0.918750 0.570358 0.018000 0.031973
1 0.609375 0.563281 0.013500 0.014988
1 0.093438 0.577019 0.024750 0.047960
1 0.085625 0.567027 0.018000 0.023980
1 0.304375 0.561615 0.010500 0.012989
1 0.055000 0.562448 0.009000 0.014988
1 0.935312 0.562864 0.018750 0.017985
1 0.689375 0.571191 0.051000 0.037968
1 0.535000 0.564113 0.012000 0.020983
1 0.980938 0.561199 0.023250 0.015987
1 0.482500 0.562448 0.015000 0.018984
1 0.358438 0.560366 0.008250 0.013988
1 0.276562 0.562448 0.021750 0.018984
1 0.116562 0.564946 0.011250 0.024979
1 0.460938 0.562032 0.015750 0.021982
1 0.341875 0.558701 0.010500 0.013988
1 0.370937 0.558701 0.011250 0.015987
1 0.882188 0.564113 0.027750 0.030974
1 0.449062 0.559117 0.008250 0.018984
1 0.420625 0.556203 0.025500 0.011990
1 0.315312 0.558701 0.012750 0.017985
1 0.578125 0.559117 0.018000 0.022981
1 0.900000 0.558701 0.012000 0.023980
1 0.438125 0.559117 0.010500 0.028976
1 0.192812 0.564113 0.039750 0.040966
1 0.101875 0.552873 0.009000 0.013988
1 0.134063 0.552456 0.017250 0.014988
1 0.388437 0.550791 0.014250 0.012989
1 0.295938 0.549958 0.009750 0.010991
1 0.255000 0.557036 0.010500 0.027977
1 0.951562 0.549542 0.014250 0.011990
1 0.910000 0.548709 0.009000 0.009992
1 0.794063 0.549126 0.012750 0.010991
1 0.781250 0.554954 0.018000 0.024979
1 0.980000 0.550791 0.019500 0.016986
1 0.379063 0.553705 0.021750 0.025978
1 0.309063 0.547877 0.011250 0.011990
1 0.098125 0.547460 0.013500 0.010991
1 0.086250 0.548709 0.009000 0.013988
1 0.065312 0.553289 0.012750 0.024979
1 0.992500 0.547044 0.015000 0.015987
1 0.463750 0.548293 0.009000 0.018984
1 0.929375 0.547460 0.021000 0.020983
1 0.152500 0.550375 0.012000 0.027977
1 0.807500 0.548709 0.018000 0.025978
1 0.592187 0.550375 0.050250 0.031973
1 0.331562 0.546211 0.015750 0.021982
1 0.885000 0.548293 0.030000 0.028976
1 0.693125 0.546628 0.033000 0.024979
1 0.947812 0.541632 0.015750 0.016986
1 0.840625 0.543714 0.019500 0.021982
1 0.278125 0.547877 0.028500 0.031973
1 0.860938 0.542465 0.018750 0.020983
1 0.384062 0.539134 0.008250 0.012989
1 0.973125 0.537885 0.009000 0.011990
1 0.255000 0.544546 0.024000 0.027977
1 0.414375 0.540799 0.025500 0.020983
1 0.186875 0.538301 0.010500 0.014988
1 0.096250 0.538718 0.019500 0.015987
1 0.848437 0.534971 0.011250 0.010991
1 0.503437 0.551207 0.029250 0.049958
1 0.108438 0.542465 0.008250 0.028976
1 0.962500 0.543714 0.016500 0.033972
1 0.437188 0.534971 0.009750 0.012989
1 0.374688 0.534555 0.011250 0.011990
1 0.198125 0.534555 0.013500 0.011990
1 0.825625 0.551624 0.033000 0.054954
1 0.888125 0.532889 0.012000 0.011990
1 0.363438 0.537469 0.014250 0.022981
1 0.234687 0.546628 0.023250 0.044963
1 0.476562 0.541632 0.018750 0.034971
1 0.446875 0.532057 0.010500 0.011990
1 0.321562 0.532889 0.011250 0.013988
1 0.485625 0.531224 0.007500 0.011990
1 0.297187 0.535803 0.045750 0.022981
1 0.216250 0.543297 0.019500 0.040966
1 0.158438 0.531640 0.015750 0.012989
1 0.918438 0.539967 0.018750 0.034971
1 0.470625 0.530808 0.010500 0.012989
1 0.902188 0.532473 0.018750 0.020983
1 0.341875 0.529142 0.012000 0.012989
1 0.125312 0.534138 0.032250 0.026978
1 0.052812 0.529559 0.008250 0.015987
1 0.048750 0.541216 0.024000 0.043963
1 0.274062 0.527477 0.012750 0.014988
1 0.856250 0.525812 0.006000 0.014988
1 0.931875 0.522898 0.018000 0.009992
1 0.354687 0.521649 0.011250 0.008993
1 0.303125 0.522481 0.019500 0.010991
1 0.255937 0.525812 0.005250 0.018984
1 0.799687 0.521649 0.014250 0.012989
1 0.376875 0.522481 0.022500 0.014988
1 0.289687 0.522065 0.017250 0.013988
1 0.684688 0.527893 0.036750 0.029975
1 0.045625 0.518734 0.015000 0.007993
1 0.426875 0.524147 0.027000 0.022981
1 0.246875 0.521232 0.013500 0.015987
1 0.751875 0.517902 0.007500 0.009992
1 0.491250 0.521232 0.016500 0.017985
1 0.398125 0.518318 0.013500 0.010991
1 0.229063 0.522481 0.017250 0.020983
1 0.081562 0.534138 0.033750 0.048959
1 0.035000 0.520400 0.009000 0.015987
1 0.945000 0.523730 0.013500 0.025978
1 0.757812 0.546628 0.066750 0.080933
1 0.128438 0.516653 0.011250 0.008993
1 0.116250 0.519567 0.015000 0.015987
1 0.070312 0.522481 0.021750 0.024979
1 0.366563 0.519983 0.014250 0.020983
1 0.277813 0.515404 0.014250 0.009992
1 0.207500 0.519983 0.027000 0.020983
1 0.974063 0.516653 0.006750 0.014988
1 0.885938 0.522898 0.042750 0.029975
1 0.713125 0.536636 0.049500 0.062948
1 0.163438 0.517069 0.015750 0.015987
1 0.240000 0.516236 0.009000 0.015987
1 0.793750 0.515404 0.010500 0.015987
1 0.413438 0.519567 0.006750 0.025978
1 0.339687 0.513322 0.008250 0.010991
1 0.989125 0.525396 0.021750 0.041965
1 0.427500 0.509992 0.013500 0.006994
1 0.848750 0.517485 0.024000 0.026978
1 0.468125 0.511657 0.007500 0.012989
1 0.450000 0.519151 0.027000 0.030974
1 0.910625 0.512073 0.013500 0.015987
1 0.784375 0.513322 0.009000 0.018984
1 0.478438 0.512073 0.014250 0.015987
1 0.310937 0.510824 0.017250 0.012989
1 0.985313 0.512490 0.011250 0.018984
1 0.404687 0.510824 0.012750 0.014988
1 0.321562 0.512906 0.008250 0.019983
1 0.373750 0.509992 0.012000 0.014988
1 0.351250 0.510408 0.015000 0.015987
1 0.267813 0.510408 0.005250 0.015987
1 0.334375 0.514155 0.013500 0.026978
1 0.887813 0.506661 0.012750 0.010991
1 0.745938 0.513322 0.027750 0.026978
1 0.291875 0.507910 0.016500 0.013988
1 0.199375 0.507077 0.007500 0.011990
1 0.870313 0.515404 0.026250 0.035970
1 0.735000 0.506661 0.010500 0.014988
1 0.810000 0.509992 0.016500 0.024979
1 0.601250 0.503747 0.012000 0.009992
1 0.621563 0.591590 0.264750 0.220816
1 0.389375 0.506245 0.013500 0.015987
1 0.772500 0.503747 0.009000 0.011990
1 0.274375 0.504163 0.009000 0.014988
1 0.259062 0.514571 0.021750 0.039967
1 0.179375 0.511657 0.025500 0.032973
1 0.926562 0.507494 0.023250 0.024979
1 0.827187 0.501665 0.011250 0.010991
1 0.224375 0.503747 0.009000 0.015987
1 0.451250 0.502914 0.009000 0.015987
1 0.419063 0.500416 0.018750 0.011990
1 0.862812 0.500000 0.015750 0.012989
1 0.326875 0.498335 0.007500 0.008993
1 0.049375 0.509159 0.030000 0.034971
1 0.551875 0.498751 0.012000 0.011990
1 0.125312 0.499167 0.017250 0.012989
1 0.936250 0.498751 0.009000 0.013988
1 0.751563 0.495837 0.012750 0.008993
1 0.470938 0.496253 0.011250 0.009992
1 0.438750 0.497502 0.012000 0.014988
1 0.392813 0.495420 0.015750 0.009992
1 0.711875 0.499167 0.010500 0.020983
1 0.335000 0.496669 0.006000 0.014988
1 0.212500 0.496253 0.012000 0.015987
1 0.104063 0.498335 0.020250 0.022981
1 0.061562 0.495420 0.011250 0.015987
1 0.941875 0.495004 0.009000 0.016986
1 0.796562 0.492923 0.018750 0.011990
1 0.810000 0.495004 0.007500 0.018984
1 0.776563 0.495004 0.011250 0.018984
1 0.193438 0.493755 0.008250 0.015987
1 0.154688 0.499167 0.035250 0.028976
1 0.045625 0.490841 0.016500 0.012989
1 0.763437 0.494172 0.011250 0.022981
1 0.342813 0.490008 0.006750 0.012989
1 0.963437 0.488759 0.009750 0.011990
1 0.820625 0.490008 0.018000 0.014988
1 0.077188 0.497086 0.026250 0.031973
1 0.555625 0.487927 0.010500 0.013988
1 0.298438 0.487094 0.015750 0.011990
1 0.221250 0.489176 0.007500 0.016986
1 0.975000 0.497086 0.024000 0.037968
1 0.386875 0.487927 0.016500 0.015987
1 0.014625 0.497502 0.029250 0.038968
1 0.897500 0.494172 0.019500 0.032973
1 0.575937 0.497502 0.044250 0.040966
1 0.248438 0.495004 0.021750 0.034971
1 0.801562 0.485012 0.018750 0.012989
1 0.690312 0.497086 0.038250 0.041965
1 0.067500 0.482931 0.015000 0.007993
1 0.656875 0.515404 0.058500 0.087927
1 0.116562 0.486678 0.015750 0.018984
1 0.952187 0.498751 0.026250 0.049958
1 0.090000 0.487510 0.016500 0.022981
1 0.784062 0.481682 0.017250 0.010991
1 0.156250 0.482098 0.016500 0.011990
1 0.300625 0.480017 0.007500 0.010991
1 0.369375 0.487094 0.042000 0.029975
1 0.935625 0.481266 0.009000 0.017985
1 0.757500 0.480433 0.007500 0.015987
1 0.486875 0.478351 0.009000 0.010991
1 0.478750 0.478351 0.010500 0.010991
1 0.873437 0.485845 0.021750 0.030974
1 0.229687 0.484596 0.009750 0.027977
1 0.137813 0.478351 0.017250 0.014988
1 0.804063 0.474604 0.012750 0.007993
1 0.977187 0.475021 0.015750 0.010991
1 0.838125 0.493339 0.033000 0.054954
1 0.170625 0.475437 0.007500 0.011990
1 0.164062 0.475437 0.006750 0.011990
1 0.792813 0.474188 0.012750 0.010991
1 0.564688 0.475853 0.009750 0.016986
1 0.316250 0.486678 0.027000 0.042964
1 0.437812 0.473772 0.011250 0.013988
1 0.415625 0.480017 0.010500 0.028976
1 0.384062 0.473356 0.017250 0.012989
1 0.270625 0.472939 0.013500 0.011990
1 0.247188 0.473356 0.011250 0.012989
1 0.073438 0.474188 0.024750 0.014988
1 0.499375 0.474188 0.009000 0.016986
1 0.858750 0.481682 0.016500 0.036969
1 0.506875 0.475437 0.006000 0.023980
1 0.818750 0.472523 0.013500 0.018984
1 0.761875 0.471690 0.012000 0.016986
1 0.787188 0.467943 0.014250 0.009992
1 0.419687 0.469609 0.008250 0.013988
1 0.989688 0.470858 0.009750 0.018984
1 0.887813 0.474604 0.035250 0.027977
1 0.187188 0.477102 0.027750 0.033972
1 0.944688 0.470858 0.006750 0.020983
1 0.403438 0.467527 0.015750 0.012989
1 0.294687 0.470441 0.006750 0.019983
1 0.283438 0.482098 0.017250 0.049958
1 0.133750 0.467527 0.012000 0.014988
1 0.199687 0.467527 0.014250 0.016986
1 0.767188 0.465862 0.012750 0.014988
1 0.478438 0.465445 0.011250 0.013988
1 0.470000 0.465862 0.007500 0.016986
1 0.447500 0.464613 0.015000 0.013988
1 0.329062 0.464613 0.009750 0.013988
1 0.319063 0.464197 0.014250 0.012989
1 0.847812 0.465445 0.006750 0.017985
1 0.936875 0.466278 0.012000 0.021982
1 0.398125 0.462531 0.015000 0.012989
1 0.362812 0.465862 0.014250 0.020983
1 0.213438 0.463780 0.017250 0.015987
1 0.154375 0.466278 0.013500 0.021982
1 0.917188 0.467943 0.032250 0.027977
1 0.581875 0.466278 0.013500 0.023980
1 0.963125 0.460866 0.016500 0.014988
1 0.896875 0.461282 0.019500 0.015987
1 0.725938 0.475853 0.045750 0.050958
1 0.345000 0.465029 0.021000 0.024979
1 0.091563 0.465862 0.023250 0.026978
1 0.855625 0.456703 0.012000 0.006994
1 0.802188 0.461699 0.005250 0.018984
1 0.067500 0.460450 0.010500 0.015987
1 0.046875 0.461282 0.010500 0.017985
1 0.296875 0.457535 0.013500 0.010991
1 0.273750 0.459201 0.015000 0.014988
1 0.243438 0.457535 0.011250 0.010991
1 0.673125 0.466278 0.012000 0.033972
1 0.431563 0.456703 0.006750 0.012989
1 0.460313 0.463780 0.014250 0.031973
1 0.410313 0.454205 0.011250 0.010991
1 0.207813 0.452956 0.012750 0.009992
1 0.846562 0.451707 0.012750 0.008993
1 0.255312 0.457535 0.023250 0.022981
1 0.171250 0.456286 0.024000 0.019983
1 0.082812 0.457535 0.014250 0.022981
1 0.627812 0.469192 0.026250 0.054954
1 0.395313 0.451291 0.009750 0.011990
1 0.285938 0.452123 0.006750 0.013988
1 0.480625 0.451291 0.007500 0.013988
1 0.158438 0.452540 0.005250 0.016986
1 0.139063 0.449625 0.015750 0.009992
1 0.385000 0.453372 0.010500 0.022981
1 0.121875 0.452956 0.013500 0.021982
1 0.686250 0.462115 0.031500 0.045962
1 0.443125 0.446295 0.016500 0.007993
1 0.779062 0.462948 0.024750 0.049958
1 0.363750 0.446711 0.012000 0.010991
1 0.305625 0.445878 0.012000 0.008993
1 0.977812 0.456703 0.024750 0.036969
1 0.966250 0.447127 0.009000 0.013988
1 0.946562 0.447127 0.011250 0.013988
1 0.271562 0.447127 0.012750 0.013988
1 0.354687 0.447127 0.009750 0.015987
1 0.887500 0.447544 0.022500 0.018984
1 0.826250 0.453372 0.033000 0.032973
1 0.754375 0.451707 0.027000 0.028976
1 0.954375 0.452540 0.013500 0.032973
1 0.107188 0.451291 0.014250 0.029975
1 0.654687 0.459617 0.027750 0.053955
1 0.600000 0.465862 0.049500 0.070941
1 0.544063 0.442132 0.008250 0.013988
1 0.322813 0.445046 0.014250 0.020983
1 0.094687 0.445046 0.014250 0.020983
1 0.259375 0.442548 0.012000 0.016986
1 0.850313 0.442964 0.020250 0.019983
1 0.980000 0.439634 0.010500 0.013988
1 0.529687 0.479600 0.110250 0.109908
1 0.120000 0.439634 0.019500 0.013988
1 0.375625 0.445046 0.018000 0.028976
1 0.167500 0.440466 0.021000 0.017985
1 0.142813 0.438801 0.015750 0.013988
1 0.079062 0.437136 0.011250 0.013988
1 0.973125 0.438801 0.010500 0.019983
1 0.808125 0.440050 0.016500 0.022981
1 0.208437 0.435054 0.011250 0.012989
1 0.132188 0.436719 0.008250 0.016986
1 0.296875 0.435054 0.012000 0.014988
1 0.170625 0.434638 0.007500 0.013988
1 0.090625 0.431724 0.010500 0.006994
1 0.230625 0.435470 0.016500 0.017985
1 0.186562 0.435054 0.012750 0.016986
1 0.180000 0.437968 0.013500 0.023980
1 0.339062 0.442548 0.020250 0.036969
1 0.243438 0.437968 0.018750 0.027977
1 0.829688 0.431307 0.011250 0.013988
1 0.199063 0.433805 0.018750 0.019983
1 0.963437 0.431307 0.009750 0.015987
1 0.922500 0.432973 0.006000 0.019983
1 0.916250 0.431724 0.007500 0.016986
1 0.665937 0.436303 0.024750 0.027977
1 0.584688 0.432140 0.014250 0.017985
1 0.280000 0.435054 0.009000 0.024979
1 0.860625 0.440883 0.021000 0.040966
1 0.430312 0.435054 0.012750 0.026978
1 0.398750 0.430058 0.007500 0.014988
1 0.162812 0.427144 0.011250 0.007993
1 0.049063 0.430891 0.008250 0.016986
1 0.995500 0.432973 0.009000 0.023980
1 0.375312 0.427560 0.014250 0.010991
1 0.440937 0.426311 0.009750 0.009992
1 0.067500 0.431724 0.015000 0.022981
1 0.870625 0.427144 0.009000 0.013988
1 0.415625 0.442548 0.031500 0.050958
1 0.390625 0.429226 0.010500 0.018984
1 0.269062 0.430475 0.015750 0.021982
1 0.969063 0.425062 0.009750 0.010991
1 0.789062 0.427144 0.009750 0.015987
1 0.765938 0.429226 0.008250 0.022981
1 0.466875 0.433805 0.045000 0.033972
1 0.318437 0.428393 0.012750 0.020983
1 0.892813 0.424230 0.009750 0.012989
1 0.497500 0.425062 0.010500 0.014988
1 0.336562 0.421732 0.012750 0.008993
1 0.778438 0.424646 0.012750 0.017985
1 0.574063 0.421732 0.009750 0.010991
1 0.015625 0.425062 0.012000 0.018984
1 0.841250 0.423813 0.015000 0.017985
1 0.593750 0.427144 0.027000 0.027977
1 0.559063 0.434221 0.039750 0.044963
1 0.221875 0.427977 0.013500 0.029975
1 0.810000 0.424230 0.019500 0.022981
1 0.229063 0.421316 0.014250 0.015987
1 0.139375 0.420899 0.007500 0.014988
1 0.097187 0.421316 0.015750 0.015987
1 0.057813 0.419234 0.008250 0.016986
1 0.977187 0.421316 0.017250 0.023980
1 0.881563 0.420483 0.018750 0.021982
1 0.944375 0.429226 0.043500 0.044963
1 0.899062 0.425895 0.026250 0.036969
1 0.395625 0.415487 0.007500 0.013988
1 0.175625 0.418818 0.015000 0.021982
1 0.489687 0.416320 0.008250 0.019983
1 0.426563 0.414654 0.011250 0.015987
1 0.991875 0.415487 0.013500 0.019983
1 0.926875 0.412573 0.006000 0.014988
1 0.912188 0.414238 0.014250 0.018984
1 0.796875 0.410491 0.016500 0.009992
1 0.125000 0.411740 0.012000 0.012989
1 0.957500 0.409659 0.009000 0.009992
1 0.350313 0.420067 0.011250 0.034971
1 0.314063 0.412989 0.018750 0.017985
1 0.164062 0.413822 0.014250 0.019983
1 0.613125 0.413822 0.028500 0.023980
1 0.290000 0.422148 0.018000 0.043963
1 0.256563 0.410908 0.005250 0.016986
1 0.196875 0.415487 0.028500 0.027977
1 0.481250 0.410908 0.013500 0.018984
1 0.177500 0.409242 0.016500 0.014988
1 0.080312 0.415903 0.011250 0.030974
1 0.099375 0.409242 0.018000 0.016986
1 0.228750 0.406744 0.012000 0.012989
1 0.873437 0.409242 0.017250 0.020983
1 0.579063 0.407161 0.012750 0.015987
1 0.243750 0.412989 0.022500 0.029975
1 0.402813 0.406744 0.009750 0.016986
1 0.086563 0.405079 0.008250 0.012989
1 0.333437 0.413822 0.032250 0.035970
1 0.868125 0.405079 0.013500 0.016986
1 0.269062 0.413822 0.041250 0.037968
1 0.213750 0.407993 0.024000 0.023980
1 0.370312 0.419234 0.027750 0.052956
1 0.613750 0.402165 0.010500 0.013988
1 0.496875 0.401332 0.022500 0.011990
1 0.063750 0.408410 0.018000 0.028976
1 0.164062 0.400083 0.011250 0.010991
1 0.147813 0.404663 0.012750 0.021982
1 0.354375 0.405912 0.016500 0.026978
1 0.334375 0.399251 0.009000 0.012989
1 0.991000 0.399667 0.018000 0.017985
1 0.978437 0.402165 0.020250 0.023980
1 0.889375 0.402998 0.021000 0.025978
1 0.309063 0.398002 0.008250 0.013988
1 0.138125 0.407161 0.018000 0.035970
1 0.122500 0.395087 0.012000 0.006994
1 0.774375 0.401749 0.036000 0.024979
1 0.967812 0.400083 0.011250 0.022981
1 0.808750 0.401332 0.012000 0.025978
1 0.743750 0.395087 0.007500 0.010991
1 0.921250 0.398418 0.006000 0.020983
1 0.432188 0.397169 0.015750 0.017985
1 0.285313 0.394255 0.014250 0.010991
1 0.948438 0.398418 0.032250 0.022981
1 0.416875 0.403414 0.019500 0.034971
1 0.385937 0.397585 0.027750 0.020983
1 0.846250 0.405079 0.022500 0.040966
1 0.517813 0.409659 0.033750 0.051957
1 0.131250 0.397585 0.007500 0.022981
1 0.955625 0.390924 0.009000 0.008993
1 0.915000 0.395920 0.009000 0.020983
1 0.869062 0.392173 0.008250 0.011990
1 0.302187 0.390508 0.012750 0.007993
1 0.899375 0.391757 0.010500 0.012989
1 0.836562 0.402165 0.026250 0.037968
1 0.179375 0.390924 0.012000 0.010991
1 0.081562 0.392173 0.014250 0.013988
1 0.759687 0.389675 0.009750 0.009992
1 0.906875 0.394255 0.010500 0.024979
1 0.449062 0.402581 0.020250 0.044963
1 0.196563 0.390508 0.017250 0.015987
1 0.171563 0.392590 0.017250 0.020983
1 0.477187 0.389675 0.008250 0.015987
1 0.456875 0.389259 0.009000 0.014988
1 0.209687 0.394671 0.026250 0.027977
1 0.792813 0.390092 0.011250 0.022981
1 0.442188 0.386761 0.012750 0.014988
1 0.059687 0.387594 0.012750 0.016986
1 0.256250 0.385512 0.007500 0.013988
1 0.800000 0.383430 0.013500 0.012989
1 0.462187 0.384679 0.008250 0.015987
1 0.839063 0.384679 0.014250 0.017985
1 0.550000 0.395920 0.040500 0.044963
1 0.239375 0.386345 0.016500 0.021982
1 0.636875 0.383847 0.013500 0.017985
1 0.494063 0.381349 0.008250 0.011990
1 0.004875 0.379267 0.009750 0.006994
1 0.943750 0.383014 0.007500 0.017985
1 0.400000 0.384679 0.015000 0.021982
1 0.275625 0.383847 0.010500 0.019983
1 0.194062 0.380516 0.008250 0.011990
1 0.070000 0.386761 0.018000 0.026978
1 0.930625 0.381765 0.018000 0.016986
1 0.858437 0.385096 0.017250 0.024979
1 0.306563 0.380100 0.017250 0.012989
1 0.960313 0.381765 0.026250 0.020983
1 0.913125 0.378435 0.006000 0.012989
1 0.871875 0.383847 0.012000 0.025978
1 0.971875 0.378851 0.013500 0.015987
1 0.820937 0.382598 0.006750 0.024979
1 0.775000 0.384263 0.033000 0.028976
1 0.110625 0.378435 0.006000 0.014988
1 0.126250 0.380933 0.030000 0.022981
1 0.793125 0.375104 0.013500 0.010991
1 0.359375 0.384679 0.049500 0.033972
1 0.992188 0.380516 0.014250 0.025978
1 0.255937 0.373855 0.008250 0.009992
1 0.385313 0.376353 0.017250 0.017985
1 0.174687 0.376353 0.009750 0.017985
1 0.163750 0.375937 0.009000 0.016986
1 0.429375 0.374271 0.021000 0.016986
1 0.416563 0.377602 0.017250 0.026978
1 0.270313 0.381765 0.023250 0.036969
1 0.890625 0.381349 0.030000 0.037968
1 0.470313 0.377186 0.017250 0.027977
1 0.452813 0.370941 0.008250 0.012989
1 0.307812 0.371357 0.008250 0.013988
1 0.228125 0.373022 0.009000 0.017985
1 0.079687 0.372606 0.014250 0.016986
1 0.865313 0.368859 0.006750 0.009992
1 0.093438 0.375104 0.030750 0.024979
1 0.978437 0.372606 0.017250 0.020983
1 0.783438 0.369276 0.006750 0.012989
1 0.195937 0.370525 0.015750 0.015987
1 0.353750 0.366361 0.012000 0.007993
1 0.962187 0.367194 0.011250 0.011990
1 0.314688 0.368443 0.009750 0.014988
1 0.241563 0.371774 0.023250 0.022981
1 0.919375 0.367194 0.007500 0.013988
1 0.217188 0.371774 0.018750 0.024979
1 0.858125 0.367610 0.006000 0.016986
1 0.489687 0.367194 0.008250 0.017985
1 0.151250 0.376353 0.019500 0.039967
1 0.484375 0.375520 0.016500 0.039967
1 0.405000 0.367610 0.024000 0.020983
1 0.067187 0.367610 0.015750 0.020983
1 0.435625 0.365529 0.009000 0.017985
1 0.384375 0.364280 0.013500 0.014988
1 0.369375 0.361366 0.009000 0.007993
1 0.807500 0.366778 0.013500 0.022981
1 0.274062 0.360533 0.012750 0.007993
1 0.136875 0.362614 0.013500 0.012989
1 0.901563 0.361782 0.008250 0.016986
1 0.759687 0.358451 0.008250 0.008993
1 0.324062 0.369692 0.020250 0.035970
1 0.210313 0.367610 0.018750 0.030974
1 0.555312 0.368859 0.039750 0.037968
1 0.248750 0.363447 0.013500 0.024979
1 0.108438 0.358035 0.009750 0.015987
1 0.841250 0.355537 0.013500 0.011990
1 0.426875 0.359284 0.010500 0.020983
1 0.293750 0.365945 0.030000 0.036969
1 0.955937 0.360117 0.011250 0.024979
1 0.226875 0.354704 0.016500 0.013988
1 0.274687 0.352206 0.014250 0.009992
1 0.197813 0.357202 0.008250 0.021982
1 0.822187 0.354704 0.009750 0.017985
1 0.460938 0.352206 0.009750 0.011990
1 0.800625 0.354704 0.012000 0.019983
1 0.095937 0.354704 0.023250 0.021982
1 0.938750 0.359700 0.028500 0.035970
1 0.163125 0.358868 0.048000 0.033972
1 0.978437 0.353872 0.011250 0.023980
1 0.913750 0.349709 0.010500 0.013988
1 0.789375 0.350958 0.013500 0.016986
1 0.504375 0.348876 0.006000 0.013988
1 0.116250 0.358868 0.019500 0.037968
1 0.904375 0.348043 0.007500 0.013988
1 0.338750 0.348460 0.024000 0.014988
1 0.315937 0.350125 0.008250 0.018984
1 0.476250 0.351790 0.027000 0.024979
1 0.830625 0.347211 0.016500 0.017985
1 0.798750 0.345545 0.006000 0.013988
1 0.249688 0.345545 0.008250 0.013988
1 0.518750 0.355537 0.040500 0.039967
1 0.232813 0.343464 0.017250 0.010991
1 0.777188 0.347627 0.015750 0.022981
1 0.759687 0.344713 0.021750 0.015987
1 0.546250 0.343464 0.010500 0.012989
1 0.167500 0.343880 0.009000 0.015987
1 0.139063 0.345962 0.008250 0.020983
1 0.491250 0.348876 0.016500 0.029975
1 0.451875 0.341382 0.013500 0.011990
1 0.305000 0.343464 0.021000 0.016986
1 0.910625 0.340550 0.010500 0.011990
1 0.860938 0.358868 0.048750 0.055953
1 0.128750 0.345962 0.021000 0.024979
1 0.069062 0.348043 0.023250 0.029975
1 0.815312 0.342631 0.018750 0.018984
1 0.157188 0.341799 0.015750 0.016986
1 0.090625 0.342215 0.009000 0.021982
1 0.554688 0.341382 0.012750 0.021982
1 0.505000 0.338052 0.012000 0.013988
1 0.436563 0.354288 0.026250 0.052956
1 0.402187 0.348460 0.044250 0.038968
1 0.077188 0.341799 0.026250 0.022981
1 0.963125 0.342631 0.031500 0.028976
1 0.804688 0.336803 0.012750 0.014988
1 0.619687 0.343880 0.021750 0.031973
1 0.234375 0.334305 0.013500 0.008993
1 0.756563 0.333888 0.009750 0.009992
1 0.354375 0.341799 0.028500 0.028976
1 0.651875 0.408410 0.213000 0.194838
1 0.300000 0.333472 0.012000 0.014988
1 0.330625 0.330558 0.016500 0.009992
1 0.528438 0.333472 0.011250 0.018984
1 0.290625 0.330974 0.009000 0.012989
1 0.886875 0.330974 0.010500 0.014988
1 0.604688 0.328893 0.011250 0.009992
1 0.250000 0.331807 0.012000 0.016986
1 0.115000 0.335137 0.025500 0.024979
1 0.876250 0.331391 0.010500 0.017985
1 0.420625 0.328060 0.009000 0.011990
1 0.279375 0.338468 0.036000 0.036969
1 0.836562 0.327644 0.012750 0.012989
1 0.465938 0.333888 0.018750 0.027977
1 0.499688 0.326811 0.020250 0.012989
1 0.351875 0.328060 0.010500 0.015987
1 0.313125 0.330558 0.012000 0.021982
1 0.146250 0.326811 0.013500 0.012989
1 0.866250 0.323064 0.012000 0.011990
1 0.442188 0.326395 0.024750 0.019983
1 0.195625 0.334305 0.022500 0.038968
1 0.613437 0.323480 0.008250 0.014988
1 0.645312 0.333056 0.036750 0.041965
1 0.188750 0.323480 0.010500 0.018984
1 0.822812 0.322231 0.015750 0.017985
1 0.764687 0.322231 0.011250 0.017985
1 0.407813 0.324729 0.015750 0.023980
1 0.109063 0.323897 0.009750 0.021982
1 0.096250 0.322231 0.019500 0.017985
1 0.121250 0.318068 0.022500 0.009992
1 0.083437 0.321815 0.008250 0.018984
1 0.007500 0.318901 0.015000 0.011990
1 0.283438 0.320150 0.015750 0.016986
1 0.975625 0.335137 0.048750 0.054954
1 0.920000 0.322648 0.021000 0.024979
1 0.903125 0.323480 0.015000 0.026978
1 0.752188 0.318901 0.020250 0.015987
1 0.463125 0.320150 0.016500 0.020983
1 0.269062 0.328060 0.015750 0.039967
1 0.101562 0.316403 0.006750 0.011990
1 0.477187 0.318901 0.012750 0.019983
1 0.195625 0.318485 0.009000 0.020983
1 0.831250 0.315570 0.007500 0.015987
1 0.776875 0.319734 0.009000 0.025978
1 0.891250 0.321399 0.015000 0.031973
1 0.301563 0.316819 0.012750 0.020983
1 0.229375 0.318901 0.030000 0.025978
1 0.172500 0.315154 0.010500 0.016986
1 0.616563 0.312656 0.008250 0.012989
1 0.587500 0.312656 0.022500 0.014988
1 0.532813 0.312240 0.011250 0.013988
1 0.867812 0.310158 0.008250 0.010991
1 0.392500 0.312656 0.012000 0.016986
1 0.329062 0.315154 0.018750 0.022981
1 0.441875 0.310991 0.007500 0.014988
1 0.420312 0.312656 0.015750 0.018984
1 0.408125 0.309326 0.009000 0.010991
1 0.090313 0.310575 0.006750 0.013988
1 0.160625 0.316819 0.018000 0.030974
1 0.454688 0.315570 0.012750 0.029975
1 0.876250 0.309742 0.009000 0.019983
1 0.948125 0.319734 0.022500 0.045962
1 0.849375 0.315154 0.027000 0.036969
1 0.790937 0.310991 0.020250 0.026978
1 0.113750 0.305579 0.009000 0.013988
1 0.815625 0.304746 0.012000 0.015987
1 0.507188 0.305579 0.015750 0.017985
1 0.274062 0.305995 0.006750 0.018984
1 0.132500 0.313489 0.015000 0.036969
1 0.969688 0.304330 0.011250 0.016986
1 0.547500 0.318901 0.033000 0.051957
1 0.607187 0.309742 0.018750 0.031973
1 0.497188 0.302664 0.008250 0.014988
1 0.451250 0.302664 0.006000 0.014988
1 0.074063 0.304746 0.006750 0.019983
1 0.952187 0.299750 0.011250 0.009992
1 0.019375 0.298918 0.007500 0.009992
1 0.524687 0.310575 0.021750 0.039967
1 0.085625 0.303497 0.018000 0.022981
1 0.941875 0.298085 0.012000 0.011990
1 0.122813 0.302248 0.011250 0.021982
1 0.929063 0.318068 0.032250 0.061948
1 0.701875 0.368859 0.144000 0.183847
1 0.371250 0.299334 0.016500 0.016986
1 0.709375 0.300583 0.021000 0.021982
1 0.190000 0.298918 0.013500 0.017985
1 0.329062 0.297252 0.021750 0.015987
1 0.290625 0.300999 0.022500 0.024979
1 0.254375 0.302664 0.033000 0.028976
1 0.985625 0.301415 0.024000 0.027977
1 0.228750 0.298501 0.010500 0.020983
1 0.171563 0.298501 0.017250 0.020983
1 0.100000 0.298501 0.010500 0.020983
1 0.236563 0.294754 0.012750 0.013988
1 0.807813 0.300999 0.018750 0.030974
1 0.731875 0.298085 0.021000 0.023980
1 0.389688 0.298918 0.023250 0.025978
1 0.835625 0.293505 0.006000 0.014988
1 0.006000 0.298918 0.012000 0.029975
1 0.915312 0.295587 0.006750 0.023980
1 0.843437 0.291424 0.011250 0.013988
1 0.792500 0.292673 0.015000 0.016986
1 0.508437 0.292673 0.023250 0.016986
1 0.311563 0.299750 0.020250 0.033972
1 0.900625 0.296003 0.028500 0.026978
1 0.826562 0.296003 0.023250 0.026978
1 0.765625 0.297252 0.025500 0.029975
1 0.073750 0.289759 0.009000 0.013988
1 0.739375 0.290591 0.009000 0.017985
1 0.374063 0.286428 0.009750 0.011990
1 0.355625 0.308909 0.033000 0.065945
1 0.182188 0.287677 0.011250 0.014988
1 0.423438 0.291840 0.012750 0.026978
1 0.405000 0.291840 0.013500 0.026978
1 0.536250 0.286844 0.016500 0.016986
1 0.930312 0.287261 0.012750 0.019983
1 0.210625 0.299334 0.034500 0.048959
1 0.143125 0.293922 0.025500 0.037968
1 0.730625 0.281432 0.012000 0.009992
1 0.899687 0.283514 0.008250 0.016986
1 0.127500 0.283097 0.019500 0.015987
1 0.259375 0.280183 0.015000 0.010991
1 0.009375 0.285595 0.018750 0.023980
1 0.989062 0.281848 0.011250 0.016986
1 0.781563 0.281432 0.011250 0.015987
1 0.322188 0.280183 0.011250 0.012989
1 0.433125 0.286012 0.021000 0.028976
1 0.116250 0.281848 0.007500 0.018984
1 0.979688 0.280183 0.008250 0.016986
1 0.307188 0.281016 0.012750 0.018984
1 0.850000 0.289759 0.033000 0.041965
1 0.696875 0.275604 0.009000 0.007993
1 0.391562 0.278934 0.012750 0.015987
1 0.971250 0.280183 0.013500 0.020983
1 0.738750 0.277685 0.010500 0.014988
1 0.195625 0.283930 0.019500 0.029975
1 0.150625 0.278102 0.018000 0.015987
1 0.788750 0.276436 0.015000 0.013988
1 0.505000 0.279351 0.006000 0.020983
1 0.377812 0.275187 0.015750 0.010991
1 0.338438 0.281432 0.018750 0.025978
1 0.170000 0.280183 0.022500 0.022981
1 0.518437 0.276436 0.005250 0.015987
1 0.215312 0.278518 0.015750 0.020983
1 0.904062 0.274771 0.014250 0.013988
1 0.826562 0.274771 0.014250 0.013988
1 0.888750 0.279767 0.019500 0.027977
1 0.817813 0.274771 0.011250 0.015987
1 0.137500 0.273938 0.009000 0.013988
1 0.712187 0.283097 0.032250 0.037968
1 0.403125 0.274355 0.009000 0.016986
1 0.083125 0.281432 0.015000 0.035970
1 0.110312 0.271440 0.011250 0.013988
1 0.004687 0.271440 0.008250 0.013988
1 0.936250 0.272273 0.009000 0.017985
1 0.511563 0.272689 0.008250 0.018984
1 0.442188 0.277685 0.009750 0.030974
1 0.099375 0.276853 0.022500 0.028976
1 0.790000 0.268526 0.016500 0.012989
1 0.356563 0.273938 0.024750 0.025978
1 0.483438 0.285595 0.026250 0.055953
1 0.118438 0.267694 0.006750 0.012989
1 0.533750 0.270192 0.016500 0.020983
1 0.834375 0.266028 0.013500 0.012989
1 0.733750 0.267694 0.012000 0.016986
1 0.956562 0.267694 0.015750 0.018984
1 0.756250 0.278518 0.036000 0.044963
1 0.568750 0.285179 0.066000 0.060949
1 0.418438 0.266028 0.012750 0.014988
1 0.342187 0.265196 0.015750 0.012989
1 0.296250 0.273106 0.016500 0.031973
1 0.203750 0.268110 0.007500 0.019983
1 0.287500 0.277269 0.045000 0.043963
1 0.143125 0.262698 0.010500 0.008993
1 0.871250 0.277685 0.025500 0.046961
1 0.127500 0.266861 0.010500 0.020983
1 0.992125 0.265196 0.015750 0.018984
1 0.179063 0.262698 0.008250 0.012989
1 0.918750 0.264363 0.012000 0.018984
1 0.874687 0.259784 0.009750 0.011990
1 0.662500 0.258118 0.010500 0.007993
1 0.416563 0.258535 0.011250 0.008993
1 0.168125 0.262698 0.013500 0.018984
1 0.726250 0.260200 0.007500 0.014988
1 0.192500 0.263530 0.018000 0.022981
1 0.324062 0.263530 0.018750 0.024979
1 0.906875 0.261449 0.015000 0.021982
1 0.717812 0.258535 0.009750 0.014988
1 0.155000 0.257286 0.013500 0.011990
1 0.237500 0.258951 0.012000 0.017985
1 0.081250 0.256453 0.012000 0.011990
1 0.884375 0.256453 0.012000 0.013988
1 0.850938 0.260200 0.009750 0.022981
1 0.679688 0.271024 0.038250 0.048959
1 0.539687 0.256869 0.011250 0.014988
1 0.507500 0.257702 0.016500 0.016986
1 0.458125 0.280183 0.033000 0.072939
1 0.304688 0.260616 0.026250 0.025978
1 0.240313 0.270608 0.044250 0.049958
1 0.115000 0.254371 0.012000 0.010991
1 0.530000 0.253955 0.009000 0.011990
1 0.406250 0.257286 0.007500 0.019983
1 0.094687 0.256037 0.012750 0.016986
1 0.949063 0.253539 0.014250 0.012989
1 0.265313 0.253955 0.011250 0.013988
1 0.784687 0.259784 0.029250 0.029975
1 0.200000 0.251457 0.012000 0.009992
1 0.137813 0.251873 0.012750 0.010991
1 0.182188 0.254788 0.018750 0.019983
1 0.332813 0.251457 0.011250 0.013988
1 0.514062 0.253539 0.015750 0.020983
1 0.276250 0.251873 0.006000 0.016986
1 0.396562 0.252706 0.015750 0.020983
1 0.248750 0.249376 0.010500 0.012989
1 0.923750 0.250624 0.009000 0.017985
1 0.866250 0.249792 0.006000 0.015987
1 0.284062 0.253955 0.009750 0.025978
1 0.220312 0.255620 0.014250 0.029975
1 0.739688 0.248959 0.018750 0.015987
1 0.775000 0.248959 0.006000 0.017985
1 0.873125 0.245629 0.006000 0.011990
1 0.316563 0.246045 0.015750 0.012989
1 0.829688 0.246461 0.011250 0.015987
1 0.431250 0.254371 0.022500 0.034971
1 0.976250 0.248543 0.013500 0.022981
1 0.297500 0.243963 0.012000 0.015987
1 0.905000 0.246461 0.018000 0.023980
1 0.410313 0.241882 0.011250 0.012989
1 0.376250 0.253955 0.039000 0.041965
1 0.860313 0.240216 0.006750 0.010991
1 0.840938 0.246045 0.017250 0.024979
1 0.240937 0.246045 0.020250 0.024979
1 0.210625 0.248543 0.012000 0.030974
1 0.175000 0.240216 0.015000 0.012989
1 0.149688 0.241049 0.020250 0.014988
1 0.198125 0.238968 0.015000 0.011990
1 0.970625 0.250624 0.022500 0.041965
1 0.763125 0.241882 0.016500 0.020983
1 0.694688 0.238135 0.011250 0.011990
1 0.444063 0.238135 0.011250 0.011990
1 0.266562 0.240633 0.014250 0.017985
1 0.915625 0.237719 0.007500 0.012989
1 0.718750 0.256037 0.042000 0.056953
1 0.988750 0.236470 0.013500 0.011990
1 0.931562 0.236886 0.024750 0.012989
1 0.700000 0.234388 0.010500 0.010991
1 0.533750 0.236053 0.007500 0.014988
1 0.127500 0.245212 0.031500 0.036969
1 0.669063 0.233555 0.006750 0.012989
1 0.368125 0.231890 0.009000 0.010991
1 0.350313 0.231474 0.014250 0.009992
1 0.289687 0.230641 0.009750 0.009992
1 0.232187 0.235637 0.009750 0.021982
1 0.463750 0.233972 0.015000 0.019983
1 0.850000 0.235637 0.013500 0.027977
1 0.798438 0.233555 0.012750 0.022981
1 0.224688 0.232306 0.015750 0.019983
1 0.125312 0.228143 0.008250 0.009992
1 0.342500 0.235637 0.039000 0.029975
1 0.835000 0.226478 0.012000 0.009992
1 0.959375 0.229392 0.021000 0.018984
1 0.907188 0.227311 0.012750 0.013988
1 0.844063 0.226478 0.008250 0.013988
1 0.552188 0.238135 0.042750 0.041965
1 0.185938 0.232306 0.020250 0.027977
1 0.162812 0.236470 0.021750 0.037968
1 0.972500 0.224813 0.009000 0.011990
1 0.932813 0.224813 0.011250 0.011990
1 0.447188 0.222315 0.011250 0.005995
1 0.208437 0.226478 0.014250 0.015987
1 0.952500 0.223564 0.009000 0.010991
1 0.274062 0.231057 0.015750 0.028976
1 0.811875 0.228976 0.013500 0.025978
1 0.314375 0.228560 0.022500 0.024979
1 0.662500 0.223147 0.013500 0.013988
1 0.219062 0.222731 0.009750 0.012989
1 0.148125 0.227727 0.015000 0.024979
1 0.435937 0.222731 0.012750 0.014988
1 0.802500 0.220649 0.016500 0.013988
1 0.653438 0.218152 0.011250 0.007993
1 0.426250 0.222731 0.007500 0.018984
1 0.297187 0.220233 0.011250 0.012989
1 0.992875 0.221482 0.014250 0.019983
1 0.908438 0.216486 0.012750 0.007993
1 0.678125 0.226062 0.012000 0.030974
1 0.640938 0.216903 0.009750 0.010991
1 0.581562 0.220649 0.009750 0.019983
1 0.504062 0.225229 0.021750 0.032973
1 0.923125 0.215654 0.019500 0.011990
1 0.787188 0.249792 0.095250 0.093922
1 0.822500 0.217735 0.010500 0.018984
1 0.283125 0.216486 0.009000 0.015987
1 0.237500 0.217735 0.021000 0.018984
1 0.725313 0.222731 0.039750 0.032973
1 0.366563 0.223147 0.029250 0.035970
1 0.350625 0.213988 0.007500 0.013988
1 0.215312 0.213156 0.014250 0.011990
1 0.481563 0.235221 0.029250 0.066944
1 0.202187 0.213156 0.015750 0.013988
1 0.950937 0.211490 0.011250 0.011990
1 0.850938 0.215654 0.017250 0.021982
1 0.684688 0.212323 0.006750 0.013988
1 0.179063 0.214405 0.018750 0.018984
1 0.096562 0.235221 0.036750 0.068943
1 0.253750 0.216070 0.021000 0.024979
1 0.753125 0.208160 0.013500 0.011990
1 0.340938 0.213156 0.014250 0.023980
1 0.526563 0.207744 0.011250 0.014988
1 0.358125 0.206495 0.009000 0.011990
1 0.982187 0.208160 0.009750 0.017985
1 0.719688 0.208576 0.014250 0.018984
1 0.392188 0.209825 0.020250 0.021982
1 0.153750 0.212739 0.016500 0.028976
1 0.127812 0.207744 0.009750 0.016986
1 0.114687 0.218568 0.020250 0.042964
1 0.939063 0.206495 0.014250 0.015987
1 0.792813 0.205662 0.017250 0.013988
1 0.807813 0.204829 0.011250 0.015987
1 0.703750 0.209409 0.019500 0.026978
1 0.312500 0.210241 0.010500 0.028976
1 0.134375 0.201915 0.009000 0.010991
1 0.541250 0.206495 0.021000 0.025978
1 0.378125 0.202748 0.012000 0.016986
1 0.141563 0.206911 0.009750 0.026978
1 0.990250 0.203580 0.019500 0.020983
1 0.918438 0.203580 0.033750 0.020983
1 0.399062 0.203164 0.018750 0.019983
1 0.099687 0.206495 0.015750 0.027977
1 0.846875 0.204413 0.019500 0.024979
1 0.776250 0.198168 0.012000 0.009992
1 0.892188 0.203164 0.023250 0.025978
1 0.292812 0.205662 0.030750 0.031973
1 0.957187 0.198585 0.012750 0.016986
1 0.621875 0.253955 0.102000 0.153872
1 0.119688 0.194005 0.008250 0.009992
1 0.948438 0.196087 0.006750 0.018984
1 0.877500 0.215654 0.042000 0.065945
1 0.700000 0.193172 0.010500 0.011990
1 0.426563 0.196919 0.014250 0.020983
1 0.349375 0.197752 0.024000 0.022981
1 0.335625 0.195670 0.007500 0.017985
1 0.183438 0.198585 0.026250 0.024979
1 0.451562 0.205246 0.045750 0.042964
1 0.815312 0.194005 0.030750 0.017985
1 0.968125 0.189842 0.012000 0.009992
1 0.904687 0.191507 0.026250 0.013988
1 0.740938 0.203997 0.044250 0.043963
1 0.472813 0.194005 0.008250 0.019983
1 0.980938 0.190674 0.012750 0.013988
1 0.885000 0.191091 0.009000 0.014988
1 0.716562 0.191091 0.023250 0.016986
1 0.254688 0.193172 0.012750 0.021982
1 0.943438 0.188593 0.012750 0.014988
1 0.226562 0.189425 0.008250 0.016986
1 0.165625 0.187760 0.019500 0.014988
1 0.411875 0.205662 0.025500 0.061948
1 0.153125 0.195670 0.031500 0.037968
1 0.988437 0.185679 0.012750 0.015987
1 0.367500 0.192340 0.013500 0.031973
1 0.131250 0.186511 0.016500 0.017985
1 0.262813 0.188593 0.020250 0.026978
1 0.429063 0.186511 0.011250 0.023980
1 0.312188 0.191923 0.053250 0.036969
1 0.642500 0.193589 0.037500 0.042964
1 0.735938 0.179434 0.009750 0.010991
1 0.537500 0.179017 0.009000 0.009992
1 0.273438 0.186095 0.020250 0.026978
1 0.220938 0.178185 0.014250 0.007993
1 0.962187 0.179017 0.008250 0.011990
1 0.932500 0.182764 0.013500 0.020983
1 0.773750 0.181099 0.015000 0.016986
1 0.561875 0.194005 0.033000 0.049958
1 0.387813 0.182764 0.017250 0.022981
1 0.872188 0.179434 0.008250 0.016986
1 0.996250 0.184013 0.007500 0.029975
1 0.924063 0.174438 0.009750 0.008993
1 0.340938 0.175687 0.012750 0.011990
1 0.242188 0.180266 0.017250 0.022981
1 0.613125 0.176936 0.016500 0.016986
1 0.185000 0.176103 0.015000 0.014988
1 0.004500 0.176936 0.009000 0.016986
1 0.913438 0.178185 0.015750 0.021982
1 0.855625 0.176103 0.034500 0.018984
1 0.811875 0.176103 0.009000 0.018984
1 0.356250 0.177352 0.015000 0.021982
1 0.205625 0.186511 0.025500 0.043963
1 0.722500 0.174854 0.019500 0.017985
1 0.319375 0.174438 0.019500 0.016986
1 0.984062 0.174022 0.011250 0.017985
1 0.901563 0.174854 0.017250 0.019983
1 0.510000 0.208993 0.079500 0.101915
1 0.457500 0.179017 0.027000 0.029975
1 0.436875 0.175271 0.016500 0.020983
1 0.176563 0.176520 0.008250 0.023980
1 0.675937 0.187344 0.044250 0.051957
1 0.829688 0.186095 0.041250 0.050958
1 0.790000 0.173189 0.015000 0.019983
1 0.762813 0.171524 0.014250 0.017985
1 0.584375 0.181932 0.048000 0.042964
1 0.856250 0.166944 0.013500 0.008993
1 0.267813 0.173189 0.014250 0.023980
1 0.006375 0.166528 0.012750 0.009992
1 0.930625 0.166528 0.012000 0.011990
1 0.699688 0.173189 0.017250 0.027977
1 0.540312 0.167777 0.008250 0.014988
1 0.530937 0.166112 0.012750 0.010991
1 0.225312 0.169442 0.011250 0.018984
1 0.965938 0.169026 0.014250 0.021982
1 0.164062 0.169026 0.026250 0.023980
1 0.629687 0.165279 0.018750 0.016986
1 0.551250 0.164446 0.018000 0.014988
1 0.298438 0.164446 0.009750 0.014988
1 0.722812 0.163614 0.006750 0.014988
1 0.651250 0.167777 0.012000 0.024979
1 0.406250 0.166528 0.010500 0.023980
1 0.195000 0.167777 0.028500 0.028976
1 0.881563 0.164863 0.011250 0.023980
1 0.608437 0.161948 0.011250 0.016986
1 0.368125 0.161532 0.007500 0.015987
1 0.451875 0.161116 0.012000 0.016986
1 0.327500 0.162365 0.034500 0.019983
1 0.215312 0.160699 0.008250 0.015987
1 0.252188 0.164030 0.021750 0.025978
1 0.890312 0.160283 0.006750 0.018984
1 0.854375 0.156953 0.009000 0.010991
1 0.785312 0.161948 0.020250 0.022981
1 0.420625 0.165279 0.021000 0.030974
1 0.915937 0.157785 0.008250 0.016986
1 0.772813 0.161532 0.021750 0.025978
1 0.750625 0.166944 0.016500 0.038968
1 0.560000 0.156536 0.012000 0.013988
1 0.012500 0.163614 0.012000 0.030974
1 0.942187 0.153622 0.008250 0.008993
1 0.706562 0.158201 0.015750 0.019983
1 0.196250 0.154455 0.007500 0.010991
1 0.992188 0.155287 0.005250 0.014988
1 0.951250 0.159867 0.022500 0.025978
1 0.600625 0.159034 0.016500 0.023980
1 0.235000 0.156120 0.012000 0.016986
1 0.810937 0.154871 0.009750 0.015987
1 0.573438 0.154455 0.014250 0.014988
1 0.436250 0.156953 0.018000 0.020983
1 0.740938 0.151957 0.015750 0.010991
1 0.661563 0.154038 0.008250 0.015987
1 0.371250 0.152373 0.013500 0.011990
1 0.507188 0.156536 0.017250 0.023980
1 0.281250 0.160283 0.025500 0.032973
1 0.491563 0.154871 0.017250 0.021982
1 0.975625 0.151957 0.022500 0.016986
1 0.892188 0.151124 0.009750 0.016986
1 0.928125 0.151124 0.019500 0.018984
1 0.669687 0.146961 0.006750 0.008993
1 0.546250 0.148210 0.016500 0.011990
1 0.302500 0.151957 0.013500 0.020983
1 0.208750 0.149875 0.007500 0.015987
1 0.404062 0.149042 0.023250 0.015987
1 0.802188 0.148626 0.014250 0.016986
1 0.855000 0.145296 0.009000 0.010991
1 0.784687 0.145712 0.006750 0.011990
1 0.899062 0.151957 0.015750 0.028976
1 0.817500 0.143214 0.013500 0.007993
1 0.944375 0.143630 0.009000 0.010991
1 0.886250 0.144879 0.009000 0.013988
1 0.009000 0.146545 0.018000 0.017985
1 0.682500 0.151957 0.027000 0.034971
1 0.432500 0.141549 0.010500 0.009992
1 0.220625 0.143214 0.004500 0.013988
1 0.587187 0.150708 0.018750 0.033972
1 0.966875 0.142798 0.018000 0.016986
1 0.832500 0.149459 0.043500 0.032973
1 0.519375 0.141549 0.010500 0.013988
1 0.392188 0.140300 0.009750 0.010991
1 0.414062 0.142381 0.020250 0.017985
1 0.799063 0.138634 0.012750 0.010991
1 0.776563 0.141132 0.005250 0.016986
1 0.334375 0.141965 0.025500 0.018984
1 0.262813 0.149459 0.017250 0.038968
1 0.668125 0.136553 0.007500 0.009992
1 0.444063 0.139883 0.020250 0.017985
1 0.877500 0.139467 0.013500 0.018984
1 0.655000 0.143630 0.012000 0.028976
1 0.991375 0.135304 0.017250 0.010991
1 0.976250 0.136969 0.016500 0.016986
1 0.743125 0.142381 0.055500 0.029975
1 0.242812 0.134888 0.012750 0.011990
1 0.712187 0.138634 0.015750 0.022981
1 0.675625 0.134055 0.007500 0.013988
1 0.538125 0.140716 0.031500 0.029975
1 0.276562 0.130724 0.011250 0.007993
1 0.744062 0.130724 0.011250 0.009992
1 0.641875 0.150291 0.019500 0.056953
1 0.515625 0.145712 0.033000 0.045962
1 0.256250 0.134471 0.016500 0.018984
1 0.829688 0.132806 0.012750 0.016986
1 0.315937 0.130724 0.006750 0.011990
1 0.956562 0.136137 0.012750 0.026978
1 0.865000 0.139467 0.018000 0.034971
1 0.806250 0.130724 0.010500 0.013988
1 0.593750 0.132390 0.013500 0.019983
1 0.370312 0.132390 0.017250 0.019983
1 0.855625 0.130724 0.009000 0.017985
1 0.796250 0.127394 0.010500 0.013988
1 0.466250 0.149042 0.031500 0.065945
1 0.439375 0.126145 0.015000 0.010991
1 0.004875 0.131557 0.009750 0.023980
1 0.526875 0.124480 0.006000 0.012989
1 0.280938 0.122814 0.015750 0.008993
1 0.686250 0.124896 0.025500 0.015987
1 0.521250 0.126561 0.013500 0.019983
1 0.910312 0.121149 0.011250 0.008993
1 0.888437 0.123647 0.008250 0.016986
1 0.297187 0.134471 0.035250 0.042964
1 0.754062 0.121565 0.018750 0.013988
1 0.591250 0.120316 0.010500 0.010991
1 0.934375 0.134471 0.019500 0.046961
1 0.429688 0.120733 0.011250 0.013988
1 0.345938 0.119067 0.011250 0.009992
1 0.270937 0.119067 0.015750 0.011990
1 0.807813 0.118235 0.008250 0.011990
1 0.773125 0.131141 0.025500 0.042964
1 0.701875 0.130308 0.013500 0.040966
1 0.620938 0.134471 0.029250 0.050958
1 0.475938 0.116153 0.015750 0.014988
1 0.541250 0.119900 0.012000 0.025978
1 0.355000 0.136969 0.022500 0.066944
1 0.012375 0.122398 0.024750 0.031973
1 0.920000 0.114488 0.012000 0.014988
1 0.659687 0.119900 0.038250 0.027977
1 0.860938 0.114488 0.006750 0.016986
1 0.517188 0.114072 0.009750 0.015987
1 0.639687 0.110325 0.014250 0.008993
1 0.784687 0.110325 0.006750 0.012989
1 0.732812 0.109492 0.015750 0.010991
1 0.681875 0.112406 0.013500 0.017985
1 0.406250 0.122814 0.019500 0.042964
1 0.852187 0.113239 0.009750 0.021982
1 0.772188 0.109492 0.012750 0.012989
1 0.616250 0.115321 0.025500 0.026978
1 0.416563 0.108243 0.012750 0.009992
1 0.834063 0.114072 0.023250 0.025978
1 0.462813 0.110325 0.008250 0.016986
1 0.363750 0.111574 0.013500 0.019983
1 0.904062 0.121982 0.021750 0.046961
1 0.755625 0.109908 0.016500 0.017985
1 0.716875 0.109076 0.007500 0.015987
1 0.471875 0.109076 0.009000 0.015987
1 0.693438 0.105329 0.008250 0.012989
1 0.393750 0.121565 0.027000 0.051957
1 0.304688 0.105329 0.009750 0.012989
1 0.570625 0.124480 0.030000 0.062948
1 0.391875 0.101582 0.012000 0.007993
1 0.429375 0.107827 0.028500 0.024979
1 0.328125 0.117402 0.048000 0.047960
1 0.546250 0.103247 0.010500 0.015987
1 0.537188 0.101998 0.009750 0.012989
1 0.705313 0.106578 0.018750 0.025978
1 0.872812 0.099500 0.012750 0.016986
1 0.611875 0.096586 0.012000 0.009992
1 0.820000 0.103247 0.019500 0.027977
1 0.784375 0.096170 0.010500 0.010991
1 0.632812 0.096170 0.008250 0.010991
1 0.558750 0.096170 0.013500 0.012989
1 0.851875 0.098251 0.021000 0.019983
1 0.711875 0.097419 0.013500 0.017985
1 0.500000 0.116153 0.034500 0.062948
1 0.447813 0.104080 0.018750 0.033972
1 0.341562 0.101582 0.018750 0.027977
1 0.722500 0.097419 0.012000 0.019983
1 0.455937 0.094088 0.020250 0.011990
1 0.412187 0.095337 0.008250 0.014988
1 0.917500 0.092839 0.007500 0.012989
1 0.522188 0.092839 0.011250 0.012989
1 0.800312 0.097835 0.014250 0.028976
1 0.682500 0.093672 0.015000 0.020983
1 0.835313 0.091590 0.011250 0.019983
1 0.757188 0.089509 0.012750 0.016986
1 0.749375 0.091174 0.007500 0.020983
1 0.621250 0.090758 0.006000 0.019983
1 0.593437 0.097835 0.023250 0.036969
1 0.355312 0.089509 0.011250 0.016986
1 0.473750 0.094088 0.019500 0.031973
1 0.393437 0.087843 0.011250 0.016986
1 0.666875 0.083680 0.010500 0.008993
1 0.514062 0.087843 0.020250 0.020983
1 0.816562 0.084513 0.006750 0.014988
1 0.488125 0.089925 0.019500 0.029975
1 0.439375 0.084929 0.019500 0.017985
1 0.540937 0.084929 0.027750 0.019983
1 0.775000 0.092007 0.015000 0.038968
1 0.372500 0.079101 0.012000 0.007993
1 0.655625 0.092007 0.030000 0.040966
1 0.708438 0.077852 0.009750 0.008993
1 0.687187 0.079101 0.015750 0.011990
1 0.793750 0.084929 0.015000 0.027977
1 0.698438 0.088260 0.023250 0.035970
1 0.417812 0.085346 0.027750 0.030974
1 0.740938 0.088260 0.012750 0.039967
1 0.373437 0.089092 0.035250 0.041965
1 0.623125 0.077019 0.010500 0.014988
1 0.643437 0.074938 0.006750 0.011990
1 0.671250 0.073689 0.007500 0.012989
1 0.551875 0.074938 0.013500 0.015987
1 0.595313 0.074105 0.015750 0.015987
1 0.713125 0.069525 0.015000 0.006994
1 0.530937 0.072023 0.014250 0.012989
1 0.485625 0.072023 0.018000 0.012989
1 0.457813 0.077019 0.012750 0.024979
1 0.995875 0.069942 0.008250 0.009992
1 0.777188 0.070358 0.012750 0.010991
1 0.730313 0.075770 0.015750 0.023980
1 0.634375 0.077019 0.010500 0.026978
1 0.515625 0.072023 0.009000 0.014988
1 0.505000 0.073689 0.006000 0.020983
1 0.389062 0.069942 0.008250 0.011990
1 0.679063 0.069942 0.006750 0.013988
1 0.662500 0.073272 0.012000 0.021982
1 0.630625 0.069942 0.006000 0.015987
1 0.428125 0.069525 0.010500 0.016986
1 0.758437 0.070774 0.027750 0.021982
1 0.573750 0.065362 0.013500 0.012989
1 0.449375 0.067444 0.009000 0.017985
1 0.750625 0.066195 0.010500 0.016986
1 0.478125 0.062864 0.018000 0.008993
1 0.401562 0.068276 0.011250 0.025978
1 0.458750 0.060366 0.012000 0.008993
1 0.740625 0.062864 0.013500 0.016986
1 0.538750 0.059117 0.006000 0.011990
1 0.680625 0.060783 0.028500 0.019983
1 0.434688 0.057036 0.008250 0.012989
1 0.549375 0.058701 0.009000 0.018984
1 0.615625 0.070358 0.025500 0.050958
1 0.515312 0.055787 0.009750 0.015987
1 0.561875 0.057452 0.016500 0.021982
1 0.695625 0.052456 0.015000 0.011990
1 0.413125 0.054122 0.007500 0.015987
1 0.123125 0.057868 0.012000 0.024979
1 0.445312 0.053705 0.012750 0.016986
1 0.706875 0.052040 0.010500 0.014988
1 0.631563 0.052456 0.009750 0.015987
1 0.599375 0.053705 0.013500 0.018984
1 0.478438 0.052040 0.015750 0.014988
1 0.423125 0.055787 0.013500 0.025978
1 0.489375 0.049126 0.007500 0.015987
1 0.270625 0.055371 0.022500 0.030974
1 0.645000 0.046211 0.007500 0.012989
1 0.435937 0.045795 0.009750 0.011990
1 0.501563 0.050375 0.021750 0.024979
1 0.100312 0.044546 0.006750 0.012989
1 0.320625 0.044130 0.010500 0.013988
1 0.557500 0.042048 0.009000 0.012989
1 0.943125 0.045795 0.025500 0.023980
1 0.680000 0.042881 0.019500 0.016986
1 0.540000 0.042881 0.013500 0.018984
1 0.528438 0.048293 0.014250 0.031973
1 0.510312 0.040799 0.008250 0.013988
1 0.259688 0.041632 0.018750 0.019983
1 0.665937 0.039967 0.014250 0.017985
1 0.573125 0.038301 0.012000 0.013988
1 0.374375 0.043297 0.019500 0.025978
1 0.619687 0.039550 0.012750 0.018984
1 0.466250 0.038718 0.009000 0.018984
1 0.631250 0.032889 0.015000 0.006994
1 0.271875 0.036220 0.010500 0.014988
1 0.651250 0.033722 0.013500 0.010991
1 0.455000 0.035803 0.016500 0.017985
1 0.525625 0.031224 0.010500 0.010991
1 0.314063 0.032889 0.017250 0.014988
1 0.500625 0.029142 0.015000 0.013988
1 0.585313 0.031224 0.014250 0.024979
1 0.520312 0.041216 0.017250 0.048959
1 0.475313 0.027477 0.012750 0.015987
1 0.612812 0.032057 0.015750 0.028976
1 0.490625 0.028310 0.009000 0.019983
1 0.560000 0.025396 0.018000 0.020983
1 0.484687 0.029559 0.012750 0.030974
1 0.509375 0.019567 0.010500 0.008993
1 0.193438 0.018318 0.011250 0.009992
1 0.597500 0.026644 0.022500 0.033972
1 0.002625 0.016653 0.005250 0.013988
1 0.994750 0.015404 0.010500 0.014988
1 0.573438 0.014988 0.012750 0.015987
1 0.494688 0.014988 0.012750 0.015987
1 0.967187 0.011657 0.008250 0.009992
1 0.544063 0.013322 0.009750 0.015987
1 0.516250 0.010408 0.009000 0.008993
1 0.854688 0.009992 0.008250 0.015987
1 0.125938 0.010408 0.014250 0.016986
1 0.105313 0.011241 0.012750 0.018984
1 0.195000 0.008326 0.007500 0.013988
1 0.315625 0.004996 0.009000 0.007993
1 0.988437 0.008993 0.009750 0.017985
1 0.980500 0.038468 0.039000 0.076936
1 0.843750 0.004496 0.009000 0.008993
1 0.540937 0.005995 0.020250 0.011990
1 0.349375 0.007993 0.009000 0.015987
1 0.325937 0.005995 0.011250 0.011990
1 0.080000 0.020483 0.037500 0.040966
1 0.053750 0.026478 0.030000 0.052956
1 0.600000 0.600000 1.000000 1.000000
