1 0.351250 0.833750 0.129000 0.171000
1 0.653750 0.736250 0.153000 0.147000
1 0.132500 0.660000 0.144000 0.132000
1 0.402500 0.643750 0.168000 0.285000
1 0.258750 0.553750 0.105000 0.153000
1 0.675000 0.557500 0.276000 0.288000
1 0.360000 0.466250 0.168000 0.129000
1 0.062500 0.348750 0.108000 0.177000
1 0.500000 0.273750 0.150000 0.099000
1 0.165000 0.398750 0.174000 0.423000
1 0.069000 0.238750 0.138000 0.063000
1 0.953500 0.203750 0.093000 0.105000
1 0.331250 0.267500 0.291000 0.390000
1 0.196250 0.156250 0.111000 0.153000
1 0.577500 0.148750 0.132000 0.159000
1 0.195000 0.120000 0.390000 0.240000
1 0.450000 0.085500 0.108000 0.171000
1 0.822500 0.025500 0.150000 0.051000
1 0.771250 0.117000 0.327000 0.234000
1 0.617500 0.067500 0.078000 0.135000
1 0.360000 0.052500 0.090000 0.105000
