1 0.696094 0.970000 0.050625 0.060000
1 0.433984 0.970000 0.034687 0.060000
1 0.600000 0.965000 0.031875 0.070000
1 0.063750 0.953125 0.127500 0.093750
1 0.660547 0.927083 0.053437 0.052500
1 0.740625 0.881250 0.071250 0.117500
1 0.543750 0.864062 0.035625 0.076250
1 0.599219 0.896875 0.099375 0.206250
1 0.622656 0.829167 0.045000 0.055000
1 0.715234 0.800000 0.051562 0.055000
1 0.557813 0.788542 0.056250 0.082500
1 0.523828 0.705208 0.014063 0.022500
1 0.465234 0.711979 0.034687 0.038750
1 0.496484 0.718750 0.029062 0.065000
1 0.423828 0.700000 0.025312 0.030000
1 0.536328 0.751042 0.124687 0.155000
1 0.762891 0.661458 0.019688 0.030000
1 0.541797 0.656771 0.032813 0.053750
1 0.419531 0.641146 0.011250 0.016250
1 0.606641 0.684896 0.105937 0.133750
1 0.390234 0.651042 0.036562 0.060000
1 0.637109 0.633854 0.029062 0.038750
1 0.662109 0.627604 0.017813 0.031250
1 0.695703 0.615104 0.029062 0.033750
1 0.413281 0.608854 0.024375 0.038750
1 0.638281 0.586979 0.028125 0.036250
1 0.620703 0.576042 0.012188 0.017500
1 0.542578 0.585938 0.055313 0.053750
1 0.770703 0.591667 0.032813 0.075000
1 0.253906 0.589063 0.035625 0.083750
1 0.456250 0.616667 0.073125 0.165000
1 0.306250 0.532292 0.084375 0.080000
1 0.573047 0.585417 0.205313 0.215000
1 0.599609 0.499479 0.010312 0.018750
1 0.828438 0.698750 0.343125 0.602500
1 0.465234 0.480729 0.040313 0.071250
1 0.237109 0.470833 0.047812 0.057500
1 0.546484 0.451562 0.126562 0.086250
1 0.717578 0.651563 0.314063 0.601250
1 0.478906 0.416667 0.030000 0.085000
1 0.432812 0.393229 0.046875 0.051250
1 0.261719 0.380208 0.054375 0.057500
1 0.439063 0.589583 0.369375 0.567500
1 0.657813 0.370833 0.041250 0.062500
1 0.356250 0.373958 0.035625 0.085000
1 0.571484 0.400521 0.190312 0.206250
1 0.571875 0.266146 0.041250 0.081250
1 0.277734 0.250000 0.059062 0.060000
1 0.408203 0.245312 0.098437 0.103750
1 0.337109 0.269792 0.104062 0.212500
1 0.370312 0.189583 0.033750 0.087500
1 0.818594 0.082500 0.362812 0.165000
1 0.222187 0.393125 0.444375 0.786250
