1 0.463364 0.750625 0.038968 0.046500
1 0.524563 0.750625 0.039967 0.048000
1 0.615737 0.753437 0.040966 0.056250
1 0.574521 0.835625 1.000000 0.289500
1 0.223980 0.706562 0.013988 0.012750
1 0.659034 0.723437 0.040966 0.057750
1 0.393422 0.705313 0.052956 0.033750
1 0.540799 0.689375 0.038968 0.042000
1 0.277269 0.672500 0.015987 0.009000
1 0.582848 0.681250 0.059950 0.033000
1 0.681515 0.673750 0.052956 0.037500
1 0.618651 0.677500 0.075937 0.078000
1 0.557036 0.651250 0.055953 0.033000
1 0.991507 0.647188 0.016986 0.038250
1 0.394671 0.627812 0.051957 0.044250
1 0.680683 0.615000 0.034971 0.051000
1 0.474188 0.649375 0.136886 0.162000
1 0.539967 0.605625 0.084929 0.063000
1 0.566195 0.581562 0.037968 0.041250
1 0.527061 0.559688 0.053955 0.032250
1 0.386345 0.549687 0.013988 0.015750
1 0.564530 0.534375 0.051957 0.033000
1 0.129059 0.510625 0.011990 0.007500
1 0.615737 0.496250 0.046961 0.049500
1 0.565779 0.495937 0.056953 0.068250
1 0.684013 0.472813 0.060949 0.030750
1 0.277685 0.457813 0.016986 0.008250
1 0.211907 0.466250 0.046961 0.036000
1 0.559950 0.440000 0.014988 0.009000
1 0.477102 0.446250 0.035970 0.051000
1 0.417569 0.515938 0.292756 0.219750
1 0.514155 0.457500 0.062948 0.088500
1 0.396753 0.422812 0.050958 0.038250
1 0.646545 0.367500 0.034971 0.046500
1 0.338052 0.378750 0.101915 0.078000
1 0.350958 0.332188 0.034971 0.042750
1 0.305579 0.335938 0.057952 0.071250
1 0.267694 0.317188 0.060949 0.051750
1 0.663197 0.292500 0.018984 0.009000
1 0.471690 0.279062 0.008993 0.009750
1 0.565779 0.284062 0.050958 0.032250
1 0.651540 0.257500 0.014988 0.009000
1 0.355953 0.263750 0.052956 0.030000
1 0.562032 0.257812 0.047960 0.041250
1 0.534971 0.243750 0.044963 0.034500
1 0.298085 0.240313 0.037968 0.041250
1 0.440883 0.234687 0.052956 0.030750
1 0.339717 0.233125 0.047960 0.031500
1 0.401749 0.238437 0.034971 0.045750
1 0.478351 0.334375 0.454621 0.331500
1 0.376769 0.214375 0.034971 0.043500
1 0.304746 0.211250 0.041965 0.037500
1 0.789342 0.198125 0.019983 0.012000
1 0.426311 0.205313 0.055953 0.029250
1 0.161948 0.198750 0.048959 0.030000
1 0.343047 0.199375 0.029975 0.039000
1 0.517902 0.191562 0.049958 0.083250
1 0.478768 0.173125 0.053955 0.063000
1 0.250291 0.284250 0.500583 0.568500
