1 0.323750 0.986500 0.069000 0.027000
1 0.038750 0.985000 0.075000 0.030000
1 0.596250 0.983500 0.033000 0.033000
1 0.262500 0.983500 0.054000 0.033000
1 0.668750 0.982000 0.039000 0.036000
1 0.633750 0.977500 0.045000 0.045000
1 0.955000 0.971500 0.078000 0.057000
1 0.016250 0.965000 0.027000 0.030000
1 0.770000 0.970000 0.090000 0.060000
1 0.870000 0.962500 0.078000 0.075000
1 0.410000 0.956500 0.126000 0.087000
1 0.488750 0.955000 0.087000 0.090000
1 0.785000 0.935000 0.048000 0.030000
1 0.396250 0.946250 0.051000 0.069000
1 0.068750 0.931250 0.069000 0.045000
1 0.892500 0.926250 0.030000 0.039000
1 0.950000 0.936250 0.078000 0.081000
1 0.321250 0.906250 0.075000 0.027000
1 0.762500 0.903750 0.048000 0.039000
1 0.143750 0.931000 0.129000 0.138000
1 0.983500 0.892500 0.033000 0.036000
1 0.400000 0.898750 0.054000 0.063000
1 0.441250 0.895000 0.027000 0.060000
1 0.288750 0.860000 0.033000 0.042000
1 0.537500 0.853750 0.048000 0.033000
1 0.790000 0.856250 0.078000 0.045000
1 0.330000 0.863750 0.060000 0.069000
1 0.222500 0.897500 0.150000 0.162000
1 0.543750 0.898750 0.249000 0.177000
1 0.657500 0.815000 0.036000 0.030000
1 0.377500 0.847500 0.126000 0.126000
1 0.700000 0.841000 0.336000 0.318000
1 0.190000 0.737500 0.048000 0.024000
1 0.521250 0.777500 0.207000 0.138000
1 0.768750 0.752500 0.093000 0.096000
1 0.114000 0.803750 0.228000 0.225000
1 0.281250 0.772500 0.189000 0.156000
1 0.521250 0.703750 0.045000 0.027000
1 0.553750 0.696250 0.021000 0.045000
1 0.651250 0.735000 0.195000 0.150000
1 0.938750 0.755000 0.117000 0.216000
1 0.778750 0.686250 0.111000 0.063000
1 0.326250 0.678750 0.057000 0.051000
1 0.128750 0.683750 0.027000 0.063000
1 0.400000 0.728750 0.108000 0.177000
1 0.670000 0.662500 0.078000 0.042000
1 0.628750 0.650000 0.039000 0.042000
1 0.588750 0.643750 0.051000 0.051000
1 0.335000 0.641250 0.066000 0.051000
1 0.750000 0.638750 0.054000 0.051000
1 0.033750 0.628750 0.039000 0.027000
1 0.069000 0.632500 0.138000 0.132000
1 0.830000 0.621250 0.084000 0.153000
1 0.240000 0.577500 0.048000 0.060000
1 0.018750 0.551250 0.033000 0.027000
1 0.975000 0.553750 0.030000 0.039000
1 0.668750 0.580000 0.201000 0.114000
1 0.503750 0.607500 0.135000 0.198000
1 0.570000 0.527500 0.036000 0.036000
1 0.945000 0.530000 0.036000 0.054000
1 0.857500 0.523750 0.048000 0.051000
1 0.450000 0.520000 0.054000 0.048000
1 0.323750 0.566250 0.177000 0.195000
1 0.430000 0.490000 0.072000 0.048000
1 0.670000 0.493750 0.102000 0.063000
1 0.964000 0.488750 0.072000 0.099000
1 0.341250 0.451250 0.033000 0.033000
1 0.022500 0.445000 0.045000 0.036000
1 0.131250 0.438750 0.051000 0.027000
1 0.192500 0.431250 0.036000 0.051000
1 0.853750 0.421250 0.039000 0.033000
1 0.556250 0.462500 0.195000 0.138000
1 0.171000 0.560000 0.342000 0.384000
1 0.140000 0.411250 0.084000 0.045000
1 0.703750 0.427500 0.135000 0.096000
1 0.275000 0.466250 0.090000 0.189000
1 0.956500 0.401250 0.087000 0.093000
1 0.541250 0.377500 0.057000 0.054000
1 0.593750 0.365000 0.027000 0.036000
1 0.798750 0.461250 0.201000 0.297000
1 0.885000 0.361250 0.048000 0.069000
1 0.967000 0.348750 0.066000 0.045000
1 0.627500 0.346250 0.048000 0.051000
1 0.410000 0.392500 0.210000 0.168000
1 0.872500 0.333750 0.048000 0.045000
1 0.983500 0.293750 0.033000 0.039000
1 0.861250 0.297500 0.069000 0.048000
1 0.725000 0.346250 0.240000 0.165000
1 0.453750 0.293750 0.057000 0.051000
1 0.130000 0.292500 0.090000 0.108000
1 0.736250 0.276250 0.057000 0.111000
1 0.625000 0.243750 0.060000 0.063000
1 0.866250 0.250000 0.135000 0.090000
1 0.787500 0.255000 0.072000 0.114000
1 0.193500 0.300000 0.387000 0.252000
1 0.156250 0.213750 0.033000 0.057000
1 0.547500 0.265000 0.144000 0.210000
1 0.846250 0.192500 0.141000 0.096000
1 0.242500 0.202500 0.198000 0.138000
1 0.758750 0.181250 0.081000 0.117000
1 0.645000 0.198750 0.246000 0.201000
1 0.753750 0.117500 0.051000 0.030000
1 0.227500 0.101250 0.042000 0.027000
1 0.791250 0.111250 0.033000 0.075000
1 0.110000 0.137500 0.210000 0.156000
1 0.028750 0.067500 0.027000 0.060000
1 0.832500 0.048750 0.030000 0.045000
1 0.798750 0.039000 0.045000 0.078000
1 0.880000 0.120000 0.180000 0.240000
1 0.637500 0.075000 0.318000 0.150000
1 0.468750 0.012000 0.069000 0.024000
1 0.368750 0.190500 0.399000 0.381000
1 0.131250 0.039000 0.195000 0.078000
1 0.025500 0.024000 0.051000 0.048000
