1 0.435156 0.959896 0.035625 0.066250
1 0.495703 0.911458 0.038437 0.052500
1 0.356250 0.902083 0.043125 0.047500
1 0.546094 0.882812 0.031875 0.061250
1 0.413672 0.903646 0.074063 0.173750
1 0.485938 0.838542 0.015000 0.027500
1 0.439063 0.815625 0.046875 0.040000
1 0.584375 0.800000 0.041250 0.045000
1 0.353906 0.832292 0.075000 0.122500
1 0.518750 0.787500 0.026250 0.067500
1 0.482422 0.818750 0.070312 0.152500
1 0.532813 0.782292 0.061875 0.107500
1 0.489453 0.757812 0.034687 0.061250
1 0.404687 0.729688 0.041250 0.036250
1 0.551172 0.706250 0.051562 0.042500
1 0.487891 0.706250 0.030937 0.062500
1 0.455078 0.750521 0.096562 0.186250
1 0.385937 0.672396 0.039375 0.051250
1 0.466406 0.662500 0.030000 0.032500
1 0.272266 0.664062 0.053437 0.038750
1 0.529297 0.688542 0.062812 0.105000
1 0.421875 0.652083 0.031875 0.062500
1 0.514453 0.643229 0.083437 0.083750
1 0.561719 0.616667 0.026250 0.062500
1 0.563672 0.594271 0.027187 0.028750
1 0.492969 0.613542 0.045000 0.077500
1 0.341406 0.626563 0.105000 0.121250
1 0.403125 0.584375 0.037500 0.042500
1 0.324609 0.572396 0.019688 0.018750
1 0.339062 0.577604 0.080625 0.083750
1 0.571484 0.577083 0.064687 0.102500
1 0.512500 0.567187 0.090000 0.078750
1 0.548047 0.527083 0.025312 0.045000
1 0.264453 0.518750 0.027187 0.067500
1 0.515625 0.508333 0.041250 0.087500
1 0.527734 0.480208 0.030937 0.032500
1 0.557813 0.489063 0.052500 0.061250
1 0.465625 0.474479 0.030000 0.043750
1 0.501563 0.445833 0.026250 0.015000
1 0.473438 0.447917 0.041250 0.035000
1 0.373047 0.461979 0.040313 0.068750
1 0.422266 0.416667 0.030937 0.035000
1 0.648047 0.407813 0.045937 0.038750
1 0.453516 0.414062 0.049687 0.068750
1 0.388281 0.388021 0.009375 0.036250
1 0.495703 0.388021 0.045937 0.066250
1 0.300391 0.391667 0.057188 0.082500
1 0.286328 0.359375 0.040313 0.050000
1 0.537500 0.359375 0.030000 0.060000
1 0.408203 0.342187 0.036562 0.046250
1 0.388672 0.332292 0.032813 0.027500
1 0.513281 0.334896 0.035625 0.068750
1 0.282813 0.319271 0.048750 0.043750
1 0.395313 0.302604 0.048750 0.041250
1 0.440625 0.333854 0.069375 0.126250
1 0.515234 0.288542 0.014063 0.040000
1 0.476172 0.291667 0.032813 0.062500
1 0.289844 0.278125 0.041250 0.042500
1 0.498828 0.269792 0.021562 0.040000
1 0.395703 0.258854 0.036562 0.058750
1 0.447266 0.248958 0.044062 0.070000
1 0.546484 0.232813 0.042188 0.038750
1 0.517969 0.256771 0.065625 0.138750
1 0.458203 0.226562 0.066562 0.076250
1 0.408984 0.211458 0.042188 0.052500
1 0.493359 0.202604 0.040313 0.053750
1 0.398047 0.408333 0.347812 0.607500
1 0.303516 0.172396 0.075938 0.056250
1 0.430078 0.144792 0.081562 0.055000
1 0.307812 0.135417 0.045000 0.045000
1 0.494141 0.132292 0.032813 0.067500
1 0.434766 0.105729 0.034687 0.056250
1 0.471875 0.100521 0.031875 0.068750
