1 0.222500 0.865000 0.126000 0.162000
1 0.138000 0.743750 0.276000 0.147000
1 0.067500 0.666250 0.135000 0.147000
1 0.377500 0.636250 0.174000 0.111000
1 0.150000 0.593750 0.300000 0.321000
1 0.367500 0.461250 0.180000 0.111000
1 0.151250 0.445000 0.153000 0.120000
1 0.040500 0.415000 0.081000 0.162000
1 0.366250 0.205000 0.201000 0.108000
1 0.130500 0.268750 0.261000 0.315000
1 0.043500 0.168750 0.087000 0.093000
1 0.256250 0.102500 0.201000 0.114000
1 0.087500 0.073500 0.132000 0.147000
1 0.823000 0.303000 0.354000 0.606000
