1 0.292500 0.965500 0.156000 0.069000
1 0.052500 0.941500 0.105000 0.117000
1 0.486250 0.900000 0.129000 0.192000
1 0.766250 0.772500 0.129000 0.210000
1 0.422500 0.668750 0.162000 0.123000
1 0.837500 0.612500 0.156000 0.186000
1 0.530000 0.590000 0.198000 0.132000
1 0.261000 0.693750 0.522000 0.477000
1 0.401250 0.528750 0.195000 0.111000
1 0.231250 0.552500 0.135000 0.174000
1 0.057000 0.488750 0.114000 0.141000
1 0.622500 0.513750 0.336000 0.219000
1 0.816250 0.417500 0.195000 0.120000
1 0.260000 0.410000 0.312000 0.198000
1 0.022500 0.330000 0.045000 0.102000
1 0.145000 0.267500 0.180000 0.114000
1 0.298750 0.281250 0.105000 0.171000
1 0.040500 0.230000 0.081000 0.108000
1 0.625000 0.297500 0.204000 0.354000
1 0.696250 0.212500 0.141000 0.168000
1 0.081000 0.127500 0.162000 0.126000
1 0.205000 0.117500 0.192000 0.108000
1 0.186250 0.040500 0.183000 0.081000
1 0.019500 0.031500 0.039000 0.063000
