1 0.372812 0.802248 0.008250 0.008993
1 0.460000 0.652789 0.012000 0.009992
1 0.487187 0.665279 0.029250 0.055953
1 0.588437 0.651124 0.047250 0.033972
1 0.361875 0.637802 0.046500 0.033972
1 0.453125 0.624896 0.013500 0.006994
1 0.309375 0.627394 0.037500 0.046961
1 0.375000 0.610325 0.045000 0.039967
1 0.337813 0.604496 0.045750 0.037968
1 0.268437 0.598668 0.053250 0.037968
1 0.479687 0.598668 0.039750 0.049958
1 0.709688 0.591174 0.032250 0.051957
1 0.539375 0.557868 0.009000 0.013988
1 0.728750 0.568276 0.027000 0.046961
1 0.245312 0.553289 0.050250 0.042964
1 0.316563 0.541216 0.009750 0.027977
1 0.476875 0.549542 0.093000 0.059950
1 0.314688 0.555371 0.078750 0.101915
1 0.347187 0.516236 0.033750 0.051957
1 0.436875 0.503747 0.031500 0.053955
1 0.313437 0.494588 0.041250 0.035970
1 0.396250 0.514155 0.069000 0.092923
1 0.259062 0.467943 0.044250 0.045962
1 0.793750 0.468360 0.031500 0.056953
1 0.766875 0.437968 0.043500 0.037968
1 0.798750 0.415487 0.039000 0.041965
1 0.267188 0.406744 0.047250 0.038968
1 0.557187 0.400916 0.033750 0.060949
1 0.358438 0.430058 0.162750 0.140883
1 0.822812 0.381765 0.044250 0.030974
1 0.753125 0.385928 0.033000 0.054954
1 0.688125 0.366361 0.043500 0.035970
1 0.789062 0.373022 0.029250 0.053955
1 0.619687 0.369276 0.029250 0.046961
1 0.709063 0.387177 0.083250 0.109908
1 0.394688 0.360533 0.039750 0.057952
1 0.319375 0.343464 0.036000 0.052956
1 0.807187 0.332639 0.075750 0.054954
1 0.653125 0.328893 0.061500 0.065945
1 0.694375 0.317236 0.072000 0.065945
1 0.539062 0.296003 0.045750 0.040966
1 0.624062 0.470441 0.509250 0.461615
1 0.739062 0.307660 0.050250 0.086928
1 0.716875 0.271024 0.028500 0.052956
1 0.367812 0.224396 0.006750 0.016986
1 0.297187 0.215654 0.011250 0.013988
1 0.586875 0.193172 0.042000 0.049958
1 0.878750 0.178185 0.030000 0.055953
1 0.695937 0.111574 0.009750 0.015987
1 0.560000 0.082015 0.007500 0.012989
1 0.888250 0.289259 0.223500 0.578518
1 0.544500 0.583514 1.000000 1.000000
