1 0.330859 0.579688 0.017813 0.041250
1 0.313281 0.575521 0.016875 0.031250
1 0.250781 0.569271 0.018750 0.036250
1 0.478125 0.568229 0.016875 0.041250
1 0.447656 0.534375 0.013125 0.032500
1 0.542578 0.513021 0.023438 0.026250
1 0.341797 0.505208 0.025312 0.022500
1 0.452344 0.519792 0.063750 0.077500
1 0.301953 0.498958 0.023438 0.030000
1 0.569922 0.495833 0.021562 0.032500
1 0.475000 0.486458 0.020625 0.025000
1 0.235937 0.479687 0.024375 0.023750
1 0.498047 0.470313 0.014063 0.028750
1 0.252734 0.482292 0.021562 0.057500
1 0.541016 0.484375 0.045937 0.067500
1 0.233203 0.454688 0.027187 0.023750
1 0.567969 0.455208 0.067500 0.045000
1 0.314453 0.442708 0.025312 0.025000
1 0.529297 0.444271 0.015938 0.036250
1 0.587109 0.438542 0.025312 0.027500
1 0.246484 0.436979 0.027187 0.023750
1 0.482422 0.416146 0.023438 0.021250
1 0.353516 0.423438 0.027187 0.038750
1 0.563672 0.402083 0.019688 0.032500
1 0.339844 0.397396 0.024375 0.021250
1 0.304688 0.431771 0.090000 0.111250
1 0.179688 0.381771 0.016875 0.033750
1 0.549219 0.368750 0.022500 0.022500
1 0.405859 0.470833 0.355313 0.300000
1 0.514062 0.347396 0.018750 0.028750
1 0.355859 0.324479 0.014063 0.036250
