1 0.692578 0.645312 0.019688 0.031250
1 0.532031 0.554167 0.016875 0.035000
1 0.671484 0.543229 0.027187 0.023750
1 0.621094 0.544792 0.016875 0.030000
1 0.689844 0.541667 0.024375 0.027500
1 0.699219 0.517708 0.015000 0.032500
1 0.585547 0.498958 0.019688 0.032500
1 0.691016 0.502604 0.034687 0.048750
1 0.626563 0.517188 0.084375 0.086250
1 0.625391 0.482812 0.025312 0.023750
1 0.673438 0.468750 0.028125 0.022500
1 0.589063 0.466146 0.030000 0.033750
1 0.530078 0.464583 0.027187 0.050000
1 0.661719 0.447396 0.026250 0.023750
1 0.501953 0.441146 0.023438 0.026250
1 0.724219 0.431771 0.037500 0.026250
1 0.636328 0.460938 0.079687 0.123750
1 0.512500 0.422396 0.013125 0.031250
1 0.722656 0.414583 0.033750 0.037500
1 0.522656 0.405729 0.030000 0.018750
1 0.645312 0.408333 0.018750 0.047500
1 0.493750 0.427604 0.060000 0.093750
1 0.620313 0.383854 0.015000 0.018750
1 0.614844 0.399479 0.030000 0.061250
1 0.681250 0.419792 0.090000 0.120000
1 0.409375 0.384896 0.020625 0.036250
1 0.692187 0.377604 0.016875 0.031250
1 0.462109 0.385937 0.045937 0.053750
1 0.623828 0.365625 0.017813 0.035000
1 0.504687 0.376042 0.050625 0.062500
1 0.478906 0.357812 0.028125 0.023750
1 0.558203 0.407813 0.120937 0.171250
1 0.610938 0.335938 0.013125 0.018750
1 0.575781 0.355208 0.046875 0.077500
1 0.522656 0.333854 0.022500 0.028750
1 0.392578 0.331250 0.029062 0.025000
1 0.526172 0.304688 0.015938 0.036250
1 0.499219 0.294271 0.024375 0.021250
1 0.401172 0.289583 0.030937 0.025000
1 0.462891 0.325000 0.115312 0.115000
1 0.621875 0.282813 0.022500 0.026250
1 0.454688 0.286458 0.018750 0.037500
1 0.637500 0.320312 0.125625 0.143750
1 0.557031 0.296354 0.058125 0.091250
1 0.442188 0.263021 0.022500 0.036250
1 0.569531 0.235937 0.018750 0.036250
1 0.402734 0.229687 0.034687 0.026250
1 0.455078 0.232292 0.111562 0.080000
1 0.451953 0.200521 0.019688 0.038750
1 0.951719 0.136250 0.096562 0.272500
1 0.544687 0.595625 1.000000 1.000000
