1 0.262698 0.829688 0.008993 0.012750
1 0.348876 0.788125 0.007993 0.015000
1 0.602415 0.782188 0.008993 0.011250
1 0.244796 0.750938 0.045962 0.032250
1 0.166944 0.735000 0.050958 0.030000
1 0.588260 0.715313 0.048959 0.029250
1 0.734388 0.706562 0.009992 0.012750
1 0.316819 0.705937 0.034971 0.047250
1 0.130308 0.697500 0.040966 0.037500
1 0.246461 0.700937 0.085928 0.063750
1 0.310158 0.676875 0.054954 0.034500
1 0.761699 0.791125 0.476603 0.417750
1 0.211907 0.670000 0.160866 0.060000
1 0.072440 0.656563 0.053955 0.036750
1 0.302248 0.650312 0.049958 0.032250
1 0.249792 0.643750 0.031973 0.034500
1 0.151957 0.634062 0.054954 0.029250
1 0.196503 0.631875 0.041965 0.034500
1 0.077019 0.615625 0.054954 0.016500
1 0.600333 0.617188 0.053955 0.024750
1 0.116570 0.615313 0.149875 0.047250
1 0.264363 0.626250 0.128893 0.081000
1 0.703580 0.603125 0.035970 0.030000
1 0.634888 0.591875 0.102914 0.027000
1 0.566611 0.590000 0.056953 0.040500
1 0.330974 0.582500 0.052956 0.027000
1 0.713572 0.581250 0.041965 0.027000
1 0.263114 0.585625 0.029975 0.039000
1 0.103247 0.580625 0.045962 0.031500
1 0.908410 0.582187 0.033972 0.036750
1 0.673605 0.570000 0.057952 0.025500
1 0.281432 0.559063 0.007993 0.015750
1 0.306411 0.557500 0.047960 0.027000
1 0.639883 0.557813 0.048959 0.029250
1 0.536220 0.560000 0.059950 0.037500
1 0.446711 0.554375 0.042964 0.037500
1 0.715654 0.551875 0.036969 0.039000
1 0.164863 0.565000 0.095920 0.072000
1 0.768526 0.541562 0.051957 0.029250
1 0.504996 0.531875 0.078934 0.042000
1 0.677769 0.528125 0.081932 0.057000
1 0.788926 0.515000 0.054954 0.028500
1 0.389259 0.506563 0.018984 0.009750
1 0.437552 0.607187 0.278768 0.269250
1 0.746461 0.502500 0.034971 0.036000
1 0.535387 0.490625 0.009992 0.013500
1 0.372606 0.487812 0.012989 0.014250
1 0.777685 0.487500 0.053955 0.022500
1 0.313905 0.508437 0.051957 0.072750
1 0.353039 0.514062 0.121898 0.087750
1 0.649042 0.486875 0.044963 0.034500
1 0.455037 0.479063 0.008993 0.015750
1 0.689009 0.487187 0.040966 0.036750
1 0.741465 0.477187 0.042964 0.035250
1 0.607410 0.461562 0.012989 0.011250
1 0.284763 0.462187 0.035970 0.039750
1 0.427977 0.454375 0.053955 0.024000
1 0.556619 0.446250 0.028976 0.012000
1 0.706078 0.449062 0.043963 0.032250
1 0.380933 0.457500 0.066944 0.054000
1 0.495420 0.438125 0.013988 0.018000
1 0.405912 0.427187 0.054954 0.024750
1 0.509575 0.490000 0.315737 0.177000
1 0.473772 0.420938 0.035970 0.041250
1 0.539134 0.415938 0.034971 0.036750
1 0.609076 0.402813 0.034971 0.030750
1 0.571607 0.406875 0.034971 0.042000
1 0.627394 0.426875 0.162864 0.109500
1 0.723564 0.394062 0.033972 0.038250
1 0.694005 0.394375 0.048959 0.063000
1 0.208326 0.182625 0.416653 0.365250
