1 0.523828 0.721875 0.021562 0.047500
1 0.563672 0.688021 0.023438 0.038750
1 0.472266 0.680729 0.027187 0.033750
1 0.597266 0.669792 0.019688 0.042500
1 0.543359 0.654167 0.017813 0.040000
1 0.509766 0.682292 0.047812 0.117500
1 0.526172 0.625000 0.029062 0.027500
1 0.622266 0.616667 0.025312 0.032500
1 0.470703 0.634896 0.045937 0.081250
1 0.504297 0.567187 0.025312 0.026250
1 0.420312 0.525000 0.031875 0.027500
1 0.556250 0.581250 0.116250 0.192500
1 0.566797 0.389583 0.015938 0.012500
1 0.660547 0.363021 0.027187 0.031250
1 0.563281 0.351562 0.028125 0.046250
1 0.589844 0.333333 0.018750 0.040000
1 0.551562 0.292187 0.018750 0.038750
1 0.434766 0.283333 0.025312 0.025000
1 0.509375 0.243229 0.022500 0.036250
1 0.523047 0.202604 0.049687 0.036250
1 0.519922 0.378646 0.263437 0.461250
1 0.563672 0.195833 0.019688 0.042500
1 0.526563 0.178646 0.020625 0.036250
1 0.549609 0.175521 0.019688 0.041250
1 0.620703 0.100000 0.029062 0.027500
