1 0.332031 0.791146 0.031875 0.061250
1 0.192969 0.702604 0.031875 0.056250
1 0.181250 0.684896 0.037500 0.056250
1 0.113281 0.661458 0.054375 0.040000
1 0.298438 0.658854 0.050625 0.046250
1 0.171094 0.645833 0.043125 0.045000
1 0.087109 0.644271 0.055313 0.041250
1 0.214844 0.643229 0.054375 0.046250
1 0.259766 0.646875 0.102187 0.075000
1 0.417187 0.645833 0.082500 0.080000
1 0.439844 0.597917 0.022500 0.032500
1 0.657813 0.606771 0.039375 0.058750
1 0.245703 0.596875 0.051562 0.040000
1 0.323828 0.600000 0.055313 0.055000
1 0.092969 0.594271 0.046875 0.053750
1 0.582422 0.591146 0.034687 0.058750
1 0.180859 0.586458 0.034687 0.065000
1 0.451953 0.568750 0.017813 0.027500
1 0.206641 0.586458 0.068437 0.100000
1 0.372266 0.558333 0.027187 0.052500
1 0.126953 0.577083 0.044062 0.102500
1 0.663281 0.554688 0.046875 0.051250
1 0.476953 0.571354 0.044062 0.106250
1 0.632812 0.541146 0.056250 0.048750
1 0.491406 0.526042 0.022500 0.012500
1 0.727734 0.536458 0.049687 0.040000
1 0.346484 0.539583 0.057188 0.062500
1 0.523047 0.594271 0.197813 0.198750
1 0.181250 0.531250 0.041250 0.047500
1 0.650781 0.525521 0.056250 0.043750
1 0.485547 0.507292 0.023438 0.027500
1 0.585156 0.508333 0.050625 0.040000
1 0.221875 0.502604 0.046875 0.041250
1 0.399219 0.565104 0.136875 0.193750
1 0.351562 0.495833 0.031875 0.040000
1 0.373437 0.486979 0.011250 0.021250
1 0.289062 0.496875 0.039375 0.057500
1 0.401172 0.483333 0.030937 0.030000
1 0.281641 0.517708 0.104062 0.127500
1 0.331250 0.478646 0.069375 0.051250
1 0.282813 0.476042 0.022500 0.047500
1 0.329688 0.460417 0.026250 0.015000
1 0.753516 0.466667 0.042188 0.042500
1 0.282031 0.452083 0.026250 0.017500
1 0.385547 0.453646 0.034687 0.036250
1 0.325781 0.447917 0.046875 0.040000
1 0.543750 0.436979 0.052500 0.041250
1 0.304688 0.433854 0.022500 0.033750
1 0.489063 0.429167 0.033750 0.042500
1 0.155469 0.425521 0.043125 0.058750
1 0.123828 0.419792 0.036562 0.055000
1 0.645703 0.455729 0.205313 0.148750
1 0.677344 0.416146 0.033750 0.063750
1 0.608594 0.393229 0.030000 0.048750
1 0.155859 0.386458 0.044062 0.045000
1 0.562109 0.386458 0.044062 0.060000
1 0.237109 0.434896 0.239063 0.186250
1 0.794141 0.372917 0.051562 0.042500
1 0.505469 0.372917 0.050625 0.050000
1 0.241797 0.363021 0.032813 0.058750
1 0.482812 0.332813 0.016875 0.023750
1 0.276953 0.341667 0.036562 0.062500
1 0.328906 0.346354 0.084375 0.083750
1 0.751172 0.361979 0.143437 0.126250
1 0.545312 0.336458 0.054375 0.137500
1 0.448047 0.401042 0.274687 0.305000
1 0.694531 0.300000 0.099375 0.085000
1 0.751953 0.288021 0.040313 0.066250
1 0.441406 0.269271 0.054375 0.036250
1 0.471094 0.289583 0.058125 0.095000
1 0.560547 0.240104 0.032813 0.068750
1 0.685937 0.600000 0.358125 1.000000
1 0.272344 0.329375 0.544687 0.658750
