1 0.600000 0.811750 1.000000 0.376500
1 0.715654 0.534687 0.032973 0.029250
1 0.679850 0.535625 0.032973 0.031500
1 0.692756 0.518125 0.049958 0.018000
1 0.646961 0.516875 0.039967 0.030000
1 0.609492 0.502812 0.037968 0.020250
1 0.573272 0.491250 0.034971 0.030000
1 0.796836 0.480625 0.049958 0.016500
1 0.815987 0.464687 0.049958 0.024750
1 0.764363 0.473125 0.049958 0.046500
1 0.709825 0.460313 0.032973 0.032250
1 0.487094 0.458750 0.035970 0.028500
1 0.591174 0.446250 0.055953 0.016500
1 0.670691 0.451562 0.038968 0.030750
1 0.950042 0.443437 0.033972 0.026250
1 0.425062 0.440312 0.048959 0.023250
1 0.800999 0.441250 0.043963 0.028500
1 0.522481 0.423438 0.020983 0.005250
1 0.582848 0.463125 0.361699 0.117000
1 0.709409 0.432188 0.081932 0.044250
1 0.572023 0.414687 0.019983 0.011250
1 0.752706 0.421563 0.033972 0.032250
1 0.758535 0.399687 0.043963 0.017250
1 0.717735 0.400313 0.051957 0.021750
1 0.680266 0.400625 0.043963 0.027000
1 0.621149 0.416875 0.123897 0.082500
1 0.546628 0.400313 0.140883 0.044250
1 0.455037 0.387500 0.030974 0.016500
1 0.453789 0.404375 0.175853 0.058500
1 0.323480 0.390000 0.036969 0.025500
1 0.559534 0.388125 0.045962 0.022500
1 0.754371 0.381563 0.039967 0.020250
1 0.405495 0.382812 0.049958 0.029250
1 0.437136 0.375312 0.023980 0.018750
1 0.583680 0.376250 0.057952 0.028500
1 0.685679 0.375625 0.096919 0.034500
1 0.408410 0.360938 0.048959 0.020250
1 0.619484 0.362187 0.051957 0.032250
1 0.659034 0.350938 0.050958 0.020250
1 0.372190 0.360938 0.065945 0.057750
1 0.581182 0.339375 0.019983 0.010500
1 0.437968 0.346875 0.025978 0.028500
1 0.369692 0.327813 0.047960 0.017250
1 0.398418 0.316875 0.048959 0.024000
1 0.335137 0.300312 0.026978 0.029250
1 0.677769 0.279062 0.043963 0.020250
1 0.244380 0.291563 0.074938 0.059250
1 0.191091 0.270313 0.044963 0.020250
1 0.248543 0.262813 0.048959 0.021750
1 0.391341 0.264688 0.041965 0.027750
1 0.289342 0.255000 0.042964 0.021000
1 0.500000 0.310000 0.278768 0.174000
1 0.250208 0.245938 0.050958 0.021750
1 0.199001 0.241875 0.093922 0.040500
1 0.417152 0.230000 0.031973 0.033000
1 0.184430 0.213750 0.042964 0.033000
1 0.321815 0.251250 0.168859 0.129000
1 0.247710 0.198750 0.034971 0.030000
1 0.364280 0.184688 0.044963 0.021750
1 0.290175 0.180312 0.042964 0.026250
1 0.830142 0.070500 0.339717 0.141000
1 0.105912 0.126750 0.211823 0.253500
