1 0.525000 0.979000 0.024000 0.042000
1 0.587500 0.961000 0.126000 0.078000
1 0.952500 0.956500 0.078000 0.087000
1 0.768750 0.940000 0.171000 0.120000
1 0.436250 0.932500 0.249000 0.135000
1 0.262500 0.911250 0.108000 0.135000
1 0.891250 0.891250 0.105000 0.135000
1 0.641250 0.878750 0.129000 0.111000
1 0.753750 0.830000 0.063000 0.090000
1 0.922500 0.798750 0.072000 0.033000
1 0.561250 0.835000 0.141000 0.132000
1 0.468750 0.781250 0.159000 0.093000
1 0.700000 0.741250 0.054000 0.027000
1 0.812500 0.680000 0.048000 0.036000
1 0.561250 0.717500 0.099000 0.138000
1 0.716250 0.717500 0.159000 0.162000
1 0.853000 0.742500 0.294000 0.312000
1 0.818750 0.615000 0.099000 0.096000
1 0.631250 0.688750 0.237000 0.297000
1 0.725000 0.593750 0.102000 0.111000
1 0.756250 0.558750 0.063000 0.039000
1 0.560000 0.505000 0.174000 0.144000
1 0.641250 0.456250 0.153000 0.075000
1 0.800500 0.435000 0.399000 0.432000
1 0.959500 0.140000 0.081000 0.144000
1 0.628750 0.063000 0.093000 0.126000
