1 0.529975 0.700000 0.032973 0.028500
1 0.249376 0.659062 0.032973 0.027750
1 0.829309 0.653750 0.029975 0.033000
1 0.192340 0.632188 0.041965 0.021750
1 0.314738 0.636563 0.029975 0.033750
1 0.650708 0.628750 0.028976 0.028500
1 0.562032 0.621875 0.041965 0.021000
1 0.617402 0.607187 0.140883 0.044250
1 0.172356 0.596562 0.035970 0.026250
1 0.719817 0.591250 0.046961 0.022500
1 0.315154 0.590000 0.042964 0.021000
1 0.540799 0.592812 0.050958 0.032250
1 0.671940 0.590625 0.037968 0.028500
1 0.607827 0.579063 0.043963 0.023250
1 0.743547 0.575000 0.045962 0.022500
1 0.243131 0.603125 0.129892 0.090000
1 0.645712 0.565625 0.070941 0.046500
1 0.136553 0.553750 0.045962 0.024000
1 0.237302 0.555625 0.029975 0.031500
1 0.709409 0.555312 0.029975 0.032250
1 0.202748 0.550625 0.042964 0.022500
1 0.739384 0.548125 0.039967 0.022500
1 0.295171 0.561562 0.104913 0.054750
1 0.517069 0.541875 0.029975 0.021000
1 0.352623 0.542188 0.044963 0.021750
1 0.451291 0.541250 0.041965 0.027000
1 0.710658 0.531875 0.038968 0.024000
1 0.664030 0.530625 0.038968 0.027000
1 0.298918 0.531250 0.027977 0.028500
1 0.211907 0.529375 0.036969 0.025500
1 0.163614 0.529375 0.086928 0.030000
1 0.495420 0.524687 0.041965 0.021750
1 0.630308 0.522500 0.041965 0.025500
1 0.577435 0.518125 0.026978 0.024000
1 0.338468 0.517500 0.036969 0.027000
1 0.572440 0.536563 0.104913 0.089250
1 0.512490 0.516250 0.116903 0.046500
1 0.512073 0.498750 0.009992 0.009000
1 0.176936 0.497812 0.032973 0.029250
1 0.506245 0.488125 0.015987 0.009000
1 0.467111 0.491250 0.025978 0.016500
1 0.418818 0.572500 0.293755 0.228000
1 0.480433 0.480312 0.005995 0.011250
1 0.563281 0.490312 0.058951 0.039750
1 0.225645 0.495000 0.083930 0.051000
1 0.470441 0.476250 0.021982 0.012000
1 0.563281 0.472187 0.024979 0.008250
1 0.406328 0.472500 0.009992 0.009000
1 0.414238 0.484687 0.106911 0.057750
1 0.687760 0.468125 0.037968 0.025500
1 0.354288 0.485312 0.046961 0.074250
1 0.514988 0.454375 0.010991 0.015000
1 0.715654 0.460625 0.030974 0.031500
1 0.633222 0.477812 0.164863 0.096750
1 0.689425 0.446250 0.037968 0.027000
1 0.616153 0.447188 0.027977 0.029250
1 0.535387 0.472500 0.085928 0.093000
1 0.585762 0.443125 0.030974 0.034500
1 0.419650 0.448125 0.047960 0.046500
1 0.446711 0.430937 0.046961 0.018750
1 0.480433 0.463438 0.097918 0.098250
1 0.343047 0.437188 0.027977 0.035250
