1 0.100875 0.893089 0.201750 0.213822
1 0.594063 0.659867 0.023250 0.046961
1 0.680312 0.644463 0.036750 0.037968
1 0.565000 0.650708 0.045000 0.072939
1 0.656875 0.624480 0.031500 0.043963
1 0.733750 0.610741 0.031500 0.032973
1 0.706875 0.612823 0.021000 0.049958
1 0.681875 0.603664 0.025500 0.045962
1 0.466250 0.599500 0.039000 0.035970
1 0.750313 0.584097 0.035250 0.034971
1 0.719375 0.579101 0.028500 0.044963
1 0.698125 0.560783 0.039000 0.034971
1 0.744062 0.551207 0.035250 0.035970
1 0.479063 0.529975 0.012750 0.006994
1 0.843125 0.527893 0.025500 0.041965
1 0.394062 0.516236 0.042750 0.039967
1 0.670312 0.490008 0.029250 0.040966
1 0.808750 0.680266 0.382500 0.639467
1 0.521563 0.465862 0.050250 0.048959
1 0.729375 0.465862 0.034500 0.064946
1 0.426563 0.458368 0.024750 0.062948
1 0.537500 0.442132 0.028500 0.053955
1 0.502188 0.435887 0.044250 0.052956
1 0.458125 0.440050 0.066000 0.062948
1 0.571875 0.572856 0.373500 0.389675
1 0.442500 0.398834 0.043500 0.031973
1 0.327813 0.375104 0.035250 0.052956
1 0.453437 0.353455 0.039750 0.034971
1 0.418438 0.350958 0.024750 0.050958
1 0.342813 0.348876 0.053250 0.105912
1 0.295625 0.313905 0.046500 0.035970
1 0.425000 0.311823 0.070500 0.058951
1 0.698750 0.299750 0.039000 0.031973
1 0.389375 0.277269 0.045000 0.033972
1 0.427500 0.268943 0.033000 0.051957
1 0.341562 0.276853 0.087750 0.082931
1 0.286875 0.255204 0.039000 0.056953
1 0.549063 0.333888 0.219750 0.257785
1 0.380937 0.234804 0.038250 0.037968
1 0.507812 0.225645 0.029250 0.059950
1 0.299063 0.205246 0.032250 0.064946
1 0.438437 0.234804 0.150750 0.167860
1 0.361563 0.164446 0.030750 0.058951
1 0.470000 0.146128 0.043500 0.038968
1 0.562187 0.125729 0.009750 0.013988
1 0.404062 0.132390 0.039750 0.043963
1 0.899125 0.106911 0.201750 0.213822
1 0.191250 0.319734 0.382500 0.639467
