1 0.606162 0.745938 0.051957 0.027750
1 0.263530 0.723125 0.050958 0.031500
1 0.184430 0.694688 0.058951 0.027750
1 0.347627 0.691875 0.040966 0.043500
1 0.480849 0.679375 0.020983 0.016500
1 0.455870 0.673125 0.024979 0.013500
1 0.434221 0.697500 0.178851 0.075000
1 0.910075 0.680000 0.031973 0.036000
1 0.514571 0.682500 0.081932 0.061500
1 0.268943 0.667813 0.059950 0.026250
1 0.446295 0.658438 0.021982 0.011250
1 0.730225 0.664062 0.031973 0.032250
1 0.299334 0.675625 0.160866 0.061500
1 0.318485 0.655000 0.044963 0.015000
1 0.639051 0.652500 0.050958 0.025500
1 0.151957 0.654375 0.046961 0.037500
1 0.440466 0.645312 0.013988 0.018750
1 0.742298 0.647500 0.044963 0.025500
1 0.474188 0.648438 0.042964 0.032250
1 0.418401 0.642500 0.024979 0.021000
1 0.412573 0.645312 0.038968 0.027750
1 0.629892 0.635625 0.024979 0.012000
1 0.280183 0.633750 0.014988 0.010500
1 0.459201 0.633750 0.036969 0.018000
1 0.394671 0.652813 0.067943 0.065250
1 0.484180 0.628437 0.020983 0.009750
1 0.534971 0.650625 0.126894 0.064500
1 0.330142 0.638125 0.078934 0.034500
1 0.656953 0.633750 0.045962 0.025500
1 0.695254 0.639687 0.077935 0.045750
1 0.448793 0.623125 0.047960 0.013500
1 0.277685 0.621250 0.056953 0.025500
1 0.208576 0.621250 0.054954 0.025500
1 0.374688 0.613125 0.027977 0.022500
1 0.562448 0.612500 0.054954 0.028500
1 0.801832 0.609375 0.053955 0.024000
1 0.679017 0.610313 0.050958 0.026250
1 0.453372 0.610938 0.052956 0.030750
1 0.741049 0.615625 0.053955 0.046500
1 0.420899 0.613437 0.058951 0.045750
1 0.496669 0.613125 0.098918 0.063000
1 0.241882 0.598750 0.052956 0.031500
1 0.826395 0.594375 0.050958 0.024000
1 0.104913 0.597812 0.055953 0.038250
1 0.394671 0.591875 0.049958 0.030000
1 0.301832 0.590000 0.086928 0.046500
1 0.354288 0.582812 0.044963 0.035250
1 0.747710 0.579688 0.045962 0.032250
1 0.580350 0.601875 0.159867 0.094500
1 0.496253 0.572500 0.053955 0.030000
1 0.415903 0.576875 0.104913 0.042000
1 0.822648 0.565625 0.049958 0.021000
1 0.186928 0.581250 0.110908 0.064500
1 0.577852 0.558438 0.027977 0.011250
1 0.314321 0.566562 0.036969 0.033750
1 0.116986 0.561250 0.064946 0.028500
1 0.543297 0.550625 0.038968 0.022500
1 0.452956 0.554375 0.071940 0.037500
1 0.791007 0.565937 0.043963 0.069750
1 0.363031 0.548125 0.053955 0.028500
1 0.597835 0.541250 0.029975 0.016500
1 0.392590 0.540312 0.036969 0.015750
1 0.487094 0.545312 0.067943 0.029250
1 0.752706 0.541250 0.049958 0.027000
1 0.618651 0.525625 0.021982 0.016500
1 0.624480 0.523125 0.015987 0.012000
1 0.522898 0.530937 0.101915 0.032250
1 0.157369 0.528438 0.055953 0.029250
1 0.400500 0.528438 0.093922 0.030750
1 0.233139 0.522500 0.013988 0.019500
1 0.580766 0.521875 0.022981 0.021000
1 0.223980 0.528125 0.105912 0.051000
1 0.562032 0.506875 0.017985 0.006000
1 0.736470 0.516563 0.034971 0.038250
1 0.639467 0.557500 0.229808 0.138000
1 0.776853 0.514375 0.039967 0.037500
1 0.564530 0.502188 0.023980 0.014250
1 0.487510 0.502812 0.052956 0.020250
1 0.221482 0.503437 0.057952 0.026250
1 0.545795 0.496563 0.006994 0.012750
1 0.537052 0.505313 0.023980 0.038250
1 0.378851 0.502812 0.041965 0.042750
1 0.452540 0.490312 0.018984 0.018750
1 0.676520 0.487812 0.208826 0.057750
1 0.571607 0.468125 0.030974 0.013500
1 0.433389 0.493125 0.102914 0.081000
1 0.779767 0.467813 0.080933 0.035250
1 0.599084 0.466250 0.064946 0.031500
1 0.526644 0.474375 0.142881 0.052500
1 0.681515 0.460625 0.032973 0.034500
1 0.624896 0.454375 0.034971 0.037500
1 0.458368 0.459062 0.072939 0.048750
1 0.742714 0.448437 0.093922 0.032250
1 0.367610 0.450000 0.042964 0.039000
1 0.655287 0.449375 0.037968 0.039000
1 0.554954 0.447188 0.038968 0.039750
1 0.496253 0.434063 0.059950 0.021750
