1 0.505469 0.697396 0.020625 0.043750
1 0.541016 0.665104 0.023438 0.033750
1 0.457422 0.663021 0.025312 0.031250
1 0.571094 0.647396 0.018750 0.038750
1 0.491797 0.663021 0.042188 0.106250
1 0.505469 0.609896 0.026250 0.026250
1 0.454688 0.620833 0.043125 0.072500
1 0.592969 0.598437 0.024375 0.031250
1 0.484375 0.557813 0.024375 0.023750
1 0.533203 0.543229 0.017813 0.036250
1 0.519531 0.586979 0.067500 0.153750
1 0.404687 0.522396 0.030000 0.026250
1 0.492969 0.513021 0.016875 0.038750
1 0.481250 0.473958 0.020625 0.025000
1 0.450781 0.493229 0.075000 0.113750
1 0.491406 0.429688 0.020625 0.036250
1 0.625391 0.360938 0.025312 0.031250
1 0.533984 0.352604 0.025312 0.043750
1 0.558594 0.333854 0.016875 0.038750
1 0.407422 0.329167 0.029062 0.057500
1 0.410547 0.290625 0.023438 0.022500
1 0.521875 0.295312 0.018750 0.036250
1 0.563672 0.258333 0.023438 0.025000
1 0.545703 0.286458 0.036562 0.120000
1 0.480469 0.248438 0.022500 0.033750
1 0.530859 0.240625 0.023438 0.032500
1 0.492578 0.208333 0.047812 0.035000
1 0.494531 0.404687 0.247500 0.506250
1 0.531250 0.199479 0.018750 0.041250
1 0.495312 0.183333 0.018750 0.035000
1 0.517188 0.179688 0.018750 0.041250
1 0.584375 0.101562 0.028125 0.026250
