1 0.584375 0.854688 0.037500 0.048750
1 0.621484 0.840104 0.034687 0.051250
1 0.505859 0.829688 0.038437 0.041250
1 0.594922 0.818750 0.049687 0.037500
1 0.467969 0.826042 0.035625 0.055000
1 0.305078 0.802604 0.053437 0.031250
1 0.193750 0.763021 0.039375 0.053750
1 0.285938 0.727604 0.018750 0.018750
1 0.474609 0.723958 0.066562 0.045000
1 0.558594 0.718229 0.041250 0.046250
1 0.694141 0.711458 0.051562 0.032500
1 0.498437 0.710938 0.031875 0.031250
1 0.601953 0.715625 0.034687 0.052500
1 0.390625 0.700521 0.063750 0.033750
1 0.658984 0.709375 0.045937 0.092500
1 0.400781 0.675000 0.031875 0.032500
1 0.711328 0.675521 0.053437 0.038750
1 0.614453 0.673438 0.036562 0.048750
1 0.254297 0.693750 0.107813 0.112500
1 0.441406 0.655729 0.033750 0.033750
1 0.417187 0.643750 0.020625 0.022500
1 0.593359 0.657292 0.079687 0.065000
1 0.693359 0.642188 0.051562 0.038750
1 0.230859 0.640104 0.051562 0.036250
1 0.304297 0.640625 0.029062 0.045000
1 0.560937 0.626563 0.046875 0.038750
1 0.637891 0.629687 0.036562 0.048750
1 0.496094 0.668229 0.146250 0.156250
1 0.037500 0.619792 0.046875 0.040000
1 0.095312 0.637500 0.086250 0.090000
1 0.592187 0.608854 0.037500 0.023750
1 0.609766 0.607812 0.030937 0.033750
1 0.258203 0.605208 0.051562 0.037500
1 0.189453 0.606250 0.029062 0.047500
1 0.444531 0.595833 0.022500 0.040000
1 0.640625 0.590625 0.043125 0.037500
1 0.282031 0.593229 0.054375 0.061250
1 0.491406 0.585417 0.050625 0.055000
1 0.391797 0.608854 0.079687 0.118750
1 0.325781 0.557813 0.016875 0.016250
1 0.633984 0.564063 0.038437 0.043750
1 0.442969 0.701042 0.453750 0.377500
1 0.069375 0.566667 0.138750 0.077500
1 0.529687 0.546875 0.052500 0.035000
1 0.136719 0.551042 0.041250 0.047500
1 0.440625 0.548438 0.105000 0.066250
1 0.390625 0.526042 0.020625 0.025000
1 0.435937 0.530208 0.026250 0.037500
1 0.241406 0.524479 0.046875 0.038750
1 0.024844 0.525521 0.049687 0.043750
1 0.187109 0.543750 0.147187 0.127500
1 0.355469 0.528646 0.050625 0.093750
1 0.420312 0.494271 0.086250 0.058750
1 0.151172 0.494271 0.135937 0.083750
1 0.357812 0.465625 0.026250 0.027500
1 0.288281 0.500521 0.140625 0.116250
1 0.207422 0.472917 0.049687 0.052500
1 0.082031 0.471354 0.037500 0.048750
1 0.263672 0.455208 0.032813 0.057500
1 0.373047 0.463542 0.070312 0.085000
1 0.183594 0.441146 0.050625 0.033750
1 0.512891 0.426042 0.008437 0.012500
1 0.122656 0.422396 0.046875 0.038750
1 0.534375 0.419792 0.035625 0.050000
1 0.201563 0.399479 0.045000 0.041250
1 0.573281 0.555000 1.000000 1.000000
