1 0.358203 0.904687 0.034687 0.068750
1 0.323828 0.886458 0.027187 0.065000
1 0.389062 0.879687 0.035625 0.063750
1 0.325391 0.842187 0.081562 0.056250
1 0.461719 0.802083 0.037500 0.050000
1 0.319141 0.773958 0.044062 0.047500
1 0.403125 0.718750 0.033750 0.060000
1 0.203906 0.716146 0.037500 0.058750
1 0.433594 0.748437 0.061875 0.206250
1 0.474609 0.675521 0.029062 0.066250
1 0.593359 0.670312 0.038437 0.058750
1 0.213672 0.666146 0.038437 0.048750
1 0.439063 0.630729 0.048750 0.071250
1 0.216406 0.620313 0.050625 0.046250
1 0.235937 0.420312 0.028125 0.068750
1 0.419141 0.344271 0.030937 0.068750
1 0.496875 0.317708 0.033750 0.062500
1 0.380078 0.561458 0.494062 0.650000
1 0.388281 0.312500 0.031875 0.065000
1 0.272656 0.279167 0.048750 0.045000
1 0.419141 0.263021 0.044062 0.038750
1 0.615625 0.255729 0.037500 0.058750
1 0.556641 0.255208 0.074063 0.102500
1 0.471094 0.189062 0.043125 0.053750
1 0.487891 0.241146 0.141562 0.221250
1 0.593750 0.161458 0.033750 0.062500
1 0.504687 0.155729 0.030000 0.061250
1 0.389844 0.146354 0.084375 0.113750
1 0.546484 0.115625 0.044062 0.052500
1 0.405859 0.072917 0.038437 0.060000
1 0.455859 0.091875 0.072187 0.183750
1 0.496094 0.040625 0.043125 0.067500
1 0.749688 0.600000 0.500625 1.000000
