1 0.660283 0.777500 0.047960 0.024000
1 0.737302 0.775312 0.042964 0.026250
1 0.683597 0.754687 0.049958 0.018750
1 0.783930 0.752188 0.034971 0.032250
1 0.740716 0.832375 0.518568 0.335250
1 0.611574 0.734688 0.032973 0.035250
1 0.687344 0.724063 0.038968 0.015750
1 0.660699 0.730938 0.030974 0.032250
1 0.853872 0.729062 0.042964 0.032250
1 0.526644 0.715938 0.018984 0.008250
1 0.764363 0.720938 0.043963 0.021750
1 0.568276 0.709063 0.034971 0.011250
1 0.628643 0.714375 0.047960 0.030000
1 0.355537 0.708750 0.049958 0.021000
1 0.574521 0.700313 0.021982 0.009750
1 0.680683 0.705937 0.042964 0.024750
1 0.748543 0.695625 0.045962 0.024000
1 0.643214 0.696250 0.040966 0.028500
1 0.530808 0.689375 0.014988 0.015000
1 0.552873 0.706562 0.159867 0.066750
1 0.788093 0.683750 0.038968 0.025500
1 0.532473 0.673750 0.010991 0.010500
1 0.475437 0.682500 0.079933 0.034500
1 0.588676 0.672188 0.035970 0.011250
1 0.626145 0.672188 0.027977 0.015750
1 0.853872 0.670312 0.048959 0.023250
1 0.602415 0.665000 0.008993 0.013500
1 0.503331 0.666250 0.030974 0.022500
1 0.815570 0.665625 0.034971 0.028500
1 0.699001 0.690937 0.124896 0.092250
1 0.545379 0.661563 0.023980 0.023250
1 0.576603 0.650312 0.012989 0.015750
1 0.591174 0.650000 0.027977 0.021000
1 0.706495 0.653438 0.026978 0.030750
1 0.642798 0.643125 0.047960 0.024000
1 0.465445 0.649375 0.099917 0.042000
1 0.622814 0.646250 0.035970 0.039000
1 0.798918 0.649375 0.068943 0.054000
1 0.383430 0.634375 0.050958 0.019500
1 0.520400 0.634062 0.031973 0.020250
1 0.485429 0.630625 0.015987 0.012000
1 0.674854 0.627812 0.048959 0.020250
1 0.559117 0.640312 0.086928 0.065250
1 0.469609 0.621250 0.029975 0.021000
1 0.507494 0.615000 0.036969 0.022500
1 0.424230 0.618437 0.052956 0.032250
1 0.607410 0.615625 0.022981 0.028500
1 0.295587 0.612187 0.039967 0.021750
1 0.346794 0.606563 0.022981 0.015750
1 0.360949 0.611563 0.092923 0.027750
1 0.643214 0.606875 0.058951 0.031500
1 0.656120 0.600938 0.063947 0.029250
1 0.522481 0.600000 0.022981 0.027000
1 0.475437 0.599688 0.087927 0.027750
1 0.693172 0.601562 0.026978 0.038250
1 0.588676 0.597187 0.019983 0.027750
1 0.313905 0.591875 0.095920 0.024000
1 0.490841 0.586250 0.048959 0.021000
1 0.371357 0.585938 0.041965 0.024750
1 0.610325 0.584063 0.019983 0.024750
1 0.687760 0.578438 0.045962 0.026250
1 0.566195 0.596875 0.073938 0.072000
1 0.524147 0.568438 0.022981 0.008250
1 0.599500 0.573438 0.043963 0.024750
1 0.648210 0.575313 0.048959 0.030750
1 0.332639 0.569063 0.044963 0.017250
1 0.114488 0.570937 0.034971 0.026250
1 0.301832 0.572187 0.032973 0.030750
1 0.471690 0.566875 0.058951 0.021000
1 0.548709 0.571562 0.079933 0.039750
1 0.731474 0.560000 0.040966 0.031500
1 0.258118 0.557813 0.041965 0.026250
1 0.565779 0.549687 0.042964 0.017250
1 0.614488 0.549687 0.071940 0.020250
1 0.330558 0.550625 0.041965 0.025500
1 0.477102 0.543438 0.015987 0.009750
1 0.531640 0.539687 0.024979 0.008250
1 0.395504 0.564063 0.159867 0.081750
1 0.655287 0.544687 0.049958 0.039750
1 0.247294 0.535625 0.045962 0.022500
1 0.542048 0.527500 0.029975 0.009000
1 0.387594 0.532813 0.036969 0.029250
1 0.586595 0.533125 0.090924 0.031500
1 0.500000 0.527188 0.008993 0.018750
1 0.350958 0.528438 0.032973 0.030750
1 0.268526 0.517500 0.048959 0.016500
1 0.633639 0.518125 0.047960 0.021000
1 0.297669 0.522188 0.052956 0.048750
1 0.542048 0.525937 0.111907 0.078750
1 0.394255 0.496875 0.056953 0.022500
1 0.443797 0.504375 0.269775 0.079500
1 0.491257 0.482812 0.035970 0.032250
1 0.456286 0.475000 0.039967 0.022500
1 0.428809 0.485000 0.053955 0.076500
1 0.373855 0.457813 0.073938 0.047250
1 0.587011 0.522750 1.000000 1.000000
