1 0.862198 0.996625 0.012989 0.006750
1 0.915487 0.996250 0.016986 0.007500
1 0.593672 0.995500 0.017985 0.009000
1 0.527061 0.990250 0.035970 0.019500
1 0.473772 0.990250 0.027977 0.019500
1 0.514155 0.985313 0.010991 0.014250
1 0.597419 0.981875 0.018984 0.024000
1 0.003497 0.942500 0.006994 0.010500
1 0.223147 0.775000 0.015987 0.009000
1 0.455870 0.763437 0.006994 0.009750
1 0.405912 0.776875 0.036969 0.045000
1 0.399667 0.758125 0.021982 0.018000
1 0.348876 0.755938 0.021982 0.012750
1 0.228143 0.762813 0.069942 0.036750
1 0.409242 0.751563 0.014988 0.011250
1 0.375937 0.760312 0.040966 0.033750
1 0.286428 0.765938 0.047960 0.050250
1 0.384263 0.747188 0.012989 0.009750
1 0.423397 0.747188 0.012989 0.014250
1 0.171940 0.744687 0.012989 0.009750
1 0.346378 0.744375 0.021982 0.018000
1 0.213156 0.740625 0.017985 0.012000
1 0.456286 0.758125 0.103913 0.058500
1 0.467111 0.733750 0.009992 0.007500
1 0.401749 0.738125 0.030974 0.018000
1 0.438385 0.731250 0.010991 0.009000
1 0.269359 0.729062 0.016986 0.012750
1 0.457119 0.727812 0.017985 0.011250
1 0.985845 0.723125 0.009992 0.012000
1 0.004496 0.719063 0.008993 0.009750
1 0.329309 0.715313 0.008993 0.012750
1 0.993006 0.715313 0.013988 0.018750
1 0.605329 0.708750 0.019983 0.007500
1 0.266445 0.706250 0.013988 0.006000
1 0.058701 0.702500 0.026978 0.010500
1 0.629059 0.706250 0.030974 0.025500
1 0.985429 0.697500 0.014988 0.006000
1 0.412989 0.701875 0.025978 0.018000
1 0.400916 0.698125 0.020983 0.012000
1 0.018734 0.696562 0.016986 0.011250
1 0.473772 0.689688 0.013988 0.008250
1 0.006994 0.686250 0.013988 0.007500
1 0.012490 0.677813 0.024979 0.011250
1 0.993505 0.681250 0.012989 0.027000
1 0.077435 0.676562 0.019983 0.015750
1 0.876353 0.679375 0.056953 0.043500
1 0.117818 0.665625 0.014988 0.012000
1 0.020816 0.666250 0.015987 0.016500
1 0.370108 0.664687 0.020983 0.017250
1 0.521232 0.654062 0.017985 0.005250
1 0.452956 0.659062 0.013988 0.017250
1 0.087427 0.660937 0.027977 0.023250
1 0.077019 0.655937 0.020983 0.015750
1 0.049126 0.640000 0.017985 0.012000
1 0.314738 0.638750 0.029975 0.013500
1 0.164030 0.647500 0.019983 0.034500
1 0.614904 0.636250 0.014988 0.012000
1 0.855953 0.634687 0.021982 0.009750
1 0.427977 0.634375 0.015987 0.012000
1 0.317652 0.630625 0.016986 0.007500
1 0.840966 0.634062 0.019983 0.017250
1 0.226478 0.626875 0.017985 0.013500
1 0.214405 0.627812 0.030974 0.018750
1 0.913822 0.627188 0.032973 0.021750
1 0.174022 0.621250 0.031973 0.015000
1 0.916736 0.617812 0.017985 0.011250
1 0.401749 0.618750 0.024979 0.015000
1 0.009575 0.617812 0.014988 0.012750
1 0.333472 0.617188 0.010991 0.012750
1 0.631141 0.612500 0.009992 0.013500
1 0.408826 0.609062 0.017985 0.012750
1 0.802664 0.604375 0.013988 0.009000
1 0.743963 0.592500 0.012989 0.009000
1 0.269775 0.593125 0.007993 0.010500
1 0.825562 0.592500 0.020983 0.012000
1 0.809742 0.593437 0.020983 0.015750
1 0.788093 0.589375 0.024979 0.007500
1 0.636553 0.595625 0.024979 0.025500
1 0.947544 0.586250 0.013988 0.007500
1 0.797669 0.585313 0.015987 0.006750
1 0.641132 0.587500 0.015987 0.013500
1 0.030808 0.589688 0.023980 0.020250
1 0.858035 0.621875 0.112906 0.102000
1 0.181932 0.583750 0.014988 0.010500
1 0.319317 0.583125 0.010991 0.012000
1 0.286012 0.586875 0.030974 0.024000
1 0.730225 0.581875 0.029975 0.021000
1 0.873022 0.577500 0.010991 0.012000
1 0.263530 0.575000 0.014988 0.016500
1 0.820566 0.578125 0.056953 0.025500
1 0.210658 0.572187 0.009992 0.011250
1 0.750208 0.577500 0.039967 0.027000
1 0.254371 0.570625 0.008993 0.013500
1 0.178185 0.566875 0.011990 0.007500
1 0.884263 0.567500 0.011990 0.015000
1 0.730641 0.566250 0.006994 0.012000
1 0.795587 0.571562 0.028976 0.026250
1 0.775187 0.578750 0.025978 0.043500
1 0.383430 0.573125 0.040966 0.030000
1 0.916320 0.566250 0.022981 0.016500
1 0.630308 0.562500 0.011990 0.009000
1 0.063697 0.563438 0.008993 0.015750
1 0.056619 0.561250 0.009992 0.010500
1 0.037052 0.560937 0.026978 0.011250
1 0.304746 0.577812 0.033972 0.053250
1 0.136886 0.625625 0.273772 0.169500
1 0.712739 0.556875 0.023980 0.024000
1 0.049958 0.548750 0.009992 0.006000
1 0.008493 0.555937 0.016986 0.026250
1 0.913822 0.552500 0.036969 0.021000
1 0.075354 0.549063 0.022981 0.015750
1 0.891341 0.543438 0.016986 0.006750
1 0.693172 0.545625 0.016986 0.012000
1 0.004996 0.539375 0.009992 0.009000
1 0.798918 0.556875 0.066944 0.054000
1 0.920899 0.575313 0.129892 0.099750
1 0.701915 0.538125 0.015987 0.013500
1 0.825562 0.548438 0.072939 0.044250
1 0.984596 0.533750 0.010991 0.012000
1 0.942132 0.534687 0.010991 0.015750
1 0.779351 0.531563 0.007993 0.011250
1 0.803913 0.530625 0.026978 0.012000
1 0.973772 0.527500 0.014988 0.007500
1 0.685262 0.535625 0.027977 0.027000
1 0.083680 0.533125 0.044963 0.024000
1 0.603664 0.527188 0.015987 0.011250
1 0.720649 0.528750 0.012989 0.019500
1 0.671524 0.551250 0.090924 0.075000
1 0.876769 0.524062 0.017985 0.011250
1 0.763530 0.523125 0.013988 0.009000
1 0.739384 0.544375 0.087927 0.060000
1 0.099084 0.523438 0.013988 0.011250
1 0.581182 0.520312 0.017985 0.011250
1 0.639051 0.528438 0.068943 0.038250
1 0.867610 0.517188 0.013988 0.012750
1 0.089509 0.517813 0.018984 0.014250
1 0.737719 0.515000 0.013988 0.009000
1 0.687760 0.520000 0.035970 0.024000
1 0.988010 0.525625 0.023980 0.042000
1 0.098668 0.511250 0.020983 0.010500
1 0.074105 0.514062 0.033972 0.020250
1 0.034971 0.529687 0.069942 0.060750
1 0.966278 0.523125 0.044963 0.046500
1 0.642381 0.509687 0.018984 0.014250
1 0.622398 0.512500 0.032973 0.022500
1 0.124063 0.505625 0.033972 0.012000
1 0.068693 0.505938 0.018984 0.015750
1 0.851374 0.540000 0.076936 0.099000
1 0.276853 0.502188 0.010991 0.008250
1 0.267277 0.507188 0.031973 0.021750
1 0.988010 0.501563 0.023980 0.017250
1 0.083264 0.499688 0.013988 0.015750
1 0.977519 0.496250 0.011990 0.012000
1 0.775187 0.495625 0.015987 0.010500
1 0.611574 0.499375 0.018984 0.019500
1 0.509159 0.495000 0.016986 0.009000
1 0.098251 0.497500 0.029975 0.018000
1 0.287261 0.496875 0.023980 0.018000
1 0.735221 0.493437 0.011990 0.011250
1 0.192756 0.496875 0.024979 0.019500
1 0.800999 0.510938 0.069942 0.054750
1 0.661116 0.500938 0.025978 0.030750
1 0.927144 0.494375 0.018984 0.019500
1 0.631141 0.496875 0.043963 0.034500
1 0.111157 0.491875 0.026978 0.022500
1 0.191091 0.484063 0.008993 0.006750
1 0.844296 0.484375 0.021982 0.009000
1 0.587843 0.505625 0.077935 0.060000
1 0.098251 0.482812 0.013988 0.006750
1 0.688177 0.488438 0.016986 0.021750
1 0.934638 0.481563 0.014988 0.008250
1 0.988510 0.483750 0.022981 0.016500
1 0.950042 0.501875 0.077935 0.060000
1 0.616570 0.475313 0.024979 0.012750
1 0.548293 0.488438 0.054954 0.044250
1 0.843880 0.474062 0.016986 0.011250
1 0.957535 0.475313 0.025978 0.018750
1 0.064530 0.485312 0.062948 0.042750
1 0.605745 0.470938 0.022981 0.011250
1 0.480849 0.464062 0.016986 0.006750
1 0.201082 0.467500 0.012989 0.016500
1 0.040799 0.463750 0.013988 0.007500
1 0.752706 0.490625 0.047960 0.073500
1 0.181515 0.463750 0.015987 0.009000
1 0.776853 0.462500 0.015987 0.010500
1 0.298918 0.464687 0.011990 0.017250
1 0.210658 0.467500 0.025978 0.028500
1 0.133639 0.466562 0.034971 0.029250
1 0.669442 0.459688 0.029975 0.015750
1 0.231890 0.479063 0.082931 0.065250
1 0.187344 0.455625 0.015987 0.009000
1 0.024147 0.456562 0.013988 0.011250
1 0.542048 0.460625 0.029975 0.022500
1 0.793505 0.457188 0.025978 0.015750
1 0.094921 0.457188 0.007993 0.015750
1 0.804330 0.475000 0.111907 0.063000
1 0.201499 0.453125 0.025978 0.015000
1 0.031474 0.484687 0.062948 0.090750
1 0.084929 0.449062 0.011990 0.006750
1 0.134055 0.450313 0.025978 0.011250
1 0.178185 0.449375 0.023980 0.010500
1 0.827227 0.447813 0.012989 0.008250
1 0.877186 0.456562 0.048959 0.035250
1 0.673605 0.446562 0.013988 0.012750
1 0.905079 0.447500 0.015987 0.016500
1 0.859284 0.449375 0.035970 0.021000
1 0.537885 0.445312 0.013988 0.015750
1 0.916736 0.447500 0.029975 0.022500
1 0.131973 0.442188 0.008993 0.009750
1 0.022898 0.444375 0.014988 0.016500
1 0.319317 0.441875 0.016986 0.012000
1 0.673605 0.438437 0.019983 0.005250
1 0.109908 0.456562 0.047960 0.051750
1 0.064946 0.436563 0.011990 0.006750
1 0.136553 0.435000 0.015987 0.006000
1 0.068276 0.455625 0.071940 0.055500
1 0.838884 0.439688 0.018984 0.018750
1 0.922148 0.435937 0.014988 0.011250
1 0.698168 0.458125 0.056953 0.066000
1 0.040383 0.436875 0.022981 0.015000
1 0.873439 0.434063 0.019983 0.009750
1 0.898418 0.435000 0.037968 0.015000
1 0.060783 0.430625 0.013988 0.006000
1 0.688593 0.431250 0.019983 0.010500
1 0.020400 0.434063 0.036969 0.018750
1 0.673189 0.430937 0.010991 0.012750
1 0.563697 0.440937 0.047960 0.036750
1 0.073689 0.429063 0.010991 0.008250
1 0.135720 0.427187 0.011990 0.011250
1 0.791424 0.423438 0.018984 0.008250
1 0.289759 0.460000 0.087927 0.096000
1 0.897585 0.483438 0.204829 0.156750
1 0.854288 0.429688 0.033972 0.027750
1 0.618651 0.454688 0.133888 0.087750
1 0.683597 0.418438 0.017985 0.005250
1 0.010991 0.422187 0.021982 0.015750
1 0.989009 0.421563 0.021982 0.015750
1 0.674854 0.424687 0.042964 0.023250
1 0.051207 0.420938 0.022981 0.020250
1 0.879267 0.415938 0.015987 0.009750
1 0.944629 0.426250 0.032973 0.036000
1 0.890508 0.414687 0.008993 0.011250
1 0.215654 0.413438 0.013988 0.008250
1 0.031640 0.419375 0.035970 0.024000
1 0.860949 0.412813 0.009992 0.011250
1 0.097419 0.423438 0.057952 0.039750
1 0.634471 0.410000 0.021982 0.009000
1 0.946295 0.410938 0.020983 0.012750
1 0.842215 0.413438 0.024979 0.020250
1 0.037052 0.410938 0.016986 0.014250
1 0.811823 0.432188 0.051957 0.066750
1 0.013988 0.408125 0.027977 0.015000
1 0.145712 0.422187 0.069942 0.051750
1 0.632390 0.403438 0.012989 0.008250
1 0.852623 0.405313 0.013988 0.015750
1 0.646128 0.404062 0.009992 0.015750
1 0.656953 0.400938 0.013988 0.009750
1 0.813905 0.399375 0.014988 0.009000
1 0.992090 0.398125 0.010991 0.007500
1 0.793089 0.398438 0.012989 0.008250
1 0.126978 0.399687 0.012989 0.012750
1 0.946295 0.398750 0.016986 0.012000
1 0.845129 0.398750 0.015987 0.012000
1 0.582431 0.396250 0.008993 0.007500
1 0.073272 0.397188 0.011990 0.011250
1 0.519151 0.402813 0.014988 0.027750
1 0.666528 0.394375 0.012989 0.010500
1 0.338468 0.394375 0.010991 0.010500
1 0.266861 0.393437 0.012989 0.008250
1 0.252706 0.395000 0.018984 0.013500
1 0.011990 0.397500 0.023980 0.019500
1 0.865529 0.392500 0.018984 0.009000
1 0.303081 0.395625 0.019983 0.016500
1 0.844713 0.390313 0.010991 0.008250
1 0.207327 0.398125 0.031973 0.028500
1 0.652789 0.390313 0.019983 0.011250
1 0.823897 0.390625 0.034971 0.013500
1 0.733555 0.453750 0.155870 0.166500
1 0.322231 0.397813 0.019983 0.032250
1 0.361782 0.394688 0.036969 0.026250
1 0.057036 0.404687 0.040966 0.050250
1 0.549542 0.427500 0.179850 0.106500
1 0.966028 0.403438 0.067943 0.054750
1 0.665695 0.385313 0.010991 0.011250
1 0.261449 0.384375 0.011990 0.009000
1 0.823480 0.383125 0.015987 0.009000
1 0.987510 0.386250 0.024979 0.018000
1 0.071607 0.385937 0.027977 0.017250
1 0.176103 0.394688 0.040966 0.039750
1 0.104496 0.394375 0.056953 0.039000
1 0.654038 0.382500 0.016986 0.012000
1 0.056203 0.381250 0.014988 0.010500
1 0.684013 0.380000 0.016986 0.009000
1 0.044546 0.383125 0.024979 0.016500
1 0.196087 0.381875 0.016986 0.018000
1 0.007494 0.384062 0.014988 0.024750
1 0.730225 0.375625 0.015987 0.007500
1 0.878851 0.391875 0.062948 0.051000
1 0.940466 0.378750 0.024979 0.021000
1 0.557868 0.375312 0.013988 0.012750
1 0.991507 0.374063 0.016986 0.012750
1 0.815570 0.371563 0.012989 0.014250
1 0.229392 0.370000 0.018984 0.010500
1 0.104496 0.370625 0.024979 0.012000
1 0.022481 0.382500 0.033972 0.042000
1 0.632390 0.379375 0.040966 0.037500
1 0.530391 0.377812 0.049958 0.035250
1 0.977935 0.368750 0.012989 0.015000
1 0.496253 0.370312 0.029975 0.018750
1 0.702331 0.375000 0.040966 0.031500
1 0.141965 0.381875 0.086928 0.048000
1 0.845962 0.374063 0.041965 0.030750
1 0.737302 0.365312 0.008993 0.009750
1 0.676520 0.363438 0.016986 0.005250
1 0.263530 0.368125 0.016986 0.016500
1 0.823480 0.364063 0.017985 0.012750
1 0.668609 0.369688 0.033972 0.027750
1 0.327227 0.364687 0.009992 0.017250
1 0.991007 0.364687 0.017985 0.018750
1 0.404663 0.362187 0.015987 0.012750
1 0.339717 0.365000 0.019983 0.024000
1 0.243963 0.372812 0.035970 0.042750
1 0.208993 0.379375 0.083930 0.060000
1 0.153206 0.358750 0.013988 0.010500
1 0.838884 0.359687 0.014988 0.014250
1 0.122814 0.362500 0.038968 0.022500
1 0.035803 0.355938 0.017985 0.009750
1 0.015487 0.363438 0.030974 0.027750
1 0.858035 0.359375 0.022981 0.019500
1 0.353039 0.355312 0.017985 0.009750
1 0.190258 0.356250 0.032973 0.015000
1 0.815570 0.354063 0.026978 0.011250
1 0.667777 0.355000 0.029975 0.013500
1 0.093256 0.353438 0.009992 0.009750
1 0.599084 0.353125 0.020983 0.010500
1 0.534555 0.356563 0.019983 0.020250
1 0.375520 0.370937 0.073938 0.054750
1 0.920483 0.352812 0.008993 0.012750
1 0.828476 0.349375 0.011990 0.006000
1 0.183181 0.348750 0.019983 0.009000
1 0.717735 0.347813 0.011990 0.008250
1 0.362614 0.351250 0.016986 0.018000
1 0.903414 0.344375 0.013988 0.009000
1 0.850125 0.345313 0.015987 0.011250
1 0.838468 0.348438 0.017985 0.018750
1 0.696503 0.350625 0.040966 0.030000
1 0.203164 0.347187 0.021982 0.023250
1 0.189425 0.340938 0.016986 0.008250
1 0.671940 0.342187 0.033972 0.014250
1 0.615321 0.365625 0.101915 0.070500
1 0.035387 0.343750 0.018984 0.018000
1 0.016986 0.346250 0.033972 0.024000
1 0.570358 0.355625 0.083930 0.048000
1 0.267277 0.338750 0.025978 0.012000
1 0.587427 0.341562 0.046961 0.021750
1 0.992090 0.333750 0.014988 0.007500
1 0.642798 0.337500 0.019983 0.016500
1 0.891757 0.333750 0.013988 0.010500
1 0.872190 0.350000 0.030974 0.051000
1 0.482098 0.332813 0.007993 0.009750
1 0.669026 0.333125 0.018984 0.012000
1 0.303497 0.334375 0.018984 0.016500
1 0.435887 0.330937 0.016986 0.011250
1 0.131973 0.344062 0.078934 0.045750
1 0.562864 0.329062 0.021982 0.012750
1 0.167361 0.341250 0.021982 0.042000
1 0.131557 0.327188 0.019983 0.008250
1 0.612406 0.327188 0.016986 0.011250
1 0.520400 0.326562 0.015987 0.014250
1 0.656120 0.321562 0.013988 0.006750
1 0.484596 0.321875 0.011990 0.010500
1 0.903830 0.328437 0.046961 0.029250
1 0.333056 0.319375 0.019983 0.010500
1 0.608243 0.319375 0.016986 0.012000
1 0.256037 0.386250 0.218818 0.172500
1 0.077019 0.353750 0.098918 0.094500
1 0.637386 0.321562 0.030974 0.018750
1 0.925562 0.373125 0.148876 0.144000
1 0.961699 0.318125 0.013988 0.018000
1 0.681515 0.327188 0.066944 0.039750
1 0.269359 0.314375 0.020983 0.010500
1 0.134055 0.319375 0.061948 0.024000
1 0.090758 0.322813 0.021982 0.033750
1 0.142381 0.311875 0.023980 0.009000
1 0.986678 0.309063 0.013988 0.008250
1 0.338468 0.311250 0.018984 0.015000
1 0.713572 0.308750 0.011990 0.010500
1 0.741465 0.307812 0.008993 0.009750
1 0.502498 0.319375 0.028976 0.037500
1 0.484180 0.309688 0.010991 0.014250
1 0.570358 0.315312 0.079933 0.030750
1 0.827227 0.306250 0.012989 0.010500
1 0.801832 0.312812 0.039967 0.026250
1 0.287261 0.318125 0.039967 0.039000
1 0.975853 0.307500 0.013988 0.016500
1 0.594921 0.306875 0.022981 0.015000
1 0.236470 0.306563 0.011990 0.014250
1 0.104913 0.305625 0.011990 0.015000
1 0.225229 0.311563 0.020983 0.032250
1 0.114488 0.305000 0.012989 0.016500
1 0.751041 0.303125 0.011990 0.013500
1 0.917569 0.320937 0.089925 0.057750
1 0.427144 0.311250 0.039967 0.034500
1 0.723980 0.314688 0.042964 0.044250
1 0.024563 0.299687 0.014988 0.008250
1 0.151957 0.298750 0.008993 0.013500
1 0.889675 0.301563 0.014988 0.021750
1 0.613655 0.299687 0.019983 0.018750
1 0.881349 0.295312 0.008993 0.009750
1 0.652789 0.295625 0.007993 0.010500
1 0.272273 0.301875 0.055953 0.028500
1 0.950874 0.292812 0.009992 0.008250
1 0.723147 0.294375 0.010991 0.012000
1 0.010824 0.294375 0.013988 0.012000
1 0.950042 0.300938 0.045962 0.033750
1 0.846378 0.291563 0.014988 0.011250
1 0.393006 0.292812 0.035970 0.014250
1 0.711490 0.294687 0.020983 0.020250
1 0.924646 0.289375 0.012989 0.012000
1 0.222731 0.288750 0.014988 0.012000
1 0.831391 0.285938 0.010991 0.006750
1 0.217735 0.322500 0.136886 0.097500
1 0.531224 0.301250 0.065945 0.048000
1 0.282681 0.287187 0.026978 0.015750
1 0.121982 0.294687 0.060949 0.033750
1 0.651957 0.284687 0.015987 0.011250
1 0.931724 0.284687 0.013988 0.012750
1 0.691923 0.285938 0.015987 0.017250
1 0.841799 0.285000 0.015987 0.018000
1 0.578684 0.281875 0.011990 0.010500
1 0.600000 0.566500 1.000000 0.867000
1 0.160283 0.290312 0.042964 0.030750
1 0.910491 0.285938 0.028976 0.024750
1 0.381349 0.280000 0.017985 0.010500
1 0.865529 0.278125 0.010991 0.007500
1 0.628643 0.297500 0.045962 0.058500
1 0.769775 0.276562 0.012989 0.009750
1 0.907577 0.275000 0.013988 0.012000
1 0.855537 0.281250 0.014988 0.028500
1 0.069942 0.278125 0.021982 0.021000
1 0.297252 0.278125 0.025978 0.022500
1 0.462948 0.272500 0.017985 0.012000
1 0.574105 0.270937 0.012989 0.009750
1 0.186511 0.270625 0.013988 0.009000
1 0.694838 0.271250 0.016986 0.012000
1 0.626145 0.267188 0.015987 0.012750
1 0.780183 0.270625 0.025978 0.024000
1 0.688177 0.263125 0.018984 0.006000
1 0.119067 0.272188 0.041965 0.027750
1 0.597419 0.282187 0.080933 0.056250
1 0.373855 0.289375 0.085928 0.076500
1 0.572856 0.258125 0.035970 0.010500
1 0.390924 0.259062 0.022981 0.012750
1 0.111157 0.257500 0.018984 0.009000
1 0.469609 0.262188 0.027977 0.023250
1 0.758118 0.341250 0.226811 0.214500
1 0.746461 0.254688 0.016986 0.008250
1 0.652373 0.265000 0.048959 0.033000
1 0.127394 0.256875 0.017985 0.013500
1 0.590758 0.263750 0.022981 0.031500
1 0.419650 0.269375 0.087927 0.045000
1 0.410908 0.247812 0.014988 0.005250
1 0.842215 0.295938 0.136886 0.122250
1 0.771440 0.253437 0.018984 0.021750
1 0.565779 0.246875 0.012989 0.007500
1 0.136553 0.246250 0.015987 0.009000
1 0.791424 0.250937 0.030974 0.023250
1 0.583680 0.246562 0.029975 0.018750
1 0.338884 0.244375 0.009992 0.013500
1 0.158618 0.260000 0.056953 0.051000
1 0.393422 0.241563 0.014988 0.009750
1 0.026644 0.240313 0.011990 0.008250
1 0.806828 0.239375 0.023980 0.007500
1 0.324729 0.240000 0.009992 0.009000
1 0.145712 0.241875 0.009992 0.013500
1 0.653206 0.243438 0.032973 0.018750
1 0.583264 0.239063 0.014988 0.009750
1 0.300167 0.238750 0.008993 0.009000
1 0.353039 0.238750 0.019983 0.010500
1 0.789759 0.237500 0.018984 0.010500
1 0.150708 0.237187 0.015987 0.014250
1 0.556619 0.233750 0.008993 0.007500
1 0.822231 0.240313 0.026978 0.024750
1 0.332639 0.234687 0.034971 0.011250
1 0.100333 0.233437 0.010991 0.008250
1 0.351790 0.233437 0.006994 0.011250
1 0.776436 0.236250 0.012989 0.021000
1 0.599500 0.235000 0.021982 0.018000
1 0.617818 0.241875 0.039967 0.036000
1 0.295171 0.270625 0.258784 0.105000
1 0.799750 0.230937 0.020983 0.011250
1 0.702748 0.269062 0.125895 0.110250
1 0.301832 0.228437 0.014988 0.012750
1 0.805162 0.226875 0.013988 0.010500
1 0.779351 0.225625 0.019983 0.009000
1 0.231474 0.231875 0.035970 0.025500
1 0.752290 0.225312 0.020983 0.012750
1 0.662365 0.225625 0.024979 0.015000
1 0.012490 0.223750 0.024979 0.010500
1 0.603247 0.222500 0.022981 0.012000
1 0.582848 0.224688 0.017985 0.021750
1 0.770608 0.227500 0.016986 0.030000
1 0.646545 0.225000 0.024979 0.027000
1 0.619900 0.220000 0.012989 0.015000
1 0.635720 0.220312 0.012989 0.018750
1 0.368859 0.225000 0.027977 0.034500
1 0.087843 0.214375 0.016986 0.009000
1 0.221066 0.218438 0.036969 0.020250
1 0.251041 0.227813 0.032973 0.047250
1 0.603247 0.210938 0.010991 0.009750
1 0.636969 0.212188 0.023980 0.014250
1 0.007494 0.210938 0.014988 0.014250
1 0.669858 0.211250 0.022981 0.018000
1 0.715237 0.220625 0.135887 0.049500
1 0.336386 0.202500 0.013988 0.009000
1 0.083930 0.269688 0.167860 0.171750
1 0.233139 0.203437 0.025978 0.014250
1 0.713988 0.199375 0.022981 0.007500
1 0.052873 0.209375 0.072939 0.036000
1 0.449625 0.200937 0.027977 0.020250
1 0.022898 0.201563 0.024979 0.021750
1 0.726062 0.203125 0.019983 0.027000
1 0.554122 0.194688 0.016986 0.012750
1 0.636137 0.196875 0.037968 0.019500
1 0.269775 0.215938 0.055953 0.066750
1 0.077019 0.193750 0.014988 0.013500
1 0.455870 0.191562 0.016986 0.009750
1 0.207744 0.190625 0.016986 0.010500
1 0.609492 0.193125 0.017985 0.018000
1 0.260616 0.189688 0.013988 0.011250
1 0.672356 0.189062 0.022981 0.011250
1 0.041216 0.190000 0.016986 0.013500
1 0.009492 0.190000 0.018984 0.015000
1 0.426311 0.193125 0.035970 0.024000
1 0.404246 0.191875 0.018984 0.021000
1 0.121149 0.192812 0.024979 0.026250
1 0.114904 0.186250 0.013988 0.012000
1 0.081182 0.195937 0.072939 0.038250
1 0.176520 0.222188 0.127893 0.104250
1 0.582015 0.181875 0.015987 0.010500
1 0.474188 0.182500 0.010991 0.012000
1 0.377186 0.181562 0.013988 0.009750
1 0.191091 0.183125 0.020983 0.016500
1 0.267277 0.178437 0.019983 0.018750
1 0.445046 0.177813 0.032973 0.018750
1 0.011241 0.176875 0.018984 0.016500
1 0.201082 0.176250 0.016986 0.018000
1 0.056619 0.176875 0.031973 0.022500
1 0.093672 0.171563 0.014988 0.011250
1 0.077852 0.169687 0.010991 0.008250
1 0.033306 0.179063 0.043963 0.030750
1 0.448793 0.168437 0.011990 0.006750
1 0.201082 0.166250 0.018984 0.007500
1 0.351790 0.167187 0.010991 0.012750
1 0.278518 0.168437 0.028976 0.015750
1 0.646545 0.188125 0.098918 0.064500
1 0.677769 0.181562 0.063947 0.056250
1 0.962115 0.160312 0.012989 0.011250
1 0.183597 0.158125 0.020983 0.009000
1 0.253539 0.157812 0.016986 0.009750
1 0.342215 0.196563 0.159867 0.104250
1 0.091590 0.162188 0.051957 0.021750
1 0.327644 0.155312 0.018984 0.008250
1 0.280183 0.157500 0.012989 0.015000
1 0.084513 0.153750 0.014988 0.009000
1 0.371774 0.168437 0.052956 0.047250
1 0.007494 0.153750 0.014988 0.012000
1 0.062448 0.157188 0.025978 0.021750
1 0.252290 0.160625 0.031973 0.033000
1 0.282265 0.149688 0.015987 0.008250
1 0.343880 0.151562 0.009992 0.018750
1 0.149042 0.150000 0.011990 0.015000
1 0.078684 0.146563 0.012989 0.006750
1 0.421316 0.146875 0.017985 0.012000
1 0.202748 0.154062 0.040966 0.029250
1 0.280600 0.141875 0.013988 0.009000
1 0.099500 0.146250 0.016986 0.019500
1 0.006495 0.144687 0.012989 0.018750
1 0.454621 0.142813 0.019983 0.015750
1 0.337219 0.140000 0.011990 0.013500
1 0.171107 0.145000 0.058951 0.025500
1 0.254371 0.140313 0.014988 0.017250
1 0.009992 0.135625 0.019983 0.010500
1 0.042881 0.133125 0.012989 0.007500
1 0.030808 0.146875 0.051957 0.045000
1 0.413405 0.130625 0.014988 0.009000
1 0.091590 0.137500 0.017985 0.025500
1 0.423813 0.130938 0.017985 0.014250
1 0.514571 0.127812 0.019983 0.008250
1 0.053289 0.128438 0.017985 0.012750
1 0.132806 0.155938 0.140883 0.081750
1 0.063281 0.134375 0.047960 0.031500
1 0.373022 0.126250 0.011990 0.018000
1 0.405079 0.127812 0.022981 0.024750
1 0.165279 0.120000 0.018984 0.007500
1 0.143630 0.125312 0.022981 0.020250
1 0.039550 0.121250 0.008993 0.010500
1 0.387177 0.150938 0.103913 0.086250
1 0.192340 0.131875 0.095920 0.042000
1 0.084097 0.120000 0.023980 0.016500
1 0.297252 0.122188 0.027977 0.023250
1 0.299750 0.117188 0.013988 0.012750
1 0.088676 0.114687 0.012989 0.006750
1 0.541216 0.129375 0.047960 0.043500
1 0.098668 0.115000 0.014988 0.009000
1 0.118235 0.116562 0.013988 0.017250
1 0.534971 0.113437 0.010991 0.014250
1 0.525396 0.117188 0.021982 0.026250
1 0.131141 0.113125 0.016986 0.016500
1 0.409242 0.112187 0.014988 0.015750
1 0.292673 0.109375 0.016986 0.009000
1 0.081599 0.108750 0.013988 0.007500
1 0.309326 0.110937 0.012989 0.014250
1 0.037885 0.103438 0.008993 0.008250
1 0.279351 0.102500 0.012989 0.007500
1 0.328060 0.119063 0.051957 0.054750
1 0.352206 0.110625 0.037968 0.037500
1 0.364696 0.099062 0.023980 0.012750
1 0.270608 0.096875 0.013988 0.009000
1 0.506245 0.098437 0.017985 0.014250
1 0.291424 0.099062 0.023980 0.015750
1 0.425895 0.100312 0.040966 0.027750
1 0.404663 0.094375 0.019983 0.013500
1 0.089925 0.093438 0.021982 0.012750
1 0.211490 0.088125 0.013988 0.010500
1 0.028310 0.092188 0.035970 0.020250
1 0.479184 0.088125 0.012989 0.012000
1 0.149875 0.087500 0.009992 0.019500
1 0.077019 0.082812 0.028976 0.014250
1 0.435470 0.085625 0.043963 0.024000
1 0.203580 0.075625 0.012989 0.009000
1 0.250624 0.138437 0.197835 0.162750
1 0.511241 0.188125 0.317735 0.283500
1 0.281848 0.077188 0.018984 0.017250
1 0.447960 0.073438 0.011990 0.009750
1 0.050458 0.099062 0.100916 0.072750
1 0.183597 0.073750 0.010991 0.013500
1 0.147377 0.094062 0.065945 0.065250
1 0.139883 0.075313 0.029975 0.027750
1 0.223147 0.065312 0.021982 0.011250
1 0.425062 0.063437 0.012989 0.008250
1 0.141965 0.064062 0.006994 0.009750
1 0.129059 0.059687 0.029975 0.014250
1 0.042881 0.056875 0.014988 0.009000
1 0.071191 0.068750 0.076936 0.040500
1 0.083680 0.054688 0.010991 0.009750
1 0.316819 0.053750 0.012989 0.012000
1 0.396753 0.081250 0.066944 0.079500
1 0.394671 0.051875 0.017985 0.013500
1 0.343047 0.067500 0.069942 0.061500
1 0.329309 0.046250 0.012989 0.010500
1 0.366778 0.046562 0.018984 0.017250
1 0.378851 0.045000 0.015987 0.015000
1 0.321399 0.041563 0.017985 0.012750
1 0.300999 0.041563 0.032973 0.015750
1 0.059534 0.048125 0.024979 0.031500
1 0.163197 0.037187 0.065945 0.020250
1 0.213156 0.029687 0.011990 0.014250
1 0.149042 0.022500 0.027977 0.015000
1 0.125312 0.028125 0.022981 0.030000
1 0.332223 0.028125 0.065945 0.033000
1 0.065779 0.028750 0.035970 0.034500
1 0.174854 0.017812 0.033972 0.015750
1 0.598668 0.018125 0.031973 0.025500
1 0.297252 0.015625 0.051957 0.028500
1 0.078684 0.007500 0.018984 0.012000
1 0.787677 0.004125 0.015987 0.008250
1 0.597419 0.010500 0.036969 0.021000
1 0.600333 0.184125 0.799334 0.368250
1 0.330974 0.007500 0.024979 0.015000
1 0.290591 0.006750 0.029975 0.013500
1 0.238968 0.063375 0.231807 0.126750
1 0.229392 0.006750 0.022981 0.013500
1 0.203164 0.017625 0.037968 0.035250
1 0.185679 0.005250 0.025978 0.010500
1 0.160283 0.010125 0.032973 0.020250
1 0.104080 0.080625 0.077935 0.161250
1 0.042048 0.003375 0.010991 0.006750
1 0.042964 0.062625 0.085928 0.125250
