1 0.724396 0.630313 0.041965 0.020250
1 0.573272 0.583750 0.034971 0.025500
1 0.607827 0.583438 0.027977 0.030750
1 0.455454 0.579063 0.037968 0.021750
1 0.574105 0.563438 0.042964 0.020250
1 0.544130 0.566875 0.024979 0.028500
1 0.621149 0.565937 0.027977 0.032250
1 0.446711 0.562187 0.066944 0.030750
1 0.531224 0.535625 0.029975 0.028500
1 0.610741 0.533750 0.032973 0.027000
1 0.651540 0.514375 0.038968 0.019500
1 0.415487 0.514062 0.039967 0.018750
1 0.513322 0.514062 0.028976 0.029250
1 0.401332 0.494375 0.043963 0.021000
1 0.578684 0.492188 0.027977 0.030750
1 0.434638 0.475000 0.013988 0.016500
1 0.398002 0.474062 0.033972 0.026250
1 0.622814 0.493750 0.073938 0.093000
1 0.621982 0.455313 0.033972 0.029250
1 0.600000 0.608437 1.000000 0.410250
1 0.582431 0.444375 0.038968 0.036000
1 0.714821 0.422500 0.040966 0.024000
1 0.483347 0.420938 0.034971 0.029250
1 0.417569 0.410625 0.022981 0.018000
1 0.350541 0.398750 0.025978 0.033000
1 0.492506 0.388437 0.028976 0.030750
1 0.467943 0.455625 0.313739 0.262500
1 0.554954 0.341250 0.012989 0.009000
1 0.330142 0.325313 0.046961 0.020250
1 0.384263 0.327500 0.066944 0.037500
1 0.469192 0.318750 0.028976 0.031500
1 0.429642 0.330625 0.047960 0.070500
1 0.528726 0.370937 0.269775 0.185250
1 0.521649 0.285313 0.028976 0.032250
1 0.438801 0.281250 0.033972 0.022500
1 0.567027 0.284375 0.075937 0.034500
1 0.455454 0.233750 0.043963 0.021000
1 0.593672 0.230000 0.041965 0.022500
1 0.546628 0.243750 0.058951 0.057000
1 0.372606 0.232187 0.060949 0.063750
1 0.439634 0.210000 0.035970 0.030000
1 0.483764 0.252188 0.105912 0.132750
1 0.363447 0.197500 0.042964 0.022500
1 0.543714 0.191562 0.027977 0.030750
1 0.493755 0.181875 0.029975 0.028500
1 0.405912 0.193125 0.062948 0.085500
1 0.425895 0.160625 0.030974 0.034500
