1 0.596484 0.859896 0.029062 0.028750
1 0.525781 0.777083 0.020625 0.045000
1 0.501953 0.772396 0.019688 0.038750
1 0.541406 0.756771 0.020625 0.043750
1 0.499609 0.746354 0.051562 0.036250
1 0.486719 0.704688 0.024375 0.036250
1 0.576953 0.696354 0.025312 0.026250
1 0.411719 0.657813 0.026250 0.026250
1 0.532813 0.656250 0.020625 0.040000
1 0.573047 0.616146 0.017813 0.041250
1 0.646484 0.589063 0.027187 0.033750
1 0.546484 0.595313 0.029062 0.048750
1 0.562500 0.566146 0.041250 0.036250
1 0.405859 0.406771 0.032813 0.028750
1 0.456250 0.440104 0.082500 0.126250
1 0.505078 0.564583 0.274687 0.470000
1 0.549609 0.385937 0.019688 0.041250
1 0.494531 0.367708 0.026250 0.027500
1 0.575781 0.338021 0.028125 0.066250
1 0.617188 0.323958 0.026250 0.035000
1 0.590625 0.321354 0.020625 0.041250
1 0.519141 0.309375 0.029062 0.030000
1 0.531641 0.355208 0.085312 0.197500
1 0.537500 0.280208 0.018750 0.042500
1 0.462109 0.296354 0.049687 0.083750
1 0.593750 0.267188 0.020625 0.043750
1 0.465625 0.247396 0.028125 0.036250
1 0.559766 0.246354 0.025312 0.038750
1 0.504297 0.247917 0.047812 0.122500
1 0.519922 0.207813 0.023438 0.048750
