1 0.766406 0.844271 0.041250 0.063750
1 0.728516 0.829688 0.042188 0.058750
1 0.824687 0.876250 0.350625 0.247500
1 0.799219 0.813542 0.033750 0.067500
1 0.665625 0.780729 0.035625 0.058750
1 0.634375 0.778646 0.045000 0.053750
1 0.705859 0.767188 0.055313 0.043750
1 0.792969 0.771875 0.095625 0.070000
1 0.676562 0.738021 0.033750 0.036250
1 0.069375 0.826250 0.138750 0.347500
1 0.748437 0.727083 0.048750 0.052500
1 0.713672 0.722917 0.029062 0.062500
1 0.675781 0.712500 0.026250 0.037500
1 0.650000 0.704688 0.028125 0.028750
1 0.643750 0.714063 0.039375 0.056250
1 0.788281 0.697917 0.058125 0.042500
1 0.471094 0.696875 0.046875 0.050000
1 0.922656 0.688021 0.054375 0.043750
1 0.734766 0.694271 0.042188 0.083750
1 0.688281 0.671354 0.045000 0.056250
1 0.841797 0.647917 0.021562 0.015000
1 0.896484 0.661979 0.036562 0.066250
1 0.639453 0.660937 0.038437 0.066250
1 0.603906 0.655729 0.033750 0.066250
1 0.784766 0.645833 0.051562 0.047500
1 0.932031 0.639062 0.054375 0.043750
1 0.839453 0.630729 0.006563 0.023750
1 0.730078 0.629687 0.049687 0.066250
1 0.818359 0.643750 0.032813 0.102500
1 0.827734 0.605208 0.019688 0.012500
1 0.873047 0.609896 0.012188 0.026250
1 0.803125 0.590104 0.015000 0.016250
1 0.772266 0.603125 0.051562 0.055000
1 0.878516 0.650000 0.124687 0.175000
1 0.692578 0.594271 0.045937 0.043750
1 0.635938 0.599479 0.058125 0.063750
1 0.853516 0.623437 0.034687 0.123750
1 0.741016 0.583333 0.017813 0.042500
1 0.819531 0.580208 0.022500 0.045000
1 0.585938 0.580729 0.056250 0.046250
1 0.705859 0.578125 0.045937 0.055000
1 0.768359 0.572396 0.027187 0.048750
1 0.608203 0.552083 0.023438 0.027500
1 0.526953 0.558333 0.045937 0.047500
1 0.683984 0.551042 0.029062 0.032500
1 0.570703 0.547396 0.032813 0.033750
1 0.542578 0.536458 0.027187 0.012500
1 0.893359 0.550521 0.040313 0.053750
1 0.592969 0.542708 0.022500 0.040000
1 0.771094 0.528125 0.016875 0.012500
1 0.666406 0.550000 0.031875 0.070000
1 0.675781 0.528646 0.015000 0.026250
1 0.638672 0.535417 0.040313 0.042500
1 0.788672 0.543750 0.021562 0.067500
1 0.734375 0.540104 0.026250 0.061250
1 0.579297 0.522917 0.030937 0.032500
1 0.749609 0.519792 0.023438 0.030000
1 0.528906 0.521354 0.016875 0.038750
1 0.700000 0.518229 0.035625 0.041250
1 0.644922 0.502604 0.025312 0.013750
1 0.581250 0.499479 0.020625 0.016250
1 0.823828 0.531771 0.074063 0.101250
1 0.505078 0.501563 0.057188 0.041250
1 0.883203 0.504687 0.057188 0.051250
1 0.682031 0.489583 0.022500 0.020000
1 0.639453 0.487500 0.012188 0.017500
1 0.711328 0.491667 0.021562 0.032500
1 0.558203 0.490104 0.025312 0.028750
1 0.609766 0.500521 0.045937 0.061250
1 0.653906 0.488021 0.039375 0.048750
1 0.574219 0.460938 0.028125 0.013750
1 0.465234 0.480729 0.034687 0.061250
1 0.679297 0.463021 0.042188 0.023750
1 0.613672 0.466146 0.012188 0.038750
1 0.537500 0.459896 0.058125 0.026250
1 0.714453 0.460938 0.034687 0.036250
1 0.601953 0.451562 0.036562 0.031250
1 0.639844 0.452604 0.046875 0.038750
1 0.548828 0.439063 0.027187 0.043750
1 0.778125 0.456771 0.090000 0.091250
1 0.852344 0.456250 0.086250 0.097500
1 0.485547 0.447396 0.036562 0.083750
1 0.737500 0.445312 0.035625 0.086250
1 0.505859 0.423438 0.036562 0.033750
1 0.578906 0.402604 0.020625 0.018750
1 0.600000 0.398438 0.026250 0.023750
1 0.497266 0.396875 0.017813 0.025000
1 0.515625 0.398958 0.018750 0.040000
1 0.817187 0.385417 0.020625 0.015000
1 0.537500 0.389583 0.037500 0.045000
1 0.623828 0.408333 0.154688 0.102500
1 0.484375 0.384375 0.030000 0.060000
1 0.561328 0.378646 0.017813 0.058750
1 0.586719 0.361979 0.052500 0.026250
1 0.492188 0.348438 0.009375 0.016250
1 0.662109 0.353646 0.049687 0.031250
1 0.535156 0.357292 0.052500 0.042500
1 0.460156 0.353125 0.061875 0.042500
1 0.718750 0.345313 0.041250 0.031250
1 0.819141 0.389583 0.128438 0.150000
1 0.568359 0.332813 0.032813 0.041250
1 0.610547 0.338542 0.068437 0.060000
1 0.494531 0.339583 0.046875 0.087500
1 0.750000 0.308854 0.018750 0.026250
1 0.528906 0.309896 0.045000 0.053750
1 0.832812 0.311979 0.033750 0.063750
1 0.696094 0.309375 0.035625 0.067500
1 0.618750 0.307292 0.037500 0.062500
1 0.734375 0.301042 0.063750 0.072500
1 0.391406 0.292187 0.043125 0.061250
1 0.730859 0.352604 0.210938 0.231250
1 0.682813 0.271354 0.013125 0.043750
1 0.491406 0.261979 0.013125 0.026250
1 0.589844 0.275521 0.033750 0.063750
1 0.649609 0.264062 0.032813 0.066250
1 0.433203 0.259375 0.034687 0.065000
1 0.468750 0.251042 0.043125 0.060000
1 0.692969 0.261979 0.076875 0.093750
1 0.564844 0.247396 0.026250 0.061250
1 0.734375 0.243750 0.045000 0.062500
1 0.575391 0.235937 0.025312 0.046250
1 0.607031 0.220833 0.050625 0.037500
1 0.513672 0.239063 0.156562 0.158750
1 0.403125 0.188021 0.045000 0.053750
1 0.773047 0.184375 0.051562 0.052500
1 0.477344 0.200000 0.048750 0.115000
1 0.539062 0.171875 0.048750 0.060000
1 0.499219 0.155208 0.037500 0.057500
1 0.448437 0.127083 0.052500 0.045000
1 0.622266 0.101042 0.098437 0.092500
1 0.495703 0.035937 0.049687 0.056250
1 0.596094 0.032500 0.037500 0.065000
1 0.549609 0.088750 0.079687 0.177500
1 0.529687 0.026875 0.020625 0.053750
1 0.289219 0.204375 0.578437 0.408750
