1 0.962500 0.946000 0.075000 0.108000
1 0.132500 0.796250 0.102000 0.141000
1 0.048000 0.821250 0.096000 0.231000
1 0.030000 0.586250 0.060000 0.093000
1 0.025500 0.521250 0.051000 0.045000
1 0.252500 0.470000 0.240000 0.228000
1 0.159000 0.555000 0.318000 0.474000
1 0.352500 0.371250 0.144000 0.123000
1 0.057000 0.297500 0.114000 0.090000
1 0.110000 0.286250 0.030000 0.087000
1 0.401250 0.265000 0.093000 0.132000
1 0.136250 0.218750 0.063000 0.063000
1 0.192500 0.285000 0.270000 0.240000
1 0.085000 0.183750 0.054000 0.111000
1 0.255000 0.126250 0.060000 0.027000
1 0.373750 0.126250 0.051000 0.057000
1 0.487500 0.024000 0.030000 0.048000
1 0.518750 0.070500 0.207000 0.141000
1 0.403750 0.126000 0.285000 0.252000
1 0.218750 0.135000 0.153000 0.270000
1 0.163750 0.040500 0.141000 0.081000
1 0.091250 0.102000 0.177000 0.204000
