1 0.246250 0.583750 0.057000 0.087000
1 0.128750 0.516250 0.075000 0.069000
1 0.346250 0.510000 0.063000 0.066000
1 0.427500 0.467500 0.054000 0.078000
1 0.220000 0.516250 0.132000 0.219000
1 0.270000 0.388750 0.078000 0.051000
1 0.156250 0.418750 0.183000 0.159000
1 0.496250 0.353750 0.069000 0.063000
1 0.225000 0.277500 0.066000 0.048000
1 0.360000 0.236250 0.048000 0.081000
1 0.033000 0.195000 0.066000 0.054000
1 0.202500 0.198750 0.066000 0.069000
1 0.110000 0.100000 0.072000 0.048000
1 0.136250 0.117500 0.177000 0.216000
1 0.448750 0.160500 0.231000 0.321000
1 0.350000 0.013500 0.072000 0.027000
1 0.332500 0.285000 0.306000 0.570000
1 0.172500 0.010500 0.060000 0.021000
1 0.128750 0.019500 0.039000 0.039000
1 0.067500 0.049500 0.135000 0.099000
