1 0.100781 0.890000 0.201563 0.220000
1 0.674219 0.809375 0.031875 0.067500
1 0.759766 0.765104 0.057188 0.046250
1 0.633203 0.762500 0.098437 0.082500
1 0.472266 0.740625 0.036562 0.062500
1 0.671484 0.725521 0.030937 0.066250
1 0.714453 0.746875 0.077812 0.167500
1 0.766797 0.663021 0.051562 0.043750
1 0.675781 0.663021 0.031875 0.066250
1 0.380859 0.653646 0.044062 0.051250
1 0.598828 0.645312 0.044062 0.038750
1 0.553125 0.623958 0.030000 0.067500
1 0.784766 0.592708 0.047812 0.045000
1 0.491016 0.633333 0.120937 0.165000
1 0.562500 0.573958 0.041250 0.057500
1 0.660937 0.614583 0.191250 0.160000
1 0.639453 0.535417 0.047812 0.045000
1 0.807344 0.685625 0.385313 0.628750
1 0.760547 0.497917 0.034687 0.065000
1 0.478516 0.486458 0.053437 0.042500
1 0.252734 0.470833 0.030937 0.060000
1 0.370703 0.441146 0.059062 0.041250
1 0.336328 0.421354 0.021562 0.021250
1 0.314063 0.347396 0.050625 0.046250
1 0.449609 0.323437 0.053437 0.063750
1 0.292578 0.304688 0.049687 0.043750
1 0.382031 0.286979 0.045000 0.043750
1 0.457813 0.263542 0.035625 0.060000
1 0.457031 0.459896 0.699375 0.561250
1 0.261328 0.238542 0.064687 0.090000
1 0.338281 0.206250 0.052500 0.042500
1 0.246094 0.206771 0.030000 0.063750
1 0.401953 0.224479 0.107813 0.168750
1 0.394922 0.172917 0.030937 0.060000
1 0.299219 0.166146 0.048750 0.046250
1 0.558984 0.172396 0.032813 0.066250
1 0.263672 0.164583 0.044062 0.055000
1 0.899219 0.109375 0.201563 0.218750
1 0.192656 0.314375 0.385313 0.628750
