1 0.473828 0.890104 0.030937 0.061250
1 0.509375 0.881250 0.033750 0.052500
1 0.045937 0.911875 0.091875 0.176250
1 0.452734 0.863542 0.030937 0.060000
1 0.514844 0.841146 0.078750 0.048750
1 0.632031 0.836458 0.043125 0.040000
1 0.454688 0.798958 0.037500 0.045000
1 0.635938 0.801042 0.073125 0.052500
1 0.422656 0.791667 0.037500 0.042500
1 0.404687 0.779687 0.039375 0.036250
1 0.536328 0.781771 0.038437 0.043750
1 0.446094 0.752083 0.030000 0.060000
1 0.489844 0.763542 0.065625 0.090000
1 0.547656 0.735417 0.037500 0.052500
1 0.610938 0.768229 0.127500 0.138750
1 0.426953 0.727083 0.030937 0.057500
1 0.472266 0.715625 0.030937 0.055000
1 0.650391 0.705729 0.040313 0.036250
1 0.556641 0.667708 0.030937 0.027500
1 0.439063 0.681771 0.030000 0.061250
1 0.657813 0.666146 0.046875 0.038750
1 0.538672 0.660937 0.034687 0.043750
1 0.413672 0.663021 0.030937 0.056250
1 0.581250 0.655208 0.026250 0.057500
1 0.308984 0.633854 0.044062 0.033750
1 0.454688 0.631250 0.043125 0.060000
1 0.566797 0.619271 0.034687 0.051250
1 0.504687 0.590625 0.015000 0.015000
1 0.525391 0.592708 0.029062 0.037500
1 0.522266 0.648958 0.113437 0.172500
1 0.449609 0.580208 0.023438 0.015000
1 0.644922 0.609375 0.060937 0.090000
1 0.475781 0.571875 0.037500 0.042500
1 0.549219 0.563542 0.028125 0.057500
1 0.432812 0.540625 0.048750 0.060000
1 0.612891 0.525000 0.023438 0.032500
1 0.430469 0.505208 0.024375 0.025000
1 0.396875 0.532292 0.048750 0.092500
1 0.526953 0.507292 0.038437 0.052500
1 0.677344 0.482292 0.026250 0.060000
1 0.468359 0.529167 0.164062 0.202500
1 0.621094 0.441667 0.016875 0.017500
1 0.384766 0.470313 0.060937 0.088750
1 0.546484 0.441146 0.034687 0.036250
1 0.655078 0.452083 0.064687 0.067500
1 0.409375 0.425000 0.016875 0.037500
1 0.610156 0.595833 0.185625 0.457500
1 0.417187 0.401042 0.018750 0.012500
1 0.628125 0.381771 0.046875 0.038750
1 0.513672 0.425521 0.092812 0.143750
1 0.529297 0.382292 0.029062 0.057500
1 0.594531 0.396354 0.073125 0.113750
1 0.562891 0.359896 0.038437 0.051250
1 0.671875 0.351562 0.050625 0.036250
1 0.430469 0.402083 0.112500 0.192500
1 0.466797 0.342708 0.029062 0.055000
1 0.546484 0.308854 0.038437 0.033750
1 0.375391 0.269271 0.040313 0.043750
1 0.413281 0.259896 0.031875 0.053750
1 0.515234 0.236979 0.044062 0.038750
1 0.475781 0.272917 0.146250 0.222500
1 0.551172 0.197917 0.036562 0.050000
1 0.596875 0.211458 0.069375 0.107500
1 0.413281 0.189583 0.030000 0.055000
1 0.461328 0.157292 0.036562 0.045000
1 0.595313 0.147396 0.041250 0.046250
1 0.538672 0.149479 0.074063 0.151250
1 0.521094 0.107292 0.031875 0.055000
1 0.556875 0.576250 1.000000 1.000000
