1 0.106406 0.918750 0.212812 0.162500
1 0.661328 0.703646 0.021562 0.031250
1 0.468359 0.643229 0.019688 0.033750
1 0.572656 0.618750 0.018750 0.030000
1 0.630859 0.608854 0.030937 0.021250
1 0.652344 0.604688 0.028125 0.023750
1 0.605469 0.593750 0.030000 0.020000
1 0.528516 0.581771 0.023438 0.028750
1 0.661719 0.579167 0.018750 0.030000
1 0.564844 0.593229 0.073125 0.073750
1 0.574219 0.558854 0.030000 0.021250
1 0.651172 0.566667 0.038437 0.050000
1 0.530859 0.549479 0.034687 0.031250
1 0.427344 0.542188 0.026250 0.026250
1 0.628906 0.535937 0.031875 0.021250
1 0.462109 0.551562 0.032813 0.061250
1 0.445703 0.531771 0.010312 0.016250
1 0.614453 0.517188 0.029062 0.021250
1 0.437500 0.516667 0.011250 0.020000
1 0.585547 0.543750 0.094687 0.092500
1 0.533984 0.515104 0.027187 0.038750
1 0.417187 0.529687 0.073125 0.086250
1 0.316797 0.501563 0.023438 0.036250
1 0.590234 0.496875 0.044062 0.055000
1 0.502344 0.519792 0.114375 0.110000
1 0.378125 0.494271 0.052500 0.056250
1 0.592187 0.483854 0.022500 0.048750
1 0.675781 0.496875 0.067500 0.087500
1 0.331641 0.473958 0.023438 0.032500
1 0.503516 0.467708 0.034687 0.020000
1 0.534766 0.469792 0.019688 0.027500
1 0.396094 0.463021 0.031875 0.023750
1 0.354297 0.466667 0.044062 0.040000
1 0.632812 0.485417 0.105000 0.095000
1 0.586328 0.453125 0.023438 0.020000
1 0.293750 0.452604 0.035625 0.023750
1 0.534375 0.446354 0.013125 0.021250
1 0.645703 0.445833 0.019688 0.030000
1 0.445703 0.432812 0.027187 0.026250
1 0.537891 0.427083 0.006563 0.017500
1 0.622266 0.427083 0.047812 0.035000
1 0.548438 0.419271 0.013125 0.016250
1 0.465625 0.467187 0.155625 0.133750
1 0.300781 0.411979 0.037500 0.023750
1 0.534375 0.409896 0.020625 0.031250
1 0.566875 0.637500 0.866250 0.725000
1 0.377344 0.426042 0.131250 0.082500
1 0.447266 0.404167 0.019688 0.035000
1 0.416016 0.398958 0.029062 0.022500
1 0.514844 0.396354 0.011250 0.023750
1 0.364063 0.398438 0.020625 0.036250
1 0.483203 0.397917 0.066562 0.065000
1 0.347656 0.380208 0.026250 0.032500
1 0.558203 0.366667 0.027187 0.022500
1 0.477344 0.370833 0.048750 0.042500
1 0.560547 0.425521 0.105937 0.183750
1 0.299609 0.353646 0.040313 0.023750
1 0.338281 0.349479 0.078750 0.068750
1 0.387109 0.335938 0.068437 0.043750
1 0.494531 0.331250 0.022500 0.037500
1 0.355859 0.316667 0.025312 0.037500
1 0.889375 0.125625 0.221250 0.251250
1 0.421875 0.348750 0.843750 0.697500
