1 0.815234 0.995000 0.019688 0.010000
1 0.701953 0.993125 0.019688 0.013750
1 0.279687 0.992500 0.009375 0.015000
1 0.182422 0.992500 0.012188 0.015000
1 0.290234 0.991875 0.012188 0.016250
1 0.122266 0.991875 0.010312 0.016250
1 0.926953 0.991250 0.019688 0.017500
1 0.760547 0.990625 0.010312 0.018750
1 0.806250 0.990000 0.020625 0.020000
1 0.646875 0.990000 0.026250 0.020000
1 0.242188 0.990000 0.018750 0.020000
1 0.299219 0.989375 0.009375 0.021250
1 0.981641 0.988750 0.021562 0.022500
1 0.349609 0.988750 0.021562 0.022500
1 0.191406 0.988750 0.007500 0.022500
1 0.544531 0.986458 0.013125 0.017500
1 0.954297 0.986875 0.017813 0.026250
1 0.688281 0.985938 0.016875 0.018750
1 0.417969 0.986250 0.015000 0.027500
1 0.558984 0.985625 0.017813 0.028750
1 0.863672 0.985938 0.019688 0.026250
1 0.943359 0.983333 0.017813 0.022500
1 0.311328 0.979688 0.019688 0.018750
1 0.970703 0.978125 0.019688 0.017500
1 0.880859 0.982292 0.023438 0.027500
1 0.569141 0.979167 0.015938 0.020000
1 0.185547 0.976042 0.014063 0.012500
1 0.741016 0.979688 0.019688 0.023750
1 0.667578 0.981875 0.019688 0.036250
1 0.469922 0.982812 0.025312 0.031250
1 0.594141 0.981250 0.055313 0.037500
1 0.371875 0.981250 0.030000 0.037500
1 0.076563 0.981250 0.013125 0.030000
1 0.755078 0.976562 0.010312 0.021250
1 0.173437 0.971354 0.013125 0.011250
1 0.627344 0.979375 0.026250 0.041250
1 0.454688 0.979375 0.020625 0.041250
1 0.821484 0.977604 0.014063 0.031250
1 0.027344 0.978750 0.035625 0.042500
1 0.384375 0.972917 0.022500 0.025000
1 0.610156 0.966146 0.022500 0.013750
1 0.647656 0.973958 0.018750 0.035000
1 0.265625 0.976562 0.016875 0.041250
1 0.282031 0.973437 0.016875 0.036250
1 0.838672 0.973125 0.038437 0.053750
1 0.275000 0.961979 0.009375 0.016250
1 0.958984 0.966146 0.025312 0.028750
1 0.766406 0.958854 0.013125 0.011250
1 0.008203 0.969271 0.015938 0.036250
1 0.590234 0.965104 0.021562 0.028750
1 0.159375 0.964583 0.028125 0.027500
1 0.655078 0.961979 0.019688 0.028750
1 0.021484 0.956771 0.017813 0.016250
1 0.686719 0.965104 0.015000 0.038750
1 0.625000 0.958333 0.007500 0.022500
1 0.580859 0.955208 0.014063 0.015000
1 0.982656 0.965625 0.034687 0.042500
1 0.842578 0.954688 0.010312 0.016250
1 0.515234 0.968750 0.044062 0.062500
1 0.470703 0.959896 0.015938 0.033750
1 0.422266 0.967500 0.072187 0.065000
1 0.080469 0.953646 0.020625 0.018750
1 0.066016 0.951042 0.014063 0.012500
1 0.006094 0.950521 0.012188 0.013750
1 0.609375 0.951042 0.011250 0.017500
1 0.056641 0.966250 0.029062 0.067500
1 0.458594 0.954688 0.020625 0.028750
1 0.039062 0.959375 0.022500 0.040000
1 0.811328 0.946354 0.017813 0.011250
1 0.703125 0.957812 0.035625 0.041250
1 0.216406 0.955208 0.033750 0.035000
1 0.093750 0.949479 0.026250 0.021250
1 0.072266 0.946354 0.010312 0.016250
1 0.098047 0.942708 0.012188 0.015000
1 0.725781 0.960417 0.041250 0.060000
1 0.676953 0.952604 0.021562 0.041250
1 0.658984 0.945312 0.017813 0.023750
1 0.312891 0.946875 0.021562 0.027500
1 0.133984 0.961250 0.120937 0.077500
1 0.464062 0.940104 0.018750 0.013750
1 0.862500 0.947917 0.033750 0.037500
1 0.687891 0.940104 0.014063 0.018750
1 0.760547 0.946354 0.027187 0.038750
1 0.624609 0.945833 0.029062 0.040000
1 0.295703 0.942187 0.019688 0.031250
1 0.798828 0.956250 0.094687 0.087500
1 0.739844 0.940104 0.026250 0.041250
1 0.675781 0.928646 0.016875 0.013750
1 0.389453 0.932813 0.015938 0.023750
1 0.219922 0.953750 0.130312 0.092500
1 0.084766 0.929688 0.010312 0.016250
1 0.979297 0.940625 0.036562 0.045000
1 0.040234 0.931250 0.023438 0.025000
1 0.714063 0.929167 0.013125 0.022500
1 0.701562 0.930729 0.020625 0.026250
1 0.012188 0.935417 0.024375 0.037500
1 0.616797 0.922917 0.015938 0.010000
1 0.282422 0.933333 0.015938 0.035000
1 0.578125 0.931250 0.031875 0.032500
1 0.106250 0.924479 0.020625 0.018750
1 0.020703 0.934375 0.019688 0.042500
1 0.601172 0.930208 0.023438 0.037500
1 0.758594 0.925521 0.020625 0.031250
1 0.207031 0.927604 0.033750 0.036250
1 0.944531 0.920833 0.018750 0.025000
1 0.829688 0.917708 0.018750 0.022500
1 0.803516 0.915104 0.012188 0.016250
1 0.559375 0.940625 0.045000 0.077500
1 0.334766 0.945000 0.109688 0.110000
1 0.685547 0.918229 0.012188 0.026250
1 0.071875 0.924479 0.022500 0.043750
1 0.184766 0.918750 0.014063 0.032500
1 0.965625 0.911979 0.015000 0.021250
1 0.845703 0.919271 0.019688 0.038750
1 0.629297 0.908333 0.019688 0.017500
1 0.587109 0.905729 0.017813 0.011250
1 0.437500 0.910417 0.024375 0.025000
1 0.419531 0.926562 0.061875 0.066250
1 0.460938 0.918229 0.037500 0.048750
1 0.601172 0.905208 0.014063 0.020000
1 0.191797 0.903125 0.019688 0.015000
1 0.089844 0.910417 0.026250 0.032500
1 0.318750 0.916667 0.031875 0.050000
1 0.758984 0.903646 0.027187 0.023750
1 0.071484 0.900000 0.021562 0.020000
1 0.571484 0.897917 0.015938 0.017500
1 0.323437 0.896354 0.011250 0.013750
1 0.984531 0.916667 0.030937 0.065000
1 0.480078 0.917708 0.032813 0.067500
1 0.614453 0.892708 0.014063 0.010000
1 0.239453 0.906771 0.027187 0.046250
1 0.542969 0.912500 0.050625 0.062500
1 0.230469 0.894792 0.013125 0.020000
1 0.701953 0.890104 0.017813 0.011250
1 0.178125 0.895312 0.018750 0.023750
1 0.990156 0.892188 0.019688 0.021250
1 0.146094 0.920833 0.080625 0.090000
1 0.186719 0.884896 0.013125 0.013750
1 0.881641 0.910937 0.062812 0.081250
1 0.250391 0.888542 0.036562 0.030000
1 0.481250 0.883854 0.028125 0.021250
1 0.925000 0.924375 0.103125 0.151250
1 0.794922 0.879167 0.017813 0.015000
1 0.093359 0.889062 0.042188 0.038750
1 0.648438 0.881771 0.013125 0.023750
1 0.758594 0.882812 0.043125 0.033750
1 0.611719 0.878125 0.011250 0.022500
1 0.068750 0.879687 0.016875 0.026250
1 0.032031 0.897396 0.037500 0.068750
1 0.542188 0.873437 0.009375 0.023750
1 0.515625 0.918125 0.088125 0.163750
1 0.250391 0.871354 0.010312 0.018750
1 0.178906 0.879167 0.033750 0.037500
1 0.107031 0.871354 0.024375 0.018750
1 0.161328 0.882292 0.015938 0.047500
1 0.877734 0.875521 0.025312 0.033750
1 0.830469 0.890625 0.060000 0.072500
1 0.669141 0.908333 0.094687 0.115000
1 0.692578 0.875000 0.025312 0.037500
1 0.012656 0.888021 0.025312 0.068750
1 0.654297 0.862500 0.019688 0.015000
1 0.365625 0.902083 0.108750 0.110000
1 0.595703 0.878125 0.034687 0.055000
1 0.935937 0.871354 0.020625 0.041250
1 0.430078 0.860938 0.012188 0.016250
1 0.333203 0.859896 0.023438 0.013750
1 0.098047 0.857812 0.017813 0.011250
1 0.084375 0.861458 0.011250 0.020000
1 0.795312 0.902083 0.075000 0.122500
1 0.289453 0.857292 0.014063 0.015000
1 0.708594 0.856771 0.011250 0.018750
1 0.668359 0.856250 0.006563 0.017500
1 0.423828 0.858854 0.012188 0.026250
1 0.403516 0.859896 0.029062 0.028750
1 0.220312 0.870313 0.033750 0.053750
1 0.120703 0.867188 0.029062 0.048750
1 0.069922 0.857812 0.015938 0.026250
1 0.989062 0.860417 0.020625 0.035000
1 0.728516 0.890625 0.053437 0.107500
1 0.560156 0.876563 0.060000 0.073750
1 0.698047 0.850521 0.015938 0.013750
1 0.686719 0.852083 0.011250 0.017500
1 0.209766 0.880208 0.042188 0.087500
1 0.876563 0.867188 0.073125 0.061250
1 0.275391 0.857812 0.025312 0.038750
1 0.801562 0.856250 0.013125 0.037500
1 0.543750 0.851562 0.016875 0.026250
1 0.736719 0.843750 0.015000 0.010000
1 0.359766 0.866146 0.051562 0.063750
1 0.525000 0.848958 0.020625 0.030000
1 0.130859 0.844792 0.014063 0.022500
1 0.062109 0.844271 0.015938 0.021250
1 0.004219 0.841146 0.008437 0.013750
1 0.474609 0.846875 0.017813 0.030000
1 0.710547 0.836979 0.015938 0.018750
1 0.604688 0.843750 0.033750 0.035000
1 0.606250 0.836458 0.009375 0.017500
1 0.419141 0.838542 0.017813 0.022500
1 0.930469 0.839063 0.037500 0.028750
1 0.144141 0.856250 0.023438 0.070000
1 0.621094 0.834375 0.009375 0.020000
1 0.071875 0.832812 0.009375 0.016250
1 0.732812 0.832292 0.015000 0.017500
1 0.435547 0.831250 0.015938 0.015000
1 0.116406 0.836458 0.015000 0.030000
1 0.510938 0.828125 0.009375 0.015000
1 0.151172 0.823438 0.008437 0.013750
1 0.845313 0.835938 0.054375 0.048750
1 0.438672 0.860938 0.090937 0.108750
1 0.790234 0.824479 0.014063 0.026250
1 0.778906 0.825000 0.009375 0.027500
1 0.902734 0.834896 0.036562 0.053750
1 0.864844 0.819271 0.011250 0.016250
1 0.363281 0.826562 0.028125 0.033750
1 0.125781 0.821354 0.013125 0.031250
1 0.042969 0.817187 0.018750 0.021250
1 0.597266 0.820833 0.025312 0.035000
1 0.464453 0.810417 0.008437 0.012500
1 0.146094 0.814063 0.015000 0.021250
1 0.959219 0.860417 0.081562 0.135000
1 0.369922 0.810937 0.010312 0.016250
1 0.263672 0.810417 0.012188 0.015000
1 0.081641 0.828646 0.029062 0.058750
1 0.179297 0.835417 0.053437 0.077500
1 0.040781 0.876563 0.081562 0.176250
1 0.961328 0.807292 0.015938 0.012500
1 0.194531 0.812500 0.024375 0.025000
1 0.851953 0.808854 0.010312 0.021250
1 0.725391 0.818229 0.042188 0.043750
1 0.838281 0.814583 0.022500 0.037500
1 0.673438 0.804688 0.016875 0.013750
1 0.592187 0.809375 0.011250 0.025000
1 0.981250 0.805729 0.026250 0.028750
1 0.123438 0.803125 0.009375 0.022500
1 0.064062 0.810937 0.024375 0.041250
1 0.491406 0.834375 0.063750 0.100000
1 0.814453 0.827604 0.045937 0.086250
1 0.116016 0.795833 0.015938 0.010000
1 0.775391 0.835417 0.051562 0.107500
1 0.547266 0.821354 0.081562 0.073750
1 0.139844 0.808854 0.026250 0.043750
1 0.714063 0.795312 0.016875 0.013750
1 0.273828 0.797917 0.008437 0.020000
1 0.839063 0.791146 0.016875 0.016250
1 0.162500 0.803646 0.024375 0.046250
1 0.752344 0.818229 0.030000 0.083750
1 0.210938 0.792708 0.011250 0.022500
1 0.127344 0.787500 0.016875 0.012500
1 0.098047 0.817187 0.047812 0.083750
1 0.993906 0.791146 0.012188 0.023750
1 0.384375 0.786979 0.011250 0.013750
1 0.061328 0.786458 0.017813 0.012500
1 0.926562 0.785417 0.009375 0.015000
1 0.885156 0.833333 0.097500 0.132500
1 0.452344 0.797917 0.037500 0.047500
1 0.387500 0.816667 0.058125 0.092500
1 0.798047 0.795833 0.023438 0.045000
1 0.603906 0.786458 0.015000 0.022500
1 0.990234 0.782813 0.010312 0.021250
1 0.778516 0.788021 0.027187 0.036250
1 0.116406 0.780208 0.022500 0.020000
1 0.959375 0.787500 0.020625 0.045000
1 0.354687 0.789062 0.022500 0.048750
1 0.076172 0.781250 0.014063 0.030000
1 0.680859 0.812500 0.089063 0.107500
1 0.787109 0.776042 0.014063 0.022500
1 0.098047 0.772396 0.010312 0.016250
1 0.696875 0.778646 0.024375 0.033750
1 0.575000 0.795833 0.073125 0.077500
1 0.517578 0.775521 0.023438 0.028750
1 0.750391 0.776042 0.053437 0.032500
1 0.087891 0.777083 0.014063 0.035000
1 0.172266 0.775521 0.029062 0.036250
1 0.066797 0.766146 0.015938 0.013750
1 0.474219 0.777604 0.020625 0.043750
1 0.498047 0.772917 0.019688 0.037500
1 0.201953 0.782292 0.029062 0.060000
1 0.109766 0.767188 0.012188 0.023750
1 0.862109 0.774479 0.017813 0.043750
1 0.737500 0.760938 0.013125 0.011250
1 0.419922 0.800000 0.070312 0.105000
1 0.126562 0.763021 0.024375 0.018750
1 0.717969 0.777083 0.033750 0.055000
1 0.623828 0.759375 0.010312 0.012500
1 0.382812 0.771875 0.035625 0.042500
1 0.806250 0.769792 0.052500 0.040000
1 0.546484 0.779167 0.070312 0.062500
1 0.424219 0.755729 0.009375 0.016250
1 0.979688 0.753125 0.013125 0.012500
1 0.754297 0.756771 0.017813 0.021250
1 0.438672 0.753125 0.019688 0.012500
1 0.980312 0.771354 0.039375 0.058750
1 0.941016 0.797396 0.068437 0.121250
1 0.176563 0.751563 0.015000 0.013750
1 0.732031 0.748437 0.020625 0.013750
1 0.529297 0.755729 0.012188 0.031250
1 0.203516 0.756250 0.021562 0.032500
1 0.605469 0.759375 0.037500 0.045000
1 0.549609 0.748958 0.015938 0.020000
1 0.458594 0.757292 0.020625 0.042500
1 0.217969 0.750521 0.026250 0.028750
1 0.621875 0.742708 0.013125 0.015000
1 0.776953 0.751563 0.015938 0.041250
1 0.105469 0.742708 0.013125 0.020000
1 0.802734 0.751042 0.017813 0.042500
1 0.712891 0.743229 0.019688 0.023750
1 0.898047 0.772396 0.074063 0.096250
1 0.404297 0.747396 0.014063 0.036250
1 0.500391 0.746354 0.051562 0.036250
1 0.116406 0.735417 0.011250 0.015000
1 0.227734 0.735417 0.010312 0.017500
1 0.788281 0.738542 0.016875 0.030000
1 0.428125 0.734375 0.009375 0.025000
1 0.993906 0.731250 0.012188 0.020000
1 0.150000 0.758333 0.056250 0.085000
1 0.630469 0.732812 0.015000 0.028750
1 0.417969 0.741667 0.016875 0.050000
1 0.110937 0.725521 0.009375 0.011250
1 0.444141 0.734375 0.025312 0.035000
1 0.078516 0.725000 0.010312 0.017500
1 0.693750 0.737500 0.024375 0.055000
1 0.614062 0.726562 0.022500 0.028750
1 0.498437 0.722396 0.026250 0.018750
1 0.193359 0.722396 0.012188 0.018750
1 0.416016 0.718750 0.015938 0.017500
1 0.089063 0.722917 0.041250 0.030000
1 0.669531 0.714583 0.013125 0.020000
1 0.750781 0.731250 0.056250 0.062500
1 0.647266 0.810937 0.105937 0.256250
1 0.405078 0.715104 0.008437 0.026250
1 0.130469 0.733333 0.052500 0.070000
1 0.066797 0.714583 0.015938 0.025000
1 0.740234 0.711458 0.021562 0.025000
1 0.148828 0.711979 0.023438 0.026250
1 0.696094 0.705729 0.009375 0.016250
1 0.260547 0.722396 0.083437 0.058750
1 0.179297 0.734896 0.032813 0.088750
1 0.984531 0.723958 0.030937 0.070000
1 0.228125 0.696875 0.013125 0.010000
1 0.162500 0.695833 0.015000 0.012500
1 0.512891 0.704688 0.025312 0.036250
1 0.828125 0.738542 0.060000 0.125000
1 0.423047 0.696875 0.025312 0.027500
1 0.066406 0.693229 0.018750 0.023750
1 0.757031 0.694792 0.024375 0.032500
1 0.957422 0.726042 0.059062 0.112500
1 0.403516 0.691146 0.012188 0.028750
1 0.116797 0.685937 0.008437 0.016250
1 0.238672 0.682292 0.019688 0.020000
1 0.125781 0.683333 0.009375 0.022500
1 0.791406 0.681771 0.018750 0.023750
1 0.726562 0.702083 0.045000 0.075000
1 0.737109 0.675521 0.006563 0.018750
1 0.664844 0.692708 0.050625 0.062500
1 0.503125 0.676042 0.013125 0.022500
1 0.366406 0.671875 0.016875 0.015000
1 0.410938 0.673958 0.011250 0.022500
1 0.954297 0.667188 0.019688 0.011250
1 0.696875 0.666146 0.011250 0.011250
1 0.808203 0.678646 0.045937 0.043750
1 0.874609 0.710938 0.074063 0.123750
1 0.385547 0.682813 0.040313 0.056250
1 0.782813 0.666146 0.015000 0.018750
1 0.143359 0.664583 0.014063 0.015000
1 0.846484 0.677083 0.055313 0.050000
1 0.094922 0.661979 0.015938 0.013750
1 0.746484 0.667708 0.030937 0.030000
1 0.620313 0.685937 0.061875 0.081250
1 0.826172 0.657292 0.010312 0.022500
1 0.588672 0.657813 0.027187 0.026250
1 0.418750 0.663542 0.020625 0.040000
1 0.379297 0.653646 0.015938 0.021250
1 0.360938 0.651042 0.022500 0.015000
1 0.916406 0.648958 0.011250 0.015000
1 0.675391 0.659896 0.042188 0.041250
1 0.661719 0.648438 0.015000 0.013750
1 0.276562 0.651563 0.031875 0.023750
1 0.213672 0.650521 0.017813 0.021250
1 0.104297 0.659896 0.021562 0.043750
1 0.782813 0.647917 0.020625 0.017500
1 0.778125 0.684896 0.080625 0.111250
1 0.467578 0.655729 0.019688 0.041250
1 0.612891 0.643750 0.015938 0.015000
1 0.086328 0.647917 0.021562 0.025000
1 0.994844 0.642708 0.010312 0.015000
1 0.905859 0.683854 0.044062 0.113750
1 0.132812 0.655729 0.046875 0.048750
1 0.739062 0.644271 0.009375 0.023750
1 0.300781 0.785417 0.234375 0.365000
1 0.234766 0.635417 0.019688 0.010000
1 0.004687 0.639583 0.009375 0.020000
1 0.926172 0.636979 0.015938 0.021250
1 0.670703 0.635938 0.012188 0.018750
1 0.343750 0.633333 0.011250 0.012500
1 0.278125 0.638542 0.013125 0.030000
1 0.206250 0.636979 0.018750 0.028750
1 0.149609 0.632812 0.027187 0.021250
1 0.368359 0.633333 0.019688 0.025000
1 0.273438 0.630729 0.007500 0.023750
1 0.398438 0.639583 0.026250 0.047500
1 0.186719 0.683854 0.153750 0.156250
1 0.167578 0.632812 0.015938 0.036250
1 0.257422 0.631771 0.029062 0.036250
1 0.466016 0.624479 0.012188 0.021250
1 0.242188 0.621354 0.011250 0.016250
1 0.036719 0.642708 0.035625 0.067500
1 0.410547 0.628646 0.025312 0.041250
1 0.986406 0.621875 0.027187 0.035000
1 0.685547 0.628646 0.034687 0.051250
1 0.139453 0.614062 0.010312 0.018750
1 0.129688 0.623437 0.018750 0.041250
1 0.220312 0.612500 0.015000 0.027500
1 0.800781 0.632292 0.041250 0.080000
1 0.416406 0.604688 0.013125 0.013750
1 0.328906 0.605729 0.007500 0.016250
1 0.833203 0.626563 0.055313 0.071250
1 0.638672 0.642708 0.075938 0.110000
1 0.426563 0.615104 0.018750 0.043750
1 0.160156 0.606771 0.024375 0.023750
1 0.318359 0.603125 0.008437 0.017500
1 0.255469 0.610938 0.028125 0.041250
1 0.711719 0.609896 0.024375 0.041250
1 0.236328 0.605729 0.015938 0.031250
1 0.312109 0.606250 0.019688 0.035000
1 0.696484 0.598437 0.010312 0.018750
1 0.225000 0.596875 0.011250 0.017500
1 0.782813 0.595313 0.007500 0.016250
1 0.732422 0.597917 0.015938 0.027500
1 0.248438 0.592708 0.007500 0.015000
1 0.746875 0.654167 0.129375 0.165000
1 0.392188 0.608333 0.050625 0.057500
1 0.323047 0.591667 0.008437 0.020000
1 0.669531 0.596354 0.033750 0.036250
1 0.395703 0.586979 0.014063 0.013750
1 0.375781 0.593229 0.018750 0.036250
1 0.617578 0.595313 0.047812 0.043750
1 0.649219 0.586979 0.024375 0.026250
1 0.453516 0.594792 0.029062 0.047500
1 0.358203 0.605208 0.040313 0.072500
1 0.633594 0.583854 0.016875 0.026250
1 0.681641 0.587500 0.023438 0.037500
1 0.312500 0.582292 0.015000 0.025000
1 0.917188 0.572396 0.015000 0.013750
1 0.786328 0.574479 0.014063 0.018750
1 0.905469 0.580208 0.024375 0.037500
1 0.658984 0.573958 0.012188 0.025000
1 0.294141 0.572917 0.014063 0.025000
1 0.686719 0.571354 0.016875 0.023750
1 0.926953 0.564583 0.010312 0.012500
1 0.416797 0.570833 0.019688 0.032500
1 0.819922 0.560937 0.014063 0.011250
1 0.228906 0.564583 0.022500 0.022500
1 0.391406 0.576042 0.046875 0.052500
1 0.792188 0.557292 0.015000 0.020000
1 0.330078 0.599479 0.030937 0.121250
1 0.710938 0.570312 0.046875 0.053750
1 0.345313 0.554167 0.015000 0.017500
1 0.364844 0.557813 0.041250 0.031250
1 0.249219 0.567708 0.046875 0.060000
1 0.888672 0.605729 0.089063 0.153750
1 0.892188 0.543750 0.028125 0.025000
1 0.233984 0.531771 0.012188 0.011250
1 0.640234 0.552604 0.075938 0.068750
1 0.277734 0.615625 0.137813 0.222500
1 0.630859 0.530208 0.012188 0.020000
1 0.215625 0.531250 0.024375 0.022500
1 0.149219 0.530729 0.013125 0.021250
1 0.667188 0.528125 0.016875 0.025000
1 0.600781 0.527604 0.033750 0.023750
1 0.985000 0.529167 0.030000 0.030000
1 0.380859 0.534896 0.027187 0.046250
1 0.247266 0.521875 0.010312 0.015000
1 0.216016 0.517708 0.014063 0.012500
1 0.698047 0.544271 0.079687 0.081250
1 0.185938 0.515104 0.013125 0.016250
1 0.945703 0.513021 0.012188 0.013750
1 0.390234 0.515104 0.008437 0.018750
1 0.935156 0.534896 0.052500 0.068750
1 0.752734 0.550521 0.090937 0.106250
1 0.725000 0.513542 0.009375 0.022500
1 0.227344 0.514062 0.016875 0.023750
1 0.619141 0.511458 0.017813 0.022500
1 0.309766 0.508854 0.008437 0.016250
1 0.915234 0.500521 0.023438 0.018750
1 0.624609 0.503646 0.025312 0.026250
1 0.228516 0.497396 0.021562 0.016250
1 0.261328 0.502604 0.057188 0.041250
1 0.788672 0.485938 0.010312 0.018750
1 0.934375 0.495833 0.024375 0.045000
1 0.866797 0.483854 0.021562 0.031250
1 0.868359 0.473438 0.008437 0.013750
1 0.270703 0.477083 0.019688 0.027500
1 0.304297 0.518229 0.077812 0.128750
1 0.355078 0.470833 0.017813 0.020000
1 0.280469 0.472396 0.018750 0.028750
1 0.269531 0.465625 0.015000 0.015000
1 0.022266 0.470313 0.023438 0.028750
1 0.243750 0.475000 0.045000 0.047500
1 0.878906 0.472396 0.022500 0.043750
1 0.341797 0.461979 0.010312 0.021250
1 0.853516 0.457813 0.029062 0.028750
1 0.840625 0.446875 0.013125 0.015000
1 0.830078 0.459375 0.036562 0.045000
1 0.926172 0.438542 0.008437 0.017500
1 0.516016 0.438542 0.014063 0.017500
1 0.823828 0.435417 0.015938 0.017500
1 0.992969 0.428125 0.014063 0.017500
1 0.886328 0.426563 0.012188 0.013750
1 0.393359 0.426563 0.025312 0.038750
1 0.335547 0.414062 0.012188 0.028750
1 0.871484 0.407292 0.015938 0.017500
1 0.496094 0.417708 0.018750 0.047500
1 0.592578 0.406771 0.036562 0.028750
1 0.570312 0.401042 0.018750 0.017500
1 0.249609 0.421875 0.047812 0.077500
1 0.334375 0.395313 0.015000 0.016250
1 0.543359 0.449479 0.083437 0.148750
1 0.550391 0.390104 0.014063 0.016250
1 0.509375 0.391146 0.013125 0.021250
1 0.310547 0.388542 0.019688 0.015000
1 0.285156 0.386458 0.013125 0.015000
1 0.832422 0.382292 0.017813 0.012500
1 0.451172 0.385417 0.021562 0.042500
1 0.580469 0.370312 0.007500 0.018750
1 0.566797 0.381250 0.023438 0.045000
1 0.578516 0.352604 0.012188 0.016250
1 0.543750 0.349479 0.033750 0.016250
1 0.518359 0.352604 0.021562 0.043750
1 0.534375 0.357292 0.095625 0.082500
1 0.531250 0.332292 0.020625 0.022500
1 0.006094 0.329688 0.012188 0.018750
1 0.788672 0.329167 0.014063 0.020000
1 0.508594 0.334375 0.026250 0.035000
1 0.385156 0.324479 0.031875 0.036250
1 0.014063 0.317188 0.028125 0.021250
1 0.508984 0.310417 0.036562 0.025000
1 0.457813 0.306771 0.013125 0.016250
1 0.358984 0.317708 0.029062 0.045000
1 0.478906 0.311979 0.035625 0.038750
1 0.025391 0.286458 0.012188 0.015000
1 0.007969 0.293229 0.015938 0.031250
1 0.693359 0.289583 0.023438 0.025000
1 0.744922 0.287500 0.008437 0.022500
1 0.371875 0.288021 0.015000 0.023750
1 0.426172 0.292708 0.025312 0.045000
1 0.015625 0.286458 0.020625 0.032500
1 0.680078 0.275521 0.017813 0.023750
1 0.055469 0.274479 0.015000 0.031250
1 0.494531 0.510417 0.275625 0.600000
1 0.549609 0.267188 0.025312 0.018750
1 0.260547 0.260417 0.023438 0.015000
1 0.009844 0.259896 0.019688 0.026250
1 0.005156 0.244792 0.010312 0.020000
1 0.039844 0.263542 0.050625 0.077500
1 0.440625 0.248958 0.030000 0.055000
1 0.581250 0.227083 0.020625 0.015000
1 0.752344 0.222917 0.011250 0.017500
1 0.563672 0.203125 0.015938 0.022500
1 0.521094 0.201042 0.011250 0.035000
1 0.078906 0.187500 0.015000 0.032500
1 0.476562 0.173958 0.028125 0.027500
1 0.069922 0.179167 0.019688 0.057500
1 0.793750 0.147396 0.026250 0.023750
1 0.239453 0.144271 0.010312 0.018750
1 0.078516 0.137500 0.010312 0.017500
1 0.730469 0.141667 0.016875 0.030000
1 0.061328 0.142187 0.034687 0.046250
1 0.604688 0.121875 0.015000 0.015000
1 0.294141 0.126562 0.019688 0.028750
1 0.499609 0.128646 0.027187 0.043750
1 0.600000 0.113021 0.016875 0.013750
1 0.501563 0.110937 0.015000 0.016250
1 0.625391 0.107813 0.010312 0.013750
1 0.549219 0.149479 0.114375 0.131250
1 0.180078 0.103646 0.021562 0.026250
1 0.576562 0.097917 0.009375 0.017500
1 0.050781 0.094792 0.009375 0.017500
1 0.741797 0.092188 0.010312 0.013750
1 0.188281 0.099479 0.026250 0.031250
1 0.430078 0.086458 0.012188 0.012500
1 0.005625 0.090104 0.011250 0.021250
1 0.708203 0.087500 0.019688 0.017500
1 0.537891 0.094792 0.034687 0.035000
1 0.377344 0.088542 0.022500 0.022500
1 0.046875 0.082292 0.011250 0.015000
1 0.516016 0.087500 0.012188 0.030000
1 0.425000 0.070833 0.018750 0.017500
1 0.353125 0.069271 0.009375 0.013750
1 0.700000 0.070833 0.028125 0.025000
1 0.375391 0.069271 0.010312 0.021250
1 0.363672 0.066667 0.012188 0.015000
1 0.797656 0.068750 0.022500 0.025000
1 0.521875 0.066146 0.011250 0.018750
1 0.133594 0.068750 0.016875 0.035000
1 0.586719 0.060417 0.011250 0.022500
1 0.332031 0.067187 0.058125 0.051250
1 0.874219 0.046875 0.016875 0.020000
1 0.580859 0.052083 0.021562 0.032500
1 0.935547 0.046354 0.015938 0.021250
1 0.638672 0.050000 0.012188 0.035000
1 0.481250 0.039583 0.015000 0.015000
1 0.601953 0.040104 0.010312 0.018750
1 0.858203 0.036979 0.014063 0.021250
1 0.839063 0.038021 0.013125 0.023750
1 0.789453 0.031771 0.008437 0.016250
1 0.153516 0.030729 0.012188 0.016250
1 0.800781 0.028646 0.015000 0.016250
1 0.365234 0.039062 0.029062 0.043750
1 0.516406 0.030729 0.016875 0.033750
1 0.934375 0.024479 0.030000 0.028750
1 0.336328 0.020313 0.010312 0.018750
1 0.508984 0.022396 0.012188 0.028750
1 0.830078 0.028125 0.021562 0.050000
1 0.236328 0.029167 0.019688 0.052500
1 0.474609 0.015625 0.023438 0.030000
1 0.953125 0.011250 0.016875 0.022500
1 0.932813 0.011250 0.016875 0.022500
1 0.922266 0.011875 0.008437 0.023750
1 0.911328 0.008125 0.015938 0.016250
1 0.848828 0.023125 0.042188 0.046250
1 0.790625 0.025000 0.043125 0.050000
1 0.738672 0.098750 0.156562 0.197500
1 0.682813 0.009375 0.009375 0.018750
1 0.730938 0.446250 0.538125 0.892500
1 0.565234 0.063125 0.115312 0.126250
1 0.491016 0.016250 0.029062 0.032500
1 0.425000 0.051875 0.116250 0.103750
1 0.391406 0.024375 0.037500 0.048750
1 0.366016 0.011875 0.023438 0.023750
1 0.327734 0.034375 0.079687 0.068750
1 0.218750 0.015625 0.035625 0.031250
1 0.193359 0.018750 0.034687 0.037500
1 0.162109 0.015625 0.034687 0.031250
1 0.101172 0.011875 0.014063 0.023750
1 0.053906 0.011875 0.020625 0.023750
1 0.039453 0.011250 0.017813 0.022500
1 0.353906 0.487500 0.707812 0.975000
