1 0.359375 0.929688 0.033750 0.073750
1 0.258594 0.903125 0.058125 0.055000
1 0.315234 0.832292 0.006563 0.022500
1 0.398828 0.860417 0.105937 0.100000
1 0.925469 0.885625 0.149062 0.228750
1 0.320703 0.880208 0.104062 0.182500
1 0.316016 0.822917 0.042188 0.080000
1 0.579297 0.802083 0.045937 0.065000
1 0.230469 0.793229 0.060000 0.048750
1 0.288672 0.773958 0.044062 0.060000
1 0.333984 0.765625 0.042188 0.070000
1 0.416797 0.728125 0.051562 0.040000
1 0.199219 0.719271 0.052500 0.053750
1 0.189844 0.802500 0.379688 0.395000
1 0.568750 0.684896 0.045000 0.051250
1 0.469141 0.689583 0.032813 0.075000
1 0.527734 0.707812 0.100312 0.126250
1 0.669922 0.677604 0.042188 0.066250
1 0.283594 0.709896 0.067500 0.153750
1 0.585547 0.658333 0.019688 0.040000
1 0.356641 0.701042 0.171563 0.157500
1 0.282422 0.662500 0.057188 0.070000
1 0.526953 0.651563 0.038437 0.073750
1 0.246875 0.648438 0.039375 0.071250
1 0.565234 0.624479 0.008437 0.016250
1 0.447656 0.636458 0.045000 0.067500
1 0.289453 0.628646 0.062812 0.051250
1 0.559766 0.633333 0.040313 0.077500
1 0.355078 0.614062 0.053437 0.056250
1 0.504297 0.596354 0.051562 0.031250
1 0.401562 0.597917 0.033750 0.047500
1 0.211719 0.604688 0.043125 0.071250
1 0.536719 0.574479 0.063750 0.031250
1 0.325781 0.565104 0.018750 0.018750
1 0.630078 0.573438 0.027187 0.043750
1 0.580469 0.584375 0.039375 0.082500
1 0.328125 0.576562 0.052500 0.093750
1 0.296094 0.554167 0.061875 0.047500
1 0.381250 0.529687 0.016875 0.018750
1 0.404297 0.544792 0.034687 0.062500
1 0.431250 0.525521 0.024375 0.018750
1 0.451172 0.530208 0.025312 0.035000
1 0.391016 0.510938 0.008437 0.018750
1 0.344531 0.513542 0.013125 0.030000
1 0.374219 0.542188 0.056250 0.103750
1 0.326562 0.526042 0.024375 0.070000
1 0.742969 0.514583 0.056250 0.045000
1 0.533984 0.527083 0.081562 0.077500
1 0.705469 0.525000 0.052500 0.110000
1 0.584375 0.491667 0.039375 0.040000
1 0.548047 0.483854 0.045937 0.021250
1 0.470313 0.547917 0.163125 0.185000
1 0.357422 0.483854 0.042188 0.038750
1 0.653125 0.598437 0.178125 0.323750
1 0.406250 0.480208 0.022500 0.052500
1 0.517188 0.464062 0.022500 0.016250
1 0.767578 0.481771 0.055313 0.061250
1 0.503516 0.478125 0.053437 0.055000
1 0.439844 0.460938 0.030000 0.018750
1 0.586328 0.458854 0.029062 0.033750
1 0.411719 0.455729 0.031875 0.031250
1 0.385547 0.452604 0.030937 0.031250
1 0.356641 0.449479 0.014063 0.023750
1 0.636328 0.446875 0.027187 0.025000
1 0.571484 0.447396 0.014063 0.036250
1 0.546875 0.448958 0.043125 0.050000
1 0.657422 0.432292 0.019688 0.012500
1 0.345703 0.457292 0.047812 0.090000
1 0.631641 0.433333 0.019688 0.035000
1 0.644922 0.423438 0.008437 0.023750
1 0.430469 0.425000 0.028125 0.032500
1 0.582031 0.428125 0.037500 0.047500
1 0.405859 0.414583 0.012188 0.015000
1 0.787891 0.433854 0.038437 0.063750
1 0.487891 0.446354 0.107813 0.111250
1 0.493359 0.403125 0.021562 0.012500
1 0.558984 0.409896 0.010312 0.031250
1 0.681250 0.420312 0.033750 0.073750
1 0.619141 0.427604 0.044062 0.103750
1 0.357812 0.414583 0.105000 0.072500
1 0.711719 0.431771 0.095625 0.121250
1 0.464844 0.395313 0.018750 0.038750
1 0.520703 0.395833 0.038437 0.055000
1 0.405078 0.387500 0.015938 0.045000
1 0.587500 0.375000 0.016875 0.020000
1 0.710547 0.387500 0.044062 0.052500
1 0.664062 0.383333 0.018750 0.057500
1 0.478516 0.378125 0.012188 0.045000
1 0.732812 0.361979 0.024375 0.011250
1 0.494922 0.370833 0.019688 0.035000
1 0.561719 0.384896 0.052500 0.076250
1 0.454297 0.365625 0.034687 0.037500
1 0.414062 0.354687 0.054375 0.066250
1 0.676562 0.350521 0.048750 0.066250
1 0.598437 0.356250 0.061875 0.082500
1 0.478906 0.335417 0.061875 0.050000
1 0.535937 0.324479 0.060000 0.071250
1 0.792188 0.348438 0.112500 0.143750
1 0.698438 0.309375 0.056250 0.052500
1 0.840234 0.325521 0.083437 0.098750
1 0.635938 0.344792 0.048750 0.145000
1 0.851562 0.294271 0.054375 0.048750
1 0.739844 0.317188 0.067500 0.108750
1 0.606250 0.261458 0.052500 0.057500
1 0.772266 0.267708 0.038437 0.075000
1 0.714063 0.254688 0.061875 0.048750
1 0.553516 0.259375 0.045937 0.070000
1 0.516797 0.258333 0.036562 0.072500
1 0.382812 0.216146 0.018750 0.008750
1 0.624609 0.221875 0.012188 0.025000
1 0.654687 0.245312 0.041250 0.096250
1 0.573438 0.214062 0.037500 0.028750
1 0.619531 0.200521 0.009375 0.021250
1 0.681641 0.212500 0.044062 0.065000
1 0.646094 0.210417 0.035625 0.067500
1 0.569141 0.203125 0.049687 0.057500
1 0.608203 0.198958 0.040313 0.072500
1 0.389062 0.184896 0.043125 0.061250
1 0.646484 0.159896 0.060937 0.048750
1 0.738281 0.173437 0.090000 0.088750
1 0.608203 0.136458 0.030937 0.067500
1 0.574609 0.134375 0.042188 0.062500
1 0.752734 0.131250 0.034687 0.075000
1 0.685156 0.098958 0.050625 0.060000
1 0.727344 0.089583 0.045000 0.067500
1 0.869688 0.148125 0.260625 0.296250
