1 0.564844 0.959896 0.035625 0.066250
1 0.504297 0.911458 0.038437 0.052500
1 0.643750 0.902083 0.043125 0.047500
1 0.453906 0.882812 0.031875 0.061250
1 0.534766 0.857812 0.029062 0.058750
1 0.586328 0.903646 0.074063 0.173750
1 0.514062 0.839063 0.015000 0.028750
1 0.561328 0.815625 0.045937 0.040000
1 0.511719 0.806771 0.016875 0.048750
1 0.646875 0.832292 0.073125 0.122500
1 0.415625 0.800000 0.041250 0.045000
1 0.480859 0.788542 0.027187 0.065000
1 0.467187 0.782292 0.061875 0.107500
1 0.507031 0.801042 0.043125 0.165000
1 0.595313 0.729688 0.041250 0.036250
1 0.451172 0.704688 0.057188 0.046250
1 0.512109 0.706250 0.030937 0.062500
1 0.552344 0.734896 0.078750 0.148750
1 0.614062 0.672396 0.039375 0.051250
1 0.533594 0.662500 0.030000 0.032500
1 0.727734 0.664062 0.053437 0.038750
1 0.470703 0.689063 0.062812 0.103750
1 0.578125 0.652083 0.031875 0.062500
1 0.646875 0.650000 0.076875 0.065000
1 0.682422 0.636979 0.047812 0.041250
1 0.483203 0.641667 0.089063 0.087500
1 0.438281 0.616667 0.026250 0.062500
1 0.494922 0.593750 0.015938 0.015000
1 0.507031 0.614062 0.045000 0.076250
1 0.436719 0.594271 0.030000 0.028750
1 0.637891 0.619271 0.030937 0.103750
1 0.537891 0.584375 0.021562 0.030000
1 0.596875 0.584375 0.037500 0.042500
1 0.675781 0.572396 0.018750 0.018750
1 0.511328 0.571354 0.032813 0.048750
1 0.530469 0.558333 0.011250 0.025000
1 0.564063 0.598958 0.095625 0.150000
1 0.479297 0.565104 0.068437 0.073750
1 0.428516 0.577083 0.064687 0.102500
1 0.711719 0.555208 0.067500 0.070000
1 0.477344 0.534896 0.024375 0.021250
1 0.476953 0.523438 0.015938 0.011250
1 0.451953 0.527083 0.025312 0.045000
1 0.735547 0.518750 0.027187 0.067500
1 0.577734 0.514583 0.040313 0.062500
1 0.541406 0.484375 0.009375 0.020000
1 0.471484 0.480208 0.029062 0.032500
1 0.442188 0.489583 0.052500 0.060000
1 0.535156 0.467708 0.028125 0.025000
1 0.556641 0.475000 0.034687 0.052500
1 0.579688 0.457292 0.018750 0.012500
1 0.530078 0.499479 0.141562 0.118750
1 0.626953 0.461979 0.040313 0.068750
1 0.526172 0.447917 0.040313 0.035000
1 0.701172 0.420312 0.021562 0.013750
1 0.483203 0.432292 0.062812 0.050000
1 0.577734 0.417187 0.030937 0.036250
1 0.351953 0.407292 0.045937 0.037500
1 0.546484 0.413542 0.049687 0.067500
1 0.668750 0.496354 0.185625 0.278750
1 0.504297 0.388021 0.045937 0.066250
1 0.699609 0.389062 0.057188 0.076250
1 0.626563 0.378125 0.045000 0.067500
1 0.547266 0.366146 0.040313 0.048750
1 0.713672 0.359375 0.040313 0.050000
1 0.566406 0.359375 0.028125 0.052500
1 0.462891 0.359375 0.029062 0.060000
1 0.611719 0.332813 0.031875 0.023750
1 0.587891 0.336979 0.025312 0.033750
1 0.632031 0.332292 0.015000 0.037500
1 0.487500 0.334375 0.033750 0.067500
1 0.717187 0.319271 0.048750 0.043750
1 0.605078 0.302604 0.047812 0.041250
1 0.564063 0.307812 0.031875 0.063750
1 0.484766 0.288542 0.014063 0.040000
1 0.524219 0.292187 0.031875 0.061250
1 0.710156 0.278125 0.041250 0.042500
1 0.475000 0.287500 0.026250 0.065000
1 0.501172 0.269271 0.021562 0.038750
1 0.604297 0.259375 0.036562 0.057500
1 0.653906 0.309375 0.069375 0.182500
1 0.494531 0.246875 0.024375 0.042500
1 0.552734 0.248958 0.044062 0.070000
1 0.453906 0.232813 0.041250 0.038750
1 0.621875 0.215104 0.033750 0.038750
1 0.473438 0.216667 0.039375 0.042500
1 0.541797 0.226562 0.066562 0.076250
1 0.591016 0.211458 0.042188 0.052500
1 0.681641 0.228646 0.104062 0.111250
1 0.506641 0.202604 0.040313 0.053750
1 0.632812 0.176563 0.043125 0.051250
1 0.696484 0.172396 0.075938 0.056250
1 0.569922 0.144792 0.081562 0.055000
1 0.692187 0.135417 0.045000 0.045000
1 0.505859 0.132292 0.032813 0.067500
1 0.565234 0.105208 0.032813 0.055000
1 0.528125 0.100521 0.031875 0.068750
