1 0.901875 0.995004 0.010500 0.009992
1 0.476875 0.995004 0.013500 0.009992
1 0.279687 0.994505 0.018750 0.010991
1 0.752812 0.994005 0.012750 0.011990
1 0.356563 0.994172 0.012750 0.009992
1 0.174375 0.994005 0.013500 0.011990
1 0.004125 0.994005 0.008250 0.011990
1 0.835313 0.993755 0.012750 0.010991
1 0.393437 0.993339 0.008250 0.011990
1 0.810937 0.992506 0.014250 0.014988
1 0.409687 0.992506 0.011250 0.014988
1 0.016563 0.992506 0.017250 0.014988
1 0.977812 0.992007 0.008250 0.015987
1 0.497500 0.992007 0.013500 0.015987
1 0.443125 0.992007 0.033000 0.015987
1 0.262188 0.991507 0.014250 0.016986
1 0.721562 0.991007 0.012750 0.017985
1 0.938125 0.990008 0.009000 0.013988
1 0.862187 0.990508 0.014250 0.018984
1 0.799063 0.990841 0.008250 0.015987
1 0.782500 0.990508 0.016500 0.018984
1 0.150938 0.990508 0.014250 0.018984
1 0.101562 0.990508 0.012750 0.018984
1 0.065625 0.990508 0.021000 0.018984
1 0.601875 0.987510 0.010500 0.009992
1 0.584063 0.990008 0.015750 0.019983
1 0.566875 0.990008 0.022500 0.019983
1 0.383125 0.989176 0.013500 0.013988
1 0.162500 0.990425 0.012000 0.016986
1 0.631875 0.989509 0.012000 0.020983
1 0.507812 0.988343 0.008250 0.013988
1 0.427500 0.989176 0.007500 0.015987
1 0.086563 0.988759 0.020250 0.014988
1 0.910937 0.988759 0.021750 0.016986
1 0.050937 0.989509 0.017250 0.020983
1 0.870313 0.984596 0.009750 0.010991
1 0.876563 0.986261 0.008250 0.016986
1 0.822500 0.987011 0.016500 0.025978
1 0.712187 0.987927 0.020250 0.022981
1 0.186562 0.987011 0.021750 0.025978
1 0.988375 0.987510 0.023250 0.024979
1 0.500313 0.983347 0.009750 0.013988
1 0.445312 0.981682 0.014250 0.009992
1 0.851875 0.983347 0.015000 0.015987
1 0.324688 0.985012 0.014250 0.019983
1 0.214688 0.986012 0.021750 0.027977
1 0.201563 0.984596 0.014250 0.018984
1 0.575625 0.980017 0.010500 0.009992
1 0.244062 0.982515 0.005250 0.015987
1 0.124688 0.985512 0.041250 0.028976
1 0.968125 0.984513 0.019500 0.030974
1 0.545312 0.982098 0.015750 0.018984
1 0.007875 0.981266 0.015750 0.016986
1 0.838125 0.980017 0.021000 0.015987
1 0.481563 0.983764 0.017250 0.024979
1 0.262813 0.980017 0.009750 0.015987
1 0.105313 0.979184 0.009750 0.013988
1 0.862187 0.977519 0.006750 0.011990
1 0.339375 0.983514 0.022500 0.032973
1 0.238437 0.977935 0.006750 0.012989
1 0.370937 0.982098 0.014250 0.024979
1 0.888125 0.982515 0.019500 0.034971
1 0.788438 0.980017 0.033750 0.021982
1 0.301875 0.982015 0.048000 0.035970
1 0.030312 0.976686 0.014250 0.015987
1 0.620000 0.974188 0.007500 0.011990
1 0.065000 0.982931 0.033000 0.032973
1 0.923438 0.973356 0.009750 0.011990
1 0.178125 0.973772 0.012000 0.012989
1 0.939375 0.976270 0.012000 0.020983
1 0.806875 0.975437 0.009000 0.022981
1 0.604062 0.974604 0.015750 0.020983
1 0.874375 0.971690 0.019500 0.015987
1 0.532500 0.980017 0.018000 0.039967
1 0.413438 0.972939 0.008250 0.018984
1 0.385625 0.970441 0.010500 0.014988
1 0.815000 0.974604 0.009000 0.026978
1 0.464375 0.975853 0.027000 0.029975
1 0.379375 0.972939 0.010500 0.022981
1 0.783750 0.968776 0.012000 0.014988
1 0.613437 0.972107 0.011250 0.022981
1 0.504375 0.965445 0.012000 0.006994
1 0.989688 0.968360 0.014250 0.015987
1 0.423750 0.967111 0.010500 0.012989
1 0.084687 0.971690 0.012750 0.023980
1 0.229063 0.976520 0.032250 0.046961
1 0.054688 0.967527 0.011250 0.015987
1 0.825000 0.969609 0.012000 0.022981
1 0.360000 0.965862 0.016500 0.013988
1 0.907188 0.972107 0.030750 0.030974
1 0.690312 0.966694 0.014250 0.017985
1 0.683750 0.975520 0.051000 0.048959
1 0.979375 0.964197 0.007500 0.013988
1 0.395937 0.970025 0.026250 0.027977
1 0.345938 0.972939 0.030750 0.034971
1 0.325000 0.968360 0.019500 0.025978
1 0.250625 0.969192 0.012000 0.027977
1 0.094687 0.962948 0.009750 0.012989
1 0.021875 0.962531 0.010500 0.011990
1 0.972500 0.965029 0.015000 0.019983
1 0.927813 0.965445 0.014250 0.020983
1 0.314375 0.963780 0.015000 0.016986
1 0.578125 0.966278 0.021000 0.024979
1 0.593437 0.969192 0.020250 0.033972
1 0.303438 0.962115 0.009750 0.016986
1 0.204687 0.967527 0.020250 0.031973
1 0.495625 0.963780 0.015000 0.024979
1 0.350000 0.957119 0.009000 0.008993
1 0.241250 0.961282 0.013500 0.018984
1 0.166875 0.960033 0.015000 0.015987
1 0.119375 0.965862 0.024000 0.029975
1 0.870938 0.960866 0.018750 0.019983
1 0.149062 0.968776 0.051750 0.038968
1 0.287187 0.961699 0.014250 0.023980
1 0.855625 0.959617 0.016500 0.022981
1 0.797813 0.959617 0.018750 0.024979
1 0.791250 0.955870 0.012000 0.015987
1 0.756563 0.971024 0.069750 0.057952
1 0.770938 0.957535 0.014250 0.019983
1 0.086563 0.955037 0.009750 0.013988
1 0.751563 0.960450 0.035250 0.028976
1 0.014375 0.953789 0.021000 0.012989
1 0.553750 0.968526 0.039000 0.062948
1 0.479063 0.960450 0.011250 0.030974
1 0.807813 0.951291 0.014250 0.010991
1 0.492812 0.952540 0.026250 0.013988
1 0.448125 0.954205 0.022500 0.017985
1 0.638125 0.955870 0.009000 0.023980
1 0.184375 0.954621 0.013500 0.020983
1 0.912813 0.951707 0.017250 0.015987
1 0.318125 0.951291 0.018000 0.014988
1 0.430000 0.955454 0.016500 0.026978
1 0.096562 0.965445 0.027750 0.050958
1 0.840938 0.952540 0.015750 0.021982
1 0.546875 0.957952 0.019500 0.034971
1 0.515625 0.968776 0.036000 0.060949
1 0.343438 0.950458 0.012750 0.016986
1 0.063437 0.955454 0.014250 0.028976
1 0.660000 0.948793 0.012000 0.014988
1 0.824688 0.951291 0.023250 0.022981
1 0.977187 0.946711 0.012750 0.013988
1 0.242812 0.946711 0.021750 0.013988
1 0.184688 0.961282 0.035250 0.048959
1 0.162500 0.947127 0.016500 0.014988
1 0.872812 0.946711 0.012750 0.015987
1 0.464062 0.955037 0.030750 0.035970
1 0.366875 0.948376 0.022500 0.021982
1 0.359375 0.944629 0.007500 0.012989
1 0.289375 0.945046 0.013500 0.013988
1 0.447500 0.942548 0.013500 0.009992
1 0.961250 0.952123 0.015000 0.034971
1 0.958438 0.941299 0.008250 0.008993
1 0.641250 0.962531 0.054000 0.074938
1 0.597500 0.942548 0.009000 0.011990
1 0.411875 0.951291 0.024000 0.034971
1 0.944688 0.953789 0.029250 0.042964
1 0.816562 0.942964 0.015750 0.016986
1 0.778750 0.943797 0.019500 0.018984
1 0.383437 0.942964 0.009750 0.016986
1 0.738437 0.947544 0.015750 0.029975
1 0.675000 0.945462 0.018000 0.024979
1 0.561250 0.941715 0.015000 0.015987
1 0.427812 0.939217 0.011250 0.009992
1 0.143437 0.941299 0.006750 0.014988
1 0.922500 0.943797 0.012000 0.024979
1 0.903438 0.941715 0.018750 0.019983
1 0.829688 0.936719 0.011250 0.007993
1 0.482187 0.937552 0.008250 0.009992
1 0.952812 0.946295 0.011250 0.032973
1 0.270937 0.954621 0.036750 0.052956
1 0.206250 0.949625 0.033000 0.042964
1 0.226875 0.943797 0.022500 0.030974
1 0.972187 0.937968 0.015750 0.018984
1 0.724063 0.951707 0.027750 0.051957
1 0.712187 0.941299 0.026250 0.026978
1 0.493750 0.937968 0.022500 0.018984
1 0.463125 0.936719 0.019500 0.015987
1 0.136250 0.939217 0.016500 0.021982
1 0.087500 0.937552 0.010500 0.017985
1 0.988437 0.944629 0.021750 0.038968
1 0.861250 0.940883 0.015000 0.029975
1 0.695000 0.944213 0.030000 0.037968
1 0.519687 0.935887 0.020250 0.017985
1 0.505938 0.937552 0.014250 0.023980
1 0.257812 0.933389 0.008250 0.013988
1 0.992188 0.932973 0.014250 0.014988
1 0.752812 0.940050 0.026250 0.031973
1 0.678438 0.931307 0.012750 0.010991
1 0.039375 0.952540 0.040500 0.063947
1 0.364063 0.930891 0.015750 0.013988
1 0.483750 0.929226 0.016500 0.011990
1 0.295938 0.931307 0.015750 0.016986
1 0.127188 0.940883 0.024750 0.039967
1 0.833750 0.927977 0.009000 0.010991
1 0.722500 0.930475 0.015000 0.016986
1 0.596875 0.928809 0.010500 0.012989
1 0.204375 0.927560 0.015000 0.009992
1 0.848125 0.933805 0.022500 0.026978
1 0.888125 0.945878 0.018000 0.057952
1 0.409687 0.929226 0.011250 0.017985
1 0.513750 0.921316 0.009000 0.006994
1 0.154062 0.926728 0.014250 0.019983
1 0.970313 0.923813 0.024750 0.014988
1 0.248750 0.925062 0.007500 0.017985
1 0.283125 0.924646 0.013500 0.018984
1 0.086563 0.922981 0.011250 0.014988
1 0.868125 0.922981 0.013500 0.016986
1 0.661563 0.925062 0.021750 0.021982
1 0.477187 0.921732 0.005250 0.013988
1 0.419375 0.925479 0.012000 0.022981
1 0.350938 0.924646 0.008250 0.020983
1 0.103750 0.922565 0.009000 0.015987
1 0.705937 0.922148 0.015750 0.016986
1 0.333125 0.919650 0.012000 0.010991
1 0.797500 0.919234 0.013500 0.011990
1 0.081562 0.920483 0.009750 0.014988
1 0.009375 0.932973 0.018750 0.044963
1 0.743125 0.920899 0.022500 0.017985
1 0.694375 0.921732 0.012000 0.021982
1 0.540312 0.925062 0.026250 0.029975
1 0.240625 0.922565 0.010500 0.023980
1 0.110312 0.933805 0.029250 0.050958
1 0.904062 0.921732 0.029250 0.023980
1 0.647188 0.920483 0.020250 0.020983
1 0.364687 0.915903 0.009750 0.011990
1 0.787500 0.915071 0.009000 0.011990
1 0.501250 0.917569 0.009000 0.017985
1 0.729375 0.914654 0.006000 0.012989
1 0.094062 0.918818 0.009750 0.022981
1 0.038437 0.915903 0.015750 0.015987
1 0.932187 0.920483 0.020250 0.028976
1 0.721562 0.915487 0.015750 0.018984
1 0.948438 0.920483 0.023250 0.032973
1 0.771563 0.920483 0.024750 0.032973
1 0.754375 0.913405 0.012000 0.015987
1 0.120625 0.913405 0.007500 0.015987
1 0.666250 0.911324 0.018000 0.012989
1 0.270000 0.920067 0.016500 0.033972
1 0.922813 0.916320 0.024750 0.026978
1 0.872812 0.910491 0.014250 0.012989
1 0.146563 0.919650 0.030750 0.034971
1 0.617812 0.932140 0.032250 0.066944
1 0.578438 0.931307 0.026250 0.064946
1 0.396875 0.908410 0.012000 0.011990
1 0.026875 0.910908 0.010500 0.017985
1 0.374063 0.916320 0.023250 0.032973
1 0.279062 0.909242 0.015750 0.015987
1 0.774062 0.907161 0.012750 0.012989
1 0.712500 0.907993 0.006000 0.016986
1 0.192188 0.906744 0.011250 0.013988
1 0.132812 0.911740 0.017250 0.027977
1 0.852812 0.912573 0.020250 0.031973
1 0.513750 0.905495 0.024000 0.014988
1 0.319063 0.926311 0.053250 0.064946
1 0.791562 0.906744 0.018750 0.019983
1 0.114062 0.904663 0.009750 0.014988
1 0.012750 0.912989 0.025500 0.034971
1 0.935000 0.900500 0.013500 0.008993
1 0.685937 0.907161 0.020250 0.024979
1 0.986875 0.910908 0.026250 0.035970
1 0.811562 0.922148 0.041250 0.062948
1 0.689688 0.911740 0.044250 0.037968
1 0.283125 0.898834 0.012000 0.008993
1 0.253750 0.908410 0.028500 0.031973
1 0.412500 0.904246 0.022500 0.023980
1 0.302812 0.900083 0.009750 0.013988
1 0.163438 0.900500 0.015750 0.014988
1 0.881250 0.918401 0.019500 0.059950
1 0.753437 0.900083 0.012750 0.015987
1 0.322500 0.902998 0.012000 0.022981
1 0.230625 0.912573 0.028500 0.045962
1 0.188750 0.918401 0.060000 0.059950
1 0.604375 0.905495 0.031500 0.032973
1 0.959688 0.905912 0.041250 0.035970
1 0.779062 0.895504 0.012750 0.010991
1 0.024063 0.898834 0.033750 0.018984
1 0.843750 0.905079 0.027000 0.035970
1 0.229687 0.896753 0.006750 0.015987
1 0.695000 0.893006 0.016500 0.008993
1 0.570000 0.897169 0.007500 0.018984
1 0.373125 0.895087 0.010500 0.013988
1 0.082500 0.900083 0.021000 0.025978
1 0.481563 0.905912 0.029250 0.041965
1 0.930937 0.891341 0.006750 0.008993
1 0.871875 0.895504 0.018000 0.018984
1 0.386875 0.919650 0.033000 0.078934
1 0.183125 0.893422 0.018000 0.019983
1 0.011562 0.889675 0.015750 0.012989
1 0.989875 0.892173 0.020250 0.022981
1 0.886250 0.886761 0.015000 0.009992
1 0.313125 0.890092 0.015000 0.017985
1 0.343125 0.896753 0.015000 0.035970
1 0.224688 0.891757 0.018750 0.023980
1 0.898750 0.898002 0.016500 0.040966
1 0.176875 0.888426 0.015000 0.019983
1 0.390313 0.885096 0.012750 0.013988
1 0.041875 0.884263 0.006000 0.011990
1 0.121563 0.887594 0.018750 0.021982
1 0.915000 0.893006 0.025500 0.036969
1 0.721562 0.883014 0.009750 0.012989
1 0.363438 0.887594 0.014250 0.023980
1 0.090938 0.887177 0.012750 0.022981
1 0.940625 0.887177 0.018000 0.024979
1 0.535312 0.882598 0.009750 0.013988
1 0.138125 0.892590 0.022500 0.037968
1 0.760938 0.883430 0.021750 0.017985
1 0.213438 0.881349 0.012750 0.012989
1 0.974688 0.883430 0.012750 0.021982
1 0.957187 0.881349 0.023250 0.016986
1 0.823438 0.893422 0.026250 0.045962
1 0.358438 0.890508 0.020250 0.040966
1 0.806562 0.880100 0.015750 0.017985
1 0.299687 0.884679 0.026250 0.028976
1 0.102188 0.890092 0.026250 0.043963
1 0.780312 0.874688 0.008250 0.008993
1 0.334375 0.890508 0.028500 0.048959
1 0.317188 0.875937 0.011250 0.013988
1 0.006375 0.874688 0.012750 0.010991
1 0.675312 0.886345 0.060750 0.040966
1 0.280000 0.873855 0.009000 0.010991
1 0.233437 0.874271 0.012750 0.013988
1 0.478438 0.873439 0.011250 0.013988
1 0.219688 0.875937 0.011250 0.019983
1 0.144375 0.873439 0.013500 0.013988
1 0.936250 0.870108 0.010500 0.009992
1 0.470625 0.876353 0.012000 0.024979
1 0.108438 0.870108 0.012750 0.009992
1 0.026250 0.879267 0.036000 0.031973
1 0.867500 0.877602 0.018000 0.029975
1 0.366563 0.871774 0.012750 0.015987
1 0.064375 0.916320 0.061500 0.122898
1 0.919063 0.870941 0.017250 0.015987
1 0.170313 0.872190 0.030750 0.020983
1 0.721250 0.868859 0.015000 0.014988
1 0.383125 0.873439 0.025500 0.025978
1 0.224375 0.868859 0.012000 0.014988
1 0.034688 0.867194 0.011250 0.010991
1 0.991875 0.869692 0.012000 0.018984
1 0.955625 0.869276 0.016500 0.017985
1 0.802813 0.870108 0.035250 0.019983
1 0.737187 0.884263 0.050250 0.053955
1 0.879062 0.866361 0.006750 0.012989
1 0.788750 0.866778 0.019500 0.013988
1 0.968750 0.867610 0.015000 0.019983
1 0.951562 0.864280 0.014250 0.011990
1 0.633125 0.890508 0.033000 0.074938
1 0.302812 0.865529 0.009750 0.014988
1 0.065312 0.863447 0.012750 0.009992
1 0.609688 0.860533 0.014250 0.006994
1 0.592500 0.878435 0.051000 0.049958
1 0.691562 0.863031 0.015750 0.014988
1 0.550625 0.862614 0.016500 0.013988
1 0.286562 0.863863 0.014250 0.016986
1 0.090000 0.865945 0.010500 0.021982
1 0.665312 0.870525 0.032250 0.034971
1 0.786875 0.859284 0.007500 0.009992
1 0.556562 0.883014 0.044250 0.068943
1 0.199687 0.874688 0.039750 0.048959
1 0.644687 0.858451 0.012750 0.011990
1 0.327813 0.858035 0.014250 0.010991
1 0.257500 0.865112 0.010500 0.027977
1 0.080000 0.863447 0.009000 0.023980
1 0.315937 0.856370 0.011250 0.008993
1 0.054375 0.857619 0.012000 0.011990
1 0.139375 0.858868 0.010500 0.018984
1 0.102500 0.858035 0.019500 0.016986
1 0.014687 0.857619 0.014250 0.015987
1 0.719063 0.855537 0.009750 0.016986
1 0.244375 0.857619 0.010500 0.021982
1 0.232500 0.857619 0.016500 0.021982
1 0.215625 0.855121 0.022500 0.015987
1 0.992812 0.855121 0.014250 0.017985
1 0.961875 0.853039 0.012000 0.012989
1 0.975000 0.853872 0.012000 0.016986
1 0.184688 0.850541 0.011250 0.008993
1 0.818438 0.855121 0.018750 0.021982
1 0.598750 0.852206 0.012000 0.014988
1 0.448437 0.890924 0.050250 0.107910
1 0.006000 0.858035 0.012000 0.028976
1 0.617812 0.854704 0.015750 0.022981
1 0.980938 0.859700 0.015750 0.036969
1 0.969688 0.848460 0.009750 0.009992
1 0.845313 0.873022 0.042750 0.070941
1 0.314688 0.847211 0.008250 0.008993
1 0.887188 0.863447 0.026250 0.049958
1 0.152188 0.857619 0.030750 0.035970
1 0.033750 0.853455 0.010500 0.025978
1 0.371250 0.850958 0.012000 0.021982
1 0.161875 0.847627 0.010500 0.013988
1 0.922188 0.846378 0.011250 0.014988
1 0.909062 0.855537 0.029250 0.036969
1 0.848750 0.851374 0.013500 0.026978
1 0.630938 0.849709 0.017250 0.022981
1 0.576875 0.845962 0.007500 0.013988
1 0.505625 0.867610 0.051000 0.065945
1 0.134375 0.844296 0.013500 0.009992
1 0.947187 0.847211 0.011250 0.018984
1 0.103125 0.845545 0.012000 0.014988
1 0.712187 0.865112 0.039750 0.063947
1 0.077500 0.844713 0.007500 0.014988
1 0.865313 0.843880 0.006750 0.014988
1 0.728437 0.843047 0.009750 0.012989
1 0.176563 0.843047 0.011250 0.012989
1 0.051562 0.845545 0.006750 0.018984
1 0.684688 0.843464 0.009750 0.015987
1 0.644062 0.844713 0.014250 0.018984
1 0.610313 0.841799 0.008250 0.013988
1 0.338438 0.840133 0.017250 0.009992
1 0.621250 0.842631 0.013500 0.017985
1 0.404375 0.841799 0.006000 0.015987
1 0.384688 0.846794 0.018750 0.027977
1 0.709375 0.840966 0.009000 0.015987
1 0.829375 0.838468 0.013500 0.011990
1 0.040000 0.844713 0.018000 0.026978
1 0.738437 0.845129 0.015750 0.029975
1 0.120625 0.856370 0.030000 0.056953
1 0.011250 0.840133 0.021000 0.017985
1 0.818750 0.839301 0.016500 0.017985
1 0.395313 0.841382 0.014250 0.022981
1 0.227813 0.837635 0.008250 0.013988
1 0.881250 0.840550 0.018000 0.022981
1 0.698750 0.845545 0.018000 0.034971
1 0.220312 0.836386 0.009750 0.012989
1 0.840625 0.838884 0.006000 0.020983
1 0.232500 0.840550 0.024000 0.024979
1 0.354063 0.851374 0.038250 0.052956
1 0.131875 0.834305 0.012000 0.011990
1 0.980000 0.836803 0.018000 0.019983
1 0.568750 0.834721 0.009000 0.014988
1 0.165313 0.835554 0.015750 0.016986
1 0.748125 0.846378 0.019500 0.044963
1 0.685937 0.832223 0.011250 0.010991
1 0.664375 0.846794 0.048000 0.045962
1 0.902500 0.832639 0.010500 0.013988
1 0.766250 0.839301 0.016500 0.029975
1 0.372812 0.833888 0.009750 0.016986
1 0.105000 0.833472 0.016500 0.015987
1 0.069062 0.844296 0.018750 0.041965
1 0.978125 0.829725 0.007500 0.008993
1 0.779062 0.845129 0.018750 0.045962
1 0.303125 0.845129 0.034500 0.045962
1 0.197500 0.842215 0.021000 0.038968
1 0.089688 0.839301 0.021750 0.031973
1 0.797500 0.842631 0.030000 0.043963
1 0.558125 0.836803 0.010500 0.031973
1 0.264062 0.858451 0.066750 0.087927
1 0.965313 0.832223 0.017250 0.026978
1 0.184062 0.830142 0.017250 0.021982
1 0.932187 0.843464 0.030750 0.055953
1 0.711562 0.827644 0.014250 0.017985
1 0.950313 0.830142 0.018750 0.025978
1 0.614375 0.827227 0.016500 0.022981
1 0.336250 0.825146 0.013500 0.017985
1 0.231875 0.822648 0.009000 0.011990
1 0.019375 0.825146 0.021000 0.017985
1 0.911875 0.828476 0.013500 0.027977
1 0.813125 0.825562 0.013500 0.024979
1 0.277813 0.823064 0.011250 0.018984
1 0.210313 0.834305 0.018750 0.045962
1 0.005000 0.822231 0.007500 0.016986
1 0.564688 0.820150 0.008250 0.013988
1 0.729062 0.824729 0.024750 0.028976
1 0.155938 0.829309 0.014250 0.039967
1 0.065312 0.820150 0.014250 0.017985
1 0.865313 0.822648 0.023250 0.027977
1 0.184062 0.816403 0.015750 0.014988
1 0.990313 0.813072 0.009750 0.008993
1 0.320000 0.820983 0.034500 0.027977
1 0.267500 0.823064 0.018000 0.032973
1 0.297812 0.819317 0.020250 0.025978
1 0.975625 0.816403 0.024000 0.020983
1 0.795937 0.817652 0.020250 0.023980
1 0.774062 0.821399 0.018750 0.032973
1 0.537813 0.835137 0.035250 0.065945
1 0.315312 0.812240 0.017250 0.010991
1 0.050937 0.822231 0.018750 0.034971
1 0.896250 0.814738 0.018000 0.018984
1 0.056875 0.811407 0.013500 0.010991
1 0.227187 0.813072 0.014250 0.016986
1 0.254688 0.813072 0.011250 0.018984
1 0.036875 0.816403 0.016500 0.028976
1 0.885625 0.816819 0.024000 0.031973
1 0.241250 0.815154 0.019500 0.029975
1 0.202500 0.811823 0.013500 0.023980
1 0.195000 0.810158 0.007500 0.019983
1 0.007812 0.809742 0.008250 0.018984
1 0.218125 0.812240 0.018000 0.026978
1 0.695000 0.806828 0.010500 0.015987
1 0.709063 0.808493 0.012750 0.021982
1 0.248750 0.805579 0.007500 0.016986
1 0.021250 0.808493 0.022500 0.023980
1 0.862500 0.810575 0.022500 0.030974
1 0.503750 0.817236 0.051000 0.046961
1 0.911250 0.805995 0.015000 0.021982
1 0.776875 0.800999 0.010500 0.009992
1 0.587187 0.820566 0.044250 0.056953
1 0.391250 0.800999 0.012000 0.009992
1 0.312812 0.801832 0.009750 0.013988
1 0.874687 0.800167 0.008250 0.013988
1 0.800000 0.803913 0.010500 0.022981
1 0.180625 0.799334 0.010500 0.013988
1 0.172813 0.803081 0.018750 0.024979
1 0.049688 0.796003 0.008250 0.009992
1 0.955000 0.795587 0.010500 0.012989
1 0.740313 0.798918 0.005250 0.020983
1 0.715313 0.796003 0.006750 0.013988
1 0.559688 0.798918 0.023250 0.022981
1 0.423438 0.841799 0.051750 0.125895
1 0.133125 0.798918 0.015000 0.022981
1 0.640625 0.812656 0.042000 0.057952
1 0.091875 0.796836 0.019500 0.019983
1 0.278438 0.798085 0.023250 0.024979
1 0.211562 0.793922 0.009750 0.014988
1 0.587500 0.791840 0.012000 0.013988
1 0.147813 0.815987 0.038250 0.071940
1 0.307812 0.789759 0.014250 0.010991
1 0.288438 0.789342 0.017250 0.009992
1 0.907813 0.792256 0.012750 0.018984
1 0.367812 0.789342 0.012750 0.013988
1 0.026250 0.792256 0.021000 0.020983
1 0.881250 0.792673 0.015000 0.023980
1 0.337187 0.788510 0.009750 0.013988
1 0.819375 0.786844 0.009000 0.011990
1 0.401562 0.795171 0.014250 0.031973
1 0.569375 0.788093 0.019500 0.018984
1 0.160938 0.785595 0.006750 0.012989
1 0.219688 0.791840 0.018750 0.029975
1 0.112812 0.801832 0.039750 0.057952
1 0.808125 0.791840 0.030000 0.035970
1 0.728750 0.790175 0.022500 0.031973
1 0.720938 0.785595 0.012750 0.020983
1 0.674063 0.800583 0.036750 0.056953
1 0.122500 0.783097 0.010500 0.014988
1 0.953438 0.782681 0.009750 0.015987
1 0.830625 0.787261 0.019500 0.026978
1 0.417500 0.782265 0.027000 0.014988
1 0.379375 0.785595 0.019500 0.022981
1 0.199063 0.787677 0.014250 0.027977
1 0.945937 0.786844 0.009750 0.027977
1 0.131562 0.784763 0.009750 0.022981
1 0.024063 0.780600 0.009750 0.012989
1 0.840938 0.805579 0.056250 0.074938
1 0.263750 0.787261 0.010500 0.030974
1 0.252500 0.786012 0.015000 0.027977
1 0.896563 0.780183 0.023250 0.015987
1 0.756250 0.804330 0.046500 0.073938
1 0.554063 0.780183 0.008250 0.015987
1 0.281250 0.779351 0.013500 0.013988
1 0.995125 0.786012 0.009750 0.031973
1 0.211250 0.781432 0.013500 0.020983
1 0.236875 0.785179 0.021000 0.031973
1 0.008625 0.784346 0.017250 0.031973
1 0.815312 0.775187 0.020250 0.011990
1 0.403125 0.776853 0.018000 0.015987
1 0.177813 0.774771 0.012750 0.010991
1 0.056563 0.776020 0.011250 0.013988
1 0.339062 0.801832 0.056250 0.079933
1 0.193125 0.779351 0.015000 0.025978
1 0.434688 0.774355 0.009750 0.015987
1 0.377500 0.772273 0.010500 0.010991
1 0.825937 0.771857 0.012750 0.013988
1 0.317500 0.774771 0.019500 0.020983
1 0.227813 0.773106 0.011250 0.018984
1 0.935937 0.797669 0.069750 0.081932
1 0.400313 0.768943 0.011250 0.012989
1 0.040313 0.785179 0.017250 0.051957
1 0.990250 0.770608 0.019500 0.018984
1 0.693125 0.780183 0.045000 0.041965
1 0.343125 0.770608 0.019500 0.018984
1 0.185000 0.771024 0.013500 0.019983
1 0.075625 0.794754 0.052500 0.076936
1 0.020000 0.771857 0.021000 0.021982
1 0.220938 0.770192 0.009750 0.019983
1 0.050625 0.767277 0.019500 0.014988
1 0.085938 0.766445 0.011250 0.014988
1 0.672813 0.763530 0.008250 0.009992
1 0.293438 0.763114 0.012750 0.008993
1 0.920312 0.762698 0.012750 0.009992
1 0.551875 0.765612 0.007500 0.016986
1 0.384375 0.766028 0.013500 0.017985
1 0.268125 0.775604 0.015000 0.040966
1 0.245000 0.766445 0.027000 0.018984
1 0.779375 0.768526 0.019500 0.025978
1 0.300938 0.770608 0.030750 0.032973
1 0.135937 0.766028 0.008250 0.021982
1 0.122188 0.765196 0.023250 0.019983
1 0.380312 0.793089 0.047250 0.088926
1 0.367812 0.765196 0.021750 0.021982
1 0.470625 0.758951 0.006000 0.010991
1 0.974688 0.780600 0.047250 0.064946
1 0.457500 0.807244 0.066000 0.128893
1 0.446250 0.761449 0.013500 0.018984
1 0.323750 0.759367 0.015000 0.013988
1 0.953750 0.762698 0.016500 0.023980
1 0.905937 0.756037 0.011250 0.009992
1 0.478438 0.758118 0.008250 0.014988
1 0.347187 0.758951 0.014250 0.016986
1 0.400938 0.756453 0.008250 0.014988
1 0.021375 0.765612 0.042750 0.036969
1 0.625625 0.756869 0.009000 0.017985
1 0.043125 0.755204 0.013500 0.013988
1 0.033750 0.753955 0.010500 0.010991
1 0.868437 0.766861 0.018750 0.043963
1 0.835938 0.758535 0.023250 0.023980
1 0.816562 0.757286 0.017250 0.022981
1 0.211250 0.759784 0.010500 0.028976
1 0.130000 0.754371 0.016500 0.015987
1 0.740938 0.771440 0.056250 0.062948
1 0.737812 0.755204 0.012750 0.023980
1 0.219688 0.753122 0.008250 0.018984
1 0.197813 0.755620 0.017250 0.024979
1 0.161875 0.770608 0.055500 0.060949
1 0.797813 0.763114 0.032250 0.044963
1 0.064375 0.750624 0.006000 0.014988
1 0.598125 0.776853 0.078000 0.079933
1 0.916875 0.747294 0.012000 0.010991
1 0.708750 0.750208 0.018000 0.019983
1 0.360938 0.745212 0.015750 0.007993
1 0.559063 0.748543 0.011250 0.017985
1 0.986563 0.746878 0.012750 0.015987
1 0.966562 0.749376 0.023250 0.021982
1 0.201875 0.748127 0.015000 0.018984
1 0.102188 0.758118 0.036750 0.042964
1 0.857500 0.753122 0.018000 0.032973
1 0.054375 0.746461 0.007500 0.016986
1 0.906563 0.744796 0.020250 0.016986
1 0.828438 0.742714 0.006750 0.011990
1 0.767188 0.754788 0.026250 0.040966
1 0.941562 0.749792 0.017250 0.030974
1 0.472187 0.744380 0.011250 0.019983
1 0.144375 0.739384 0.009000 0.007993
1 0.597187 0.743131 0.017250 0.018984
1 0.193438 0.739384 0.006750 0.009992
1 0.026250 0.743963 0.028500 0.020983
1 0.292812 0.746461 0.027750 0.028976
1 0.995875 0.743963 0.008250 0.024979
1 0.237187 0.742298 0.011250 0.020983
1 0.862812 0.739800 0.008250 0.016986
1 0.719375 0.742714 0.013500 0.023980
1 0.087500 0.739384 0.018000 0.015987
1 0.007500 0.741882 0.013500 0.021982
1 0.426250 0.751873 0.045000 0.047960
1 0.381250 0.745212 0.036000 0.031973
1 0.217188 0.741049 0.012750 0.021982
1 0.312188 0.737302 0.011250 0.016986
1 0.965938 0.736053 0.011250 0.015987
1 0.839688 0.738968 0.011250 0.022981
1 0.199687 0.737302 0.006750 0.018984
1 0.789375 0.743963 0.034500 0.038968
1 0.362187 0.735221 0.018750 0.017985
1 0.081250 0.733139 0.006000 0.012989
1 0.263437 0.741882 0.032250 0.037968
1 0.435625 0.730641 0.012000 0.012989
1 0.321250 0.741465 0.039000 0.040966
1 0.168437 0.746878 0.054750 0.053955
1 0.819688 0.732723 0.018750 0.021982
1 0.140625 0.729808 0.010500 0.014988
1 0.021875 0.729808 0.010500 0.014988
1 0.130000 0.729808 0.010500 0.016986
1 0.892813 0.747710 0.045750 0.063947
1 0.869687 0.726894 0.011250 0.013988
1 0.595938 0.727311 0.009750 0.014988
1 0.954688 0.727727 0.021750 0.021982
1 0.028438 0.726062 0.014250 0.017985
1 0.860000 0.723564 0.009000 0.015987
1 0.648438 0.751041 0.036750 0.081932
1 0.174375 0.721482 0.016500 0.010991
1 0.908750 0.720233 0.012000 0.009992
1 0.078437 0.723980 0.009750 0.018984
1 0.770625 0.722731 0.007500 0.019983
1 0.212188 0.728976 0.015750 0.034971
1 0.041250 0.723564 0.015000 0.021982
1 0.759687 0.728976 0.014250 0.036969
1 0.697187 0.733972 0.032250 0.048959
1 0.781875 0.718984 0.009000 0.014988
1 0.098125 0.721898 0.024000 0.023980
1 0.169063 0.714821 0.011250 0.008993
1 0.111250 0.730225 0.033000 0.045962
1 0.921875 0.726062 0.022500 0.037968
1 0.328437 0.716903 0.008250 0.015987
1 0.186250 0.715237 0.010500 0.011990
1 0.236250 0.727727 0.040500 0.043963
1 0.376563 0.722731 0.018750 0.033972
1 0.970000 0.714821 0.007500 0.016986
1 0.826562 0.721066 0.035250 0.031973
1 0.435000 0.711907 0.010500 0.009992
1 0.316563 0.713156 0.008250 0.012989
1 0.799375 0.723147 0.024000 0.038968
1 0.007812 0.713572 0.009750 0.015987
1 0.144375 0.716070 0.031500 0.023980
1 0.985313 0.720649 0.023250 0.036969
1 0.774062 0.710658 0.015750 0.012989
1 0.223125 0.711074 0.009000 0.013988
1 0.205625 0.712323 0.012000 0.016986
1 0.916875 0.711074 0.009000 0.015987
1 0.993250 0.712739 0.013500 0.023980
1 0.113125 0.706495 0.012000 0.008993
1 0.749375 0.715654 0.025500 0.032973
1 0.722812 0.726894 0.045750 0.059950
1 0.102500 0.704829 0.012000 0.006994
1 0.784062 0.706495 0.009750 0.012989
1 0.688125 0.710658 0.015000 0.022981
1 0.014687 0.713572 0.011250 0.029975
1 0.497188 0.746878 0.050250 0.111907
1 0.409062 0.720649 0.050250 0.050958
1 0.824063 0.703580 0.009750 0.011990
1 0.037812 0.709409 0.018750 0.027977
1 0.326562 0.702331 0.009750 0.012989
1 0.863437 0.700666 0.011250 0.010991
1 0.890000 0.711490 0.051000 0.038968
1 0.520000 0.703164 0.015000 0.020983
1 0.316250 0.699833 0.009000 0.012989
1 0.194375 0.711490 0.022500 0.040966
1 0.927188 0.697752 0.012750 0.009992
1 0.617500 0.722731 0.033000 0.069942
1 0.342500 0.726478 0.030000 0.080933
1 0.850313 0.703580 0.024750 0.027977
1 0.799375 0.700250 0.028500 0.021982
1 0.768750 0.696919 0.010500 0.013988
1 0.670937 0.722731 0.038250 0.077935
1 0.417187 0.694005 0.012750 0.008993
1 0.198125 0.695254 0.015000 0.011990
1 0.875313 0.698585 0.018750 0.021982
1 0.834375 0.693172 0.015000 0.012989
1 0.742188 0.694005 0.014250 0.014988
1 0.715313 0.692756 0.018750 0.011990
1 0.473750 0.693172 0.007500 0.012989
1 0.295625 0.702748 0.031500 0.035970
1 0.162188 0.694838 0.011250 0.016986
1 0.919063 0.696503 0.014250 0.022981
1 0.576562 0.718152 0.044250 0.074938
1 0.361563 0.690674 0.023250 0.012989
1 0.175000 0.699001 0.018000 0.032973
1 0.817500 0.698585 0.018000 0.033972
1 0.785937 0.689842 0.008250 0.014988
1 0.777813 0.694005 0.009750 0.024979
1 0.019062 0.691507 0.014250 0.018984
1 0.220000 0.687344 0.009000 0.010991
1 0.107188 0.691091 0.008250 0.019983
1 0.032500 0.691923 0.010500 0.023980
1 0.593750 0.683181 0.016500 0.008993
1 0.009375 0.691091 0.012000 0.027977
1 0.974500 0.697336 0.051000 0.044963
1 0.828438 0.685262 0.008250 0.015987
1 0.623437 0.685262 0.011250 0.015987
1 0.074063 0.684430 0.009750 0.013988
1 0.065625 0.684013 0.007500 0.012989
1 0.440000 0.683181 0.010500 0.012989
1 0.866250 0.686095 0.010500 0.021982
1 0.903125 0.691091 0.036000 0.035970
1 0.822812 0.679017 0.009750 0.006994
1 0.598437 0.688593 0.048750 0.029975
1 0.369375 0.697752 0.037500 0.051957
1 0.883437 0.679434 0.012750 0.009992
1 0.736563 0.681932 0.014250 0.015987
1 0.243438 0.696919 0.041250 0.051957
1 0.212188 0.682764 0.015750 0.017985
1 0.803750 0.681515 0.010500 0.016986
1 0.792188 0.678601 0.008250 0.009992
1 0.971250 0.677352 0.007500 0.008993
1 0.932187 0.679434 0.014250 0.013988
1 0.837812 0.679434 0.012750 0.013988
1 0.121250 0.682348 0.012000 0.020983
1 0.941562 0.703997 0.030750 0.074938
1 0.979688 0.679850 0.008250 0.018984
1 0.190625 0.680683 0.010500 0.020983
1 0.692813 0.685262 0.020250 0.039967
1 0.093438 0.671107 0.009750 0.005995
1 0.993250 0.674022 0.013500 0.016986
1 0.724688 0.687344 0.030750 0.048959
1 0.059687 0.703997 0.036750 0.088926
1 0.050000 0.673605 0.013500 0.015987
1 0.364063 0.674854 0.015750 0.024979
1 0.705313 0.670275 0.009750 0.017985
1 0.787188 0.666944 0.009750 0.011990
1 0.778125 0.672356 0.013500 0.026978
1 0.387500 0.673605 0.012000 0.029975
1 0.413125 0.679850 0.049500 0.046961
1 0.348438 0.666944 0.032250 0.015987
1 0.044062 0.663197 0.011250 0.006994
1 0.126875 0.667361 0.015000 0.018984
1 0.171563 0.663614 0.008250 0.011990
1 0.983125 0.664446 0.010500 0.015987
1 0.831250 0.666528 0.028500 0.020983
1 0.279375 0.696503 0.049500 0.092923
1 0.994062 0.661948 0.011250 0.011990
1 0.882188 0.668193 0.024750 0.026978
1 0.721250 0.663614 0.022500 0.017985
1 0.081562 0.686928 0.036750 0.073938
1 0.710000 0.658618 0.015000 0.007993
1 0.814063 0.661532 0.006750 0.016986
1 0.796875 0.660283 0.010500 0.013988
1 0.087813 0.660283 0.008250 0.015987
1 0.004875 0.658618 0.009750 0.011990
1 0.338125 0.678185 0.036000 0.060949
1 0.773125 0.656120 0.010500 0.009992
1 0.053750 0.658618 0.007500 0.015987
1 0.977500 0.661948 0.012000 0.025978
1 0.030625 0.670275 0.018000 0.045962
1 0.013500 0.667361 0.027000 0.038968
1 0.873125 0.658201 0.009000 0.018984
1 0.855313 0.670275 0.035250 0.047960
1 0.691562 0.659034 0.009750 0.020983
1 0.313750 0.672356 0.024000 0.052956
1 0.074375 0.654455 0.010500 0.009992
1 0.964063 0.658201 0.020250 0.022981
1 0.944688 0.660283 0.020250 0.027977
1 0.193125 0.661116 0.030000 0.031973
1 0.204375 0.668609 0.024000 0.051957
1 0.804063 0.654871 0.014250 0.020983
1 0.301563 0.653206 0.021750 0.020983
1 0.391562 0.655704 0.020250 0.028976
1 0.058750 0.648626 0.016500 0.011990
1 0.977187 0.645296 0.008250 0.007993
1 0.883125 0.648626 0.010500 0.015987
1 0.703125 0.647794 0.016500 0.013988
1 0.822812 0.649875 0.011250 0.020983
1 0.720313 0.644463 0.009750 0.011990
1 0.686250 0.643630 0.009000 0.009992
1 0.406250 0.650291 0.021000 0.027977
1 0.911875 0.661948 0.057000 0.057952
1 0.794687 0.643630 0.011250 0.013988
1 0.181875 0.649042 0.021000 0.026978
1 0.105938 0.659867 0.033750 0.052956
1 0.757500 0.674022 0.036000 0.088926
1 0.169063 0.641132 0.011250 0.009992
1 0.808438 0.641132 0.014250 0.011990
1 0.004500 0.643630 0.009000 0.017985
1 0.091875 0.640300 0.012000 0.013988
1 0.260313 0.642798 0.021750 0.021982
1 0.196563 0.639051 0.011250 0.014988
1 0.958750 0.639883 0.010500 0.018984
1 0.238750 0.668193 0.058500 0.086928
1 0.209687 0.638218 0.015750 0.014988
1 0.910937 0.639051 0.023250 0.018984
1 0.845000 0.640716 0.015000 0.022981
1 0.362812 0.640300 0.015750 0.021982
1 0.785625 0.642798 0.018000 0.029975
1 0.065312 0.638218 0.008250 0.018984
1 0.020313 0.639883 0.029250 0.022981
1 0.947500 0.644879 0.018000 0.036969
1 0.893750 0.636553 0.016500 0.016986
1 0.714375 0.638218 0.012000 0.020983
1 0.738437 0.644879 0.024750 0.038968
1 0.079687 0.641549 0.015750 0.030974
1 0.380937 0.641549 0.026250 0.032973
1 0.032500 0.638218 0.018000 0.028976
1 0.885625 0.632390 0.007500 0.016986
1 0.694688 0.637386 0.012750 0.028976
1 0.293125 0.641965 0.036000 0.039967
1 0.676562 0.628226 0.011250 0.008993
1 0.362500 0.647794 0.048000 0.055953
1 0.182188 0.631141 0.009750 0.015987
1 0.108438 0.630724 0.009750 0.014988
1 0.806875 0.630724 0.021000 0.016986
1 0.772500 0.636137 0.015000 0.029975
1 0.394062 0.636137 0.012750 0.029975
1 0.980938 0.635720 0.023250 0.030974
1 0.935312 0.636969 0.014250 0.033972
1 0.820000 0.632806 0.009000 0.023980
1 0.749375 0.627394 0.012000 0.010991
1 0.383750 0.624480 0.009000 0.011990
1 0.091875 0.626145 0.015000 0.015987
1 0.864688 0.635720 0.018750 0.040966
1 0.767188 0.625729 0.006750 0.016986
1 0.327500 0.635720 0.048000 0.042964
1 0.321875 0.622814 0.006000 0.011990
1 0.240937 0.624480 0.009750 0.015987
1 0.839688 0.627394 0.038250 0.024979
1 0.356250 0.623231 0.009000 0.014988
1 0.365625 0.620316 0.013500 0.011990
1 0.305937 0.619067 0.006750 0.010991
1 0.909375 0.624063 0.033000 0.024979
1 0.735938 0.617402 0.008250 0.008993
1 0.250312 0.624480 0.008250 0.025978
1 0.946562 0.621982 0.023250 0.021982
1 0.888437 0.619900 0.012750 0.022981
1 0.876250 0.618651 0.012000 0.021982
1 0.830937 0.613655 0.012750 0.009992
1 0.332500 0.615321 0.021000 0.013988
1 0.246250 0.614488 0.007500 0.011990
1 0.375625 0.611990 0.012000 0.007993
1 0.315937 0.617402 0.017250 0.020983
1 0.143125 0.614904 0.007500 0.014988
1 0.805625 0.613655 0.007500 0.013988
1 0.212188 0.619484 0.026250 0.027977
1 0.921875 0.612823 0.013500 0.013988
1 0.992125 0.612823 0.015750 0.015987
1 0.153750 0.662365 0.075000 0.134888
1 0.933750 0.613239 0.010500 0.018984
1 0.752812 0.616153 0.029250 0.025978
1 0.859062 0.609492 0.017250 0.011990
1 0.361250 0.610325 0.016500 0.013988
1 0.959063 0.611574 0.015750 0.018984
1 0.971875 0.614488 0.015000 0.029975
1 0.113437 0.612406 0.018750 0.024979
1 0.097187 0.612823 0.014250 0.027977
1 0.845938 0.606162 0.009750 0.015987
1 0.944063 0.606578 0.012750 0.018984
1 0.870313 0.603664 0.009750 0.013988
1 0.343750 0.608659 0.019500 0.027977
1 0.156875 0.604496 0.015000 0.017985
1 0.929688 0.599500 0.017250 0.011990
1 0.802500 0.600333 0.015000 0.015987
1 0.230625 0.599084 0.009000 0.012989
1 0.905312 0.601166 0.012750 0.019983
1 0.758125 0.599500 0.013500 0.015987
1 0.652813 0.602415 0.015750 0.022981
1 0.290000 0.609492 0.039000 0.039967
1 0.288750 0.595754 0.013500 0.008993
1 0.017188 0.601166 0.011250 0.021982
1 0.365938 0.595754 0.008250 0.012989
1 0.980313 0.597002 0.006750 0.017985
1 0.348125 0.595754 0.021000 0.016986
1 0.142500 0.614488 0.048000 0.061948
1 0.637813 0.593672 0.024750 0.013988
1 0.321875 0.597835 0.028500 0.023980
1 0.006250 0.592839 0.009000 0.011990
1 0.949375 0.594921 0.015000 0.018984
1 0.373125 0.594921 0.007500 0.022981
1 0.168750 0.592007 0.007500 0.017985
1 0.844375 0.587843 0.015000 0.009992
1 0.242812 0.592007 0.020250 0.019983
1 0.215938 0.588260 0.014250 0.014988
1 0.984250 0.599917 0.031500 0.044963
1 0.187188 0.606994 0.032250 0.061948
1 0.119375 0.587843 0.007500 0.015987
1 0.832187 0.586595 0.009750 0.014988
1 0.278750 0.585762 0.012000 0.012989
1 0.265937 0.618651 0.045750 0.091923
1 0.150625 0.587427 0.007500 0.016986
1 0.049875 0.619484 0.099750 0.095920
1 0.640625 0.583264 0.012000 0.010991
1 0.909375 0.586178 0.019500 0.019983
1 0.187500 0.583264 0.007500 0.012989
1 0.329688 0.582848 0.011250 0.013988
1 0.225000 0.597419 0.022500 0.052956
1 0.160938 0.584929 0.017250 0.022981
1 0.798125 0.582015 0.015000 0.017985
1 0.027500 0.580766 0.007500 0.014988
1 0.991000 0.581599 0.018000 0.018984
1 0.358750 0.584097 0.010500 0.024979
1 0.108438 0.588676 0.018750 0.035970
1 0.288125 0.580350 0.013500 0.019983
1 0.070000 0.580350 0.021000 0.023980
1 0.015625 0.580766 0.018000 0.024979
1 0.632500 0.573689 0.015000 0.009992
1 0.874687 0.591590 0.057750 0.056953
1 0.006375 0.572856 0.012750 0.013988
1 0.125000 0.573272 0.009000 0.018984
1 0.178125 0.576187 0.010500 0.027977
1 0.369063 0.572440 0.014250 0.024979
1 0.198750 0.567860 0.013500 0.013988
1 0.185938 0.570774 0.011250 0.020983
1 0.865625 0.569942 0.016500 0.022981
1 0.311563 0.569109 0.020250 0.020983
1 0.407813 0.564946 0.014250 0.012989
1 0.030625 0.565362 0.015000 0.015987
1 0.289062 0.563697 0.011250 0.013988
1 0.960625 0.562864 0.012000 0.013988
1 0.348438 0.561615 0.014250 0.012989
1 0.236875 0.571607 0.015000 0.036969
1 0.006375 0.559534 0.012750 0.007993
1 0.691250 0.561615 0.015000 0.014988
1 0.354375 0.570774 0.019500 0.036969
1 0.144687 0.568276 0.012750 0.030974
1 0.326250 0.564946 0.016500 0.024979
1 0.935000 0.578268 0.091500 0.058951
1 0.380625 0.562032 0.019500 0.019983
1 0.130000 0.559950 0.006000 0.016986
1 0.784687 0.555787 0.011250 0.008993
1 0.255000 0.570774 0.031500 0.044963
1 0.165937 0.562032 0.030750 0.025978
1 0.893750 0.569525 0.022500 0.045962
1 0.959688 0.554122 0.006750 0.010991
1 0.693750 0.630724 0.199500 0.194838
1 0.117813 0.563281 0.020250 0.032973
1 0.787188 0.589509 0.053250 0.097918
1 0.941250 0.552873 0.007500 0.011990
1 0.238750 0.552456 0.010500 0.010991
1 0.298438 0.551207 0.012750 0.011990
1 0.823750 0.582015 0.051000 0.091923
1 0.136563 0.552456 0.012750 0.020983
1 0.057188 0.548293 0.009750 0.010991
1 0.410000 0.550375 0.018000 0.017985
1 0.335313 0.552873 0.008250 0.023980
1 0.210938 0.576603 0.045750 0.080933
1 0.152188 0.553705 0.018750 0.025978
1 0.986250 0.549542 0.013500 0.017985
1 0.761250 0.552040 0.018000 0.023980
1 0.897500 0.549958 0.018000 0.020983
1 0.064375 0.555787 0.030000 0.034971
1 0.345313 0.547877 0.015750 0.017985
1 0.364375 0.547044 0.012000 0.017985
1 0.270937 0.557868 0.030750 0.043963
1 0.200937 0.550375 0.017250 0.025978
1 0.772500 0.544130 0.007500 0.014988
1 0.029375 0.542881 0.010500 0.011990
1 0.867188 0.559117 0.051750 0.052956
1 0.929375 0.543297 0.007500 0.016986
1 0.304688 0.541632 0.009750 0.012989
1 0.320937 0.547460 0.027750 0.030974
1 0.946875 0.542048 0.006000 0.019983
1 0.722500 0.546628 0.028500 0.030974
1 0.187812 0.538301 0.012750 0.012989
1 0.704375 0.541216 0.021000 0.021982
1 0.356563 0.537052 0.009750 0.011990
1 0.815937 0.540383 0.035250 0.021982
1 0.268125 0.539134 0.019500 0.020983
1 0.251250 0.540383 0.018000 0.023980
1 0.231250 0.544546 0.015000 0.033972
1 0.439375 0.538718 0.012000 0.021982
1 0.338125 0.536636 0.012000 0.016986
1 0.110625 0.542048 0.007500 0.029975
1 0.086563 0.572440 0.032250 0.102914
1 0.018437 0.545379 0.024750 0.037968
1 0.166563 0.536220 0.014250 0.017985
1 0.063750 0.534555 0.012000 0.013988
1 0.963750 0.541632 0.027000 0.032973
1 0.912500 0.544130 0.024000 0.038968
1 0.099062 0.544963 0.020250 0.042964
1 0.394375 0.532889 0.013500 0.015987
1 0.152812 0.534138 0.015750 0.018984
1 0.137187 0.534971 0.017250 0.022981
1 0.007125 0.530808 0.014250 0.012989
1 0.070938 0.529559 0.011250 0.011990
1 0.902500 0.529559 0.010500 0.015987
1 0.720313 0.529142 0.006750 0.014988
1 0.945937 0.527893 0.011250 0.015987
1 0.317500 0.531224 0.021000 0.023980
1 0.051250 0.532889 0.016500 0.027977
1 0.287813 0.538301 0.026250 0.042964
1 0.117500 0.524979 0.009000 0.010991
1 0.933750 0.532057 0.015000 0.031973
1 0.042188 0.557036 0.030750 0.091923
1 0.148750 0.525396 0.006000 0.017985
1 0.128750 0.527477 0.018000 0.022981
1 0.510938 0.527061 0.015750 0.023980
1 0.109375 0.522898 0.013500 0.019983
1 0.780625 0.518734 0.007500 0.011990
1 0.321875 0.517069 0.013500 0.007993
1 0.281250 0.525396 0.015000 0.029975
1 0.223750 0.515404 0.012000 0.005995
1 0.203125 0.517902 0.012000 0.011990
1 0.206250 0.527061 0.025500 0.035970
1 0.843437 0.514155 0.015750 0.012989
1 0.771875 0.517485 0.010500 0.020983
1 0.746563 0.517069 0.011250 0.019983
1 0.330313 0.519567 0.011250 0.029975
1 0.230625 0.531224 0.040500 0.057952
1 0.971875 0.514571 0.010500 0.021982
1 0.257500 0.514988 0.025500 0.024979
1 0.090313 0.516653 0.029250 0.028976
1 0.113437 0.512073 0.023250 0.019983
1 0.324688 0.508326 0.008250 0.012989
1 0.183125 0.525812 0.043500 0.058951
1 0.135313 0.508743 0.024750 0.017985
1 0.950625 0.519151 0.042000 0.044963
1 0.181875 0.505412 0.010500 0.011990
1 0.837500 0.503331 0.012000 0.008993
1 0.273125 0.507910 0.009000 0.019983
1 0.774062 0.531224 0.120750 0.077935
1 0.287813 0.505412 0.011250 0.015987
1 0.227500 0.503331 0.010500 0.012989
1 0.995875 0.502082 0.008250 0.011990
1 0.960625 0.503747 0.013500 0.015987
1 0.765938 0.502498 0.006750 0.014988
1 0.032813 0.500833 0.012750 0.010991
1 0.118125 0.502082 0.027000 0.017985
1 0.743437 0.503331 0.011250 0.022981
1 0.213125 0.502498 0.025500 0.020983
1 0.357187 0.505828 0.024750 0.032973
1 0.806250 0.494588 0.009000 0.011990
1 0.340625 0.509992 0.016500 0.048959
1 0.378437 0.517902 0.038250 0.069942
1 0.440937 0.505412 0.036750 0.049958
1 0.328750 0.487927 0.007500 0.007993
1 0.184688 0.497502 0.026250 0.030974
1 0.380312 0.489176 0.009750 0.014988
1 0.144063 0.491674 0.015750 0.020983
1 0.033438 0.490008 0.008250 0.016986
1 0.349375 0.488759 0.016500 0.015987
1 0.167187 0.503331 0.030750 0.050958
1 0.126250 0.486678 0.015000 0.010991
1 0.316250 0.498335 0.042000 0.040966
1 0.020625 0.508743 0.041250 0.065945
1 0.861250 0.484596 0.012000 0.011990
1 0.050625 0.500000 0.025500 0.048959
1 0.463750 0.491674 0.028500 0.030974
1 0.139375 0.482098 0.012000 0.007993
1 0.880625 0.483764 0.012000 0.013988
1 0.762813 0.485429 0.014250 0.017985
1 0.314063 0.481682 0.015750 0.012989
1 0.871250 0.482931 0.007500 0.017985
1 0.343125 0.480433 0.007500 0.011990
1 0.024375 0.480017 0.007500 0.010991
1 0.711250 0.478768 0.015000 0.011990
1 0.291250 0.504580 0.034500 0.073938
1 0.507812 0.636969 0.312750 0.393672
1 0.775312 0.475437 0.011250 0.011990
1 0.090313 0.476686 0.006750 0.016986
1 0.084375 0.476270 0.009000 0.015987
1 0.060937 0.474188 0.011250 0.012989
1 0.158750 0.476686 0.021000 0.022981
1 0.099687 0.475021 0.011250 0.018984
1 0.348750 0.472107 0.007500 0.013988
1 0.109375 0.473356 0.010500 0.016986
1 0.340938 0.470025 0.006750 0.010991
1 0.004875 0.468776 0.009750 0.011990
1 0.705937 0.468360 0.011250 0.014988
1 0.362187 0.470025 0.012750 0.020983
1 0.317188 0.465862 0.012750 0.010991
1 0.975313 0.466694 0.005250 0.016986
1 0.837812 0.462948 0.011250 0.007993
1 0.768750 0.467527 0.034500 0.024979
1 0.372188 0.470858 0.015750 0.032973
1 0.171875 0.467527 0.013500 0.024979
1 0.571562 0.464197 0.012750 0.018984
1 0.547813 0.488759 0.039750 0.077935
1 0.245312 0.461282 0.015750 0.011990
1 0.126562 0.470025 0.027750 0.036969
1 0.237187 0.478768 0.042750 0.059950
1 0.211250 0.477935 0.036000 0.057952
1 0.860938 0.467111 0.023250 0.035970
1 0.025625 0.457952 0.009000 0.013988
1 0.311875 0.455037 0.012000 0.008993
1 0.046562 0.477935 0.036750 0.063947
1 0.917813 0.456703 0.021750 0.016986
1 0.789375 0.457952 0.012000 0.019983
1 0.852812 0.458368 0.017250 0.024979
1 0.081875 0.481266 0.052500 0.081932
1 0.004125 0.453789 0.008250 0.015987
1 0.546562 0.451707 0.006750 0.012989
1 0.154062 0.457535 0.015750 0.026978
1 0.348750 0.452540 0.012000 0.016986
1 0.209687 0.450458 0.015750 0.011990
1 0.165313 0.455454 0.014250 0.025978
1 0.948125 0.472523 0.040500 0.068943
1 0.913125 0.448376 0.012000 0.010991
1 0.303125 0.451707 0.007500 0.018984
1 0.560625 0.449625 0.021000 0.015987
1 0.870313 0.451291 0.012750 0.021982
1 0.746563 0.470858 0.059250 0.070941
1 0.335938 0.459617 0.026250 0.045962
1 0.015625 0.457952 0.022500 0.041965
1 0.902188 0.445046 0.008250 0.012989
1 0.236563 0.447127 0.017250 0.021982
1 0.145000 0.444213 0.006000 0.014988
1 0.261875 0.474188 0.040500 0.088926
1 0.215000 0.440466 0.010500 0.009992
1 0.096562 0.449625 0.030750 0.033972
1 0.345313 0.440050 0.009750 0.012989
1 0.032188 0.439634 0.009750 0.011990
1 0.151562 0.438801 0.008250 0.011990
1 0.127188 0.452123 0.042750 0.043963
1 0.081875 0.439634 0.024000 0.013988
1 0.360000 0.445878 0.013500 0.030974
1 0.548438 0.437552 0.017250 0.014988
1 0.223125 0.441299 0.021000 0.025978
1 0.189062 0.459617 0.035250 0.069942
1 0.055000 0.438801 0.018000 0.031973
1 0.344687 0.427977 0.009750 0.009992
1 0.136875 0.433389 0.027000 0.022981
1 0.100312 0.429642 0.009750 0.013988
1 0.927813 0.440466 0.017250 0.041965
1 0.834063 0.441299 0.027750 0.043963
1 0.070312 0.434221 0.017250 0.026978
1 0.066250 0.430475 0.010500 0.017985
1 0.854375 0.436303 0.039000 0.037968
1 0.362812 0.438801 0.030750 0.045962
1 0.235313 0.423397 0.015750 0.008993
1 0.311563 0.423813 0.014250 0.011990
1 0.195625 0.422981 0.010500 0.011990
1 0.121563 0.424646 0.012750 0.015987
1 0.051562 0.424230 0.012750 0.014988
1 0.340000 0.421732 0.009000 0.010991
1 0.083125 0.424646 0.012000 0.017985
1 0.300625 0.422148 0.010500 0.013988
1 0.142187 0.421732 0.009750 0.014988
1 0.989375 0.420483 0.007500 0.013988
1 0.930937 0.427144 0.017250 0.029975
1 0.375625 0.422148 0.015000 0.019983
1 0.012000 0.427144 0.024000 0.031973
1 0.639687 0.420483 0.015750 0.017985
1 0.245625 0.419234 0.013500 0.014988
1 0.106563 0.422981 0.008250 0.023980
1 0.767500 0.433389 0.045000 0.050958
1 0.265625 0.417985 0.010500 0.013988
1 0.332500 0.414238 0.012000 0.008993
1 0.255312 0.420899 0.014250 0.026978
1 0.090000 0.420899 0.016500 0.026978
1 0.939688 0.411740 0.008250 0.006994
1 0.962500 0.418818 0.018000 0.025978
1 0.857812 0.414654 0.009750 0.015987
1 0.850313 0.479600 0.204750 0.171857
1 0.224375 0.417569 0.007500 0.022981
1 0.095937 0.412157 0.011250 0.009992
1 0.385313 0.415903 0.011250 0.024979
1 0.159688 0.419650 0.030750 0.033972
1 0.216562 0.410075 0.014250 0.012989
1 0.208437 0.418818 0.017250 0.035970
1 0.040938 0.410075 0.009750 0.016986
1 0.946875 0.421316 0.022500 0.049958
1 0.971875 0.489176 0.056250 0.216819
1 0.321562 0.426728 0.032250 0.066944
1 0.878750 0.404246 0.007500 0.014988
1 0.520312 0.457952 0.054750 0.143880
1 0.328437 0.403830 0.008250 0.013988
1 0.922188 0.405912 0.014250 0.020983
1 0.349375 0.407993 0.027000 0.025978
1 0.102813 0.403830 0.011250 0.015987
1 0.189062 0.411740 0.027750 0.036969
1 0.934375 0.401749 0.013500 0.014988
1 0.300312 0.424230 0.039750 0.068943
1 0.305625 0.398418 0.007500 0.008993
1 0.092813 0.401749 0.012750 0.020983
1 0.173125 0.404246 0.019500 0.028976
1 0.126562 0.403414 0.018750 0.028976
1 0.199063 0.395504 0.020250 0.015987
1 0.270625 0.430475 0.070500 0.101915
1 0.158125 0.402998 0.013500 0.035970
1 0.517813 0.390924 0.008250 0.008993
1 0.247500 0.392173 0.013500 0.011990
1 0.025000 0.405495 0.034500 0.043963
1 0.858125 0.404663 0.048000 0.045962
1 0.508750 0.394255 0.016500 0.020983
1 0.066875 0.404663 0.052500 0.047960
1 0.143437 0.389259 0.020250 0.012989
1 0.038750 0.391341 0.012000 0.017985
1 0.009000 0.394671 0.018000 0.027977
1 0.828125 0.393422 0.007500 0.026978
1 0.200313 0.386345 0.008250 0.009992
1 0.370937 0.395920 0.017250 0.034971
1 0.332188 0.393006 0.018750 0.027977
1 0.841562 0.383430 0.006750 0.010991
1 0.810000 0.399667 0.040500 0.049958
1 0.595938 0.387594 0.015750 0.020983
1 0.326250 0.384679 0.010500 0.013988
1 0.177813 0.388426 0.024750 0.026978
1 0.124688 0.388843 0.018750 0.027977
1 0.110312 0.400916 0.017250 0.056953
1 0.060625 0.385928 0.013500 0.020983
1 0.398750 0.404663 0.067500 0.067943
1 0.240313 0.383430 0.008250 0.016986
1 0.119063 0.382598 0.012750 0.014988
1 0.097812 0.383430 0.015750 0.016986
1 0.393125 0.384263 0.009000 0.020983
1 0.288750 0.389259 0.027000 0.032973
1 0.296875 0.381349 0.012000 0.015987
1 0.009750 0.379267 0.019500 0.010991
1 0.740000 0.385096 0.018000 0.026978
1 0.277500 0.380100 0.016500 0.016986
1 0.215625 0.389259 0.027000 0.038968
1 0.142187 0.378851 0.008250 0.013988
1 0.768750 0.376769 0.007500 0.010991
1 0.225625 0.385928 0.019500 0.032973
1 0.349062 0.383847 0.029250 0.029975
1 0.077500 0.378435 0.013500 0.016986
1 0.832500 0.396753 0.027000 0.066944
1 0.619687 0.390924 0.035250 0.054954
1 0.198125 0.372606 0.015000 0.010991
1 0.027813 0.374688 0.006750 0.015987
1 0.846875 0.375937 0.013500 0.024979
1 0.087813 0.372190 0.012750 0.017985
1 0.871875 0.377186 0.027000 0.031973
1 0.232187 0.368859 0.015750 0.011990
1 0.044062 0.372190 0.027750 0.019983
1 0.950313 0.369692 0.015750 0.017985
1 0.900000 0.370108 0.009000 0.018984
1 0.739062 0.366361 0.014250 0.015987
1 0.175000 0.373022 0.049500 0.031973
1 0.257188 0.373022 0.035250 0.033972
1 0.284687 0.365529 0.006750 0.017985
1 0.065312 0.370941 0.012750 0.032973
1 0.259688 0.362614 0.012750 0.016986
1 0.244062 0.363031 0.008250 0.019983
1 0.324062 0.364696 0.008250 0.025978
1 0.026875 0.359700 0.007500 0.013988
1 0.852500 0.367610 0.015000 0.034971
1 0.830625 0.359284 0.006000 0.014988
1 0.810625 0.366361 0.024000 0.031973
1 0.469687 0.360117 0.014250 0.016986
1 0.075938 0.361782 0.011250 0.020983
1 0.934688 0.358868 0.008250 0.015987
1 0.348125 0.367194 0.040500 0.035970
1 0.945312 0.355121 0.012750 0.008993
1 0.158438 0.366361 0.042750 0.035970
1 0.222188 0.355953 0.008250 0.012989
1 0.086563 0.357202 0.009750 0.015987
1 0.836875 0.363447 0.015000 0.032973
1 0.405938 0.356786 0.011250 0.016986
1 0.134375 0.360949 0.016500 0.026978
1 0.358125 0.358035 0.018000 0.021982
1 0.275000 0.356786 0.010500 0.018984
1 0.102813 0.362614 0.030750 0.032973
1 0.823438 0.357202 0.006750 0.021982
1 0.299687 0.359700 0.027750 0.027977
1 0.176250 0.353039 0.012000 0.011990
1 0.330625 0.352623 0.018000 0.012989
1 0.314063 0.371357 0.023250 0.059950
1 0.122188 0.360949 0.020250 0.034971
1 0.112187 0.351374 0.009750 0.011990
1 0.252812 0.349709 0.012750 0.011990
1 0.215625 0.348876 0.013500 0.009992
1 0.202500 0.357619 0.019500 0.032973
1 0.190312 0.350125 0.006750 0.014988
1 0.142500 0.349292 0.010500 0.012989
1 0.306875 0.347627 0.021000 0.010991
1 0.714063 0.348460 0.008250 0.014988
1 0.204375 0.347627 0.009000 0.012989
1 0.051250 0.354288 0.016500 0.030974
1 0.156875 0.349292 0.025500 0.020983
1 0.233437 0.352623 0.020250 0.030974
1 0.182188 0.345129 0.009750 0.012989
1 0.731563 0.343464 0.012750 0.010991
1 0.089063 0.343047 0.014250 0.011990
1 0.325937 0.343047 0.018750 0.013988
1 0.613437 0.345129 0.012750 0.020983
1 0.411875 0.341382 0.007500 0.013988
1 0.283438 0.343047 0.017250 0.019983
1 0.175937 0.340550 0.015750 0.013988
1 0.989500 0.350125 0.021000 0.038968
1 0.911563 0.343880 0.020250 0.023980
1 0.776250 0.339301 0.010500 0.012989
1 0.035625 0.348460 0.021000 0.034971
1 0.442812 0.338468 0.015750 0.012989
1 0.359375 0.340133 0.009000 0.016986
1 0.132812 0.338884 0.011250 0.013988
1 0.717812 0.338884 0.014250 0.017985
1 0.102188 0.338468 0.012750 0.016986
1 0.047188 0.335554 0.012750 0.009992
1 0.144687 0.336386 0.009750 0.013988
1 0.008250 0.339717 0.016500 0.021982
1 0.815000 0.335970 0.016500 0.014988
1 0.118750 0.337219 0.024000 0.017985
1 0.302812 0.334721 0.011250 0.013988
1 0.912813 0.330974 0.009750 0.008993
1 0.536250 0.363031 0.039000 0.085928
1 0.408125 0.331391 0.009000 0.011990
1 0.206250 0.336386 0.025500 0.023980
1 0.889687 0.407993 0.114750 0.197835
1 0.452500 0.353455 0.058500 0.068943
1 0.174063 0.328476 0.014250 0.010991
1 0.856250 0.327644 0.009000 0.012989
1 0.191562 0.329725 0.015750 0.017985
1 0.933125 0.369276 0.088500 0.114904
1 0.906250 0.331807 0.019500 0.024979
1 0.878750 0.326811 0.009000 0.012989
1 0.320937 0.326811 0.014250 0.012989
1 0.760312 0.368027 0.083250 0.113905
1 0.694375 0.334305 0.021000 0.032973
1 0.331875 0.326811 0.010500 0.014988
1 0.010875 0.328893 0.021750 0.019983
1 0.803750 0.330974 0.009000 0.028976
1 0.608125 0.322648 0.012000 0.008993
1 0.055000 0.324729 0.013500 0.015987
1 0.438125 0.408410 0.148500 0.218818
1 0.382188 0.345129 0.057750 0.066944
1 0.847187 0.322648 0.017250 0.014988
1 0.255625 0.333888 0.039000 0.041965
1 0.359375 0.319317 0.015000 0.008993
1 0.265000 0.318485 0.012000 0.008993
1 0.718750 0.325146 0.030000 0.028976
1 0.694688 0.318485 0.006750 0.012989
1 0.349375 0.332639 0.013500 0.046961
1 0.104375 0.322648 0.021000 0.022981
1 0.642188 0.317652 0.008250 0.016986
1 0.481563 0.318485 0.006750 0.018984
1 0.331875 0.317652 0.027000 0.016986
1 0.061875 0.317236 0.006000 0.015987
1 0.178750 0.317236 0.021000 0.023980
1 0.023125 0.345962 0.040500 0.092923
1 0.933438 0.314738 0.030750 0.019983
1 0.857500 0.313489 0.010500 0.016986
1 0.218438 0.319734 0.030750 0.031973
1 0.760312 0.310158 0.006750 0.012989
1 0.687813 0.310991 0.008250 0.014988
1 0.069375 0.312240 0.013500 0.017985
1 0.444063 0.316819 0.015750 0.030974
1 0.327500 0.307660 0.010500 0.012989
1 0.195937 0.305579 0.012750 0.007993
1 0.155000 0.309326 0.006000 0.016986
1 0.707187 0.310575 0.015750 0.021982
1 0.361250 0.306828 0.016500 0.016986
1 0.246250 0.302664 0.010500 0.006994
1 0.189062 0.305162 0.011250 0.012989
1 0.109063 0.307244 0.011250 0.017985
1 0.468438 0.310991 0.023250 0.028976
1 0.035625 0.312240 0.019500 0.031973
1 0.900000 0.302248 0.016500 0.011990
1 0.885312 0.320983 0.054750 0.056953
1 0.084062 0.326395 0.047250 0.069942
1 0.266562 0.305162 0.014250 0.020983
1 0.206250 0.305579 0.012000 0.021982
1 0.055313 0.306828 0.008250 0.026978
1 0.287813 0.314738 0.024750 0.051957
1 0.255312 0.304330 0.017250 0.026978
1 0.046875 0.298918 0.012000 0.013988
1 0.072500 0.297669 0.019500 0.012989
1 0.739375 0.309742 0.046500 0.043963
1 0.888437 0.294338 0.011250 0.008993
1 0.709063 0.293922 0.009750 0.009992
1 0.696875 0.300999 0.016500 0.026978
1 0.487187 0.358035 0.087750 0.163863
1 0.488438 0.298918 0.012750 0.021982
1 0.454375 0.303497 0.022500 0.032973
1 0.428438 0.309742 0.024750 0.049958
1 0.376875 0.300999 0.016500 0.028976
1 0.058750 0.293922 0.010500 0.011990
1 0.010500 0.303913 0.021000 0.035970
1 0.719063 0.295587 0.014250 0.021982
1 0.970938 0.292673 0.009750 0.016986
1 0.310000 0.306828 0.030000 0.050958
1 0.956562 0.301415 0.026250 0.039967
1 0.528125 0.290591 0.010500 0.013988
1 0.262500 0.288510 0.013500 0.008993
1 0.471875 0.289759 0.016500 0.013988
1 0.339062 0.299334 0.026250 0.038968
1 0.130625 0.288926 0.010500 0.013988
1 0.118125 0.289342 0.012000 0.014988
1 0.781563 0.298085 0.042750 0.037968
1 0.175937 0.288093 0.008250 0.013988
1 0.967750 0.347627 0.064500 0.158868
1 0.216562 0.285595 0.011250 0.009992
1 0.581875 0.300583 0.031500 0.047960
1 0.232813 0.306411 0.035250 0.061948
1 0.144687 0.310575 0.069750 0.073938
1 0.993625 0.284346 0.012750 0.012989
1 0.486250 0.283097 0.021000 0.009992
1 0.084375 0.286844 0.007500 0.018984
1 0.782188 0.287677 0.009750 0.022981
1 0.457813 0.286012 0.020250 0.018984
1 0.157188 0.286844 0.018750 0.020983
1 0.111562 0.287677 0.011250 0.022981
1 0.446875 0.282681 0.010500 0.014988
1 0.372500 0.282265 0.010500 0.015987
1 0.801875 0.281016 0.007500 0.014988
1 0.588125 0.281016 0.009000 0.014988
1 0.245625 0.284763 0.021000 0.023980
1 0.312500 0.279351 0.006000 0.012989
1 0.078750 0.289759 0.051000 0.037968
1 0.792188 0.278102 0.012750 0.013988
1 0.355312 0.285179 0.021750 0.030974
1 0.319688 0.283930 0.011250 0.027977
1 0.224062 0.276853 0.017250 0.010991
1 0.463125 0.275187 0.007500 0.008993
1 0.121563 0.277269 0.015750 0.015987
1 0.043437 0.283097 0.029250 0.033972
1 0.836875 0.271440 0.010500 0.011990
1 0.137500 0.273522 0.010500 0.016986
1 0.005938 0.273938 0.011250 0.017985
1 0.456875 0.271024 0.013500 0.012989
1 0.432812 0.272273 0.009750 0.017985
1 0.105938 0.273522 0.012750 0.022981
1 0.591875 0.268110 0.010500 0.011990
1 0.260313 0.273522 0.021750 0.024979
1 0.492812 0.269359 0.009750 0.016986
1 0.144687 0.268110 0.011250 0.013988
1 0.892500 0.271024 0.007500 0.022981
1 0.738125 0.278934 0.030000 0.041965
1 0.179375 0.276853 0.030000 0.036969
1 0.080312 0.267277 0.014250 0.013988
1 0.779687 0.269775 0.014250 0.021982
1 0.760000 0.274771 0.028500 0.033972
1 0.217500 0.263947 0.015000 0.011990
1 0.886250 0.262281 0.007500 0.013988
1 0.633750 0.267694 0.031500 0.028976
1 0.324688 0.267277 0.024750 0.027977
1 0.187500 0.262281 0.024000 0.015987
1 0.356875 0.258951 0.009000 0.009992
1 0.202813 0.279767 0.039750 0.059950
1 0.123438 0.261449 0.011250 0.015987
1 0.887188 0.276853 0.059250 0.054954
1 0.794375 0.262281 0.016500 0.019983
1 0.498125 0.258535 0.010500 0.010991
1 0.293125 0.260200 0.007500 0.014988
1 0.948438 0.268526 0.014250 0.036969
1 0.854375 0.261032 0.015000 0.018984
1 0.060625 0.261449 0.016500 0.019983
1 0.650312 0.422981 0.255750 0.411657
1 0.304688 0.265196 0.023250 0.034971
1 0.161562 0.265196 0.036750 0.034971
1 0.581562 0.255620 0.006750 0.013988
1 0.973750 0.268526 0.048000 0.046961
1 0.789687 0.255620 0.008250 0.017985
1 0.520625 0.268943 0.040500 0.049958
1 0.198125 0.255204 0.013500 0.018984
1 0.023750 0.259367 0.013500 0.028976
1 0.818438 0.315987 0.143250 0.166861
1 0.464062 0.251457 0.011250 0.011990
1 0.349062 0.254371 0.011250 0.018984
1 0.085938 0.251041 0.011250 0.014988
1 0.508750 0.249792 0.015000 0.013988
1 0.278125 0.250624 0.007500 0.015987
1 0.073438 0.248543 0.015750 0.010991
1 0.020625 0.250624 0.019500 0.017985
1 0.429063 0.246878 0.009750 0.010991
1 0.445937 0.273106 0.033750 0.075937
1 0.263750 0.273106 0.043500 0.077935
1 0.059062 0.248127 0.018750 0.017985
1 0.006375 0.248543 0.012750 0.018984
1 0.562187 0.240633 0.012750 0.005995
1 0.100000 0.251457 0.018000 0.033972
1 0.765938 0.246045 0.018750 0.026978
1 0.459688 0.240633 0.012750 0.015987
1 0.028125 0.264779 0.056250 0.073938
1 0.070312 0.237719 0.015750 0.010991
1 0.057500 0.236470 0.012000 0.007993
1 0.995875 0.244796 0.008250 0.031973
1 0.184688 0.236886 0.006750 0.012989
1 0.175937 0.237302 0.011250 0.013988
1 0.214688 0.244380 0.024750 0.032973
1 0.081562 0.236053 0.008250 0.012989
1 0.726875 0.239800 0.013500 0.023980
1 0.452188 0.234804 0.017250 0.011990
1 0.471875 0.241049 0.016500 0.030974
1 0.754062 0.243131 0.017250 0.037968
1 0.481563 0.256869 0.044250 0.070941
1 0.960250 0.245629 0.079500 0.047960
1 0.847812 0.233139 0.011250 0.017985
1 0.161562 0.241465 0.032250 0.037968
1 0.785937 0.242298 0.029250 0.041965
1 0.757188 0.228976 0.008250 0.009992
1 0.320000 0.242298 0.036000 0.041965
1 0.128750 0.243963 0.042000 0.045962
1 0.496875 0.228976 0.016500 0.011990
1 0.145000 0.237302 0.012000 0.031973
1 0.886250 0.238551 0.024000 0.036969
1 0.874375 0.240216 0.016500 0.040966
1 0.295938 0.238135 0.036750 0.035970
1 0.278438 0.227311 0.014250 0.009992
1 0.900937 0.227311 0.008250 0.011990
1 0.200625 0.234388 0.027000 0.028976
1 0.108750 0.230225 0.013500 0.018984
1 0.066562 0.225229 0.009750 0.010991
1 0.814375 0.224813 0.015000 0.011990
1 0.026875 0.230225 0.007500 0.024979
1 0.838437 0.227727 0.009750 0.022981
1 0.808125 0.234804 0.036000 0.039967
1 0.253437 0.226478 0.017250 0.019983
1 0.235625 0.246045 0.036000 0.066944
1 0.104063 0.223147 0.008250 0.013988
1 0.946562 0.223980 0.012750 0.017985
1 0.794375 0.218984 0.013500 0.007993
1 0.732187 0.229392 0.033750 0.032973
1 0.788125 0.222315 0.015000 0.019983
1 0.014250 0.227311 0.028500 0.031973
1 0.507812 0.228976 0.015750 0.037968
1 0.266562 0.218152 0.011250 0.013988
1 0.615000 0.220649 0.024000 0.023980
1 0.314688 0.220649 0.011250 0.023980
1 0.710000 0.215237 0.016500 0.012989
1 0.163125 0.219400 0.034500 0.026978
1 0.179063 0.212323 0.011250 0.011990
1 0.551562 0.270608 0.072750 0.155870
1 0.702500 0.248959 0.114000 0.105912
1 0.496563 0.213572 0.012750 0.020983
1 0.026562 0.210658 0.008250 0.013988
1 0.887188 0.220233 0.027750 0.038968
1 0.828125 0.209825 0.010500 0.013988
1 0.245625 0.213988 0.013500 0.025978
1 0.477812 0.217735 0.030750 0.036969
1 0.274375 0.212323 0.015000 0.023980
1 0.625000 0.205246 0.015000 0.008993
1 0.187188 0.212323 0.018750 0.027977
1 0.116562 0.206078 0.006750 0.014988
1 0.540000 0.203580 0.007500 0.010991
1 0.571250 0.201915 0.012000 0.008993
1 0.353125 0.208993 0.022500 0.025978
1 0.047500 0.208160 0.007500 0.023980
1 0.106563 0.208576 0.018750 0.026978
1 0.153438 0.201082 0.014250 0.010991
1 0.897813 0.206911 0.026250 0.028976
1 0.802500 0.206078 0.045000 0.026978
1 0.686875 0.202748 0.010500 0.018984
1 0.168125 0.208993 0.022500 0.033972
1 0.012188 0.199001 0.011250 0.009992
1 0.850313 0.230225 0.074250 0.086928
1 0.834688 0.196919 0.008250 0.012989
1 0.404687 0.199833 0.020250 0.019983
1 0.211250 0.213572 0.039000 0.052956
1 0.895000 0.196919 0.006000 0.014988
1 0.970938 0.194005 0.012750 0.011990
1 0.921562 0.251873 0.077250 0.150874
1 0.597187 0.224396 0.063750 0.084929
1 0.964000 0.208993 0.072000 0.051957
1 0.172813 0.197336 0.014250 0.023980
1 0.155312 0.191507 0.011250 0.009992
1 0.537188 0.191923 0.009750 0.014988
1 0.245938 0.192340 0.006750 0.017985
1 0.928750 0.194005 0.019500 0.023980
1 0.140313 0.190258 0.017250 0.014988
1 0.220938 0.192340 0.020250 0.021982
1 0.035937 0.193172 0.018750 0.023980
1 0.487812 0.189009 0.021750 0.019983
1 0.530000 0.184430 0.006000 0.010991
1 0.585000 0.185679 0.015000 0.015987
1 0.116250 0.187344 0.010500 0.019983
1 0.256250 0.201499 0.021000 0.057952
1 0.521250 0.193172 0.024000 0.039967
1 0.147500 0.182764 0.010500 0.016986
1 0.973437 0.184846 0.030750 0.023980
1 0.400938 0.186095 0.017250 0.026978
1 0.242812 0.183181 0.009750 0.021982
1 0.184062 0.178185 0.012750 0.009992
1 0.231250 0.192756 0.021000 0.048959
1 0.420312 0.191091 0.027750 0.052956
1 0.310937 0.176103 0.018750 0.020983
1 0.254063 0.171524 0.012750 0.009992
1 0.347813 0.170691 0.008250 0.013988
1 0.263437 0.171524 0.009750 0.015987
1 0.019500 0.193589 0.039000 0.068943
1 0.750938 0.201082 0.078750 0.088926
1 0.867812 0.169858 0.006750 0.015987
1 0.745000 0.169858 0.018000 0.015987
1 0.224375 0.171940 0.009000 0.022981
1 0.210625 0.177769 0.021000 0.036969
1 0.013125 0.170691 0.026250 0.019983
1 0.583125 0.166944 0.015000 0.014988
1 0.506250 0.185679 0.025500 0.059950
1 0.165625 0.170275 0.016500 0.024979
1 0.631875 0.164863 0.016500 0.013988
1 0.204063 0.165695 0.014250 0.015987
1 0.184688 0.163197 0.009750 0.013988
1 0.136563 0.169442 0.011250 0.028976
1 0.832812 0.166112 0.018750 0.026978
1 0.420312 0.162365 0.006750 0.017985
1 0.408125 0.162365 0.031500 0.025978
1 0.553438 0.176936 0.045750 0.064946
1 0.077188 0.154871 0.009750 0.011990
1 0.160938 0.153622 0.006750 0.012989
1 0.170000 0.151124 0.010500 0.012989
1 0.183750 0.149459 0.007500 0.014988
1 0.024063 0.152373 0.038250 0.027977
1 0.404062 0.149875 0.020250 0.023980
1 0.920312 0.143630 0.006750 0.010991
1 0.126875 0.174022 0.025500 0.083930
1 0.211875 0.146961 0.006000 0.020983
1 0.410313 0.141132 0.011250 0.010991
1 0.336875 0.142798 0.030000 0.018984
1 0.084062 0.142798 0.015750 0.020983
1 0.392500 0.138218 0.009000 0.011990
1 0.193750 0.170691 0.036000 0.089925
1 0.806250 0.138218 0.007500 0.013988
1 0.825313 0.137802 0.011250 0.014988
1 0.274375 0.136969 0.016500 0.014988
1 0.696875 0.135720 0.012000 0.017985
1 0.404687 0.134888 0.014250 0.015987
1 0.995875 0.132806 0.008250 0.012989
1 0.815312 0.136553 0.015750 0.021982
1 0.065312 0.184846 0.083250 0.137885
1 0.959375 0.134055 0.021000 0.017985
1 0.973000 0.158618 0.054000 0.080933
1 0.046875 0.142798 0.025500 0.042964
1 0.648750 0.130724 0.007500 0.015987
1 0.658125 0.127810 0.012000 0.010991
1 0.930625 0.162365 0.078000 0.095920
1 0.097812 0.156120 0.050250 0.080933
1 0.075000 0.131141 0.009000 0.020983
1 0.787188 0.132806 0.020250 0.026978
1 0.665312 0.131141 0.017250 0.024979
1 0.704688 0.163614 0.053250 0.104913
1 0.412500 0.223980 0.183000 0.249792
1 0.160625 0.132390 0.039000 0.029975
1 0.140937 0.144047 0.053250 0.057952
1 0.627500 0.125312 0.009000 0.014988
1 0.350625 0.129475 0.009000 0.026978
1 0.838125 0.144047 0.037500 0.063947
1 0.277500 0.123647 0.015000 0.014988
1 0.148750 0.121982 0.012000 0.010991
1 0.656875 0.184846 0.081000 0.165862
1 0.639062 0.122398 0.015750 0.015987
1 0.180312 0.130308 0.015750 0.034971
1 0.026250 0.135304 0.019500 0.046961
1 0.970938 0.119900 0.011250 0.011990
1 0.435312 0.133222 0.050250 0.047960
1 0.192188 0.123647 0.009750 0.024979
1 0.085938 0.130308 0.020250 0.042964
1 0.065000 0.122398 0.010500 0.023980
1 0.377188 0.127394 0.032250 0.037968
1 0.230000 0.133222 0.031500 0.051957
1 0.770938 0.158618 0.143250 0.114904
1 0.109687 0.121565 0.021750 0.025978
1 0.029063 0.122814 0.009750 0.028976
1 0.009750 0.126978 0.019500 0.038968
1 0.802188 0.119484 0.026250 0.022981
1 0.236563 0.142381 0.047250 0.079933
1 0.096562 0.115737 0.008250 0.015987
1 0.071250 0.114904 0.010500 0.013988
1 0.476250 0.138634 0.043500 0.072939
1 0.402187 0.119067 0.012750 0.025978
1 0.420312 0.112823 0.011250 0.012989
1 0.712187 0.113655 0.014250 0.016986
1 0.489687 0.113655 0.012750 0.016986
1 0.786250 0.116570 0.025500 0.025978
1 0.308750 0.111990 0.015000 0.014988
1 0.282187 0.112406 0.020250 0.015987
1 0.058125 0.109492 0.009000 0.008993
1 0.318437 0.111157 0.009750 0.016986
1 0.576250 0.131973 0.034500 0.068943
1 0.079375 0.106578 0.013500 0.007993
1 0.041563 0.113655 0.021750 0.024979
1 0.344062 0.110741 0.020250 0.019983
1 0.807187 0.105329 0.014250 0.008993
1 0.796875 0.106994 0.015000 0.012989
1 0.156875 0.109076 0.018000 0.017985
1 0.230625 0.106162 0.010500 0.012989
1 0.724375 0.110325 0.010500 0.024979
1 0.876563 0.160699 0.108750 0.147877
1 0.820625 0.111574 0.016500 0.031973
1 0.370312 0.105745 0.011250 0.017985
1 0.171875 0.109492 0.019500 0.026978
1 0.045625 0.103664 0.016500 0.014988
1 0.990313 0.112406 0.017250 0.037968
1 0.067500 0.102831 0.013500 0.014988
1 0.434375 0.109492 0.021000 0.034971
1 0.415625 0.106162 0.021000 0.026978
1 0.270625 0.103664 0.013500 0.020983
1 0.830625 0.101582 0.004500 0.017985
1 0.328437 0.182764 0.165750 0.214821
1 0.262500 0.111574 0.025500 0.045962
1 0.679688 0.106994 0.014250 0.036969
1 0.180312 0.099917 0.020250 0.019983
1 0.054688 0.095754 0.009750 0.009992
1 0.330000 0.113239 0.036000 0.053955
1 0.159375 0.095337 0.013500 0.012989
1 0.562500 0.095337 0.010500 0.016986
1 0.316563 0.097835 0.017250 0.022981
1 0.194688 0.096170 0.008250 0.018984
1 0.414375 0.091174 0.015000 0.008993
1 0.622188 0.093256 0.011250 0.015987
1 0.244688 0.098668 0.015750 0.030974
1 0.965000 0.094088 0.018000 0.021982
1 0.707500 0.104496 0.042000 0.046961
1 0.612812 0.091174 0.009750 0.014988
1 0.683438 0.089509 0.017250 0.014988
1 0.073438 0.089509 0.009750 0.014988
1 0.800937 0.091590 0.015750 0.021982
1 0.610313 0.145712 0.090750 0.155870
1 0.134063 0.090758 0.008250 0.023980
1 0.217812 0.109076 0.047250 0.069942
1 0.557813 0.086178 0.015750 0.016986
1 0.380312 0.103664 0.047250 0.060949
1 0.172500 0.089092 0.021000 0.025978
1 0.123438 0.092839 0.015750 0.036969
1 0.088438 0.093256 0.047250 0.039967
1 0.011875 0.082015 0.010500 0.012989
1 0.431875 0.085346 0.009000 0.022981
1 0.381250 0.080350 0.007500 0.010991
1 0.247188 0.081182 0.017250 0.012989
1 0.184688 0.082431 0.008250 0.015987
1 0.137187 0.084513 0.014250 0.022981
1 0.167187 0.078268 0.014250 0.011990
1 0.108125 0.077019 0.013500 0.010991
1 0.569688 0.081599 0.017250 0.023980
1 0.529687 0.087011 0.011250 0.038968
1 0.427812 0.075770 0.008250 0.015987
1 0.220000 0.076603 0.013500 0.017985
1 0.557500 0.072856 0.012000 0.012989
1 0.753750 0.072440 0.013500 0.013988
1 0.684375 0.075354 0.016500 0.020983
1 0.527813 0.119484 0.092250 0.126894
1 0.463750 0.091590 0.048000 0.061948
1 0.099062 0.071191 0.008250 0.014988
1 0.270313 0.081182 0.035250 0.042964
1 0.154375 0.067860 0.016500 0.010991
1 0.065312 0.073689 0.032250 0.026978
1 0.050000 0.065362 0.012000 0.008993
1 0.415625 0.068693 0.016500 0.018984
1 0.808438 0.063281 0.014250 0.007993
1 0.708125 0.080350 0.046500 0.048959
1 0.738750 0.074105 0.036000 0.035970
1 0.584375 0.068693 0.022500 0.024979
1 0.547813 0.070358 0.015750 0.030974
1 0.028125 0.092007 0.056250 0.086928
1 0.760000 0.063281 0.018000 0.019983
1 0.660937 0.089092 0.035250 0.083930
1 0.961250 0.063281 0.007500 0.023980
1 0.739062 0.057868 0.008250 0.010991
1 0.262500 0.062448 0.016500 0.021982
1 0.677188 0.058701 0.017250 0.016986
1 0.272813 0.057452 0.009750 0.013988
1 0.163125 0.063697 0.048000 0.028976
1 0.510312 0.056203 0.012750 0.012989
1 0.376250 0.060366 0.024000 0.022981
1 0.528750 0.069942 0.031500 0.047960
1 0.035312 0.055787 0.012750 0.013988
1 0.016250 0.055787 0.015000 0.013988
1 0.175313 0.053289 0.006750 0.009992
1 0.126562 0.064530 0.053250 0.036969
1 0.752500 0.052040 0.010500 0.008993
1 0.702500 0.052873 0.007500 0.010991
1 0.654375 0.053289 0.010500 0.011990
1 0.320625 0.051624 0.010500 0.009992
1 0.089375 0.064113 0.034500 0.039967
1 0.545312 0.055371 0.021750 0.020983
1 0.193750 0.057868 0.022500 0.026978
1 0.462500 0.054122 0.021000 0.019983
1 0.824688 0.055371 0.017250 0.026978
1 0.301250 0.048709 0.010500 0.010991
1 0.135313 0.049958 0.009750 0.015987
1 0.148125 0.048293 0.010500 0.013988
1 0.290625 0.046628 0.015000 0.011990
1 0.063750 0.051624 0.021000 0.023980
1 0.109375 0.047877 0.010500 0.016986
1 0.371563 0.051207 0.024750 0.026978
1 0.980938 0.043297 0.008250 0.009992
1 0.794063 0.047044 0.018750 0.018984
1 0.403125 0.044963 0.012000 0.017985
1 0.355000 0.048293 0.015000 0.025978
1 0.888437 0.041632 0.009750 0.011990
1 0.099062 0.040799 0.009750 0.009992
1 0.015000 0.046628 0.030000 0.029975
1 0.292187 0.039550 0.015750 0.014988
1 0.451250 0.039967 0.010500 0.017985
1 0.340313 0.038718 0.009750 0.014988
1 0.242188 0.061615 0.045750 0.069942
1 0.189375 0.039550 0.021000 0.018984
1 0.306875 0.071191 0.138000 0.096919
1 0.687187 0.047877 0.023250 0.042964
1 0.247188 0.034555 0.009750 0.010991
1 0.212188 0.035803 0.008250 0.013988
1 0.202813 0.036220 0.012750 0.016986
1 0.672813 0.036220 0.012750 0.018984
1 0.264375 0.034555 0.012000 0.014988
1 0.736875 0.035803 0.016500 0.019983
1 0.401562 0.066611 0.062250 0.093922
1 0.770312 0.032889 0.011250 0.014988
1 0.760312 0.031640 0.017250 0.011990
1 0.426563 0.052040 0.045750 0.060949
1 0.174063 0.044130 0.023250 0.041965
1 0.114375 0.032889 0.015000 0.018984
1 0.070938 0.043297 0.027750 0.043963
1 0.339687 0.027477 0.012750 0.007993
1 0.105625 0.032057 0.007500 0.018984
1 0.046562 0.037469 0.029250 0.031973
1 0.017188 0.029142 0.014250 0.011990
1 0.799687 0.029559 0.017250 0.016986
1 0.576875 0.029975 0.007500 0.017985
1 0.743125 0.037469 0.028500 0.037968
1 0.255937 0.027061 0.011250 0.014988
1 0.685937 0.024563 0.009750 0.010991
1 0.284062 0.029559 0.020250 0.024979
1 0.120000 0.025396 0.007500 0.014988
1 0.424063 0.024979 0.005250 0.017985
1 0.191875 0.024147 0.012000 0.015987
1 0.008625 0.027477 0.017250 0.023980
1 0.084375 0.032889 0.025500 0.038968
1 0.370625 0.022481 0.009000 0.015987
1 0.330625 0.024979 0.016500 0.021982
1 0.983125 0.026228 0.016500 0.026978
1 0.022500 0.019567 0.015000 0.010991
1 0.267813 0.020400 0.015750 0.014988
1 0.151250 0.026644 0.018000 0.035970
1 0.137813 0.024563 0.017250 0.030974
1 0.124688 0.014988 0.015750 0.007993
1 0.964375 0.025396 0.025500 0.034971
1 0.184062 0.014155 0.014250 0.007993
1 0.042813 0.017069 0.011250 0.014988
1 0.507812 0.014155 0.008250 0.011990
1 0.303750 0.029142 0.045000 0.047960
1 0.280313 0.014571 0.014250 0.012989
1 0.092813 0.022481 0.020250 0.031973
1 0.497188 0.039967 0.041250 0.075937
1 0.034688 0.011657 0.008250 0.007993
1 0.990938 0.020400 0.014250 0.032973
1 0.340625 0.011241 0.010500 0.010991
1 0.430625 0.018318 0.022500 0.029975
1 0.676250 0.013739 0.015000 0.020983
1 0.080312 0.009575 0.009750 0.010991
1 0.174375 0.019567 0.027000 0.036969
1 0.201875 0.016236 0.027000 0.030974
1 0.115000 0.013739 0.027000 0.024979
1 0.394375 0.019983 0.030000 0.039967
1 0.303125 0.007077 0.012000 0.010991
1 0.264688 0.007910 0.011250 0.012989
1 0.159062 0.009575 0.008250 0.016986
1 0.776563 0.008743 0.011250 0.016986
1 0.608125 0.007494 0.013500 0.013988
1 0.491563 0.004996 0.011250 0.007993
1 0.383125 0.011990 0.013500 0.023980
1 0.144375 0.007077 0.010500 0.012989
1 0.016563 0.007077 0.023250 0.012989
1 0.997000 0.010991 0.006000 0.021982
1 0.987500 0.003497 0.012000 0.006994
1 0.972187 0.012989 0.024750 0.025978
1 0.883125 0.016986 0.027000 0.033972
1 0.855313 0.004996 0.015750 0.009992
1 0.868750 0.094421 0.262500 0.188843
1 0.776563 0.083430 0.123750 0.166861
1 0.763750 0.014988 0.018000 0.029975
1 0.721250 0.042465 0.082500 0.084929
1 0.687813 0.010991 0.014250 0.021982
1 0.658438 0.031474 0.038250 0.062948
1 0.657500 0.003997 0.016500 0.007993
1 0.542500 0.011490 0.009000 0.022981
1 0.584688 0.073938 0.156750 0.147877
1 0.516875 0.005495 0.016500 0.010991
1 0.503437 0.004496 0.012750 0.008993
1 0.483438 0.006495 0.009750 0.012989
1 0.473125 0.027977 0.018000 0.055953
1 0.454062 0.027477 0.039750 0.054954
1 0.441875 0.007494 0.007500 0.014988
1 0.408750 0.025978 0.034500 0.051957
1 0.372500 0.008493 0.012000 0.016986
1 0.364063 0.007494 0.011250 0.014988
1 0.350938 0.021982 0.027750 0.043963
1 0.345625 0.005995 0.010500 0.011990
1 0.329375 0.004496 0.015000 0.008993
1 0.317188 0.004996 0.011250 0.009992
1 0.284062 0.008993 0.032250 0.017985
1 0.245938 0.010991 0.030750 0.021982
1 0.218750 0.051957 0.067500 0.103913
1 0.210625 0.019484 0.025500 0.038968
1 0.070625 0.008993 0.012000 0.017985
1 0.059062 0.006495 0.012750 0.012989
