1 0.109219 0.865000 0.218437 0.270000
1 0.305078 0.743750 0.014063 0.022500
1 0.308203 0.759375 0.040313 0.072500
1 0.221094 0.735938 0.030000 0.023750
1 0.124219 0.728125 0.024375 0.030000
1 0.333984 0.720833 0.025312 0.030000
1 0.273047 0.750521 0.036562 0.103750
1 0.237109 0.723437 0.036562 0.053750
1 0.313281 0.693229 0.016875 0.016250
1 0.267188 0.696354 0.020625 0.043750
1 0.207422 0.708333 0.030937 0.072500
1 0.358984 0.695833 0.038437 0.057500
1 0.334766 0.690104 0.060937 0.058750
1 0.380859 0.663542 0.015938 0.017500
1 0.299609 0.681250 0.055313 0.060000
1 0.244922 0.671875 0.049687 0.047500
1 0.242188 0.648438 0.013125 0.018750
1 0.221875 0.643750 0.024375 0.020000
1 0.398438 0.646875 0.024375 0.037500
1 0.254688 0.628646 0.015000 0.026250
1 0.271094 0.626042 0.024375 0.040000
1 0.223828 0.620833 0.025312 0.027500
1 0.312500 0.614583 0.022500 0.027500
1 0.330078 0.612500 0.030937 0.035000
1 0.411719 0.609375 0.031875 0.045000
1 0.326953 0.589583 0.029062 0.025000
1 0.376563 0.575000 0.013125 0.010000
1 0.438672 0.595313 0.044062 0.086250
1 0.371484 0.565625 0.036562 0.030000
1 0.271094 0.566667 0.031875 0.032500
1 0.269531 0.595313 0.099375 0.103750
1 0.289062 0.619271 0.108750 0.183750
1 0.345703 0.545833 0.019688 0.025000
1 0.435547 0.543229 0.030937 0.036250
1 0.485547 0.534896 0.029062 0.033750
1 0.375781 0.531250 0.013125 0.030000
1 0.366406 0.517188 0.005625 0.018750
1 0.331641 0.514062 0.023438 0.026250
1 0.790938 0.700000 0.418125 0.600000
1 0.307031 0.523438 0.035625 0.058750
1 0.382812 0.522396 0.037500 0.066250
1 0.435547 0.511979 0.030937 0.048750
1 0.362891 0.494271 0.019688 0.008750
1 0.422656 0.519792 0.043125 0.080000
1 0.243750 0.486458 0.031875 0.030000
1 0.383984 0.479687 0.008437 0.018750
1 0.311719 0.482292 0.031875 0.045000
1 0.450781 0.500000 0.046875 0.095000
1 0.423438 0.467708 0.030000 0.037500
1 0.359375 0.469271 0.022500 0.048750
1 0.405859 0.502083 0.032813 0.132500
1 0.387891 0.465104 0.027187 0.058750
1 0.383594 0.433333 0.013125 0.012500
1 0.410938 0.436458 0.015000 0.022500
1 0.372656 0.424479 0.020625 0.021250
1 0.461328 0.431250 0.019688 0.040000
1 0.335547 0.432292 0.032813 0.082500
1 0.527734 0.407813 0.025312 0.048750
1 0.416797 0.401562 0.023438 0.043750
1 0.446094 0.389062 0.011250 0.016250
1 0.452734 0.415625 0.072187 0.085000
1 0.508984 0.405729 0.019688 0.066250
1 0.527344 0.379688 0.016875 0.036250
1 0.505859 0.368750 0.021562 0.017500
1 0.486328 0.368750 0.019688 0.017500
1 0.478906 0.359896 0.022500 0.026250
1 0.547266 0.355729 0.045937 0.033750
1 0.395703 0.383854 0.105937 0.118750
1 0.466406 0.338542 0.020625 0.030000
1 0.489453 0.325000 0.029062 0.042500
1 0.473828 0.316146 0.036562 0.028750
1 0.435156 0.316146 0.033750 0.036250
1 0.529687 0.317188 0.091875 0.076250
1 0.418750 0.295312 0.033750 0.036250
1 0.025781 0.289583 0.051562 0.075000
1 0.498437 0.279167 0.026250 0.052500
1 0.546484 0.279167 0.029062 0.060000
1 0.466797 0.267708 0.029062 0.050000
1 0.815781 0.228750 0.368437 0.457500
