1 0.248828 0.978125 0.021562 0.030000
1 0.297656 0.975000 0.013125 0.050000
1 0.258594 0.970000 0.048750 0.060000
1 0.323047 0.961979 0.049687 0.061250
1 0.277344 0.927083 0.015000 0.012500
1 0.230859 0.914062 0.015938 0.018750
1 0.253906 0.902083 0.037500 0.035000
1 0.373437 0.925000 0.076875 0.125000
1 0.328125 0.908333 0.135000 0.120000
1 0.338672 0.840625 0.025312 0.035000
1 0.278906 0.846354 0.082500 0.056250
1 0.521875 0.845313 0.056250 0.056250
1 0.425000 0.838542 0.060000 0.052500
1 0.384766 0.830208 0.025312 0.060000
1 0.315234 0.807813 0.021562 0.031250
1 0.210938 0.872500 0.075000 0.255000
1 0.142969 0.839063 0.063750 0.133750
1 0.123438 0.866875 0.097500 0.266250
1 0.471484 0.844792 0.158437 0.165000
1 0.344922 0.784375 0.015938 0.022500
1 0.311719 0.782813 0.028125 0.018750
1 0.411719 0.784896 0.028125 0.031250
1 0.285156 0.790104 0.041250 0.068750
1 0.477734 0.782292 0.062812 0.062500
1 0.435156 0.771875 0.022500 0.037500
1 0.383203 0.758854 0.019688 0.036250
1 0.347656 0.750521 0.016875 0.021250
1 0.507812 0.750521 0.018750 0.023750
1 0.430859 0.734375 0.025312 0.030000
1 0.097266 0.744792 0.049687 0.072500
1 0.630078 0.736458 0.047812 0.080000
1 0.542578 0.738021 0.066562 0.196250
1 0.225781 0.668229 0.048750 0.068750
1 0.372656 0.641146 0.024375 0.026250
1 0.399219 0.641667 0.022500 0.037500
1 0.324219 0.687500 0.106875 0.150000
1 0.481250 0.669792 0.050625 0.137500
1 0.545312 0.630729 0.065625 0.066250
1 0.581250 0.648438 0.054375 0.161250
1 0.523047 0.636979 0.092812 0.151250
1 0.427734 0.609896 0.042188 0.086250
1 0.139063 0.598437 0.048750 0.058750
1 0.377734 0.591667 0.036562 0.047500
1 0.044062 0.661979 0.088125 0.238750
1 0.233203 0.696354 0.284062 0.351250
1 0.353516 0.551562 0.012188 0.013750
1 0.286328 0.580729 0.060937 0.091250
1 0.567578 0.555729 0.060937 0.051250
1 0.396094 0.546354 0.030000 0.031250
1 0.433203 0.622917 0.107813 0.240000
1 0.239453 0.539062 0.059062 0.056250
1 0.358594 0.508854 0.041250 0.023750
1 0.532031 0.518229 0.058125 0.058750
1 0.720313 0.525521 0.046875 0.078750
1 0.417578 0.498437 0.045937 0.023750
1 0.454688 0.500521 0.026250 0.043750
1 0.685547 0.513542 0.032813 0.085000
1 0.416406 0.481771 0.045000 0.026250
1 0.505859 0.542188 0.053437 0.188750
1 0.602734 0.488542 0.034687 0.080000
1 0.313281 0.498958 0.069375 0.115000
1 0.473828 0.482812 0.036562 0.096250
1 0.704688 0.458333 0.015000 0.045000
1 0.723437 0.472917 0.041250 0.087500
1 0.379688 0.447396 0.016875 0.026250
1 0.463281 0.458854 0.054375 0.066250
1 0.733203 0.430208 0.019688 0.012500
1 0.419141 0.439063 0.042188 0.058750
1 0.465625 0.404687 0.022500 0.033750
1 0.691797 0.412500 0.042188 0.057500
1 0.401562 0.396354 0.022500 0.033750
1 0.653906 0.391146 0.045000 0.031250
1 0.503516 0.413021 0.055313 0.118750
1 0.587891 0.379688 0.029062 0.051250
1 0.565234 0.368750 0.027187 0.027500
1 0.456641 0.365104 0.025312 0.026250
1 0.645703 0.367188 0.045937 0.046250
1 0.674219 0.353125 0.016875 0.035000
1 0.440234 0.357292 0.017813 0.050000
1 0.458594 0.343229 0.020625 0.018750
1 0.589453 0.409896 0.132187 0.196250
1 0.380469 0.332813 0.013125 0.016250
1 0.534766 0.365625 0.057188 0.102500
1 0.399219 0.333854 0.022500 0.033750
1 0.207031 0.341146 0.058125 0.061250
1 0.516797 0.336979 0.092812 0.056250
1 0.574609 0.311458 0.017813 0.010000
1 0.661328 0.316667 0.038437 0.042500
1 0.626953 0.309375 0.051562 0.042500
1 0.590625 0.300000 0.013125 0.035000
1 0.566406 0.293750 0.007500 0.030000
1 0.357422 0.363021 0.126562 0.208750
1 0.633984 0.263542 0.047812 0.037500
1 0.548438 0.276042 0.033750 0.070000
1 0.595703 0.260417 0.030937 0.037500
1 0.471094 0.285938 0.148125 0.118750
1 0.677344 0.241667 0.015000 0.052500
1 0.576172 0.221875 0.059062 0.050000
1 0.637500 0.168750 0.050625 0.062500
1 0.550391 0.159896 0.057188 0.063750
1 0.032344 0.026875 0.064687 0.053750
