1 0.505078 0.697917 0.019688 0.042500
1 0.540625 0.665104 0.022500 0.033750
1 0.457422 0.663021 0.025312 0.031250
1 0.571094 0.647917 0.018750 0.037500
1 0.492188 0.663021 0.043125 0.106250
1 0.505469 0.609896 0.026250 0.026250
1 0.454688 0.620833 0.043125 0.072500
1 0.592969 0.598437 0.024375 0.031250
1 0.484375 0.557813 0.024375 0.023750
1 0.404687 0.521875 0.030000 0.025000
1 0.516797 0.573958 0.074063 0.185000
1 0.625000 0.360938 0.024375 0.031250
1 0.534375 0.352604 0.026250 0.043750
1 0.558594 0.333854 0.016875 0.038750
1 0.521875 0.295833 0.018750 0.037500
1 0.410547 0.290625 0.023438 0.025000
1 0.563672 0.258333 0.023438 0.025000
1 0.545703 0.286458 0.036562 0.120000
1 0.480469 0.248438 0.022500 0.033750
1 0.492578 0.208333 0.047812 0.035000
1 0.494531 0.404687 0.247500 0.506250
1 0.531250 0.199479 0.018750 0.041250
1 0.495312 0.183854 0.018750 0.036250
1 0.517188 0.179167 0.018750 0.042500
1 0.584375 0.101562 0.028125 0.026250
