1 0.637500 0.996003 0.010500 0.007993
1 0.577500 0.995504 0.010500 0.008993
1 0.728437 0.994505 0.018750 0.010991
1 0.434688 0.994005 0.011250 0.011990
1 0.942187 0.993006 0.008250 0.013988
1 0.681875 0.993006 0.031500 0.013988
1 0.145313 0.993006 0.015750 0.013988
1 0.016875 0.993006 0.019500 0.013988
1 0.447500 0.992506 0.015000 0.014988
1 0.030000 0.992506 0.019500 0.014988
1 0.586562 0.990008 0.014250 0.019983
1 0.307812 0.987927 0.012750 0.014988
1 0.006750 0.986261 0.013500 0.010991
1 0.746563 0.986261 0.008250 0.014988
1 0.177813 0.987510 0.021750 0.024979
1 0.761875 0.985512 0.033000 0.028976
1 0.574063 0.982515 0.020250 0.034971
1 0.850000 0.975021 0.009000 0.011990
1 0.642813 0.981515 0.041250 0.036969
1 0.317188 0.974188 0.011250 0.011990
1 0.976750 0.981016 0.046500 0.037968
1 0.319375 0.981016 0.018000 0.037968
1 0.363125 0.977935 0.013500 0.024979
1 0.149062 0.971690 0.011250 0.011990
1 0.172500 0.972523 0.010500 0.015987
1 0.037187 0.966278 0.006750 0.008993
1 0.347500 0.976520 0.049500 0.046961
1 0.275625 0.964197 0.007500 0.011990
1 0.628125 0.965029 0.019500 0.021982
1 0.545000 0.962115 0.018000 0.016986
1 0.795625 0.956286 0.010500 0.010991
1 0.955625 0.970525 0.027000 0.058951
1 0.948125 0.951707 0.015000 0.015987
1 0.661250 0.947544 0.018000 0.011990
1 0.931250 0.950458 0.018000 0.020983
1 0.820625 0.945878 0.012000 0.025978
1 0.993250 0.947544 0.013500 0.031973
1 0.335313 0.938801 0.011250 0.014988
1 0.650625 0.937968 0.010500 0.018984
1 0.980938 0.938385 0.018750 0.027977
1 0.777188 0.939634 0.027750 0.030974
1 0.814688 0.931307 0.012750 0.016986
1 0.824375 0.928809 0.013500 0.012989
1 0.412500 0.933805 0.021000 0.030974
1 0.674063 0.924230 0.030750 0.017985
1 0.423438 0.924646 0.015750 0.018984
1 0.824063 0.949042 0.080250 0.101915
1 0.820312 0.917569 0.012750 0.011990
1 0.410625 0.919650 0.013500 0.016986
1 0.631875 0.924230 0.010500 0.029975
1 0.811250 0.914654 0.009000 0.016986
1 0.989125 0.920067 0.021750 0.031973
1 0.981875 0.907993 0.015000 0.016986
1 0.718437 0.939051 0.197250 0.121898
1 0.670000 0.906328 0.012000 0.020983
1 0.207813 0.898418 0.011250 0.013988
1 0.178750 0.897585 0.013500 0.013988
1 0.168750 0.897585 0.006000 0.013988
1 0.797500 0.889259 0.009000 0.017985
1 0.625938 0.886761 0.009750 0.011990
1 0.059062 0.884679 0.014250 0.010991
1 0.817813 0.889259 0.011250 0.027977
1 0.203750 0.885928 0.025500 0.029975
1 0.336875 0.875937 0.009000 0.011990
1 0.806562 0.872606 0.014250 0.007993
1 0.722500 0.885512 0.045000 0.038968
1 0.396875 0.875520 0.018000 0.016986
1 0.342813 0.870525 0.006750 0.014988
1 0.706250 0.869276 0.012000 0.017985
1 0.367188 0.866778 0.009750 0.011990
1 0.995875 0.855121 0.008250 0.015987
1 0.411250 0.853455 0.018000 0.019983
1 0.316563 0.851790 0.021750 0.029975
1 0.036875 0.847211 0.028500 0.030974
1 0.425312 0.838052 0.005250 0.016986
1 0.276250 0.828060 0.010500 0.014988
1 0.980938 0.826395 0.008250 0.012989
1 0.415312 0.833888 0.024750 0.030974
1 0.264062 0.838884 0.050250 0.046961
1 0.824688 0.824729 0.012750 0.014988
1 0.603750 0.824313 0.013500 0.019983
1 0.403438 0.820566 0.012750 0.010991
1 0.287187 0.822648 0.014250 0.015987
1 0.355625 0.837219 0.070500 0.054954
1 0.316563 0.831391 0.059250 0.040966
1 0.018750 0.853455 0.037500 0.093922
1 0.299687 0.814321 0.009750 0.013988
1 0.668438 0.810991 0.011250 0.007993
1 0.095312 0.812656 0.017250 0.011990
1 0.006000 0.812240 0.012000 0.012989
1 0.315312 0.817236 0.017250 0.032973
1 0.423125 0.815987 0.031500 0.035970
1 0.655937 0.808909 0.018750 0.020983
1 0.352500 0.806411 0.010500 0.018984
1 0.583750 0.803081 0.010500 0.018984
1 0.475625 0.800167 0.007500 0.019983
1 0.212500 0.795587 0.018000 0.022981
1 0.474375 0.787677 0.015000 0.009992
1 0.346250 0.798085 0.076500 0.044963
1 0.006375 0.782681 0.012750 0.007993
1 0.337187 0.783097 0.014250 0.010991
1 0.492188 0.782681 0.014250 0.013988
1 0.651563 0.782681 0.014250 0.017985
1 0.234063 0.783514 0.015750 0.019983
1 0.458750 0.774355 0.010500 0.011990
1 0.995500 0.774355 0.009000 0.017985
1 0.344062 0.774771 0.030750 0.028976
1 0.494375 0.768110 0.015000 0.018984
1 0.662813 0.764779 0.009750 0.012989
1 0.364375 0.770608 0.021000 0.032973
1 0.370312 0.760200 0.009750 0.009992
1 0.230625 0.760200 0.013500 0.013988
1 0.844688 0.757286 0.009750 0.022981
1 0.505000 0.756869 0.021000 0.021982
1 0.790312 0.752706 0.008250 0.013988
1 0.853437 0.748543 0.014250 0.019983
1 0.956562 0.741882 0.008250 0.011990
1 0.668750 0.747294 0.025500 0.028976
1 0.264375 0.747294 0.019500 0.028976
1 0.917813 0.748127 0.020250 0.032973
1 0.415625 0.749376 0.019500 0.035970
1 0.484063 0.735637 0.006750 0.010991
1 0.647500 0.733972 0.012000 0.012989
1 0.857187 0.735221 0.018750 0.027977
1 0.221250 0.728976 0.012000 0.012989
1 0.995500 0.723980 0.009000 0.012989
1 0.268750 0.723564 0.009000 0.015987
1 0.419687 0.727727 0.012750 0.033972
1 0.686875 0.720649 0.018000 0.022981
1 0.656563 0.712323 0.011250 0.014988
1 0.476250 0.708160 0.012000 0.008993
1 0.439375 0.729808 0.102000 0.064946
1 0.991375 0.715654 0.017250 0.046961
1 0.966562 0.700666 0.017250 0.010991
1 0.482500 0.697336 0.016500 0.018984
1 0.746563 0.692340 0.005250 0.014988
1 0.077813 0.691507 0.011250 0.012989
1 0.251875 0.716486 0.075000 0.078934
1 0.970625 0.689842 0.016500 0.016986
1 0.505938 0.707744 0.047250 0.059950
1 0.486563 0.687760 0.011250 0.013988
1 0.134687 0.685679 0.011250 0.012989
1 0.903125 0.683181 0.012000 0.012989
1 0.937187 0.682348 0.005250 0.014988
1 0.479063 0.678601 0.014250 0.007993
1 0.292812 0.689009 0.023250 0.032973
1 0.690937 0.681099 0.012750 0.015987
1 0.006375 0.683597 0.012750 0.021982
1 0.767500 0.698168 0.090000 0.060949
1 0.676875 0.696087 0.028500 0.065945
1 0.856250 0.674022 0.013500 0.024979
1 0.629687 0.670691 0.026250 0.018984
1 0.743125 0.673189 0.012000 0.026978
1 0.479063 0.695254 0.050250 0.081932
1 0.516875 0.667361 0.006000 0.016986
1 0.228750 0.683181 0.031500 0.054954
1 0.769062 0.664863 0.005250 0.016986
1 0.308750 0.666112 0.025500 0.019983
1 0.369063 0.661948 0.014250 0.013988
1 0.513437 0.659867 0.008250 0.012989
1 0.500938 0.664863 0.020250 0.024979
1 0.855938 0.657369 0.009750 0.008993
1 0.809688 0.655704 0.017250 0.018984
1 0.799687 0.655287 0.006750 0.017985
1 0.626250 0.654038 0.009000 0.014988
1 0.115625 0.661116 0.046500 0.031973
1 0.846875 0.661532 0.013500 0.036969
1 0.007500 0.655287 0.015000 0.027977
1 0.957812 0.650291 0.008250 0.017985
1 0.534687 0.636969 0.014250 0.009992
1 0.354687 0.726478 0.240750 0.226811
1 0.127500 0.645712 0.025500 0.032973
1 0.120625 0.640716 0.006000 0.022981
1 0.135313 0.636137 0.005250 0.013988
1 0.895625 0.659450 0.084000 0.077935
1 0.729375 0.631141 0.007500 0.011990
1 0.104063 0.642381 0.030750 0.038968
1 0.686250 0.629475 0.013500 0.017985
1 0.400625 0.621982 0.009000 0.009992
1 0.308125 0.656953 0.081000 0.095920
1 0.249688 0.652789 0.096750 0.085928
1 0.389375 0.626145 0.028500 0.045962
1 0.256875 0.613239 0.019500 0.022981
1 0.536563 0.606994 0.008250 0.015987
1 0.190312 0.662781 0.072750 0.153872
1 0.009375 0.608659 0.018750 0.025978
1 0.305312 0.601998 0.018750 0.021982
1 0.022187 0.599500 0.009750 0.017985
1 0.775312 0.591590 0.006750 0.014988
1 0.058438 0.592839 0.006750 0.021982
1 0.495937 0.590758 0.014250 0.020983
1 0.671562 0.589509 0.027750 0.021982
1 0.755000 0.584097 0.006000 0.010991
1 0.186250 0.589509 0.016500 0.025978
1 0.307500 0.584513 0.028500 0.017985
1 0.867812 0.577019 0.011250 0.009992
1 0.765312 0.585762 0.015750 0.030974
1 0.496875 0.576187 0.021000 0.009992
1 0.566562 0.584097 0.033750 0.032973
1 0.019875 0.583680 0.039750 0.033972
1 0.688750 0.575770 0.015000 0.016986
1 0.750938 0.573272 0.018750 0.012989
1 0.375000 0.574521 0.010500 0.015987
1 0.375625 0.582431 0.042000 0.034971
1 0.037812 0.574105 0.029250 0.016986
1 0.274062 0.569109 0.026250 0.014988
1 0.742188 0.567444 0.008250 0.014988
1 0.962187 0.564530 0.012750 0.011990
1 0.549375 0.571191 0.015000 0.027977
1 0.118750 0.570774 0.027000 0.026978
1 0.343750 0.563697 0.015000 0.015987
1 0.435312 0.563281 0.015750 0.016986
1 0.345313 0.600333 0.078750 0.105912
1 0.302187 0.567860 0.035250 0.027977
1 0.022500 0.564946 0.021000 0.022981
1 0.310312 0.562032 0.018750 0.017985
1 0.102500 0.557868 0.012000 0.009992
1 0.212812 0.561199 0.014250 0.021982
1 0.087500 0.554954 0.009000 0.010991
1 0.541875 0.545379 0.010500 0.009992
1 0.945937 0.549958 0.029250 0.024979
1 0.240937 0.544130 0.008250 0.016986
1 0.566875 0.537052 0.009000 0.015987
1 0.330625 0.534971 0.007500 0.018984
1 0.878750 0.532889 0.006000 0.015987
1 0.596562 0.551624 0.057750 0.062948
1 0.159750 0.714738 0.319500 0.570525
1 0.987187 0.529975 0.006750 0.016986
1 0.168437 0.522065 0.012750 0.009992
1 0.064062 0.525396 0.012750 0.021982
1 0.493437 0.518734 0.015750 0.011990
1 0.229375 0.517485 0.016500 0.010991
1 0.196250 0.545379 0.070500 0.077935
1 0.203750 0.517902 0.010500 0.013988
1 0.531563 0.518734 0.012750 0.019983
1 0.924687 0.513322 0.012750 0.008993
1 0.123750 0.517902 0.007500 0.019983
1 0.164062 0.512906 0.009750 0.009992
1 0.995500 0.512490 0.009000 0.012989
1 0.844375 0.510408 0.013500 0.011990
1 0.071563 0.514571 0.009750 0.023980
1 0.008438 0.508326 0.012750 0.010991
1 0.908750 0.534138 0.066000 0.074938
1 0.671562 0.511657 0.012750 0.020983
1 0.243125 0.509992 0.012000 0.016986
1 0.941250 0.505828 0.018000 0.012989
1 0.506563 0.504580 0.011250 0.011990
1 0.307812 0.500833 0.006750 0.010991
1 0.905625 0.497086 0.012000 0.009992
1 0.639687 0.521232 0.048750 0.067943
1 0.004500 0.500416 0.009000 0.019983
1 0.628125 0.501249 0.015000 0.027977
1 0.497188 0.494588 0.012750 0.013988
1 0.007812 0.495837 0.012750 0.018984
1 0.217188 0.498751 0.036750 0.037968
1 0.026562 0.490425 0.011250 0.019983
1 0.594375 0.479184 0.012000 0.006994
1 0.138750 0.501665 0.051000 0.060949
1 0.972500 0.482515 0.007500 0.016986
1 0.157188 0.487510 0.018750 0.030974
1 0.963437 0.477519 0.009750 0.016986
1 0.140937 0.473772 0.026250 0.013988
1 0.003375 0.478351 0.006750 0.024979
1 0.767500 0.480017 0.018000 0.034971
1 0.592187 0.496253 0.069750 0.079933
1 0.272813 0.471690 0.009750 0.024979
1 0.659062 0.468360 0.011250 0.020983
1 0.819063 0.465445 0.012750 0.015987
1 0.023125 0.465862 0.010500 0.016986
1 0.546250 0.485845 0.043500 0.066944
1 0.245938 0.491257 0.069750 0.081932
1 0.961875 0.461699 0.015000 0.016986
1 0.629062 0.471274 0.059250 0.043963
1 0.888437 0.477935 0.072750 0.067943
1 0.761875 0.456703 0.010500 0.018984
1 0.825000 0.452540 0.006000 0.010991
1 0.776875 0.460033 0.021000 0.028976
1 0.832812 0.452956 0.015750 0.017985
1 0.632188 0.452956 0.015750 0.017985
1 0.511563 0.451291 0.011250 0.015987
1 0.299063 0.450458 0.018750 0.013988
1 0.018125 0.448793 0.012000 0.009992
1 0.129375 0.448793 0.006000 0.013988
1 0.504375 0.448376 0.012000 0.016986
1 0.535312 0.448376 0.011250 0.018984
1 0.700625 0.444213 0.022500 0.022981
1 0.856875 0.444213 0.022500 0.028976
1 0.684688 0.440050 0.015750 0.022981
1 0.185312 0.444629 0.015750 0.037968
1 0.545625 0.435470 0.007500 0.017985
1 0.342500 0.439217 0.022500 0.032973
1 0.714375 0.504163 0.168000 0.194838
1 0.012375 0.460866 0.024750 0.092923
1 0.025625 0.428393 0.010500 0.016986
1 0.878125 0.434221 0.028500 0.036969
1 0.519375 0.424230 0.015000 0.012989
1 0.694063 0.426728 0.017250 0.020983
1 0.707500 0.422565 0.010500 0.018984
1 0.587187 0.442132 0.099750 0.065945
1 0.186875 0.421732 0.010500 0.020983
1 0.158438 0.440883 0.053250 0.066944
1 0.608437 0.418818 0.011250 0.015987
1 0.233437 0.416320 0.006750 0.011990
1 0.596875 0.417152 0.018000 0.015987
1 0.552813 0.415071 0.017250 0.010991
1 0.256250 0.414238 0.024000 0.012989
1 0.986250 0.410075 0.015000 0.010991
1 0.317188 0.410075 0.008250 0.010991
1 0.520938 0.412157 0.026250 0.017985
1 0.448750 0.408826 0.009000 0.009992
1 0.265625 0.407993 0.007500 0.011990
1 0.025625 0.408826 0.007500 0.013988
1 0.592187 0.407161 0.012750 0.013988
1 0.582187 0.408826 0.012750 0.021982
1 0.173437 0.400500 0.008250 0.013988
1 0.774687 0.427977 0.113250 0.083930
1 0.453125 0.402998 0.019500 0.023980
1 0.529687 0.401749 0.014250 0.024979
1 0.192812 0.395920 0.008250 0.010991
1 0.016125 0.411740 0.032250 0.052956
1 0.192500 0.399251 0.036000 0.034971
1 0.827500 0.390092 0.022500 0.032973
1 0.630313 0.380100 0.008250 0.010991
1 0.004125 0.383847 0.008250 0.021982
1 0.364375 0.375937 0.013500 0.008993
1 0.787500 0.372606 0.009000 0.008993
1 0.968125 0.373855 0.009000 0.013988
1 0.457500 0.371357 0.012000 0.017985
1 0.892188 0.373022 0.033750 0.029975
1 0.038750 0.363863 0.013500 0.009992
1 0.432188 0.363447 0.009750 0.018984
1 0.179375 0.366361 0.012000 0.031973
1 0.883750 0.354704 0.013500 0.009992
1 0.300000 0.351374 0.013500 0.013988
1 0.704375 0.349292 0.013500 0.012989
1 0.050937 0.343464 0.011250 0.008993
1 0.693438 0.343047 0.008250 0.013988
1 0.254063 0.338468 0.009750 0.010991
1 0.159062 0.336386 0.012750 0.007993
1 0.558438 0.340133 0.018750 0.022981
1 0.107813 0.334721 0.008250 0.011990
1 0.667500 0.335137 0.019500 0.016986
1 0.567500 0.384679 0.151500 0.139883
1 0.457500 0.323897 0.013500 0.007993
1 0.562500 0.325978 0.016500 0.014988
1 0.160000 0.325146 0.009000 0.014988
1 0.676250 0.393838 0.135000 0.181848
1 0.444063 0.328893 0.015750 0.029975
1 0.275625 0.343047 0.036000 0.063947
1 0.661875 0.325146 0.019500 0.022981
1 0.648438 0.319734 0.023250 0.011990
1 0.691875 0.324313 0.012000 0.024979
1 0.462813 0.315987 0.011250 0.010991
1 0.392188 0.318068 0.015750 0.015987
1 0.825625 0.331391 0.030000 0.049958
1 0.784062 0.314321 0.006750 0.012989
1 0.451875 0.313905 0.010500 0.015987
1 0.277500 0.310991 0.013500 0.008993
1 0.567500 0.313072 0.019500 0.017985
1 0.993625 0.306411 0.012750 0.007993
1 0.586250 0.313905 0.034500 0.027977
1 0.033438 0.308909 0.006750 0.017985
1 0.226875 0.298918 0.009000 0.009992
1 0.378437 0.503331 0.519750 0.502581
1 0.169375 0.297252 0.009000 0.011990
1 0.641250 0.299750 0.009000 0.023980
1 0.478438 0.412573 0.188250 0.296753
1 0.307812 0.320150 0.047250 0.080933
1 0.246875 0.296420 0.015000 0.023980
1 0.595625 0.295587 0.015000 0.025978
1 0.307812 0.288926 0.008250 0.011990
1 0.229687 0.286844 0.017250 0.010991
1 0.054688 0.288510 0.018750 0.014988
1 0.973125 0.286012 0.012000 0.014988
1 0.946875 0.314321 0.043500 0.084929
1 0.848437 0.360949 0.158250 0.198834
1 0.859688 0.284346 0.012750 0.022981
1 0.342500 0.305995 0.057000 0.080933
1 0.839063 0.287677 0.042750 0.040966
1 0.221250 0.275187 0.009000 0.014988
1 0.862187 0.271024 0.008250 0.008993
1 0.114687 0.272689 0.008250 0.012989
1 0.466250 0.270608 0.007500 0.009992
1 0.480938 0.269775 0.015750 0.011990
1 0.008250 0.276853 0.016500 0.034971
1 0.440937 0.266445 0.008250 0.015987
1 0.157188 0.258951 0.014250 0.009992
1 0.994000 0.260616 0.012000 0.015987
1 0.025125 0.291007 0.050250 0.088926
1 0.641250 0.256869 0.015000 0.012989
1 0.924375 0.257286 0.016500 0.015987
1 0.007500 0.255204 0.015000 0.010991
1 0.433125 0.262698 0.012000 0.032973
1 0.530000 0.254371 0.021000 0.014988
1 0.893750 0.273938 0.031500 0.063947
1 0.162500 0.252706 0.016500 0.012989
1 0.078437 0.255204 0.020250 0.020983
1 0.550312 0.251873 0.021750 0.016986
1 0.914375 0.312656 0.088500 0.166861
1 0.060000 0.250208 0.012000 0.016986
1 0.503750 0.248127 0.010500 0.013988
1 0.290938 0.258535 0.024750 0.038968
1 0.018437 0.249376 0.015750 0.016986
1 0.455313 0.246878 0.018750 0.014988
1 0.433750 0.277269 0.076500 0.089925
1 0.009000 0.244380 0.018000 0.012989
1 0.957812 0.243131 0.009750 0.011990
1 0.994750 0.237719 0.010500 0.016986
1 0.141250 0.242714 0.016500 0.034971
1 0.606875 0.231057 0.006000 0.010991
1 0.578438 0.226062 0.014250 0.010991
1 0.129688 0.226062 0.009750 0.010991
1 0.070000 0.230225 0.022500 0.034971
1 0.079062 0.217735 0.009750 0.016986
1 0.160312 0.213988 0.009750 0.009992
1 0.146563 0.212323 0.018750 0.011990
1 0.126875 0.216070 0.015000 0.024979
1 0.132188 0.208993 0.014250 0.013988
1 0.044250 0.243963 0.088500 0.115903
1 0.526875 0.185679 0.015000 0.019983
1 0.254688 0.182348 0.012750 0.011990
1 0.004500 0.181932 0.009000 0.018984
1 0.995125 0.181932 0.009750 0.020983
1 0.555000 0.174438 0.012000 0.006994
1 0.301563 0.178601 0.008250 0.018984
1 0.656875 0.171524 0.013500 0.013988
1 0.541562 0.181932 0.023250 0.040966
1 0.634687 0.170691 0.020250 0.023980
1 0.525000 0.167361 0.016500 0.017985
1 0.122813 0.156120 0.021750 0.026978
1 0.646875 0.167777 0.030000 0.064946
1 0.890000 0.146128 0.009000 0.016986
1 0.643125 0.139467 0.010500 0.012989
1 0.314063 0.142381 0.006750 0.019983
1 0.653125 0.138218 0.012000 0.017985
1 0.224375 0.133639 0.012000 0.020983
1 0.074063 0.131973 0.009750 0.016986
1 0.157812 0.130308 0.009750 0.018984
1 0.117500 0.132806 0.019500 0.026978
1 0.009687 0.129059 0.009750 0.021982
1 0.891875 0.127810 0.016500 0.024979
1 0.145937 0.140300 0.024750 0.054954
1 0.322500 0.129892 0.030000 0.031973
1 0.991563 0.125312 0.014250 0.028976
1 0.126250 0.116153 0.015000 0.016986
1 0.303438 0.117402 0.017250 0.023980
1 0.355000 0.123231 0.025500 0.039967
1 0.222500 0.111157 0.013500 0.014988
1 0.294687 0.116986 0.017250 0.030974
1 0.191562 0.107410 0.008250 0.007993
1 0.390000 0.119900 0.030000 0.041965
1 0.980125 0.137386 0.039750 0.097918
1 0.968125 0.106994 0.015000 0.024979
1 0.347187 0.101166 0.011250 0.010991
1 0.022500 0.103247 0.012000 0.015987
1 0.310000 0.098668 0.007500 0.020983
1 0.388437 0.096170 0.023250 0.024979
1 0.975938 0.087011 0.012750 0.006994
1 0.343125 0.097002 0.028500 0.034971
1 0.459688 0.087427 0.017250 0.013988
1 0.364063 0.116986 0.050250 0.092923
1 0.451875 0.084929 0.012000 0.017985
1 0.987250 0.088260 0.025500 0.027977
1 0.590000 0.084513 0.012000 0.020983
1 0.884687 0.078684 0.008250 0.008993
1 0.903438 0.082015 0.026250 0.018984
1 0.334062 0.079933 0.011250 0.015987
1 0.375312 0.084097 0.017250 0.029975
1 0.312188 0.090758 0.063750 0.059950
1 0.653438 0.076187 0.027750 0.028976
1 0.413125 0.064530 0.007500 0.016986
1 0.282187 0.064530 0.020250 0.026978
1 0.241250 0.064530 0.018000 0.034971
1 0.649062 0.055787 0.011250 0.017985
1 0.033750 0.054122 0.018000 0.013988
1 0.046250 0.052873 0.013500 0.016986
1 0.416250 0.051624 0.018000 0.015987
1 0.057500 0.052040 0.018000 0.020983
1 0.312812 0.064530 0.038250 0.052956
1 0.147375 0.319234 0.294750 0.638468
1 0.918125 0.046211 0.013500 0.018984
1 0.250312 0.044963 0.020250 0.019983
1 0.664375 0.043297 0.022500 0.017985
1 0.261250 0.040799 0.006000 0.011990
1 0.271562 0.048293 0.017250 0.031973
1 0.317188 0.036636 0.014250 0.007993
1 0.293125 0.047044 0.040500 0.032973
1 0.390313 0.040799 0.024750 0.021982
1 0.336875 0.051624 0.052500 0.047960
1 0.383750 0.058285 0.099000 0.069942
1 0.909062 0.034138 0.006750 0.015987
1 0.474687 0.036220 0.050250 0.026978
1 0.607500 0.025812 0.009000 0.011990
1 0.671562 0.022898 0.012750 0.010991
1 0.719375 0.039550 0.027000 0.052956
1 0.022500 0.022898 0.006000 0.012989
1 0.701562 0.037052 0.030750 0.048959
1 0.948750 0.030808 0.025500 0.035970
1 0.748750 0.019983 0.009000 0.013988
1 0.780000 0.017069 0.016500 0.008993
1 0.979750 0.046211 0.040500 0.080933
1 0.048750 0.016236 0.012000 0.008993
1 0.038437 0.017485 0.008250 0.013988
1 0.247812 0.016653 0.015750 0.013988
1 0.949063 0.013322 0.011250 0.013988
1 0.375000 0.011241 0.012000 0.010991
1 0.970000 0.018318 0.034500 0.031973
1 0.050000 0.008743 0.015000 0.008993
1 0.995875 0.012490 0.008250 0.019983
1 0.035000 0.006245 0.016500 0.010991
1 0.550125 0.600000 1.000000 1.000000
1 0.586250 0.004996 0.012000 0.009992
1 0.421875 0.009492 0.015000 0.018984
1 0.410000 0.005495 0.016500 0.010991
1 0.367812 0.005495 0.006750 0.010991
1 0.350313 0.009492 0.020250 0.018984
1 0.247188 0.006994 0.009750 0.013988
1 0.175625 0.015987 0.015000 0.031973
1 0.143125 0.006495 0.022500 0.012989
1 0.088750 0.008493 0.019500 0.016986
