1 0.582422 0.539583 0.015938 0.030000
1 0.428516 0.539062 0.015938 0.038750
1 0.561328 0.478125 0.012188 0.025000
1 0.341797 0.476042 0.019688 0.030000
1 0.591406 0.467708 0.022500 0.027500
1 0.608203 0.503646 0.094687 0.128750
1 0.544531 0.458854 0.045000 0.021250
1 0.408984 0.450000 0.014063 0.027500
1 0.652344 0.447396 0.022500 0.023750
1 0.637109 0.452604 0.021562 0.058750
1 0.351953 0.460938 0.083437 0.096250
1 0.378516 0.427083 0.015938 0.032500
1 0.324609 0.423958 0.023438 0.025000
1 0.578906 0.416667 0.024375 0.022500
1 0.648438 0.416146 0.041250 0.041250
1 0.541797 0.400000 0.025312 0.035000
1 0.501172 0.472396 0.190312 0.208750
1 0.474609 0.396354 0.029062 0.038750
1 0.346094 0.389062 0.018750 0.028750
1 0.547266 0.425521 0.083437 0.133750
1 0.553906 0.376563 0.022500 0.021250
1 0.587891 0.406250 0.085312 0.107500
1 0.358984 0.358333 0.021562 0.022500
1 0.501953 0.367188 0.030937 0.048750
1 0.702734 0.354687 0.015938 0.031250
1 0.421875 0.391146 0.159375 0.141250
1 0.391016 0.336979 0.017813 0.026250
1 0.538672 0.309375 0.014063 0.035000
1 0.528281 0.575000 1.000000 1.000000
