1 0.492578 0.968750 0.036562 0.062500
1 0.666406 0.897917 0.033750 0.065000
1 0.763672 0.861458 0.055313 0.047500
1 0.710547 0.838542 0.053437 0.047500
1 0.569531 0.835938 0.048750 0.056250
1 0.127031 0.884375 0.254062 0.231250
1 0.636719 0.849479 0.153750 0.136250
1 0.642188 0.775521 0.054375 0.043750
1 0.558984 0.770312 0.064687 0.063750
1 0.778906 0.769271 0.058125 0.111250
1 0.460156 0.720833 0.011250 0.010000
1 0.181250 0.735417 0.039375 0.070000
1 0.271094 0.729167 0.046875 0.062500
1 0.727734 0.711979 0.053437 0.048750
1 0.692187 0.677604 0.056250 0.046250
1 0.652734 0.723437 0.188437 0.223750
1 0.123828 0.648438 0.059062 0.046250
1 0.216016 0.661458 0.102187 0.100000
1 0.293750 0.635938 0.058125 0.046250
1 0.478125 0.614062 0.058125 0.046250
1 0.792578 0.597917 0.017813 0.032500
1 0.424219 0.570312 0.013125 0.013750
1 0.117578 0.566146 0.057188 0.048750
1 0.361328 0.561979 0.055313 0.051250
1 0.170313 0.543229 0.052500 0.046250
1 0.455859 0.505729 0.012188 0.016250
1 0.248047 0.569792 0.224062 0.170000
1 0.714063 0.523958 0.033750 0.065000
1 0.215625 0.519792 0.035625 0.072500
1 0.302344 0.504687 0.043125 0.051250
1 0.354687 0.503125 0.041250 0.067500
1 0.663281 0.494271 0.086250 0.068750
1 0.092969 0.455208 0.067500 0.047500
1 0.482812 0.432292 0.050625 0.057500
1 0.548828 0.617708 0.694687 0.550000
1 0.153516 0.450000 0.147187 0.157500
1 0.524609 0.393750 0.059062 0.042500
1 0.487891 0.389583 0.053437 0.052500
1 0.228906 0.389583 0.116250 0.092500
1 0.170703 0.366146 0.042188 0.071250
1 0.401953 0.345313 0.036562 0.073750
1 0.675391 0.600000 0.548438 1.000000
1 0.096094 0.383750 0.192188 0.767500
