1 0.390508 0.840313 0.025978 0.036750
1 0.449625 0.823750 0.027977 0.033000
1 0.493339 0.816875 0.026978 0.034500
1 0.368027 0.815000 0.041965 0.064500
1 0.333888 0.797500 0.037968 0.022500
1 0.401749 0.790000 0.030974 0.030000
1 0.535803 0.782188 0.036969 0.026250
1 0.378851 0.779062 0.033972 0.024750
1 0.413822 0.766875 0.039967 0.021000
1 0.494172 0.763437 0.052956 0.062250
1 0.340133 0.762188 0.054954 0.068250
1 0.523730 0.728437 0.035970 0.026250
1 0.494588 0.720625 0.029975 0.036000
1 0.396753 0.715313 0.030974 0.026250
1 0.470441 0.716875 0.025978 0.034500
1 0.437552 0.748750 0.092923 0.141000
1 0.390508 0.682500 0.035970 0.024000
1 0.421732 0.677188 0.024979 0.033750
1 0.297669 0.659375 0.042964 0.021000
1 0.356786 0.661875 0.086928 0.043500
1 0.379267 0.641875 0.028976 0.030000
1 0.352206 0.620625 0.009992 0.007500
1 0.363447 0.626875 0.070941 0.036000
1 0.325562 0.605313 0.057952 0.033750
1 0.440050 0.603125 0.026978 0.034500
1 0.514988 0.580937 0.020983 0.006750
1 0.640716 0.582500 0.036969 0.022500
1 0.371357 0.573750 0.019983 0.019500
1 0.311407 0.580625 0.021982 0.036000
1 0.430058 0.566875 0.028976 0.030000
1 0.452956 0.557813 0.023980 0.030750
1 0.395504 0.549687 0.025978 0.012750
1 0.329725 0.542188 0.041965 0.023250
1 0.518734 0.548125 0.035970 0.039000
1 0.353455 0.535625 0.012989 0.010500
1 0.554954 0.539375 0.030974 0.030000
1 0.452540 0.608125 0.292756 0.246000
1 0.403830 0.512188 0.053955 0.045750
1 0.350958 0.501250 0.030974 0.028500
1 0.546211 0.511250 0.045962 0.063000
1 0.514155 0.495312 0.024979 0.033750
1 0.352623 0.479063 0.040966 0.023250
1 0.580766 0.476250 0.034971 0.021000
1 0.542048 0.480625 0.027977 0.034500
1 0.567444 0.463750 0.034971 0.021000
1 0.453789 0.465938 0.025978 0.033750
1 0.364280 0.458125 0.036969 0.021000
1 0.462531 0.511875 0.164863 0.172500
1 0.542048 0.450000 0.029975 0.033000
1 0.469609 0.443125 0.027977 0.033000
1 0.408826 0.459375 0.117902 0.123000
1 0.508326 0.413750 0.038968 0.022500
1 0.551207 0.415000 0.025978 0.036000
1 0.480017 0.408438 0.022981 0.033750
1 0.390924 0.404687 0.060949 0.036750
1 0.506245 0.390937 0.031973 0.027750
1 0.538301 0.393750 0.026978 0.036000
1 0.398002 0.386875 0.035970 0.024000
1 0.646128 0.348125 0.039967 0.022500
1 0.521565 0.551625 1.000000 1.000000
