1 0.693359 0.994375 0.023438 0.011250
1 0.873047 0.993125 0.014063 0.013750
1 0.381250 0.992500 0.011250 0.015000
1 0.839063 0.991250 0.013125 0.017500
1 0.544531 0.991250 0.011250 0.017500
1 0.741016 0.989583 0.010312 0.015000
1 0.124609 0.989583 0.014063 0.015000
1 0.725391 0.985938 0.008437 0.016250
1 0.629297 0.987500 0.023438 0.025000
1 0.621875 0.983854 0.013125 0.011250
1 0.041797 0.987500 0.029062 0.025000
1 0.252734 0.986250 0.021562 0.027500
1 0.809766 0.985625 0.008437 0.028750
1 0.698828 0.981771 0.012188 0.013750
1 0.552734 0.985000 0.019688 0.030000
1 0.266406 0.985000 0.015000 0.030000
1 0.767188 0.985417 0.028125 0.027500
1 0.520703 0.984375 0.021562 0.031250
1 0.780078 0.980729 0.010312 0.018750
1 0.098828 0.983125 0.030937 0.033750
1 0.555859 0.975000 0.010312 0.015000
1 0.672266 0.974479 0.036562 0.021250
1 0.852344 0.978125 0.016875 0.043750
1 0.750000 0.973437 0.024375 0.023750
1 0.828516 0.977500 0.034687 0.045000
1 0.627734 0.969792 0.021562 0.020000
1 0.261719 0.966667 0.018750 0.012500
1 0.887500 0.970833 0.013125 0.027500
1 0.826562 0.964063 0.015000 0.013750
1 0.529297 0.969792 0.038437 0.027500
1 0.700781 0.967708 0.022500 0.025000
1 0.720703 0.970833 0.030937 0.035000
1 0.548438 0.961458 0.009375 0.015000
1 0.598437 0.970313 0.018750 0.038750
1 0.778125 0.973437 0.035625 0.051250
1 0.658594 0.970625 0.046875 0.058750
1 0.855859 0.957292 0.025312 0.017500
1 0.837891 0.955729 0.014063 0.013750
1 0.530859 0.955208 0.014063 0.012500
1 0.625000 0.953646 0.022500 0.021250
1 0.648828 0.951042 0.014063 0.017500
1 0.794531 0.953646 0.015000 0.026250
1 0.019688 0.965625 0.039375 0.068750
1 0.830469 0.948958 0.020625 0.017500
1 0.810937 0.950000 0.020625 0.022500
1 0.874609 0.963542 0.025312 0.057500
1 0.680859 0.946875 0.021562 0.017500
1 0.544531 0.947917 0.022500 0.020000
1 0.245312 0.948438 0.007500 0.021250
1 0.635547 0.943229 0.012188 0.016250
1 0.358594 0.943229 0.020625 0.016250
1 0.729688 0.944271 0.022500 0.023750
1 0.625391 0.941667 0.006563 0.020000
1 0.376563 0.939583 0.018750 0.020000
1 0.816406 0.938542 0.018750 0.020000
1 0.506250 0.935937 0.013125 0.013750
1 0.476562 0.958333 0.067500 0.070000
1 0.839844 0.933333 0.011250 0.017500
1 0.666406 0.933333 0.011250 0.017500
1 0.649609 0.932813 0.012188 0.018750
1 0.442578 0.931250 0.014063 0.015000
1 0.392578 0.940625 0.032813 0.040000
1 0.873437 0.928646 0.013125 0.021250
1 0.689453 0.936458 0.025312 0.040000
1 0.828125 0.928646 0.015000 0.023750
1 0.428516 0.950625 0.122812 0.098750
1 0.892578 0.932292 0.012188 0.037500
1 0.636328 0.922917 0.025312 0.015000
1 0.504687 0.922917 0.009375 0.015000
1 0.981250 0.924479 0.013125 0.021250
1 0.389062 0.919792 0.013125 0.012500
1 0.358984 0.919271 0.015938 0.016250
1 0.823047 0.919271 0.021562 0.023750
1 0.732812 0.915104 0.009375 0.016250
1 0.742969 0.915625 0.009375 0.020000
1 0.898438 0.915104 0.009375 0.021250
1 0.807813 0.916667 0.016875 0.025000
1 0.485156 0.912500 0.013125 0.015000
1 0.457813 0.914062 0.007500 0.021250
1 0.706250 0.910937 0.018750 0.018750
1 0.678125 0.914583 0.018750 0.027500
1 0.398438 0.908854 0.018750 0.018750
1 0.848828 0.908854 0.019688 0.021250
1 0.310156 0.905729 0.011250 0.013750
1 0.026953 0.907813 0.015938 0.021250
1 0.785156 0.918229 0.037500 0.048750
1 0.692578 0.903646 0.014063 0.013750
1 0.302344 0.908854 0.020625 0.028750
1 0.881250 0.911458 0.016875 0.037500
1 0.762109 0.902083 0.015938 0.015000
1 0.712109 0.902604 0.010312 0.016250
1 0.755078 0.924479 0.079687 0.071250
1 0.389062 0.904167 0.026250 0.022500
1 0.256641 0.899479 0.014063 0.011250
1 0.059375 0.904687 0.009375 0.023750
1 0.822266 0.901042 0.012188 0.017500
1 0.632422 0.902083 0.019688 0.022500
1 0.733984 0.897917 0.014063 0.015000
1 0.834766 0.900000 0.014063 0.022500
1 0.051953 0.897396 0.014063 0.016250
1 0.667578 0.895833 0.010312 0.015000
1 0.866016 0.900521 0.019688 0.031250
1 0.786328 0.892708 0.010312 0.015000
1 0.036328 0.900521 0.040313 0.036250
1 0.860156 0.892708 0.009375 0.020000
1 0.421484 0.894792 0.017813 0.025000
1 0.302344 0.887500 0.011250 0.012500
1 0.794531 0.888021 0.013125 0.018750
1 0.637109 0.885417 0.014063 0.012500
1 0.289453 0.891146 0.014063 0.026250
1 0.225000 0.887500 0.013125 0.017500
1 0.612109 0.908333 0.025312 0.072500
1 0.451953 0.891667 0.012188 0.032500
1 0.817578 0.885417 0.025312 0.020000
1 0.241016 0.889062 0.030937 0.033750
1 0.901563 0.879687 0.015000 0.013750
1 0.776953 0.880208 0.012188 0.015000
1 0.767188 0.891667 0.031875 0.042500
1 0.651953 0.896875 0.040313 0.060000
1 0.196875 0.880208 0.015000 0.020000
1 0.042188 0.877083 0.011250 0.012500
1 0.260937 0.875000 0.011250 0.010000
1 0.388281 0.880729 0.016875 0.026250
1 0.035156 0.910937 0.070312 0.103750
1 0.808594 0.875521 0.015000 0.021250
1 0.583203 0.870833 0.014063 0.015000
1 0.745313 0.869792 0.013125 0.017500
1 0.700000 0.889583 0.060000 0.065000
1 0.271094 0.879167 0.031875 0.040000
1 0.183984 0.871354 0.015938 0.021250
1 0.509766 0.889062 0.029062 0.066250
1 0.662500 0.868750 0.015000 0.020000
1 0.352734 0.867708 0.014063 0.020000
1 0.881250 0.866146 0.013125 0.018750
1 0.370703 0.864062 0.023438 0.018750
1 0.785156 0.869271 0.015000 0.036250
1 0.185938 0.858854 0.013125 0.013750
1 0.025391 0.861979 0.014063 0.021250
1 0.901172 0.864583 0.029062 0.030000
1 0.195312 0.861458 0.007500 0.022500
1 0.171875 0.863021 0.013125 0.026250
1 0.647656 0.861458 0.016875 0.027500
1 0.737891 0.856250 0.019688 0.017500
1 0.267969 0.857812 0.018750 0.023750
1 0.432812 0.875000 0.030000 0.067500
1 0.298047 0.863021 0.029062 0.041250
1 0.858984 0.848437 0.023438 0.011250
1 0.357812 0.850521 0.013125 0.016250
1 0.250000 0.857292 0.018750 0.032500
1 0.897266 0.849479 0.023438 0.016250
1 0.342187 0.854688 0.011250 0.028750
1 0.125391 0.847396 0.017813 0.011250
1 0.032031 0.848958 0.015000 0.015000
1 0.672266 0.852083 0.023438 0.025000
1 0.378516 0.848437 0.032813 0.016250
1 0.717969 0.850000 0.028125 0.022500
1 0.873047 0.854688 0.019688 0.036250
1 0.656250 0.847396 0.015000 0.018750
1 0.737891 0.844271 0.014063 0.013750
1 0.622266 0.861979 0.036562 0.061250
1 0.345703 0.888021 0.089063 0.123750
1 0.358594 0.840625 0.013125 0.012500
1 0.152734 0.851042 0.040313 0.045000
1 0.320312 0.836458 0.013125 0.015000
1 0.025000 0.837500 0.018750 0.020000
1 0.765234 0.849479 0.032813 0.051250
1 0.181250 0.831771 0.015000 0.008750
1 0.662500 0.830208 0.018750 0.012500
1 0.346875 0.836458 0.020625 0.027500
1 0.257031 0.835417 0.016875 0.025000
1 0.684766 0.831771 0.010312 0.018750
1 0.676953 0.830208 0.012188 0.015000
1 0.119141 0.832812 0.012188 0.021250
1 0.901953 0.833333 0.012188 0.027500
1 0.203906 0.854167 0.030000 0.077500
1 0.710156 0.839583 0.052500 0.045000
1 0.367578 0.831250 0.008437 0.025000
1 0.284375 0.830729 0.013125 0.023750
1 0.831250 0.828646 0.016875 0.023750
1 0.605859 0.830208 0.012188 0.027500
1 0.233594 0.847917 0.031875 0.075000
1 0.125391 0.822396 0.008437 0.016250
1 0.837500 0.848437 0.060000 0.081250
1 0.135156 0.823958 0.018750 0.025000
1 0.770312 0.823438 0.015000 0.028750
1 0.757812 0.817708 0.015000 0.015000
1 0.529297 0.840104 0.027187 0.076250
1 0.314453 0.818750 0.021562 0.025000
1 0.295703 0.827604 0.045937 0.046250
1 0.670312 0.814583 0.022500 0.017500
1 0.510547 0.813542 0.012188 0.020000
1 0.395313 0.823438 0.035625 0.043750
1 0.152734 0.814063 0.010312 0.021250
1 0.810937 0.828646 0.041250 0.058750
1 0.328125 0.817187 0.009375 0.031250
1 0.187891 0.814063 0.030937 0.033750
1 0.358203 0.813542 0.027187 0.037500
1 0.416406 0.831250 0.056250 0.082500
1 0.127734 0.801562 0.021562 0.013750
1 0.721484 0.806250 0.010312 0.027500
1 0.171094 0.817708 0.030000 0.055000
1 0.162500 0.799479 0.013125 0.013750
1 0.867188 0.813542 0.026250 0.050000
1 0.804688 0.798958 0.031875 0.017500
1 0.741797 0.811458 0.036562 0.047500
1 0.203516 0.798438 0.012188 0.018750
1 0.693750 0.796354 0.018750 0.016250
1 0.224609 0.817708 0.049687 0.067500
1 0.762109 0.795312 0.010312 0.016250
1 0.339062 0.804688 0.016875 0.041250
1 0.782813 0.803646 0.033750 0.041250
1 0.614062 0.795833 0.009375 0.022500
1 0.917188 0.802604 0.013125 0.041250
1 0.660937 0.794271 0.016875 0.021250
1 0.346484 0.791146 0.017813 0.013750
1 0.166797 0.791146 0.015938 0.013750
1 0.323047 0.794792 0.017813 0.025000
1 0.255469 0.798438 0.043125 0.033750
1 0.187500 0.792188 0.009375 0.026250
1 0.205078 0.783333 0.012188 0.010000
1 0.905078 0.788542 0.017813 0.027500
1 0.887891 0.809896 0.034687 0.078750
1 0.394141 0.789062 0.014063 0.028750
1 0.762500 0.782292 0.018750 0.015000
1 0.793359 0.782292 0.010312 0.017500
1 0.699219 0.781771 0.018750 0.016250
1 0.816016 0.784375 0.019688 0.025000
1 0.666797 0.780208 0.019688 0.015000
1 0.839453 0.798958 0.045937 0.062500
1 0.850391 0.782292 0.021562 0.025000
1 0.311328 0.788542 0.015938 0.040000
1 0.715234 0.777083 0.021562 0.015000
1 0.876172 0.775521 0.014063 0.013750
1 0.463281 0.783333 0.016875 0.035000
1 0.373828 0.778125 0.025312 0.022500
1 0.217578 0.781250 0.015938 0.030000
1 0.172266 0.780729 0.021562 0.028750
1 0.150391 0.791146 0.030937 0.056250
1 0.688281 0.775521 0.020625 0.023750
1 0.864062 0.773958 0.011250 0.022500
1 0.735156 0.778125 0.028125 0.035000
1 0.248047 0.772917 0.023438 0.022500
1 0.083203 0.778125 0.036562 0.037500
1 0.780469 0.769271 0.016875 0.018750
1 0.619141 0.775521 0.015938 0.033750
1 0.396094 0.769792 0.033750 0.027500
1 0.300391 0.769792 0.014063 0.030000
1 0.377734 0.760417 0.008437 0.015000
1 0.213672 0.766146 0.019688 0.033750
1 0.081641 0.758854 0.021562 0.016250
1 0.882812 0.758333 0.009375 0.017500
1 0.664453 0.761979 0.012188 0.026250
1 0.468359 0.780208 0.023438 0.070000
1 0.451953 0.759896 0.008437 0.023750
1 0.142187 0.770833 0.048750 0.050000
1 0.834766 0.761458 0.042188 0.030000
1 0.753906 0.765625 0.028125 0.040000
1 0.360547 0.758333 0.017813 0.025000
1 0.231250 0.765104 0.018750 0.041250
1 0.796484 0.769271 0.025312 0.053750
1 0.255078 0.755208 0.010312 0.020000
1 0.336719 0.765104 0.031875 0.046250
1 0.240625 0.757292 0.020625 0.030000
1 0.682031 0.757292 0.026250 0.032500
1 0.152344 0.752083 0.018750 0.020000
1 0.704297 0.754687 0.021562 0.031250
1 0.725781 0.757292 0.015000 0.040000
1 0.489453 0.747396 0.017813 0.021250
1 0.318750 0.743750 0.013125 0.012500
1 0.191797 0.746875 0.014063 0.020000
1 0.908203 0.762500 0.049687 0.060000
1 0.734766 0.743229 0.008437 0.021250
1 0.402344 0.747396 0.024375 0.031250
1 0.177734 0.750000 0.029062 0.037500
1 0.141406 0.741667 0.022500 0.017500
1 0.050781 0.745833 0.015000 0.027500
1 0.235156 0.741146 0.015000 0.021250
1 0.666016 0.740104 0.021562 0.023750
1 0.284766 0.762500 0.064687 0.080000
1 0.925391 0.738542 0.023438 0.025000
1 0.835938 0.731250 0.007500 0.012500
1 0.137891 0.730729 0.025312 0.013750
1 0.980312 0.747396 0.039375 0.058750
1 0.364844 0.736458 0.024375 0.032500
1 0.328906 0.730729 0.018750 0.021250
1 0.814063 0.735938 0.020625 0.036250
1 0.782422 0.728125 0.021562 0.017500
1 0.473047 0.734375 0.036562 0.032500
1 0.216406 0.740104 0.026250 0.046250
1 0.171094 0.727604 0.011250 0.016250
1 0.156641 0.731250 0.017813 0.027500
1 0.685547 0.729688 0.023438 0.026250
1 0.392578 0.733854 0.036562 0.036250
1 0.259375 0.727083 0.026250 0.020000
1 0.934375 0.830625 0.131250 0.338750
1 0.341406 0.725000 0.007500 0.017500
1 0.830859 0.733854 0.012188 0.041250
1 0.789062 0.739062 0.030000 0.053750
1 0.137891 0.721875 0.017813 0.012500
1 0.056250 0.725000 0.015000 0.020000
1 0.901563 0.722396 0.009375 0.016250
1 0.739062 0.725521 0.020625 0.023750
1 0.182812 0.724479 0.011250 0.023750
1 0.912500 0.726042 0.018750 0.030000
1 0.291016 0.726562 0.027187 0.031250
1 0.278125 0.723437 0.016875 0.023750
1 0.993906 0.723958 0.012188 0.027500
1 0.805078 0.717708 0.019688 0.017500
1 0.763281 0.733854 0.033750 0.056250
1 0.921094 0.723958 0.015000 0.035000
1 0.885547 0.721875 0.012188 0.030000
1 0.463672 0.714063 0.014063 0.011250
1 0.257812 0.715104 0.009375 0.013750
1 0.664453 0.719271 0.010312 0.028750
1 0.860938 0.740104 0.046875 0.081250
1 0.845313 0.711979 0.009375 0.013750
1 0.475781 0.713021 0.013125 0.016250
1 0.201172 0.727083 0.025312 0.050000
1 0.042969 0.724479 0.011250 0.043750
1 0.688281 0.711458 0.011250 0.015000
1 0.291406 0.711979 0.013125 0.018750
1 0.395703 0.709896 0.027187 0.018750
1 0.321484 0.711458 0.021562 0.022500
1 0.976562 0.716146 0.037500 0.038750
1 0.266797 0.709375 0.010312 0.022500
1 0.032422 0.718229 0.025312 0.043750
1 0.678906 0.709896 0.013125 0.031250
1 0.347266 0.707292 0.025312 0.025000
1 0.151562 0.708854 0.039375 0.028750
1 0.995781 0.699479 0.008437 0.011250
1 0.842187 0.699479 0.015000 0.013750
1 0.009375 0.700521 0.018750 0.018750
1 0.428516 0.753125 0.064687 0.147500
1 0.812500 0.700000 0.015000 0.022500
1 0.225000 0.706771 0.026250 0.038750
1 0.316797 0.696354 0.015938 0.016250
1 0.276172 0.696354 0.019688 0.016250
1 0.691797 0.699479 0.012188 0.026250
1 0.771484 0.697396 0.021562 0.023750
1 0.725781 0.714583 0.035625 0.065000
1 0.242578 0.708333 0.023438 0.050000
1 0.826953 0.703125 0.017813 0.040000
1 0.705859 0.710938 0.017813 0.058750
1 0.291016 0.694792 0.010312 0.020000
1 0.203516 0.695833 0.017813 0.025000
1 0.394141 0.695312 0.017813 0.026250
1 0.864844 0.694792 0.018750 0.030000
1 0.221875 0.686979 0.020625 0.013750
1 0.888281 0.698958 0.022500 0.045000
1 0.330859 0.696354 0.014063 0.041250
1 0.321875 0.682292 0.009375 0.012500
1 0.036719 0.683854 0.015000 0.016250
1 0.371484 0.702604 0.032813 0.063750
1 0.349219 0.682292 0.009375 0.015000
1 0.937500 0.684375 0.018750 0.022500
1 0.792969 0.695312 0.028125 0.048750
1 0.383594 0.684896 0.015000 0.023750
1 0.309766 0.682813 0.017813 0.018750
1 0.737500 0.677604 0.015000 0.011250
1 0.868359 0.676562 0.012188 0.016250
1 0.698438 0.673438 0.018750 0.013750
1 0.857422 0.673958 0.017813 0.022500
1 0.916016 0.689583 0.045937 0.065000
1 0.426563 0.689583 0.033750 0.065000
1 0.941406 0.667708 0.018750 0.015000
1 0.280078 0.665625 0.017813 0.012500
1 0.810547 0.670312 0.015938 0.026250
1 0.764453 0.674479 0.047812 0.038750
1 0.161328 0.666146 0.017813 0.018750
1 0.840625 0.668229 0.018750 0.026250
1 0.937109 0.660417 0.015938 0.012500
1 0.921875 0.674479 0.022500 0.046250
1 0.888672 0.662500 0.012188 0.017500
1 0.415234 0.667188 0.012188 0.031250
1 0.296875 0.668750 0.035625 0.037500
1 0.248438 0.663021 0.018750 0.031250
1 0.008437 0.654687 0.016875 0.013750
1 0.850781 0.655208 0.011250 0.017500
1 0.205078 0.679688 0.085312 0.076250
1 0.729297 0.670833 0.034687 0.057500
1 0.442188 0.659375 0.018750 0.032500
1 0.320312 0.660417 0.016875 0.035000
1 0.756641 0.652604 0.014063 0.018750
1 0.901172 0.651042 0.027187 0.017500
1 0.151172 0.673438 0.036562 0.071250
1 0.776172 0.654687 0.027187 0.036250
1 0.359375 0.658854 0.037500 0.051250
1 0.215625 0.647917 0.013125 0.025000
1 0.180859 0.655208 0.025312 0.045000
1 0.848047 0.642708 0.017813 0.017500
1 0.412109 0.642708 0.019688 0.020000
1 0.671484 0.641146 0.010312 0.018750
1 0.469141 0.669271 0.040313 0.086250
1 0.387109 0.653646 0.042188 0.048750
1 0.288281 0.647396 0.016875 0.033750
1 0.792969 0.652604 0.024375 0.048750
1 0.261328 0.641667 0.027187 0.025000
1 0.240234 0.639062 0.023438 0.018750
1 0.877734 0.642708 0.021562 0.030000
1 0.665625 0.640104 0.013125 0.026250
1 0.428125 0.639583 0.022500 0.025000
1 0.321484 0.643750 0.023438 0.037500
1 0.920703 0.639583 0.029062 0.035000
1 0.497266 0.630208 0.017813 0.012500
1 0.149609 0.632292 0.015938 0.017500
1 0.824609 0.643750 0.047812 0.050000
1 0.899219 0.630729 0.020625 0.021250
1 0.734766 0.648438 0.090937 0.063750
1 0.479297 0.627604 0.014063 0.013750
1 0.707812 0.627083 0.011250 0.017500
1 0.346875 0.642708 0.031875 0.055000
1 0.771875 0.622917 0.016875 0.010000
1 0.169141 0.626042 0.014063 0.017500
1 0.674219 0.622917 0.015000 0.015000
1 0.368359 0.627604 0.025312 0.026250
1 0.225781 0.622396 0.009375 0.013750
1 0.934375 0.628125 0.009375 0.030000
1 0.808594 0.620313 0.020625 0.013750
1 0.619922 0.622396 0.010312 0.018750
1 0.237500 0.618750 0.013125 0.015000
1 0.823047 0.621354 0.015938 0.023750
1 0.792578 0.618750 0.010312 0.017500
1 0.470703 0.621875 0.014063 0.025000
1 0.213672 0.626042 0.044062 0.037500
1 0.006094 0.627604 0.012188 0.043750
1 0.731250 0.619271 0.018750 0.026250
1 0.706641 0.620313 0.025312 0.031250
1 0.150391 0.616146 0.015938 0.023750
1 0.872656 0.621354 0.046875 0.038750
1 0.757422 0.613021 0.023438 0.018750
1 0.097266 0.615104 0.010312 0.023750
1 0.069531 0.614062 0.018750 0.021250
1 0.166797 0.611458 0.023438 0.020000
1 0.087109 0.607812 0.017813 0.011250
1 0.388281 0.607812 0.009375 0.013750
1 0.299219 0.630208 0.031875 0.067500
1 0.496094 0.611458 0.031875 0.030000
1 0.210938 0.605729 0.013125 0.018750
1 0.036328 0.612500 0.023438 0.037500
1 0.064062 0.601562 0.030000 0.018750
1 0.834375 0.607812 0.033750 0.036250
1 0.382422 0.617188 0.049687 0.061250
1 0.284766 0.598958 0.015938 0.017500
1 0.898438 0.605729 0.013125 0.036250
1 0.952734 0.601042 0.017813 0.027500
1 0.748828 0.602083 0.023438 0.030000
1 0.732422 0.598958 0.023438 0.022500
1 0.404687 0.594271 0.009375 0.013750
1 0.029687 0.593750 0.018750 0.012500
1 0.883984 0.603646 0.029062 0.038750
1 0.864453 0.592187 0.012188 0.011250
1 0.821875 0.589583 0.011250 0.010000
1 0.775000 0.602604 0.028125 0.046250
1 0.571875 0.587500 0.016875 0.010000
1 0.829297 0.590104 0.010312 0.018750
1 0.805078 0.594271 0.021562 0.028750
1 0.427734 0.599479 0.019688 0.041250
1 0.311719 0.592708 0.011250 0.027500
1 0.196484 0.588542 0.010312 0.017500
1 0.188672 0.607812 0.038437 0.063750
1 0.340234 0.600521 0.040313 0.048750
1 0.290234 0.589063 0.010312 0.021250
1 0.992031 0.585938 0.015938 0.016250
1 0.844141 0.585417 0.017813 0.015000
1 0.086719 0.591146 0.026250 0.031250
1 0.587891 0.582812 0.014063 0.013750
1 0.400391 0.598958 0.023438 0.052500
1 0.102344 0.592708 0.022500 0.037500
1 0.153516 0.583333 0.017813 0.017500
1 0.327734 0.583333 0.014063 0.020000
1 0.019219 0.601042 0.038437 0.065000
1 0.926953 0.605729 0.055313 0.078750
1 0.891406 0.581250 0.031875 0.020000
1 0.460938 0.603125 0.061875 0.075000
1 0.315234 0.577604 0.010312 0.013750
1 0.795312 0.577604 0.020625 0.018750
1 0.217969 0.577604 0.011250 0.018750
1 0.918359 0.577604 0.014063 0.021250
1 0.869922 0.578125 0.019688 0.025000
1 0.821875 0.575000 0.011250 0.017500
1 0.857422 0.577604 0.012188 0.026250
1 0.416406 0.580729 0.018750 0.033750
1 0.278516 0.596875 0.060937 0.075000
1 0.127344 0.572396 0.009375 0.016250
1 0.741016 0.576562 0.010312 0.033750
1 0.368359 0.579167 0.025312 0.040000
1 0.697656 0.593750 0.041250 0.077500
1 0.810547 0.568750 0.012188 0.020000
1 0.769141 0.573438 0.030937 0.033750
1 0.386328 0.570312 0.017813 0.026250
1 0.344922 0.568229 0.019688 0.023750
1 0.285547 0.565104 0.012188 0.016250
1 0.178906 0.564063 0.018750 0.013750
1 0.748437 0.571354 0.011250 0.041250
1 0.900781 0.567187 0.016875 0.033750
1 0.725391 0.563542 0.021562 0.025000
1 0.009375 0.561979 0.018750 0.021250
1 0.402344 0.563021 0.020625 0.026250
1 0.207422 0.576042 0.023438 0.057500
1 0.427734 0.565104 0.030937 0.033750
1 0.227344 0.557292 0.015000 0.015000
1 0.327734 0.560417 0.019688 0.027500
1 0.164062 0.566146 0.015000 0.041250
1 0.916016 0.557813 0.027187 0.023750
1 0.784766 0.556250 0.025312 0.025000
1 0.368359 0.553125 0.008437 0.017500
1 0.762109 0.554688 0.021562 0.023750
1 0.392578 0.554167 0.012188 0.022500
1 0.951562 0.557292 0.037500 0.035000
1 0.710547 0.551562 0.006563 0.023750
1 0.294531 0.548958 0.011250 0.022500
1 0.612891 0.577083 0.042188 0.092500
1 0.233203 0.544271 0.008437 0.016250
1 0.737109 0.547396 0.023438 0.036250
1 0.288281 0.543750 0.015000 0.027500
1 0.248828 0.571354 0.057188 0.093750
1 0.405078 0.539062 0.008437 0.021250
1 0.901563 0.537500 0.013125 0.020000
1 0.948828 0.537500 0.025312 0.022500
1 0.786328 0.533333 0.027187 0.015000
1 0.255469 0.532813 0.009375 0.013750
1 0.361719 0.541146 0.061875 0.036250
1 0.333203 0.530729 0.012188 0.016250
1 0.833203 0.529167 0.027187 0.015000
1 0.312500 0.544792 0.033750 0.052500
1 0.216797 0.538542 0.012188 0.037500
1 0.198047 0.548958 0.027187 0.062500
1 0.892969 0.529687 0.009375 0.018750
1 0.719531 0.526563 0.016875 0.011250
1 0.176172 0.539583 0.027187 0.042500
1 0.160547 0.526042 0.014063 0.012500
1 0.557031 0.551042 0.028125 0.075000
1 0.227344 0.528646 0.011250 0.021250
1 0.962891 0.526042 0.017813 0.017500
1 0.603906 0.527083 0.015000 0.022500
1 0.870703 0.533333 0.042188 0.040000
1 0.842578 0.548438 0.090937 0.076250
1 0.693359 0.545833 0.030937 0.072500
1 0.801562 0.517708 0.013125 0.010000
1 0.321484 0.524479 0.014063 0.026250
1 0.340234 0.525000 0.017813 0.030000
1 0.296875 0.524479 0.011250 0.028750
1 0.010937 0.526563 0.015000 0.036250
1 0.733984 0.520833 0.015938 0.027500
1 0.852344 0.514062 0.013125 0.013750
1 0.376563 0.513542 0.013125 0.012500
1 0.357812 0.520833 0.022500 0.030000
1 0.201172 0.520833 0.017813 0.032500
1 0.787500 0.517708 0.020625 0.027500
1 0.212891 0.513542 0.012188 0.022500
1 0.366797 0.509375 0.008437 0.015000
1 0.262891 0.537500 0.047812 0.082500
1 0.229297 0.513021 0.023438 0.023750
1 0.281250 0.511979 0.016875 0.026250
1 0.865234 0.508854 0.025312 0.021250
1 0.414062 0.504687 0.018750 0.018750
1 0.304297 0.509375 0.012188 0.030000
1 0.170703 0.508854 0.025312 0.028750
1 0.766797 0.504687 0.030937 0.023750
1 0.708203 0.505729 0.008437 0.026250
1 0.242188 0.503646 0.007500 0.023750
1 0.724609 0.504167 0.025312 0.027500
1 0.248828 0.504167 0.010312 0.027500
1 0.926172 0.514583 0.079687 0.055000
1 0.548828 0.504687 0.014063 0.031250
1 0.831250 0.500000 0.020625 0.022500
1 0.182422 0.503646 0.021562 0.031250
1 0.200391 0.498958 0.021562 0.022500
1 0.781250 0.492708 0.013125 0.015000
1 0.393359 0.512500 0.019688 0.065000
1 0.316797 0.493750 0.014063 0.020000
1 0.869141 0.491667 0.015938 0.017500
1 0.798438 0.493750 0.022500 0.022500
1 0.302344 0.490104 0.011250 0.013750
1 0.260547 0.494271 0.014063 0.023750
1 0.217578 0.493229 0.014063 0.021250
1 0.854297 0.488542 0.017813 0.012500
1 0.839453 0.491667 0.019688 0.020000
1 0.816797 0.489583 0.014063 0.015000
1 0.559766 0.492708 0.015938 0.025000
1 0.430469 0.489583 0.013125 0.017500
1 0.372656 0.493750 0.015000 0.027500
1 0.962891 0.491146 0.017813 0.026250
1 0.279297 0.484375 0.012188 0.010000
1 0.698047 0.491667 0.023438 0.030000
1 0.892188 0.483854 0.018750 0.013750
1 0.933203 0.484896 0.012188 0.018750
1 0.583203 0.483333 0.014063 0.015000
1 0.351562 0.495833 0.030000 0.045000
1 0.918750 0.487500 0.024375 0.030000
1 0.287891 0.488021 0.021562 0.038750
1 0.764844 0.482292 0.020625 0.032500
1 0.905078 0.475000 0.010312 0.017500
1 0.607422 0.475000 0.010312 0.017500
1 0.219141 0.473438 0.014063 0.013750
1 0.887891 0.481771 0.029062 0.036250
1 0.742578 0.497917 0.029062 0.075000
1 0.319922 0.476562 0.025312 0.031250
1 0.714453 0.468750 0.014063 0.015000
1 0.789453 0.472917 0.030937 0.027500
1 0.404297 0.475521 0.034687 0.033750
1 0.272266 0.472917 0.025312 0.030000
1 0.239453 0.459896 0.014063 0.008750
1 0.366406 0.469271 0.031875 0.033750
1 0.281250 0.463542 0.011250 0.022500
1 0.604297 0.460938 0.012188 0.018750
1 0.828906 0.469792 0.022500 0.042500
1 0.750000 0.461979 0.018750 0.023750
1 0.336328 0.468229 0.027187 0.038750
1 0.948047 0.468750 0.029062 0.042500
1 0.351562 0.459375 0.013125 0.020000
1 0.312109 0.461458 0.017813 0.030000
1 0.728906 0.465104 0.026250 0.041250
1 0.303906 0.456250 0.013125 0.020000
1 0.291797 0.456771 0.012188 0.021250
1 0.191016 0.469271 0.053437 0.051250
1 0.184375 0.453646 0.018750 0.016250
1 0.691797 0.463542 0.044062 0.042500
1 0.926172 0.459896 0.017813 0.036250
1 0.815234 0.460938 0.012188 0.038750
1 0.405859 0.452604 0.014063 0.018750
1 0.758984 0.456771 0.025312 0.031250
1 0.891016 0.454167 0.023438 0.030000
1 0.199219 0.452083 0.011250 0.025000
1 0.242188 0.459896 0.035625 0.046250
1 0.382812 0.451562 0.020625 0.028750
1 0.347656 0.445833 0.022500 0.015000
1 0.216797 0.452083 0.017813 0.030000
1 0.857812 0.459896 0.039375 0.051250
1 0.595703 0.441146 0.015938 0.011250
1 0.416406 0.446354 0.015000 0.023750
1 0.783594 0.442188 0.022500 0.016250
1 0.910937 0.448437 0.022500 0.036250
1 0.833203 0.441667 0.010312 0.020000
1 0.970313 0.444271 0.022500 0.028750
1 0.871484 0.445312 0.015938 0.033750
1 0.794141 0.446875 0.038437 0.042500
1 0.273828 0.443229 0.040313 0.033750
1 0.957422 0.438542 0.014063 0.025000
1 0.535937 0.434375 0.018750 0.015000
1 0.220703 0.433333 0.027187 0.012500
1 0.396484 0.433854 0.014063 0.016250
1 0.930469 0.432812 0.013125 0.016250
1 0.883984 0.436458 0.017813 0.025000
1 0.262891 0.429688 0.019688 0.011250
1 0.410547 0.432812 0.015938 0.023750
1 0.346875 0.429688 0.028125 0.016250
1 0.317969 0.438021 0.026250 0.038750
1 0.198437 0.436458 0.015000 0.035000
1 0.186719 0.431771 0.016875 0.023750
1 0.365625 0.439063 0.018750 0.046250
1 0.300391 0.426563 0.017813 0.016250
1 0.942969 0.427083 0.015000 0.022500
1 0.776953 0.426563 0.030937 0.021250
1 0.966016 0.423438 0.017813 0.016250
1 0.806250 0.422396 0.009375 0.013750
1 0.927734 0.422917 0.012188 0.017500
1 0.828516 0.424479 0.038437 0.028750
1 0.688281 0.418750 0.011250 0.015000
1 0.402734 0.418750 0.019688 0.015000
1 0.388281 0.419271 0.009375 0.016250
1 0.381250 0.422917 0.018750 0.025000
1 0.211328 0.420312 0.014063 0.021250
1 0.747656 0.426042 0.031875 0.040000
1 0.243359 0.419792 0.006563 0.025000
1 0.181641 0.418229 0.019688 0.021250
1 0.715625 0.428125 0.048750 0.050000
1 0.680859 0.414062 0.014063 0.016250
1 0.224219 0.415104 0.015000 0.018750
1 0.323828 0.413542 0.014063 0.017500
1 0.283594 0.416146 0.016875 0.023750
1 0.867578 0.424479 0.029062 0.046250
1 0.779297 0.409375 0.012188 0.010000
1 0.844141 0.416146 0.027187 0.028750
1 0.250391 0.413021 0.008437 0.023750
1 0.008984 0.408854 0.010312 0.013750
1 0.306250 0.410417 0.018750 0.022500
1 0.928125 0.405729 0.030000 0.013750
1 0.752344 0.405208 0.016875 0.015000
1 0.980469 0.407813 0.013125 0.023750
1 0.822266 0.406250 0.021562 0.022500
1 0.903125 0.419792 0.045000 0.060000
1 0.408594 0.400521 0.018750 0.016250
1 0.368359 0.399479 0.015938 0.013750
1 0.264453 0.403646 0.025312 0.023750
1 0.285938 0.397396 0.011250 0.016250
1 0.960938 0.393229 0.015000 0.008750
1 0.732031 0.400000 0.026250 0.027500
1 0.346875 0.406771 0.045000 0.043750
1 0.314453 0.394271 0.012188 0.013750
1 0.879297 0.392188 0.023438 0.011250
1 0.833984 0.392188 0.017813 0.013750
1 0.217188 0.397917 0.011250 0.032500
1 0.708594 0.395313 0.028125 0.028750
1 0.302734 0.390104 0.015938 0.016250
1 0.178516 0.389062 0.012188 0.013750
1 0.682813 0.394792 0.033750 0.030000
1 0.287500 0.388021 0.016875 0.016250
1 0.250000 0.398438 0.031875 0.041250
1 0.783594 0.405208 0.041250 0.060000
1 0.855859 0.396875 0.036562 0.045000
1 0.796875 0.391667 0.028125 0.032500
1 0.664844 0.379688 0.016875 0.011250
1 0.318750 0.379688 0.013125 0.016250
1 0.917969 0.385937 0.067500 0.033750
1 0.808203 0.382812 0.025312 0.028750
1 0.183594 0.377083 0.018750 0.015000
1 0.828125 0.376563 0.016875 0.018750
1 0.253125 0.376563 0.018750 0.018750
1 0.410938 0.379167 0.016875 0.027500
1 0.387109 0.379688 0.021562 0.028750
1 0.234766 0.385417 0.025312 0.045000
1 0.200391 0.392708 0.034687 0.062500
1 0.747656 0.382292 0.033750 0.040000
1 0.650781 0.371354 0.013125 0.013750
1 0.766016 0.373958 0.015938 0.022500
1 0.314063 0.366667 0.013125 0.010000
1 0.583984 0.391667 0.029062 0.072500
1 0.881641 0.366667 0.015938 0.015000
1 0.335156 0.367708 0.013125 0.017500
1 0.271484 0.378646 0.021562 0.043750
1 0.861328 0.369792 0.027187 0.025000
1 0.847266 0.370833 0.012188 0.030000
1 0.369531 0.369271 0.016875 0.026250
1 0.779297 0.367188 0.025312 0.023750
1 0.971094 0.373437 0.043125 0.041250
1 0.900000 0.361458 0.011250 0.012500
1 0.335547 0.373958 0.032813 0.042500
1 0.954688 0.365625 0.024375 0.025000
1 0.915625 0.359896 0.009375 0.013750
1 0.307422 0.359896 0.015938 0.013750
1 0.829688 0.361458 0.024375 0.022500
1 0.807422 0.363021 0.034687 0.028750
1 0.183594 0.358333 0.015000 0.017500
1 0.375781 0.355208 0.013125 0.012500
1 0.285547 0.365104 0.029062 0.036250
1 0.723828 0.357292 0.017813 0.020000
1 0.880078 0.353125 0.012188 0.012500
1 0.762500 0.355208 0.011250 0.017500
1 0.433203 0.357812 0.008437 0.026250
1 0.352734 0.355729 0.015938 0.021250
1 0.559766 0.461979 0.090937 0.278750
1 0.646094 0.353125 0.018750 0.020000
1 0.443750 0.353125 0.013125 0.022500
1 0.289844 0.353646 0.022500 0.023750
1 0.931641 0.359896 0.032813 0.041250
1 0.715234 0.366146 0.025312 0.056250
1 0.609375 0.361458 0.024375 0.045000
1 0.300781 0.349479 0.013125 0.016250
1 0.781250 0.351042 0.030000 0.022500
1 0.212500 0.353125 0.026250 0.027500
1 0.335156 0.345833 0.013125 0.012500
1 0.624609 0.344792 0.012188 0.015000
1 0.398828 0.361458 0.025312 0.055000
1 0.828906 0.345313 0.022500 0.018750
1 0.382422 0.352083 0.027187 0.035000
1 0.311719 0.344271 0.013125 0.016250
1 0.809375 0.347396 0.024375 0.028750
1 0.850000 0.348438 0.041250 0.033750
1 0.680469 0.343229 0.016875 0.021250
1 0.212109 0.338542 0.021562 0.010000
1 0.415625 0.347917 0.024375 0.035000
1 0.270313 0.345833 0.018750 0.032500
1 0.356641 0.343750 0.030937 0.032500
1 0.323047 0.336979 0.014063 0.016250
1 0.841016 0.334896 0.023438 0.016250
1 0.771094 0.334375 0.011250 0.015000
1 0.189844 0.345313 0.026250 0.041250
1 0.948438 0.335417 0.026250 0.020000
1 0.288672 0.335417 0.019688 0.020000
1 0.426563 0.338021 0.024375 0.028750
1 0.910937 0.332292 0.005625 0.020000
1 0.782813 0.331250 0.013125 0.017500
1 0.630859 0.330208 0.010312 0.015000
1 0.477734 0.341667 0.025312 0.042500
1 0.979688 0.333333 0.031875 0.027500
1 0.875391 0.340625 0.015938 0.045000
1 0.654297 0.329688 0.014063 0.021250
1 0.680469 0.325000 0.018750 0.012500
1 0.457031 0.329167 0.013125 0.022500
1 0.892969 0.329167 0.030000 0.025000
1 0.441797 0.323437 0.019688 0.011250
1 0.269141 0.327083 0.014063 0.020000
1 0.917578 0.329688 0.023438 0.031250
1 0.311719 0.324479 0.013125 0.018750
1 0.992500 0.323958 0.015000 0.020000
1 0.401562 0.327604 0.033750 0.028750
1 0.242188 0.340104 0.043125 0.058750
1 0.732812 0.339062 0.060000 0.058750
1 0.941406 0.320312 0.009375 0.016250
1 0.473438 0.318750 0.016875 0.012500
1 0.330859 0.321354 0.008437 0.018750
1 0.692578 0.327083 0.015938 0.035000
1 0.832031 0.317708 0.024375 0.020000
1 0.555078 0.316667 0.012188 0.020000
1 0.301172 0.316667 0.019688 0.020000
1 0.964453 0.319792 0.030937 0.030000
1 0.373828 0.321354 0.029062 0.033750
1 0.748047 0.320833 0.027187 0.035000
1 0.846484 0.316146 0.012188 0.026250
1 0.441016 0.313021 0.027187 0.018750
1 0.365625 0.311458 0.011250 0.017500
1 0.321094 0.312500 0.016875 0.020000
1 0.244141 0.315625 0.025312 0.030000
1 0.553125 0.581250 0.328125 0.837500
1 0.667578 0.320833 0.032813 0.047500
1 0.644141 0.310937 0.023438 0.023750
1 0.286719 0.307292 0.018750 0.015000
1 0.743750 0.309896 0.013125 0.023750
1 0.919922 0.306771 0.012188 0.021250
1 0.909375 0.305729 0.013125 0.018750
1 0.881641 0.306250 0.017813 0.020000
1 0.713672 0.309375 0.023438 0.027500
1 0.434766 0.301563 0.008437 0.013750
1 0.312891 0.301563 0.015938 0.013750
1 0.258984 0.302083 0.012188 0.017500
1 0.416797 0.308333 0.025312 0.035000
1 0.270703 0.305208 0.012188 0.027500
1 0.219141 0.313021 0.034687 0.046250
1 0.404687 0.302604 0.013125 0.023750
1 0.972266 0.308333 0.023438 0.040000
1 0.394141 0.299479 0.014063 0.018750
1 0.994844 0.300521 0.010312 0.026250
1 0.615234 0.311979 0.030937 0.053750
1 0.794922 0.304688 0.023438 0.038750
1 0.238281 0.297396 0.016875 0.023750
1 0.194141 0.292187 0.012188 0.013750
1 0.559766 0.294271 0.019688 0.023750
1 0.203906 0.295833 0.018750 0.027500
1 0.880078 0.289583 0.015938 0.015000
1 0.775391 0.301563 0.032813 0.043750
1 0.442578 0.288021 0.014063 0.011250
1 0.220703 0.289062 0.010312 0.016250
1 0.722656 0.292187 0.026250 0.026250
1 0.282422 0.290625 0.014063 0.022500
1 0.114453 0.286458 0.012188 0.015000
1 0.536328 0.311979 0.025312 0.078750
1 0.707812 0.292187 0.011250 0.033750
1 0.899219 0.286458 0.022500 0.022500
1 0.009375 0.292708 0.018750 0.037500
1 0.387500 0.290625 0.030000 0.035000
1 0.369922 0.289062 0.019688 0.033750
1 0.266016 0.278646 0.015938 0.008750
1 0.761328 0.288021 0.010312 0.033750
1 0.742578 0.286979 0.012188 0.031250
1 0.691016 0.293750 0.029062 0.047500
1 0.433984 0.280729 0.014063 0.016250
1 0.244922 0.282292 0.023438 0.020000
1 0.033594 0.282292 0.015000 0.022500
1 0.800000 0.280729 0.022500 0.023750
1 0.207422 0.277083 0.017813 0.015000
1 0.882812 0.276042 0.015000 0.017500
1 0.733203 0.280208 0.012188 0.027500
1 0.970313 0.281771 0.018750 0.033750
1 0.958594 0.276562 0.011250 0.021250
1 0.417187 0.280208 0.020625 0.030000
1 0.717578 0.272396 0.017813 0.013750
1 0.511328 0.300521 0.030937 0.086250
1 0.643750 0.282813 0.043125 0.046250
1 0.481250 0.288542 0.041250 0.060000
1 0.947266 0.283854 0.036562 0.053750
1 0.046484 0.272917 0.021562 0.030000
1 0.895703 0.267188 0.010312 0.018750
1 0.231250 0.269271 0.015000 0.023750
1 0.616406 0.273438 0.018750 0.036250
1 0.308203 0.280208 0.051562 0.052500
1 0.836328 0.295833 0.096562 0.092500
1 0.761328 0.264583 0.014063 0.020000
1 0.348047 0.269792 0.015938 0.032500
1 0.281641 0.267188 0.017813 0.026250
1 0.249219 0.263542 0.020625 0.017500
1 0.267188 0.263542 0.013125 0.020000
1 0.751563 0.264062 0.009375 0.026250
1 0.651172 0.257812 0.014063 0.011250
1 0.886328 0.259896 0.012188 0.018750
1 0.060937 0.268750 0.018750 0.040000
1 0.980469 0.264062 0.009375 0.033750
1 0.212891 0.257812 0.014063 0.018750
1 0.873437 0.257812 0.015000 0.021250
1 0.692187 0.259896 0.011250 0.026250
1 0.496094 0.261458 0.022500 0.030000
1 0.925781 0.261979 0.016875 0.036250
1 0.445703 0.258333 0.044062 0.030000
1 0.393359 0.248438 0.015938 0.011250
1 0.247266 0.248958 0.014063 0.012500
1 0.336328 0.285938 0.040313 0.103750
1 0.910156 0.260417 0.016875 0.045000
1 0.301953 0.252083 0.036562 0.025000
1 0.975000 0.250000 0.015000 0.022500
1 0.701953 0.258333 0.017813 0.045000
1 0.259375 0.247396 0.009375 0.018750
1 0.075781 0.268750 0.028125 0.070000
1 0.990625 0.252083 0.018750 0.032500
1 0.053516 0.244792 0.019688 0.015000
1 0.408984 0.257292 0.036562 0.047500
1 0.226562 0.257292 0.031875 0.050000
1 0.496484 0.244792 0.012188 0.022500
1 0.209766 0.241146 0.012188 0.013750
1 0.725391 0.245833 0.025312 0.027500
1 0.486328 0.241667 0.010312 0.017500
1 0.285547 0.239583 0.015938 0.012500
1 0.790234 0.250521 0.019688 0.043750
1 0.809766 0.239583 0.014063 0.020000
1 0.457813 0.240625 0.015000 0.022500
1 0.850391 0.246354 0.017813 0.038750
1 0.767188 0.245833 0.024375 0.037500
1 0.300391 0.233854 0.015938 0.013750
1 0.649219 0.235937 0.020625 0.021250
1 0.313281 0.236979 0.011250 0.023750
1 0.629687 0.249479 0.028125 0.056250
1 0.428516 0.231771 0.008437 0.013750
1 0.890234 0.243750 0.045937 0.045000
1 0.272656 0.232292 0.011250 0.017500
1 0.946094 0.245312 0.045000 0.051250
1 0.592578 0.295312 0.057188 0.173750
1 0.473047 0.234896 0.021562 0.028750
1 0.921094 0.233333 0.015000 0.027500
1 0.912109 0.229687 0.008437 0.018750
1 0.053906 0.230208 0.018750 0.025000
1 0.717187 0.230208 0.015000 0.027500
1 0.343359 0.230208 0.021562 0.027500
1 0.893750 0.226042 0.013125 0.020000
1 0.368359 0.238021 0.015938 0.051250
1 0.453125 0.223958 0.015000 0.020000
1 0.950391 0.225000 0.012188 0.025000
1 0.977031 0.226562 0.045937 0.031250
1 0.737500 0.229167 0.035625 0.037500
1 0.396484 0.229687 0.017813 0.038750
1 0.830469 0.221354 0.011250 0.021250
1 0.645703 0.220312 0.019688 0.021250
1 0.757812 0.222396 0.020625 0.028750
1 0.275781 0.217708 0.024375 0.020000
1 0.910937 0.215104 0.013125 0.016250
1 0.898828 0.213542 0.012188 0.012500
1 0.788672 0.216146 0.014063 0.018750
1 0.346875 0.216146 0.026250 0.018750
1 0.266406 0.214583 0.016875 0.015000
1 0.780469 0.224479 0.026250 0.041250
1 0.431250 0.214583 0.011250 0.017500
1 0.323047 0.210938 0.019688 0.011250
1 0.941016 0.212500 0.014063 0.017500
1 0.576172 0.211979 0.015938 0.016250
1 0.420312 0.215625 0.011250 0.027500
1 0.968359 0.209375 0.014063 0.015000
1 0.841406 0.210938 0.011250 0.021250
1 0.245312 0.221354 0.028125 0.046250
1 0.365234 0.209375 0.012188 0.020000
1 0.736719 0.207813 0.026250 0.021250
1 0.989687 0.213021 0.020625 0.036250
1 0.473828 0.209375 0.015938 0.027500
1 0.250781 0.205729 0.015000 0.018750
1 0.827734 0.202083 0.015938 0.015000
1 0.753906 0.202083 0.015000 0.015000
1 0.401172 0.201563 0.012188 0.016250
1 0.810547 0.213542 0.034687 0.050000
1 0.717578 0.204167 0.015938 0.027500
1 0.272656 0.200000 0.013125 0.017500
1 0.929688 0.206771 0.011250 0.036250
1 0.769922 0.198437 0.019688 0.018750
1 0.960547 0.195833 0.010312 0.015000
1 0.375391 0.197396 0.012188 0.018750
1 0.634766 0.205729 0.038437 0.041250
1 0.985000 0.198958 0.030000 0.027500
1 0.241797 0.193750 0.017813 0.015000
1 0.021094 0.203125 0.030000 0.040000
1 0.909766 0.199479 0.023438 0.033750
1 0.819922 0.193229 0.012188 0.018750
1 0.576953 0.192188 0.012188 0.016250
1 0.296875 0.202083 0.022500 0.040000
1 0.733594 0.193750 0.030000 0.022500
1 0.481641 0.193229 0.014063 0.021250
1 0.971484 0.188542 0.014063 0.012500
1 0.848828 0.221875 0.104062 0.092500
1 0.219922 0.202604 0.021562 0.046250
1 0.786719 0.190625 0.026250 0.020000
1 0.279687 0.189062 0.016875 0.016250
1 0.810156 0.188021 0.011250 0.016250
1 0.989453 0.183854 0.019688 0.011250
1 0.602734 0.197396 0.042188 0.048750
1 0.833203 0.185938 0.012188 0.023750
1 0.401953 0.183854 0.032813 0.023750
1 0.436719 0.195312 0.037500 0.056250
1 0.325781 0.186979 0.039375 0.036250
1 0.843359 0.179167 0.027187 0.022500
1 0.416016 0.205729 0.023438 0.086250
1 0.249219 0.177604 0.016875 0.018750
1 0.696484 0.175000 0.010312 0.015000
1 0.992969 0.172396 0.014063 0.011250
1 0.867578 0.176563 0.008437 0.021250
1 0.846875 0.172917 0.013125 0.012500
1 0.910156 0.177083 0.018750 0.025000
1 0.893359 0.173958 0.017813 0.030000
1 0.252734 0.163542 0.014063 0.012500
1 0.803516 0.166667 0.021562 0.025000
1 0.349219 0.175521 0.026250 0.046250
1 0.694141 0.165625 0.027187 0.025000
1 0.408594 0.164062 0.033750 0.021250
1 0.303125 0.165625 0.007500 0.025000
1 0.937109 0.168229 0.015938 0.033750
1 0.714063 0.167708 0.026250 0.032500
1 0.267578 0.161458 0.015938 0.017500
1 0.911719 0.157812 0.020625 0.011250
1 0.431250 0.161979 0.015000 0.021250
1 0.242188 0.158854 0.016875 0.018750
1 0.517188 0.207813 0.060000 0.138750
1 0.926172 0.164583 0.010312 0.037500
1 0.875000 0.161458 0.031875 0.030000
1 0.719141 0.156771 0.045937 0.023750
1 0.470313 0.170833 0.043125 0.057500
1 0.380078 0.155729 0.021562 0.021250
1 0.858203 0.155208 0.017813 0.027500
1 0.796484 0.147396 0.014063 0.013750
1 0.946875 0.150521 0.016875 0.023750
1 0.889453 0.150521 0.014063 0.023750
1 0.817969 0.146354 0.009375 0.013750
1 0.681641 0.204687 0.057188 0.153750
1 0.526172 0.146354 0.010312 0.013750
1 0.274219 0.147917 0.013125 0.017500
1 0.966406 0.161979 0.033750 0.053750
1 0.819531 0.154167 0.043125 0.035000
1 0.738672 0.156250 0.025312 0.040000
1 0.900781 0.150521 0.015000 0.028750
1 0.510938 0.146354 0.018750 0.018750
1 0.005156 0.151562 0.010312 0.031250
1 0.759375 0.148438 0.015000 0.026250
1 0.334766 0.152604 0.034687 0.036250
1 0.442188 0.147396 0.013125 0.026250
1 0.411328 0.142187 0.017813 0.013750
1 0.353125 0.143229 0.018750 0.021250
1 0.239063 0.146354 0.016875 0.028750
1 0.060156 0.147396 0.015000 0.031250
1 0.533984 0.150521 0.027187 0.043750
1 0.336719 0.138542 0.011250 0.015000
1 0.313672 0.142187 0.021562 0.023750
1 0.837109 0.136979 0.012188 0.013750
1 0.450000 0.140625 0.015000 0.022500
1 0.392188 0.140104 0.013125 0.021250
1 0.227734 0.161979 0.034687 0.076250
1 0.883203 0.138021 0.008437 0.021250
1 0.371484 0.154167 0.029062 0.060000
1 0.772266 0.155208 0.049687 0.065000
1 0.987344 0.145833 0.025312 0.045000
1 0.864844 0.131771 0.015000 0.013750
1 0.786719 0.131250 0.016875 0.015000
1 0.741797 0.131771 0.010312 0.018750
1 0.534766 0.129167 0.008437 0.015000
1 0.794922 0.132812 0.014063 0.028750
1 0.544531 0.124479 0.007500 0.016250
1 0.399219 0.130208 0.016875 0.030000
1 0.325000 0.127083 0.015000 0.022500
1 0.850781 0.127083 0.030000 0.025000
1 0.822656 0.126042 0.009375 0.022500
1 0.977344 0.122917 0.007500 0.017500
1 0.385547 0.121875 0.008437 0.015000
1 0.808594 0.126562 0.016875 0.028750
1 0.757422 0.124479 0.023438 0.023750
1 0.723047 0.129688 0.029062 0.038750
1 0.294531 0.142708 0.045000 0.070000
1 0.937500 0.131250 0.056250 0.045000
1 0.422266 0.125521 0.034687 0.031250
1 0.837891 0.119271 0.027187 0.018750
1 0.460547 0.126042 0.027187 0.035000
1 0.966016 0.117708 0.015938 0.017500
1 0.735547 0.118229 0.010312 0.021250
1 0.565234 0.196875 0.079687 0.210000
1 0.507422 0.122917 0.029062 0.035000
1 0.484766 0.115625 0.008437 0.020000
1 0.492188 0.119271 0.015000 0.033750
1 0.339844 0.120833 0.028125 0.037500
1 0.958203 0.110417 0.010312 0.015000
1 0.897266 0.113542 0.017813 0.022500
1 0.564063 0.108854 0.016875 0.013750
1 0.272266 0.111979 0.014063 0.021250
1 0.693359 0.125000 0.042188 0.055000
1 0.534766 0.108854 0.014063 0.016250
1 0.797656 0.109375 0.009375 0.020000
1 0.748047 0.106771 0.014063 0.018750
1 0.810937 0.108333 0.016875 0.025000
1 0.399609 0.102604 0.010312 0.011250
1 0.721484 0.104167 0.017813 0.020000
1 0.443359 0.102604 0.017813 0.016250
1 0.285547 0.103646 0.014063 0.021250
1 0.787891 0.099479 0.017813 0.013750
1 0.611328 0.110417 0.027187 0.042500
1 0.315234 0.105729 0.025312 0.031250
1 0.928516 0.102083 0.008437 0.025000
1 0.358203 0.110417 0.025312 0.047500
1 0.737109 0.097917 0.012188 0.020000
1 0.756250 0.097917 0.016875 0.025000
1 0.329297 0.097917 0.021562 0.025000
1 0.894922 0.092708 0.015938 0.015000
1 0.501953 0.104167 0.015938 0.042500
1 0.909766 0.100000 0.017813 0.035000
1 0.710938 0.092708 0.009375 0.017500
1 0.424609 0.094792 0.032813 0.022500
1 0.239844 0.109375 0.026250 0.060000
1 0.466016 0.095312 0.019688 0.031250
1 0.448047 0.089583 0.014063 0.017500
1 0.853516 0.089063 0.015938 0.018750
1 0.246875 0.091667 0.015000 0.025000
1 0.681250 0.089583 0.016875 0.022500
1 0.870703 0.096354 0.019688 0.041250
1 0.589844 0.088542 0.011250 0.022500
1 0.339844 0.084896 0.013125 0.013750
1 0.767969 0.093229 0.024375 0.036250
1 0.486328 0.092708 0.023438 0.035000
1 0.400781 0.088021 0.022500 0.023750
1 0.301953 0.084375 0.017813 0.015000
1 0.809766 0.085417 0.014063 0.020000
1 0.689453 0.084375 0.012188 0.017500
1 0.264453 0.113542 0.027187 0.087500
1 0.867969 0.082292 0.009375 0.015000
1 0.701562 0.086458 0.016875 0.025000
1 0.369141 0.082292 0.012188 0.015000
1 0.611719 0.084375 0.015000 0.022500
1 0.888281 0.081771 0.016875 0.018750
1 0.833203 0.086979 0.036562 0.033750
1 0.434375 0.078125 0.009375 0.015000
1 0.415234 0.078646 0.015938 0.018750
1 0.784375 0.080208 0.024375 0.025000
1 0.744531 0.078125 0.011250 0.025000
1 0.858984 0.071354 0.012188 0.013750
1 0.835547 0.076563 0.021562 0.026250
1 0.700391 0.069792 0.010312 0.010000
1 0.283203 0.081771 0.021562 0.038750
1 0.623828 0.072396 0.023438 0.018750
1 0.440234 0.070312 0.008437 0.016250
1 0.689063 0.069271 0.016875 0.016250
1 0.257031 0.070312 0.011250 0.018750
1 0.361719 0.068229 0.009375 0.016250
1 0.799609 0.071354 0.021562 0.028750
1 0.298438 0.068229 0.015000 0.021250
1 0.753516 0.061458 0.015938 0.012500
1 0.520703 0.087500 0.029062 0.075000
1 0.840625 0.065104 0.030000 0.023750
1 0.502344 0.068750 0.011250 0.032500
1 0.770703 0.060417 0.025312 0.015000
1 0.337500 0.061458 0.011250 0.017500
1 0.385547 0.084896 0.023438 0.078750
1 0.822656 0.057813 0.009375 0.016250
1 0.414844 0.059896 0.011250 0.021250
1 0.590625 0.059375 0.016875 0.025000
1 0.478516 0.068229 0.029062 0.046250
1 0.459375 0.064062 0.013125 0.036250
1 0.445703 0.058854 0.015938 0.023750
1 0.612500 0.055208 0.013125 0.020000
1 0.543750 0.052083 0.009375 0.012500
1 0.692578 0.054688 0.008437 0.021250
1 0.246484 0.064062 0.015938 0.043750
1 0.496484 0.051562 0.019688 0.016250
1 0.391406 0.048438 0.016875 0.016250
1 0.570703 0.071354 0.029062 0.073750
1 0.716406 0.053125 0.013125 0.032500
1 0.586328 0.043229 0.010312 0.013750
1 0.260156 0.047396 0.011250 0.023750
1 0.512109 0.044792 0.015938 0.020000
1 0.621094 0.050000 0.013125 0.035000
1 0.741797 0.050000 0.045937 0.037500
1 0.467578 0.042188 0.008437 0.018750
1 0.425781 0.045833 0.018750 0.027500
1 0.244141 0.041667 0.017813 0.017500
1 0.777344 0.039062 0.016875 0.013750
1 0.551562 0.040625 0.016875 0.017500
1 0.410547 0.041146 0.015938 0.021250
1 0.425781 0.038021 0.011250 0.018750
1 0.363281 0.046875 0.037500 0.042500
1 0.729297 0.034375 0.010312 0.015000
1 0.612891 0.035937 0.015938 0.018750
1 0.294922 0.054688 0.066562 0.063750
1 0.479687 0.033854 0.015000 0.016250
1 0.391797 0.033854 0.027187 0.016250
1 0.739453 0.033333 0.015938 0.020000
1 0.565625 0.031250 0.020625 0.015000
1 0.444141 0.032813 0.017813 0.018750
1 0.691797 0.034375 0.027187 0.025000
1 0.642188 0.108333 0.090000 0.202500
1 0.596094 0.028646 0.018750 0.011250
1 0.414453 0.030729 0.010312 0.016250
1 0.338672 0.038021 0.017813 0.033750
1 0.757031 0.029167 0.030000 0.025000
1 0.576562 0.025521 0.018750 0.018750
1 0.308594 0.033333 0.018750 0.037500
1 0.954688 0.025000 0.030000 0.022500
1 0.512109 0.018750 0.008437 0.015000
1 0.459766 0.027083 0.030937 0.035000
1 0.421484 0.019792 0.014063 0.017500
1 0.404297 0.021354 0.014063 0.021250
1 0.986875 0.025000 0.026250 0.032500
1 0.529297 0.027083 0.023438 0.040000
1 0.345313 0.015104 0.015000 0.013750
1 0.450000 0.016667 0.020625 0.020000
1 0.599219 0.016667 0.033750 0.022500
1 0.666406 0.012500 0.016875 0.015000
1 0.498437 0.020313 0.024375 0.033750
1 0.430859 0.017708 0.023438 0.030000
1 0.371094 0.014583 0.016875 0.025000
1 0.480859 0.016667 0.019688 0.032500
1 0.285547 0.020625 0.014063 0.041250
1 0.612891 0.010937 0.010312 0.021250
1 0.983594 0.005000 0.011250 0.010000
1 0.972266 0.026250 0.029062 0.052500
1 0.817578 0.008750 0.025312 0.017500
1 0.693750 0.017500 0.039375 0.035000
1 0.636328 0.039375 0.029062 0.078750
1 0.572656 0.008125 0.013125 0.016250
1 0.551172 0.020625 0.019688 0.041250
1 0.544922 0.007500 0.014063 0.015000
1 0.411719 0.008750 0.015000 0.017500
1 0.383594 0.015000 0.011250 0.030000
1 0.344531 0.008125 0.030000 0.016250
1 0.316406 0.033750 0.033750 0.067500
1 0.267578 0.025000 0.027187 0.050000
1 0.254688 0.008750 0.018750 0.017500
1 0.223438 0.047500 0.041250 0.095000
1 0.172656 0.007500 0.024375 0.015000
1 0.154688 0.013750 0.024375 0.027500
1 0.141797 0.015000 0.023438 0.030000
1 0.121094 0.007500 0.018750 0.015000
1 0.226875 0.600000 0.453750 1.000000
1 0.005625 0.012500 0.011250 0.025000
