1 0.531250 0.982000 0.045000 0.036000
1 0.116250 0.980500 0.039000 0.039000
1 0.487500 0.979000 0.042000 0.042000
1 0.590000 0.978750 0.042000 0.039000
1 0.650000 0.974500 0.066000 0.051000
1 0.961000 0.970000 0.078000 0.060000
1 0.853750 0.965000 0.093000 0.054000
1 0.388750 0.959500 0.147000 0.081000
1 0.148750 0.946250 0.057000 0.033000
1 0.325000 0.956500 0.102000 0.087000
1 0.240000 0.953500 0.102000 0.093000
1 0.671250 0.948750 0.057000 0.075000
1 0.472500 0.931250 0.048000 0.033000
1 0.807500 0.933750 0.042000 0.045000
1 0.713750 0.920000 0.027000 0.042000
1 0.397500 0.917500 0.114000 0.054000
1 0.850000 0.910000 0.054000 0.048000
1 0.236250 0.908750 0.033000 0.045000
1 0.666250 0.883750 0.027000 0.039000
1 0.718750 0.881250 0.045000 0.045000
1 0.961000 0.885000 0.078000 0.066000
1 0.920000 0.912500 0.138000 0.132000
1 0.533750 0.916250 0.267000 0.147000
1 0.142500 0.902500 0.186000 0.126000
1 0.298750 0.881250 0.063000 0.087000
1 0.756250 0.893750 0.045000 0.123000
1 0.398750 0.863750 0.051000 0.069000
1 0.980500 0.841250 0.039000 0.045000
1 0.427500 0.840000 0.042000 0.042000
1 0.936250 0.856250 0.069000 0.087000
1 0.630000 0.836250 0.078000 0.039000
1 0.572500 0.842500 0.054000 0.054000
1 0.362500 0.863750 0.102000 0.105000
1 0.516250 0.835000 0.087000 0.042000
1 0.232500 0.847500 0.090000 0.078000
1 0.921250 0.813750 0.045000 0.033000
1 0.608750 0.810000 0.051000 0.042000
1 0.278750 0.810000 0.039000 0.042000
1 0.553750 0.807500 0.063000 0.042000
1 0.393750 0.805000 0.045000 0.036000
1 0.671250 0.828750 0.063000 0.099000
1 0.462500 0.800000 0.042000 0.030000
1 0.698750 0.795000 0.027000 0.042000
1 0.207500 0.803750 0.048000 0.069000
1 0.835000 0.815000 0.156000 0.114000
1 0.432500 0.795000 0.054000 0.066000
1 0.637500 0.785000 0.054000 0.048000
1 0.982000 0.771250 0.036000 0.027000
1 0.735000 0.786250 0.054000 0.063000
1 0.165000 0.778750 0.036000 0.051000
1 0.136250 0.806250 0.153000 0.117000
1 0.277500 0.767500 0.036000 0.054000
1 0.585000 0.770000 0.036000 0.066000
1 0.550000 0.756250 0.060000 0.045000
1 0.230000 0.755000 0.036000 0.048000
1 0.477500 0.755000 0.042000 0.060000
1 0.796250 0.782500 0.075000 0.132000
1 0.516250 0.763750 0.063000 0.087000
1 0.918750 0.753750 0.075000 0.081000
1 0.856250 0.736250 0.063000 0.039000
1 0.286250 0.732500 0.045000 0.048000
1 0.087500 0.740000 0.048000 0.066000
1 0.763750 0.742500 0.069000 0.102000
1 0.476250 0.711250 0.039000 0.033000
1 0.376250 0.743750 0.195000 0.123000
1 0.915000 0.695000 0.036000 0.036000
1 0.510000 0.695000 0.048000 0.054000
1 0.317500 0.685000 0.042000 0.042000
1 0.911250 0.677500 0.069000 0.042000
1 0.747500 0.682500 0.054000 0.054000
1 0.964000 0.698750 0.072000 0.099000
1 0.687500 0.716250 0.090000 0.147000
1 0.635000 0.672500 0.030000 0.048000
1 0.183750 0.712500 0.117000 0.144000
1 0.128750 0.695000 0.111000 0.102000
1 0.815000 0.695000 0.102000 0.114000
1 0.583750 0.685000 0.135000 0.114000
1 0.910000 0.640000 0.054000 0.048000
1 0.861250 0.640000 0.039000 0.048000
1 0.080000 0.636250 0.030000 0.045000
1 0.265000 0.672500 0.108000 0.138000
1 0.961000 0.633750 0.078000 0.051000
1 0.462500 0.648750 0.222000 0.117000
1 0.703750 0.635000 0.105000 0.096000
1 0.445000 0.603750 0.042000 0.033000
1 0.338750 0.652500 0.093000 0.150000
1 0.916250 0.600000 0.045000 0.030000
1 0.876250 0.593750 0.057000 0.057000
1 0.582500 0.602500 0.102000 0.078000
1 0.497500 0.582500 0.060000 0.036000
1 0.708750 0.578750 0.069000 0.045000
1 0.310000 0.577500 0.066000 0.048000
1 0.260000 0.560000 0.030000 0.036000
1 0.591250 0.552500 0.033000 0.036000
1 0.645000 0.563750 0.072000 0.069000
1 0.390000 0.562500 0.042000 0.072000
1 0.090000 0.571250 0.054000 0.093000
1 0.728750 0.547500 0.081000 0.048000
1 0.465000 0.543750 0.060000 0.039000
1 0.271250 0.535000 0.069000 0.042000
1 0.776250 0.601250 0.189000 0.219000
1 0.191250 0.578750 0.135000 0.195000
1 0.672500 0.526250 0.048000 0.081000
1 0.896250 0.536250 0.141000 0.111000
1 0.636250 0.502500 0.033000 0.042000
1 0.691250 0.501250 0.039000 0.045000
1 0.962500 0.520000 0.075000 0.096000
1 0.310000 0.501250 0.072000 0.057000
1 0.082500 0.493750 0.042000 0.039000
1 0.015000 0.501250 0.024000 0.069000
1 0.127500 0.506250 0.096000 0.093000
1 0.773750 0.490000 0.051000 0.066000
1 0.226250 0.485000 0.063000 0.090000
1 0.860000 0.456250 0.030000 0.033000
1 0.967500 0.448750 0.048000 0.033000
1 0.548750 0.501250 0.165000 0.159000
1 0.906250 0.446250 0.093000 0.045000
1 0.820000 0.467500 0.096000 0.096000
1 0.456250 0.455000 0.075000 0.078000
1 0.842500 0.433750 0.042000 0.033000
1 0.290000 0.445000 0.090000 0.066000
1 0.486250 0.422500 0.045000 0.048000
1 0.766250 0.417500 0.057000 0.042000
1 0.122500 0.437500 0.132000 0.090000
1 0.190000 0.435000 0.048000 0.090000
1 0.693750 0.438750 0.123000 0.123000
1 0.608750 0.436250 0.129000 0.117000
1 0.986500 0.411250 0.027000 0.063000
1 0.895000 0.405000 0.042000 0.048000
1 0.671250 0.398750 0.033000 0.033000
1 0.527500 0.412500 0.048000 0.066000
1 0.371250 0.478750 0.153000 0.249000
1 0.356250 0.400000 0.045000 0.060000
1 0.450000 0.396250 0.030000 0.057000
1 0.276250 0.390000 0.039000 0.042000
1 0.183750 0.380000 0.045000 0.036000
1 0.631250 0.378750 0.045000 0.051000
1 0.915000 0.382500 0.114000 0.066000
1 0.322500 0.390000 0.060000 0.102000
1 0.438750 0.362500 0.099000 0.042000
1 0.867500 0.352500 0.030000 0.030000
1 0.837500 0.381250 0.102000 0.111000
1 0.986500 0.355000 0.027000 0.054000
1 0.241250 0.352500 0.069000 0.084000
1 0.213750 0.340000 0.033000 0.054000
1 0.735000 0.357500 0.144000 0.102000
1 0.291250 0.322500 0.033000 0.054000
1 0.358750 0.332500 0.075000 0.084000
1 0.183750 0.311250 0.033000 0.033000
1 0.960000 0.320000 0.036000 0.066000
1 0.421250 0.321250 0.075000 0.075000
1 0.526250 0.342500 0.159000 0.132000
1 0.831250 0.293750 0.069000 0.045000
1 0.658750 0.322500 0.099000 0.126000
1 0.147500 0.308750 0.042000 0.099000
1 0.901250 0.323750 0.141000 0.147000
1 0.321250 0.292500 0.039000 0.072000
1 0.397500 0.275000 0.102000 0.042000
1 0.021000 0.281250 0.042000 0.057000
1 0.973750 0.280000 0.051000 0.072000
1 0.402500 0.260000 0.036000 0.030000
1 0.465000 0.267500 0.048000 0.054000
1 0.516250 0.267500 0.051000 0.066000
1 0.360000 0.252500 0.048000 0.036000
1 0.115000 0.323750 0.114000 0.219000
1 0.166250 0.257500 0.051000 0.078000
1 0.823750 0.250000 0.087000 0.066000
1 0.243750 0.263750 0.117000 0.105000
1 0.671250 0.237500 0.069000 0.048000
1 0.112500 0.233750 0.036000 0.039000
1 0.591250 0.237500 0.039000 0.054000
1 0.837500 0.220000 0.030000 0.048000
1 0.570000 0.225000 0.042000 0.066000
1 0.982000 0.216250 0.036000 0.051000
1 0.700000 0.203750 0.054000 0.033000
1 0.301250 0.245000 0.129000 0.132000
1 0.943750 0.198750 0.045000 0.027000
1 0.613750 0.203750 0.039000 0.051000
1 0.913750 0.231250 0.135000 0.123000
1 0.862500 0.193750 0.042000 0.039000
1 0.363750 0.197500 0.021000 0.048000
1 0.976000 0.190000 0.048000 0.054000
1 0.470000 0.201250 0.084000 0.081000
1 0.936250 0.168750 0.051000 0.039000
1 0.395000 0.187500 0.036000 0.096000
1 0.673750 0.200000 0.159000 0.132000
1 0.433750 0.167500 0.063000 0.060000
1 0.332500 0.171250 0.066000 0.069000
1 0.101250 0.176250 0.081000 0.081000
1 0.777500 0.197500 0.162000 0.138000
1 0.211250 0.205000 0.081000 0.156000
1 0.525000 0.176250 0.144000 0.093000
1 0.286250 0.160000 0.045000 0.060000
1 0.700000 0.143750 0.030000 0.045000
1 0.320000 0.131250 0.048000 0.045000
1 0.933750 0.122500 0.045000 0.036000
1 0.378750 0.128750 0.039000 0.051000
1 0.783750 0.122500 0.039000 0.048000
1 0.145000 0.137500 0.132000 0.084000
1 0.447500 0.122500 0.114000 0.066000
1 0.600000 0.100000 0.048000 0.042000
1 0.191250 0.092500 0.033000 0.030000
1 0.912500 0.103750 0.066000 0.093000
1 0.481250 0.085000 0.081000 0.048000
1 0.867500 0.063750 0.054000 0.021000
1 0.393750 0.062500 0.051000 0.036000
1 0.298750 0.107500 0.207000 0.150000
1 0.132500 0.070000 0.108000 0.066000
1 0.076250 0.062500 0.021000 0.048000
1 0.441250 0.061250 0.045000 0.057000
1 0.297500 0.051250 0.042000 0.033000
1 0.730000 0.083750 0.114000 0.117000
1 0.840000 0.105000 0.126000 0.186000
1 0.968500 0.071250 0.063000 0.111000
1 0.235000 0.046250 0.066000 0.063000
1 0.193750 0.047500 0.033000 0.084000
1 0.675000 0.027500 0.030000 0.048000
1 0.756250 0.026250 0.039000 0.051000
1 0.018000 0.031500 0.036000 0.063000
1 0.876250 0.033000 0.141000 0.066000
1 0.648750 0.039000 0.039000 0.078000
1 0.602500 0.064500 0.168000 0.129000
1 0.471250 0.033000 0.039000 0.066000
1 0.418750 0.027000 0.099000 0.054000
1 0.312500 0.018000 0.060000 0.036000
1 0.247500 0.022500 0.072000 0.045000
1 0.163750 0.027000 0.039000 0.054000
