1 0.380625 0.708160 0.033000 0.054954
1 0.334062 0.689425 0.051750 0.041965
1 0.560625 0.690674 0.027000 0.060949
1 0.421563 0.684846 0.090750 0.072939
1 0.304063 0.648210 0.051750 0.040966
1 0.649062 0.644047 0.038250 0.036969
1 0.535000 0.624480 0.045000 0.043963
1 0.373125 0.629475 0.067500 0.113905
1 0.456250 0.582015 0.037500 0.035970
1 0.393125 0.579101 0.030000 0.056953
1 0.498125 0.576603 0.028500 0.052956
1 0.358125 0.566195 0.037500 0.039967
1 0.532813 0.574521 0.059250 0.061948
1 0.301250 0.554538 0.045000 0.039967
1 0.714688 0.556619 0.029250 0.048959
1 0.693750 0.544130 0.024000 0.034971
1 0.666250 0.534138 0.012000 0.014988
1 0.432500 0.557868 0.055500 0.087927
1 0.400938 0.531224 0.045750 0.031973
1 0.739688 0.538301 0.045750 0.076936
1 0.562500 0.518734 0.076500 0.065945
1 0.649687 0.500416 0.023250 0.025978
1 0.789062 0.502914 0.069750 0.049958
1 0.297500 0.492506 0.042000 0.038968
1 0.626563 0.572023 0.170250 0.233805
1 0.569375 0.482931 0.045000 0.035970
1 0.671250 0.476686 0.022500 0.028976
1 0.648125 0.470025 0.024000 0.032973
1 0.626250 0.459201 0.018000 0.022981
1 0.390625 0.498335 0.141000 0.142881
1 0.746563 0.432140 0.027750 0.049958
1 0.335000 0.417985 0.030000 0.053955
1 0.769687 0.415487 0.026250 0.053955
1 0.404375 0.414238 0.042000 0.050958
1 0.740625 0.394255 0.039000 0.032973
1 0.529375 0.472107 0.163500 0.219817
1 0.759375 0.368859 0.037500 0.031973
1 0.491250 0.370941 0.031500 0.046961
1 0.658125 0.351374 0.036000 0.033972
1 0.716562 0.351790 0.026250 0.050958
1 0.768750 0.335554 0.031500 0.029975
1 0.740313 0.334721 0.027750 0.045962
1 0.500938 0.405912 0.188250 0.236803
1 0.699063 0.410908 0.297750 0.302748
1 0.756875 0.299750 0.030000 0.039967
1 0.731563 0.294754 0.033750 0.037968
1 0.665000 0.270608 0.045000 0.057952
1 0.534687 0.224813 0.029250 0.045962
1 0.755938 0.163614 0.026250 0.044963
1 0.811000 0.322231 0.378000 0.644463
1 0.239375 0.600000 0.414000 1.000000
