1 0.557187 0.902165 0.047250 0.072939
1 0.510625 0.882598 0.036000 0.083930
1 0.631563 0.847627 0.045750 0.063947
1 0.471875 0.830558 0.037500 0.070941
1 0.684375 0.810991 0.034500 0.075937
1 0.555937 0.782265 0.048750 0.058951
1 0.592187 0.774771 0.032250 0.068943
1 0.521875 0.798085 0.040500 0.136886
1 0.565000 0.731474 0.042000 0.064946
1 0.465313 0.748959 0.083250 0.132889
1 0.724375 0.715654 0.040500 0.062948
1 0.596250 0.689842 0.033000 0.072939
1 0.528438 0.641549 0.041250 0.046961
1 0.557500 0.657785 0.061500 0.105912
1 0.688438 0.609076 0.054750 0.052956
1 0.664375 0.666944 0.076500 0.201832
1 0.550625 0.593256 0.045000 0.054954
1 0.507812 0.580766 0.036750 0.064946
1 0.384688 0.567860 0.050250 0.051957
1 0.451250 0.557868 0.052500 0.053955
1 0.629062 0.518318 0.030750 0.032973
1 0.488438 0.534138 0.045750 0.114904
1 0.521875 0.480849 0.013500 0.026978
1 0.475313 0.452956 0.008250 0.007993
1 0.517500 0.451707 0.052500 0.134888
1 0.545937 0.420067 0.036750 0.066944
1 0.371250 0.410491 0.027000 0.073938
1 0.632188 0.453372 0.260250 0.336719
1 0.772500 0.297252 0.034500 0.063947
1 0.403750 0.253955 0.046500 0.041965
1 0.634062 0.257286 0.081750 0.129892
1 0.398125 0.215654 0.048000 0.045962
1 0.603750 0.198585 0.031500 0.062948
1 0.414687 0.184430 0.042750 0.040966
1 0.675625 0.139051 0.042000 0.039967
1 0.488125 0.121149 0.046500 0.042964
1 0.654687 0.122814 0.033750 0.054954
1 0.627500 0.157785 0.093000 0.152873
1 0.569063 0.111990 0.041250 0.054954
1 0.520312 0.103247 0.032250 0.061948
1 0.402813 0.108659 0.038250 0.116903
1 0.487187 0.070774 0.045750 0.047960
1 0.571250 0.062448 0.046500 0.041965
1 0.533750 0.054538 0.037500 0.052956
1 0.486250 0.311740 0.277500 0.623480
1 0.610000 0.046211 0.030000 0.066944
1 0.592812 0.024480 0.030750 0.048959
1 0.555312 0.025978 0.024750 0.051957
