1 0.282500 0.660283 0.012000 0.005995
1 0.399687 0.651957 0.012750 0.005995
1 0.501250 0.647377 0.039000 0.034971
1 0.324688 0.637386 0.036750 0.038968
1 0.483438 0.621149 0.023250 0.011990
1 0.382188 0.639051 0.026250 0.060949
1 0.357812 0.634888 0.026250 0.050958
1 0.585000 0.629059 0.022500 0.056953
1 0.269688 0.620733 0.026250 0.054954
1 0.474375 0.628643 0.075000 0.087927
1 0.293438 0.623647 0.033750 0.081932
1 0.473750 0.584097 0.024000 0.022981
1 0.321875 0.580350 0.016500 0.015987
1 0.445000 0.576603 0.015000 0.012989
1 0.518125 0.605745 0.078000 0.110908
1 0.521250 0.552456 0.010500 0.012989
1 0.263437 0.533722 0.014250 0.007993
1 0.453750 0.536636 0.009000 0.016986
1 0.314688 0.549958 0.021750 0.050958
1 0.469062 0.537885 0.023250 0.031973
1 0.416563 0.523730 0.015750 0.007993
1 0.382188 0.584097 0.243750 0.154871
1 0.548750 0.559534 0.088500 0.105912
1 0.705000 0.531224 0.027000 0.039967
1 0.341250 0.520816 0.034500 0.038968
1 0.453125 0.512490 0.036000 0.026978
1 0.579688 0.514155 0.030750 0.036969
1 0.417812 0.509992 0.045750 0.026978
1 0.312500 0.511241 0.031500 0.039967
1 0.557187 0.494588 0.017250 0.011990
1 0.355938 0.492090 0.014250 0.009992
1 0.529375 0.503747 0.024000 0.039967
1 0.503125 0.522481 0.057000 0.100916
1 0.608437 0.492923 0.020250 0.039967
1 0.247188 0.489176 0.033750 0.032973
1 0.689688 0.519983 0.114750 0.116903
1 0.488438 0.485429 0.032250 0.039967
1 0.565625 0.480017 0.036000 0.030974
1 0.408750 0.471274 0.015000 0.015987
1 0.382500 0.501665 0.070500 0.090924
1 0.272500 0.491674 0.031500 0.080933
1 0.678750 0.462948 0.033000 0.031973
1 0.312812 0.469192 0.024750 0.048959
1 0.400938 0.455037 0.027750 0.024979
1 0.727187 0.454621 0.033750 0.033972
1 0.651875 0.456286 0.025500 0.041965
1 0.445625 0.469609 0.078000 0.075937
1 0.243438 0.451291 0.038250 0.033972
1 0.396250 0.435887 0.009000 0.010991
1 0.539062 0.455037 0.087750 0.070941
1 0.357812 0.439217 0.035250 0.032973
1 0.608750 0.450458 0.082500 0.073938
1 0.263750 0.426728 0.037500 0.032973
1 0.321250 0.447960 0.072000 0.095920
1 0.589375 0.414654 0.033000 0.029975
1 0.472187 0.435887 0.080250 0.084929
1 0.412813 0.417152 0.039750 0.049958
1 0.538438 0.411324 0.081750 0.051957
1 0.693438 0.403414 0.029250 0.040966
1 0.349062 0.402165 0.114750 0.061948
1 0.450313 0.402998 0.059250 0.081932
1 0.393750 0.379267 0.034500 0.030974
1 0.642813 0.401749 0.101250 0.098918
1 0.481563 0.383014 0.072750 0.053955
1 0.320625 0.372190 0.022500 0.039967
1 0.635938 0.358451 0.030750 0.030974
1 0.674687 0.356786 0.032250 0.032973
1 0.586250 0.366361 0.036000 0.077935
1 0.170625 0.342215 0.024000 0.047960
1 0.513750 0.357202 0.145500 0.103913
1 0.631250 0.324313 0.027000 0.040966
1 0.415000 0.279351 0.027000 0.046961
