1 0.026250 0.935000 0.051000 0.090000
1 0.221250 0.920500 0.195000 0.159000
1 0.022500 0.863750 0.045000 0.063000
1 0.785000 0.902500 0.342000 0.195000
1 0.488750 0.896500 0.447000 0.207000
1 0.481250 0.822500 0.195000 0.126000
1 0.236250 0.796250 0.219000 0.141000
1 0.081000 0.833500 0.162000 0.333000
1 0.733750 0.777500 0.195000 0.144000
1 0.557500 0.747500 0.216000 0.138000
1 0.340000 0.711250 0.186000 0.171000
1 0.052500 0.675000 0.105000 0.132000
1 0.261250 0.625000 0.165000 0.210000
1 0.123750 0.607500 0.135000 0.198000
