1 0.571250 0.971500 0.147000 0.057000
1 0.308750 0.967000 0.069000 0.066000
1 0.748750 0.953500 0.153000 0.093000
1 0.387500 0.950500 0.078000 0.099000
1 0.170000 0.937000 0.162000 0.126000
1 0.861250 0.931000 0.111000 0.138000
1 0.940000 0.866250 0.066000 0.027000
1 0.791250 0.881250 0.057000 0.069000
1 0.385000 0.872500 0.072000 0.078000
1 0.303750 0.870000 0.093000 0.078000
1 0.648750 0.895000 0.123000 0.162000
1 0.730000 0.876250 0.060000 0.123000
1 0.817500 0.810000 0.126000 0.066000
1 0.423750 0.778750 0.111000 0.063000
1 0.293750 0.818750 0.183000 0.159000
1 0.901250 0.751250 0.063000 0.153000
1 0.980000 0.701250 0.018000 0.051000
1 0.693750 0.736250 0.147000 0.189000
1 0.608750 0.667500 0.129000 0.162000
1 0.423750 0.653750 0.189000 0.141000
1 0.883750 0.606250 0.033000 0.051000
1 0.840000 0.602500 0.030000 0.060000
1 0.560000 0.760000 0.180000 0.480000
1 0.801250 0.635000 0.171000 0.180000
1 0.868750 0.563750 0.063000 0.021000
1 0.695000 0.572500 0.096000 0.060000
1 0.988000 0.565000 0.024000 0.054000
1 0.633750 0.533750 0.033000 0.087000
1 0.820000 0.486250 0.060000 0.033000
1 0.425000 0.526250 0.222000 0.153000
1 0.913750 0.428750 0.081000 0.051000
1 0.750000 0.445000 0.114000 0.108000
1 0.792500 0.426250 0.120000 0.081000
1 0.506250 0.443750 0.195000 0.159000
1 0.755000 0.288750 0.066000 0.123000
1 0.606250 0.296250 0.099000 0.141000
1 0.697500 0.300000 0.114000 0.162000
1 0.901250 0.208750 0.057000 0.039000
1 0.893750 0.147500 0.063000 0.060000
1 0.740000 0.166250 0.090000 0.141000
1 0.598750 0.160000 0.225000 0.156000
1 0.822500 0.101250 0.072000 0.177000
1 0.883750 0.067500 0.105000 0.102000
1 0.753750 0.061500 0.063000 0.123000
