1 0.967750 0.962531 0.064500 0.074938
1 0.758750 0.887594 0.043500 0.075937
1 0.719688 0.876353 0.048750 0.068943
1 0.619687 0.857202 0.072750 0.078934
1 0.779062 0.841799 0.047250 0.061948
1 0.666875 0.823064 0.060000 0.048959
1 0.738750 0.815154 0.045000 0.061948
1 0.425000 0.819734 0.039000 0.078934
1 0.769687 0.779767 0.057750 0.042964
1 0.593437 0.784763 0.047250 0.076936
1 0.627188 0.784763 0.042750 0.078934
1 0.708438 0.769359 0.039750 0.079933
1 0.747188 0.725645 0.056250 0.048959
1 0.624375 0.720649 0.051000 0.056953
1 0.581562 0.723980 0.054750 0.064946
1 0.553438 0.726478 0.039750 0.076936
1 0.790625 0.714821 0.039000 0.074938
1 0.662500 0.721898 0.069000 0.191840
1 0.834375 0.650291 0.013500 0.037968
1 0.428125 0.649042 0.061500 0.050958
1 0.166125 0.745212 0.332250 0.509575
1 0.783438 0.589092 0.045750 0.058951
1 0.828438 0.595754 0.096750 0.094921
1 0.201250 0.559534 0.006000 0.013988
1 0.565937 0.565362 0.012750 0.037968
1 0.500625 0.553705 0.061500 0.059950
1 0.393437 0.532057 0.027750 0.035970
1 0.770938 0.532057 0.045750 0.047960
1 0.588125 0.515820 0.009000 0.018984
1 0.745625 0.592007 0.304500 0.251790
1 0.597812 0.486678 0.009750 0.026978
1 0.760625 0.487094 0.055500 0.053955
1 0.734062 0.466694 0.044250 0.058951
1 0.300000 0.429226 0.064500 0.052956
1 0.691562 0.381765 0.053250 0.052956
1 0.509062 0.378851 0.053250 0.051957
1 0.561562 0.358035 0.008250 0.011990
1 0.568125 0.348876 0.010500 0.015987
1 0.210313 0.371357 0.042750 0.077935
1 0.462500 0.345962 0.046500 0.072939
1 0.418125 0.311407 0.039000 0.073938
1 0.661250 0.299750 0.046500 0.065945
1 0.503750 0.309326 0.070500 0.112906
1 0.457500 0.284763 0.034500 0.075937
1 0.515312 0.466694 0.482250 0.544546
1 0.513125 0.246045 0.064500 0.040966
1 0.184375 0.249376 0.052500 0.064946
1 0.557500 0.247710 0.046500 0.062948
1 0.384375 0.264363 0.103500 0.126894
1 0.300000 0.301415 0.183000 0.261782
1 0.327500 0.206078 0.037500 0.078934
1 0.282500 0.197336 0.045000 0.063947
1 0.558438 0.181099 0.038250 0.070941
1 0.209375 0.170691 0.064500 0.049958
1 0.405938 0.129475 0.062250 0.044963
1 0.363438 0.101582 0.060750 0.045962
1 0.406250 0.087427 0.055500 0.053955
1 0.319375 0.122814 0.081000 0.148876
1 0.237500 0.058701 0.069000 0.050958
1 0.342500 0.040383 0.040500 0.072939
1 0.283750 0.031640 0.063000 0.059950
1 0.853000 0.225312 0.294000 0.450624
1 0.046875 0.054455 0.093750 0.108909
