1 0.851875 0.816146 0.296250 0.306250
1 0.493750 0.571875 0.016875 0.020000
1 0.561719 0.556771 0.024375 0.041250
1 0.465234 0.518750 0.012188 0.030000
1 0.485547 0.509375 0.025312 0.027500
1 0.536719 0.515104 0.048750 0.043750
1 0.586719 0.496875 0.052500 0.057500
1 0.481250 0.482292 0.013125 0.022500
1 0.506250 0.490104 0.013125 0.046250
1 0.467187 0.478646 0.013125 0.018750
1 0.530859 0.482812 0.023438 0.036250
1 0.553516 0.484896 0.023438 0.046250
1 0.480078 0.463542 0.014063 0.020000
1 0.497656 0.459375 0.018750 0.040000
1 0.532031 0.461458 0.041250 0.050000
1 0.403516 0.448437 0.014063 0.021250
1 0.420312 0.440625 0.016875 0.012500
1 0.455469 0.442188 0.018750 0.031250
1 0.473438 0.436979 0.013125 0.023750
1 0.533203 0.434375 0.051562 0.030000
1 0.385937 0.432292 0.018750 0.045000
1 0.459375 0.415104 0.018750 0.028750
1 0.472656 0.405208 0.013125 0.027500
1 0.422656 0.405729 0.028125 0.031250
1 0.588281 0.398438 0.009375 0.021250
1 0.570312 0.399479 0.037500 0.063750
1 0.553516 0.381771 0.015938 0.021250
1 0.518359 0.397917 0.100312 0.067500
1 0.580078 0.376563 0.019688 0.021250
1 0.450000 0.378646 0.020625 0.028750
1 0.496875 0.371354 0.007500 0.028750
1 0.476172 0.366146 0.038437 0.038750
1 0.526172 0.354687 0.042188 0.033750
1 0.646875 0.353646 0.018750 0.038750
1 0.597656 0.330208 0.007500 0.015000
1 0.501563 0.330208 0.011250 0.032500
1 0.495312 0.329167 0.007500 0.030000
1 0.587500 0.324479 0.007500 0.026250
1 0.446484 0.376563 0.045937 0.158750
1 0.522656 0.320833 0.015000 0.032500
1 0.595703 0.307292 0.015938 0.030000
1 0.490234 0.302083 0.014063 0.022500
1 0.471875 0.305208 0.028125 0.065000
1 0.500781 0.295833 0.028125 0.052500
1 0.526953 0.282292 0.029062 0.045000
1 0.666016 0.274479 0.036562 0.031250
1 0.628125 0.355729 0.133125 0.288750
1 0.557031 0.248438 0.022500 0.033750
1 0.515234 0.243229 0.017813 0.043750
1 0.571484 0.280729 0.096562 0.188750
1 0.573047 0.189583 0.027187 0.027500
1 0.615625 0.201563 0.041250 0.058750
1 0.454297 0.195833 0.019688 0.047500
1 0.621094 0.177604 0.015000 0.046250
1 0.543359 0.209375 0.045937 0.125000
1 0.537891 0.173958 0.017813 0.040000
1 0.587109 0.157292 0.023438 0.035000
1 0.607422 0.152083 0.021562 0.042500
1 0.583984 0.019792 0.023438 0.037500
1 0.805000 0.344375 0.390000 0.688750
