1 0.685000 0.983500 0.042000 0.033000
1 0.848750 0.979000 0.063000 0.042000
1 0.788750 0.977500 0.087000 0.045000
1 0.617500 0.973000 0.120000 0.054000
1 0.832500 0.940000 0.060000 0.054000
1 0.440000 0.949000 0.072000 0.102000
1 0.388750 0.935500 0.099000 0.129000
1 0.401250 0.877500 0.057000 0.060000
1 0.985000 0.865000 0.030000 0.066000
1 0.099000 0.881500 0.198000 0.237000
1 0.901250 0.801250 0.051000 0.069000
1 0.958000 0.798750 0.084000 0.087000
1 0.967000 0.768750 0.066000 0.069000
1 0.447500 0.718750 0.054000 0.063000
1 0.926500 0.723750 0.147000 0.117000
1 0.467500 0.662500 0.048000 0.066000
1 0.976000 0.641250 0.048000 0.033000
1 0.338750 0.602500 0.069000 0.054000
1 0.241250 0.587500 0.033000 0.036000
1 0.641250 0.566250 0.027000 0.045000
1 0.631250 0.520000 0.141000 0.126000
1 0.162500 0.482500 0.066000 0.072000
1 0.643750 0.455000 0.051000 0.024000
1 0.795000 0.427500 0.120000 0.090000
1 0.765000 0.388750 0.054000 0.039000
1 0.857500 0.351250 0.048000 0.027000
1 0.525000 0.341250 0.030000 0.027000
1 0.315000 0.328750 0.090000 0.069000
1 0.387500 0.352500 0.204000 0.168000
1 0.170000 0.293750 0.030000 0.033000
1 0.171250 0.258750 0.039000 0.033000
1 0.069000 0.277500 0.138000 0.108000
1 0.986500 0.141250 0.027000 0.045000
1 0.793750 0.138750 0.033000 0.045000
1 0.598750 0.105000 0.027000 0.036000
1 0.892500 0.130000 0.066000 0.102000
1 0.038750 0.072500 0.075000 0.078000
1 0.860000 0.030000 0.036000 0.048000
1 0.957500 0.026250 0.036000 0.051000
1 0.927500 0.031500 0.030000 0.063000
1 0.250000 0.021000 0.060000 0.042000
1 0.105000 0.019500 0.060000 0.039000
1 0.600000 0.600000 1.000000 1.000000
1 0.028500 0.039000 0.057000 0.078000
