1 0.254063 0.878851 0.053250 0.060949
1 0.306563 0.874271 0.035250 0.071940
1 0.211562 0.852623 0.059250 0.051957
1 0.365312 0.837219 0.048750 0.048959
1 0.353750 0.810991 0.021000 0.013988
1 0.325625 0.819734 0.052500 0.050958
1 0.101250 0.876103 0.202500 0.247794
1 0.362500 0.796420 0.061500 0.042964
1 0.292812 0.807244 0.054750 0.120899
1 0.277187 0.767277 0.023250 0.052956
1 0.186250 0.751457 0.057000 0.050958
1 0.506563 0.758118 0.033750 0.070941
1 0.247812 0.741049 0.026250 0.041965
1 0.258437 0.724813 0.026250 0.040966
1 0.294063 0.726894 0.032250 0.073938
1 0.466250 0.697752 0.054000 0.043963
1 0.363750 0.691923 0.052500 0.043963
1 0.164062 0.681932 0.045750 0.061948
1 0.260937 0.645712 0.018750 0.008993
1 0.414062 0.665279 0.030750 0.065945
1 0.421563 0.644463 0.011250 0.021982
1 0.603125 0.656953 0.040500 0.059950
1 0.331875 0.677352 0.066000 0.116903
1 0.550937 0.668609 0.066750 0.099917
1 0.514687 0.654038 0.018750 0.072939
1 0.279062 0.664446 0.086250 0.113905
1 0.551875 0.619484 0.016500 0.021982
1 0.260000 0.627810 0.027000 0.041965
1 0.377500 0.636553 0.033000 0.070941
1 0.425625 0.609076 0.025500 0.058951
1 0.410313 0.609076 0.017250 0.062948
1 0.564688 0.592007 0.015750 0.027977
1 0.537188 0.587843 0.006750 0.019983
1 0.237187 0.612823 0.086250 0.083930
1 0.475000 0.585762 0.015000 0.028976
1 0.400313 0.589925 0.042750 0.046961
1 0.365938 0.581599 0.032250 0.034971
1 0.631563 0.585762 0.047250 0.048959
1 0.319375 0.590758 0.046500 0.060949
1 0.572812 0.584097 0.032250 0.046961
1 0.455937 0.620733 0.065250 0.152873
1 0.496250 0.569109 0.052500 0.030974
1 0.589375 0.599917 0.049500 0.106911
1 0.281562 0.565779 0.012750 0.034971
1 0.188750 0.574521 0.036000 0.073938
1 0.306250 0.555371 0.034500 0.029975
1 0.604062 0.547044 0.018750 0.011990
1 0.523438 0.544130 0.012750 0.010991
1 0.475625 0.547877 0.037500 0.021982
1 0.574688 0.540383 0.018750 0.009992
1 0.341562 0.547877 0.038250 0.043963
1 0.495000 0.531224 0.006000 0.023980
1 0.618750 0.529975 0.019500 0.026978
1 0.289687 0.533306 0.011250 0.034971
1 0.323437 0.522481 0.014250 0.010991
1 0.305937 0.527477 0.023250 0.022981
1 0.799375 0.708743 0.401250 0.582515
1 0.410625 0.524147 0.013500 0.024979
1 0.377812 0.529142 0.020250 0.046961
1 0.396562 0.514988 0.018750 0.014988
1 0.265937 0.525812 0.044250 0.050958
1 0.476250 0.514571 0.042000 0.035970
1 0.351250 0.508743 0.012000 0.025978
1 0.505000 0.518734 0.030000 0.063947
1 0.641250 0.524979 0.028500 0.088926
1 0.484375 0.489592 0.015000 0.009992
1 0.670937 0.508743 0.039750 0.059950
1 0.526563 0.492923 0.020250 0.029975
1 0.501563 0.481682 0.036750 0.018984
1 0.479063 0.479600 0.009750 0.015987
1 0.614062 0.488343 0.035250 0.038968
1 0.552188 0.481266 0.006750 0.023980
1 0.420625 0.479184 0.007500 0.022981
1 0.582500 0.478768 0.018000 0.025978
1 0.575625 0.475021 0.004500 0.016986
1 0.695937 0.489176 0.050250 0.058951
1 0.320937 0.483347 0.023250 0.052956
1 0.650312 0.473772 0.012750 0.031973
1 0.332188 0.482515 0.024750 0.054954
1 0.618750 0.461282 0.009000 0.013988
1 0.454688 0.475437 0.017250 0.057952
1 0.642813 0.453372 0.015750 0.010991
1 0.391562 0.465445 0.054750 0.043963
1 0.404687 0.450458 0.023250 0.013988
1 0.383750 0.452123 0.021000 0.017985
1 0.451562 0.441299 0.020250 0.011990
1 0.652813 0.442132 0.006750 0.017985
1 0.576562 0.441299 0.021750 0.027977
1 0.574375 0.437552 0.015000 0.018984
1 0.706250 0.449625 0.042000 0.049958
1 0.485312 0.443381 0.030750 0.048959
1 0.670937 0.444629 0.044250 0.053955
1 0.315937 0.412989 0.011250 0.023980
1 0.550000 0.408410 0.031500 0.022981
1 0.522188 0.405079 0.014250 0.014988
1 0.454688 0.422148 0.054750 0.057952
1 0.733750 0.414654 0.073500 0.041965
1 0.325937 0.403414 0.008250 0.032973
1 0.576250 0.394255 0.010500 0.018984
1 0.588125 0.393006 0.010500 0.019983
1 0.645625 0.407161 0.024000 0.063947
1 0.295312 0.404246 0.024750 0.056953
1 0.741563 0.389675 0.036750 0.023980
1 0.431563 0.398002 0.017250 0.051957
1 0.556562 0.385512 0.011250 0.025978
1 0.467500 0.399667 0.063000 0.059950
1 0.542813 0.378851 0.017250 0.015987
1 0.624687 0.410491 0.048750 0.101915
1 0.780625 0.381349 0.042000 0.045962
1 0.397188 0.382598 0.024750 0.056953
1 0.488125 0.376769 0.027000 0.048959
1 0.685937 0.391757 0.054750 0.086928
1 0.753750 0.370941 0.015000 0.038968
1 0.587187 0.366778 0.011250 0.034971
1 0.735625 0.363863 0.024000 0.029975
1 0.654062 0.355953 0.012750 0.014988
1 0.642188 0.353039 0.009750 0.019983
1 0.431563 0.353039 0.011250 0.021982
1 0.673750 0.382182 0.033000 0.097918
1 0.610313 0.344713 0.011250 0.011990
1 0.436250 0.344296 0.013500 0.010991
1 0.569375 0.360117 0.024000 0.054954
1 0.524375 0.348460 0.022500 0.038968
1 0.730938 0.335554 0.035250 0.017985
1 0.497812 0.339717 0.023250 0.043963
1 0.356250 0.348043 0.133500 0.081932
1 0.441563 0.353872 0.077250 0.105912
1 0.646250 0.322648 0.069000 0.048959
1 0.695000 0.326811 0.045000 0.064946
1 0.775312 0.321399 0.066750 0.055953
1 0.539062 0.320983 0.044250 0.056953
1 0.592187 0.315987 0.027750 0.078934
1 0.726562 0.285595 0.035250 0.073938
1 0.685625 0.274771 0.052500 0.049958
1 0.570625 0.274771 0.046500 0.057952
1 0.536250 0.271857 0.036000 0.058951
1 0.505000 0.267277 0.034500 0.073938
1 0.649687 0.233555 0.035250 0.074938
1 0.557500 0.217735 0.078000 0.072939
1 0.597500 0.192340 0.019500 0.027977
1 0.578750 0.176103 0.021000 0.016986
1 0.695312 0.206078 0.081750 0.090924
1 0.615313 0.182348 0.045750 0.045962
1 0.387813 0.179850 0.032250 0.075937
1 0.716562 0.170275 0.042750 0.056953
1 0.583125 0.147794 0.028500 0.048959
1 0.553438 0.150291 0.033750 0.064946
1 0.671562 0.116153 0.020250 0.008993
1 0.659687 0.135720 0.045750 0.067943
1 0.698125 0.128226 0.040500 0.069942
1 0.898750 0.123897 0.202500 0.247794
1 0.200625 0.291257 0.401250 0.582515
