1 0.312500 0.727727 0.039000 0.045962
1 0.370937 0.717735 0.050250 0.027977
1 0.265000 0.716070 0.057000 0.033972
1 0.509062 0.700250 0.030750 0.049958
1 0.236875 0.684430 0.055500 0.031973
1 0.312812 0.674854 0.080250 0.068943
1 0.610000 0.656953 0.045000 0.031973
1 0.490625 0.648626 0.045000 0.033972
1 0.570937 0.652789 0.045750 0.065945
1 0.311875 0.646545 0.033000 0.050958
1 0.570625 0.620316 0.009000 0.011990
1 0.410938 0.619484 0.038250 0.027977
1 0.646563 0.617402 0.038250 0.034971
1 0.342813 0.621565 0.033750 0.046961
1 0.305312 0.613655 0.042750 0.033972
1 0.245625 0.608659 0.048000 0.031973
1 0.456250 0.612406 0.034500 0.042964
1 0.492500 0.608659 0.067500 0.053955
1 0.537500 0.631557 0.061500 0.112906
1 0.389062 0.601166 0.062250 0.071940
1 0.356563 0.582015 0.050250 0.025978
1 0.692500 0.580766 0.028500 0.038968
1 0.717187 0.574938 0.036750 0.036969
1 0.596875 0.560783 0.015000 0.010991
1 0.607812 0.562448 0.012750 0.024979
1 0.657188 0.553289 0.030750 0.022981
1 0.250000 0.557452 0.048000 0.032973
1 0.730938 0.551624 0.030750 0.032973
1 0.532188 0.560366 0.084750 0.055953
1 0.545000 0.530808 0.048000 0.028976
1 0.589375 0.529975 0.031500 0.028976
1 0.778750 0.532057 0.076500 0.041965
1 0.347813 0.557036 0.164250 0.123897
1 0.607500 0.502914 0.015000 0.007993
1 0.467813 0.488343 0.014250 0.012989
1 0.744375 0.519983 0.184500 0.092923
1 0.485625 0.498751 0.036000 0.041965
1 0.299375 0.495004 0.034500 0.044963
1 0.375625 0.486678 0.042000 0.038968
1 0.743125 0.477519 0.027000 0.038968
1 0.642813 0.548709 0.210750 0.225812
1 0.635625 0.467527 0.031500 0.038968
1 0.770312 0.461699 0.027750 0.042964
1 0.594375 0.481682 0.097500 0.102914
1 0.441875 0.497086 0.111000 0.139883
1 0.741250 0.446295 0.042000 0.025978
1 0.449062 0.437136 0.017250 0.019983
1 0.623125 0.428809 0.015000 0.019983
1 0.765000 0.424646 0.039000 0.023980
1 0.677188 0.439217 0.056250 0.058951
1 0.431875 0.427144 0.045000 0.043963
1 0.657813 0.417985 0.039750 0.027977
1 0.719688 0.413822 0.027750 0.041965
1 0.504062 0.497918 0.198750 0.253789
1 0.779062 0.396753 0.036750 0.024979
1 0.748437 0.398002 0.026250 0.035970
1 0.614375 0.413822 0.075000 0.081932
1 0.673125 0.389259 0.106500 0.060949
1 0.770000 0.368859 0.034500 0.033972
1 0.744062 0.365945 0.038250 0.030974
1 0.684375 0.354704 0.027000 0.035970
1 0.666875 0.347211 0.025500 0.035970
1 0.539687 0.322231 0.035250 0.037968
1 0.787188 0.257702 0.026250 0.034971
1 0.594750 0.544546 1.000000 1.000000
