1 0.800999 0.725000 0.047960 0.033000
1 0.843880 0.715625 0.054954 0.027000
1 0.749792 0.716250 0.030974 0.039000
1 0.696087 0.688125 0.043963 0.030000
1 0.719400 0.675625 0.091923 0.046500
1 0.880100 0.662813 0.049958 0.026250
1 0.782681 0.678438 0.071940 0.074250
1 0.819734 0.645000 0.032973 0.033000
1 0.783514 0.637188 0.029975 0.038250
1 0.786178 0.757500 0.427644 0.337500
1 0.908826 0.627188 0.036969 0.033750
1 0.572023 0.628437 0.035970 0.036750
1 0.718984 0.610313 0.044963 0.021750
1 0.622814 0.601250 0.055953 0.021000
1 0.753955 0.605313 0.050958 0.062250
1 0.676936 0.588437 0.027977 0.038250
1 0.717319 0.579688 0.030974 0.035250
1 0.899667 0.570312 0.032973 0.036750
1 0.640300 0.573750 0.055953 0.058500
1 0.496669 0.562813 0.032973 0.035250
1 0.821815 0.595000 0.145878 0.132000
1 0.831391 0.535312 0.052956 0.024750
1 0.631557 0.525312 0.076936 0.063750
1 0.638634 0.503750 0.047960 0.025500
1 0.460033 0.479063 0.040966 0.027750
1 0.441715 0.467500 0.048959 0.025500
1 0.504580 0.461250 0.029975 0.015000
1 0.440466 0.446875 0.041965 0.021000
1 0.653206 0.445937 0.030974 0.038250
1 0.738135 0.494063 0.224813 0.195750
1 0.472107 0.390313 0.041965 0.027750
1 0.596170 0.381875 0.037968 0.028500
1 0.399251 0.400938 0.070941 0.081750
1 0.491257 0.367812 0.041965 0.024750
1 0.454205 0.367812 0.034971 0.033750
1 0.768943 0.362187 0.028976 0.035250
1 0.629892 0.360000 0.032973 0.034500
1 0.531224 0.354687 0.031973 0.035250
1 0.545795 0.469062 0.292756 0.336750
1 0.497502 0.337813 0.080933 0.035250
1 0.629475 0.329375 0.031973 0.027000
1 0.604496 0.327813 0.025978 0.032250
1 0.485012 0.319063 0.030974 0.029250
1 0.539550 0.311563 0.031973 0.032250
1 0.508743 0.304688 0.031973 0.032250
1 0.560783 0.219688 0.038968 0.023250
1 0.597002 0.535875 1.000000 1.000000
