1 0.838281 0.744271 0.050625 0.041250
1 0.867969 0.743750 0.052500 0.047500
1 0.594141 0.742188 0.034687 0.051250
1 0.748437 0.740104 0.031875 0.048750
1 0.789453 0.725000 0.059062 0.072500
1 0.880469 0.707292 0.031875 0.055000
1 0.753516 0.696354 0.045937 0.071250
1 0.906250 0.793750 0.187500 0.412500
1 0.860938 0.680729 0.056250 0.076250
1 0.672656 0.663021 0.039375 0.051250
1 0.711719 0.671875 0.078750 0.087500
1 0.741797 0.641146 0.045937 0.038750
1 0.792188 0.652604 0.069375 0.093750
1 0.821875 0.623958 0.048750 0.037500
1 0.671484 0.611458 0.051562 0.052500
1 0.794141 0.587500 0.051562 0.037500
1 0.505078 0.566146 0.021562 0.026250
1 0.916016 0.568750 0.038437 0.040000
1 0.566406 0.558333 0.015000 0.022500
1 0.601953 0.561458 0.029062 0.040000
1 0.835547 0.556250 0.027187 0.035000
1 0.737109 0.579167 0.113437 0.092500
1 0.530859 0.545833 0.021562 0.020000
1 0.608594 0.525521 0.011250 0.021250
1 0.898047 0.549479 0.055313 0.081250
1 0.598047 0.522917 0.008437 0.025000
1 0.681641 0.523958 0.027187 0.037500
1 0.631250 0.520312 0.031875 0.036250
1 0.573438 0.515104 0.007500 0.026250
1 0.704688 0.525521 0.058125 0.056250
1 0.737500 0.501563 0.016875 0.018750
1 0.819922 0.559375 0.154688 0.162500
1 0.551172 0.515625 0.057188 0.060000
1 0.770703 0.501563 0.029062 0.038750
1 0.436719 0.491146 0.041250 0.041250
1 0.590625 0.552083 0.335625 0.195000
1 0.666016 0.476042 0.034687 0.025000
1 0.786719 0.488542 0.061875 0.060000
1 0.707812 0.475521 0.022500 0.028750
1 0.830859 0.480208 0.030937 0.050000
1 0.523828 0.476562 0.066562 0.043750
1 0.361719 0.469271 0.031875 0.053750
1 0.538281 0.463542 0.060000 0.042500
1 0.467187 0.465625 0.086250 0.065000
1 0.605469 0.465104 0.086250 0.073750
1 0.708203 0.444792 0.021562 0.030000
1 0.672656 0.456250 0.041250 0.062500
1 0.501563 0.435937 0.022500 0.033750
1 0.463672 0.433854 0.047812 0.038750
1 0.397266 0.430729 0.087188 0.053750
1 0.435547 0.407292 0.040313 0.040000
1 0.605859 0.407813 0.098437 0.056250
1 0.528906 0.400000 0.041250 0.047500
1 0.324219 0.390104 0.046875 0.041250
1 0.621875 0.355208 0.013125 0.027500
1 0.530078 0.356250 0.029062 0.057500
1 0.483594 0.339062 0.037500 0.036250
1 0.621484 0.363021 0.072187 0.101250
1 0.442969 0.363021 0.165000 0.106250
1 0.388672 0.371875 0.075938 0.140000
1 0.327734 0.329688 0.045937 0.038750
1 0.683594 0.325521 0.045000 0.043750
1 0.412500 0.326562 0.030000 0.056250
1 0.724609 0.386458 0.235312 0.227500
1 0.569922 0.340104 0.074063 0.128750
1 0.585938 0.254167 0.030000 0.057500
1 0.321484 0.242188 0.053437 0.038750
1 0.429297 0.253125 0.109688 0.102500
1 0.363281 0.256250 0.099375 0.145000
1 0.391797 0.203646 0.030937 0.061250
1 0.708437 0.247500 0.583125 0.495000
1 0.329297 0.600000 0.527813 1.000000
