1 0.507812 0.890104 0.030000 0.063750
1 0.625391 0.888021 0.030937 0.073750
1 0.556250 0.880729 0.030000 0.066250
1 0.446875 0.844792 0.043125 0.042500
1 0.559375 0.819271 0.031875 0.056250
1 0.661328 0.789062 0.045937 0.043750
1 0.616797 0.818229 0.109688 0.148750
1 0.564063 0.767188 0.045000 0.038750
1 0.485547 0.791667 0.059062 0.112500
1 0.634766 0.730729 0.053437 0.128750
1 0.557422 0.669792 0.027187 0.052500
1 0.520312 0.739583 0.121875 0.245000
1 0.547266 0.611979 0.044062 0.041250
1 0.513281 0.615104 0.035625 0.056250
1 0.896875 0.576562 0.018750 0.013750
1 0.248828 0.546875 0.044062 0.040000
1 0.630469 0.530729 0.043125 0.043750
1 0.133594 0.698750 0.267188 0.602500
1 0.316406 0.438021 0.039375 0.048750
1 0.356641 0.436979 0.042188 0.068750
1 0.579688 0.405729 0.031875 0.058750
1 0.262500 0.345833 0.039375 0.037500
1 0.338281 0.349479 0.028125 0.058750
1 0.295703 0.366146 0.104062 0.151250
1 0.288672 0.284375 0.027187 0.062500
1 0.357812 0.244792 0.028125 0.062500
1 0.469531 0.223438 0.039375 0.038750
1 0.316406 0.197396 0.063750 0.073750
1 0.453516 0.434896 0.362812 0.801250
1 0.739375 0.600000 0.521250 1.000000
1 0.313594 0.256875 0.627188 0.513750
