1 0.576603 0.751875 0.050958 0.028500
1 0.238968 0.706562 0.047960 0.032250
1 0.887594 0.706250 0.031973 0.036000
1 0.709409 0.678125 0.031973 0.033000
1 0.325978 0.680937 0.040966 0.042750
1 0.163197 0.673125 0.057952 0.027000
1 0.693589 0.653438 0.115903 0.048750
1 0.788093 0.628750 0.052956 0.024000
1 0.135304 0.630938 0.048959 0.035250
1 0.665695 0.621250 0.050958 0.025500
1 0.260616 0.647813 0.211823 0.089250
1 0.814321 0.615938 0.049958 0.024750
1 0.548709 0.616250 0.053955 0.030000
1 0.263947 0.606250 0.057952 0.024000
1 0.195670 0.601875 0.053955 0.025500
1 0.736886 0.595938 0.041965 0.033750
1 0.813489 0.586562 0.049958 0.020250
1 0.613239 0.596250 0.056953 0.048000
1 0.231890 0.581250 0.050958 0.033000
1 0.488343 0.571875 0.054954 0.028500
1 0.345545 0.572812 0.041965 0.035250
1 0.095337 0.571875 0.056953 0.036000
1 0.782681 0.585000 0.047960 0.069000
1 0.291424 0.576875 0.083930 0.049500
1 0.455037 0.638125 0.274771 0.205500
1 0.746461 0.557813 0.050958 0.026250
1 0.539550 0.553438 0.043963 0.024750
1 0.306828 0.554063 0.038968 0.032250
1 0.462948 0.548750 0.109908 0.040500
1 0.179850 0.560312 0.107910 0.068250
1 0.357619 0.538750 0.050958 0.030000
1 0.609492 0.530625 0.005995 0.013500
1 0.112406 0.535312 0.065945 0.027750
1 0.773938 0.532500 0.038968 0.037500
1 0.733555 0.531875 0.033972 0.039000
1 0.461282 0.514687 0.011990 0.008250
1 0.396753 0.524687 0.092923 0.035250
1 0.155704 0.505625 0.053955 0.030000
1 0.221482 0.510000 0.107910 0.045000
1 0.475853 0.482812 0.016986 0.008250
1 0.379267 0.494688 0.044963 0.041250
1 0.221482 0.485625 0.057952 0.025500
1 0.782681 0.487812 0.079933 0.035250
1 0.686095 0.472813 0.033972 0.033750
1 0.748127 0.465625 0.094921 0.030000
1 0.612406 0.562187 0.328726 0.263250
1 0.629892 0.463125 0.034971 0.037500
1 0.661116 0.459375 0.037968 0.039000
1 0.560783 0.451562 0.038968 0.038250
1 0.443797 0.480000 0.117902 0.106500
1 0.503747 0.434688 0.059950 0.021750
1 0.373855 0.441875 0.039967 0.040500
