1 0.251953 0.994375 0.025312 0.011250
1 0.421484 0.992500 0.015938 0.015000
1 0.271484 0.991875 0.012188 0.016250
1 0.106250 0.991250 0.015000 0.017500
1 0.094141 0.991250 0.014063 0.017500
1 0.976953 0.990625 0.015938 0.018750
1 0.405859 0.988021 0.015938 0.018750
1 0.391016 0.988125 0.019688 0.023750
1 0.861719 0.987500 0.018750 0.025000
1 0.757422 0.986875 0.051562 0.026250
1 0.077734 0.984896 0.014063 0.016250
1 0.202734 0.986458 0.015938 0.025000
1 0.676172 0.981250 0.008437 0.015000
1 0.494531 0.984375 0.035625 0.031250
1 0.514844 0.983333 0.015000 0.030000
1 0.182812 0.977604 0.013125 0.016250
1 0.187891 0.981875 0.021562 0.036250
1 0.987344 0.980625 0.025312 0.038750
1 0.326953 0.974479 0.021562 0.016250
1 0.608984 0.967708 0.012188 0.010000
1 0.883984 0.976875 0.044062 0.046250
1 0.308594 0.976250 0.058125 0.047500
1 0.276953 0.965625 0.014063 0.012500
1 0.647266 0.975000 0.060937 0.050000
1 0.258203 0.973958 0.051562 0.040000
1 0.650391 0.962500 0.008437 0.017500
1 0.053516 0.971875 0.030937 0.056250
1 0.114062 0.957292 0.013125 0.025000
1 0.294141 0.955729 0.032813 0.033750
1 0.353125 0.951562 0.020625 0.026250
1 0.410547 0.943750 0.015938 0.022500
1 0.330859 0.937500 0.019688 0.012500
1 0.698438 0.935417 0.018750 0.012500
1 0.073828 0.944271 0.027187 0.033750
1 0.287109 0.938021 0.030937 0.021250
1 0.991563 0.938021 0.016875 0.026250
1 0.503516 0.930729 0.012188 0.011250
1 0.107422 0.928646 0.017813 0.013750
1 0.659375 0.913021 0.016875 0.013750
1 0.273438 0.917188 0.043125 0.026250
1 0.492969 0.912500 0.013125 0.017500
1 0.317578 0.938021 0.044062 0.083750
1 0.725000 0.927083 0.022500 0.062500
1 0.115234 0.892708 0.010312 0.015000
1 0.216406 0.892188 0.009375 0.016250
1 0.391406 0.891667 0.035625 0.030000
1 0.090625 0.883333 0.007500 0.015000
1 0.006094 0.893750 0.012188 0.042500
1 0.517188 0.893750 0.033750 0.045000
1 0.225391 0.881250 0.008437 0.017500
1 0.014844 0.886979 0.026250 0.036250
1 0.427344 0.871875 0.020625 0.015000
1 0.554297 0.879687 0.045937 0.051250
1 0.515234 0.858854 0.015938 0.026250
1 0.500000 0.875521 0.045000 0.073750
1 0.651172 0.863021 0.038437 0.048750
1 0.583203 0.851042 0.014063 0.022500
1 0.337109 0.840104 0.010312 0.011250
1 0.405859 0.826042 0.008437 0.012500
1 0.155078 0.828125 0.017813 0.017500
1 0.817969 0.825000 0.022500 0.027500
1 0.464844 0.817187 0.015000 0.016250
1 0.448437 0.822396 0.030000 0.033750
1 0.606641 0.868229 0.085312 0.148750
1 0.491406 0.833854 0.073125 0.098750
1 0.497266 0.799479 0.023438 0.021250
1 0.351953 0.782292 0.008437 0.017500
1 0.267188 0.780208 0.007500 0.015000
1 0.501172 0.778125 0.017813 0.022500
1 0.406641 0.771354 0.008437 0.013750
1 0.309375 0.771875 0.022500 0.017500
1 0.646484 0.769792 0.017813 0.015000
1 0.369141 0.785417 0.044062 0.055000
1 0.084375 0.765104 0.013125 0.018750
1 0.799609 0.761979 0.008437 0.021250
1 0.658984 0.757812 0.014063 0.011250
1 0.824609 0.761979 0.017813 0.023750
1 0.476953 0.779167 0.038437 0.065000
1 0.110547 0.796875 0.090937 0.107500
1 0.637891 0.757292 0.014063 0.025000
1 0.328906 0.760417 0.022500 0.032500
1 0.672266 0.753646 0.014063 0.018750
1 0.304297 0.754687 0.034687 0.021250
1 0.995313 0.750000 0.009375 0.022500
1 0.087891 0.748958 0.017813 0.020000
1 0.977734 0.748437 0.019688 0.026250
1 0.138281 0.751042 0.037500 0.035000
1 0.883984 0.741146 0.012188 0.018750
1 0.577344 0.745833 0.030000 0.032500
1 0.807031 0.753646 0.035625 0.073750
1 0.198828 0.728646 0.017813 0.013750
1 0.157422 0.725521 0.010312 0.018750
1 0.289453 0.725000 0.023438 0.032500
1 0.985469 0.729688 0.029062 0.051250
1 0.070312 0.738021 0.035625 0.086250
1 0.234766 0.715104 0.021562 0.033750
1 0.219141 0.729167 0.038437 0.075000
1 0.282031 0.703125 0.022500 0.022500
1 0.645312 0.692708 0.013125 0.012500
1 0.990625 0.695833 0.018750 0.022500
1 0.449609 0.693229 0.012188 0.018750
1 0.308984 0.688021 0.019688 0.018750
1 0.235156 0.690625 0.024375 0.027500
1 0.208203 0.686979 0.008437 0.018750
1 0.196094 0.698438 0.039375 0.051250
1 0.946484 0.681250 0.015938 0.022500
1 0.322656 0.675521 0.020625 0.021250
1 0.180078 0.672917 0.023438 0.017500
1 0.339453 0.669792 0.015938 0.022500
1 0.312500 0.669792 0.013125 0.022500
1 0.053125 0.672917 0.020625 0.032500
1 0.126953 0.734896 0.182812 0.188750
1 0.007500 0.658854 0.015000 0.016250
1 0.300781 0.653646 0.009375 0.021250
1 0.201563 0.641667 0.011250 0.020000
1 0.876563 0.632292 0.009375 0.020000
1 0.883203 0.623437 0.008437 0.013750
1 0.225000 0.627604 0.009375 0.023750
1 0.971484 0.644271 0.044062 0.066250
1 0.177734 0.631771 0.047812 0.051250
1 0.723437 0.615625 0.011250 0.015000
1 0.868359 0.619792 0.021562 0.027500
1 0.950000 0.611458 0.011250 0.015000
1 0.058594 0.636458 0.056250 0.075000
1 0.096094 0.615104 0.016875 0.026250
1 0.933594 0.601042 0.011250 0.012500
1 0.282813 0.599479 0.018750 0.011250
1 0.050000 0.603646 0.022500 0.041250
1 0.135156 0.633854 0.082500 0.116250
1 0.302344 0.584375 0.011250 0.012500
1 0.305859 0.591146 0.036562 0.033750
1 0.068750 0.589583 0.046875 0.040000
1 0.229297 0.574479 0.017813 0.018750
1 0.149219 0.579167 0.016875 0.037500
1 0.833203 0.564583 0.015938 0.012500
1 0.080859 0.577083 0.042188 0.047500
1 0.861328 0.572917 0.023438 0.040000
1 0.210156 0.565104 0.030000 0.033750
1 0.169531 0.565625 0.050625 0.052500
1 0.019141 0.547396 0.008437 0.013750
1 0.290625 0.549479 0.015000 0.023750
1 0.195703 0.548958 0.015938 0.025000
1 0.135937 0.585417 0.037500 0.115000
1 0.985938 0.544271 0.007500 0.021250
1 0.819922 0.540104 0.014063 0.013750
1 0.249609 0.546354 0.027187 0.031250
1 0.089453 0.548438 0.042188 0.058750
1 0.101953 0.593750 0.070312 0.185000
1 0.592187 0.526042 0.011250 0.027500
1 0.513281 0.518229 0.013125 0.013750
1 0.258594 0.628125 0.215625 0.282500
1 0.321484 0.525521 0.070312 0.048750
1 0.172266 0.515104 0.017813 0.023750
1 0.526953 0.507812 0.025312 0.018750
1 0.808984 0.511458 0.042188 0.037500
1 0.222656 0.505208 0.026250 0.030000
1 0.204687 0.518750 0.067500 0.072500
1 0.282031 0.499479 0.030000 0.028750
1 0.733203 0.490625 0.036562 0.037500
1 0.276953 0.483333 0.030937 0.025000
1 0.950781 0.488021 0.039375 0.043750
1 0.641797 0.473438 0.015938 0.013750
1 0.755078 0.471354 0.019688 0.016250
1 0.704297 0.483333 0.019688 0.052500
1 0.142969 0.510417 0.075000 0.117500
1 0.802734 0.477604 0.047812 0.043750
1 0.565625 0.465104 0.011250 0.016250
1 0.554297 0.467708 0.012188 0.022500
1 0.640625 0.472917 0.048750 0.047500
1 0.575781 0.463021 0.018750 0.033750
1 0.681250 0.455729 0.013125 0.023750
1 0.297266 0.470313 0.107813 0.078750
1 0.216797 0.485938 0.128438 0.116250
1 0.224219 0.441667 0.009375 0.015000
1 0.167578 0.456250 0.019688 0.050000
1 0.705078 0.437500 0.015938 0.015000
1 0.607812 0.466146 0.073125 0.083750
1 0.950391 0.428125 0.021562 0.020000
1 0.602734 0.430729 0.015938 0.026250
1 0.183594 0.433333 0.015000 0.037500
1 0.508984 0.431250 0.023438 0.045000
1 0.994844 0.406771 0.010312 0.016250
1 0.650000 0.413021 0.016875 0.031250
1 0.269141 0.412500 0.025312 0.030000
1 0.412500 0.410938 0.045000 0.048750
1 0.010312 0.391667 0.020625 0.022500
1 0.432422 0.391667 0.014063 0.025000
1 0.494531 0.402083 0.037500 0.062500
1 0.250000 0.375521 0.048750 0.056250
1 0.955859 0.366667 0.027187 0.040000
1 0.415234 0.365104 0.047812 0.053750
1 0.263672 0.339583 0.015938 0.020000
1 0.896484 0.336458 0.021562 0.037500
1 0.417969 0.331250 0.016875 0.027500
1 0.303516 0.322917 0.019688 0.015000
1 0.433594 0.322917 0.022500 0.022500
1 0.363672 0.318750 0.015938 0.022500
1 0.867188 0.330729 0.058125 0.066250
1 0.674219 0.310937 0.011250 0.018750
1 0.453125 0.307292 0.011250 0.012500
1 0.901563 0.302604 0.009375 0.021250
1 0.366797 0.300521 0.012188 0.016250
1 0.517188 0.286979 0.011250 0.013750
1 0.557422 0.276562 0.019688 0.026250
1 0.981250 0.275000 0.037500 0.037500
1 0.506641 0.276562 0.021562 0.043750
1 0.805078 0.256771 0.010312 0.021250
1 0.536719 0.254688 0.013125 0.016250
1 0.344531 0.246875 0.016875 0.032500
1 0.510156 0.237500 0.015000 0.015000
1 0.991094 0.233854 0.017813 0.011250
1 0.544922 0.242188 0.017813 0.036250
1 0.301172 0.225000 0.012188 0.012500
1 0.859766 0.220312 0.014063 0.018750
1 0.370312 0.220312 0.011250 0.023750
1 0.310156 0.215104 0.013125 0.011250
1 0.387500 0.204167 0.013125 0.012500
1 0.294922 0.206771 0.021562 0.026250
1 0.496484 0.213021 0.053437 0.048750
1 0.396875 0.200521 0.013125 0.023750
1 0.381250 0.206250 0.041250 0.052500
1 0.988750 0.202604 0.022500 0.058750
1 0.317969 0.194792 0.039375 0.040000
1 0.397266 0.183333 0.012188 0.017500
1 0.276562 0.164583 0.015000 0.022500
1 0.004219 0.156771 0.008437 0.018750
1 0.351953 0.152604 0.008437 0.013750
1 0.360156 0.152083 0.007500 0.015000
1 0.217188 0.148438 0.018750 0.013750
1 0.777344 0.156771 0.013125 0.036250
1 0.214844 0.131250 0.007500 0.020000
1 0.232422 0.134896 0.034687 0.031250
1 0.394141 0.137500 0.034687 0.045000
1 0.228516 0.119792 0.012188 0.015000
1 0.400000 0.117188 0.013125 0.013750
1 0.847656 0.117708 0.016875 0.022500
1 0.392578 0.105208 0.014063 0.020000
1 0.276562 0.112500 0.018750 0.047500
1 0.293750 0.112500 0.046875 0.055000
1 0.373437 0.089583 0.015000 0.012500
1 0.733594 0.084896 0.009375 0.016250
1 0.620703 0.085938 0.014063 0.021250
1 0.846875 0.080208 0.016875 0.015000
1 0.027734 0.077083 0.014063 0.012500
1 0.613672 0.069792 0.014063 0.015000
1 0.832031 0.079167 0.028125 0.040000
1 0.592578 0.067708 0.010312 0.017500
1 0.992031 0.058854 0.015938 0.011250
1 0.732812 0.067708 0.020625 0.032500
1 0.513281 0.055208 0.009375 0.012500
1 0.665234 0.039062 0.006563 0.016250
1 0.884766 0.043229 0.040313 0.028750
1 0.029687 0.039062 0.016875 0.018750
1 0.772656 0.033854 0.016875 0.018750
1 0.914844 0.027604 0.011250 0.018750
1 0.671875 0.027083 0.011250 0.020000
1 0.881250 0.025521 0.028125 0.021250
1 0.871094 0.015625 0.022500 0.015000
1 0.871094 0.005000 0.022500 0.010000
1 0.805469 0.008750 0.022500 0.017500
1 0.558906 0.600000 0.882188 1.000000
1 0.744141 0.036250 0.047812 0.072500
1 0.656641 0.005000 0.014063 0.010000
1 0.523438 0.013750 0.033750 0.027500
1 0.421094 0.017500 0.020625 0.035000
1 0.395703 0.009375 0.014063 0.018750
1 0.389062 0.051250 0.105000 0.102500
1 0.308203 0.014375 0.017813 0.028750
1 0.128125 0.010000 0.026250 0.020000
1 0.438750 0.600000 0.877500 1.000000
