1 0.485312 0.908410 0.014250 0.017985
1 0.267188 0.885096 0.053250 0.055953
1 0.357187 0.871774 0.056250 0.049958
1 0.291563 0.840550 0.008250 0.012989
1 0.235313 0.819734 0.008250 0.014988
1 0.217188 0.842215 0.038250 0.074938
1 0.057375 0.861116 0.114750 0.277769
1 0.146563 0.791007 0.041250 0.075937
1 0.422812 0.771857 0.036750 0.075937
1 0.254063 0.756869 0.051750 0.045962
1 0.530625 0.751041 0.055500 0.053955
1 0.226562 0.721898 0.024750 0.015987
1 0.231250 0.727311 0.049500 0.048959
1 0.140625 0.731474 0.051000 0.064946
1 0.310937 0.767694 0.161250 0.187843
1 0.273125 0.706078 0.057000 0.041965
1 0.470313 0.717319 0.107250 0.084929
1 0.536250 0.700250 0.076500 0.061948
1 0.732250 0.804163 0.535500 0.391674
1 0.392188 0.713988 0.068250 0.100916
1 0.209687 0.697336 0.107250 0.076936
1 0.462187 0.672356 0.030750 0.018984
1 0.553438 0.665279 0.011250 0.005995
1 0.728437 0.679434 0.057750 0.041965
1 0.431563 0.674022 0.039750 0.052956
1 0.558750 0.656120 0.010500 0.021982
1 0.161562 0.663197 0.054750 0.042964
1 0.488750 0.641965 0.007500 0.027977
1 0.520938 0.659034 0.074250 0.078934
1 0.555625 0.631141 0.006000 0.019983
1 0.607187 0.650708 0.036750 0.068943
1 0.208750 0.645712 0.043500 0.066944
1 0.572812 0.644047 0.038250 0.068943
1 0.473438 0.609076 0.018750 0.028976
1 0.370000 0.612823 0.051000 0.043963
1 0.325937 0.645296 0.092250 0.129892
1 0.500000 0.607410 0.033000 0.046961
1 0.456250 0.622398 0.057000 0.092923
1 0.470938 0.587011 0.024750 0.017985
1 0.541562 0.582848 0.011250 0.009992
1 0.350625 0.579933 0.015000 0.006994
1 0.509062 0.581599 0.054750 0.024979
1 0.240625 0.602831 0.036000 0.079933
1 0.335938 0.573272 0.005250 0.014988
1 0.210000 0.590758 0.046500 0.058951
1 0.415312 0.608243 0.048750 0.106911
1 0.453125 0.563281 0.055500 0.048959
1 0.404062 0.560783 0.054750 0.046961
1 0.361563 0.557036 0.054750 0.039967
1 0.568125 0.579517 0.117000 0.151873
1 0.523750 0.524147 0.055500 0.052956
1 0.335000 0.503747 0.006000 0.017985
1 0.695625 0.511657 0.057000 0.040966
1 0.439063 0.510408 0.039750 0.063947
1 0.642500 0.498751 0.033000 0.051957
1 0.389375 0.506245 0.090000 0.079933
1 0.654062 0.474188 0.008250 0.026978
1 0.350313 0.483764 0.032250 0.071940
1 0.692813 0.475437 0.074250 0.059950
1 0.747812 0.469609 0.057750 0.047960
1 0.806250 0.466694 0.045000 0.048959
1 0.485000 0.485845 0.082500 0.096919
1 0.435937 0.444629 0.011250 0.009992
1 0.584063 0.519151 0.146250 0.214821
1 0.531563 0.439634 0.026250 0.029975
1 0.572812 0.432140 0.009750 0.015987
1 0.563438 0.425895 0.009750 0.012989
1 0.809688 0.427560 0.054750 0.036969
1 0.624375 0.419234 0.022500 0.018984
1 0.756875 0.428393 0.060000 0.044963
1 0.374063 0.435470 0.072750 0.065945
1 0.314688 0.418818 0.048750 0.045962
1 0.713437 0.422565 0.051750 0.056953
1 0.561562 0.409659 0.041250 0.027977
1 0.640625 0.428809 0.055500 0.079933
1 0.590938 0.421732 0.087750 0.084929
1 0.589063 0.391757 0.023250 0.022981
1 0.587812 0.386761 0.038250 0.040966
1 0.624375 0.375937 0.031500 0.018984
1 0.518750 0.398002 0.058500 0.071940
1 0.449375 0.412573 0.106500 0.120899
1 0.137813 0.365945 0.008250 0.010991
1 0.795000 0.383847 0.037500 0.069942
1 0.414375 0.350958 0.006000 0.014988
1 0.403750 0.372190 0.082500 0.075937
1 0.722187 0.368443 0.141750 0.072939
1 0.642188 0.338052 0.005250 0.015987
1 0.663750 0.360117 0.066000 0.070941
1 0.451562 0.345962 0.056250 0.038968
1 0.557500 0.352623 0.030000 0.080933
1 0.489063 0.351790 0.035250 0.082931
1 0.871875 0.325562 0.013500 0.023980
1 0.849063 0.328476 0.056250 0.052956
1 0.674375 0.317652 0.019500 0.026978
1 0.770312 0.323897 0.057750 0.045962
1 0.715313 0.309326 0.012750 0.020983
1 0.425000 0.310575 0.054000 0.045962
1 0.700000 0.304330 0.040500 0.066944
1 0.610000 0.320983 0.111000 0.106911
1 0.809375 0.295587 0.040500 0.057952
1 0.538750 0.331391 0.081000 0.151873
1 0.866250 0.281432 0.058500 0.049958
1 0.490312 0.286012 0.038250 0.064946
1 0.654375 0.298085 0.096000 0.105912
1 0.748437 0.269775 0.041250 0.065945
1 0.615000 0.262698 0.051000 0.056953
1 0.841250 0.249376 0.051000 0.050958
1 0.562813 0.247294 0.038250 0.055953
1 0.710625 0.246461 0.040500 0.055953
1 0.794687 0.250624 0.032250 0.067943
1 0.754062 0.216070 0.051750 0.048959
1 0.585313 0.218568 0.039750 0.068943
1 0.616250 0.211907 0.037500 0.056953
1 0.673438 0.199001 0.018750 0.035970
1 0.679688 0.217735 0.101250 0.092923
1 0.662500 0.168609 0.048000 0.056953
1 0.757500 0.149875 0.012000 0.023980
1 0.726250 0.141965 0.081000 0.082931
1 0.694375 0.131141 0.036000 0.064946
1 0.973750 0.063447 0.052500 0.126894
1 0.245625 0.179351 0.491250 0.358701
