1 0.664280 0.908500 0.671440 0.183000
1 0.262781 0.839125 0.525562 0.321750
1 0.310991 0.694688 0.126894 0.056250
1 0.250208 0.664375 0.054954 0.022500
1 0.380933 0.660000 0.036969 0.028500
1 0.165695 0.651875 0.043963 0.024000
1 0.415071 0.655312 0.042964 0.033750
1 0.283514 0.647813 0.048959 0.027750
1 0.431307 0.639062 0.045962 0.027750
1 0.137802 0.637500 0.050958 0.024000
1 0.243963 0.637188 0.037968 0.032250
1 0.340133 0.651563 0.136886 0.071250
1 0.193172 0.639687 0.063947 0.054750
1 0.144879 0.614375 0.049958 0.027000
1 0.215654 0.611875 0.057952 0.022500
1 0.497502 0.614688 0.042964 0.033750
1 0.395087 0.610938 0.020983 0.024750
1 0.562448 0.597812 0.052956 0.027750
1 0.383847 0.589375 0.011990 0.010500
1 0.161532 0.564063 0.051957 0.018750
1 0.209409 0.561562 0.054954 0.023250
1 0.251873 0.560937 0.042964 0.029250
1 0.572856 0.563750 0.091923 0.039000
1 0.378018 0.547188 0.013988 0.014250
1 0.159867 0.546562 0.045962 0.021750
1 0.209409 0.540625 0.052956 0.027000
1 0.658201 0.531875 0.060949 0.024000
1 0.396753 0.575000 0.550541 0.162000
1 0.347211 0.507188 0.061948 0.023250
1 0.442964 0.507812 0.039967 0.036750
1 0.606994 0.500938 0.033972 0.039750
1 0.480017 0.507812 0.096919 0.060750
1 0.557452 0.493125 0.090924 0.043500
1 0.576603 0.464375 0.060949 0.021000
1 0.191923 0.440000 0.054954 0.021000
1 0.556619 0.437812 0.056953 0.021750
1 0.736470 0.431875 0.044963 0.034500
1 0.606994 0.430937 0.033972 0.032250
1 0.388426 0.403125 0.016986 0.006000
1 0.594088 0.407500 0.100916 0.040500
1 0.713156 0.417812 0.064946 0.071250
1 0.774771 0.390000 0.062948 0.024000
1 0.419650 0.441563 0.319734 0.159750
1 0.639883 0.380312 0.062948 0.021750
1 0.584513 0.380000 0.043963 0.036000
1 0.706078 0.374688 0.121898 0.048750
1 0.466694 0.364687 0.040966 0.036750
1 0.646961 0.351875 0.051957 0.025500
1 0.781432 0.351562 0.050958 0.038250
1 0.565362 0.364063 0.203830 0.110250
1 0.758535 0.322188 0.041965 0.041250
1 0.512490 0.309688 0.058951 0.023250
1 0.666944 0.305937 0.041965 0.036750
1 0.604913 0.292187 0.052956 0.029250
1 0.600000 0.243125 1.000000 0.322500
