1 0.512891 0.935417 0.034687 0.075000
1 0.575781 0.880208 0.037500 0.060000
1 0.430469 0.872396 0.043125 0.053750
1 0.628125 0.850521 0.031875 0.066250
1 0.490234 0.872917 0.075938 0.185000
1 0.515234 0.782292 0.045937 0.047500
1 0.427344 0.799479 0.075000 0.128750
1 0.667188 0.765625 0.041250 0.052500
1 0.612891 0.746354 0.064687 0.113750
1 0.479687 0.690625 0.041250 0.042500
1 0.565625 0.667188 0.030000 0.066250
1 0.540234 0.742708 0.117188 0.267500
1 0.343359 0.625521 0.049687 0.043750
1 0.496875 0.613021 0.030000 0.068750
1 0.345703 0.516667 0.030937 0.067500
1 0.335156 0.476042 0.026250 0.072500
1 0.726953 0.356771 0.042188 0.051250
1 0.571094 0.339062 0.045000 0.076250
1 0.613672 0.308854 0.029062 0.063750
1 0.354297 0.272396 0.049687 0.046250
1 0.551172 0.241146 0.030937 0.063750
1 0.360938 0.229687 0.041250 0.041250
1 0.469141 0.209896 0.034687 0.063750
1 0.623047 0.179688 0.040313 0.041250
1 0.359766 0.177083 0.030937 0.065000
1 0.592187 0.229167 0.063750 0.202500
1 0.480859 0.160938 0.038437 0.056250
1 0.568359 0.150000 0.040313 0.055000
1 0.503125 0.093229 0.080625 0.058750
1 0.501172 0.381250 0.424687 0.755000
1 0.569141 0.079687 0.032813 0.068750
1 0.508203 0.052083 0.032813 0.060000
1 0.546094 0.045833 0.031875 0.070000
