1 0.333750 0.749792 0.060000 0.040966
1 0.462813 0.764779 0.041250 0.078934
1 0.684688 0.697752 0.056250 0.063947
1 0.741875 0.662365 0.013500 0.008993
1 0.619375 0.690674 0.112500 0.110908
1 0.177187 0.671940 0.038250 0.067943
1 0.210000 0.670275 0.033000 0.069942
1 0.461875 0.667777 0.046500 0.071940
1 0.253125 0.679850 0.099000 0.130891
1 0.153750 0.640716 0.034500 0.060949
1 0.091250 0.635720 0.097500 0.054954
1 0.684063 0.622398 0.062250 0.050958
1 0.242188 0.611574 0.018750 0.032973
1 0.689688 0.629059 0.170250 0.110908
1 0.446562 0.606162 0.092250 0.065945
1 0.294375 0.607410 0.063000 0.068943
1 0.486250 0.590758 0.051000 0.062948
1 0.056875 0.588676 0.081000 0.061948
1 0.751875 0.587427 0.061500 0.060949
1 0.537813 0.575770 0.041250 0.056953
1 0.286250 0.559950 0.015000 0.020983
1 0.266250 0.563697 0.025500 0.037968
1 0.183438 0.547044 0.036750 0.025978
1 0.654687 0.567027 0.045750 0.077935
1 0.222812 0.545379 0.017250 0.033972
1 0.229063 0.543297 0.020250 0.032973
1 0.398125 0.551624 0.072000 0.064946
1 0.348125 0.643214 0.232500 0.284763
1 0.364375 0.549126 0.066000 0.062948
1 0.614062 0.542048 0.050250 0.067943
1 0.252500 0.523314 0.030000 0.032973
1 0.500000 0.532889 0.043500 0.069942
1 0.307500 0.523730 0.040500 0.047960
1 0.554063 0.536220 0.084750 0.103913
1 0.110000 0.520816 0.034500 0.070941
1 0.652188 0.510408 0.056250 0.049958
1 0.277187 0.498751 0.030750 0.023980
1 0.069687 0.512073 0.038250 0.071940
1 0.358438 0.501665 0.056250 0.048959
1 0.584063 0.486678 0.060750 0.046961
1 0.099062 0.469609 0.051750 0.045962
1 0.715000 0.469609 0.054000 0.061948
1 0.253437 0.468776 0.137250 0.075937
1 0.233750 0.433389 0.010500 0.018984
1 0.428438 0.452956 0.092250 0.077935
1 0.060625 0.442132 0.045000 0.051957
1 0.449688 0.432556 0.044250 0.034971
1 0.414062 0.428393 0.048750 0.028976
1 0.299063 0.450458 0.105750 0.131890
1 0.247188 0.430058 0.086250 0.090924
1 0.164687 0.503747 0.209250 0.287760
1 0.381250 0.470858 0.244500 0.214821
1 0.110625 0.401332 0.042000 0.067943
1 0.414375 0.394671 0.103500 0.061948
1 0.690937 0.387594 0.062250 0.050958
1 0.070312 0.388426 0.033750 0.068943
1 0.435000 0.388843 0.088500 0.085928
1 0.184375 0.371774 0.051000 0.044963
1 0.345938 0.383430 0.048750 0.082931
1 0.571250 0.390508 0.168000 0.103913
1 0.480625 0.408826 0.075000 0.185845
1 0.408750 0.338884 0.012000 0.023980
1 0.249062 0.360949 0.069750 0.078934
1 0.415938 0.334305 0.020250 0.022981
1 0.061250 0.329725 0.054000 0.045962
1 0.527500 0.338468 0.045000 0.076936
1 0.130000 0.342215 0.070500 0.093922
1 0.393437 0.314321 0.018750 0.034971
1 0.406562 0.296836 0.012750 0.020983
1 0.221875 0.320983 0.073500 0.084929
1 0.616875 0.309326 0.049500 0.064946
1 0.173437 0.310575 0.081750 0.081932
1 0.128125 0.280600 0.042000 0.055953
1 0.394375 0.314738 0.268500 0.179850
1 0.144063 0.255620 0.032250 0.063947
1 0.282187 0.148626 0.051750 0.056953
1 0.145125 0.220316 0.290250 0.440633
