1 0.265781 0.874375 0.531562 0.251250
1 0.448047 0.602083 0.029062 0.027500
1 0.493359 0.596875 0.027187 0.030000
1 0.519531 0.566146 0.022500 0.038750
1 0.559375 0.536979 0.028125 0.038750
1 0.257422 0.531250 0.029062 0.027500
1 0.431641 0.502604 0.025312 0.031250
1 0.494141 0.499479 0.027187 0.031250
1 0.540234 0.494792 0.085312 0.057500
1 0.856250 0.466667 0.011250 0.027500
1 0.555078 0.464583 0.029062 0.027500
1 0.466406 0.449479 0.018750 0.036250
1 0.268359 0.438021 0.030937 0.023750
1 0.428516 0.438021 0.030937 0.026250
1 0.521484 0.444271 0.045937 0.071250
1 0.210156 0.413021 0.024375 0.026250
1 0.293359 0.416667 0.030937 0.040000
1 0.236719 0.398438 0.095625 0.058750
1 0.256250 0.377083 0.026250 0.030000
1 0.086719 0.365104 0.020625 0.033750
1 0.181250 0.344271 0.028125 0.031250
1 0.474219 0.333333 0.024375 0.037500
1 0.172266 0.315625 0.030937 0.027500
1 0.238281 0.304167 0.020625 0.037500
1 0.184766 0.292708 0.030937 0.020000
1 0.412891 0.285417 0.029062 0.025000
1 0.205078 0.297917 0.030937 0.062500
1 0.330078 0.252083 0.040313 0.060000
1 0.300781 0.234896 0.024375 0.026250
1 0.360156 0.385417 0.376875 0.472500
1 0.913281 0.306771 0.127500 0.353750
1 0.800000 0.092500 0.393750 0.185000
1 0.074531 0.208750 0.149062 0.417500
