0 0.423438 0.880933 0.032250 0.037968
0 0.892000 0.913572 0.216000 0.172856
0 0.283750 0.855953 0.027000 0.039967
0 0.044625 0.901582 0.089250 0.196836
0 0.467500 0.842215 0.010500 0.020983
0 0.628125 0.840550 0.007500 0.020983
0 0.549687 0.826811 0.014250 0.013988
0 0.516250 0.830974 0.028500 0.025978
0 0.662188 0.815570 0.015750 0.016986
0 0.622188 0.816403 0.026250 0.020983
0 0.609688 0.816819 0.021750 0.041965
0 0.295312 0.812240 0.024750 0.040966
0 0.654375 0.796003 0.063000 0.027977
0 0.361563 0.800167 0.032250 0.041965
0 0.759062 0.795171 0.030750 0.037968
0 0.731875 0.781848 0.024000 0.023980
0 0.554375 0.782681 0.013500 0.029975
0 0.256875 0.787261 0.024000 0.040966
0 0.608750 0.788926 0.057000 0.046961
0 0.517813 0.806411 0.159750 0.092923
0 0.410313 0.799750 0.092250 0.090924
0 0.569063 0.768110 0.023250 0.020983
0 0.510938 0.765196 0.021750 0.013988
0 0.321562 0.778934 0.021750 0.048959
0 0.418125 0.769775 0.019500 0.036969
0 0.443437 0.768110 0.045750 0.048959
0 0.613750 0.748543 0.013500 0.011990
0 0.429688 0.745629 0.006750 0.014988
0 0.553125 0.747294 0.033000 0.020983
0 0.518125 0.751457 0.049500 0.038968
0 0.498750 0.736886 0.013500 0.005995
0 0.776875 0.741465 0.034500 0.026978
0 0.610000 0.748543 0.072000 0.053955
0 0.451250 0.734804 0.030000 0.020983
0 0.706562 0.736053 0.024750 0.031973
0 0.478438 0.772273 0.066750 0.120899
0 0.363125 0.746878 0.070500 0.079933
0 0.559375 0.724396 0.057000 0.035970
0 0.328125 0.726062 0.045000 0.039967
0 0.455000 0.713988 0.013500 0.018984
0 0.672813 0.729808 0.054750 0.058951
0 0.412187 0.731057 0.060750 0.061948
0 0.560312 0.708576 0.012750 0.009992
0 0.357812 0.704829 0.009750 0.008993
0 0.481250 0.722731 0.034500 0.055953
0 0.531563 0.705662 0.029250 0.020983
0 0.427500 0.704413 0.048000 0.047960
0 0.357812 0.685679 0.018750 0.020983
0 0.582500 0.689425 0.055500 0.031973
0 0.315937 0.686511 0.033750 0.028976
0 0.612500 0.695254 0.072000 0.073938
0 0.499688 0.701082 0.084750 0.087927
0 0.721875 0.667361 0.031500 0.018984
0 0.461562 0.669442 0.011250 0.023980
0 0.338438 0.686928 0.033750 0.065945
0 0.481250 0.662365 0.009000 0.008993
0 0.688750 0.662781 0.012000 0.017985
0 0.652188 0.667777 0.017250 0.031973
0 0.424375 0.677352 0.096000 0.056953
0 0.371875 0.685679 0.045000 0.076936
0 0.304688 0.665279 0.044250 0.033972
0 0.395937 0.657785 0.039750 0.029975
0 0.716250 0.687344 0.073500 0.104913
0 0.751250 0.657785 0.027000 0.035970
0 0.575000 0.655287 0.054000 0.037968
0 0.437812 0.655287 0.047250 0.049958
0 0.577812 0.640716 0.026250 0.022981
0 0.284375 0.636969 0.007500 0.013988
0 0.710625 0.638634 0.018000 0.029975
0 0.375000 0.635304 0.027000 0.031973
0 0.301875 0.633222 0.018000 0.040966
0 0.265937 0.628226 0.024750 0.036969
0 0.664062 0.657785 0.093750 0.109908
0 0.731563 0.630308 0.027750 0.051957
0 0.247812 0.623231 0.029250 0.038968
0 0.335625 0.621149 0.066000 0.035970
0 0.568438 0.619067 0.021750 0.032973
0 0.280938 0.615321 0.023250 0.023980
0 0.491250 0.636553 0.145500 0.088926
0 0.671562 0.606578 0.015750 0.038968
0 0.597500 0.623231 0.123000 0.078934
0 0.448437 0.598251 0.006750 0.020983
0 0.524062 0.614904 0.063750 0.066944
0 0.258750 0.593672 0.033000 0.027977
0 0.660937 0.582848 0.014250 0.015987
0 0.549687 0.579517 0.012750 0.019983
0 0.472500 0.587843 0.051000 0.039967
0 0.565625 0.574105 0.022500 0.018984
0 0.300312 0.565779 0.015750 0.010991
0 0.489375 0.572023 0.031500 0.029975
0 0.524375 0.573689 0.045000 0.043963
0 0.742500 0.561615 0.007500 0.016986
0 0.603125 0.553289 0.006000 0.016986
0 0.589375 0.572023 0.121500 0.075937
0 0.258125 0.543714 0.010500 0.021982
0 0.745938 0.543714 0.042750 0.031973
0 0.270937 0.541216 0.020250 0.027977
0 0.237813 0.545379 0.024750 0.045962
0 0.603437 0.538718 0.030750 0.031973
0 0.514687 0.534555 0.024750 0.037968
0 0.265313 0.521649 0.008250 0.008993
0 0.746875 0.521232 0.025500 0.017985
0 0.609688 0.519151 0.009750 0.014988
0 0.577500 0.524979 0.028500 0.032973
0 0.335938 0.521232 0.030750 0.029975
0 0.551250 0.524563 0.031500 0.041965
0 0.258750 0.516236 0.028500 0.021982
0 0.525000 0.509575 0.012000 0.015987
0 0.480938 0.530808 0.056250 0.068943
0 0.745625 0.504996 0.007500 0.008993
0 0.284687 0.507910 0.009750 0.015987
0 0.356563 0.501665 0.008250 0.016986
0 0.737812 0.495004 0.020250 0.008993
0 0.389375 0.509575 0.090000 0.047960
0 0.513750 0.496669 0.025500 0.018984
0 0.460938 0.502498 0.021750 0.032973
0 0.680625 0.497086 0.036000 0.021982
0 0.706562 0.493755 0.020250 0.015987
0 0.555625 0.495420 0.019500 0.023980
0 0.751875 0.492923 0.012000 0.019983
0 0.699063 0.558701 0.198750 0.183847
0 0.535000 0.492923 0.024000 0.027977
0 0.359687 0.545379 0.254250 0.157868
0 0.495937 0.487094 0.024750 0.023980
0 0.242500 0.492090 0.030000 0.035970
0 0.468125 0.488343 0.010500 0.028976
0 0.679688 0.482515 0.012750 0.020983
0 0.265937 0.489592 0.030750 0.043963
0 0.367188 0.475853 0.032250 0.014988
0 0.486563 0.473356 0.005250 0.014988
0 0.416875 0.493755 0.087000 0.063947
0 0.325625 0.471274 0.025500 0.015987
0 0.576875 0.475021 0.036000 0.032973
0 0.523438 0.469609 0.024750 0.019983
0 0.294687 0.484180 0.036750 0.056953
0 0.758437 0.481682 0.041250 0.056953
0 0.713750 0.468776 0.063000 0.035970
0 0.260937 0.460866 0.036750 0.026978
0 0.673438 0.460033 0.018750 0.026978
0 0.423438 0.460033 0.029250 0.030974
0 0.504687 0.454621 0.020250 0.021982
0 0.354687 0.452956 0.005250 0.019983
0 0.325313 0.450042 0.029250 0.020983
0 0.345938 0.445878 0.008250 0.020983
0 0.467500 0.438385 0.010500 0.016986
0 0.537813 0.455037 0.063750 0.058951
0 0.401562 0.442132 0.018750 0.029975
0 0.293125 0.452123 0.049500 0.053955
0 0.759062 0.440050 0.014250 0.044963
0 0.450000 0.460866 0.079500 0.094921
0 0.454062 0.435887 0.017250 0.038968
0 0.529375 0.420899 0.006000 0.016986
0 0.731250 0.434638 0.049500 0.053955
0 0.673750 0.431307 0.084000 0.045962
0 0.484687 0.435887 0.051750 0.072939
0 0.744375 0.410491 0.027000 0.031973
0 0.310937 0.413822 0.029250 0.039967
0 0.574063 0.412157 0.030750 0.037968
0 0.359063 0.423813 0.081750 0.071940
0 0.518437 0.402581 0.018750 0.028976
0 0.390937 0.407161 0.024750 0.043963
0 0.539687 0.422148 0.071250 0.099917
0 0.484063 0.397169 0.012750 0.039967
0 0.455625 0.400500 0.022500 0.047960
0 0.720625 0.391341 0.028500 0.037968
0 0.364687 0.385928 0.030750 0.026978
0 0.703438 0.399667 0.039750 0.069942
0 0.496875 0.384263 0.025500 0.046961
0 0.332813 0.382598 0.014250 0.042964
0 0.347813 0.373855 0.020250 0.033972
0 0.439063 0.365529 0.008250 0.017985
0 0.434688 0.389259 0.032250 0.074938
0 0.726875 0.366778 0.028500 0.034971
0 0.615938 0.364280 0.041250 0.030974
0 0.759062 0.367194 0.051750 0.045962
0 0.520938 0.361366 0.047250 0.037968
0 0.708125 0.351374 0.021000 0.017985
0 0.600625 0.346794 0.016500 0.016986
0 0.564063 0.354704 0.038250 0.035970
0 0.416250 0.347627 0.010500 0.018984
0 0.716875 0.341799 0.007500 0.012989
0 0.487500 0.345545 0.024000 0.023980
0 0.357500 0.359700 0.081000 0.065945
0 0.579063 0.353039 0.038250 0.061948
0 0.470625 0.342215 0.015000 0.045962
0 0.538438 0.333056 0.009750 0.029975
0 0.500313 0.326811 0.008250 0.014988
0 0.406562 0.328893 0.026250 0.023980
0 0.480938 0.325562 0.006750 0.019983
0 0.677813 0.339717 0.045750 0.063947
0 0.433125 0.326811 0.040500 0.040966
0 0.601562 0.332639 0.036750 0.060949
0 0.457813 0.353872 0.045750 0.121898
0 0.401562 0.366778 0.057750 0.160866
0 0.362187 0.315987 0.029250 0.038968
0 0.556562 0.314321 0.066750 0.038968
0 0.692187 0.313905 0.051750 0.047960
0 0.474375 0.304330 0.025500 0.024979
0 0.729062 0.307660 0.030750 0.038968
0 0.502500 0.320150 0.037500 0.070941
0 0.611563 0.394671 0.179250 0.275770
0 0.604375 0.287677 0.019500 0.038968
0 0.577812 0.283097 0.038250 0.027977
0 0.506250 0.278934 0.009000 0.017985
0 0.525312 0.280183 0.035250 0.050958
0 0.695312 0.250624 0.036750 0.033972
0 0.483750 0.218984 0.006000 0.019983
0 0.428125 0.207327 0.031500 0.033972
0 0.602812 0.209409 0.024750 0.052956
0 0.500938 0.205246 0.036750 0.056953
0 0.414062 0.159867 0.029250 0.045962
0 0.687813 0.109076 0.021750 0.045962
0 0.516875 0.101582 0.039000 0.027977
