0 0.946094 0.995000 0.020625 0.010000
0 0.643359 0.994375 0.017813 0.011250
0 0.450000 0.993750 0.015000 0.012500
0 0.767969 0.991250 0.013125 0.017500
0 0.823047 0.988125 0.032813 0.023750
0 0.741797 0.987500 0.027187 0.025000
0 0.627734 0.987500 0.012188 0.025000
0 0.169922 0.985000 0.015938 0.030000
0 0.845313 0.975000 0.011250 0.017500
0 0.135547 0.978750 0.070312 0.042500
0 0.575391 0.961458 0.012188 0.017500
0 0.254297 0.958854 0.008437 0.016250
0 0.569141 0.961458 0.014063 0.035000
0 0.880469 0.944271 0.013125 0.016250
0 0.153516 0.958333 0.030937 0.055000
0 0.089453 0.937500 0.012188 0.017500
0 0.142969 0.929167 0.031875 0.035000
0 0.876563 0.913021 0.041250 0.023750
0 0.133984 0.909896 0.014063 0.018750
0 0.644922 0.903646 0.010312 0.013750
0 0.693750 0.880729 0.011250 0.021250
0 0.812500 0.875521 0.033750 0.016250
0 0.725391 0.881250 0.021562 0.030000
0 0.047656 0.870313 0.016875 0.016250
0 0.988672 0.885938 0.021562 0.068750
0 0.975000 0.849479 0.022500 0.018750
0 0.752734 0.810937 0.014063 0.018750
0 0.765625 0.808333 0.018750 0.025000
0 0.749219 0.785937 0.007500 0.011250
0 0.745703 0.841146 0.100312 0.143750
0 0.895312 0.756250 0.013125 0.017500
0 0.728906 0.752604 0.013125 0.011250
0 0.835156 0.782813 0.048750 0.091250
0 0.075781 0.745313 0.022500 0.023750
0 0.815625 0.751563 0.022500 0.043750
0 0.005625 0.736458 0.011250 0.020000
0 0.052734 0.735938 0.027187 0.026250
0 0.975000 0.727083 0.009375 0.020000
0 0.007500 0.719792 0.015000 0.017500
0 0.994375 0.716146 0.011250 0.038750
0 0.921875 0.720833 0.045000 0.055000
0 0.857422 0.675000 0.008437 0.015000
0 0.904687 0.675521 0.011250 0.021250
0 0.917188 0.680729 0.030000 0.053750
0 0.881641 0.652604 0.014063 0.011250
0 0.955469 0.662500 0.018750 0.037500
0 0.924219 0.653125 0.031875 0.030000
0 0.864453 0.644792 0.025312 0.030000
0 0.986406 0.653125 0.027187 0.055000
0 0.015938 0.662500 0.031875 0.077500
0 0.038281 0.636458 0.028125 0.047500
0 0.049609 0.568229 0.023438 0.028750
0 0.983594 0.529687 0.011250 0.016250
0 0.963672 0.485938 0.010312 0.013750
0 0.971094 0.479687 0.011250 0.011250
0 0.018359 0.461458 0.017813 0.022500
0 0.020703 0.446354 0.015938 0.011250
0 0.080859 0.401562 0.008437 0.023750
0 0.977969 0.423438 0.044062 0.133750
0 0.008437 0.367188 0.016875 0.013750
0 0.029297 0.347396 0.012188 0.013750
0 0.026953 0.325000 0.014063 0.022500
0 0.961328 0.318229 0.012188 0.018750
0 0.064453 0.294271 0.029062 0.031250
0 0.029062 0.344792 0.058125 0.152500
0 0.069922 0.277604 0.021562 0.028750
0 0.024844 0.273958 0.049687 0.045000
0 0.048438 0.220312 0.015000 0.016250
0 0.103516 0.177083 0.010312 0.017500
0 0.007031 0.158854 0.014063 0.013750
0 0.063672 0.161979 0.017813 0.031250
0 0.307812 0.152083 0.015000 0.017500
0 0.276172 0.132812 0.017813 0.026250
0 0.325391 0.131250 0.045937 0.035000
0 0.601562 0.108333 0.020625 0.017500
0 0.289453 0.136458 0.053437 0.112500
0 0.008984 0.097396 0.017813 0.018750
0 0.281641 0.082812 0.010312 0.011250
0 0.261328 0.070833 0.019688 0.010000
0 0.690625 0.074479 0.022500 0.033750
0 0.426172 0.063021 0.010312 0.018750
0 0.967578 0.050000 0.008437 0.017500
0 0.431641 0.047917 0.025312 0.035000
0 0.217188 0.051042 0.030000 0.047500
0 0.327344 0.034896 0.009375 0.013750
0 0.850000 0.034896 0.018750 0.023750
0 0.844141 0.023438 0.015938 0.013750
0 0.004219 0.025521 0.008437 0.028750
0 0.386328 0.028646 0.023438 0.038750
0 0.237891 0.030208 0.025312 0.052500
0 0.808203 0.020833 0.029062 0.032500
0 0.856250 0.018229 0.043125 0.031250
0 0.953516 0.048125 0.090937 0.096250
0 0.925781 0.025625 0.041250 0.051250
0 0.854688 0.006875 0.024375 0.013750
0 0.826172 0.028750 0.036562 0.057500
0 0.657031 0.009375 0.028125 0.018750
0 0.582031 0.028125 0.048750 0.056250
0 0.472656 0.008125 0.024375 0.016250
0 0.416016 0.028125 0.109688 0.056250
0 0.264453 0.008125 0.010312 0.016250
0 0.254688 0.006250 0.009375 0.012500
0 0.242969 0.009375 0.011250 0.018750
0 0.600000 0.600000 1.000000 1.000000
0 0.017813 0.010000 0.035625 0.020000
