0 0.392969 0.966667 0.015000 0.017500
0 0.643359 0.960417 0.019688 0.015000
0 0.432031 0.951042 0.016875 0.015000
0 0.411328 0.947917 0.019688 0.015000
0 0.369922 0.945833 0.010312 0.010000
0 0.512500 0.948958 0.039375 0.025000
0 0.463281 0.956771 0.075000 0.053750
0 0.575391 0.942708 0.034687 0.022500
0 0.307031 0.939583 0.009375 0.017500
0 0.625781 0.935417 0.011250 0.015000
0 0.539453 0.934896 0.021562 0.018750
0 0.388672 0.928646 0.019688 0.016250
0 0.439844 0.930208 0.030000 0.032500
0 0.504687 0.927604 0.026250 0.028750
0 0.596484 0.916146 0.014063 0.008750
0 0.326562 0.917188 0.013125 0.011250
0 0.297266 0.924479 0.023438 0.036250
0 0.341406 0.910937 0.015000 0.018750
0 0.522266 0.910937 0.010312 0.026250
0 0.608984 0.904687 0.015938 0.018750
0 0.314063 0.902083 0.018750 0.017500
0 0.438281 0.896875 0.016875 0.010000
0 0.623047 0.902083 0.010312 0.025000
0 0.487500 0.902604 0.050625 0.043750
0 0.376172 0.891146 0.023438 0.016250
0 0.666016 0.891667 0.021562 0.022500
0 0.455859 0.896354 0.023438 0.051250
0 0.348438 0.884375 0.041250 0.022500
0 0.647266 0.877083 0.021562 0.010000
0 0.395313 0.886458 0.018750 0.037500
0 0.591016 0.888021 0.064687 0.051250
0 0.684766 0.881250 0.021562 0.037500
0 0.293750 0.885938 0.041250 0.051250
0 0.557422 0.881250 0.030937 0.047500
0 0.538281 0.871354 0.007500 0.023750
0 0.322656 0.872917 0.022500 0.030000
0 0.462109 0.866146 0.017813 0.018750
0 0.429297 0.878646 0.038437 0.063750
0 0.532422 0.873437 0.032813 0.053750
0 0.682422 0.854688 0.023438 0.023750
0 0.630078 0.844271 0.034687 0.018750
0 0.466016 0.844271 0.023438 0.018750
0 0.688281 0.836458 0.011250 0.012500
0 0.650391 0.838542 0.015938 0.020000
0 0.669141 0.837500 0.025312 0.022500
0 0.575391 0.834896 0.015938 0.016250
0 0.445703 0.838542 0.017813 0.025000
0 0.368750 0.840625 0.024375 0.035000
0 0.531641 0.832812 0.008437 0.021250
0 0.554297 0.831771 0.036562 0.031250
0 0.387500 0.829688 0.033750 0.026250
0 0.599219 0.820833 0.015000 0.012500
0 0.498828 0.828646 0.025312 0.031250
0 0.328125 0.830208 0.018750 0.035000
0 0.348438 0.829688 0.026250 0.038750
0 0.699219 0.820833 0.009375 0.020000
0 0.525000 0.816146 0.013125 0.013750
0 0.286328 0.828125 0.047812 0.047500
0 0.560547 0.807292 0.023438 0.017500
0 0.398828 0.808333 0.008437 0.025000
0 0.775391 0.804167 0.040313 0.020000
0 0.714453 0.804167 0.025312 0.020000
0 0.428516 0.805729 0.023438 0.026250
0 0.528906 0.800521 0.041250 0.021250
0 0.366797 0.798438 0.038437 0.023750
0 0.506250 0.794271 0.011250 0.016250
0 0.468750 0.800521 0.056250 0.033750
0 0.635938 0.833854 0.125625 0.118750
0 0.566016 0.790104 0.008437 0.016250
0 0.404687 0.781771 0.015000 0.018750
0 0.258203 0.777604 0.015938 0.018750
0 0.599609 0.771354 0.017813 0.013750
0 0.423047 0.766146 0.014063 0.008750
0 0.577344 0.770312 0.030000 0.023750
0 0.411719 0.766667 0.007500 0.015000
0 0.546875 0.766146 0.031875 0.033750
0 0.312891 0.765625 0.030937 0.037500
0 0.447266 0.769271 0.047812 0.051250
0 0.674219 0.757812 0.046875 0.033750
0 0.332422 0.747396 0.017813 0.011250
0 0.289453 0.748437 0.010312 0.013750
0 0.216797 0.758854 0.034687 0.043750
0 0.337891 0.751042 0.023438 0.030000
0 0.716797 0.748437 0.034687 0.036250
0 0.263281 0.741667 0.028125 0.025000
0 0.209766 0.740625 0.012188 0.025000
0 0.564844 0.736458 0.011250 0.030000
0 0.701172 0.726042 0.014063 0.012500
0 0.235937 0.726042 0.018750 0.015000
0 0.387109 0.735938 0.038437 0.041250
0 0.467187 0.730729 0.031875 0.033750
0 0.313281 0.721354 0.013125 0.013750
0 0.515625 0.731250 0.078750 0.040000
0 0.681641 0.726042 0.029062 0.030000
0 0.448437 0.720833 0.011250 0.020000
0 0.633594 0.737500 0.095625 0.065000
0 0.725781 0.718750 0.045000 0.022500
0 0.556641 0.715625 0.014063 0.015000
0 0.351953 0.718750 0.027187 0.042500
0 0.708984 0.703125 0.008437 0.012500
0 0.421094 0.708333 0.022500 0.027500
0 0.653516 0.708854 0.042188 0.031250
0 0.273828 0.705208 0.010312 0.030000
0 0.630859 0.701562 0.010312 0.026250
0 0.196094 0.701042 0.046875 0.027500
0 0.497266 0.697396 0.019688 0.021250
0 0.375781 0.704688 0.033750 0.041250
0 0.612109 0.696875 0.019688 0.027500
0 0.749609 0.693229 0.023438 0.028750
0 0.554297 0.690625 0.021562 0.025000
0 0.578516 0.687500 0.023438 0.022500
0 0.445312 0.684375 0.016875 0.017500
0 0.292969 0.684375 0.037500 0.020000
0 0.193359 0.686979 0.025312 0.026250
0 0.523828 0.685937 0.045937 0.031250
0 0.403906 0.686979 0.031875 0.036250
0 0.657031 0.680208 0.011250 0.025000
0 0.223047 0.677604 0.040313 0.018750
0 0.626172 0.676042 0.017813 0.025000
0 0.688672 0.677604 0.017813 0.036250
0 0.714844 0.671875 0.026250 0.025000
0 0.256250 0.681771 0.041250 0.048750
0 0.734375 0.661979 0.028125 0.023750
0 0.671094 0.659375 0.013125 0.017500
0 0.280469 0.658333 0.016875 0.020000
0 0.469922 0.670833 0.036562 0.052500
0 0.419922 0.656250 0.017813 0.017500
0 0.552734 0.659375 0.030937 0.027500
0 0.495703 0.650000 0.014063 0.010000
0 0.368750 0.657292 0.015000 0.030000
0 0.637891 0.647917 0.008437 0.017500
0 0.700781 0.650521 0.009375 0.026250
0 0.652734 0.653646 0.025312 0.033750
0 0.588672 0.646875 0.042188 0.020000
0 0.451172 0.652083 0.042188 0.037500
0 0.757812 0.640104 0.009375 0.016250
0 0.680469 0.639062 0.009375 0.028750
0 0.362109 0.634375 0.025312 0.017500
0 0.283594 0.634896 0.011250 0.018750
0 0.564844 0.627083 0.030000 0.020000
0 0.244922 0.642188 0.047812 0.061250
0 0.255859 0.621875 0.023438 0.015000
0 0.492188 0.625521 0.009375 0.026250
0 0.512891 0.625000 0.034687 0.027500
0 0.270703 0.619792 0.017813 0.017500
0 0.208594 0.629167 0.018750 0.040000
0 0.690625 0.617188 0.009375 0.023750
0 0.542969 0.618229 0.016875 0.026250
0 0.365625 0.611458 0.013125 0.010000
0 0.614844 0.618750 0.024375 0.037500
0 0.450781 0.617708 0.050625 0.035000
0 0.644141 0.607812 0.015938 0.013750
0 0.304688 0.614583 0.016875 0.030000
0 0.518359 0.605208 0.021562 0.012500
0 0.333203 0.650521 0.072187 0.123750
0 0.664844 0.611979 0.033750 0.033750
0 0.410547 0.607292 0.010312 0.022500
0 0.471094 0.603125 0.020625 0.015000
0 0.755469 0.608333 0.037500 0.032500
0 0.742578 0.597917 0.014063 0.010000
0 0.636719 0.596875 0.018750 0.017500
0 0.601562 0.588542 0.020625 0.017500
0 0.436719 0.593229 0.041250 0.028750
0 0.485938 0.592708 0.011250 0.032500
0 0.285547 0.593229 0.034687 0.041250
0 0.376953 0.580729 0.017813 0.018750
0 0.684375 0.584896 0.026250 0.031250
0 0.664062 0.582812 0.016875 0.026250
0 0.265625 0.580729 0.018750 0.023750
0 0.227344 0.584375 0.028125 0.032500
0 0.071094 0.589063 0.035625 0.043750
0 0.333594 0.579167 0.016875 0.025000
0 0.717969 0.606771 0.043125 0.093750
0 0.219922 0.578125 0.019688 0.030000
0 0.403125 0.569271 0.028125 0.013750
0 0.724609 0.566146 0.012188 0.026250
0 0.073047 0.560937 0.019688 0.013750
0 0.697266 0.559375 0.008437 0.012500
0 0.432422 0.557813 0.012188 0.011250
0 0.645703 0.565104 0.014063 0.031250
0 0.751563 0.556771 0.046875 0.028750
0 0.392969 0.552083 0.020625 0.017500
0 0.114453 0.551562 0.025312 0.016250
0 0.308203 0.558333 0.060937 0.035000
0 0.467578 0.571354 0.036562 0.068750
0 0.446094 0.550521 0.018750 0.021250
0 0.421875 0.548958 0.020625 0.020000
0 0.623437 0.558333 0.035625 0.045000
0 0.675391 0.549479 0.057188 0.028750
0 0.707422 0.542188 0.012188 0.013750
0 0.542578 0.536458 0.010312 0.012500
0 0.539453 0.567187 0.135937 0.088750
0 0.502344 0.536979 0.022500 0.026250
0 0.700781 0.530208 0.011250 0.012500
0 0.269141 0.543229 0.053437 0.046250
0 0.225391 0.540104 0.015938 0.048750
0 0.324219 0.528646 0.031875 0.023750
0 0.737891 0.529167 0.045937 0.035000
0 0.688672 0.520833 0.015938 0.017500
0 0.538672 0.516146 0.012188 0.011250
0 0.478516 0.518750 0.017813 0.017500
0 0.376953 0.536979 0.066562 0.068750
0 0.664062 0.520833 0.031875 0.032500
0 0.107813 0.514062 0.013125 0.021250
0 0.278516 0.506250 0.029062 0.020000
0 0.308594 0.505729 0.013125 0.023750
0 0.576953 0.504687 0.023438 0.028750
0 0.518750 0.502083 0.035625 0.022500
0 0.616016 0.514062 0.070312 0.056250
0 0.443359 0.500521 0.027187 0.028750
0 0.221875 0.496354 0.015000 0.026250
0 0.252734 0.489063 0.010312 0.021250
0 0.458594 0.481771 0.011250 0.013750
0 0.559766 0.484896 0.017813 0.031250
0 0.313281 0.482812 0.052500 0.026250
0 0.723437 0.488542 0.048750 0.045000
0 0.508984 0.477083 0.036562 0.030000
0 0.612891 0.480729 0.072187 0.041250
0 0.427344 0.482292 0.060000 0.052500
0 0.637500 0.463021 0.013125 0.013750
0 0.574609 0.465104 0.015938 0.018750
0 0.300781 0.461979 0.013125 0.011250
0 0.383984 0.465625 0.032813 0.027500
0 0.547266 0.461458 0.023438 0.027500
0 0.523828 0.456771 0.017813 0.016250
0 0.279687 0.455729 0.018750 0.018750
0 0.741797 0.455208 0.036562 0.020000
0 0.480469 0.452083 0.031875 0.022500
0 0.589063 0.446875 0.018750 0.017500
0 0.249219 0.458854 0.046875 0.046250
0 0.707812 0.452083 0.039375 0.037500
0 0.670703 0.460417 0.062812 0.065000
0 0.743359 0.435937 0.014063 0.011250
0 0.510547 0.436458 0.015938 0.015000
0 0.418359 0.433854 0.030937 0.026250
0 0.276562 0.432812 0.020625 0.023750
0 0.152344 0.433333 0.028125 0.025000
0 0.450000 0.437500 0.037500 0.040000
0 0.617969 0.435417 0.039375 0.037500
0 0.551953 0.432292 0.021562 0.030000
0 0.210547 0.423438 0.012188 0.013750
0 0.130859 0.423438 0.017813 0.013750
0 0.767578 0.433854 0.042188 0.046250
0 0.567578 0.421354 0.014063 0.018750
0 0.786328 0.414583 0.049687 0.022500
0 0.733203 0.417708 0.010312 0.032500
0 0.348047 0.431250 0.098437 0.065000
0 0.695312 0.414062 0.030000 0.038750
0 0.402344 0.413542 0.026250 0.037500
0 0.240234 0.413021 0.055313 0.038750
0 0.481250 0.403125 0.031875 0.020000
0 0.201953 0.398438 0.012188 0.016250
0 0.160156 0.394792 0.011250 0.010000
0 0.669141 0.401042 0.025312 0.032500
0 0.523828 0.395833 0.055313 0.035000
0 0.278906 0.396875 0.030000 0.037500
0 0.566797 0.385417 0.038437 0.017500
0 0.128516 0.382292 0.019688 0.012500
0 0.760547 0.385937 0.025312 0.023750
0 0.399609 0.376042 0.012188 0.012500
0 0.380859 0.375521 0.006563 0.016250
0 0.442578 0.389583 0.059062 0.052500
0 0.422266 0.377083 0.008437 0.022500
0 0.270703 0.375000 0.010312 0.017500
0 0.246875 0.373958 0.016875 0.015000
0 0.317969 0.370312 0.011250 0.013750
0 0.648828 0.372396 0.029062 0.026250
0 0.491406 0.364583 0.009375 0.020000
0 0.328125 0.363542 0.011250 0.017500
0 0.478125 0.361458 0.020625 0.015000
0 0.352734 0.360938 0.012188 0.016250
0 0.701562 0.360417 0.020625 0.022500
0 0.460547 0.359375 0.015938 0.022500
0 0.303125 0.344792 0.011250 0.010000
0 0.776953 0.346875 0.030937 0.020000
0 0.657031 0.351042 0.009375 0.030000
0 0.505859 0.340104 0.019688 0.013750
0 0.619531 0.344271 0.022500 0.028750
0 0.642578 0.345833 0.023438 0.035000
0 0.048047 0.351042 0.034687 0.047500
0 0.444531 0.342708 0.024375 0.030000
0 0.426953 0.335417 0.010312 0.017500
0 0.534375 0.342708 0.046875 0.042500
0 0.396875 0.341667 0.054375 0.045000
0 0.488281 0.330729 0.011250 0.023750
0 0.271875 0.334896 0.037500 0.036250
0 0.339844 0.336458 0.018750 0.045000
0 0.369531 0.325521 0.009375 0.021250
0 0.325391 0.327604 0.015938 0.028750
0 0.694531 0.323437 0.028125 0.021250
0 0.476562 0.322917 0.011250 0.020000
0 0.416797 0.320312 0.010312 0.013750
0 0.355469 0.314063 0.015000 0.011250
0 0.603125 0.316667 0.020625 0.020000
0 0.639453 0.314583 0.032813 0.017500
0 0.506250 0.314063 0.026250 0.016250
0 0.250781 0.318750 0.028125 0.027500
0 0.770312 0.317188 0.016875 0.033750
0 0.398828 0.311458 0.019688 0.020000
0 0.554297 0.303125 0.019688 0.015000
0 0.677344 0.299479 0.024375 0.016250
0 0.333594 0.294792 0.033750 0.015000
0 0.289062 0.301042 0.030000 0.032500
0 0.719531 0.297917 0.031875 0.030000
0 0.454688 0.296875 0.041250 0.030000
0 0.529297 0.294792 0.040313 0.027500
0 0.361328 0.289062 0.030937 0.016250
0 0.633203 0.292187 0.053437 0.033750
0 0.565625 0.285417 0.009375 0.017500
0 0.416797 0.285938 0.032813 0.028750
0 0.385937 0.279687 0.009375 0.021250
0 0.555859 0.331250 0.137813 0.152500
0 0.477734 0.273438 0.015938 0.016250
0 0.264453 0.273438 0.062812 0.031250
0 0.707422 0.267188 0.019688 0.018750
0 0.560547 0.263542 0.012188 0.020000
0 0.440625 0.263021 0.016875 0.018750
0 0.537891 0.258854 0.038437 0.018750
0 0.417578 0.262500 0.030937 0.032500
0 0.673047 0.270833 0.040313 0.055000
0 0.323828 0.267708 0.072187 0.052500
0 0.500000 0.265104 0.031875 0.048750
0 0.727344 0.245833 0.026250 0.017500
0 0.647266 0.243750 0.014063 0.017500
0 0.635547 0.247396 0.017813 0.026250
0 0.431250 0.241667 0.013125 0.012500
0 0.360156 0.248438 0.013125 0.028750
0 0.190234 0.242188 0.029062 0.016250
0 0.304688 0.241667 0.045000 0.020000
0 0.516406 0.241667 0.020625 0.022500
0 0.389453 0.248438 0.029062 0.046250
0 0.673047 0.252083 0.047812 0.062500
0 0.590234 0.240625 0.051562 0.035000
0 0.440625 0.226042 0.007500 0.020000
0 0.328516 0.220833 0.034687 0.020000
0 0.539453 0.228646 0.021562 0.041250
0 0.498047 0.222917 0.019688 0.027500
0 0.186328 0.216667 0.014063 0.015000
0 0.663672 0.214583 0.019688 0.012500
0 0.642578 0.217188 0.029062 0.018750
0 0.678906 0.216146 0.015000 0.026250
0 0.309766 0.209375 0.017813 0.010000
0 0.465625 0.225521 0.045000 0.053750
0 0.397266 0.211458 0.012188 0.020000
0 0.786328 0.215625 0.042188 0.032500
0 0.560547 0.213542 0.027187 0.035000
0 0.596484 0.204687 0.025312 0.026250
0 0.366016 0.212500 0.055313 0.050000
0 0.278906 0.210938 0.045000 0.053750
0 0.473438 0.193229 0.018750 0.018750
0 0.428906 0.203646 0.054375 0.053750
0 0.404687 0.191146 0.007500 0.026250
0 0.333984 0.183333 0.036562 0.017500
0 0.713672 0.196354 0.034687 0.053750
0 0.508203 0.177604 0.019688 0.008750
0 0.580469 0.185417 0.026250 0.035000
0 0.796484 0.187500 0.038437 0.042500
0 0.687109 0.184896 0.019688 0.036250
0 0.492188 0.183333 0.015000 0.032500
0 0.630859 0.180729 0.057188 0.028750
0 0.296875 0.172396 0.015000 0.021250
0 0.719141 0.172917 0.023438 0.025000
0 0.410938 0.168750 0.013125 0.020000
0 0.471094 0.168750 0.046875 0.025000
0 0.667969 0.165625 0.033750 0.040000
0 0.594922 0.154167 0.012188 0.015000
0 0.806250 0.150000 0.022500 0.015000
0 0.378516 0.154167 0.051562 0.027500
0 0.537109 0.172396 0.079687 0.083750
0 0.304688 0.142187 0.020625 0.018750
0 0.341406 0.143229 0.031875 0.028750
0 0.543750 0.144271 0.011250 0.041250
0 0.750781 0.134896 0.024375 0.021250
0 0.319531 0.134375 0.011250 0.020000
0 0.456250 0.144271 0.088125 0.056250
0 0.630469 0.124479 0.011250 0.016250
0 0.504297 0.128125 0.019688 0.025000
0 0.554688 0.116667 0.018750 0.010000
0 0.529687 0.120833 0.037500 0.020000
0 0.613281 0.136458 0.080625 0.060000
0 0.662500 0.115104 0.018750 0.011250
0 0.323437 0.110937 0.011250 0.031250
0 0.552344 0.100000 0.011250 0.010000
0 0.367188 0.104688 0.020625 0.021250
0 0.384766 0.117708 0.117188 0.055000
0 0.351953 0.105208 0.014063 0.025000
0 0.757422 0.097917 0.014063 0.015000
0 0.463281 0.110417 0.075000 0.050000
0 0.500391 0.094271 0.008437 0.033750
0 0.610938 0.088021 0.016875 0.021250
0 0.591016 0.089063 0.023438 0.023750
0 0.260156 0.095312 0.033750 0.041250
0 0.349219 0.078125 0.009375 0.012500
0 0.442578 0.075000 0.015938 0.012500
0 0.392969 0.080208 0.054375 0.030000
0 0.328125 0.066667 0.020625 0.020000
0 0.418359 0.064062 0.015938 0.016250
0 0.519922 0.060417 0.014063 0.017500
0 0.464453 0.059375 0.027187 0.025000
0 0.498047 0.058854 0.032813 0.038750
0 0.433984 0.048438 0.021562 0.013750
0 0.508203 0.040625 0.014063 0.015000
0 0.387500 0.044792 0.048750 0.030000
0 0.451953 0.039583 0.015938 0.020000
0 0.116016 0.050000 0.038437 0.045000
0 0.115234 0.036458 0.021562 0.022500
0 0.318359 0.027083 0.010312 0.012500
0 0.405859 0.018750 0.012188 0.017500
0 0.391016 0.013125 0.019688 0.026250
