0 0.605469 0.993750 0.020625 0.012500
0 0.589453 0.992500 0.019688 0.015000
0 0.657422 0.990625 0.014063 0.018750
0 0.444141 0.990625 0.015938 0.018750
0 0.788672 0.990000 0.029062 0.020000
0 0.128125 0.988750 0.018750 0.022500
0 0.486328 0.988125 0.019688 0.023750
0 0.062109 0.988125 0.014063 0.023750
0 0.064062 0.981250 0.013125 0.022500
0 0.351172 0.981875 0.029062 0.036250
0 0.481250 0.970313 0.026250 0.026250
0 0.517969 0.964583 0.011250 0.017500
0 0.501172 0.973125 0.030937 0.053750
0 0.673047 0.971875 0.049687 0.056250
0 0.619141 0.960938 0.023438 0.021250
0 0.675391 0.963542 0.015938 0.032500
0 0.550391 0.951042 0.012188 0.015000
0 0.423438 0.944792 0.011250 0.020000
0 0.767969 0.944271 0.016875 0.021250
0 0.598047 0.964063 0.053437 0.071250
0 0.344141 0.941146 0.014063 0.016250
0 0.539844 0.949479 0.020625 0.041250
0 0.058203 0.933333 0.012188 0.010000
0 0.349219 0.925521 0.013125 0.021250
0 0.261719 0.926562 0.013125 0.026250
0 0.774219 0.929167 0.022500 0.037500
0 0.492188 0.918229 0.015000 0.018750
0 0.520312 0.916667 0.009375 0.017500
0 0.611328 0.915104 0.008437 0.021250
0 0.028516 0.908854 0.019688 0.021250
0 0.287500 0.928125 0.052500 0.072500
0 0.275781 0.904167 0.011250 0.017500
0 0.539844 0.901563 0.015000 0.026250
0 0.018281 0.914062 0.036562 0.056250
0 0.613672 0.898438 0.030937 0.043750
0 0.350000 0.896354 0.026250 0.041250
0 0.232031 0.886979 0.011250 0.021250
0 0.250781 0.903646 0.067500 0.063750
0 0.641797 0.902604 0.049687 0.066250
0 0.248438 0.883854 0.028125 0.026250
0 0.283203 0.881771 0.030937 0.031250
0 0.017813 0.885938 0.035625 0.041250
0 0.332813 0.873437 0.011250 0.013750
0 0.481250 0.892188 0.050625 0.071250
0 0.566016 0.866667 0.010312 0.012500
0 0.266797 0.865625 0.010312 0.017500
0 0.178516 0.860938 0.017813 0.011250
0 0.455078 0.868750 0.025312 0.040000
0 0.665625 0.870313 0.016875 0.048750
0 0.192969 0.857292 0.009375 0.020000
0 0.510156 0.866667 0.043125 0.045000
0 0.470703 0.859375 0.017813 0.027500
0 0.676172 0.854167 0.015938 0.017500
0 0.501953 0.848958 0.015938 0.015000
0 0.439063 0.848958 0.009375 0.017500
0 0.529687 0.841667 0.018750 0.012500
0 0.201953 0.855729 0.032813 0.048750
0 0.295703 0.847396 0.029062 0.036250
0 0.989219 0.841146 0.021562 0.031250
0 0.322266 0.890104 0.077812 0.151250
0 0.156250 0.833333 0.022500 0.025000
0 0.181641 0.838021 0.014063 0.041250
0 0.535156 0.826042 0.013125 0.020000
0 0.245312 0.857812 0.095625 0.096250
0 0.170313 0.832292 0.013125 0.042500
0 0.525781 0.816146 0.015000 0.013750
0 0.950781 0.813542 0.013125 0.017500
0 0.201563 0.810937 0.011250 0.013750
0 0.448828 0.811458 0.008437 0.022500
0 0.319922 0.807813 0.008437 0.016250
0 0.046484 0.791146 0.010312 0.013750
0 0.617188 0.789062 0.011250 0.018750
0 0.546094 0.782292 0.009375 0.015000
0 0.208594 0.807813 0.056250 0.096250
0 0.579688 0.772396 0.007500 0.016250
0 0.623047 0.778125 0.044062 0.035000
0 0.370703 0.772917 0.023438 0.022500
0 0.696875 0.797396 0.071250 0.101250
0 0.308203 0.757812 0.012188 0.011250
0 0.598047 0.763021 0.029062 0.038750
0 0.502734 0.755729 0.027187 0.043750
0 0.248438 0.743229 0.009375 0.016250
0 0.645703 0.746354 0.019688 0.028750
0 0.602344 0.741146 0.011250 0.018750
0 0.539062 0.736458 0.009375 0.012500
0 0.135547 0.738021 0.017813 0.016250
0 0.144531 0.733854 0.011250 0.011250
0 0.741406 0.738542 0.013125 0.025000
0 0.591797 0.834375 0.229687 0.331250
0 0.625781 0.743229 0.045000 0.048750
0 0.096094 0.725521 0.015000 0.008750
0 0.585156 0.728646 0.007500 0.021250
0 0.344922 0.731250 0.008437 0.027500
0 0.749219 0.721875 0.013125 0.012500
0 0.038281 0.727604 0.016875 0.026250
0 0.608203 0.722917 0.017813 0.017500
0 0.511328 0.723958 0.012188 0.022500
0 0.594141 0.729688 0.014063 0.038750
0 0.140234 0.718229 0.015938 0.018750
0 0.243359 0.721354 0.032813 0.033750
0 0.129297 0.718750 0.023438 0.027500
0 0.599609 0.711458 0.012188 0.015000
0 0.570703 0.719271 0.032813 0.033750
0 0.115625 0.713021 0.009375 0.023750
0 0.615234 0.706771 0.015938 0.016250
0 0.707031 0.713542 0.015000 0.037500
0 0.658984 0.713021 0.025312 0.051250
0 0.991094 0.705729 0.017813 0.041250
0 0.456250 0.685417 0.011250 0.015000
0 0.586328 0.688542 0.014063 0.025000
0 0.182422 0.681771 0.010312 0.016250
0 0.570703 0.689063 0.027187 0.036250
0 0.691016 0.722917 0.074063 0.122500
0 0.494922 0.675000 0.017813 0.012500
0 0.743359 0.682813 0.036562 0.038750
0 0.167187 0.670312 0.009375 0.011250
0 0.267969 0.668229 0.015000 0.026250
0 0.622266 0.690625 0.066562 0.102500
0 0.638281 0.657813 0.009375 0.026250
0 0.991406 0.646875 0.009375 0.012500
0 0.674219 0.643750 0.013125 0.020000
0 0.664453 0.662500 0.053437 0.067500
0 0.162500 0.642708 0.015000 0.022500
0 0.703125 0.638542 0.020625 0.032500
0 0.144531 0.632812 0.011250 0.018750
0 0.698438 0.626042 0.009375 0.015000
0 0.012188 0.645312 0.024375 0.061250
0 0.196484 0.626042 0.015938 0.027500
0 0.712891 0.618750 0.025312 0.012500
0 0.007031 0.615625 0.014063 0.007500
0 0.113672 0.622917 0.017813 0.032500
0 0.060547 0.615104 0.014063 0.016250
0 0.161328 0.619792 0.012188 0.037500
0 0.210547 0.608333 0.029062 0.020000
0 0.022266 0.618229 0.021562 0.046250
0 0.114062 0.602604 0.020625 0.013750
0 0.131250 0.614062 0.035625 0.048750
0 0.990234 0.586458 0.014063 0.025000
0 0.598437 0.581771 0.007500 0.021250
0 0.617188 0.619271 0.093750 0.116250
0 0.191016 0.575521 0.008437 0.016250
0 0.121094 0.579167 0.022500 0.027500
0 0.630078 0.572917 0.010312 0.015000
0 0.143750 0.594271 0.031875 0.066250
0 0.996250 0.571875 0.007500 0.017500
0 0.664062 0.603125 0.067500 0.097500
0 0.540625 0.568750 0.009375 0.015000
0 0.977344 0.565104 0.013125 0.013750
0 0.155859 0.555208 0.010312 0.017500
0 0.169141 0.579688 0.049687 0.098750
0 0.152344 0.543229 0.016875 0.016250
0 0.244141 0.552083 0.034687 0.042500
0 0.193750 0.533854 0.028125 0.016250
0 0.215234 0.554167 0.051562 0.067500
0 0.257422 0.530208 0.017813 0.015000
0 0.242578 0.531771 0.010312 0.021250
0 0.642188 0.523438 0.015000 0.013750
0 0.166016 0.524479 0.008437 0.021250
0 0.150781 0.518229 0.020625 0.018750
0 0.123047 0.539583 0.057188 0.070000
0 0.137500 0.513021 0.009375 0.021250
0 0.119922 0.506771 0.015938 0.016250
0 0.584375 0.507292 0.015000 0.022500
0 0.275000 0.507292 0.013125 0.022500
0 0.215625 0.514062 0.039375 0.046250
0 0.247266 0.507292 0.047812 0.045000
0 0.266016 0.490104 0.027187 0.023750
0 0.928125 0.496354 0.016875 0.043750
0 0.959375 0.484375 0.016875 0.017500
0 0.262109 0.481771 0.010312 0.013750
0 0.253125 0.482292 0.013125 0.022500
0 0.295703 0.467708 0.021562 0.022500
0 0.091016 0.456250 0.010312 0.012500
0 0.013672 0.442708 0.010312 0.010000
0 0.192578 0.440625 0.017813 0.020000
0 0.230859 0.419792 0.008437 0.020000
0 0.238672 0.411458 0.008437 0.012500
0 0.169922 0.413021 0.008437 0.016250
0 0.223828 0.415625 0.006563 0.025000
0 0.178516 0.420833 0.036562 0.062500
0 0.206250 0.395833 0.058125 0.035000
0 0.195312 0.381250 0.013125 0.030000
0 0.187500 0.372917 0.009375 0.015000
0 0.995313 0.371875 0.009375 0.032500
0 0.019219 0.390104 0.038437 0.078750
0 0.203906 0.363542 0.018750 0.027500
0 0.214844 0.355729 0.013125 0.016250
0 0.190625 0.355208 0.013125 0.022500
0 0.004687 0.352604 0.009375 0.016250
0 0.971484 0.339583 0.012188 0.015000
0 0.248828 0.334375 0.010312 0.020000
0 0.017969 0.342187 0.018750 0.038750
0 0.259375 0.309375 0.011250 0.020000
0 0.194531 0.324479 0.045000 0.063750
0 0.222266 0.281250 0.017813 0.042500
0 0.221875 0.258854 0.009375 0.016250
0 0.025781 0.252604 0.011250 0.013750
0 0.269922 0.248958 0.015938 0.030000
0 0.248828 0.249479 0.027187 0.031250
0 0.161328 0.228646 0.010312 0.018750
0 0.155859 0.210938 0.017813 0.016250
0 0.189062 0.211458 0.039375 0.037500
0 0.045703 0.205208 0.017813 0.022500
0 0.168359 0.203125 0.010312 0.025000
0 0.065625 0.188021 0.043125 0.023750
0 0.059766 0.174479 0.027187 0.031250
0 0.191016 0.167187 0.017813 0.021250
0 0.010781 0.172396 0.021562 0.036250
0 0.177344 0.174479 0.026250 0.043750
0 0.137109 0.172396 0.072187 0.048750
0 0.180469 0.151042 0.020625 0.020000
0 0.139844 0.138021 0.013125 0.013750
0 0.065234 0.145313 0.019688 0.033750
0 0.985000 0.130208 0.030000 0.032500
0 0.993906 0.112500 0.012188 0.012500
0 0.106641 0.111458 0.014063 0.015000
0 0.080859 0.109375 0.017813 0.017500
0 0.128906 0.353125 0.257812 0.615000
0 0.501953 0.091667 0.010312 0.012500
0 0.487891 0.091667 0.021562 0.020000
0 0.478906 0.067187 0.016875 0.011250
0 0.990156 0.071354 0.019688 0.023750
0 0.362891 0.057813 0.010312 0.016250
0 0.486328 0.055729 0.008437 0.018750
0 0.710547 0.043750 0.010312 0.020000
0 0.969141 0.035417 0.010312 0.015000
0 0.985547 0.032813 0.014063 0.013750
0 0.378906 0.029687 0.028125 0.018750
0 0.674609 0.022917 0.015938 0.017500
0 0.692187 0.021354 0.007500 0.016250
0 0.609766 0.016146 0.012188 0.018750
0 0.641797 0.010417 0.015938 0.015000
0 0.334766 0.017708 0.034687 0.035000
0 0.312500 0.010937 0.007500 0.018750
0 0.437109 0.009375 0.015938 0.017500
0 0.973281 0.030625 0.053437 0.061250
0 0.902344 0.011875 0.024375 0.023750
0 0.779687 0.007500 0.013125 0.015000
0 0.583984 0.015000 0.014063 0.030000
0 0.545312 0.008125 0.011250 0.016250
0 0.457031 0.012500 0.013125 0.025000
0 0.382422 0.020000 0.045937 0.040000
0 0.356641 0.033750 0.040313 0.067500
0 0.301172 0.011250 0.027187 0.022500
0 0.253516 0.007500 0.027187 0.015000
0 0.206641 0.007500 0.012188 0.015000
0 0.187500 0.006250 0.011250 0.012500
0 0.044531 0.007500 0.022500 0.015000
0 0.600000 0.600000 1.000000 1.000000
