0 0.175853 0.952375 0.351707 0.095250
0 0.201082 0.848437 0.010991 0.012750
0 0.649042 0.811875 0.014988 0.006000
0 0.924063 0.842500 0.151873 0.315000
0 0.694005 0.734375 0.028976 0.027000
0 0.668609 0.725938 0.025978 0.029250
0 0.725645 0.709375 0.036969 0.018000
0 0.151540 0.706562 0.007993 0.011250
0 0.586178 0.708125 0.065945 0.033000
0 0.545379 0.703750 0.055953 0.057000
0 0.316403 0.686875 0.031973 0.027000
0 0.381349 0.676875 0.023980 0.015000
0 0.547044 0.673125 0.011990 0.007500
0 0.491257 0.680312 0.061948 0.036750
0 0.125312 0.670000 0.008993 0.012000
0 0.642381 0.679375 0.064946 0.039000
0 0.407161 0.675312 0.025978 0.029250
0 0.862614 0.665000 0.015987 0.006000
0 0.694421 0.676562 0.055953 0.038250
0 0.506661 0.669687 0.026978 0.021750
0 0.481266 0.661250 0.015987 0.007500
0 0.444213 0.677813 0.080933 0.047250
0 0.530391 0.675000 0.025978 0.048000
0 0.501249 0.657188 0.021982 0.006750
0 0.567444 0.668438 0.056953 0.039750
0 0.450458 0.660000 0.049958 0.021000
0 0.126145 0.655625 0.014988 0.015000
0 0.728976 0.656563 0.028976 0.021750
0 0.400500 0.658438 0.055953 0.029250
0 0.429642 0.647813 0.011990 0.008250
0 0.572023 0.646563 0.037968 0.018750
0 0.333472 0.648438 0.060949 0.029250
0 0.307660 0.639062 0.012989 0.008250
0 0.475437 0.645000 0.015987 0.027000
0 0.455454 0.641875 0.023980 0.022500
0 0.430058 0.636250 0.034971 0.015000
0 0.594505 0.633750 0.039967 0.021000
0 0.384263 0.649375 0.112906 0.058500
0 0.673605 0.626875 0.019983 0.006000
0 0.448376 0.626563 0.020983 0.005250
0 0.251041 0.628125 0.012989 0.010500
0 0.556619 0.632812 0.034971 0.024750
0 0.164030 0.629687 0.027977 0.029250
0 0.273106 0.624375 0.011990 0.021000
0 0.376353 0.631250 0.059950 0.039000
0 0.471690 0.622812 0.030974 0.020250
0 0.630724 0.617500 0.010991 0.015000
0 0.443381 0.619062 0.028976 0.020250
0 0.402581 0.616563 0.042964 0.014250
0 0.517485 0.633750 0.084929 0.060000
0 0.616570 0.623750 0.036969 0.037500
0 0.443797 0.607500 0.009992 0.007500
0 0.653622 0.609062 0.015987 0.015750
0 0.472523 0.607187 0.032973 0.014250
0 0.385096 0.606875 0.032973 0.016500
0 0.191507 0.607500 0.033972 0.021000
0 0.438801 0.604062 0.037968 0.021750
0 0.572023 0.597500 0.015987 0.021000
0 0.233555 0.596875 0.028976 0.030000
0 0.543714 0.601250 0.073938 0.043500
0 0.431724 0.590313 0.032973 0.018750
0 0.769775 0.581562 0.016986 0.011250
0 0.323480 0.587187 0.026978 0.024750
0 0.585762 0.583438 0.012989 0.023250
0 0.281432 0.599375 0.051957 0.064500
0 0.156536 0.579063 0.033972 0.021750
0 0.661116 0.590000 0.121898 0.049500
0 0.372606 0.573750 0.008993 0.013500
0 0.632806 0.570000 0.011990 0.010500
0 0.482931 0.594375 0.087927 0.072000
0 0.551207 0.574688 0.065945 0.032250
0 0.766445 0.565937 0.024979 0.014250
0 0.313905 0.598437 0.083930 0.093750
0 0.341799 0.562187 0.044963 0.018750
0 0.791840 0.564375 0.027977 0.028500
0 0.327644 0.556875 0.014988 0.010500
0 0.448793 0.565937 0.073938 0.044250
0 0.364696 0.550625 0.015987 0.009000
0 0.432973 0.549063 0.017985 0.011250
0 0.692756 0.609688 0.209825 0.159750
0 0.383847 0.580313 0.127893 0.089250
0 0.383430 0.545937 0.010991 0.014250
0 0.287677 0.545000 0.038968 0.016500
0 0.667361 0.541875 0.028976 0.012000
0 0.711907 0.538438 0.009992 0.008250
0 0.677769 0.537500 0.015987 0.010500
0 0.462948 0.539062 0.021982 0.015750
0 0.535803 0.551250 0.140883 0.046500
0 0.284763 0.561562 0.107910 0.071250
0 0.258535 0.542813 0.034971 0.026250
0 0.621149 0.571562 0.099917 0.096750
0 0.286844 0.533750 0.026978 0.009000
0 0.415903 0.536250 0.020983 0.018000
0 0.306411 0.531563 0.013988 0.008250
0 0.684430 0.556250 0.119900 0.073500
0 0.444213 0.533750 0.018984 0.028500
0 0.498335 0.536875 0.054954 0.039000
0 0.337635 0.533125 0.018984 0.031500
0 0.787261 0.524687 0.010991 0.012750
0 0.359284 0.535937 0.040966 0.041250
0 0.692756 0.527500 0.021982 0.027000
0 0.798085 0.532500 0.028976 0.042000
0 0.310991 0.519375 0.044963 0.013500
0 0.878851 0.516250 0.012989 0.007500
0 0.631557 0.521250 0.024979 0.024000
0 0.663614 0.520312 0.045962 0.023250
0 0.246461 0.520000 0.025978 0.024000
0 0.526644 0.516563 0.038968 0.021750
0 0.384679 0.517188 0.031973 0.026250
0 0.342215 0.512813 0.023980 0.015750
0 0.410075 0.521563 0.080933 0.038250
0 0.795171 0.509375 0.009992 0.012000
0 0.494588 0.511563 0.033972 0.018750
0 0.567860 0.515625 0.041965 0.037500
0 0.549958 0.503125 0.018984 0.012000
0 0.714405 0.510625 0.031973 0.037500
0 0.831807 0.501875 0.035970 0.021000
0 0.514155 0.499063 0.052956 0.018750
0 0.380516 0.504375 0.059950 0.031500
0 0.268943 0.510625 0.083930 0.046500
0 0.551207 0.493125 0.027977 0.009000
0 0.411740 0.494688 0.032973 0.020250
0 0.348043 0.498437 0.041965 0.030750
0 0.435887 0.494688 0.028976 0.024750
0 0.811407 0.494688 0.024979 0.029250
0 0.577019 0.490000 0.029975 0.019500
0 0.467527 0.506250 0.048959 0.058500
0 0.656536 0.495312 0.050958 0.035250
0 0.320983 0.495312 0.040966 0.041250
0 0.507077 0.486250 0.041965 0.024000
0 0.421732 0.480000 0.012989 0.009000
0 0.310158 0.478750 0.010991 0.007500
0 0.547460 0.481250 0.038968 0.015000
0 0.268526 0.478438 0.014988 0.008250
0 0.716903 0.475938 0.021982 0.011250
0 0.731890 0.471250 0.011990 0.007500
0 0.448376 0.475938 0.030974 0.018750
0 0.267277 0.470938 0.023980 0.009750
0 0.202748 0.479687 0.026978 0.030750
0 0.343880 0.471875 0.027977 0.022500
0 0.691091 0.465938 0.017985 0.009750
0 0.283930 0.460313 0.017985 0.009750
0 0.384679 0.472500 0.101915 0.045000
0 0.223147 0.476562 0.027977 0.054750
0 0.649042 0.458125 0.010991 0.012000
0 0.814738 0.455625 0.038968 0.018000
0 0.436303 0.455937 0.013988 0.027750
0 0.643214 0.447188 0.034971 0.012750
0 0.379684 0.453437 0.065945 0.027750
0 0.310158 0.467187 0.100916 0.060750
0 0.240633 0.449375 0.031973 0.018000
0 0.732306 0.497812 0.156869 0.138750
0 0.511657 0.443437 0.014988 0.008250
0 0.517485 0.460938 0.076936 0.054750
0 0.644879 0.437812 0.010991 0.008250
0 0.309326 0.442188 0.016986 0.020250
0 0.771440 0.476562 0.054954 0.105750
0 0.427977 0.437188 0.011990 0.011250
0 0.584929 0.439375 0.008993 0.018000
0 0.444213 0.435625 0.020983 0.012000
0 0.266445 0.459375 0.089925 0.070500
0 0.269775 0.437812 0.033972 0.018750
0 0.680683 0.453437 0.050958 0.065250
0 0.367610 0.438437 0.126894 0.032250
0 0.608659 0.446562 0.029975 0.053250
0 0.710241 0.444375 0.037968 0.058500
0 0.619067 0.421563 0.026978 0.008250
0 0.215237 0.427812 0.032973 0.026250
0 0.646961 0.426563 0.071940 0.035250
0 0.604496 0.474687 0.129892 0.150750
0 0.634471 0.413125 0.021982 0.007500
0 0.728976 0.424687 0.048959 0.044250
0 0.799334 0.414375 0.037968 0.022500
0 0.305579 0.417812 0.025978 0.032250
0 0.477935 0.412813 0.035970 0.023250
0 0.353872 0.407500 0.023980 0.010500
0 0.494172 0.438437 0.116903 0.090750
0 0.617818 0.411562 0.049958 0.027750
0 0.485012 0.403125 0.022981 0.013500
0 0.650708 0.406250 0.020983 0.024000
0 0.334305 0.409687 0.050958 0.035250
0 0.271857 0.411875 0.062948 0.042000
0 0.615321 0.400313 0.037968 0.021750
0 0.515404 0.393750 0.015987 0.015000
0 0.498751 0.391562 0.015987 0.011250
0 0.679017 0.405000 0.062948 0.048000
0 0.362614 0.392500 0.040966 0.022500
0 0.514155 0.383750 0.022981 0.009000
0 0.256869 0.410000 0.076936 0.073500
0 0.613239 0.383125 0.038968 0.012000
0 0.553705 0.382500 0.015987 0.012000
0 0.309326 0.389688 0.038968 0.033750
0 0.398834 0.390625 0.067943 0.049500
0 0.346378 0.378125 0.039967 0.022500
0 0.578268 0.395937 0.100916 0.092250
0 0.517069 0.373750 0.119900 0.046500
0 0.385928 0.364687 0.036969 0.024750
0 0.466278 0.364375 0.043963 0.030000
0 0.721066 0.358438 0.031973 0.026250
0 0.478768 0.347500 0.039967 0.015000
0 0.407161 0.350625 0.061948 0.033000
0 0.435054 0.379375 0.136886 0.133500
0 0.838468 0.329688 0.027977 0.023250
0 0.609908 0.327188 0.038968 0.023250
0 0.326811 0.318750 0.018984 0.021000
0 0.621149 0.316250 0.041965 0.019500
0 0.542048 0.296875 0.041965 0.018000
0 0.669442 0.268750 0.041965 0.021000
0 0.542048 0.261875 0.031973 0.030000
0 0.355537 0.236875 0.009992 0.013500
0 0.434638 0.233750 0.017985 0.007500
0 0.392173 0.215312 0.019983 0.009750
0 0.691923 0.190000 0.009992 0.013500
