0 0.905859 0.993125 0.021562 0.013750
0 0.389453 0.993125 0.019688 0.013750
0 0.662500 0.992500 0.033750 0.015000
0 0.514844 0.992188 0.015000 0.013750
0 0.256250 0.991875 0.009375 0.016250
0 0.046094 0.991875 0.013125 0.016250
0 0.711328 0.991250 0.014063 0.017500
0 0.582812 0.991667 0.013125 0.015000
0 0.625391 0.990625 0.019688 0.018750
0 0.323437 0.990625 0.020625 0.018750
0 0.825391 0.990000 0.014063 0.020000
0 0.593359 0.989375 0.017813 0.021250
0 0.546094 0.989375 0.033750 0.021250
0 0.957422 0.988542 0.015938 0.017500
0 0.302344 0.988750 0.026250 0.022500
0 0.285156 0.988125 0.013125 0.023750
0 0.166797 0.986458 0.008437 0.015000
0 0.837109 0.988542 0.010312 0.022500
0 0.035547 0.987500 0.015938 0.025000
0 0.894922 0.986875 0.025312 0.026250
0 0.077734 0.985417 0.017813 0.020000
0 0.096875 0.986458 0.024375 0.025000
0 0.131641 0.984375 0.029062 0.031250
0 0.985938 0.983854 0.028125 0.026250
0 0.115625 0.983750 0.024375 0.032500
0 0.046484 0.978646 0.014063 0.013750
0 0.875000 0.983125 0.026250 0.033750
0 0.925781 0.982500 0.022500 0.035000
0 0.699219 0.982500 0.020625 0.035000
0 0.193750 0.981875 0.045000 0.036250
0 0.031641 0.973437 0.015938 0.008750
0 0.426563 0.981250 0.076875 0.037500
0 0.279687 0.972917 0.013125 0.015000
0 0.785937 0.979375 0.028125 0.041250
0 0.221094 0.975000 0.009375 0.025000
0 0.008906 0.977500 0.017813 0.045000
0 0.458594 0.966146 0.015000 0.016250
0 0.803516 0.975000 0.032813 0.050000
0 0.233594 0.973750 0.024375 0.052500
0 0.080469 0.968750 0.015000 0.030000
0 0.993437 0.960938 0.013125 0.013750
0 0.096094 0.965104 0.015000 0.023750
0 0.025000 0.966146 0.022500 0.026250
0 0.065625 0.972917 0.018750 0.045000
0 0.871484 0.958854 0.012188 0.013750
0 0.801953 0.959375 0.019688 0.017500
0 0.343750 0.956250 0.011250 0.012500
0 0.199219 0.962500 0.028125 0.027500
0 0.150391 0.957812 0.012188 0.021250
0 0.108594 0.962500 0.022500 0.032500
0 0.731641 0.968750 0.062812 0.062500
0 0.697656 0.954688 0.022500 0.016250
0 0.218750 0.957292 0.007500 0.022500
0 0.372656 0.950521 0.011250 0.011250
0 0.129297 0.959896 0.027187 0.033750
0 0.490625 0.955208 0.030000 0.030000
0 0.086328 0.953646 0.014063 0.028750
0 0.605469 0.964375 0.045000 0.071250
0 0.989453 0.938542 0.014063 0.010000
0 0.956641 0.942187 0.014063 0.021250
0 0.678906 0.941667 0.016875 0.022500
0 0.474219 0.959375 0.046875 0.081250
0 0.256250 0.936979 0.013125 0.011250
0 0.139844 0.943750 0.007500 0.027500
0 0.100781 0.935417 0.015000 0.007500
0 0.733594 0.944271 0.024375 0.033750
0 0.014063 0.934375 0.028125 0.012500
0 0.149219 0.933854 0.007500 0.013750
0 0.473828 0.932813 0.014063 0.016250
0 0.248047 0.931250 0.010312 0.012500
0 0.658203 0.934896 0.030937 0.028750
0 0.442188 0.926042 0.013125 0.012500
0 0.239063 0.927604 0.009375 0.016250
0 0.973437 0.943750 0.033750 0.057500
0 0.983984 0.925521 0.008437 0.016250
0 0.769141 0.951250 0.060937 0.097500
0 0.673438 0.922396 0.011250 0.016250
0 0.014453 0.918750 0.015938 0.010000
0 0.080078 0.934375 0.036562 0.050000
0 0.750000 0.922396 0.016875 0.023750
0 0.252734 0.917188 0.019688 0.011250
0 0.915625 0.927604 0.030000 0.038750
0 0.830859 0.920312 0.012188 0.026250
0 0.707812 0.915104 0.013125 0.013750
0 0.454297 0.926042 0.014063 0.042500
0 0.307422 0.914583 0.012188 0.015000
0 0.657031 0.914583 0.015000 0.017500
0 0.491797 0.925000 0.025312 0.042500
0 0.310156 0.930729 0.065625 0.061250
0 0.051562 0.933333 0.043125 0.070000
0 0.039844 0.909896 0.013125 0.013750
0 0.119531 0.917188 0.082500 0.038750
0 0.692969 0.910417 0.013125 0.025000
0 0.030859 0.905729 0.012188 0.028750
0 0.567578 0.904167 0.017813 0.032500
0 0.318359 0.894271 0.010312 0.013750
0 0.008437 0.893229 0.016875 0.011250
0 0.710156 0.896875 0.013125 0.022500
0 0.721094 0.915625 0.060000 0.070000
0 0.804688 0.916146 0.065625 0.073750
0 0.476953 0.903125 0.040313 0.047500
0 0.597266 0.899479 0.053437 0.051250
0 0.812500 0.886458 0.011250 0.022500
0 0.052031 0.901563 0.104062 0.058750
0 0.800391 0.884896 0.017813 0.026250
0 0.778906 0.882812 0.015000 0.021250
0 0.258594 0.880729 0.009375 0.023750
0 0.096484 0.886979 0.055313 0.043750
0 0.980859 0.877604 0.017813 0.023750
0 0.543359 0.879167 0.014063 0.027500
0 0.993359 0.875521 0.010312 0.023750
0 0.650781 0.870313 0.011250 0.016250
0 0.930469 0.869271 0.011250 0.016250
0 0.794531 0.866667 0.022500 0.012500
0 0.765234 0.867708 0.015938 0.015000
0 0.754687 0.879167 0.024375 0.042500
0 0.116797 0.867188 0.008437 0.028750
0 0.055859 0.868229 0.017813 0.031250
0 0.777734 0.862500 0.012188 0.025000
0 0.254297 0.857292 0.015938 0.012500
0 0.976172 0.860938 0.010312 0.026250
0 0.942969 0.864583 0.016875 0.040000
0 0.989687 0.854167 0.020625 0.020000
0 0.760547 0.853125 0.012188 0.017500
0 0.906250 0.845313 0.009375 0.016250
0 0.926953 0.849479 0.042188 0.041250
0 0.747656 0.850000 0.018750 0.045000
0 0.897656 0.837500 0.007500 0.017500
0 0.020625 0.852083 0.041250 0.055000
0 0.954297 0.830729 0.010312 0.016250
0 0.034766 0.830729 0.027187 0.018750
0 0.869531 0.829167 0.024375 0.022500
0 0.771875 0.834896 0.033750 0.038750
0 0.725000 0.824479 0.015000 0.016250
0 0.619531 0.827083 0.011250 0.025000
0 0.926953 0.825000 0.015938 0.022500
0 0.814453 0.831771 0.038437 0.041250
0 0.543359 0.820833 0.029062 0.025000
0 0.762500 0.815625 0.009375 0.015000
0 0.539062 0.845313 0.065625 0.086250
0 0.944141 0.816146 0.014063 0.021250
0 0.048047 0.811458 0.014063 0.012500
0 0.914453 0.823438 0.036562 0.051250
0 0.955469 0.810417 0.009375 0.027500
0 0.710547 0.800000 0.012188 0.020000
0 0.508594 0.795833 0.011250 0.015000
0 0.578906 0.796354 0.011250 0.018750
0 0.193750 0.796354 0.009375 0.018750
0 0.989219 0.802083 0.021562 0.035000
0 0.091406 0.797917 0.013125 0.027500
0 0.041797 0.792188 0.017813 0.013750
0 0.745703 0.786979 0.014063 0.013750
0 0.610156 0.795833 0.024375 0.040000
0 0.968594 0.857812 0.062812 0.193750
0 0.103516 0.800521 0.032813 0.056250
0 0.993906 0.777604 0.012188 0.026250
0 0.630469 0.772917 0.015000 0.020000
0 0.883203 0.770833 0.017813 0.017500
0 0.505078 0.794271 0.040313 0.073750
0 0.798047 0.779167 0.036562 0.047500
0 0.717578 0.778125 0.027187 0.047500
0 0.756250 0.766146 0.026250 0.021250
0 0.713672 0.759375 0.010312 0.015000
0 0.677734 0.757292 0.023438 0.012500
0 0.109375 0.765104 0.022500 0.033750
0 0.096094 0.765104 0.026250 0.038750
0 0.682031 0.772917 0.056250 0.060000
0 0.938672 0.778646 0.072187 0.088750
0 0.326953 0.746875 0.014063 0.012500
0 0.757812 0.747396 0.013125 0.016250
0 0.707812 0.744792 0.020625 0.017500
0 0.423047 0.742708 0.019688 0.012500
0 0.008437 0.754687 0.016875 0.041250
0 0.798047 0.745313 0.017813 0.023750
0 0.751563 0.744271 0.015000 0.021250
0 0.626172 0.735938 0.015938 0.018750
0 0.308984 0.735417 0.019688 0.020000
0 0.941797 0.736979 0.015938 0.026250
0 0.417578 0.731250 0.010312 0.017500
0 0.178125 0.728125 0.020625 0.010000
0 0.141406 0.728125 0.015000 0.015000
0 0.331641 0.730729 0.014063 0.023750
0 0.886719 0.771354 0.073125 0.138750
0 0.808984 0.726042 0.040313 0.030000
0 0.882812 0.825625 0.195000 0.348750
0 0.201563 0.711979 0.015000 0.018750
0 0.134766 0.707292 0.014063 0.010000
0 0.853125 0.711458 0.015000 0.025000
0 0.475391 0.710417 0.023438 0.022500
0 0.993437 0.707292 0.013125 0.020000
0 0.400391 0.711979 0.032813 0.043750
0 0.039453 0.741667 0.055313 0.125000
0 0.200391 0.697396 0.012188 0.031250
0 0.892578 0.687500 0.015938 0.012500
0 0.051562 0.692708 0.018750 0.025000
0 0.344141 0.696875 0.038437 0.045000
0 0.815234 0.694792 0.045937 0.042500
0 0.015938 0.707292 0.031875 0.072500
0 0.368750 0.686458 0.030000 0.027500
0 0.028516 0.680208 0.012188 0.015000
0 0.170313 0.702604 0.063750 0.076250
0 0.769922 0.722917 0.066562 0.130000
0 0.890234 0.673438 0.017813 0.018750
0 0.417187 0.671354 0.011250 0.016250
0 0.315234 0.669271 0.023438 0.018750
0 0.280859 0.663021 0.010312 0.013750
0 0.265234 0.675521 0.023438 0.043750
0 0.894922 0.660417 0.015938 0.010000
0 0.787109 0.663021 0.015938 0.018750
0 0.016875 0.666667 0.033750 0.027500
0 0.199219 0.672917 0.022500 0.045000
0 0.042969 0.673438 0.028125 0.048750
0 0.162656 0.789583 0.325313 0.337500
0 0.833984 0.678125 0.062812 0.072500
0 0.824609 0.653646 0.014063 0.013750
0 0.265234 0.648958 0.027187 0.015000
0 0.943359 0.644271 0.014063 0.018750
0 0.872656 0.663021 0.028125 0.066250
0 0.033594 0.643750 0.054375 0.042500
0 0.473438 0.636458 0.020625 0.027500
0 0.308594 0.633333 0.009375 0.022500
0 0.890625 0.639062 0.020625 0.038750
0 0.296484 0.626563 0.010312 0.011250
0 0.051953 0.628125 0.008437 0.020000
0 0.400781 0.627083 0.015000 0.022500
0 0.806641 0.626563 0.027187 0.023750
0 0.387109 0.639583 0.030937 0.055000
0 0.106250 0.625521 0.018750 0.021250
0 0.216016 0.623437 0.017813 0.018750
0 0.040234 0.619792 0.017813 0.012500
0 0.448047 0.628125 0.032813 0.040000
0 0.799219 0.649479 0.101250 0.096250
0 0.388281 0.610417 0.013125 0.010000
0 0.285547 0.608854 0.014063 0.011250
0 0.971094 0.613021 0.022500 0.028750
0 0.415625 0.615625 0.048750 0.042500
0 0.494922 0.608854 0.019688 0.033750
0 0.709766 0.608854 0.025312 0.041250
0 0.412500 0.598437 0.016875 0.016250
0 0.057031 0.603646 0.015000 0.036250
0 0.313672 0.595313 0.019688 0.023750
0 0.111328 0.598958 0.032813 0.040000
0 0.022266 0.603646 0.032813 0.053750
0 0.835547 0.615104 0.030937 0.083750
0 0.187109 0.585417 0.021562 0.012500
0 0.081641 0.609375 0.057188 0.077500
0 0.985938 0.586458 0.015000 0.030000
0 0.869531 0.614583 0.060000 0.100000
0 0.176953 0.576562 0.021562 0.011250
0 0.259375 0.578646 0.013125 0.018750
0 0.036328 0.591146 0.036562 0.048750
0 0.322656 0.593229 0.037500 0.061250
0 0.132812 0.575000 0.013125 0.020000
0 0.341016 0.569792 0.010312 0.012500
0 0.276172 0.615104 0.085312 0.126250
0 0.859375 0.561979 0.020625 0.023750
0 0.625000 0.557292 0.013125 0.012500
0 0.519531 0.562500 0.015000 0.027500
0 0.057422 0.567187 0.036562 0.048750
0 0.646484 0.551042 0.012188 0.017500
0 0.539062 0.556771 0.024375 0.036250
0 0.153906 0.550000 0.016875 0.020000
0 0.855078 0.546875 0.025312 0.015000
0 0.294141 0.548958 0.021562 0.022500
0 0.030469 0.548438 0.028125 0.023750
0 0.321484 0.552604 0.040313 0.038750
0 0.322266 0.540104 0.014063 0.021250
0 0.341406 0.537500 0.018750 0.022500
0 0.152344 0.533854 0.013125 0.013750
0 0.882422 0.556250 0.051562 0.077500
0 0.233203 0.573438 0.126562 0.121250
0 0.219141 0.519792 0.014063 0.010000
0 0.626172 0.517708 0.017813 0.017500
0 0.375391 0.520833 0.014063 0.025000
0 0.767578 0.520833 0.030937 0.032500
0 0.815234 0.546875 0.079687 0.097500
0 0.515625 0.520833 0.026250 0.042500
0 0.499609 0.507292 0.019688 0.010000
0 0.067578 0.506771 0.019688 0.011250
0 0.855469 0.522917 0.041250 0.055000
0 0.200781 0.505729 0.013125 0.023750
0 0.042188 0.505208 0.018750 0.022500
0 0.497266 0.496354 0.015938 0.013750
0 0.308594 0.495833 0.011250 0.015000
0 0.020156 0.534896 0.040313 0.108750
0 0.453516 0.492708 0.023438 0.012500
0 0.650000 0.491667 0.009375 0.012500
0 0.328906 0.498958 0.016875 0.030000
0 0.031250 0.492188 0.011250 0.013750
0 0.188672 0.493229 0.010312 0.018750
0 0.237109 0.489063 0.010312 0.013750
0 0.526953 0.488021 0.017813 0.016250
0 0.816406 0.503646 0.048750 0.083750
0 0.406250 0.574479 0.234375 0.253750
0 0.221094 0.494271 0.030000 0.061250
0 0.827734 0.467708 0.010312 0.012500
0 0.725781 0.471354 0.013125 0.023750
0 0.100781 0.466667 0.013125 0.015000
0 0.845703 0.465625 0.014063 0.015000
0 0.023047 0.464583 0.014063 0.015000
0 0.858594 0.484896 0.080625 0.066250
0 0.063672 0.488021 0.070312 0.076250
0 0.817187 0.460417 0.018750 0.012500
0 0.326953 0.493750 0.075938 0.092500
0 0.504297 0.476042 0.045937 0.057500
0 0.015938 0.477083 0.031875 0.060000
0 0.412891 0.459375 0.019688 0.025000
0 0.989844 0.468229 0.018750 0.048750
0 0.887891 0.459375 0.014063 0.027500
0 0.086719 0.451562 0.016875 0.016250
0 0.026172 0.452083 0.014063 0.017500
0 0.216797 0.452083 0.010312 0.020000
0 0.842969 0.452604 0.030000 0.026250
0 0.533203 0.461458 0.027187 0.047500
0 0.970313 0.448958 0.022500 0.022500
0 0.947656 0.444271 0.018750 0.013750
0 0.540625 0.449479 0.015000 0.028750
0 0.407422 0.443750 0.021562 0.015000
0 0.819922 0.444271 0.027187 0.023750
0 0.994844 0.437500 0.010312 0.012500
0 0.071484 0.451042 0.049687 0.047500
0 0.209375 0.436979 0.005625 0.021250
0 0.976562 0.432292 0.009375 0.015000
0 0.900000 0.431250 0.013125 0.012500
0 0.262109 0.433854 0.021562 0.018750
0 0.204297 0.432812 0.010312 0.021250
0 0.945312 0.427083 0.013125 0.012500
0 0.009844 0.441146 0.019688 0.048750
0 0.918437 0.596875 0.163125 0.430000
0 0.443750 0.420312 0.013125 0.013750
0 0.078906 0.422917 0.016875 0.020000
0 0.262109 0.487500 0.122812 0.177500
0 0.198437 0.455208 0.033750 0.100000
0 0.236719 0.419271 0.018750 0.016250
0 0.518750 0.417187 0.013125 0.018750
0 0.994141 0.418750 0.010312 0.025000
0 0.915625 0.409375 0.015000 0.010000
0 0.688281 0.413542 0.018750 0.020000
0 0.971094 0.411458 0.022500 0.017500
0 0.012109 0.409896 0.010312 0.018750
0 0.474609 0.409896 0.027187 0.026250
0 0.042188 0.425000 0.069375 0.070000
0 0.214453 0.403646 0.015938 0.021250
0 0.993906 0.400000 0.012188 0.015000
0 0.229297 0.401042 0.014063 0.017500
0 0.717578 0.392708 0.008437 0.012500
0 0.656250 0.391146 0.013125 0.021250
0 0.028516 0.393229 0.034687 0.028750
0 0.324609 0.392188 0.015938 0.031250
0 0.097656 0.388542 0.026250 0.040000
0 0.229687 0.384375 0.033750 0.035000
0 0.619141 0.375521 0.010312 0.016250
0 0.658594 0.373958 0.015000 0.017500
0 0.583984 0.370833 0.014063 0.015000
0 0.402734 0.375521 0.029062 0.026250
0 0.682422 0.368229 0.010312 0.013750
0 0.303125 0.365104 0.013125 0.011250
0 0.415234 0.363542 0.012188 0.012500
0 0.196484 0.394271 0.047812 0.086250
0 0.034375 0.373437 0.043125 0.036250
0 0.675391 0.361458 0.015938 0.020000
0 0.690625 0.359375 0.013125 0.017500
0 0.126562 0.367188 0.037500 0.048750
0 0.118359 0.354167 0.012188 0.017500
0 0.301953 0.368750 0.044062 0.055000
0 0.885156 0.356250 0.024375 0.027500
0 0.727734 0.355208 0.021562 0.025000
0 0.650391 0.345833 0.012188 0.010000
0 0.235547 0.357292 0.047812 0.037500
0 0.577734 0.348958 0.006563 0.020000
0 0.985938 0.363542 0.022500 0.072500
0 0.830469 0.335417 0.015000 0.012500
0 0.903906 0.335417 0.018750 0.020000
0 0.677734 0.339583 0.030937 0.032500
0 0.405469 0.334375 0.007500 0.020000
0 0.337891 0.333333 0.015938 0.020000
0 0.924609 0.347396 0.042188 0.058750
0 0.392578 0.335938 0.029062 0.036250
0 0.850000 0.332292 0.028125 0.035000
0 0.032422 0.340625 0.036562 0.060000
0 0.193359 0.332813 0.019688 0.043750
0 0.861719 0.317708 0.013125 0.010000
0 0.273828 0.320833 0.008437 0.020000
0 0.461328 0.318229 0.014063 0.016250
0 0.956250 0.321354 0.007500 0.026250
0 0.688281 0.321875 0.018750 0.040000
0 0.171094 0.319792 0.035625 0.035000
0 0.576562 0.313542 0.020625 0.027500
0 0.142969 0.391667 0.142500 0.217500
0 0.328125 0.309896 0.020625 0.023750
0 0.607812 0.307292 0.013125 0.022500
0 0.826172 0.302083 0.012188 0.012500
0 0.006094 0.297396 0.012188 0.011250
0 0.195703 0.298958 0.019688 0.017500
0 0.076172 0.355208 0.075938 0.155000
0 0.145313 0.294792 0.013125 0.012500
0 0.592578 0.313542 0.030937 0.060000
0 0.415234 0.314063 0.025312 0.061250
0 0.111719 0.294271 0.009375 0.016250
0 0.034766 0.302083 0.030937 0.035000
0 0.157422 0.296354 0.015938 0.026250
0 0.221875 0.321875 0.069375 0.092500
0 0.051562 0.309375 0.031875 0.065000
0 0.182031 0.291146 0.026250 0.023750
0 0.865625 0.286979 0.016875 0.016250
0 0.883281 0.369271 0.233438 0.216250
0 0.714063 0.289583 0.016875 0.025000
0 0.894141 0.288021 0.021562 0.031250
0 0.139453 0.294271 0.032813 0.046250
0 0.628125 0.331771 0.084375 0.141250
0 0.856641 0.302083 0.075938 0.072500
0 0.442578 0.290625 0.034687 0.045000
0 0.169141 0.279167 0.017813 0.025000
0 0.098437 0.282813 0.020625 0.036250
0 0.223047 0.275000 0.017813 0.022500
0 0.038281 0.278125 0.020625 0.030000
0 0.496484 0.293229 0.040313 0.068750
0 0.706641 0.277083 0.029062 0.032500
0 0.419531 0.281771 0.026250 0.043750
0 0.067578 0.273438 0.014063 0.031250
0 0.666797 0.265104 0.017813 0.013750
0 0.499219 0.267708 0.011250 0.020000
0 0.240234 0.270833 0.021562 0.032500
0 0.176953 0.264583 0.015938 0.022500
0 0.084375 0.277083 0.033750 0.052500
0 0.113281 0.258333 0.013125 0.012500
0 0.058984 0.267708 0.025312 0.035000
0 0.037891 0.257292 0.019688 0.022500
0 0.048438 0.255729 0.015000 0.023750
0 0.809375 0.270313 0.052500 0.066250
0 0.808984 0.247396 0.014063 0.016250
0 0.066016 0.248958 0.021562 0.020000
0 0.393750 0.276042 0.054375 0.095000
0 0.820703 0.241146 0.012188 0.013750
0 0.745313 0.298438 0.131250 0.151250
0 0.665625 0.244271 0.018750 0.023750
0 0.430469 0.248438 0.028125 0.033750
0 0.010547 0.241146 0.012188 0.018750
0 0.851562 0.258854 0.050625 0.071250
0 0.675781 0.235417 0.009375 0.017500
0 0.920312 0.231771 0.007500 0.016250
0 0.803125 0.233333 0.020625 0.020000
0 0.420312 0.229687 0.011250 0.023750
0 0.306250 0.228125 0.020625 0.020000
0 0.330078 0.223958 0.010312 0.015000
0 0.320703 0.223958 0.008437 0.015000
0 0.210547 0.229687 0.023438 0.028750
0 0.819531 0.223438 0.020625 0.026250
0 0.831641 0.217708 0.021562 0.027500
0 0.275391 0.281250 0.162187 0.195000
0 0.388672 0.221354 0.066562 0.053750
0 0.645703 0.205208 0.010312 0.017500
0 0.633984 0.205208 0.023438 0.027500
0 0.300000 0.210938 0.031875 0.041250
0 0.082031 0.200000 0.030000 0.020000
0 0.369922 0.365104 0.321562 0.423750
0 0.172656 0.196354 0.011250 0.018750
0 0.291797 0.200521 0.025312 0.036250
0 0.026172 0.192188 0.006563 0.018750
0 0.912109 0.183854 0.014063 0.011250
0 0.327734 0.185938 0.014063 0.018750
0 0.337109 0.189062 0.008437 0.028750
0 0.889453 0.197917 0.068437 0.052500
0 0.144531 0.182812 0.016875 0.021250
0 0.603125 0.183854 0.035625 0.026250
0 0.007969 0.175000 0.015938 0.017500
0 0.788281 0.202083 0.086250 0.085000
0 0.061719 0.171875 0.013125 0.015000
0 0.073828 0.176042 0.012188 0.027500
0 0.302734 0.182812 0.044062 0.051250
0 0.202344 0.170833 0.033750 0.022500
0 0.308984 0.168750 0.025312 0.030000
0 0.254688 0.194271 0.071250 0.093750
0 0.781641 0.172396 0.042188 0.043750
0 0.289453 0.162500 0.010312 0.020000
0 0.975625 0.170833 0.048750 0.045000
0 0.555469 0.157812 0.024375 0.013750
0 0.381250 0.182812 0.076875 0.073750
0 0.928516 0.163542 0.010312 0.030000
0 0.339844 0.163542 0.015000 0.030000
0 0.331641 0.163021 0.012188 0.033750
0 0.070703 0.156771 0.014063 0.018750
0 0.906641 0.165104 0.036562 0.043750
0 0.105469 0.153646 0.013125 0.016250
0 0.315234 0.153646 0.023438 0.026250
0 0.873437 0.148438 0.011250 0.018750
0 0.293359 0.144792 0.010312 0.012500
0 0.223047 0.144271 0.014063 0.013750
0 0.163281 0.150521 0.018750 0.028750
0 0.278906 0.149479 0.022500 0.031250
0 0.669531 0.142708 0.016875 0.017500
0 0.511328 0.146875 0.012188 0.027500
0 0.190625 0.177083 0.082500 0.102500
0 0.148047 0.143229 0.032813 0.026250
0 0.250391 0.139063 0.010312 0.018750
0 0.706250 0.133333 0.013125 0.015000
0 0.626563 0.139583 0.013125 0.030000
0 0.346094 0.146875 0.043125 0.050000
0 0.637500 0.133333 0.011250 0.020000
0 0.751172 0.146875 0.066562 0.057500
0 0.409375 0.129167 0.013125 0.015000
0 0.546094 0.142708 0.041250 0.050000
0 0.054688 0.129688 0.013125 0.021250
0 0.980781 0.140104 0.038437 0.048750
0 0.522656 0.132812 0.022500 0.036250
0 0.354297 0.117188 0.015938 0.016250
0 0.337500 0.119271 0.022500 0.026250
0 0.326953 0.113021 0.021562 0.018750
0 0.261328 0.118229 0.017813 0.031250
0 0.919141 0.111458 0.019688 0.017500
0 0.837891 0.114583 0.023438 0.025000
0 0.675781 0.109375 0.009375 0.012500
0 0.691797 0.110937 0.021562 0.021250
0 0.921250 0.217188 0.157500 0.288750
0 0.669531 0.103646 0.011250 0.016250
0 0.199609 0.105729 0.012188 0.021250
0 0.319531 0.101562 0.013125 0.016250
0 0.872656 0.103646 0.013125 0.023750
0 0.860938 0.128646 0.035625 0.088750
0 0.849219 0.096875 0.016875 0.015000
0 0.817578 0.113021 0.042188 0.056250
0 0.683594 0.122396 0.099375 0.078750
0 0.833594 0.093750 0.016875 0.015000
0 0.177344 0.093229 0.009375 0.016250
0 0.276953 0.120313 0.051562 0.083750
0 0.371484 0.097917 0.027187 0.032500
0 0.129688 0.201563 0.228750 0.283750
0 0.540625 0.087500 0.007500 0.012500
0 0.965625 0.091146 0.020625 0.023750
0 0.007031 0.092708 0.014063 0.027500
0 0.824219 0.178646 0.238125 0.241250
0 0.362500 0.083854 0.015000 0.016250
0 0.718359 0.083333 0.014063 0.025000
0 0.197266 0.079687 0.008437 0.016250
0 0.983203 0.079687 0.021562 0.018750
0 0.742188 0.079687 0.015000 0.021250
0 0.905078 0.076042 0.015938 0.017500
0 0.725391 0.072917 0.021562 0.012500
0 0.114844 0.075000 0.013125 0.017500
0 0.390625 0.116667 0.065625 0.125000
0 0.757031 0.072917 0.007500 0.022500
0 0.104297 0.070312 0.014063 0.016250
0 0.670312 0.073438 0.013125 0.033750
0 0.973047 0.067708 0.021562 0.022500
0 0.595313 0.071875 0.041250 0.032500
0 0.733984 0.063021 0.019688 0.013750
0 0.330078 0.103646 0.092812 0.113750
0 0.008906 0.067187 0.017813 0.026250
0 0.814453 0.061458 0.021562 0.015000
0 0.207422 0.062500 0.023438 0.020000
0 0.605469 0.059375 0.009375 0.017500
0 0.080078 0.088542 0.060937 0.087500
0 0.936719 0.061979 0.020625 0.026250
0 0.709766 0.061979 0.017813 0.028750
0 0.630469 0.057813 0.009375 0.018750
0 0.957812 0.064062 0.028125 0.036250
0 0.167578 0.096875 0.113437 0.117500
0 0.697656 0.076563 0.061875 0.071250
0 0.566797 0.057813 0.014063 0.026250
0 0.418750 0.050000 0.015000 0.007500
0 0.944141 0.050521 0.010312 0.016250
0 0.273047 0.054688 0.017813 0.026250
0 0.601953 0.051562 0.014063 0.021250
0 0.190625 0.053646 0.015000 0.028750
0 0.505859 0.047917 0.015938 0.017500
0 0.560547 0.044271 0.014063 0.011250
0 0.931641 0.048958 0.010312 0.025000
0 0.485938 0.046875 0.026250 0.020000
0 0.151953 0.047396 0.021562 0.021250
0 0.662109 0.048958 0.021562 0.027500
0 0.414844 0.055729 0.041250 0.051250
0 0.778125 0.040625 0.026250 0.017500
0 0.648047 0.064583 0.040313 0.075000
0 0.348438 0.045833 0.031875 0.032500
0 0.981641 0.041667 0.025312 0.025000
0 0.293359 0.038542 0.012188 0.017500
0 0.032422 0.042708 0.015938 0.032500
0 0.619141 0.051562 0.023438 0.056250
0 0.965625 0.035417 0.009375 0.022500
0 0.940234 0.034375 0.012188 0.020000
0 0.611719 0.032813 0.009375 0.016250
0 0.547266 0.031250 0.012188 0.012500
0 0.046094 0.039062 0.016875 0.031250
0 0.249609 0.104167 0.207187 0.192500
0 0.235937 0.046875 0.022500 0.055000
0 0.975000 0.030208 0.013125 0.017500
0 0.792578 0.028646 0.014063 0.013750
0 0.566406 0.030729 0.015000 0.018750
0 0.482344 0.586250 0.964687 1.000000
0 0.317969 0.031250 0.018750 0.022500
0 0.591016 0.039583 0.040313 0.047500
0 0.411719 0.025000 0.016875 0.015000
0 0.117969 0.053125 0.063750 0.082500
0 0.018359 0.031771 0.032813 0.036250
0 0.912500 0.026042 0.011250 0.025000
0 0.082812 0.034375 0.033750 0.047500
0 0.071094 0.018229 0.013125 0.013750
0 0.350000 0.026562 0.015000 0.036250
0 0.500781 0.025000 0.037500 0.035000
0 0.417578 0.013021 0.015938 0.008750
0 0.551953 0.016146 0.017813 0.018750
0 0.819141 0.031771 0.034687 0.061250
0 0.784375 0.014063 0.013125 0.026250
0 0.080859 0.009896 0.021562 0.016250
0 0.981250 0.025000 0.037500 0.050000
0 0.966406 0.015000 0.020625 0.030000
0 0.953125 0.031875 0.028125 0.063750
0 0.927734 0.021250 0.030937 0.042500
0 0.902734 0.039375 0.057188 0.078750
0 0.876953 0.008750 0.012188 0.017500
0 0.847656 0.010000 0.013125 0.020000
0 0.858984 0.031250 0.060937 0.062500
0 0.800000 0.015625 0.024375 0.031250
0 0.774219 0.018125 0.020625 0.036250
0 0.736719 0.025000 0.035625 0.050000
0 0.695703 0.008125 0.025312 0.016250
0 0.675391 0.012500 0.025312 0.025000
0 0.646094 0.007500 0.016875 0.015000
0 0.531641 0.010625 0.015938 0.021250
0 0.519922 0.019375 0.047812 0.038750
0 0.452734 0.034375 0.070312 0.068750
0 0.426172 0.005625 0.010312 0.011250
0 0.414453 0.005625 0.010312 0.011250
0 0.382422 0.048125 0.045937 0.096250
0 0.365234 0.030000 0.023438 0.060000
0 0.329688 0.023125 0.039375 0.046250
0 0.273438 0.039375 0.090000 0.078750
0 0.220703 0.021875 0.045937 0.043750
0 0.192578 0.033750 0.040313 0.067500
0 0.151562 0.006250 0.018750 0.012500
0 0.151953 0.030000 0.072187 0.060000
0 0.112109 0.010000 0.012188 0.020000
0 0.099219 0.015000 0.022500 0.030000
0 0.030859 0.015625 0.034687 0.031250
