0 0.941250 0.982000 0.063000 0.036000
0 0.857500 0.980500 0.024000 0.039000
0 0.796250 0.979000 0.051000 0.042000
0 0.970000 0.947500 0.060000 0.084000
0 0.715000 0.916250 0.114000 0.111000
0 0.613750 0.848750 0.135000 0.081000
0 0.821250 0.888750 0.231000 0.189000
0 0.790000 0.810000 0.072000 0.066000
0 0.917500 0.821250 0.165000 0.195000
0 0.585000 0.756250 0.054000 0.087000
0 0.982000 0.733750 0.036000 0.045000
0 0.740000 0.778750 0.090000 0.153000
0 0.898750 0.735000 0.081000 0.078000
0 0.432500 0.726250 0.120000 0.099000
0 0.506250 0.751250 0.141000 0.195000
0 0.663750 0.738750 0.099000 0.189000
0 0.830000 0.693750 0.084000 0.093000
0 0.751250 0.677500 0.099000 0.084000
0 0.600000 0.656250 0.048000 0.063000
0 0.570000 0.670000 0.120000 0.102000
0 0.500000 0.627500 0.060000 0.024000
0 0.961000 0.626250 0.078000 0.051000
0 0.547500 0.610000 0.036000 0.036000
0 0.920500 0.648750 0.159000 0.147000
0 0.680000 0.618750 0.132000 0.075000
0 0.472500 0.601250 0.096000 0.135000
0 0.673750 0.556250 0.075000 0.063000
0 0.401250 0.563750 0.099000 0.123000
0 0.892000 0.555000 0.216000 0.108000
0 0.967000 0.516250 0.066000 0.039000
0 0.772500 0.573750 0.186000 0.201000
0 0.496250 0.505000 0.081000 0.084000
0 0.906250 0.475000 0.105000 0.066000
0 0.748750 0.435000 0.045000 0.054000
0 0.688750 0.453750 0.075000 0.099000
0 0.622500 0.440000 0.072000 0.078000
0 0.820000 0.446250 0.096000 0.135000
0 0.473750 0.425000 0.099000 0.090000
0 0.883750 0.410000 0.069000 0.066000
0 0.959500 0.437500 0.081000 0.144000
0 0.662500 0.392500 0.048000 0.072000
0 0.580000 0.490000 0.156000 0.318000
0 0.871250 0.337500 0.099000 0.084000
0 0.517500 0.336250 0.090000 0.111000
0 0.812500 0.296250 0.060000 0.033000
0 0.621250 0.322500 0.045000 0.108000
0 0.430000 0.327500 0.102000 0.120000
0 0.980500 0.263750 0.039000 0.045000
0 0.917500 0.288750 0.096000 0.141000
0 0.707500 0.317500 0.168000 0.222000
0 0.782500 0.227500 0.084000 0.060000
0 0.641250 0.235000 0.111000 0.084000
0 0.942500 0.180000 0.048000 0.042000
0 0.881250 0.212500 0.099000 0.132000
0 0.982000 0.172500 0.036000 0.048000
0 0.803750 0.180000 0.117000 0.096000
0 0.957500 0.145000 0.042000 0.030000
0 0.717500 0.130000 0.150000 0.204000
0 0.781250 0.081250 0.111000 0.141000
0 0.931000 0.088500 0.138000 0.177000
0 0.882500 0.042000 0.030000 0.084000
0 0.846250 0.045000 0.057000 0.090000
0 0.782500 0.019500 0.042000 0.039000
