0 0.454688 0.913021 0.037500 0.046250
0 0.090937 0.926875 0.181875 0.146250
0 0.307031 0.893229 0.039375 0.038750
0 0.430859 0.863021 0.040313 0.026250
0 0.433984 0.849479 0.019688 0.008750
0 0.538281 0.801562 0.011250 0.026250
0 0.364453 0.805729 0.051562 0.056250
0 0.361328 0.784375 0.012188 0.017500
0 0.504297 0.780729 0.029062 0.018750
0 0.526563 0.777604 0.020625 0.026250
0 0.559375 0.789583 0.035625 0.082500
0 0.151172 0.767188 0.029062 0.038750
0 0.539844 0.766146 0.011250 0.038750
0 0.589453 0.774479 0.051562 0.081250
0 0.587109 0.738542 0.008437 0.015000
0 0.571875 0.740625 0.024375 0.020000
0 0.432422 0.734375 0.036562 0.022500
0 0.635156 0.740104 0.041250 0.038750
0 0.505078 0.729688 0.014063 0.013750
0 0.483984 0.744271 0.029062 0.048750
0 0.681641 0.735417 0.015938 0.040000
0 0.710938 0.732292 0.043125 0.035000
0 0.667188 0.732292 0.020625 0.037500
0 0.262109 0.729167 0.019688 0.030000
0 0.547266 0.735938 0.027187 0.048750
0 0.561719 0.720313 0.013125 0.013750
0 0.270703 0.730208 0.023438 0.042500
0 0.459766 0.727604 0.038437 0.043750
0 0.741016 0.720313 0.042188 0.036250
0 0.586719 0.715625 0.022500 0.027500
0 0.520703 0.734896 0.051562 0.073750
0 0.628125 0.717187 0.028125 0.033750
0 0.606250 0.711458 0.020625 0.025000
0 0.430859 0.704688 0.014063 0.013750
0 0.695312 0.706250 0.020625 0.032500
0 0.455078 0.707292 0.019688 0.040000
0 0.647656 0.698438 0.018750 0.026250
0 0.367969 0.698438 0.022500 0.026250
0 0.724219 0.703646 0.037500 0.048750
0 0.555469 0.696875 0.026250 0.037500
0 0.470703 0.692187 0.012188 0.031250
0 0.629687 0.685417 0.018750 0.020000
0 0.700781 0.680729 0.018750 0.016250
0 0.719141 0.675000 0.023438 0.017500
0 0.743359 0.678125 0.029062 0.030000
0 0.500781 0.686979 0.039375 0.051250
0 0.323047 0.677604 0.030937 0.031250
0 0.702734 0.670312 0.014063 0.016250
0 0.407031 0.703125 0.103125 0.102500
0 0.652734 0.671354 0.023438 0.031250
0 0.343750 0.664583 0.011250 0.020000
0 0.603125 0.668750 0.016875 0.032500
0 0.382422 0.668229 0.015938 0.031250
0 0.674609 0.682813 0.038437 0.078750
0 0.522656 0.672396 0.045000 0.058750
0 0.773438 0.665104 0.035625 0.043750
0 0.585938 0.670312 0.041250 0.056250
0 0.297266 0.661979 0.021562 0.038750
0 0.498437 0.652083 0.011250 0.022500
0 0.748047 0.651563 0.008437 0.026250
0 0.452344 0.645312 0.018750 0.013750
0 0.537109 0.654687 0.029062 0.041250
0 0.560156 0.656771 0.024375 0.051250
0 0.308984 0.648438 0.010312 0.041250
0 0.658984 0.642188 0.036562 0.028750
0 0.588672 0.638021 0.019688 0.018750
0 0.715234 0.640104 0.025312 0.028750
0 0.694141 0.639583 0.017813 0.032500
0 0.546094 0.629167 0.018750 0.012500
0 0.402734 0.628646 0.015938 0.011250
0 0.304297 0.629167 0.014063 0.012500
0 0.611719 0.636979 0.022500 0.033750
0 0.324609 0.632812 0.023438 0.026250
0 0.562109 0.625521 0.010312 0.016250
0 0.754687 0.626042 0.031875 0.022500
0 0.679297 0.631771 0.015938 0.038750
0 0.457422 0.655208 0.079687 0.095000
0 0.351172 0.626042 0.034687 0.025000
0 0.636328 0.633854 0.015938 0.046250
0 0.580469 0.619271 0.026250 0.016250
0 0.502734 0.627083 0.025312 0.035000
0 0.195703 0.625000 0.034687 0.040000
0 0.698828 0.614062 0.027187 0.016250
0 0.725781 0.617708 0.033750 0.030000
0 0.288672 0.615104 0.023438 0.026250
0 0.368750 0.606250 0.011250 0.025000
0 0.528125 0.616667 0.037500 0.062500
0 0.411328 0.622396 0.036562 0.076250
0 0.770312 0.604167 0.028125 0.040000
0 0.488281 0.605208 0.054375 0.047500
0 0.614844 0.602604 0.058125 0.046250
0 0.296094 0.592708 0.009375 0.022500
0 0.668359 0.603646 0.074063 0.053750
0 0.555469 0.598437 0.015000 0.041250
0 0.266016 0.614583 0.044062 0.080000
0 0.235547 0.588021 0.015938 0.021250
0 0.374219 0.622396 0.054375 0.108750
0 0.358984 0.585417 0.014063 0.020000
0 0.727344 0.581771 0.026250 0.021250
0 0.326953 0.576562 0.015938 0.021250
0 0.221875 0.578125 0.013125 0.030000
0 0.646875 0.578125 0.028125 0.035000
0 0.256641 0.575521 0.027187 0.031250
0 0.460938 0.566146 0.018750 0.011250
0 0.753125 0.584896 0.030000 0.063750
0 0.475000 0.584896 0.050625 0.066250
0 0.313672 0.588021 0.042188 0.073750
0 0.584766 0.575521 0.038437 0.051250
0 0.664062 0.558854 0.018750 0.013750
0 0.410938 0.569792 0.026250 0.045000
0 0.392969 0.563021 0.011250 0.031250
0 0.626172 0.565625 0.055313 0.040000
0 0.433594 0.562500 0.028125 0.032500
0 0.797266 0.571354 0.027187 0.056250
0 0.718750 0.568750 0.043125 0.055000
0 0.537891 0.569792 0.053437 0.057500
0 0.503906 0.556250 0.013125 0.025000
0 0.693359 0.553646 0.008437 0.023750
0 0.574219 0.551042 0.011250 0.020000
0 0.306641 0.545833 0.017813 0.015000
0 0.642578 0.544792 0.032813 0.015000
0 0.187109 0.552083 0.038437 0.032500
0 0.774609 0.559896 0.017813 0.053750
0 0.284766 0.564063 0.029062 0.063750
0 0.481250 0.548958 0.024375 0.030000
0 0.404687 0.544271 0.060000 0.031250
0 0.689063 0.543229 0.035625 0.033750
0 0.460156 0.533333 0.018750 0.020000
0 0.494141 0.528646 0.008437 0.016250
0 0.328516 0.543750 0.019688 0.052500
0 0.745703 0.535937 0.019688 0.038750
0 0.712891 0.533333 0.030937 0.032500
0 0.662109 0.527083 0.008437 0.017500
0 0.285547 0.525521 0.019688 0.018750
0 0.559375 0.526563 0.028125 0.031250
0 0.397656 0.519271 0.018750 0.013750
0 0.210938 0.524479 0.013125 0.028750
0 0.583594 0.523438 0.026250 0.031250
0 0.446875 0.515625 0.024375 0.015000
0 0.351172 0.517188 0.015938 0.018750
0 0.225781 0.521354 0.011250 0.028750
0 0.308203 0.518229 0.036562 0.028750
0 0.523828 0.523958 0.012188 0.045000
0 0.501563 0.516667 0.011250 0.030000
0 0.620313 0.519792 0.050625 0.040000
0 0.250781 0.533333 0.045000 0.077500
0 0.727734 0.509375 0.038437 0.022500
0 0.421484 0.515625 0.027187 0.037500
0 0.284766 0.506250 0.040313 0.022500
0 0.468750 0.508333 0.020625 0.030000
0 0.360938 0.528125 0.052500 0.080000
0 0.484766 0.497917 0.015938 0.010000
0 0.226172 0.527604 0.045937 0.083750
0 0.658984 0.496354 0.017813 0.011250
0 0.542188 0.511979 0.020625 0.053750
0 0.397266 0.501563 0.029062 0.028750
0 0.451953 0.495833 0.012188 0.020000
0 0.681641 0.493229 0.012188 0.021250
0 0.333594 0.496354 0.030000 0.028750
0 0.735547 0.491146 0.010312 0.018750
0 0.571875 0.494271 0.043125 0.026250
0 0.751172 0.501042 0.025312 0.045000
0 0.527734 0.491667 0.027187 0.030000
0 0.475781 0.483854 0.030000 0.016250
0 0.347266 0.484375 0.019688 0.020000
0 0.267578 0.479687 0.010312 0.013750
0 0.617969 0.488542 0.026250 0.047500
0 0.573047 0.470833 0.015938 0.015000
0 0.315625 0.483333 0.035625 0.045000
0 0.194531 0.484375 0.020625 0.050000
0 0.540234 0.467187 0.014063 0.018750
0 0.480469 0.466667 0.024375 0.017500
0 0.506641 0.480208 0.025312 0.055000
0 0.174609 0.469792 0.036562 0.035000
0 0.220703 0.480729 0.034687 0.063750
0 0.584375 0.458854 0.018750 0.013750
0 0.375781 0.473958 0.020625 0.050000
0 0.248047 0.470833 0.019688 0.042500
0 0.689453 0.458333 0.010312 0.015000
0 0.676953 0.458854 0.014063 0.016250
0 0.610938 0.468750 0.035625 0.042500
0 0.344531 0.460938 0.031875 0.026250
0 0.422656 0.474479 0.073125 0.061250
0 0.268750 0.459896 0.013125 0.031250
0 0.662109 0.466146 0.023438 0.053750
0 0.435156 0.450000 0.018750 0.015000
0 0.490234 0.449479 0.027187 0.016250
0 0.287109 0.468229 0.030937 0.066250
0 0.713672 0.459375 0.042188 0.047500
0 0.394531 0.455729 0.026250 0.048750
0 0.555469 0.453125 0.020625 0.050000
0 0.541797 0.442708 0.012188 0.027500
0 0.465625 0.438542 0.043125 0.020000
0 0.414453 0.449479 0.027187 0.046250
0 0.619531 0.438021 0.013125 0.023750
0 0.641016 0.456771 0.027187 0.071250
0 0.312109 0.441667 0.021562 0.040000
0 0.221484 0.429688 0.006563 0.021250
0 0.650781 0.421354 0.018750 0.008750
0 0.739453 0.427083 0.012188 0.025000
0 0.682813 0.432812 0.033750 0.038750
0 0.599609 0.426563 0.021562 0.028750
0 0.749609 0.446354 0.051562 0.078750
0 0.294922 0.419271 0.010312 0.016250
0 0.344531 0.423438 0.016875 0.028750
0 0.202344 0.417708 0.009375 0.017500
0 0.493750 0.411979 0.022500 0.016250
0 0.670312 0.413021 0.026250 0.021250
0 0.280469 0.420833 0.011250 0.040000
0 0.544922 0.414583 0.053437 0.037500
0 0.439453 0.416667 0.068437 0.042500
0 0.735156 0.415104 0.045000 0.041250
0 0.258203 0.402083 0.015938 0.010000
0 0.216797 0.405208 0.015938 0.027500
0 0.368359 0.414062 0.049687 0.053750
0 0.586328 0.400000 0.015938 0.025000
0 0.853906 0.404167 0.035625 0.037500
0 0.603906 0.397396 0.022500 0.028750
0 0.245703 0.410938 0.042188 0.073750
0 0.394922 0.389583 0.012188 0.025000
0 0.427734 0.384896 0.012188 0.023750
0 0.303516 0.380208 0.012188 0.017500
0 0.216406 0.379688 0.011250 0.016250
0 0.745703 0.383854 0.017813 0.031250
0 0.647266 0.390625 0.059062 0.060000
0 0.827969 0.616875 0.344062 0.766250
0 0.390234 0.374479 0.010312 0.036250
0 0.228516 0.367708 0.012188 0.020000
0 0.622656 0.370833 0.054375 0.037500
0 0.688281 0.386979 0.041250 0.081250
0 0.445312 0.363542 0.022500 0.032500
0 0.458594 0.372396 0.058125 0.056250
0 0.711328 0.357812 0.008437 0.023750
0 0.328125 0.382812 0.046875 0.083750
0 0.357031 0.377604 0.048750 0.073750
0 0.545703 0.369271 0.034687 0.061250
0 0.510547 0.400000 0.038437 0.135000
0 0.219531 0.357812 0.024375 0.033750
0 0.776563 0.363542 0.030000 0.052500
0 0.478125 0.345833 0.020625 0.010000
0 0.721484 0.369271 0.038437 0.078750
0 0.408203 0.383333 0.047812 0.112500
0 0.821484 0.348958 0.036562 0.032500
0 0.587500 0.368229 0.061875 0.078750
0 0.821875 0.338542 0.020625 0.012500
0 0.404297 0.344792 0.015938 0.032500
0 0.241016 0.336458 0.010312 0.017500
0 0.620703 0.332292 0.021562 0.010000
0 0.364453 0.334375 0.014063 0.015000
0 0.282422 0.369792 0.057188 0.105000
0 0.690625 0.335417 0.018750 0.035000
0 0.650000 0.335417 0.030000 0.050000
0 0.569922 0.329167 0.036562 0.037500
0 0.402344 0.320833 0.009375 0.022500
0 0.674219 0.332292 0.015000 0.052500
0 0.535547 0.319792 0.012188 0.022500
0 0.744531 0.322396 0.018750 0.036250
0 0.425000 0.317708 0.030000 0.037500
0 0.600781 0.309375 0.024375 0.025000
0 0.564844 0.307292 0.018750 0.022500
0 0.285547 0.308854 0.010312 0.026250
0 0.642188 0.311458 0.039375 0.035000
0 0.242969 0.313021 0.011250 0.038750
0 0.463672 0.308333 0.017813 0.030000
0 0.438672 0.320833 0.021562 0.060000
0 0.688672 0.306771 0.010312 0.028750
0 0.385937 0.317708 0.030000 0.057500
0 0.275781 0.315625 0.039375 0.060000
0 0.853125 0.310937 0.026250 0.051250
0 0.361328 0.300000 0.014063 0.027500
0 0.501563 0.319792 0.033750 0.080000
0 0.668359 0.301042 0.010312 0.040000
0 0.538281 0.294792 0.030000 0.027500
0 0.718359 0.306250 0.034687 0.075000
0 0.673828 0.273438 0.034687 0.018750
0 0.558594 0.271354 0.016875 0.013750
0 0.589844 0.268229 0.015000 0.011250
0 0.631641 0.283854 0.053437 0.056250
0 0.452344 0.271354 0.022500 0.028750
0 0.602344 0.276042 0.048750 0.045000
0 0.702344 0.264583 0.009375 0.020000
0 0.508984 0.268750 0.036562 0.035000
0 0.398828 0.278125 0.036562 0.070000
0 0.250781 0.269271 0.028125 0.048750
0 0.420312 0.263021 0.039375 0.036250
0 0.583984 0.253646 0.012188 0.016250
0 0.687891 0.244271 0.019688 0.008750
0 0.634375 0.245312 0.015000 0.018750
0 0.448437 0.246875 0.024375 0.022500
0 0.668750 0.249479 0.022500 0.033750
0 0.551953 0.240625 0.012188 0.012500
0 0.536328 0.256250 0.017813 0.050000
0 0.475391 0.245312 0.012188 0.023750
0 0.437500 0.237500 0.022500 0.022500
0 0.492969 0.269792 0.078750 0.105000
0 0.279297 0.258333 0.036562 0.080000
0 0.328906 0.240625 0.031875 0.040000
0 0.619922 0.238021 0.044062 0.038750
0 0.534375 0.228646 0.015000 0.018750
0 0.570703 0.227604 0.032813 0.026250
0 0.651953 0.238021 0.021562 0.058750
0 0.355859 0.227604 0.023438 0.048750
0 0.558984 0.211458 0.017813 0.015000
0 0.484375 0.217708 0.022500 0.032500
0 0.315234 0.215104 0.010312 0.028750
0 0.344531 0.207813 0.007500 0.013750
0 0.639453 0.204687 0.017813 0.023750
0 0.406250 0.208333 0.016875 0.032500
0 0.314453 0.199479 0.021562 0.011250
0 0.290234 0.209896 0.025312 0.036250
0 0.346875 0.261979 0.116250 0.163750
0 0.471875 0.200000 0.013125 0.017500
0 0.330078 0.193750 0.014063 0.015000
0 0.576172 0.199479 0.015938 0.031250
0 0.610547 0.205729 0.027187 0.051250
0 0.510938 0.202604 0.026250 0.053750
0 0.530469 0.194792 0.033750 0.045000
0 0.449219 0.205729 0.054375 0.071250
0 0.378516 0.189062 0.015938 0.033750
0 0.704297 0.193750 0.029062 0.050000
0 0.590234 0.202604 0.036562 0.081250
0 0.553516 0.185417 0.025312 0.040000
0 0.519531 0.169792 0.030000 0.020000
0 0.488672 0.180729 0.027187 0.048750
0 0.394531 0.179688 0.026250 0.046250
0 0.333984 0.163542 0.038437 0.032500
0 0.362109 0.165104 0.023438 0.041250
0 0.449609 0.145313 0.030937 0.033750
0 0.426172 0.123438 0.040313 0.038750
0 0.300000 0.117188 0.033750 0.033750
0 0.476172 0.143750 0.059062 0.100000
0 0.358203 0.099479 0.025312 0.033750
0 0.337891 0.076042 0.036562 0.050000
0 0.909062 0.073125 0.181875 0.146250
0 0.172031 0.383750 0.344062 0.767500
