0 0.258000 0.868000 0.516000 0.264000
0 0.802000 0.833500 0.396000 0.333000
0 0.428750 0.352500 0.111000 0.132000
0 0.321250 0.325000 0.075000 0.066000
0 0.591250 0.231250 0.117000 0.111000
0 0.695000 0.213750 0.108000 0.111000
0 0.491250 0.161250 0.093000 0.123000
0 0.393750 0.178750 0.213000 0.195000
0 0.882500 0.100000 0.042000 0.030000
0 0.157500 0.105000 0.060000 0.084000
0 0.208750 0.110000 0.069000 0.132000
0 0.755000 0.071250 0.030000 0.045000
0 0.974500 0.033750 0.051000 0.033000
0 0.201250 0.035000 0.027000 0.036000
0 0.558750 0.085000 0.183000 0.162000
0 0.126250 0.036250 0.033000 0.051000
0 0.769000 0.105000 0.462000 0.210000
0 0.735000 0.030000 0.084000 0.060000
0 0.662500 0.075000 0.060000 0.150000
0 0.405000 0.087000 0.192000 0.174000
0 0.282500 0.121500 0.168000 0.243000
0 0.168750 0.039000 0.057000 0.078000
