0 0.393125 0.912157 0.036000 0.028976
0 0.909687 0.895504 0.012750 0.010991
0 0.494688 0.909242 0.027750 0.043963
0 0.494063 0.860949 0.033750 0.025978
0 0.248438 0.837219 0.024750 0.036969
0 0.433125 0.830974 0.046500 0.049958
0 0.576875 0.798918 0.024000 0.038968
0 0.257250 0.867111 0.514500 0.265779
0 0.345313 0.788926 0.029250 0.040966
0 0.543750 0.757702 0.025500 0.045962
0 0.434688 0.760200 0.036750 0.051957
0 0.519375 0.740633 0.015000 0.006994
0 0.610313 0.754371 0.036750 0.045962
0 0.591562 0.761449 0.062250 0.076936
0 0.462187 0.731474 0.008250 0.014988
0 0.385313 0.736470 0.036750 0.026978
0 0.591250 0.736470 0.024000 0.030974
0 0.643437 0.734388 0.032250 0.031973
0 0.523750 0.725645 0.012000 0.016986
0 0.698438 0.717319 0.033750 0.020983
0 0.478125 0.738968 0.082500 0.076936
0 0.361563 0.720649 0.015750 0.034971
0 0.531563 0.719817 0.012750 0.042964
0 0.276250 0.712323 0.033000 0.034971
0 0.572500 0.708576 0.021000 0.041965
0 0.640312 0.699833 0.024750 0.026978
0 0.720313 0.699001 0.032250 0.026978
0 0.718750 0.692340 0.009000 0.010991
0 0.622188 0.694838 0.006750 0.016986
0 0.614375 0.685262 0.009000 0.017985
0 0.512813 0.727727 0.048750 0.121898
0 0.537188 0.688593 0.026250 0.029975
0 0.647500 0.680683 0.030000 0.014988
0 0.517813 0.687344 0.017250 0.042964
0 0.455937 0.685262 0.071250 0.043963
0 0.491250 0.678601 0.012000 0.033972
0 0.600625 0.699001 0.079500 0.086928
0 0.412813 0.681099 0.026250 0.043963
0 0.699063 0.683597 0.035250 0.051957
0 0.670000 0.696087 0.037500 0.089925
0 0.611250 0.660283 0.030000 0.019983
0 0.403750 0.693172 0.096000 0.102914
0 0.465625 0.660699 0.010500 0.032973
0 0.515938 0.651540 0.012750 0.012989
0 0.371875 0.652373 0.039000 0.018984
0 0.725313 0.659867 0.059250 0.044963
0 0.260937 0.652373 0.032250 0.028976
0 0.627188 0.644463 0.012750 0.015987
0 0.295000 0.660283 0.040500 0.057952
0 0.713437 0.645712 0.024750 0.028976
0 0.934750 0.775687 0.130500 0.448626
0 0.649062 0.634471 0.030750 0.025978
0 0.499375 0.647377 0.042000 0.068943
0 0.601562 0.625312 0.078750 0.049958
0 0.539375 0.694421 0.063000 0.241799
0 0.732187 0.605745 0.026250 0.034971
0 0.280000 0.591174 0.004500 0.017985
0 0.599063 0.581182 0.012750 0.007993
0 0.472500 0.629059 0.096000 0.122898
0 0.283438 0.605329 0.035250 0.065945
0 0.248125 0.592007 0.045000 0.047960
0 0.694688 0.595337 0.060750 0.057952
0 0.717812 0.578268 0.017250 0.024979
0 0.482187 0.576187 0.047250 0.027977
0 0.483750 0.567444 0.009000 0.016986
0 0.741875 0.579517 0.039000 0.049958
0 0.720938 0.559534 0.005250 0.015987
0 0.375937 0.612406 0.158250 0.168859
0 0.552813 0.600749 0.117750 0.152873
0 0.497500 0.547460 0.025500 0.030974
0 0.546250 0.537469 0.013500 0.008993
0 0.465313 0.543714 0.033750 0.043963
0 0.356875 0.527061 0.016500 0.009992
0 0.443437 0.520816 0.012750 0.006994
0 0.345000 0.524563 0.010500 0.019983
0 0.265625 0.528726 0.013500 0.033972
0 0.656875 0.539967 0.160500 0.082931
0 0.348438 0.508326 0.035250 0.020983
0 0.327500 0.609492 0.148500 0.263780
0 0.499375 0.512490 0.037500 0.046961
0 0.427812 0.496669 0.008250 0.012989
0 0.630000 0.496253 0.036000 0.021982
0 0.580625 0.490425 0.012000 0.009992
0 0.715938 0.491257 0.006750 0.019983
0 0.294687 0.486261 0.027750 0.021982
0 0.294375 0.477519 0.009000 0.010991
0 0.276562 0.493755 0.029250 0.059950
0 0.566875 0.471274 0.007500 0.011990
0 0.673750 0.470441 0.009000 0.011990
0 0.519687 0.466694 0.008250 0.008993
0 0.576875 0.458784 0.013500 0.015987
0 0.703438 0.465862 0.039750 0.036969
0 0.443750 0.495837 0.100500 0.114904
0 0.780312 0.444213 0.027750 0.028976
0 0.310625 0.432140 0.006000 0.015987
0 0.615313 0.442132 0.035250 0.055953
0 0.444063 0.445878 0.111750 0.088926
0 0.724063 0.422565 0.023250 0.040966
0 0.662813 0.459201 0.131250 0.146878
0 0.601562 0.405079 0.024750 0.024979
0 0.752188 0.405079 0.029250 0.028976
0 0.692187 0.389259 0.029250 0.040966
0 0.477812 0.389675 0.048750 0.043963
0 0.682187 0.372606 0.012750 0.006994
0 0.414062 0.380933 0.017250 0.028976
0 0.620938 0.385928 0.057750 0.058951
0 0.371875 0.485845 0.214500 0.298751
0 0.773438 0.374271 0.023250 0.038968
0 0.670937 0.365112 0.011250 0.016986
0 0.338125 0.378851 0.027000 0.049958
0 0.453125 0.369276 0.073500 0.050958
0 0.559063 0.355537 0.021750 0.019983
0 0.508125 0.388426 0.048000 0.098918
0 0.518437 0.351374 0.029250 0.019983
0 0.326875 0.345962 0.028500 0.030974
0 0.465625 0.327644 0.015000 0.006994
0 0.468438 0.328893 0.066750 0.045962
0 0.610625 0.310575 0.015000 0.021982
0 0.454062 0.303913 0.011250 0.013988
0 0.408438 0.296836 0.014250 0.006994
0 0.382500 0.335970 0.111000 0.120899
0 0.478438 0.300999 0.050250 0.042964
0 0.594688 0.477935 0.329250 0.469609
0 0.659375 0.295171 0.025500 0.038968
0 0.325000 0.265612 0.031500 0.027977
0 0.456875 0.266861 0.094500 0.048959
0 0.441875 0.251873 0.012000 0.014988
0 0.373437 0.248959 0.023250 0.023980
0 0.476250 0.245212 0.007500 0.022981
0 0.351875 0.227727 0.024000 0.040966
0 0.742750 0.132889 0.514500 0.265779
0 0.065250 0.224313 0.130500 0.448626
