0 0.724813 0.997000 0.014988 0.006000
0 0.015404 0.996625 0.012989 0.006750
0 0.537469 0.996250 0.014988 0.007500
0 0.190674 0.996250 0.017985 0.007500
0 0.082431 0.996250 0.013988 0.007500
0 0.103664 0.994687 0.018984 0.008250
0 0.590341 0.994000 0.035970 0.012000
0 0.284346 0.994000 0.020983 0.012000
0 0.839301 0.991875 0.019983 0.007500
0 0.657369 0.993250 0.014988 0.013500
0 0.008743 0.992188 0.012989 0.009750
0 0.670691 0.992500 0.012989 0.015000
0 0.238968 0.991750 0.027977 0.016500
0 0.527893 0.989500 0.029975 0.021000
0 0.480017 0.990000 0.012989 0.018000
0 0.516236 0.988437 0.029975 0.015750
0 0.335970 0.985938 0.016986 0.011250
0 0.796836 0.988000 0.031973 0.024000
0 0.693172 0.984688 0.008993 0.011250
0 0.987094 0.984688 0.014988 0.015750
0 0.177769 0.987625 0.052956 0.024750
0 0.508743 0.982187 0.013988 0.011250
0 0.018318 0.984375 0.033972 0.018000
0 0.394671 0.985750 0.035970 0.028500
0 0.135304 0.985750 0.062948 0.028500
0 0.323480 0.978437 0.018984 0.009750
0 0.422981 0.982187 0.031973 0.020250
0 0.558285 0.983875 0.048959 0.032250
0 0.339717 0.977500 0.023980 0.010500
0 0.708993 0.976250 0.022981 0.009000
0 0.515820 0.975625 0.016986 0.007500
0 0.992007 0.975000 0.015987 0.007500
0 0.446295 0.983125 0.037968 0.033750
0 0.368859 0.984062 0.027977 0.029250
0 0.526644 0.974688 0.008993 0.012750
0 0.692756 0.975625 0.019983 0.016500
0 0.765196 0.980875 0.055953 0.038250
0 0.975853 0.973437 0.021982 0.014250
0 0.124480 0.974688 0.022981 0.017250
0 0.072856 0.973437 0.016986 0.014250
0 0.062032 0.980500 0.106911 0.039000
0 0.845962 0.978625 0.073938 0.042750
0 0.558701 0.969063 0.031973 0.011250
0 0.699417 0.978250 0.075937 0.043500
0 0.705662 0.966250 0.010991 0.012000
0 0.689009 0.966250 0.012989 0.012000
0 0.909242 0.964063 0.009992 0.008250
0 0.508326 0.966250 0.028976 0.015000
0 0.154455 0.968125 0.082931 0.025500
0 0.017902 0.964063 0.012989 0.015750
0 0.365112 0.972500 0.034971 0.037500
0 0.806411 0.970938 0.066944 0.035250
0 0.789342 0.958750 0.011990 0.009000
0 0.458784 0.969688 0.025978 0.035250
0 0.534138 0.956875 0.008993 0.007500
0 0.922981 0.957812 0.012989 0.011250
0 0.447544 0.958750 0.012989 0.013500
0 0.243963 0.958125 0.015987 0.013500
0 0.956703 0.966562 0.025978 0.038250
0 0.879267 0.954063 0.015987 0.009750
0 0.622814 0.956875 0.025978 0.016500
0 0.701499 0.952187 0.012989 0.012750
0 0.413405 0.962812 0.076936 0.038250
0 0.882182 0.950000 0.012989 0.009000
0 0.231890 0.952500 0.018984 0.016500
0 0.089925 0.950000 0.013988 0.012000
0 0.656953 0.948438 0.009992 0.009750
0 0.586178 0.949063 0.011990 0.011250
0 0.377186 0.946562 0.009992 0.008250
0 0.320983 0.954375 0.048959 0.027000
0 0.501665 0.960313 0.088926 0.042750
0 0.846794 0.962812 0.065945 0.050250
0 0.474188 0.946562 0.010991 0.011250
0 0.993006 0.945312 0.013988 0.009750
0 0.746461 0.963125 0.088926 0.052500
0 0.386345 0.945000 0.009992 0.012000
0 0.034555 0.946562 0.016986 0.015750
0 0.407161 0.945000 0.019983 0.013500
0 0.428393 0.942500 0.012989 0.009000
0 0.487094 0.942500 0.019983 0.010500
0 0.527893 0.942500 0.017985 0.012000
0 0.519983 0.947812 0.026978 0.024750
0 0.278102 0.940312 0.009992 0.006750
0 0.888843 0.942500 0.010991 0.013500
0 0.546211 0.957812 0.031973 0.050250
0 0.035387 0.958125 0.040966 0.051000
0 0.452956 0.942813 0.033972 0.015750
0 0.343464 0.953438 0.028976 0.042750
0 0.863863 0.939375 0.016986 0.010500
0 0.875104 0.939063 0.013988 0.011250
0 0.375520 0.944063 0.039967 0.023250
0 0.477519 0.938125 0.010991 0.010500
0 0.737719 0.941875 0.019983 0.025500
0 0.731890 0.939063 0.011990 0.018750
0 0.185262 0.938125 0.030974 0.016500
0 0.952123 0.938438 0.022981 0.018750
0 0.324313 0.941250 0.018984 0.025500
0 0.467943 0.935312 0.009992 0.012750
0 0.396753 0.933438 0.024979 0.011250
0 0.208576 0.940312 0.034971 0.027750
0 0.478351 0.930625 0.014988 0.007500
0 0.495837 0.934688 0.024979 0.020250
0 0.894671 0.930312 0.014988 0.012750
0 0.457952 0.930000 0.015987 0.012000
0 0.265196 0.931562 0.014988 0.015750
0 0.162365 0.929375 0.025978 0.013500
0 0.750624 0.931250 0.038968 0.019500
0 0.870108 0.927500 0.007993 0.012000
0 0.180266 0.926562 0.008993 0.009750
0 0.030808 0.927813 0.021982 0.012750
0 0.968360 0.925312 0.009992 0.008250
0 0.882182 0.930625 0.016986 0.021000
0 0.371357 0.928438 0.015987 0.015750
0 0.829309 0.925937 0.013988 0.011250
0 0.976270 0.929688 0.018984 0.023250
0 0.606578 0.922813 0.012989 0.008250
0 0.033306 0.922813 0.015987 0.008250
0 0.270192 0.949063 0.140883 0.074250
0 0.542465 0.926250 0.020983 0.024000
0 0.313489 0.928750 0.032973 0.031500
0 0.235637 0.920000 0.009992 0.010500
0 0.972939 0.917813 0.016986 0.008250
0 0.169858 0.920312 0.017985 0.014250
0 0.151124 0.918438 0.008993 0.011250
0 0.132390 0.918750 0.011990 0.012000
0 0.378851 0.917188 0.015987 0.009750
0 0.246461 0.923125 0.023980 0.025500
0 0.227311 0.918125 0.011990 0.013500
0 0.934638 0.916250 0.016986 0.012000
0 0.602415 0.915312 0.014988 0.009750
0 0.478351 0.918750 0.016986 0.018000
0 0.650708 0.946000 0.176853 0.108000
0 0.947544 0.912813 0.011990 0.008250
0 0.820566 0.913750 0.008993 0.010500
0 0.614072 0.912188 0.012989 0.009750
0 0.792256 0.935625 0.050958 0.067500
0 0.364696 0.915625 0.013988 0.019500
0 0.648210 0.910625 0.010991 0.009000
0 0.386761 0.910625 0.022981 0.009000
0 0.345545 0.923438 0.043963 0.039750
0 0.289342 0.922813 0.056953 0.038250
0 0.171524 0.910625 0.027977 0.012000
0 0.597002 0.909375 0.013988 0.010500
0 0.417569 0.908438 0.014988 0.009750
0 0.833888 0.922500 0.076936 0.048000
0 0.749376 0.911875 0.025978 0.024000
0 0.988510 0.913125 0.022981 0.028500
0 0.563281 0.904687 0.008993 0.008250
0 0.350125 0.905937 0.018984 0.012750
0 0.205246 0.915625 0.044963 0.036000
0 0.970441 0.902813 0.008993 0.006750
0 0.474604 0.904375 0.009992 0.015000
0 0.615737 0.902813 0.016986 0.012750
0 0.430475 0.900625 0.017985 0.007500
0 0.661948 0.903750 0.019983 0.016500
0 0.048293 0.898438 0.015987 0.014250
0 0.210325 0.935500 0.420649 0.129000
0 0.977935 0.902813 0.012989 0.026250
0 0.203580 0.895938 0.038968 0.012750
0 0.093672 0.892188 0.018984 0.008250
0 0.784346 0.890625 0.023980 0.010500
0 0.068693 0.897500 0.034971 0.027000
0 0.897169 0.902500 0.044963 0.042000
0 0.285595 0.892188 0.031973 0.017250
0 0.122398 0.908438 0.111907 0.057750
0 0.604080 0.888125 0.014988 0.013500
0 0.946295 0.886875 0.022981 0.012000
0 0.875104 0.886563 0.015987 0.011250
0 0.674022 0.890625 0.026978 0.021000
0 0.457535 0.892188 0.024979 0.026250
0 0.368027 0.894375 0.051957 0.031500
0 0.619067 0.889062 0.026978 0.020250
0 0.437552 0.888437 0.020983 0.018750
0 0.214821 0.885312 0.009992 0.011250
0 0.873855 0.900312 0.046961 0.048750
0 0.706078 0.906875 0.079933 0.064500
0 0.846794 0.886250 0.011990 0.016500
0 0.639883 0.895312 0.040966 0.038250
0 0.130308 0.883437 0.008993 0.011250
0 0.889675 0.881250 0.008993 0.007500
0 0.748127 0.888437 0.018984 0.024750
0 0.633222 0.882500 0.008993 0.010500
0 0.330142 0.881875 0.012989 0.009000
0 0.907993 0.880938 0.028976 0.011250
0 0.243547 0.883437 0.032973 0.018750
0 0.972523 0.877812 0.017985 0.008250
0 0.602415 0.879062 0.022981 0.011250
0 0.678601 0.876563 0.011990 0.008250
0 0.348043 0.877812 0.025978 0.011250
0 0.643630 0.875000 0.011990 0.007500
0 0.966278 0.875313 0.012989 0.009750
0 0.873855 0.875938 0.024979 0.011250
0 0.725645 0.877188 0.016986 0.014250
0 0.663614 0.877188 0.021982 0.014250
0 0.302248 0.874687 0.013988 0.008250
0 0.549958 0.874687 0.016986 0.011250
0 0.578684 0.874375 0.013988 0.012000
0 0.550791 0.916250 0.146878 0.114000
0 0.736470 0.870938 0.018984 0.006750
0 0.684430 0.868125 0.015987 0.009000
0 0.765612 0.871875 0.022981 0.019500
0 0.020816 0.867188 0.007993 0.008250
0 0.524563 0.865625 0.011990 0.007500
0 0.712323 0.870625 0.016986 0.021000
0 0.780183 0.864688 0.017985 0.011250
0 0.291840 0.872812 0.022981 0.030750
0 0.271024 0.868437 0.026978 0.020250
0 0.752706 0.867812 0.021982 0.020250
0 0.791424 0.863437 0.010991 0.011250
0 0.908410 0.867812 0.053955 0.024750
0 0.151124 0.860000 0.010991 0.009000
0 0.307244 0.887188 0.081932 0.077250
0 0.727727 0.860000 0.009992 0.013500
0 0.209825 0.873125 0.059950 0.045000
0 0.968360 0.877812 0.059950 0.059250
0 0.747294 0.858750 0.014988 0.013500
0 0.766861 0.855625 0.021982 0.007500
0 0.034971 0.861875 0.023980 0.022500
0 0.358868 0.864688 0.047960 0.033750
0 0.803497 0.896250 0.109908 0.111000
0 0.204413 0.857187 0.032973 0.017250
0 0.781432 0.854062 0.016986 0.011250
0 0.610325 0.861250 0.041965 0.028500
0 0.177352 0.880313 0.045962 0.077250
0 0.300999 0.855313 0.020983 0.018750
0 0.347211 0.852187 0.011990 0.012750
0 0.280183 0.857812 0.026978 0.026250
0 0.710658 0.854375 0.024979 0.019500
0 0.159450 0.849688 0.016986 0.009750
0 0.320983 0.848437 0.010991 0.012750
0 0.803081 0.845313 0.014988 0.006750
0 0.693172 0.861563 0.042964 0.045750
0 0.611157 0.846250 0.017985 0.010500
0 0.840550 0.842500 0.010991 0.007500
0 0.329309 0.843437 0.008993 0.009750
0 0.935054 0.841250 0.013988 0.007500
0 0.101582 0.842812 0.029975 0.011250
0 0.176103 0.842812 0.040966 0.014250
0 0.922148 0.843750 0.024979 0.021000
0 0.866778 0.856875 0.083930 0.052500
0 0.335554 0.839063 0.021982 0.011250
0 0.100416 0.867500 0.200833 0.079500
0 0.872606 0.837812 0.013988 0.009750
0 0.824729 0.843125 0.030974 0.022500
0 0.205662 0.836875 0.017985 0.007500
0 0.135720 0.844688 0.039967 0.026250
0 0.920067 0.833125 0.013988 0.006000
0 0.018734 0.833438 0.008993 0.006750
0 0.807244 0.835938 0.010991 0.014250
0 0.745629 0.832187 0.010991 0.008250
0 0.072440 0.840938 0.045962 0.029250
0 0.677352 0.832500 0.018984 0.010500
0 0.858035 0.830000 0.028976 0.012000
0 0.831807 0.832500 0.041965 0.018000
0 0.356370 0.837812 0.021982 0.030750
0 0.935470 0.829063 0.026978 0.012750
0 0.622398 0.826562 0.012989 0.008250
0 0.781016 0.836250 0.031973 0.033000
0 0.872190 0.824375 0.008993 0.006000
0 0.141132 0.828438 0.014988 0.015750
0 0.988343 0.831875 0.019983 0.027000
0 0.985012 0.825313 0.009992 0.011250
0 0.927144 0.823125 0.012989 0.006000
0 0.543714 0.824688 0.011990 0.009750
0 0.074938 0.829063 0.025978 0.023250
0 0.272689 0.842812 0.086928 0.057750
0 0.715654 0.823125 0.018984 0.012000
0 0.699833 0.831875 0.030974 0.033000
0 0.162781 0.832187 0.032973 0.035250
0 0.947544 0.820312 0.017985 0.008250
0 0.568693 0.822812 0.043963 0.014250
0 0.975853 0.821250 0.011990 0.012000
0 0.502498 0.830000 0.046961 0.036000
0 0.453789 0.824375 0.011990 0.022500
0 0.288510 0.820937 0.008993 0.018750
0 0.862614 0.818125 0.017985 0.016500
0 0.263530 0.813438 0.010991 0.006750
0 0.571191 0.813438 0.013988 0.008250
0 0.779767 0.811562 0.014988 0.006750
0 0.696503 0.813438 0.014988 0.012750
0 0.300999 0.814375 0.028976 0.016500
0 0.271440 0.810937 0.009992 0.008250
0 0.955870 0.809375 0.011990 0.007500
0 0.649459 0.810625 0.009992 0.010500
0 0.512490 0.812187 0.016986 0.014250
0 0.253955 0.811562 0.009992 0.012750
0 0.820150 0.813438 0.017985 0.018750
0 0.864280 0.808125 0.013988 0.007500
0 0.244796 0.807187 0.009992 0.008250
0 0.679434 0.808125 0.019983 0.013500
0 0.642381 0.841250 0.134888 0.093000
0 0.447960 0.809063 0.021982 0.015750
0 0.219400 0.860000 0.146878 0.139500
0 0.554538 0.803750 0.009992 0.007500
0 0.407577 0.807187 0.012989 0.015750
0 0.638218 0.806562 0.022981 0.017250
0 0.774771 0.804375 0.028976 0.013500
0 0.077435 0.813750 0.067943 0.036000
0 0.510824 0.830000 0.096919 0.079500
0 0.604496 0.800625 0.021982 0.010500
0 0.493755 0.810000 0.033972 0.033000
0 0.905079 0.829375 0.085928 0.085500
0 0.894671 0.800312 0.012989 0.015750
0 0.783514 0.796250 0.013988 0.006000
0 0.559534 0.797813 0.017985 0.012750
0 0.703164 0.801562 0.022981 0.024750
0 0.876353 0.794687 0.026978 0.009750
0 0.680683 0.796875 0.034971 0.022500
0 0.933389 0.797188 0.041965 0.027750
0 0.952123 0.793125 0.028976 0.019500
0 0.769775 0.790625 0.020983 0.016500
0 0.706911 0.785937 0.023980 0.008250
0 0.632806 0.791562 0.057952 0.024750
0 0.307244 0.786563 0.025978 0.014250
0 0.965445 0.783125 0.008993 0.012000
0 0.629059 0.781563 0.014988 0.009750
0 0.167361 0.785937 0.015987 0.020250
0 0.859284 0.784375 0.013988 0.019500
0 0.037968 0.820625 0.075937 0.108000
0 0.541632 0.777500 0.014988 0.007500
0 0.269775 0.792500 0.059950 0.045000
0 0.699417 0.777813 0.009992 0.011250
0 0.805162 0.782188 0.017985 0.024750
0 0.126561 0.785625 0.033972 0.033000
0 0.818901 0.780000 0.024979 0.021000
0 0.097419 0.809063 0.105912 0.092250
0 0.055787 0.773125 0.017985 0.009000
0 0.970441 0.772813 0.010991 0.009750
0 0.874688 0.780937 0.018984 0.029250
0 0.734804 0.775625 0.016986 0.016500
0 0.838468 0.798750 0.091923 0.075000
0 0.528310 0.774687 0.012989 0.018750
0 0.689842 0.771250 0.018984 0.012000
0 0.550375 0.768750 0.015987 0.009000
0 0.664446 0.780000 0.057952 0.037500
0 0.066195 0.765625 0.018984 0.009000
0 0.293089 0.771250 0.027977 0.025500
0 0.086178 0.768125 0.032973 0.018000
0 0.019983 0.772813 0.035970 0.029250
0 0.109492 0.766250 0.012989 0.016500
0 0.101166 0.763750 0.010991 0.010500
0 0.572023 0.765000 0.029975 0.016500
0 0.734804 0.763125 0.010991 0.015000
0 0.575354 0.759687 0.013988 0.006750
0 0.295171 0.760000 0.010991 0.007500
0 0.889259 0.760000 0.013988 0.009000
0 0.197336 0.758750 0.015987 0.006000
0 0.006994 0.761875 0.013988 0.015000
0 0.056203 0.757500 0.018984 0.007500
0 0.663614 0.758750 0.011990 0.012000
0 0.175271 0.758750 0.020983 0.012000
0 0.581599 0.814063 0.118901 0.150750
0 0.150708 0.784062 0.059950 0.078750
0 0.916320 0.770938 0.082931 0.053250
0 0.583680 0.755313 0.021982 0.020250
0 0.943797 0.750625 0.016986 0.012000
0 0.561199 0.754062 0.029975 0.020250
0 0.768526 0.799375 0.153872 0.132000
0 0.066195 0.750313 0.024979 0.014250
0 0.961282 0.760938 0.062948 0.044250
0 0.919650 0.756563 0.030974 0.035250
0 0.087427 0.745938 0.019983 0.011250
0 0.574521 0.745313 0.013988 0.011250
0 0.526228 0.745313 0.013988 0.011250
0 0.189425 0.748125 0.032973 0.018000
0 0.739800 0.747500 0.054954 0.018000
0 0.229392 0.796562 0.132889 0.135750
0 0.936719 0.743125 0.015987 0.009000
0 0.867194 0.752812 0.048959 0.033750
0 0.836803 0.740938 0.015987 0.006750
0 0.507910 0.748437 0.027977 0.026250
0 0.813072 0.765000 0.096919 0.067500
0 0.923064 0.841375 0.153872 0.317250
0 0.350125 0.738750 0.016986 0.007500
0 0.085346 0.738125 0.016986 0.009000
0 0.911324 0.739688 0.022981 0.014250
0 0.583680 0.739688 0.031973 0.014250
0 0.614904 0.749375 0.028976 0.040500
0 0.813072 0.743125 0.038968 0.028500
0 0.890924 0.737812 0.021982 0.017250
0 0.860533 0.738437 0.016986 0.018750
0 0.182348 0.736250 0.027977 0.013500
0 0.903414 0.733437 0.011990 0.008250
0 0.503331 0.776250 0.158868 0.111000
0 0.569942 0.731875 0.014988 0.007500
0 0.661116 0.728437 0.015987 0.012750
0 0.591590 0.730313 0.032973 0.018750
0 0.830558 0.729688 0.032973 0.020250
0 0.489592 0.728750 0.011990 0.018000
0 0.630308 0.735313 0.037968 0.036750
0 0.022481 0.724688 0.007993 0.011250
0 0.681099 0.753437 0.129892 0.081750
0 0.040799 0.723437 0.011990 0.009750
0 0.035970 0.766875 0.071940 0.114000
0 0.995004 0.725938 0.009992 0.017250
0 0.982931 0.724688 0.024979 0.014250
0 0.892590 0.723750 0.025978 0.013500
0 0.688593 0.720938 0.017985 0.011250
0 0.355121 0.720938 0.024979 0.012750
0 0.967527 0.715938 0.015987 0.005250
0 0.524979 0.726562 0.036969 0.036750
0 0.668609 0.718125 0.023980 0.018000
0 0.493755 0.729375 0.067943 0.046500
0 0.018984 0.718437 0.037968 0.020250
0 0.881765 0.716562 0.041965 0.018750
0 0.363447 0.721875 0.056953 0.031500
0 0.962115 0.727812 0.074938 0.048750
0 0.526228 0.712500 0.015987 0.013500
0 0.584929 0.711562 0.018984 0.014250
0 0.362614 0.706562 0.018984 0.005250
0 0.314321 0.710625 0.024979 0.021000
0 0.600749 0.705313 0.028976 0.011250
0 0.985012 0.709375 0.029975 0.025500
0 0.630308 0.704063 0.009992 0.012750
0 0.860117 0.703438 0.015987 0.012750
0 0.835137 0.702187 0.015987 0.011250
0 0.006994 0.704688 0.013988 0.026250
0 0.852206 0.695312 0.010991 0.009750
0 0.681932 0.702812 0.021982 0.032250
0 0.987927 0.692813 0.016986 0.014250
0 0.510408 0.697500 0.027977 0.027000
0 0.311823 0.693125 0.014988 0.021000
0 0.020983 0.699063 0.041965 0.035250
0 0.394671 0.688438 0.011990 0.011250
0 0.968776 0.691250 0.030974 0.021000
0 0.522481 0.684688 0.014988 0.008250
0 0.046628 0.685937 0.023980 0.014250
0 0.544130 0.683750 0.010991 0.010500
0 0.993006 0.687813 0.013988 0.021750
0 0.280600 0.685625 0.015987 0.022500
0 0.985845 0.680000 0.009992 0.012000
0 0.328476 0.680312 0.010991 0.014250
0 0.027061 0.683125 0.012989 0.021000
0 0.305579 0.681875 0.039967 0.019500
0 0.906744 0.703438 0.051957 0.072750
0 0.440050 0.676875 0.022981 0.010500
0 0.010491 0.681875 0.020983 0.022500
0 0.955870 0.680312 0.033972 0.020250
0 0.753539 0.675625 0.021982 0.012000
0 0.895087 0.668750 0.011990 0.010500
0 0.479184 0.667813 0.018984 0.009750
0 0.118651 0.674687 0.018984 0.027750
0 0.804330 0.669375 0.011990 0.016500
0 0.570774 0.665625 0.012989 0.010500
0 0.711074 0.663125 0.013988 0.009000
0 0.882598 0.672813 0.029975 0.035250
0 0.587011 0.665625 0.017985 0.018000
0 0.798085 0.663125 0.010991 0.013500
0 0.526644 0.661875 0.028976 0.013500
0 0.316403 0.665000 0.037968 0.027000
0 0.783514 0.656563 0.015987 0.008250
0 0.114488 0.656563 0.014988 0.008250
0 0.691923 0.667813 0.045962 0.044250
0 0.949209 0.660000 0.035970 0.027000
0 0.531224 0.652188 0.013988 0.008250
0 0.042465 0.653125 0.015987 0.012000
0 0.716486 0.654375 0.024979 0.018000
0 0.039550 0.665000 0.046961 0.045000
0 0.015987 0.660000 0.031973 0.033000
0 0.855537 0.649687 0.014988 0.009750
0 0.935887 0.681250 0.091923 0.087000
0 0.102415 0.654062 0.029975 0.023250
0 0.673605 0.649687 0.031973 0.014250
0 0.555787 0.686250 0.086928 0.103500
0 0.961282 0.643437 0.010991 0.008250
0 0.201915 0.642813 0.012989 0.009750
0 0.326395 0.642500 0.009992 0.010500
0 0.094921 0.641250 0.019983 0.007500
0 0.657369 0.679375 0.208826 0.103500
0 0.478351 0.641875 0.034971 0.013500
0 0.656536 0.642500 0.018984 0.019500
0 0.671524 0.637500 0.018984 0.016500
0 0.582015 0.633437 0.013988 0.006750
0 0.599084 0.632188 0.012989 0.008250
0 0.220233 0.632188 0.022981 0.008250
0 0.994505 0.632812 0.010991 0.011250
0 0.318901 0.635000 0.027977 0.022500
0 0.023980 0.635625 0.047960 0.028500
0 0.940466 0.646563 0.052956 0.056250
0 0.922565 0.630938 0.027977 0.020250
0 0.977019 0.654062 0.045962 0.077250
0 0.698168 0.632188 0.052956 0.030750
0 0.567444 0.625000 0.014988 0.013500
0 0.524563 0.625938 0.019983 0.015750
0 0.786012 0.625313 0.033972 0.015750
0 0.462531 0.625938 0.024979 0.017250
0 0.873855 0.625313 0.022981 0.023250
0 0.042881 0.622188 0.016986 0.015750
0 0.512490 0.633125 0.106911 0.043500
0 0.788510 0.679375 0.185845 0.156000
0 0.049958 0.619062 0.013988 0.011250
0 0.839301 0.616563 0.017985 0.006750
0 0.226062 0.620938 0.042964 0.017250
0 0.579933 0.622500 0.018984 0.022500
0 0.016236 0.622812 0.012989 0.026250
0 0.227727 0.616875 0.022981 0.013500
0 0.027893 0.615625 0.014988 0.010500
0 0.006495 0.620313 0.012989 0.021750
0 0.966694 0.621875 0.037968 0.027000
0 0.893006 0.614375 0.012989 0.013500
0 0.520816 0.614375 0.036969 0.013500
0 0.498751 0.617188 0.021982 0.020250
0 0.771440 0.617188 0.014988 0.021750
0 0.807244 0.610000 0.018984 0.010500
0 0.961699 0.608125 0.019983 0.007500
0 0.708993 0.611875 0.018984 0.016500
0 0.009992 0.607500 0.019983 0.007500
0 0.990841 0.610313 0.015987 0.021750
0 0.360117 0.604062 0.026978 0.008250
0 0.532889 0.605313 0.017985 0.012750
0 0.886761 0.600313 0.011990 0.005250
0 0.769359 0.599688 0.013988 0.015750
0 0.877602 0.598437 0.023980 0.015750
0 0.955870 0.596250 0.015987 0.012000
0 0.521232 0.600000 0.049958 0.021000
0 0.499584 0.597812 0.031973 0.024750
0 0.848043 0.590938 0.020983 0.009750
0 0.288093 0.590000 0.009992 0.007500
0 0.976520 0.595000 0.046961 0.022500
0 0.969609 0.590938 0.016986 0.012750
0 0.361782 0.592187 0.034971 0.018750
0 0.924230 0.605000 0.067943 0.058500
0 0.005495 0.583125 0.010991 0.010500
0 0.353039 0.581250 0.009992 0.009000
0 0.090758 0.589688 0.043963 0.029250
0 0.522898 0.581562 0.015987 0.012750
0 0.484180 0.595000 0.030974 0.048000
0 0.088676 0.576875 0.014988 0.009000
0 0.741882 0.579375 0.033972 0.025500
0 0.509992 0.578750 0.028976 0.025500
0 0.602415 0.570312 0.012989 0.006750
0 0.761865 0.574375 0.023980 0.018000
0 0.121149 0.578750 0.066944 0.037500
0 0.383014 0.565312 0.011990 0.012750
0 0.495420 0.562500 0.017985 0.013500
0 0.471690 0.558438 0.006994 0.009750
0 0.220233 0.559063 0.016986 0.011250
0 0.143214 0.565312 0.029975 0.026250
0 0.651540 0.558750 0.036969 0.012000
0 0.053705 0.560000 0.018984 0.015000
0 0.269359 0.557813 0.028976 0.012750
0 0.584929 0.555625 0.012989 0.009000
0 0.985012 0.555000 0.007993 0.009000
0 0.511241 0.558438 0.015987 0.017250
0 0.631973 0.555000 0.009992 0.018000
0 0.391757 0.557187 0.054954 0.027750
0 0.097002 0.555312 0.046961 0.023250
0 0.437968 0.552500 0.007993 0.018000
0 0.265612 0.549063 0.025978 0.009750
0 0.305162 0.546562 0.014988 0.006750
0 0.986678 0.546562 0.019983 0.011250
0 0.125729 0.550625 0.015987 0.021000
0 0.294754 0.561250 0.041965 0.049500
0 0.218984 0.546875 0.035970 0.015000
0 0.953789 0.545312 0.018984 0.012750
0 0.661116 0.545937 0.011990 0.017250
0 0.237302 0.549063 0.045962 0.026250
0 0.741465 0.545937 0.028976 0.020250
0 0.710241 0.541562 0.017985 0.012750
0 0.509992 0.542188 0.016986 0.018750
0 0.263530 0.539062 0.016986 0.011250
0 0.330225 0.737500 0.660450 0.489000
0 0.581599 0.536875 0.008993 0.009000
0 0.060783 0.544375 0.031973 0.030000
0 0.695670 0.540625 0.024979 0.022500
0 0.129892 0.533750 0.011990 0.006000
0 0.046628 0.540937 0.023980 0.026250
0 0.169026 0.532188 0.013988 0.006750
0 0.014155 0.533438 0.021982 0.009750
0 0.923397 0.532188 0.015987 0.008250
0 0.224396 0.531250 0.014988 0.007500
0 0.137802 0.536250 0.012989 0.019500
0 0.102831 0.535937 0.062948 0.020250
0 0.691507 0.530312 0.016986 0.009750
0 0.336803 0.533750 0.032973 0.022500
0 0.127394 0.527500 0.013988 0.007500
0 0.878018 0.527813 0.014988 0.009750
0 0.038718 0.528750 0.036969 0.013500
0 0.499167 0.548438 0.076936 0.066750
0 0.294754 0.524062 0.013988 0.008250
0 0.019567 0.523750 0.018984 0.010500
0 0.482931 0.524375 0.017985 0.015000
0 0.005995 0.523125 0.011990 0.015000
0 0.976520 0.525937 0.046961 0.026250
0 0.587011 0.521250 0.013988 0.016500
0 0.764363 0.524687 0.047960 0.027750
0 0.892590 0.517813 0.029975 0.012750
0 0.688177 0.531250 0.052956 0.046500
0 0.682348 0.515312 0.012989 0.008250
0 0.625729 0.519062 0.014988 0.017250
0 0.360117 0.516875 0.008993 0.013500
0 0.739800 0.517500 0.036969 0.019500
0 0.205246 0.526250 0.038968 0.040500
0 0.248959 0.523438 0.063947 0.035250
0 0.385928 0.515625 0.012989 0.018000
0 0.796003 0.510938 0.011990 0.008250
0 0.638634 0.581562 0.253789 0.177750
0 0.958368 0.519687 0.023980 0.030750
0 0.405912 0.508125 0.012989 0.007500
0 0.398002 0.521875 0.041965 0.042000
0 0.725229 0.508125 0.011990 0.012000
0 0.313905 0.521250 0.065945 0.045000
0 0.972107 0.509375 0.032973 0.018000
0 0.990425 0.508437 0.010991 0.017250
0 0.952540 0.503125 0.013988 0.007500
0 0.458784 0.508125 0.017985 0.019500
0 0.564946 0.502500 0.016986 0.007500
0 0.914072 0.551562 0.171857 0.126750
0 0.492090 0.504687 0.015987 0.014250
0 0.163197 0.531875 0.079933 0.079500
0 0.061199 0.500625 0.012989 0.006000
0 0.476686 0.507188 0.014988 0.024750
0 0.677352 0.502500 0.044963 0.018000
0 0.972523 0.497500 0.015987 0.007500
0 0.522065 0.510625 0.051957 0.046500
0 0.799334 0.603125 0.211823 0.270000
0 0.293505 0.516875 0.056953 0.064500
0 0.703164 0.500313 0.022981 0.026250
0 0.085346 0.494375 0.036969 0.025500
0 0.595754 0.491250 0.014988 0.022500
0 0.067027 0.487187 0.012989 0.014250
0 0.334305 0.488125 0.014988 0.022500
0 0.654455 0.481563 0.007993 0.008250
0 0.478768 0.481563 0.027977 0.009750
0 0.190258 0.480312 0.010991 0.008250
0 0.033972 0.500000 0.067943 0.055500
0 0.986012 0.485000 0.027977 0.022500
0 0.751457 0.480625 0.016986 0.013500
0 0.558285 0.480938 0.020983 0.014250
0 0.911324 0.492812 0.078934 0.048750
0 0.718984 0.485625 0.028976 0.031500
0 0.993505 0.475938 0.012989 0.009750
0 0.441715 0.481250 0.018984 0.022500
0 0.733555 0.476250 0.029975 0.018000
0 0.369692 0.471250 0.011990 0.007500
0 0.675271 0.487812 0.081932 0.048750
0 0.601166 0.470938 0.015987 0.008250
0 0.551207 0.469375 0.019983 0.012000
0 0.471690 0.471562 0.022981 0.017250
0 0.061199 0.469375 0.018984 0.012000
0 0.646961 0.480625 0.035970 0.040500
0 0.943381 0.481563 0.039967 0.044250
0 0.697752 0.465313 0.011990 0.005250
0 0.894671 0.466250 0.012989 0.010500
0 0.133639 0.464375 0.012989 0.007500
0 0.398834 0.586562 0.231807 0.309750
0 0.962948 0.460625 0.016986 0.009000
0 0.512906 0.461562 0.015987 0.011250
0 0.975437 0.463125 0.016986 0.019500
0 0.351374 0.506563 0.099917 0.123750
0 0.625729 0.470938 0.052956 0.039750
0 0.993505 0.462500 0.012989 0.021000
0 0.835137 0.461250 0.023980 0.018000
0 0.987927 0.462187 0.016986 0.021750
0 0.537469 0.462500 0.040966 0.028500
0 0.849292 0.556562 0.135887 0.257250
0 0.137386 0.455313 0.027977 0.015750
0 0.378018 0.457188 0.031973 0.023250
0 0.727311 0.459062 0.058951 0.030750
0 0.074105 0.448125 0.015987 0.006000
0 0.400916 0.475313 0.040966 0.074250
0 0.422148 0.452188 0.021982 0.020250
0 0.918401 0.444375 0.009992 0.007500
0 0.797669 0.447813 0.013988 0.015750
0 0.035470 0.466250 0.070941 0.060000
0 0.966694 0.446250 0.017985 0.016500
0 0.158618 0.452813 0.066944 0.033750
0 0.981682 0.442500 0.011990 0.012000
0 0.856370 0.443437 0.014988 0.014250
0 0.170275 0.440625 0.014988 0.007500
0 0.611574 0.444688 0.012989 0.018750
0 0.749792 0.445000 0.030974 0.021000
0 0.991007 0.440937 0.017985 0.015750
0 0.779767 0.448750 0.040966 0.034500
0 0.182764 0.439063 0.008993 0.011250
0 0.561199 0.437188 0.013988 0.009750
0 0.062032 0.434375 0.012989 0.006000
0 0.013489 0.438750 0.026978 0.018000
0 0.706078 0.433125 0.021982 0.006000
0 0.472939 0.439375 0.021982 0.021000
0 0.514571 0.443125 0.045962 0.031500
0 0.213572 0.434375 0.012989 0.010500
0 0.197752 0.436563 0.026978 0.015750
0 0.223980 0.435625 0.013988 0.018000
0 0.097419 0.430937 0.013988 0.009750
0 0.983764 0.429688 0.022981 0.012750
0 0.926311 0.456562 0.110908 0.080250
0 0.354288 0.427500 0.018984 0.010500
0 0.598251 0.436250 0.018984 0.033000
0 0.106162 0.427500 0.014988 0.012000
0 0.077435 0.434375 0.043963 0.028500
0 0.705662 0.425312 0.016986 0.008250
0 0.179434 0.429063 0.016986 0.017250
0 0.564946 0.423125 0.014988 0.007500
0 0.993505 0.423750 0.012989 0.012000
0 0.852206 0.421250 0.016986 0.007500
0 0.328060 0.420938 0.015987 0.011250
0 0.140716 0.427187 0.069942 0.030750
0 0.785179 0.417500 0.007993 0.010500
0 0.227727 0.420000 0.030974 0.016500
0 0.121149 0.414375 0.020983 0.009000
0 0.827644 0.409062 0.015987 0.005250
0 0.791840 0.460938 0.147877 0.131250
0 0.282265 0.410000 0.011990 0.012000
0 0.165695 0.413125 0.033972 0.022500
0 0.267694 0.406562 0.018984 0.014250
0 0.990008 0.409062 0.017985 0.023250
0 0.634888 0.423438 0.062948 0.057750
0 0.487927 0.414687 0.061948 0.036750
0 0.456286 0.405625 0.025978 0.019500
0 0.533722 0.423750 0.063947 0.064500
0 0.392173 0.400938 0.013988 0.009750
0 0.598251 0.495625 0.286761 0.241500
0 0.555787 0.402187 0.030974 0.017250
0 0.749376 0.402813 0.021982 0.020250
0 0.403414 0.400938 0.012989 0.015750
0 0.501665 0.398125 0.030974 0.012000
0 0.151540 0.403125 0.047960 0.028500
0 0.116903 0.462187 0.233805 0.177750
0 0.559950 0.390000 0.010991 0.009000
0 0.468360 0.392813 0.026978 0.015750
0 0.932556 0.388750 0.015987 0.009000
0 0.764363 0.403438 0.035970 0.044250
0 0.703164 0.388125 0.020983 0.010500
0 0.656120 0.384688 0.015987 0.008250
0 0.458368 0.386250 0.020983 0.012000
0 0.718152 0.383750 0.012989 0.010500
0 0.670275 0.385937 0.021982 0.017250
0 0.238968 0.382188 0.015987 0.012750
0 0.404246 0.385000 0.024979 0.022500
0 0.763530 0.379063 0.019983 0.012750
0 0.820566 0.393125 0.070941 0.049500
0 0.709825 0.375312 0.026978 0.008250
0 0.149042 0.379375 0.017985 0.021000
0 0.669858 0.373437 0.012989 0.009750
0 0.734388 0.408750 0.147877 0.097500
0 0.232306 0.369375 0.017985 0.010500
0 0.982098 0.366563 0.012989 0.008250
0 0.698585 0.365938 0.009992 0.006750
0 0.133222 0.367188 0.017985 0.011250
0 0.949542 0.402187 0.100916 0.096750
0 0.825978 0.368750 0.025978 0.019500
0 0.795171 0.364063 0.007993 0.008250
0 0.496253 0.364375 0.011990 0.013500
0 0.909659 0.362500 0.006994 0.010500
0 0.429642 0.360625 0.017985 0.007500
0 0.683181 0.370312 0.024979 0.038250
0 0.487094 0.363750 0.009992 0.022500
0 0.111990 0.363125 0.030974 0.021000
0 0.932556 0.360625 0.021982 0.019500
0 0.027893 0.357500 0.022981 0.015000
0 0.224396 0.355938 0.018984 0.014250
0 0.982515 0.350000 0.034971 0.012000
0 0.465445 0.349687 0.021982 0.011250
0 0.815154 0.357812 0.037968 0.032250
0 0.067444 0.346875 0.013988 0.010500
0 0.753955 0.345000 0.014988 0.009000
0 0.090758 0.341875 0.011990 0.010500
0 0.815570 0.346250 0.054954 0.031500
0 0.470025 0.340313 0.030974 0.017250
0 0.380516 0.349062 0.025978 0.039750
0 0.825146 0.335000 0.023980 0.012000
0 0.395087 0.334375 0.012989 0.012000
0 0.791840 0.329062 0.015987 0.009750
0 0.266861 0.329375 0.028976 0.015000
0 0.109492 0.336562 0.040966 0.038250
0 0.458784 0.327188 0.023980 0.017250
0 0.428809 0.335000 0.043963 0.039000
0 0.988510 0.321875 0.022981 0.009000
0 0.076187 0.328125 0.034971 0.027000
0 0.905495 0.321562 0.020983 0.012750
0 0.737719 0.320937 0.011990 0.017250
0 0.245629 0.317188 0.015987 0.008250
0 0.274771 0.320937 0.011990 0.018750
0 0.964530 0.338438 0.070941 0.072750
0 0.901332 0.311563 0.016986 0.009750
0 0.487927 0.310000 0.019983 0.012000
0 0.084929 0.311563 0.035970 0.021750
0 0.400916 0.309375 0.020983 0.019500
0 0.946295 0.310625 0.026978 0.024000
0 0.798085 0.313125 0.028976 0.031500
0 0.825562 0.304688 0.024979 0.012750
0 0.140300 0.309375 0.020983 0.027000
0 0.987510 0.306875 0.024979 0.024000
0 0.254371 0.308750 0.014988 0.028500
0 0.896336 0.366250 0.152873 0.171000
0 0.448793 0.299375 0.009992 0.016500
0 0.119900 0.312188 0.049958 0.048750
0 0.101166 0.298125 0.014988 0.016500
0 0.161948 0.297187 0.012989 0.015750
0 0.486261 0.308750 0.067943 0.045000
0 0.254371 0.296563 0.032973 0.017250
0 0.347211 0.290938 0.013988 0.005250
0 0.595337 0.291250 0.019983 0.010500
0 0.333472 0.295938 0.026978 0.021750
0 0.169858 0.294375 0.013988 0.018000
0 0.723980 0.289062 0.014988 0.008250
0 0.698585 0.297500 0.023980 0.028500
0 0.994005 0.289375 0.011990 0.010500
0 0.848043 0.295000 0.068943 0.024000
0 0.785179 0.286875 0.015987 0.010500
0 0.557036 0.286250 0.019983 0.013500
0 0.284346 0.283125 0.012989 0.010500
0 0.868859 0.282813 0.032973 0.020250
0 0.804746 0.279062 0.028976 0.015750
0 0.253539 0.276250 0.016986 0.012000
0 0.263530 0.275938 0.014988 0.014250
0 0.635720 0.276250 0.012989 0.016500
0 0.427977 0.273125 0.007993 0.009000
0 0.978768 0.271875 0.018984 0.007500
0 0.830142 0.300312 0.077935 0.077250
0 0.607410 0.278125 0.048959 0.027000
0 0.083264 0.269688 0.015987 0.006750
0 0.435887 0.275938 0.018984 0.029250
0 0.803081 0.267813 0.024979 0.011250
0 0.750624 0.266250 0.010991 0.010500
0 0.140716 0.265000 0.009992 0.007500
0 0.217735 0.264375 0.016986 0.009000
0 0.582015 0.266562 0.031973 0.020250
0 0.300999 0.262188 0.014988 0.009750
0 0.239800 0.261562 0.009992 0.011250
0 0.979600 0.261875 0.014988 0.013500
0 0.601166 0.261562 0.017985 0.015750
0 0.256453 0.262813 0.035970 0.023250
0 0.947960 0.257812 0.010991 0.014250
0 0.679434 0.255000 0.009992 0.009000
0 0.591590 0.254375 0.018984 0.010500
0 0.909242 0.258437 0.049958 0.026250
0 0.698168 0.264062 0.032973 0.039750
0 0.153206 0.250937 0.017985 0.008250
0 0.888426 0.251250 0.021982 0.012000
0 0.953789 0.245625 0.010991 0.007500
0 0.890092 0.242500 0.015987 0.006000
0 0.438801 0.243125 0.013988 0.010500
0 0.776020 0.242188 0.027977 0.018750
0 0.008493 0.243438 0.016986 0.021750
0 0.357619 0.240000 0.014988 0.015000
0 0.065779 0.245000 0.049958 0.034500
0 0.943047 0.269062 0.113905 0.096750
0 0.181515 0.232187 0.011990 0.008250
0 0.438385 0.230000 0.032973 0.010500
0 0.019567 0.230625 0.032973 0.013500
0 0.338468 0.231875 0.030974 0.019500
0 0.298501 0.239687 0.028976 0.041250
0 0.087843 0.228750 0.048959 0.018000
0 0.353872 0.226562 0.011990 0.015750
0 0.214405 0.225000 0.012989 0.013500
0 0.978351 0.224062 0.023980 0.023250
0 0.875520 0.255312 0.060949 0.098250
0 0.289759 0.221562 0.031973 0.021750
0 0.397585 0.221562 0.026978 0.029250
0 0.269359 0.214375 0.014988 0.015000
0 0.850541 0.214062 0.022981 0.018750
0 0.325146 0.227500 0.042964 0.055500
0 0.878851 0.206875 0.010991 0.007500
0 0.864280 0.207813 0.019983 0.009750
0 0.168193 0.211250 0.017985 0.018000
0 0.784763 0.209063 0.014988 0.017250
0 0.981682 0.210000 0.033972 0.021000
0 0.132390 0.206563 0.021982 0.012750
0 0.932973 0.228750 0.088926 0.069000
0 0.834305 0.213125 0.031973 0.034500
0 0.398834 0.201563 0.013988 0.009750
0 0.074938 0.200625 0.015987 0.012000
0 0.893838 0.199687 0.012989 0.011250
0 0.829725 0.196250 0.016986 0.004500
0 0.903830 0.196250 0.010991 0.012000
0 0.693172 0.195625 0.010991 0.010500
0 0.928809 0.195937 0.012989 0.012750
0 0.614904 0.316563 0.448626 0.302250
0 0.133639 0.195000 0.012989 0.010500
0 0.741049 0.209687 0.097918 0.048750
0 0.337635 0.196563 0.012989 0.017250
0 0.088260 0.193125 0.013988 0.010500
0 0.816819 0.229687 0.117902 0.101250
0 0.763947 0.194375 0.012989 0.018000
0 0.915487 0.191875 0.012989 0.015000
0 0.143630 0.187188 0.010991 0.008250
0 0.819734 0.186250 0.014988 0.010500
0 0.766445 0.185312 0.008993 0.008250
0 0.982515 0.190000 0.034971 0.024000
0 0.313072 0.184688 0.017985 0.011250
0 0.727311 0.186250 0.020983 0.021000
0 0.956286 0.192500 0.060949 0.037500
0 0.016236 0.179688 0.014988 0.009750
0 0.457119 0.185312 0.035970 0.029250
0 0.381765 0.173750 0.016986 0.012000
0 0.677352 0.181875 0.090924 0.034500
0 0.461282 0.170625 0.009992 0.009000
0 0.355537 0.171563 0.021982 0.012750
0 0.782265 0.182812 0.028976 0.042750
0 0.005995 0.167500 0.011990 0.010500
0 0.880100 0.200313 0.121898 0.093750
0 0.755204 0.177813 0.031973 0.041250
0 0.342215 0.169375 0.021982 0.021000
0 0.109908 0.165313 0.013988 0.011250
0 0.770192 0.165937 0.013988 0.015750
0 0.116570 0.178750 0.051957 0.046500
0 0.427977 0.201250 0.063947 0.102000
0 0.993505 0.162500 0.012989 0.013500
0 0.907993 0.161875 0.012989 0.016500
0 0.673189 0.157500 0.008993 0.010500
0 0.440050 0.156562 0.012989 0.008250
0 0.784346 0.156250 0.011990 0.010500
0 0.103664 0.169375 0.038968 0.045000
0 0.012989 0.158125 0.025978 0.021000
0 0.900916 0.151562 0.011990 0.009750
0 0.605745 0.153750 0.012989 0.016500
0 0.006994 0.151250 0.013988 0.010500
0 0.038718 0.150625 0.014988 0.010500
0 0.970525 0.162188 0.058951 0.041250
0 0.533722 0.149375 0.013988 0.012000
0 0.598668 0.145625 0.011990 0.007500
0 0.018318 0.146875 0.015987 0.010500
0 0.617818 0.146875 0.017985 0.012000
0 0.106162 0.145313 0.024979 0.012750
0 0.031640 0.144375 0.011990 0.010500
0 0.776020 0.146875 0.025978 0.025500
0 0.527061 0.140313 0.019983 0.009750
0 0.487927 0.142813 0.021982 0.020250
0 0.621565 0.138750 0.010991 0.012000
0 0.347211 0.137500 0.013988 0.012000
0 0.144047 0.139687 0.015987 0.018750
0 0.415071 0.138750 0.012989 0.018000
0 0.057452 0.145313 0.033972 0.033750
0 0.447960 0.141563 0.025978 0.027750
0 0.984513 0.136563 0.030974 0.017250
0 0.018318 0.132812 0.015987 0.009750
0 0.992506 0.130312 0.011990 0.006750
0 0.518318 0.131875 0.014988 0.010500
0 0.626145 0.128438 0.015987 0.009750
0 0.056619 0.127500 0.011990 0.007500
0 0.016486 0.134687 0.032973 0.032250
0 0.412157 0.122500 0.019983 0.009000
0 0.591590 0.131875 0.018984 0.033000
0 0.158201 0.122500 0.009992 0.010500
0 0.140716 0.125000 0.023980 0.016500
0 0.074521 0.125625 0.014988 0.018000
0 0.376353 0.120625 0.007993 0.010500
0 0.371357 0.127500 0.027977 0.027000
0 0.527061 0.122813 0.011990 0.017250
0 0.581182 0.116562 0.027977 0.008250
0 0.403414 0.124688 0.026978 0.027750
0 0.455454 0.116250 0.011990 0.015000
0 0.140300 0.114062 0.042964 0.020250
0 0.933805 0.140313 0.088926 0.084750
0 0.009492 0.113125 0.018984 0.021000
0 0.539967 0.105938 0.028976 0.009750
0 0.676936 0.127188 0.053955 0.063750
0 0.344713 0.113750 0.031973 0.036000
0 0.394255 0.106250 0.024979 0.019500
0 0.649875 0.102188 0.010991 0.011250
0 0.579101 0.108750 0.060949 0.027000
0 0.439634 0.112812 0.029975 0.036750
0 0.924646 0.101562 0.018984 0.011250
0 0.559534 0.100000 0.011990 0.009000
0 0.663614 0.098437 0.015987 0.006750
0 0.193172 0.097187 0.019983 0.006750
0 0.064113 0.102813 0.019983 0.021750
0 0.274355 0.096562 0.010991 0.011250
0 0.168609 0.117188 0.036969 0.062250
0 0.153622 0.097187 0.026978 0.014250
0 0.948793 0.095000 0.046961 0.016500
0 0.646961 0.092188 0.011990 0.009750
0 0.529142 0.094375 0.016986 0.016500
0 0.456286 0.091875 0.013988 0.012000
0 0.403414 0.091250 0.008993 0.010500
0 0.007993 0.093125 0.015987 0.018000
0 0.871774 0.092500 0.019983 0.018000
0 0.368027 0.106875 0.055953 0.054000
0 0.761865 0.107813 0.067943 0.059250
0 0.992090 0.086563 0.014988 0.009750
0 0.673605 0.091250 0.021982 0.025500
0 0.151124 0.085938 0.024979 0.015750
0 0.964030 0.104688 0.071940 0.062250
0 0.780600 0.084062 0.014988 0.012750
0 0.131141 0.093438 0.032973 0.038250
0 0.184846 0.081250 0.021982 0.018000
0 0.663614 0.081562 0.013988 0.020250
0 0.691507 0.083437 0.026978 0.026250
0 0.021232 0.080937 0.020983 0.020250
0 0.967943 0.078125 0.014988 0.015000
0 0.961699 0.076250 0.007993 0.010500
0 0.453789 0.073438 0.011990 0.006750
0 0.345129 0.085312 0.050958 0.036750
0 0.610325 0.086563 0.029975 0.041250
0 0.139467 0.074375 0.012989 0.012000
0 0.649042 0.072500 0.010991 0.012000
0 0.484180 0.076875 0.022981 0.022500
0 0.154038 0.074063 0.027977 0.017250
0 0.500000 0.075938 0.016986 0.024750
0 0.594505 0.069062 0.019983 0.009750
0 0.947960 0.077188 0.036969 0.033750
0 0.733139 0.072188 0.032973 0.023250
0 0.881349 0.067812 0.008993 0.014250
0 0.364696 0.072188 0.013988 0.024750
0 0.249376 0.067187 0.024979 0.012750
0 0.017902 0.068750 0.022981 0.016500
0 0.964197 0.065937 0.013988 0.012750
0 0.666944 0.069062 0.035970 0.020250
0 0.405912 0.065312 0.022981 0.011250
0 0.735221 0.060625 0.019983 0.009000
0 0.677769 0.058438 0.013988 0.011250
0 0.168193 0.057188 0.029975 0.009750
0 0.713156 0.117188 0.082931 0.155250
0 0.853872 0.075625 0.056953 0.057000
0 0.611574 0.060312 0.048959 0.020250
0 0.005995 0.055938 0.011990 0.011250
0 0.979017 0.062500 0.041965 0.034500
0 0.021649 0.055625 0.031973 0.022500
0 0.945046 0.056250 0.057952 0.025500
0 0.871357 0.051562 0.020983 0.017250
0 0.849292 0.050000 0.025978 0.016500
0 0.945462 0.047813 0.014988 0.012750
0 0.030391 0.048125 0.026978 0.016500
0 0.550375 0.074063 0.111907 0.083250
0 0.009992 0.042500 0.019983 0.007500
0 0.808493 0.066562 0.083930 0.066750
0 0.552456 0.047188 0.018984 0.023250
0 0.484596 0.043437 0.019983 0.014250
0 0.458368 0.058125 0.054954 0.049500
0 0.866778 0.040000 0.015987 0.009000
0 0.761865 0.059375 0.057952 0.057000
0 0.993006 0.042813 0.013988 0.018750
0 0.152373 0.048438 0.021982 0.032250
0 0.425895 0.045312 0.018984 0.026250
0 0.980433 0.041250 0.018984 0.018000
0 0.853039 0.038125 0.022981 0.015000
0 0.960033 0.039688 0.023980 0.021750
0 0.707744 0.038437 0.027977 0.018750
0 0.250624 0.034063 0.011990 0.009750
0 0.449625 0.035000 0.015987 0.013500
0 0.160283 0.032813 0.014988 0.009750
0 0.673605 0.035625 0.021982 0.019500
0 0.330558 0.034375 0.023980 0.016500
0 0.049958 0.031563 0.009992 0.009750
0 0.844296 0.030312 0.013988 0.008250
0 0.991507 0.031250 0.016986 0.013500
0 0.837219 0.030000 0.012989 0.010500
0 0.343880 0.026562 0.015987 0.006750
0 0.809742 0.035937 0.050958 0.033750
0 0.415071 0.036562 0.032973 0.038250
0 0.932140 0.035000 0.036969 0.036000
0 0.612823 0.022187 0.013988 0.005250
0 0.165695 0.025937 0.023980 0.014250
0 0.225229 0.022187 0.016986 0.008250
0 0.104913 0.022500 0.017985 0.009000
0 0.986261 0.023438 0.006994 0.012750
0 0.554122 0.022187 0.010991 0.009750
0 0.869276 0.024688 0.015987 0.018750
0 0.359284 0.020000 0.012989 0.010500
0 0.456703 0.020000 0.022981 0.012000
0 0.993006 0.016563 0.013988 0.006750
0 0.317652 0.019688 0.016986 0.014250
0 0.823480 0.100500 0.259784 0.201000
0 0.194421 0.019688 0.012989 0.015750
0 0.022065 0.017812 0.012989 0.011250
0 0.758535 0.031250 0.037968 0.046500
0 0.650708 0.050625 0.114904 0.093000
0 0.052456 0.018750 0.021982 0.016500
0 0.032973 0.025937 0.065945 0.035250
0 0.639883 0.017812 0.012989 0.024750
0 0.762281 0.009687 0.010991 0.006750
0 0.970441 0.020938 0.040966 0.035250
0 0.834721 0.016875 0.038968 0.027000
0 0.452956 0.007812 0.013988 0.012750
0 0.171940 0.011250 0.018984 0.022500
0 0.624063 0.007875 0.014988 0.015750
0 0.985012 0.006750 0.029975 0.013500
0 0.927977 0.013125 0.100916 0.026250
0 0.891757 0.004875 0.017985 0.009750
0 0.866361 0.006375 0.018984 0.012750
0 0.854288 0.018375 0.043963 0.036750
0 0.828893 0.005625 0.014988 0.011250
0 0.792673 0.019500 0.051957 0.039000
0 0.782681 0.007875 0.025978 0.015750
0 0.761449 0.003750 0.022981 0.007500
0 0.736053 0.010875 0.027977 0.021750
0 0.718152 0.034875 0.066944 0.069750
0 0.663614 0.018375 0.049958 0.036750
0 0.637802 0.007125 0.015987 0.014250
0 0.609908 0.006375 0.020983 0.012750
0 0.573689 0.044625 0.087927 0.089250
0 0.496253 0.041250 0.105912 0.082500
0 0.472939 0.010875 0.037968 0.021750
0 0.420899 0.022875 0.068943 0.045750
0 0.412989 0.004500 0.027977 0.009000
0 0.396753 0.005250 0.008993 0.010500
0 0.268110 0.006000 0.011990 0.012000
0 0.248127 0.006000 0.015987 0.012000
0 0.406162 0.309000 0.812323 0.618000
0 0.216486 0.010125 0.023980 0.020250
0 0.192340 0.007875 0.025978 0.015750
0 0.178185 0.004875 0.007993 0.009750
0 0.098418 0.207375 0.196836 0.414750
0 0.127810 0.004500 0.032973 0.009000
0 0.062864 0.006750 0.020983 0.013500
0 0.031224 0.010125 0.050958 0.020250
