0 0.630938 0.994505 0.011250 0.010991
0 0.402187 0.992506 0.018750 0.009992
0 0.386250 0.992007 0.010500 0.015987
0 0.610313 0.984596 0.008250 0.010991
0 0.566562 0.985845 0.012750 0.013988
0 0.774375 0.987927 0.015000 0.020983
0 0.561562 0.985012 0.023250 0.029975
0 0.283125 0.979184 0.030000 0.015987
0 0.500938 0.982015 0.015750 0.035970
0 0.354063 0.981266 0.030750 0.028976
0 0.676875 0.980433 0.015000 0.032973
0 0.369063 0.977519 0.032250 0.037968
0 0.589375 0.976020 0.040500 0.047960
0 0.507812 0.966694 0.008250 0.017985
0 0.572187 0.963780 0.008250 0.012989
0 0.419063 0.966694 0.014250 0.021982
0 0.416563 0.956286 0.005250 0.012989
0 0.682813 0.960033 0.012750 0.025978
0 0.284062 0.965445 0.045750 0.038968
0 0.445937 0.957952 0.009750 0.022981
0 0.700937 0.965445 0.026250 0.046961
0 0.768750 0.968027 0.048000 0.063947
0 0.632500 0.964530 0.069000 0.070941
0 0.354375 0.938801 0.010500 0.012989
0 0.612187 0.936303 0.009750 0.008993
0 0.305937 0.935470 0.009750 0.030974
0 0.333750 0.944213 0.022500 0.053955
0 0.410000 0.926311 0.013500 0.028976
0 0.424063 0.917569 0.008250 0.009992
0 0.287187 0.914238 0.033750 0.021982
0 0.685000 0.924230 0.030000 0.047960
0 0.774062 0.922565 0.032250 0.049958
0 0.383750 0.930058 0.060000 0.081932
0 0.518750 0.900500 0.007500 0.016986
0 0.150750 0.930058 0.301500 0.139883
0 0.320312 0.896753 0.072750 0.039967
0 0.808125 0.905912 0.052500 0.067943
0 0.578750 0.892590 0.019500 0.039967
0 0.635312 0.887594 0.032250 0.035970
0 0.472813 0.882598 0.029250 0.035970
0 0.510000 0.884679 0.052500 0.050958
0 0.538750 0.865945 0.015000 0.009992
0 0.415938 0.879684 0.035250 0.044963
0 0.609062 0.875520 0.011250 0.036969
0 0.352187 0.869692 0.041250 0.022981
0 0.550625 0.913572 0.294000 0.172856
0 0.790625 0.878851 0.085500 0.058951
0 0.436250 0.861366 0.016500 0.018984
0 0.282187 0.861366 0.020250 0.024979
0 0.235000 0.869276 0.043500 0.051957
0 0.322188 0.852206 0.021750 0.012989
0 0.576562 0.855537 0.068250 0.034971
0 0.754687 0.846794 0.018750 0.019983
0 0.296563 0.845962 0.033750 0.025978
0 0.661875 0.853872 0.045000 0.052956
0 0.337813 0.838052 0.018750 0.014988
0 0.265000 0.841799 0.019500 0.025978
0 0.452500 0.836386 0.007500 0.016986
0 0.622188 0.848460 0.035250 0.047960
0 0.592812 0.830142 0.011250 0.015987
0 0.783750 0.837635 0.046500 0.043963
0 0.727500 0.863031 0.051000 0.104913
0 0.379375 0.856370 0.046500 0.088926
0 0.698438 0.841799 0.036750 0.057952
0 0.339375 0.821399 0.006000 0.012989
0 0.794375 0.819734 0.015000 0.014988
0 0.582812 0.827227 0.011250 0.044963
0 0.433750 0.815987 0.043500 0.021982
0 0.544375 0.811407 0.019500 0.014988
0 0.506250 0.835970 0.132000 0.075937
0 0.190938 0.810158 0.026250 0.015987
0 0.707187 0.805579 0.005250 0.016986
0 0.751875 0.810991 0.033000 0.031973
0 0.247188 0.802248 0.008250 0.022981
0 0.567500 0.794338 0.022500 0.017985
0 0.398125 0.820566 0.070500 0.086928
0 0.418125 0.789342 0.007500 0.013988
0 0.687500 0.799750 0.034500 0.044963
0 0.326562 0.786012 0.009750 0.013988
0 0.805625 0.776436 0.018000 0.008993
0 0.845625 0.777269 0.019500 0.020983
0 0.785937 0.786428 0.036750 0.042964
0 0.659062 0.780183 0.030750 0.027977
0 0.255937 0.771857 0.026250 0.015987
0 0.300625 0.791424 0.063000 0.074938
0 0.191562 0.782681 0.035250 0.057952
0 0.344375 0.770608 0.025500 0.030974
0 0.790000 0.759367 0.006000 0.015987
0 0.514687 0.794338 0.111750 0.101915
0 0.285938 0.760616 0.044250 0.024979
0 0.614062 0.788093 0.087750 0.092923
0 0.600938 0.767694 0.032250 0.049958
0 0.670625 0.754788 0.027000 0.022981
0 0.815937 0.787261 0.033750 0.102914
0 0.427187 0.768943 0.105750 0.058951
0 0.455937 0.739800 0.008250 0.010991
0 0.794063 0.742298 0.018750 0.018984
0 0.438437 0.743547 0.017250 0.021982
0 0.753125 0.761032 0.079500 0.077935
0 0.467500 0.735221 0.004500 0.015987
0 0.369063 0.770192 0.062250 0.101915
0 0.855313 0.731890 0.011250 0.017985
0 0.415312 0.735221 0.042750 0.025978
0 0.629687 0.726894 0.014250 0.009992
0 0.552500 0.750624 0.088500 0.066944
0 0.837812 0.745629 0.041250 0.062948
0 0.648125 0.722315 0.012000 0.010991
0 0.370000 0.721066 0.018000 0.007993
0 0.706250 0.765196 0.061500 0.119900
0 0.350625 0.723564 0.019500 0.029975
0 0.739062 0.733555 0.035250 0.055953
0 0.763750 0.716486 0.009000 0.016986
0 0.392500 0.716486 0.015000 0.016986
0 0.319688 0.737719 0.053250 0.067943
0 0.480938 0.728143 0.030750 0.046961
0 0.404687 0.716903 0.008250 0.019983
0 0.840938 0.709825 0.020250 0.014988
0 0.799375 0.710658 0.010500 0.020983
0 0.686875 0.706495 0.013500 0.018984
0 0.045937 0.709825 0.045750 0.038968
0 0.776250 0.711490 0.039000 0.044963
0 0.462187 0.699833 0.032250 0.016986
0 0.426875 0.712323 0.049500 0.046961
0 0.665937 0.713572 0.032250 0.053955
0 0.853437 0.706078 0.015750 0.037968
0 0.499063 0.721898 0.038250 0.085928
0 0.825937 0.699001 0.039750 0.038968
0 0.311250 0.694421 0.015000 0.029975
0 0.371250 0.695254 0.042000 0.033972
0 0.523750 0.691091 0.031500 0.053955
0 0.289687 0.686928 0.030750 0.043963
0 0.388750 0.679434 0.009000 0.029975
0 0.691875 0.697336 0.069000 0.076936
0 0.271250 0.707327 0.058500 0.102914
0 0.787813 0.673189 0.030750 0.028976
0 0.746250 0.676103 0.039000 0.041965
0 0.858437 0.698168 0.045750 0.106911
0 0.496875 0.668193 0.037500 0.038968
0 0.879062 0.672773 0.033750 0.053955
0 0.663438 0.661116 0.006750 0.025978
0 0.816250 0.659034 0.012000 0.028976
0 0.695312 0.653206 0.006750 0.016986
0 0.473438 0.658618 0.035250 0.029975
0 0.379688 0.656953 0.017250 0.027977
0 0.362500 0.650708 0.016500 0.012989
0 0.893437 0.648210 0.015750 0.008993
0 0.620938 0.699833 0.062250 0.136886
0 0.830313 0.648626 0.020250 0.017985
0 0.333437 0.681099 0.059250 0.099917
0 0.867812 0.647377 0.017250 0.020983
0 0.793125 0.642381 0.012000 0.008993
0 0.774375 0.648626 0.013500 0.027977
0 0.597500 0.632806 0.016500 0.007993
0 0.725625 0.648210 0.027000 0.046961
0 0.474062 0.636553 0.006750 0.022981
0 0.813125 0.633639 0.013500 0.021982
0 0.454375 0.640300 0.034500 0.037968
0 0.426250 0.657369 0.076500 0.078934
0 0.380625 0.630308 0.013500 0.017985
0 0.904687 0.632390 0.017250 0.026978
0 0.626250 0.626978 0.018000 0.013988
0 0.356250 0.623647 0.012000 0.011990
0 0.793750 0.625729 0.006000 0.020983
0 0.397500 0.621565 0.012000 0.012989
0 0.302500 0.622398 0.018000 0.018984
0 0.526563 0.638634 0.071250 0.061948
0 0.375625 0.617818 0.010500 0.015987
0 0.581562 0.675687 0.090750 0.158868
0 0.276562 0.634055 0.057750 0.072939
0 0.880313 0.604913 0.008250 0.018984
0 0.807187 0.605329 0.024750 0.023980
0 0.283438 0.601166 0.012750 0.017985
0 0.375625 0.598668 0.006000 0.017985
0 0.296563 0.601998 0.009750 0.025978
0 0.837500 0.607410 0.049500 0.040966
0 0.870000 0.603247 0.010500 0.032973
0 0.484063 0.615321 0.029250 0.061948
0 0.759687 0.618651 0.069750 0.071940
0 0.331562 0.605329 0.047250 0.045962
0 0.831250 0.588676 0.018000 0.007993
0 0.356250 0.589092 0.009000 0.014988
0 0.186562 0.601582 0.050250 0.044963
0 0.895625 0.599917 0.027000 0.042964
0 0.788438 0.591590 0.029250 0.022981
0 0.528438 0.592423 0.020250 0.024979
0 0.370000 0.581182 0.012000 0.009992
0 0.711250 0.580350 0.015000 0.009992
0 0.348438 0.575354 0.012750 0.017985
0 0.639687 0.614072 0.131250 0.114904
0 0.878125 0.579933 0.009000 0.034971
0 0.513750 0.571607 0.016500 0.014988
0 0.560937 0.582848 0.048750 0.047960
0 0.586250 0.566195 0.013500 0.009992
0 0.277813 0.580766 0.038250 0.046961
0 0.597500 0.567027 0.006000 0.015987
0 0.303125 0.569525 0.019500 0.025978
0 0.403125 0.584097 0.072000 0.086928
0 0.531250 0.556619 0.025500 0.022981
0 0.775312 0.559950 0.029250 0.044963
0 0.614375 0.551624 0.048000 0.024979
0 0.898438 0.556619 0.029250 0.040966
0 0.496250 0.562032 0.037500 0.057952
0 0.968125 0.564946 0.034500 0.068943
0 0.636250 0.541632 0.006000 0.014988
0 0.683750 0.560783 0.076500 0.064946
0 0.448125 0.579517 0.069000 0.111907
0 0.341562 0.547877 0.071250 0.045962
0 0.815000 0.533306 0.009000 0.012989
0 0.409375 0.543297 0.025500 0.038968
0 0.482187 0.535803 0.014250 0.026978
0 0.542188 0.534555 0.006750 0.025978
0 0.647500 0.534138 0.027000 0.026978
0 0.314688 0.529559 0.015750 0.029975
0 0.878125 0.535387 0.058500 0.049958
0 0.840625 0.550375 0.078000 0.085928
0 0.414375 0.527893 0.040500 0.049958
0 0.337813 0.519151 0.032250 0.032973
0 0.706875 0.512073 0.007500 0.019983
0 0.530000 0.513739 0.045000 0.023980
0 0.680937 0.514571 0.017250 0.033972
0 0.557813 0.529142 0.021750 0.072939
0 0.482812 0.505828 0.012750 0.016986
0 0.852812 0.500000 0.011250 0.008993
0 0.918125 0.522065 0.019500 0.063947
0 0.866875 0.511241 0.021000 0.037968
0 0.463125 0.510408 0.031500 0.037968
0 0.717187 0.564113 0.099750 0.178851
0 0.645000 0.509992 0.061500 0.050958
0 0.594375 0.523314 0.063000 0.084929
0 0.555312 0.490841 0.011250 0.012989
0 0.304063 0.504580 0.012750 0.045962
0 0.331250 0.492506 0.007500 0.018984
0 0.384375 0.510824 0.033000 0.066944
0 0.762813 0.509575 0.044250 0.069942
0 0.784375 0.496253 0.037500 0.041965
0 0.818125 0.529559 0.066000 0.125895
0 0.316250 0.480849 0.013500 0.008993
0 0.911563 0.484180 0.006750 0.024979
0 0.802813 0.474188 0.006750 0.014988
0 0.655000 0.475853 0.010500 0.030974
0 0.768125 0.475437 0.016500 0.031973
0 0.714063 0.475437 0.027750 0.035970
0 0.443750 0.467943 0.040500 0.019983
0 0.573438 0.480849 0.030750 0.052956
0 0.790625 0.467111 0.007500 0.021982
0 0.411875 0.482515 0.043500 0.058951
0 0.849063 0.475021 0.051750 0.044963
0 0.675000 0.463780 0.024000 0.021982
0 0.733437 0.469192 0.012750 0.036969
0 0.601875 0.479600 0.058500 0.063947
0 0.294687 0.463364 0.053250 0.032973
0 0.807500 0.453789 0.034500 0.025978
0 0.868125 0.469609 0.060000 0.071940
0 0.721250 0.443797 0.024000 0.019983
0 0.499375 0.478768 0.118500 0.105912
0 0.573438 0.443797 0.006750 0.023980
0 0.702812 0.436719 0.011250 0.016986
0 0.435312 0.445878 0.048750 0.040966
0 0.334375 0.433389 0.015000 0.016986
0 0.348125 0.462948 0.082500 0.089925
0 0.767188 0.450042 0.062250 0.060949
0 0.894687 0.448376 0.062250 0.058951
0 0.721250 0.427144 0.015000 0.007993
0 0.392500 0.437136 0.022500 0.041965
0 0.233750 0.432140 0.018000 0.029975
0 0.824375 0.430475 0.045000 0.027977
0 0.691875 0.429642 0.054000 0.033972
0 0.925625 0.424230 0.007500 0.026978
0 0.505938 0.425062 0.011250 0.028976
0 0.762188 0.421316 0.017250 0.027977
0 0.398438 0.413405 0.012750 0.008993
0 0.360312 0.422565 0.009750 0.030974
0 0.420625 0.425062 0.039000 0.044963
0 0.583750 0.413405 0.012000 0.022981
0 0.542188 0.422981 0.050250 0.045962
0 0.483750 0.415903 0.036000 0.030974
0 0.569375 0.413405 0.016500 0.028976
0 0.784062 0.408410 0.032250 0.024979
0 0.614062 0.424646 0.065250 0.083930
0 0.453125 0.413405 0.060000 0.056953
0 0.599688 0.398002 0.017250 0.021982
0 0.585625 0.393422 0.009000 0.016986
0 0.097812 0.405912 0.014250 0.054954
0 0.358438 0.401749 0.074250 0.048959
0 0.240313 0.400083 0.027750 0.044963
0 0.210625 0.408826 0.039000 0.065945
0 0.710625 0.402581 0.106500 0.054954
0 0.502812 0.398418 0.053250 0.044963
0 0.785000 0.389259 0.015000 0.026978
0 0.386250 0.385928 0.009000 0.018984
0 0.527813 0.390508 0.048750 0.033972
0 0.759062 0.377186 0.014250 0.011990
0 0.407500 0.387594 0.013500 0.036969
0 0.112500 0.389675 0.021000 0.049958
0 0.833125 0.393838 0.085500 0.069942
0 0.553750 0.374271 0.031500 0.022981
0 0.442812 0.368443 0.029250 0.016986
0 0.700625 0.364696 0.007500 0.015987
0 0.880000 0.382598 0.114000 0.066944
0 0.470000 0.376353 0.033000 0.059950
0 0.737812 0.361782 0.038250 0.034971
0 0.648125 0.361366 0.022500 0.033972
0 0.416875 0.360949 0.013500 0.032973
0 0.811250 0.348460 0.015000 0.008993
0 0.759375 0.355537 0.010500 0.029975
0 0.520312 0.358035 0.012750 0.037968
0 0.657500 0.404663 0.090000 0.155870
0 0.463125 0.344713 0.013500 0.017985
0 0.783750 0.356370 0.045000 0.049958
0 0.871875 0.349709 0.031500 0.037968
0 0.841875 0.338052 0.022500 0.021982
0 0.824688 0.333056 0.018750 0.015987
0 0.439063 0.327644 0.018750 0.018984
0 0.859375 0.325146 0.018000 0.016986
0 0.435312 0.338468 0.029250 0.048959
0 0.459062 0.325978 0.018750 0.020983
0 0.913438 0.330142 0.048750 0.044963
0 0.559375 0.326395 0.033000 0.043963
0 0.379688 0.343464 0.080250 0.084929
0 0.397500 0.309742 0.016500 0.009992
0 0.700937 0.313072 0.017250 0.023980
0 0.617500 0.337219 0.118500 0.081932
0 0.506563 0.333056 0.092250 0.075937
0 0.375312 0.318901 0.020250 0.045962
0 0.676562 0.318068 0.036750 0.045962
0 0.800312 0.317236 0.048750 0.045962
0 0.502812 0.300999 0.020250 0.014988
0 0.737500 0.320983 0.066000 0.066944
0 0.708750 0.296003 0.007500 0.022981
0 0.787500 0.301832 0.027000 0.038968
0 0.658125 0.296003 0.007500 0.024979
0 0.408438 0.291840 0.008250 0.022981
0 0.844063 0.296420 0.041250 0.045962
0 0.512500 0.283097 0.010500 0.017985
0 0.963437 0.285595 0.045750 0.039967
0 0.597187 0.272273 0.014250 0.007993
0 0.481875 0.281432 0.040500 0.029975
0 0.604375 0.306828 0.072000 0.092923
0 0.702812 0.279351 0.071250 0.036969
0 0.655312 0.282265 0.033750 0.051957
0 0.435625 0.288510 0.070500 0.072939
0 0.572187 0.279767 0.039750 0.061948
0 0.254375 0.274355 0.045000 0.052956
0 0.737500 0.268526 0.015000 0.042964
0 0.487812 0.260616 0.008250 0.025978
0 0.436250 0.257702 0.006000 0.022981
0 0.781250 0.264779 0.043500 0.041965
0 0.822187 0.265612 0.054750 0.045962
0 0.388125 0.271857 0.064500 0.060949
0 0.659375 0.250208 0.022500 0.010991
0 0.527813 0.279767 0.068250 0.103913
0 0.633125 0.250624 0.018000 0.035970
0 0.742188 0.246045 0.039750 0.038968
0 0.449062 0.251457 0.033750 0.061948
0 0.420000 0.237302 0.031500 0.039967
0 0.628437 0.240633 0.033750 0.055953
0 0.199063 0.232306 0.015750 0.039967
0 0.529062 0.223147 0.047250 0.029975
0 0.669375 0.235637 0.063000 0.065945
0 0.748437 0.209825 0.011250 0.009992
0 0.664375 0.209825 0.006000 0.013988
0 0.802813 0.228976 0.029250 0.063947
0 0.210625 0.216486 0.045000 0.039967
0 0.486875 0.230225 0.054000 0.076936
0 0.558125 0.205246 0.012000 0.022981
0 0.717187 0.227727 0.050250 0.078934
0 0.772500 0.220233 0.046500 0.064946
0 0.544687 0.199001 0.011250 0.013988
0 0.609375 0.230225 0.060000 0.092923
0 0.438750 0.207744 0.048000 0.040966
0 0.956875 0.193589 0.045000 0.026978
0 0.692187 0.192340 0.011250 0.035970
0 0.779062 0.186928 0.006750 0.026978
0 0.588437 0.196087 0.038250 0.054954
0 0.717812 0.182764 0.026250 0.028976
0 0.401250 0.214405 0.036000 0.106911
0 0.533125 0.186095 0.048000 0.052956
0 0.477812 0.176103 0.053250 0.038968
0 0.572187 0.166112 0.042750 0.024979
0 0.697812 0.164030 0.014250 0.021982
0 0.755625 0.161532 0.021000 0.019983
0 0.649062 0.181099 0.032250 0.070941
0 0.608437 0.161948 0.015750 0.030974
0 0.752188 0.145296 0.012750 0.008993
0 0.685937 0.169858 0.057750 0.075937
0 0.439375 0.161116 0.034500 0.064946
0 0.636875 0.137386 0.009000 0.009992
0 0.685937 0.138218 0.015750 0.025978
0 0.776250 0.149875 0.037500 0.057952
0 0.670312 0.130724 0.020250 0.011990
0 0.528125 0.141965 0.049500 0.046961
0 0.607812 0.148626 0.068250 0.072939
0 0.633437 0.118651 0.011250 0.026978
0 0.661875 0.113655 0.012000 0.020983
0 0.722187 0.152373 0.063750 0.121898
0 0.610313 0.111574 0.039750 0.027977
0 0.646250 0.105745 0.021000 0.017985
0 0.747500 0.110741 0.033000 0.049958
0 0.780937 0.113239 0.036750 0.065945
0 0.687500 0.099500 0.021000 0.032973
0 0.567813 0.107827 0.033750 0.072939
0 0.668438 0.074521 0.026250 0.022981
0 0.720938 0.055787 0.006750 0.019983
0 0.692187 0.051624 0.024750 0.033972
0 0.600000 0.062448 0.034500 0.063947
0 0.634375 0.053705 0.060000 0.090924
0 0.776875 0.103913 0.446250 0.207827
0 0.087375 0.333722 0.174750 0.667444
