0 0.420703 0.995000 0.014063 0.010000
0 0.923047 0.992500 0.015938 0.015000
0 0.744141 0.992500 0.027187 0.015000
0 0.037500 0.992500 0.009375 0.015000
0 0.361328 0.992188 0.015938 0.013750
0 0.202344 0.992188 0.020625 0.013750
0 0.044141 0.991875 0.010312 0.016250
0 0.724609 0.991250 0.017813 0.017500
0 0.406641 0.991250 0.015938 0.017500
0 0.026953 0.990104 0.012188 0.013750
0 0.762109 0.989583 0.010312 0.017500
0 0.087500 0.988125 0.028125 0.023750
0 0.203125 0.978646 0.013125 0.013750
0 0.756250 0.981250 0.015000 0.022500
0 0.253125 0.983125 0.016875 0.033750
0 0.052734 0.981250 0.034687 0.037500
0 0.191797 0.981875 0.012188 0.036250
0 0.102734 0.978750 0.029062 0.042500
0 0.021562 0.975521 0.043125 0.026250
0 0.082812 0.976042 0.018750 0.030000
0 0.976172 0.971875 0.010312 0.022500
0 0.356641 0.970833 0.030937 0.032500
0 0.986406 0.970313 0.027187 0.038750
0 0.203125 0.951042 0.015000 0.010000
0 0.185156 0.966146 0.026250 0.048750
0 0.296484 0.965625 0.122812 0.068750
0 0.990625 0.944271 0.018750 0.016250
0 0.867188 0.946875 0.039375 0.070000
0 0.666016 0.922917 0.010312 0.015000
0 0.859766 0.925521 0.019688 0.031250
0 0.365234 0.918750 0.015938 0.015000
0 0.027734 0.924479 0.012188 0.028750
0 0.597266 0.920312 0.015938 0.023750
0 0.037500 0.921354 0.007500 0.026250
0 0.048281 0.942708 0.096562 0.112500
0 0.046875 0.901042 0.020625 0.035000
0 0.021875 0.903125 0.039375 0.040000
0 0.021484 0.891146 0.019688 0.016250
0 0.005156 0.898438 0.010312 0.033750
0 0.550000 0.892708 0.011250 0.025000
0 0.869922 0.886979 0.010312 0.021250
0 0.993906 0.881250 0.012188 0.010000
0 0.970703 0.881250 0.015938 0.017500
0 0.391406 0.880208 0.013125 0.017500
0 0.291016 0.880208 0.010312 0.020000
0 0.059375 0.880208 0.020625 0.020000
0 0.147656 0.880729 0.018750 0.023750
0 0.655469 0.865104 0.009375 0.016250
0 0.167578 0.861458 0.010312 0.012500
0 0.122266 0.913750 0.150938 0.172500
0 0.303125 0.859896 0.013125 0.021250
0 0.263672 0.858333 0.010312 0.017500
0 0.251172 0.855208 0.012188 0.022500
0 0.007422 0.848437 0.014063 0.013750
0 0.257422 0.841146 0.014063 0.018750
0 0.713281 0.831250 0.018750 0.020000
0 0.742188 0.831771 0.016875 0.026250
0 0.411328 0.825521 0.006563 0.018750
0 0.420312 0.821875 0.011250 0.025000
0 0.281641 0.836979 0.053437 0.061250
0 0.251172 0.817708 0.029062 0.032500
0 0.008437 0.814583 0.016875 0.027500
0 0.666016 0.812500 0.015938 0.025000
0 0.757812 0.804167 0.007500 0.015000
0 0.353906 0.803646 0.015000 0.016250
0 0.994375 0.803646 0.011250 0.021250
0 0.276172 0.802604 0.010312 0.018750
0 0.964063 0.804688 0.033750 0.031250
0 0.982422 0.798438 0.021562 0.028750
0 0.917969 0.803646 0.013125 0.043750
0 0.117188 0.808333 0.045000 0.065000
0 0.220703 0.785417 0.010312 0.015000
0 0.977344 0.784896 0.028125 0.016250
0 0.011250 0.783854 0.022500 0.028750
0 0.913672 0.778646 0.015938 0.018750
0 0.993906 0.779687 0.012188 0.031250
0 0.356641 0.773438 0.008437 0.018750
0 0.423047 0.774479 0.014063 0.023750
0 0.151953 0.766667 0.014063 0.020000
0 0.089063 0.775000 0.016875 0.040000
0 0.450391 0.761979 0.015938 0.021250
0 0.102344 0.773958 0.018750 0.050000
0 0.985938 0.763542 0.028125 0.027500
0 0.145703 0.783333 0.030937 0.077500
0 0.080469 0.758854 0.016875 0.023750
0 0.342969 0.751563 0.016875 0.011250
0 0.915234 0.757292 0.010312 0.030000
0 0.033203 0.743750 0.017813 0.010000
0 0.802734 0.745313 0.014063 0.023750
0 0.101719 0.813021 0.203437 0.188750
0 0.542188 0.738021 0.016875 0.013750
0 0.450391 0.741667 0.017813 0.025000
0 0.115234 0.752604 0.027187 0.051250
0 0.203125 0.735417 0.013125 0.015000
0 0.484766 0.735417 0.012188 0.017500
0 0.013281 0.730729 0.013125 0.011250
0 0.477734 0.733854 0.014063 0.023750
0 0.114453 0.728125 0.015938 0.010000
0 0.666406 0.726042 0.011250 0.012500
0 0.239844 0.730208 0.018750 0.022500
0 0.046875 0.726562 0.018750 0.013750
0 0.328906 0.728125 0.011250 0.020000
0 0.171484 0.725000 0.014063 0.012500
0 0.133594 0.744271 0.041250 0.061250
0 0.634766 0.727083 0.027187 0.030000
0 0.503906 0.720833 0.013125 0.015000
0 0.162109 0.722917 0.019688 0.022500
0 0.897266 0.719271 0.010312 0.018750
0 0.653125 0.719271 0.015000 0.021250
0 0.524219 0.722917 0.018750 0.030000
0 0.070703 0.733333 0.038437 0.055000
0 0.825000 0.715104 0.011250 0.013750
0 0.517188 0.714063 0.013125 0.011250
0 0.253516 0.719792 0.017813 0.025000
0 0.048438 0.713542 0.020625 0.015000
0 0.332422 0.712500 0.012188 0.017500
0 0.206250 0.714063 0.018750 0.023750
0 0.029297 0.720313 0.027187 0.041250
0 0.303516 0.705208 0.008437 0.012500
0 0.138281 0.719792 0.039375 0.047500
0 0.035937 0.706250 0.007500 0.015000
0 0.010781 0.713021 0.021562 0.031250
0 0.614062 0.704167 0.009375 0.012500
0 0.555859 0.719271 0.030937 0.048750
0 0.455078 0.715625 0.021562 0.040000
0 0.493359 0.720313 0.019688 0.056250
0 0.527344 0.700521 0.015000 0.021250
0 0.069531 0.698438 0.022500 0.021250
0 0.049609 0.697396 0.012188 0.018750
0 0.496484 0.693750 0.021562 0.015000
0 0.482422 0.734896 0.057188 0.113750
0 0.448047 0.692708 0.015938 0.012500
0 0.167969 0.693229 0.011250 0.013750
0 0.993906 0.691667 0.012188 0.020000
0 0.786328 0.696875 0.012188 0.032500
0 0.625000 0.703646 0.043125 0.048750
0 0.109766 0.689583 0.008437 0.015000
0 0.299609 0.689583 0.015938 0.017500
0 0.603906 0.692187 0.033750 0.028750
0 0.685547 0.682813 0.017813 0.013750
0 0.188672 0.680729 0.019688 0.013750
0 0.387109 0.751042 0.132187 0.187500
0 0.078906 0.679167 0.015000 0.025000
0 0.271094 0.672396 0.011250 0.011250
0 0.802734 0.698958 0.045937 0.090000
0 0.643359 0.668229 0.032813 0.026250
0 0.305469 0.667188 0.018750 0.023750
0 0.497266 0.662500 0.008437 0.015000
0 0.384375 0.678125 0.026250 0.055000
0 0.951953 0.660417 0.012188 0.020000
0 0.598828 0.664583 0.034687 0.035000
0 0.831250 0.656771 0.007500 0.018750
0 0.415234 0.651042 0.017813 0.010000
0 0.403125 0.656771 0.013125 0.023750
0 0.350781 0.657813 0.020625 0.026250
0 0.853125 0.653125 0.018750 0.017500
0 0.654687 0.651042 0.015000 0.012500
0 0.614453 0.657813 0.015938 0.028750
0 0.838281 0.647917 0.015000 0.017500
0 0.646875 0.641146 0.015000 0.011250
0 0.781641 0.640625 0.012188 0.015000
0 0.282813 0.682292 0.050625 0.117500
0 0.606641 0.639583 0.008437 0.017500
0 0.318359 0.638542 0.010312 0.017500
0 0.180469 0.647917 0.016875 0.045000
0 0.671484 0.654687 0.040313 0.063750
0 0.419141 0.632292 0.010312 0.012500
0 0.302734 0.634375 0.010312 0.020000
0 0.460938 0.629687 0.020625 0.013750
0 0.987813 0.628646 0.024375 0.023750
0 0.879687 0.630208 0.015000 0.032500
0 0.100391 0.636979 0.021562 0.048750
0 0.497656 0.622396 0.013125 0.016250
0 0.280469 0.625521 0.043125 0.023750
0 0.033750 0.660417 0.067500 0.110000
0 0.944141 0.633333 0.025312 0.047500
0 0.089453 0.618750 0.014063 0.012500
0 0.086719 0.681771 0.086250 0.168750
0 0.039062 0.620833 0.037500 0.025000
0 0.603516 0.615625 0.017813 0.015000
0 0.655859 0.615104 0.008437 0.016250
0 0.283984 0.610938 0.017813 0.016250
0 0.887500 0.609375 0.009375 0.017500
0 0.791406 0.645833 0.056250 0.107500
0 0.012500 0.608854 0.020625 0.018750
0 0.919922 0.605208 0.017813 0.015000
0 0.588672 0.607812 0.032813 0.023750
0 0.308984 0.610417 0.029062 0.035000
0 0.398047 0.603125 0.010312 0.020000
0 0.423047 0.603125 0.021562 0.025000
0 0.678516 0.615625 0.045937 0.060000
0 0.078516 0.601562 0.019688 0.026250
0 0.686719 0.595833 0.015000 0.015000
0 0.032813 0.603125 0.020625 0.035000
0 0.090234 0.598437 0.008437 0.026250
0 0.458984 0.591667 0.032813 0.025000
0 0.938281 0.588542 0.009375 0.022500
0 0.210547 0.584375 0.017813 0.015000
0 0.038672 0.582292 0.010312 0.015000
0 0.704688 0.581250 0.015000 0.015000
0 0.587500 0.585417 0.018750 0.025000
0 0.867188 0.597917 0.033750 0.057500
0 0.005859 0.587500 0.010312 0.035000
0 0.310937 0.583333 0.022500 0.030000
0 0.458594 0.574479 0.015000 0.013750
0 0.413672 0.645833 0.244688 0.185000
0 0.501563 0.589583 0.031875 0.062500
0 0.653906 0.568750 0.009375 0.015000
0 0.808594 0.561979 0.016875 0.013750
0 0.160938 0.628646 0.135000 0.173750
0 0.610156 0.572917 0.026250 0.045000
0 0.662500 0.560417 0.013125 0.020000
0 0.054297 0.582812 0.102187 0.073750
0 0.115234 0.581250 0.049687 0.082500
0 0.100781 0.556250 0.011250 0.022500
0 0.492188 0.556250 0.022500 0.025000
0 0.812031 0.726250 0.375937 0.547500
0 0.398828 0.548958 0.015938 0.015000
0 0.510156 0.549479 0.020625 0.018750
0 0.376172 0.543750 0.014063 0.017500
0 0.650391 0.538021 0.008437 0.011250
0 0.166797 0.540104 0.014063 0.018750
0 0.642969 0.545833 0.022500 0.035000
0 0.116016 0.536458 0.019688 0.015000
0 0.055469 0.539583 0.007500 0.022500
0 0.063281 0.535417 0.009375 0.017500
0 0.035547 0.541667 0.042188 0.035000
0 0.194922 0.533333 0.012188 0.022500
0 0.013125 0.546354 0.026250 0.063750
0 0.437500 0.527083 0.022500 0.025000
0 0.268359 0.525521 0.012188 0.023750
0 0.451562 0.526042 0.016875 0.030000
0 0.220703 0.517188 0.010312 0.011250
0 0.781250 0.559375 0.052500 0.115000
0 0.421094 0.542708 0.056250 0.075000
0 0.038672 0.527083 0.027187 0.040000
0 0.993437 0.516667 0.013125 0.017500
0 0.397656 0.526563 0.030000 0.043750
0 0.073047 0.510417 0.008437 0.017500
0 0.025000 0.523438 0.020625 0.048750
0 0.604297 0.551042 0.139687 0.122500
0 0.433203 0.509375 0.023438 0.025000
0 0.509766 0.506771 0.017813 0.026250
0 0.334766 0.516146 0.044062 0.048750
0 0.517969 0.500521 0.011250 0.021250
0 0.302344 0.503646 0.037500 0.028750
0 0.277734 0.497396 0.014063 0.013750
0 0.036719 0.505208 0.018750 0.032500
0 0.011719 0.504687 0.023438 0.031250
0 0.261328 0.505729 0.019688 0.036250
0 0.994375 0.499479 0.011250 0.023750
0 0.663281 0.499479 0.018750 0.023750
0 0.180469 0.505208 0.013125 0.037500
0 0.592187 0.498958 0.031875 0.027500
0 0.725781 0.493229 0.011250 0.021250
0 0.191406 0.494792 0.011250 0.025000
0 0.501172 0.489063 0.021562 0.013750
0 0.245703 0.508333 0.045937 0.060000
0 0.356641 0.492708 0.017813 0.025000
0 0.005625 0.488542 0.011250 0.017500
0 0.623047 0.492708 0.070312 0.032500
0 0.491016 0.483854 0.019688 0.016250
0 0.062109 0.486458 0.012188 0.025000
0 0.291016 0.483333 0.023438 0.020000
0 0.048047 0.490104 0.021562 0.038750
0 0.350000 0.478646 0.011250 0.018750
0 0.303125 0.475521 0.018750 0.011250
0 0.448047 0.681875 0.795937 0.636250
0 0.543750 0.473958 0.009375 0.012500
0 0.150781 0.477604 0.007500 0.023750
0 0.695703 0.491146 0.057188 0.058750
0 0.455859 0.482292 0.023438 0.037500
0 0.778906 0.473438 0.007500 0.018750
0 0.692578 0.475000 0.008437 0.022500
0 0.144141 0.472917 0.008437 0.017500
0 0.922266 0.475521 0.017813 0.026250
0 0.392969 0.470833 0.015000 0.015000
0 0.341797 0.477083 0.017813 0.032500
0 0.287891 0.471354 0.012188 0.021250
0 0.079297 0.507812 0.074063 0.108750
0 0.991406 0.473958 0.016875 0.030000
0 0.506250 0.570833 0.178125 0.262500
0 0.912500 0.465625 0.015000 0.020000
0 0.588672 0.467708 0.023438 0.027500
0 0.159766 0.464583 0.008437 0.020000
0 0.273438 0.467708 0.016875 0.032500
0 0.116797 0.466146 0.015938 0.028750
0 0.318750 0.475000 0.041250 0.055000
0 0.089063 0.469271 0.015000 0.043750
0 0.154688 0.456250 0.011250 0.015000
0 0.301172 0.459896 0.019688 0.026250
0 0.711328 0.456771 0.017813 0.021250
0 0.628906 0.459375 0.015000 0.027500
0 0.076953 0.454688 0.012188 0.016250
0 0.281641 0.453125 0.012188 0.017500
0 0.562109 0.447917 0.015938 0.012500
0 0.439453 0.465625 0.027187 0.055000
0 0.037109 0.452604 0.019688 0.023750
0 0.471484 0.453125 0.032813 0.030000
0 0.106250 0.446875 0.015000 0.015000
0 0.451953 0.450000 0.008437 0.025000
0 0.599609 0.447917 0.029062 0.022500
0 0.981641 0.448437 0.015938 0.026250
0 0.522266 0.453125 0.023438 0.040000
0 0.399609 0.444271 0.010312 0.021250
0 0.292578 0.447917 0.021562 0.032500
0 0.641016 0.456250 0.029062 0.060000
0 0.221094 0.438021 0.015000 0.016250
0 0.106250 0.436979 0.005625 0.016250
0 0.625000 0.434375 0.016875 0.012500
0 0.763281 0.433333 0.016875 0.012500
0 0.776953 0.435417 0.017813 0.020000
0 0.597266 0.431771 0.014063 0.013750
0 0.313281 0.437500 0.026250 0.027500
0 0.244531 0.434375 0.011250 0.022500
0 0.500000 0.452604 0.045000 0.068750
0 0.288281 0.429167 0.018750 0.012500
0 0.613281 0.452083 0.020625 0.070000
0 0.092188 0.436458 0.022500 0.032500
0 0.536328 0.436979 0.040313 0.038750
0 0.368359 0.429688 0.014063 0.023750
0 0.236328 0.425000 0.014063 0.012500
0 0.749609 0.424479 0.019688 0.013750
0 0.462109 0.428646 0.025312 0.026250
0 0.476953 0.423958 0.012188 0.020000
0 0.371875 0.448437 0.052500 0.078750
0 0.642578 0.422396 0.010312 0.018750
0 0.587500 0.421875 0.024375 0.017500
0 0.625391 0.418750 0.012188 0.012500
0 0.344922 0.430729 0.036562 0.041250
0 0.279297 0.421354 0.010312 0.018750
0 0.992188 0.416667 0.015000 0.010000
0 0.571094 0.420833 0.013125 0.020000
0 0.486719 0.417708 0.018750 0.015000
0 0.232422 0.416667 0.014063 0.015000
0 0.549219 0.463542 0.090000 0.132500
0 0.007500 0.416146 0.015000 0.018750
0 0.764844 0.417187 0.028125 0.023750
0 0.450000 0.414583 0.009375 0.017500
0 0.380469 0.412500 0.016875 0.015000
0 0.607812 0.413542 0.015000 0.025000
0 0.091797 0.422917 0.023438 0.047500
0 0.920703 0.407292 0.017813 0.012500
0 0.354687 0.414062 0.028125 0.031250
0 0.135547 0.410938 0.019688 0.023750
0 0.932813 0.407813 0.015000 0.023750
0 0.504687 0.408333 0.026250 0.027500
0 0.323828 0.427604 0.060937 0.076250
0 0.235547 0.402604 0.012188 0.016250
0 0.005625 0.401562 0.011250 0.013750
0 0.940625 0.400000 0.013125 0.012500
0 0.340625 0.403646 0.030000 0.021250
0 0.582031 0.403125 0.020625 0.022500
0 0.616016 0.403646 0.021562 0.026250
0 0.596484 0.403646 0.012188 0.028750
0 0.480078 0.398958 0.027187 0.017500
0 0.094922 0.397396 0.017813 0.018750
0 0.261719 0.420312 0.046875 0.081250
0 0.744922 0.397396 0.030937 0.031250
0 0.361328 0.391667 0.021562 0.017500
0 0.532813 0.390625 0.016875 0.020000
0 0.682813 0.386458 0.020625 0.012500
0 0.555078 0.396875 0.030937 0.037500
0 0.643359 0.386458 0.010312 0.015000
0 0.435156 0.427083 0.123750 0.115000
0 0.585156 0.384375 0.022500 0.015000
0 0.006094 0.384896 0.012188 0.016250
0 0.563672 0.385937 0.029062 0.023750
0 0.658203 0.431771 0.075938 0.138750
0 0.290234 0.396875 0.049687 0.055000
0 0.618750 0.379167 0.011250 0.017500
0 0.982656 0.385417 0.034687 0.035000
0 0.329297 0.380208 0.014063 0.025000
0 0.731250 0.376042 0.011250 0.017500
0 0.053437 0.435417 0.106875 0.160000
0 0.123047 0.384896 0.017813 0.043750
0 0.833203 0.384896 0.060937 0.048750
0 0.533203 0.373958 0.023438 0.022500
0 0.397266 0.392188 0.072187 0.066250
0 0.801172 0.368750 0.012188 0.012500
0 0.350391 0.381771 0.038437 0.046250
0 0.982812 0.367708 0.024375 0.015000
0 0.857031 0.370833 0.011250 0.025000
0 0.518359 0.403125 0.064687 0.102500
0 0.385156 0.367188 0.009375 0.018750
0 0.458984 0.366146 0.015938 0.018750
0 0.705859 0.378646 0.074063 0.053750
0 0.170703 0.366146 0.027187 0.023750
0 0.241406 0.370312 0.016875 0.036250
0 0.934375 0.367188 0.026250 0.031250
0 0.312891 0.374479 0.027187 0.051250
0 0.433203 0.377083 0.038437 0.060000
0 0.110547 0.368229 0.029062 0.038750
0 0.123047 0.357292 0.015938 0.020000
0 0.532422 0.352604 0.012188 0.011250
0 0.371875 0.357292 0.015000 0.022500
0 0.066016 0.357292 0.029062 0.022500
0 0.486719 0.352604 0.013125 0.013750
0 0.190234 0.367188 0.027187 0.048750
0 0.832812 0.357292 0.045000 0.030000
0 0.226953 0.367188 0.027187 0.061250
0 0.449609 0.349479 0.030937 0.023750
0 0.167187 0.350000 0.028125 0.027500
0 0.059375 0.343229 0.009375 0.011250
0 0.766406 0.341667 0.015000 0.012500
0 0.429688 0.346354 0.015000 0.023750
0 0.191797 0.341146 0.010312 0.011250
0 0.666016 0.353125 0.019688 0.042500
0 0.391406 0.342708 0.016875 0.017500
0 0.353516 0.345313 0.012188 0.026250
0 0.010312 0.348438 0.020625 0.036250
0 0.248438 0.340104 0.016875 0.018750
0 0.703125 0.346875 0.046875 0.037500
0 0.185547 0.454167 0.205313 0.295000
0 0.679688 0.335417 0.011250 0.012500
0 0.507422 0.347396 0.034687 0.043750
0 0.220312 0.338021 0.011250 0.026250
0 0.096875 0.334375 0.011250 0.017500
0 0.419531 0.340625 0.013125 0.035000
0 0.647656 0.330729 0.011250 0.016250
0 0.261328 0.334896 0.017813 0.026250
0 0.801953 0.328125 0.014063 0.012500
0 0.271484 0.366146 0.070312 0.106250
0 0.742188 0.329167 0.015000 0.020000
0 0.119922 0.335938 0.019688 0.036250
0 0.564844 0.334375 0.011250 0.035000
0 0.861719 0.340625 0.030000 0.052500
0 0.548828 0.329688 0.012188 0.026250
0 0.603906 0.354687 0.150000 0.091250
0 0.821094 0.321875 0.020625 0.015000
0 0.709375 0.326562 0.018750 0.028750
0 0.200391 0.323958 0.008437 0.025000
0 0.004687 0.322917 0.009375 0.022500
0 0.620313 0.327083 0.022500 0.035000
0 0.725000 0.326562 0.022500 0.038750
0 0.700781 0.316667 0.018750 0.017500
0 0.248828 0.322396 0.008437 0.031250
0 0.209766 0.318750 0.014063 0.022500
0 0.182812 0.324479 0.031875 0.036250
0 0.834766 0.313542 0.017813 0.017500
0 0.380469 0.336979 0.080625 0.073750
0 0.880469 0.314063 0.011250 0.023750
0 0.642188 0.313542 0.024375 0.037500
0 0.241406 0.306250 0.013125 0.022500
0 0.788672 0.301563 0.010312 0.013750
0 0.196094 0.306771 0.018750 0.028750
0 0.006563 0.302083 0.013125 0.022500
0 0.141797 0.335417 0.042188 0.105000
0 0.030859 0.352083 0.060937 0.147500
0 0.551562 0.319792 0.088125 0.072500
0 0.280859 0.292187 0.014063 0.008750
0 0.778906 0.306250 0.026250 0.045000
0 0.233984 0.295312 0.012188 0.018750
0 0.542188 0.292187 0.013125 0.013750
0 0.589844 0.301563 0.048750 0.038750
0 0.101562 0.323437 0.052500 0.093750
0 0.300391 0.289583 0.014063 0.015000
0 0.746875 0.307812 0.058125 0.061250
0 0.561719 0.288021 0.016875 0.013750
0 0.866406 0.300521 0.024375 0.046250
0 0.716016 0.295833 0.015938 0.037500
0 0.619922 0.284896 0.015938 0.011250
0 0.845703 0.312500 0.036562 0.080000
0 0.491406 0.289583 0.016875 0.027500
0 0.621875 0.301563 0.035625 0.061250
0 0.507031 0.302083 0.043125 0.065000
0 0.281250 0.282813 0.026250 0.018750
0 0.143359 0.294271 0.042188 0.046250
0 0.116797 0.284896 0.023438 0.026250
0 0.608203 0.279167 0.010312 0.017500
0 0.592969 0.279687 0.020625 0.018750
0 0.178516 0.277604 0.015938 0.013750
0 0.132812 0.275521 0.009375 0.011250
0 0.471094 0.275521 0.009375 0.018750
0 0.573828 0.275000 0.015938 0.025000
0 0.563281 0.271354 0.013125 0.016250
0 0.106641 0.271354 0.015938 0.016250
0 0.753125 0.276042 0.035625 0.032500
0 0.426172 0.270833 0.015938 0.020000
0 0.653125 0.272917 0.018750 0.027500
0 0.626563 0.272917 0.033750 0.032500
0 0.228906 0.270833 0.030000 0.032500
0 0.013672 0.265625 0.015938 0.020000
0 0.211328 0.293750 0.077812 0.090000
0 0.541406 0.279687 0.046875 0.058750
0 0.162109 0.285417 0.030937 0.072500
0 0.802734 0.287500 0.053437 0.082500
0 0.405078 0.259896 0.010312 0.016250
0 0.312500 0.312500 0.101250 0.142500
0 0.607812 0.262500 0.011250 0.025000
0 0.840625 0.279687 0.063750 0.073750
0 0.232813 0.258333 0.007500 0.025000
0 0.363281 0.253646 0.009375 0.018750
0 0.569922 0.257812 0.049687 0.031250
0 0.129688 0.261458 0.045000 0.040000
0 0.753125 0.250000 0.016875 0.022500
0 0.798438 0.244271 0.007500 0.016250
0 0.621875 0.248438 0.024375 0.026250
0 0.933203 0.244271 0.014063 0.018750
0 0.180078 0.245312 0.008437 0.021250
0 0.911328 0.241667 0.010312 0.015000
0 0.926172 0.238021 0.012188 0.008750
0 0.880859 0.240625 0.008437 0.017500
0 0.496484 0.263542 0.055313 0.072500
0 0.257031 0.276562 0.071250 0.106250
0 0.100781 0.247917 0.016875 0.045000
0 0.069922 0.233854 0.014063 0.018750
0 0.319531 0.245833 0.031875 0.050000
0 0.725000 0.230729 0.011250 0.016250
0 0.057813 0.229687 0.011250 0.013750
0 0.707812 0.230208 0.016875 0.017500
0 0.362109 0.232292 0.010312 0.022500
0 0.870625 0.453646 0.258750 0.561250
0 0.915625 0.226042 0.016875 0.017500
0 0.774609 0.251042 0.049687 0.080000
0 0.633594 0.234375 0.037500 0.040000
0 0.061875 0.282813 0.123750 0.156250
0 0.746094 0.228125 0.016875 0.027500
0 0.036719 0.222917 0.011250 0.017500
0 0.896094 0.224479 0.028125 0.023750
0 0.408594 0.221875 0.011250 0.017500
0 0.133984 0.219271 0.019688 0.011250
0 0.076563 0.222396 0.009375 0.018750
0 0.550000 0.233333 0.026250 0.047500
0 0.530469 0.218750 0.015000 0.017500
0 0.390625 0.217188 0.015000 0.013750
0 0.421094 0.218229 0.022500 0.021250
0 0.155859 0.217708 0.012188 0.020000
0 0.167578 0.240625 0.152812 0.077500
0 0.431250 0.220312 0.020625 0.033750
0 0.625781 0.211979 0.015000 0.016250
0 0.515234 0.218750 0.021562 0.032500
0 0.532031 0.226562 0.048750 0.056250
0 0.298438 0.211979 0.015000 0.021250
0 0.817578 0.207813 0.014063 0.013750
0 0.712891 0.215625 0.023438 0.032500
0 0.691406 0.271875 0.144375 0.170000
0 0.211328 0.210938 0.014063 0.023750
0 0.178125 0.206771 0.015000 0.013750
0 0.098828 0.214583 0.038437 0.032500
0 0.302734 0.226042 0.057188 0.067500
0 0.754687 0.206771 0.009375 0.023750
0 0.735938 0.208854 0.030000 0.028750
0 0.456641 0.205729 0.021562 0.021250
0 0.269141 0.216667 0.036562 0.050000
0 0.527734 0.201042 0.021562 0.017500
0 0.724219 0.197917 0.013125 0.015000
0 0.106250 0.197396 0.015000 0.013750
0 0.680078 0.203646 0.040313 0.031250
0 0.049219 0.222396 0.060000 0.078750
0 0.465625 0.196354 0.013125 0.018750
0 0.349609 0.203125 0.014063 0.035000
0 0.214062 0.192708 0.016875 0.010000
0 0.544531 0.195312 0.015000 0.021250
0 0.259375 0.194271 0.015000 0.018750
0 0.591797 0.193750 0.017813 0.020000
0 0.074219 0.198958 0.016875 0.032500
0 0.196094 0.206250 0.030000 0.052500
0 0.160156 0.195833 0.020625 0.027500
0 0.517578 0.189062 0.019688 0.013750
0 0.738281 0.189062 0.016875 0.016250
0 0.554688 0.189062 0.007500 0.016250
0 0.839063 0.190625 0.015000 0.022500
0 0.511328 0.191667 0.017813 0.025000
0 0.808203 0.215625 0.079687 0.085000
0 0.133594 0.201563 0.048750 0.053750
0 0.814453 0.189583 0.015938 0.027500
0 0.576562 0.213021 0.060000 0.083750
0 0.885156 0.183333 0.020625 0.015000
0 0.450781 0.204687 0.031875 0.066250
0 0.695312 0.190104 0.031875 0.033750
0 0.063672 0.182292 0.012188 0.015000
0 0.175391 0.182292 0.010312 0.017500
0 0.144531 0.190104 0.020625 0.038750
0 0.267578 0.175000 0.017813 0.010000
0 0.317188 0.177604 0.016875 0.018750
0 0.011719 0.194792 0.023438 0.060000
0 0.472656 0.180208 0.028125 0.035000
0 0.079297 0.183854 0.021562 0.043750
0 0.544141 0.175000 0.012188 0.025000
0 0.184375 0.173958 0.011250 0.025000
0 0.528906 0.171354 0.022500 0.026250
0 0.507422 0.163021 0.027187 0.021250
0 0.423438 0.270313 0.210000 0.278750
0 0.248438 0.178125 0.026250 0.060000
0 0.713281 0.170833 0.043125 0.045000
0 0.195703 0.164062 0.023438 0.028750
0 0.692187 0.159896 0.009375 0.021250
0 0.551953 0.161458 0.023438 0.027500
0 0.535547 0.154688 0.015938 0.018750
0 0.169141 0.167187 0.034687 0.048750
0 0.097656 0.173437 0.041250 0.063750
0 0.045703 0.153125 0.006563 0.017500
0 0.018750 0.162500 0.011250 0.040000
0 0.652344 0.150521 0.015000 0.013750
0 0.266016 0.154688 0.034687 0.023750
0 0.577344 0.154167 0.011250 0.027500
0 0.285547 0.150000 0.017813 0.022500
0 0.179297 0.147396 0.023438 0.021250
0 0.048828 0.179167 0.075938 0.097500
0 0.637891 0.203646 0.122812 0.158750
0 0.125781 0.159896 0.028125 0.061250
0 0.848437 0.137500 0.016875 0.012500
0 0.747266 0.141146 0.017813 0.026250
0 0.042969 0.131771 0.013125 0.011250
0 0.696484 0.131250 0.012188 0.012500
0 0.597656 0.138542 0.016875 0.030000
0 0.719922 0.146875 0.053437 0.052500
0 0.355859 0.191667 0.102187 0.167500
0 0.861328 0.129688 0.017813 0.023750
0 0.660547 0.131250 0.012188 0.027500
0 0.581250 0.157292 0.056250 0.090000
0 0.473047 0.126562 0.010312 0.016250
0 0.904687 0.130729 0.022500 0.028750
0 0.075391 0.128125 0.015938 0.022500
0 0.502344 0.122917 0.011250 0.012500
0 0.957812 0.178125 0.084375 0.147500
0 0.755469 0.120833 0.015000 0.012500
0 0.298438 0.164062 0.069375 0.116250
0 0.889453 0.121875 0.019688 0.017500
0 0.515625 0.122396 0.016875 0.018750
0 0.426172 0.123438 0.023438 0.023750
0 0.585938 0.117708 0.009375 0.017500
0 0.360156 0.115625 0.011250 0.015000
0 0.275391 0.126562 0.027187 0.043750
0 0.111328 0.135937 0.077812 0.068750
0 0.763672 0.129688 0.019688 0.056250
0 0.408984 0.122917 0.036562 0.040000
0 0.858984 0.109896 0.010312 0.018750
0 0.464453 0.111979 0.019688 0.023750
0 0.983203 0.109896 0.012188 0.021250
0 0.682422 0.107292 0.010312 0.015000
0 0.143359 0.108854 0.012188 0.018750
0 0.993437 0.108854 0.013125 0.021250
0 0.078125 0.108854 0.016875 0.021250
0 0.163672 0.134896 0.057188 0.086250
0 0.510938 0.106250 0.015000 0.020000
0 0.098437 0.104688 0.037500 0.018750
0 0.752734 0.103646 0.017813 0.026250
0 0.227734 0.161979 0.098437 0.166250
0 0.011719 0.104167 0.023438 0.032500
0 0.932813 0.116146 0.041250 0.066250
0 0.275781 0.097917 0.013125 0.022500
0 0.341797 0.111458 0.038437 0.057500
0 0.031406 0.130729 0.062812 0.106250
0 0.623047 0.096354 0.015938 0.028750
0 0.733203 0.100521 0.032813 0.041250
0 0.578906 0.098437 0.031875 0.043750
0 0.351172 0.086979 0.012188 0.016250
0 0.066016 0.108854 0.042188 0.068750
0 0.782813 0.088021 0.022500 0.021250
0 0.919141 0.085938 0.010312 0.021250
0 0.511719 0.086458 0.028125 0.027500
0 0.766797 0.093229 0.032813 0.046250
0 0.993906 0.079167 0.012188 0.020000
0 0.494141 0.076563 0.008437 0.016250
0 0.771875 0.077083 0.020625 0.020000
0 0.905078 0.077604 0.012188 0.023750
0 0.704688 0.096875 0.048750 0.072500
0 0.042578 0.073958 0.014063 0.020000
0 0.356641 0.070833 0.023438 0.017500
0 0.883203 0.075521 0.025312 0.033750
0 0.151953 0.078125 0.023438 0.040000
0 0.126953 0.070833 0.014063 0.022500
0 0.898047 0.069271 0.014063 0.021250
0 0.139453 0.067708 0.014063 0.017500
0 0.010156 0.075000 0.015000 0.035000
0 0.321484 0.063542 0.015938 0.015000
0 0.441016 0.063021 0.015938 0.016250
0 0.377734 0.064062 0.010312 0.018750
0 0.160938 0.061979 0.013125 0.026250
0 0.770703 0.056771 0.025312 0.023750
0 0.646875 0.060417 0.015000 0.035000
0 0.820703 0.053646 0.015938 0.021250
0 0.777734 0.047396 0.014063 0.016250
0 0.225000 0.079687 0.084375 0.093750
0 0.105859 0.047396 0.008437 0.016250
0 0.497266 0.052604 0.023438 0.038750
0 0.991797 0.044271 0.012188 0.023750
0 0.649609 0.038542 0.015938 0.015000
0 0.242188 0.041146 0.020625 0.026250
0 0.833594 0.046875 0.018750 0.042500
0 0.096875 0.071354 0.123750 0.101250
0 0.031641 0.066146 0.044062 0.088750
0 0.839453 0.032813 0.010312 0.016250
0 0.726172 0.033854 0.021562 0.018750
0 0.568750 0.031771 0.011250 0.013750
0 0.378906 0.036458 0.028125 0.025000
0 0.480469 0.045833 0.022500 0.050000
0 0.915234 0.030729 0.008437 0.018750
0 0.435156 0.038021 0.018750 0.041250
0 0.640625 0.032813 0.015000 0.033750
0 0.527344 0.045833 0.060000 0.065000
0 0.012656 0.023438 0.025312 0.011250
0 0.451562 0.028646 0.022500 0.026250
0 0.406641 0.024479 0.014063 0.016250
0 0.150781 0.038542 0.030000 0.050000
0 0.511719 0.022396 0.015000 0.013750
0 0.371875 0.019271 0.011250 0.011250
0 0.375781 0.048958 0.142500 0.087500
0 0.987891 0.018750 0.017813 0.025000
0 0.423828 0.018750 0.015938 0.030000
0 0.768750 0.018229 0.030000 0.031250
0 0.801562 0.050625 0.061875 0.101250
0 0.992500 0.015625 0.015000 0.031250
0 0.974609 0.006250 0.021562 0.012500
0 0.788594 0.371875 0.422812 0.743750
0 0.922656 0.010625 0.020625 0.021250
0 0.896484 0.025000 0.062812 0.050000
0 0.866406 0.101250 0.101250 0.202500
0 0.817969 0.021250 0.037500 0.042500
0 0.795703 0.008750 0.014063 0.017500
0 0.721484 0.053750 0.124687 0.107500
0 0.717578 0.008750 0.017813 0.017500
0 0.671484 0.096875 0.066562 0.193750
0 0.629687 0.018125 0.039375 0.036250
0 0.585156 0.100625 0.200625 0.201250
0 0.560937 0.014375 0.043125 0.028750
0 0.525391 0.011875 0.040313 0.023750
0 0.507422 0.010000 0.021562 0.020000
0 0.494141 0.015625 0.023438 0.031250
0 0.434375 0.122500 0.178125 0.245000
0 0.444141 0.015000 0.032813 0.030000
0 0.384375 0.016875 0.043125 0.033750
0 0.360156 0.013125 0.020625 0.026250
0 0.330469 0.008125 0.024375 0.016250
0 0.293359 0.076875 0.107813 0.153750
0 0.252734 0.013750 0.034687 0.027500
0 0.224219 0.040000 0.050625 0.080000
0 0.188281 0.071250 0.058125 0.142500
0 0.172656 0.010625 0.016875 0.021250
0 0.127344 0.021875 0.090000 0.043750
0 0.071875 0.031875 0.063750 0.063750
0 0.053516 0.015625 0.029062 0.031250
0 0.022031 0.036875 0.044062 0.073750
0 0.010937 0.010000 0.015000 0.020000
