0 0.326395 0.707187 0.021982 0.027750
0 0.448793 0.702812 0.033972 0.020250
0 0.525396 0.697812 0.027977 0.020250
0 0.399667 0.692500 0.015987 0.009000
0 0.462531 0.692187 0.010991 0.014250
0 0.420899 0.691250 0.026978 0.018000
0 0.557868 0.690937 0.027977 0.018750
0 0.283930 0.693750 0.033972 0.025500
0 0.616570 0.695625 0.032973 0.036000
0 0.624896 0.684375 0.022981 0.016500
0 0.587843 0.683438 0.025978 0.017250
0 0.578268 0.676875 0.016986 0.007500
0 0.444213 0.679063 0.020983 0.012750
0 0.534555 0.685312 0.025978 0.032250
0 0.492090 0.677813 0.011990 0.015750
0 0.458784 0.675625 0.009992 0.018000
0 0.501665 0.679688 0.028976 0.032250
0 0.383014 0.675000 0.031973 0.024000
0 0.287261 0.673750 0.033972 0.024000
0 0.665695 0.672500 0.028976 0.022500
0 0.445462 0.667500 0.013988 0.012000
0 0.522898 0.665312 0.007993 0.014250
0 0.598668 0.664062 0.031973 0.015750
0 0.547877 0.661875 0.023980 0.013500
0 0.558285 0.667500 0.060949 0.031500
0 0.651124 0.656250 0.017985 0.009000
0 0.388426 0.657500 0.010991 0.015000
0 0.350541 0.667188 0.037968 0.039750
0 0.396336 0.648750 0.011990 0.009000
0 0.616986 0.655000 0.019983 0.025500
0 0.415487 0.650625 0.027977 0.024000
0 0.820150 0.643125 0.031973 0.015000
0 0.466694 0.662813 0.118901 0.062250
0 0.708160 0.647500 0.024979 0.027000
0 0.375520 0.650937 0.041965 0.038250
0 0.330974 0.647500 0.024979 0.031500
0 0.660699 0.640938 0.014988 0.021750
0 0.634055 0.639687 0.038968 0.023250
0 0.412989 0.637500 0.009992 0.019500
0 0.669858 0.636563 0.018984 0.021750
0 0.554538 0.639687 0.063947 0.039750
0 0.513739 0.633750 0.023980 0.030000
0 0.321815 0.631875 0.016986 0.027000
0 0.281016 0.625938 0.018984 0.015750
0 0.434638 0.628750 0.047960 0.025500
0 0.358868 0.620313 0.023980 0.009750
0 0.638634 0.618437 0.013988 0.008250
0 0.576603 0.617812 0.014988 0.011250
0 0.473356 0.628437 0.040966 0.036750
0 0.525812 0.624062 0.024979 0.030750
0 0.538718 0.620000 0.023980 0.025500
0 0.343464 0.619062 0.026978 0.026250
0 0.384679 0.609688 0.017985 0.012750
0 0.273106 0.615938 0.027977 0.030750
0 0.562864 0.606250 0.017985 0.009000
0 0.614904 0.609688 0.036969 0.027750
0 0.419234 0.603125 0.016986 0.012000
0 0.507494 0.609375 0.012989 0.028500
0 0.550791 0.599688 0.016986 0.006750
0 0.478351 0.597812 0.014988 0.008250
0 0.325562 0.595313 0.027977 0.011250
0 0.271857 0.598125 0.010991 0.021000
0 0.640716 0.597812 0.022981 0.021750
0 0.379267 0.615625 0.084929 0.066000
0 0.671940 0.604062 0.051957 0.042750
0 0.614072 0.591875 0.014988 0.016500
0 0.314738 0.587500 0.015987 0.006000
0 0.529975 0.595938 0.036969 0.030750
0 0.655704 0.585313 0.018984 0.006750
0 0.493755 0.590313 0.017985 0.018750
0 0.375104 0.590938 0.030974 0.026250
0 0.344713 0.585313 0.033972 0.014250
0 0.256869 0.585625 0.042964 0.015000
0 0.564530 0.589063 0.025978 0.026250
0 0.591590 0.591875 0.052956 0.040500
0 0.624480 0.578125 0.013988 0.015000
0 0.696503 0.575000 0.006994 0.012000
0 0.748543 0.576250 0.035970 0.018000
0 0.343880 0.573438 0.009992 0.011250
0 0.559534 0.572812 0.009992 0.011250
0 0.271024 0.580313 0.048959 0.032250
0 0.581599 0.565937 0.018984 0.020250
0 0.286428 0.561875 0.033972 0.013500
0 0.554122 0.560625 0.016986 0.016500
0 0.463364 0.573125 0.038968 0.048000
0 0.516653 0.556250 0.008993 0.013500
0 0.592007 0.556562 0.013988 0.017250
0 0.345962 0.565312 0.072939 0.051750
0 0.505412 0.567500 0.033972 0.058500
0 0.689009 0.555000 0.026978 0.030000
0 0.645296 0.545625 0.019983 0.007500
0 0.282681 0.548750 0.008993 0.015000
0 0.519567 0.543750 0.017985 0.013500
0 0.676936 0.540625 0.009992 0.007500
0 0.641132 0.564063 0.073938 0.065250
0 0.268110 0.544687 0.017985 0.021750
0 0.297252 0.544063 0.027977 0.021750
0 0.364280 0.537500 0.008993 0.012000
0 0.585346 0.538125 0.017985 0.016500
0 0.420483 0.573438 0.105912 0.114750
0 0.508743 0.531250 0.021982 0.024000
0 0.253122 0.526563 0.011990 0.012750
0 0.496253 0.528750 0.019983 0.021000
0 0.340966 0.530625 0.028976 0.028500
0 0.573689 0.524687 0.009992 0.018750
0 0.467527 0.538438 0.040966 0.051750
0 0.619484 0.526875 0.059950 0.027000
0 0.392173 0.534687 0.087927 0.051750
0 0.312656 0.543750 0.034971 0.073500
0 0.679434 0.520938 0.025978 0.020250
0 0.696919 0.509687 0.017985 0.005250
0 0.470441 0.513125 0.013988 0.013500
0 0.370941 0.512188 0.018984 0.012750
0 0.443381 0.513125 0.024979 0.018000
0 0.383014 0.510000 0.007993 0.010500
0 0.711490 0.505938 0.008993 0.008250
0 0.397585 0.506250 0.014988 0.009000
0 0.437136 0.506250 0.009992 0.010500
0 0.571607 0.504375 0.016986 0.010500
0 0.338052 0.509687 0.017985 0.024750
0 0.321399 0.504687 0.017985 0.012750
0 0.835970 0.510000 0.025978 0.030000
0 0.456286 0.500313 0.023980 0.008250
0 0.766028 0.500313 0.025978 0.018750
0 0.616153 0.504062 0.057952 0.032250
0 0.308077 0.500000 0.019983 0.033000
0 0.765196 0.488125 0.015987 0.012000
0 0.486261 0.495625 0.027977 0.030000
0 0.571607 0.488750 0.018984 0.015000
0 0.672773 0.497500 0.043963 0.039000
0 0.747710 0.491875 0.021982 0.028500
0 0.501665 0.484063 0.006994 0.015750
0 0.395504 0.483438 0.013988 0.017250
0 0.454205 0.481875 0.022981 0.019500
0 0.484180 0.473438 0.014988 0.006750
0 0.369692 0.489375 0.073938 0.045000
0 0.668193 0.476562 0.028976 0.015750
0 0.245212 0.478125 0.016986 0.021000
0 0.509575 0.471562 0.019983 0.009750
0 0.462948 0.471562 0.023980 0.012750
0 0.435470 0.474375 0.009992 0.022500
0 0.345962 0.474062 0.022981 0.021750
0 0.684430 0.470625 0.013988 0.018000
0 0.536636 0.523750 0.090924 0.148500
0 0.493755 0.466562 0.009992 0.011250
0 0.408410 0.490938 0.062948 0.072750
0 0.310991 0.473750 0.030974 0.034500
0 0.650708 0.464062 0.014988 0.017250
0 0.418818 0.463125 0.013988 0.015000
0 0.326395 0.462813 0.015987 0.014250
0 0.293922 0.465938 0.019983 0.023250
0 0.572023 0.463438 0.021982 0.020250
0 0.541632 0.457813 0.008993 0.008250
0 0.362614 0.461875 0.012989 0.021000
0 0.474188 0.460625 0.024979 0.027000
0 0.269775 0.491563 0.069942 0.102750
0 0.436303 0.455313 0.027977 0.018750
0 0.506245 0.451875 0.027977 0.025500
0 0.457535 0.446562 0.010991 0.012750
0 0.429642 0.443437 0.019983 0.005250
0 0.398834 0.448750 0.027977 0.022500
0 0.246878 0.452813 0.030974 0.033750
0 0.569942 0.445937 0.028976 0.018750
0 0.450458 0.438125 0.013988 0.006000
0 0.487510 0.447813 0.032973 0.030750
0 0.663614 0.437500 0.007993 0.010500
0 0.562864 0.436250 0.017985 0.009000
0 0.528310 0.442188 0.014988 0.024750
0 0.761032 0.435625 0.029975 0.025500
0 0.493755 0.429375 0.017985 0.012000
0 0.655704 0.444063 0.066944 0.048750
0 0.546628 0.429063 0.012989 0.014250
0 0.464197 0.426875 0.014988 0.009000
0 0.668193 0.430000 0.028976 0.018000
0 0.399251 0.425000 0.026978 0.009000
0 0.281432 0.422187 0.009992 0.012750
0 0.801415 0.424687 0.038968 0.021750
0 0.615321 0.428125 0.029975 0.030000
0 0.330974 0.430000 0.042964 0.036000
0 0.539967 0.412500 0.014988 0.009000
0 0.588676 0.415000 0.023980 0.018000
0 0.204413 0.416563 0.030974 0.027750
0 0.516653 0.416563 0.016986 0.029250
0 0.287261 0.429688 0.107910 0.060750
0 0.500000 0.411875 0.012989 0.022500
0 0.378435 0.408750 0.020983 0.015000
0 0.631557 0.412187 0.046961 0.026250
0 0.681515 0.410625 0.022981 0.027000
0 0.464197 0.407500 0.022981 0.021000
0 0.590758 0.401875 0.016986 0.013500
0 0.443797 0.405625 0.019983 0.025500
0 0.339301 0.426250 0.108909 0.075000
0 0.604080 0.448750 0.136886 0.139500
0 0.274771 0.395937 0.063947 0.020250
0 0.653206 0.404687 0.022981 0.044250
0 0.607827 0.390313 0.025978 0.020250
0 0.587843 0.388437 0.011990 0.021750
0 0.395920 0.386250 0.018984 0.016500
0 0.429226 0.415938 0.056953 0.090750
0 0.679850 0.385625 0.020983 0.025500
0 0.328893 0.387188 0.067943 0.030750
0 0.380933 0.383437 0.040966 0.024750
0 0.265612 0.378750 0.007993 0.015000
0 0.616986 0.378125 0.013988 0.024000
0 0.678185 0.376563 0.034971 0.021750
0 0.563281 0.380000 0.018984 0.031500
0 0.532889 0.385625 0.047960 0.045000
0 0.634471 0.383125 0.031973 0.040500
0 0.547044 0.372188 0.015987 0.015750
0 0.604080 0.371563 0.030974 0.021750
0 0.506245 0.371250 0.019983 0.022500
0 0.365112 0.366563 0.022981 0.011250
0 0.271440 0.370000 0.027977 0.019500
0 0.455037 0.373125 0.034971 0.030000
0 0.472107 0.390000 0.043963 0.072000
0 0.578268 0.366250 0.024979 0.019500
0 0.329309 0.372188 0.056953 0.036750
0 0.293505 0.369375 0.022981 0.030000
0 0.487927 0.360312 0.019983 0.015750
0 0.278102 0.355625 0.021982 0.009000
0 0.375937 0.356875 0.024979 0.013500
0 0.620733 0.355312 0.016986 0.023250
0 0.656953 0.356563 0.025978 0.030750
0 0.450874 0.352812 0.024979 0.021750
0 0.417985 0.360000 0.031973 0.043500
0 0.486678 0.344687 0.024979 0.009750
0 0.318485 0.348125 0.026978 0.018000
0 0.587011 0.350000 0.031973 0.025500
0 0.360949 0.345000 0.008993 0.013500
0 0.510408 0.352500 0.029975 0.036000
0 0.420483 0.338750 0.025978 0.013500
0 0.467527 0.340938 0.018984 0.021750
0 0.485012 0.330625 0.014988 0.007500
0 0.571191 0.330625 0.015987 0.010500
0 0.506661 0.327188 0.024979 0.011250
0 0.599500 0.330313 0.035970 0.026250
0 0.340133 0.341875 0.038968 0.054000
0 0.291007 0.328125 0.040966 0.021000
0 0.382598 0.347500 0.084929 0.069000
0 0.542048 0.339375 0.069942 0.057000
0 0.370108 0.316875 0.012989 0.009000
0 0.412989 0.321250 0.031973 0.022500
0 0.443381 0.326250 0.046961 0.036000
0 0.532057 0.318437 0.029975 0.018750
0 0.510408 0.312500 0.017985 0.009000
0 0.483347 0.317500 0.040966 0.030000
0 0.556203 0.304063 0.013988 0.009750
0 0.389259 0.312500 0.024979 0.030000
0 0.459617 0.307188 0.013988 0.020250
0 0.532889 0.306250 0.053955 0.021000
0 0.409659 0.304375 0.015987 0.016500
0 0.577852 0.308125 0.025978 0.030000
0 0.441299 0.304063 0.019983 0.023250
0 0.260200 0.302500 0.032973 0.022500
0 0.559534 0.291563 0.009992 0.012750
0 0.454621 0.290312 0.023980 0.014250
0 0.490425 0.293750 0.011990 0.025500
0 0.221898 0.290938 0.032973 0.024750
0 0.494172 0.279062 0.014988 0.008250
0 0.530391 0.286875 0.015987 0.034500
0 0.563281 0.282500 0.022981 0.030000
0 0.512490 0.282500 0.022981 0.033000
0 0.458368 0.273438 0.008993 0.020250
0 0.282681 0.268437 0.030974 0.023250
0 0.423813 0.275938 0.037968 0.048750
0 0.539967 0.265937 0.030974 0.027750
0 0.493755 0.258750 0.037968 0.021000
