0 0.572656 0.881771 0.016875 0.033750
0 0.438672 0.861458 0.030937 0.027500
0 0.524219 0.792708 0.011250 0.027500
0 0.517969 0.787500 0.013125 0.035000
0 0.437500 0.783333 0.030000 0.027500
0 0.347656 0.780729 0.031875 0.028750
0 0.597266 0.773438 0.029062 0.026250
0 0.438672 0.762500 0.032813 0.020000
0 0.378906 0.763542 0.026250 0.030000
0 0.627734 0.735938 0.023438 0.028750
0 0.459375 0.720833 0.020625 0.037500
0 0.560547 0.719792 0.042188 0.047500
0 0.623828 0.706250 0.014063 0.017500
0 0.499609 0.704167 0.010312 0.012500
0 0.476562 0.705208 0.026250 0.017500
0 0.579688 0.706771 0.009375 0.028750
0 0.509766 0.696354 0.014063 0.011250
0 0.618359 0.697396 0.014063 0.018750
0 0.644531 0.698438 0.009375 0.023750
0 0.519922 0.713021 0.049687 0.061250
0 0.597266 0.710938 0.032813 0.058750
0 0.666016 0.696875 0.019688 0.032500
0 0.585938 0.692187 0.015000 0.021250
0 0.477344 0.683333 0.011250 0.025000
0 0.489844 0.684375 0.015000 0.032500
0 0.614844 0.677083 0.009375 0.022500
0 0.567969 0.682292 0.022500 0.040000
0 0.599219 0.687500 0.015000 0.060000
0 0.546094 0.678125 0.037500 0.045000
0 0.580859 0.661458 0.010312 0.017500
0 0.634375 0.674479 0.015000 0.053750
0 0.510156 0.669792 0.018750 0.045000
0 0.418750 0.674479 0.041250 0.058750
0 0.519531 0.648438 0.011250 0.013750
0 0.592187 0.652083 0.016875 0.025000
0 0.621875 0.652083 0.009375 0.032500
0 0.532422 0.650521 0.014063 0.028750
0 0.389453 0.656250 0.021562 0.050000
0 0.346484 0.649479 0.038437 0.043750
0 0.572656 0.640104 0.024375 0.026250
0 0.369922 0.655729 0.027187 0.063750
0 0.552344 0.643750 0.020625 0.037500
0 0.412500 0.631250 0.022500 0.012500
0 0.658203 0.650521 0.032813 0.061250
0 0.485547 0.630729 0.014063 0.018750
0 0.434375 0.631771 0.018750 0.021250
0 0.535156 0.629167 0.026250 0.022500
0 0.621875 0.624479 0.015000 0.016250
0 0.332422 0.641667 0.021562 0.065000
0 0.315625 0.625521 0.030000 0.028750
0 0.599609 0.626563 0.032813 0.036250
0 0.487500 0.639062 0.067500 0.073750
0 0.644922 0.625521 0.034687 0.046250
0 0.578906 0.621354 0.013125 0.036250
0 0.451562 0.654687 0.043125 0.123750
0 0.351953 0.601042 0.017813 0.010000
0 0.641797 0.602083 0.012188 0.020000
0 0.676562 0.607292 0.020625 0.040000
0 0.339062 0.600000 0.020625 0.022500
0 0.613672 0.593229 0.010312 0.011250
0 0.395703 0.598958 0.025312 0.032500
0 0.537109 0.603125 0.012188 0.045000
0 0.318359 0.598437 0.012188 0.033750
0 0.595703 0.596875 0.008437 0.032500
0 0.508203 0.599479 0.051562 0.048750
0 0.563672 0.601042 0.019688 0.060000
0 0.428516 0.597917 0.021562 0.065000
0 0.341016 0.580729 0.014063 0.028750
0 0.439844 0.583333 0.013125 0.040000
0 0.526563 0.575521 0.020625 0.023750
0 0.505078 0.570312 0.010312 0.021250
0 0.551562 0.576042 0.018750 0.037500
0 0.483594 0.559896 0.015000 0.011250
0 0.676562 0.567187 0.020625 0.041250
0 0.371875 0.576562 0.031875 0.066250
0 0.302734 0.564583 0.023438 0.037500
0 0.325000 0.555208 0.039375 0.035000
0 0.642969 0.567187 0.016875 0.066250
0 0.352734 0.555208 0.021562 0.050000
0 0.328125 0.536458 0.013125 0.015000
0 0.469141 0.532813 0.021562 0.011250
0 0.484375 0.536458 0.013125 0.022500
0 0.283203 0.536458 0.032813 0.025000
0 0.368750 0.532813 0.011250 0.021250
0 0.618359 0.568750 0.036562 0.110000
0 0.310156 0.532813 0.009375 0.023750
0 0.692187 0.534375 0.024375 0.030000
0 0.379688 0.530208 0.013125 0.020000
0 0.471094 0.561979 0.063750 0.098750
0 0.423828 0.534896 0.014063 0.033750
0 0.403516 0.532292 0.008437 0.027500
0 0.631250 0.523438 0.013125 0.021250
0 0.355469 0.521354 0.016875 0.023750
0 0.593359 0.526563 0.017813 0.051250
0 0.317578 0.511979 0.012188 0.021250
0 0.418359 0.509896 0.010312 0.018750
0 0.395703 0.512500 0.014063 0.025000
0 0.646875 0.517708 0.018750 0.045000
0 0.623828 0.503646 0.010312 0.021250
0 0.491406 0.511458 0.022500 0.040000
0 0.678516 0.527604 0.040313 0.083750
0 0.469531 0.505729 0.015000 0.031250
0 0.280078 0.504167 0.010312 0.027500
0 0.343750 0.503125 0.022500 0.027500
0 0.410547 0.494792 0.010312 0.012500
0 0.552344 0.492708 0.013125 0.017500
0 0.269922 0.489063 0.014063 0.013750
0 0.535547 0.501563 0.044062 0.046250
0 0.301563 0.506250 0.030000 0.057500
0 0.664062 0.490625 0.018750 0.022500
0 0.423828 0.491667 0.014063 0.025000
0 0.633984 0.485417 0.014063 0.020000
0 0.441406 0.492708 0.013125 0.040000
0 0.371484 0.495833 0.042188 0.047500
0 0.254688 0.498958 0.045000 0.065000
0 0.435156 0.476042 0.011250 0.015000
0 0.289844 0.476562 0.011250 0.018750
0 0.494141 0.482292 0.017813 0.035000
0 0.600391 0.491667 0.036562 0.060000
0 0.689063 0.477604 0.018750 0.028750
0 0.562891 0.503125 0.023438 0.090000
0 0.315234 0.471875 0.023438 0.020000
0 0.655078 0.474479 0.017813 0.028750
0 0.304688 0.469792 0.015000 0.017500
0 0.277734 0.471875 0.010312 0.022500
0 0.450781 0.491667 0.026250 0.072500
0 0.678516 0.464583 0.021562 0.017500
0 0.423828 0.460938 0.021562 0.016250
0 0.527344 0.510938 0.067500 0.138750
0 0.481250 0.472396 0.018750 0.048750
0 0.537891 0.466667 0.045937 0.037500
0 0.372656 0.475521 0.060000 0.058750
0 0.263672 0.457813 0.025312 0.023750
0 0.439453 0.451042 0.012188 0.010000
0 0.469141 0.453646 0.014063 0.021250
0 0.334375 0.473958 0.041250 0.075000
0 0.552344 0.450521 0.016875 0.023750
0 0.311719 0.448437 0.009375 0.021250
0 0.676172 0.447917 0.012188 0.022500
0 0.660937 0.449479 0.009375 0.026250
0 0.456641 0.451042 0.019688 0.035000
0 0.605859 0.449479 0.034687 0.036250
0 0.498047 0.442188 0.017813 0.026250
0 0.370703 0.440625 0.019688 0.027500
0 0.542188 0.432812 0.020625 0.021250
0 0.567969 0.442188 0.018750 0.056250
0 0.400781 0.451042 0.045000 0.080000
0 0.681641 0.427083 0.029062 0.025000
0 0.476172 0.434375 0.030937 0.042500
0 0.249219 0.433333 0.022500 0.040000
0 0.408203 0.430729 0.021562 0.036250
0 0.369531 0.421354 0.015000 0.016250
0 0.337891 0.418750 0.012188 0.015000
0 0.718359 0.418750 0.027187 0.020000
0 0.511328 0.422917 0.021562 0.032500
0 0.314063 0.425000 0.039375 0.037500
0 0.274219 0.429167 0.020625 0.047500
0 0.453516 0.413542 0.015938 0.012500
0 0.353125 0.426563 0.016875 0.046250
0 0.418750 0.423958 0.016875 0.042500
0 0.651563 0.434375 0.024375 0.070000
0 0.580078 0.411458 0.012188 0.022500
0 0.667188 0.406771 0.018750 0.023750
0 0.630078 0.433854 0.034687 0.088750
0 0.440234 0.408333 0.015938 0.030000
0 0.306250 0.407813 0.018750 0.033750
0 0.599219 0.402083 0.013125 0.022500
0 0.423438 0.399479 0.007500 0.018750
0 0.596875 0.415625 0.031875 0.060000
0 0.494141 0.407813 0.027187 0.043750
0 0.534375 0.410938 0.030000 0.053750
0 0.319531 0.397917 0.007500 0.025000
0 0.648047 0.394792 0.027187 0.025000
0 0.272266 0.395313 0.023438 0.026250
0 0.458203 0.394792 0.012188 0.032500
0 0.405859 0.401562 0.023438 0.051250
0 0.337500 0.395313 0.022500 0.036250
0 0.295703 0.422396 0.027187 0.103750
0 0.441406 0.386458 0.018750 0.025000
0 0.388672 0.386458 0.017813 0.042500
0 0.474219 0.381771 0.024375 0.038750
0 0.522266 0.371875 0.015938 0.022500
0 0.703906 0.372917 0.050625 0.027500
0 0.314063 0.375000 0.033750 0.032500
0 0.601562 0.376563 0.043125 0.038750
0 0.554688 0.396354 0.039375 0.091250
0 0.289062 0.370833 0.026250 0.032500
0 0.489844 0.365625 0.011250 0.025000
0 0.337891 0.372917 0.023438 0.050000
0 0.551562 0.355729 0.015000 0.013750
0 0.396094 0.354687 0.011250 0.013750
0 0.356250 0.356250 0.015000 0.017500
0 0.268750 0.363021 0.028125 0.033750
0 0.470313 0.354167 0.018750 0.017500
0 0.503125 0.355208 0.013125 0.035000
0 0.403906 0.351562 0.013125 0.026250
0 0.323047 0.348958 0.029062 0.022500
0 0.446484 0.358854 0.027187 0.048750
0 0.537109 0.348958 0.019688 0.027500
0 0.470703 0.340625 0.036562 0.022500
0 0.371484 0.354167 0.042188 0.057500
0 0.636328 0.342708 0.049687 0.035000
0 0.568750 0.337500 0.022500 0.027500
0 0.583203 0.347917 0.029062 0.065000
0 0.505469 0.329688 0.018750 0.028750
0 0.422266 0.350000 0.023438 0.077500
0 0.409375 0.322396 0.013125 0.031250
0 0.357031 0.314583 0.015000 0.020000
0 0.439844 0.321354 0.015000 0.041250
0 0.563281 0.313021 0.050625 0.023750
0 0.491406 0.319792 0.022500 0.042500
0 0.611719 0.327604 0.039375 0.071250
0 0.528516 0.310417 0.017813 0.032500
0 0.465234 0.313021 0.040313 0.038750
0 0.426563 0.307812 0.007500 0.026250
0 0.343750 0.316667 0.022500 0.052500
0 0.364453 0.311979 0.025312 0.048750
0 0.555078 0.295833 0.021562 0.030000
0 0.514453 0.291146 0.015938 0.023750
0 0.464844 0.296354 0.016875 0.041250
0 0.445312 0.289583 0.015000 0.025000
0 0.370312 0.286458 0.011250 0.025000
0 0.424219 0.290625 0.024375 0.040000
0 0.533203 0.284896 0.027187 0.038750
0 0.494922 0.283854 0.012188 0.048750
0 0.452734 0.270833 0.017813 0.022500
0 0.512500 0.271354 0.028125 0.028750
0 0.419141 0.261979 0.036562 0.038750
0 0.483594 0.260937 0.048750 0.038750
0 0.360938 0.255729 0.020625 0.038750
0 0.453516 0.253125 0.044062 0.035000
0 0.392188 0.290625 0.037500 0.125000
0 0.298828 0.225000 0.021562 0.037500
0 0.337109 0.215625 0.019688 0.037500
0 0.462500 0.202604 0.030000 0.028750
0 0.333594 0.171354 0.028125 0.028750
