0 0.466250 0.976686 0.043500 0.041965
0 0.545625 0.955870 0.040500 0.051957
0 0.709063 0.950042 0.036750 0.041965
0 0.516875 0.939634 0.031500 0.046961
0 0.526563 0.916320 0.011250 0.012989
0 0.414687 0.921732 0.012750 0.029975
0 0.548438 0.919234 0.039750 0.043963
0 0.388437 0.906744 0.009750 0.015987
0 0.423438 0.942132 0.120750 0.102914
0 0.445000 0.905495 0.013500 0.016986
0 0.431250 0.911740 0.016500 0.033972
0 0.534062 0.903414 0.015750 0.023980
0 0.778438 0.902998 0.036750 0.046961
0 0.462187 0.895087 0.030750 0.027977
0 0.497188 0.883847 0.009750 0.008993
0 0.430312 0.876353 0.011250 0.008993
0 0.407500 0.885928 0.048000 0.031973
0 0.485938 0.878435 0.009750 0.025978
0 0.505000 0.903830 0.073500 0.092923
0 0.734062 0.880516 0.036750 0.042964
0 0.538438 0.859700 0.011250 0.006994
0 0.507188 0.870108 0.017250 0.033972
0 0.580000 0.859284 0.009000 0.021982
0 0.366875 0.874271 0.028500 0.063947
0 0.588437 0.864280 0.030750 0.051957
0 0.380625 0.849292 0.009000 0.023980
0 0.407187 0.854288 0.068250 0.047960
0 0.477812 0.861366 0.036750 0.096919
0 0.450313 0.844296 0.029250 0.059950
0 0.566562 0.856786 0.060750 0.103913
0 0.615000 0.833888 0.046500 0.056953
0 0.582500 0.819317 0.010500 0.021982
0 0.700625 0.825146 0.045000 0.039967
0 0.638125 0.827227 0.034500 0.044963
0 0.541250 0.826395 0.028500 0.046961
0 0.341875 0.828060 0.039000 0.052956
0 0.427812 0.811407 0.032250 0.042964
0 0.475625 0.790175 0.018000 0.007993
0 0.391875 0.808909 0.055500 0.060949
0 0.366563 0.788093 0.009750 0.016986
0 0.381250 0.787677 0.018000 0.019983
0 0.629062 0.785179 0.017250 0.017985
0 0.649687 0.795171 0.030750 0.043963
0 0.591562 0.795171 0.017250 0.043963
0 0.670312 0.789342 0.029250 0.031973
0 0.355625 0.793089 0.036000 0.056953
0 0.605938 0.786428 0.036750 0.048959
0 0.481875 0.814321 0.114000 0.121898
0 0.621250 0.768526 0.016500 0.019983
0 0.522500 0.795171 0.073500 0.085928
0 0.306875 0.777685 0.043500 0.045962
0 0.272500 0.777685 0.028500 0.061948
0 0.422812 0.768110 0.030750 0.058951
0 0.286875 0.748959 0.022500 0.016986
0 0.732187 0.747294 0.009750 0.020983
0 0.525625 0.748127 0.024000 0.030974
0 0.597187 0.751457 0.039750 0.042964
0 0.585938 0.740633 0.026250 0.026978
0 0.553750 0.761032 0.042000 0.081932
0 0.510625 0.729808 0.007500 0.016986
0 0.641875 0.721066 0.016500 0.007993
0 0.271562 0.734388 0.017250 0.039967
0 0.568438 0.726062 0.048750 0.021982
0 0.505000 0.738135 0.028500 0.050958
0 0.650625 0.731474 0.081000 0.046961
0 0.607187 0.720649 0.015750 0.024979
0 0.332813 0.714821 0.011250 0.018984
0 0.327813 0.735221 0.051750 0.071940
0 0.408438 0.729392 0.029250 0.061948
0 0.711250 0.721482 0.054000 0.046961
0 0.565625 0.701499 0.013500 0.008993
0 0.271562 0.706911 0.030750 0.025978
0 0.650625 0.701082 0.040500 0.021982
0 0.704688 0.699417 0.011250 0.021982
0 0.290312 0.696919 0.008250 0.019983
0 0.299375 0.705662 0.036000 0.046961
0 0.733437 0.692340 0.009750 0.018984
0 0.370000 0.727727 0.066000 0.107910
0 0.333125 0.694005 0.033000 0.028976
0 0.439375 0.720649 0.052500 0.094921
0 0.246875 0.716070 0.040500 0.085928
0 0.355000 0.685262 0.018000 0.017985
0 0.606875 0.696919 0.036000 0.055953
0 0.409375 0.688593 0.028500 0.035970
0 0.330000 0.672356 0.012000 0.008993
0 0.695312 0.687760 0.062250 0.051957
0 0.642813 0.677769 0.038250 0.031973
0 0.563438 0.665695 0.011250 0.010991
0 0.630938 0.659034 0.012750 0.016986
0 0.456250 0.714821 0.085500 0.156869
0 0.267188 0.658618 0.006750 0.023980
0 0.566875 0.652373 0.022500 0.012989
0 0.686250 0.665695 0.063000 0.054954
0 0.747188 0.661532 0.021750 0.056953
0 0.538438 0.652789 0.044250 0.041965
0 0.455937 0.643214 0.017250 0.018984
0 0.413125 0.642381 0.030000 0.016986
0 0.443750 0.640300 0.004500 0.017985
0 0.663750 0.647377 0.051000 0.038968
0 0.548750 0.640300 0.010500 0.039967
0 0.799063 0.645296 0.035250 0.055953
0 0.584375 0.640716 0.013500 0.044963
0 0.607812 0.656953 0.044250 0.085928
0 0.718750 0.643630 0.048000 0.067943
0 0.392500 0.623647 0.043500 0.019983
0 0.094687 0.631557 0.042750 0.048959
0 0.567500 0.618651 0.030000 0.029975
0 0.316250 0.649875 0.201000 0.104913
0 0.440000 0.621565 0.030000 0.040966
0 0.533750 0.614488 0.018000 0.025978
0 0.319688 0.604496 0.026250 0.015987
0 0.474687 0.625312 0.050250 0.071940
0 0.517813 0.605329 0.011250 0.025978
0 0.535937 0.654871 0.131250 0.156869
0 0.736250 0.614488 0.034500 0.061948
0 0.296250 0.600749 0.016500 0.028976
0 0.144063 0.608243 0.032250 0.056953
0 0.340625 0.611990 0.034500 0.067943
0 0.376250 0.599917 0.049500 0.044963
0 0.349062 0.589925 0.011250 0.026978
0 0.681875 0.579517 0.013500 0.007993
0 0.745313 0.588260 0.029250 0.030974
0 0.608750 0.581599 0.009000 0.020983
0 0.689688 0.572856 0.017250 0.007993
0 0.694688 0.604913 0.065250 0.086928
0 0.549063 0.577019 0.015750 0.029975
0 0.275313 0.569525 0.012750 0.011990
0 0.725625 0.575770 0.013500 0.030974
0 0.294375 0.574105 0.018000 0.028976
0 0.477500 0.575354 0.063000 0.033972
0 0.637188 0.577435 0.026250 0.040966
0 0.265000 0.600333 0.058500 0.097918
0 0.412500 0.563281 0.013500 0.012989
0 0.759062 0.562864 0.020250 0.023980
0 0.519687 0.567444 0.053250 0.040966
0 0.657500 0.589925 0.027000 0.098918
0 0.454375 0.561615 0.033000 0.036969
0 0.292500 0.548709 0.012000 0.005995
0 0.699688 0.562864 0.041250 0.041965
0 0.440312 0.547044 0.011250 0.009992
0 0.481563 0.553705 0.036750 0.037968
0 0.725313 0.550375 0.053250 0.045962
0 0.526250 0.541632 0.025500 0.030974
0 0.588437 0.531224 0.012750 0.007993
0 0.673125 0.539134 0.021000 0.048959
0 0.258437 0.540383 0.063750 0.057952
0 0.325625 0.550375 0.063000 0.083930
0 0.260000 0.529142 0.018000 0.032973
0 0.629062 0.519151 0.008250 0.010991
0 0.343125 0.522065 0.033000 0.027977
0 0.678438 0.522481 0.029250 0.034971
0 0.590000 0.578684 0.129000 0.177852
0 0.503437 0.514988 0.041250 0.028976
0 0.744687 0.522898 0.039750 0.051957
0 0.699375 0.513739 0.027000 0.033972
0 0.382812 0.502914 0.012750 0.015987
0 0.473438 0.516236 0.029250 0.051957
0 0.291563 0.501665 0.014250 0.016986
0 0.638437 0.519983 0.063750 0.062948
0 0.482187 0.495420 0.009750 0.013988
0 0.158750 0.497502 0.027000 0.038968
0 0.318125 0.494588 0.043500 0.041965
0 0.391562 0.541216 0.101250 0.169858
0 0.434375 0.504580 0.060000 0.083930
0 0.523438 0.472939 0.012750 0.011990
0 0.159688 0.467527 0.018750 0.020983
0 0.266562 0.499167 0.084750 0.100916
0 0.640312 0.470441 0.035250 0.035970
0 0.240625 0.461699 0.012000 0.014988
0 0.424375 0.460450 0.013500 0.015987
0 0.135937 0.480017 0.029250 0.062948
0 0.740313 0.460450 0.009750 0.023980
0 0.708750 0.472523 0.036000 0.052956
0 0.253125 0.455454 0.010500 0.015987
0 0.466250 0.469192 0.037500 0.050958
0 0.615313 0.473356 0.030750 0.062948
0 0.219062 0.463364 0.044250 0.040966
0 0.678125 0.466694 0.037500 0.062948
0 0.406562 0.462531 0.026250 0.058951
0 0.304375 0.462948 0.027000 0.061948
0 0.671875 0.447960 0.039000 0.027977
0 0.566875 0.444629 0.010500 0.021982
0 0.662500 0.438385 0.012000 0.012989
0 0.331562 0.452540 0.041250 0.046961
0 0.439063 0.444629 0.021750 0.029975
0 0.265625 0.438385 0.030000 0.022981
0 0.693125 0.427977 0.015000 0.019983
0 0.048750 0.446295 0.028500 0.065945
0 0.235937 0.435054 0.011250 0.042964
0 0.735938 0.472107 0.057750 0.133888
0 0.594375 0.417985 0.016500 0.013988
0 0.741250 0.419650 0.021000 0.023980
0 0.248125 0.419234 0.009000 0.028976
0 0.695312 0.411324 0.012750 0.015987
0 0.306250 0.396753 0.012000 0.006994
0 0.406562 0.412573 0.027750 0.054954
0 0.370000 0.430891 0.063000 0.102914
0 0.286875 0.393006 0.013500 0.011990
0 0.677188 0.394255 0.012750 0.016986
0 0.334062 0.407161 0.074250 0.047960
0 0.278125 0.413405 0.060000 0.062948
0 0.448437 0.409242 0.062250 0.054954
0 0.405000 0.389675 0.009000 0.015987
0 0.391250 0.387177 0.016500 0.025978
0 0.314375 0.383847 0.004500 0.017985
0 0.271562 0.385512 0.015750 0.025978
0 0.369063 0.378851 0.021750 0.017985
0 0.250937 0.380516 0.021750 0.021982
0 0.659375 0.402581 0.063000 0.078934
0 0.337813 0.374271 0.011250 0.010991
0 0.596250 0.408410 0.078000 0.110908
0 0.317812 0.368443 0.012750 0.014988
0 0.721562 0.397169 0.036750 0.085928
0 0.380625 0.370525 0.006000 0.021982
0 0.698438 0.380933 0.039750 0.052956
0 0.557500 0.370108 0.024000 0.030974
0 0.421250 0.370525 0.054000 0.041965
0 0.264375 0.363031 0.009000 0.025978
0 0.287187 0.371357 0.032250 0.047960
0 0.442188 0.356786 0.008250 0.014988
0 0.303438 0.354704 0.011250 0.009992
0 0.364687 0.353872 0.012750 0.019983
0 0.550937 0.455037 0.177750 0.270774
0 0.250000 0.349709 0.012000 0.017985
0 0.674375 0.353872 0.030000 0.029975
0 0.629062 0.376353 0.065250 0.085928
0 0.456250 0.362198 0.030000 0.051957
0 0.271562 0.344296 0.017250 0.008993
0 0.238437 0.344713 0.006750 0.017985
0 0.592812 0.343464 0.032250 0.034971
0 0.319375 0.347211 0.024000 0.045962
0 0.705937 0.342631 0.044250 0.036969
0 0.331250 0.335137 0.018000 0.018984
0 0.408750 0.334305 0.027000 0.020983
0 0.258750 0.335137 0.012000 0.022981
0 0.620938 0.338884 0.041250 0.045962
0 0.682500 0.325146 0.015000 0.018984
0 0.542500 0.381765 0.052500 0.156869
0 0.568438 0.320566 0.011250 0.015987
0 0.370312 0.340550 0.071250 0.071940
0 0.477187 0.327227 0.128250 0.061948
0 0.395000 0.304330 0.009000 0.016986
0 0.243125 0.335554 0.060000 0.101915
0 0.412187 0.296420 0.008250 0.009992
0 0.335313 0.301415 0.042750 0.025978
0 0.378437 0.307660 0.042750 0.042964
0 0.158750 0.304746 0.042000 0.041965
0 0.634687 0.307244 0.027750 0.055953
0 0.354063 0.291007 0.009750 0.018984
0 0.726562 0.302664 0.086250 0.074938
0 0.545000 0.312240 0.084000 0.105912
0 0.280625 0.277685 0.019500 0.022981
0 0.384062 0.282265 0.045750 0.035970
0 0.498750 0.270608 0.021000 0.009992
0 0.668750 0.300583 0.049500 0.091923
0 0.295625 0.296836 0.060000 0.084929
0 0.606563 0.283514 0.035250 0.056953
0 0.263437 0.275604 0.029250 0.039967
0 0.463750 0.266445 0.018000 0.019983
0 0.322500 0.269359 0.016500 0.026978
0 0.573750 0.272273 0.030000 0.039967
0 0.470313 0.281432 0.093750 0.089925
0 0.391250 0.240216 0.009000 0.010991
0 0.571562 0.236053 0.011250 0.010991
0 0.592500 0.241465 0.030000 0.029975
0 0.537813 0.262698 0.056250 0.080933
0 0.443437 0.231890 0.006750 0.022981
0 0.643125 0.233555 0.028500 0.036969
0 0.299687 0.241465 0.050250 0.055953
0 0.623437 0.223564 0.026250 0.016986
0 0.251563 0.246461 0.060750 0.087927
0 0.547813 0.216903 0.023250 0.030974
0 0.324375 0.220233 0.031500 0.044963
0 0.720938 0.242298 0.039750 0.107910
0 0.476562 0.234388 0.107250 0.088926
0 0.648125 0.199833 0.015000 0.019983
0 0.387188 0.261449 0.128250 0.169858
0 0.408438 0.190674 0.012750 0.011990
0 0.664062 0.201082 0.026250 0.046961
0 0.499063 0.185262 0.008250 0.012989
0 0.379375 0.203580 0.055500 0.066944
0 0.347187 0.174854 0.011250 0.009992
0 0.645000 0.189009 0.022500 0.045962
0 0.299687 0.194005 0.090750 0.069942
0 0.335938 0.167361 0.012750 0.019983
0 0.410625 0.165279 0.034500 0.024979
0 0.481250 0.191507 0.078000 0.089925
0 0.608750 0.176103 0.063000 0.054954
0 0.557813 0.154038 0.009750 0.011990
0 0.255625 0.171940 0.025500 0.058951
0 0.326250 0.149042 0.019500 0.013988
0 0.066250 0.157785 0.039000 0.036969
0 0.401562 0.151124 0.009750 0.022981
0 0.613750 0.149459 0.016500 0.020983
0 0.600625 0.145296 0.013500 0.014988
0 0.373125 0.165695 0.051000 0.065945
0 0.355000 0.145712 0.040500 0.019983
0 0.304375 0.147794 0.031500 0.026978
0 0.652500 0.156953 0.042000 0.052956
0 0.288750 0.145712 0.052500 0.045962
0 0.204375 0.151957 0.030000 0.062948
0 0.575625 0.145712 0.055500 0.049958
0 0.425625 0.131557 0.013500 0.015987
0 0.296875 0.124480 0.021000 0.020983
0 0.523438 0.113239 0.008250 0.009992
0 0.557500 0.122398 0.036000 0.035970
0 0.507500 0.115737 0.031500 0.045962
0 0.502812 0.106994 0.018750 0.028976
0 0.621250 0.096170 0.015000 0.018984
0 0.568438 0.094088 0.015750 0.013988
0 0.640625 0.113655 0.030000 0.064946
0 0.395313 0.113239 0.063750 0.063947
0 0.708438 0.107410 0.036750 0.051957
0 0.604688 0.106162 0.047250 0.052956
0 0.371250 0.088676 0.012000 0.010991
0 0.258437 0.099084 0.030750 0.055953
0 0.515000 0.082431 0.025500 0.025978
0 0.311250 0.080766 0.030000 0.023980
0 0.520000 0.148626 0.250500 0.206828
0 0.445312 0.067860 0.011250 0.014988
0 0.355938 0.076603 0.029250 0.037968
0 0.330000 0.072023 0.010500 0.026978
0 0.459375 0.069109 0.015000 0.023980
0 0.310937 0.063281 0.014250 0.013988
0 0.586562 0.073689 0.038250 0.042964
0 0.544375 0.077852 0.051000 0.062948
0 0.481875 0.060783 0.037500 0.023980
0 0.713125 0.067027 0.034500 0.052956
0 0.386875 0.059950 0.042000 0.035970
0 0.412187 0.052873 0.012750 0.020983
0 0.428750 0.045379 0.033000 0.034971
0 0.509687 0.053289 0.051750 0.073938
0 0.318125 0.037469 0.036000 0.047960
0 0.663125 0.038301 0.024000 0.059950
