0 0.537891 0.854167 0.015938 0.017500
0 0.531250 0.835938 0.020625 0.031250
0 0.574219 0.820833 0.020625 0.025000
0 0.522266 0.810937 0.019688 0.031250
0 0.565234 0.771875 0.025312 0.035000
0 0.558984 0.759896 0.014063 0.013750
0 0.535156 0.755729 0.007500 0.023750
0 0.476172 0.757812 0.034687 0.036250
0 0.583984 0.743229 0.032813 0.038750
0 0.534766 0.729167 0.008437 0.027500
0 0.439063 0.733333 0.028125 0.037500
0 0.519922 0.726042 0.025312 0.025000
0 0.462500 0.726562 0.018750 0.026250
0 0.577734 0.719271 0.012188 0.018750
0 0.662891 0.713542 0.010312 0.015000
0 0.435156 0.707812 0.033750 0.023750
0 0.609766 0.711458 0.014063 0.035000
0 0.591406 0.703125 0.028125 0.022500
0 0.559375 0.715104 0.046875 0.053750
0 0.519141 0.698958 0.015938 0.025000
0 0.536328 0.694792 0.015938 0.020000
0 0.457031 0.696354 0.033750 0.026250
0 0.646094 0.677604 0.015000 0.021250
0 0.688281 0.672917 0.011250 0.017500
0 0.417187 0.673958 0.024375 0.020000
0 0.443750 0.679167 0.028125 0.037500
0 0.590234 0.664583 0.025312 0.020000
0 0.561328 0.684375 0.042188 0.082500
0 0.622656 0.672396 0.039375 0.056250
0 0.546484 0.660417 0.017813 0.027500
0 0.485547 0.677604 0.038437 0.068750
0 0.712891 0.664583 0.030937 0.040000
0 0.459766 0.652083 0.019688 0.022500
0 0.496875 0.644792 0.022500 0.012500
0 0.582422 0.646875 0.010312 0.025000
0 0.523828 0.647396 0.032813 0.026250
0 0.609766 0.643229 0.038437 0.023750
0 0.433984 0.644271 0.021562 0.028750
0 0.392578 0.643750 0.021562 0.030000
0 0.409766 0.644271 0.012188 0.041250
0 0.654297 0.684375 0.079687 0.140000
0 0.730859 0.634896 0.021562 0.026250
0 0.545703 0.633333 0.019688 0.032500
0 0.745313 0.626042 0.007500 0.017500
0 0.601562 0.623437 0.016875 0.011250
0 0.503125 0.625521 0.013125 0.021250
0 0.577344 0.628646 0.046875 0.038750
0 0.691406 0.616146 0.018750 0.016250
0 0.366016 0.622396 0.008437 0.033750
0 0.386719 0.621354 0.037500 0.033750
0 0.441406 0.612500 0.016875 0.017500
0 0.734375 0.610417 0.009375 0.017500
0 0.652344 0.605208 0.013125 0.022500
0 0.570312 0.605729 0.013125 0.026250
0 0.474609 0.615625 0.060937 0.057500
0 0.398438 0.602604 0.043125 0.026250
0 0.781250 0.598437 0.028125 0.018750
0 0.711719 0.614062 0.039375 0.063750
0 0.669531 0.606250 0.026250 0.045000
0 0.451953 0.594271 0.023438 0.023750
0 0.371484 0.594271 0.019688 0.031250
0 0.427734 0.602083 0.027187 0.052500
0 0.353516 0.598437 0.023438 0.048750
0 0.670703 0.582292 0.008437 0.012500
0 0.503125 0.587500 0.018750 0.025000
0 0.332031 0.584375 0.018750 0.020000
0 0.683594 0.587500 0.016875 0.032500
0 0.635938 0.601562 0.063750 0.066250
0 0.527734 0.589583 0.029062 0.042500
0 0.611719 0.585417 0.060000 0.042500
0 0.385937 0.575000 0.022500 0.020000
0 0.414453 0.580208 0.021562 0.035000
0 0.771484 0.579167 0.025312 0.040000
0 0.516406 0.567187 0.016875 0.021250
0 0.440234 0.564063 0.029062 0.023750
0 0.630469 0.557813 0.015000 0.011250
0 0.748437 0.568229 0.043125 0.038750
0 0.723828 0.567187 0.025312 0.036250
0 0.395313 0.561458 0.022500 0.022500
0 0.502344 0.550000 0.013125 0.010000
0 0.664844 0.556771 0.026250 0.033750
0 0.275391 0.561979 0.023438 0.048750
0 0.704688 0.562500 0.020625 0.055000
0 0.537891 0.551042 0.019688 0.027500
0 0.477734 0.562500 0.042188 0.062500
0 0.553516 0.544271 0.008437 0.021250
0 0.449219 0.542708 0.015000 0.017500
0 0.417578 0.541146 0.030937 0.018750
0 0.579297 0.573438 0.126562 0.101250
0 0.380859 0.544271 0.051562 0.031250
0 0.332422 0.552083 0.023438 0.055000
0 0.771484 0.533854 0.010312 0.016250
0 0.758984 0.534375 0.014063 0.025000
0 0.305469 0.528646 0.015000 0.011250
0 0.571094 0.554167 0.069375 0.077500
0 0.320703 0.531771 0.017813 0.023750
0 0.694141 0.544271 0.029062 0.061250
0 0.643359 0.529167 0.027187 0.027500
0 0.525781 0.535937 0.039375 0.043750
0 0.795312 0.523958 0.024375 0.025000
0 0.709375 0.518229 0.026250 0.016250
0 0.778906 0.517188 0.007500 0.016250
0 0.429297 0.513021 0.027187 0.013750
0 0.395703 0.518229 0.021562 0.026250
0 0.676172 0.514062 0.034687 0.021250
0 0.328906 0.514583 0.031875 0.025000
0 0.756641 0.525521 0.053437 0.056250
0 0.477344 0.518229 0.022500 0.043750
0 0.619141 0.513021 0.012188 0.033750
0 0.555859 0.516667 0.049687 0.042500
0 0.305078 0.509896 0.021562 0.026250
0 0.712109 0.498437 0.017813 0.013750
0 0.362891 0.515104 0.051562 0.056250
0 0.659766 0.501563 0.036562 0.026250
0 0.584766 0.497396 0.019688 0.023750
0 0.605469 0.503646 0.020625 0.041250
0 0.401562 0.490104 0.018750 0.011250
0 0.380859 0.491146 0.023438 0.016250
0 0.689453 0.496875 0.027187 0.037500
0 0.739453 0.512500 0.057188 0.080000
0 0.511328 0.490104 0.017813 0.026250
0 0.455078 0.500521 0.034687 0.051250
0 0.539844 0.481771 0.041250 0.018750
0 0.653516 0.479687 0.034687 0.023750
0 0.601172 0.478125 0.027187 0.020000
0 0.769141 0.472396 0.015938 0.013750
0 0.749219 0.471875 0.028125 0.015000
0 0.719922 0.477083 0.021562 0.027500
0 0.568750 0.473438 0.031875 0.018750
0 0.431250 0.482812 0.046875 0.048750
0 0.814844 0.469792 0.022500 0.025000
0 0.362500 0.473438 0.033750 0.033750
0 0.637500 0.475000 0.045000 0.050000
0 0.385547 0.457292 0.027187 0.012500
0 0.280078 0.458333 0.008437 0.015000
0 0.614062 0.460417 0.024375 0.022500
0 0.582422 0.457292 0.027187 0.015000
0 0.727344 0.457813 0.013125 0.023750
0 0.470703 0.461979 0.038437 0.033750
0 0.682813 0.464583 0.028125 0.042500
0 0.812109 0.455729 0.019688 0.026250
0 0.429688 0.455729 0.026250 0.026250
0 0.405859 0.461458 0.023438 0.040000
0 0.662500 0.448958 0.018750 0.012500
0 0.750000 0.450000 0.033750 0.027500
0 0.554688 0.445312 0.013125 0.016250
0 0.635156 0.443229 0.016875 0.023750
0 0.569922 0.440625 0.010312 0.020000
0 0.505469 0.470313 0.067500 0.091250
0 0.481641 0.440104 0.015938 0.021250
0 0.598047 0.441146 0.017813 0.036250
0 0.283594 0.436979 0.020625 0.026250
0 0.543750 0.423438 0.013125 0.011250
0 0.417969 0.436458 0.022500 0.045000
0 0.305859 0.457292 0.047812 0.095000
0 0.734375 0.420833 0.016875 0.010000
0 0.612109 0.427604 0.027187 0.033750
0 0.430469 0.422917 0.022500 0.022500
0 0.559766 0.422396 0.019688 0.023750
0 0.474219 0.426563 0.026250 0.038750
0 0.668750 0.414583 0.011250 0.017500
0 0.526563 0.419271 0.020625 0.028750
0 0.369531 0.456250 0.091875 0.122500
0 0.753516 0.419792 0.021562 0.037500
0 0.713281 0.433333 0.046875 0.070000
0 0.584375 0.406771 0.028125 0.016250
0 0.451953 0.404167 0.019688 0.012500
0 0.417187 0.406250 0.015000 0.017500
0 0.314063 0.419792 0.048750 0.050000
0 0.607812 0.403646 0.007500 0.026250
0 0.537109 0.400521 0.010312 0.026250
0 0.545703 0.395833 0.008437 0.020000
0 0.712109 0.392188 0.023438 0.016250
0 0.623047 0.400521 0.019688 0.038750
0 0.319141 0.398958 0.029062 0.035000
0 0.668750 0.393229 0.007500 0.023750
0 0.600781 0.393750 0.016875 0.025000
0 0.461328 0.396354 0.021562 0.031250
0 0.339453 0.434896 0.049687 0.128750
0 0.689453 0.385417 0.021562 0.017500
0 0.395703 0.390625 0.015938 0.030000
0 0.301563 0.388021 0.020625 0.023750
0 0.434766 0.385937 0.038437 0.021250
0 0.270313 0.390104 0.031875 0.038750
0 0.190234 0.393229 0.019688 0.046250
0 0.502734 0.390104 0.030937 0.053750
0 0.600000 0.625625 1.000000 0.748750
0 0.735547 0.384375 0.027187 0.042500
0 0.506250 0.396875 0.052500 0.072500
0 0.229297 0.378125 0.034687 0.027500
0 0.647656 0.394792 0.037500 0.070000
0 0.474219 0.377083 0.037500 0.032500
0 0.637500 0.374479 0.013125 0.028750
0 0.314453 0.370312 0.034687 0.021250
0 0.331641 0.366667 0.014063 0.015000
0 0.412891 0.378646 0.023438 0.048750
0 0.891016 0.368229 0.029062 0.026250
0 0.435547 0.365625 0.029062 0.030000
0 0.493750 0.361979 0.026250 0.026250
0 0.705859 0.367708 0.014063 0.042500
0 0.560937 0.367188 0.052500 0.041250
0 0.320312 0.355208 0.009375 0.020000
0 0.726172 0.354687 0.027187 0.023750
0 0.394922 0.357292 0.023438 0.030000
0 0.588281 0.356250 0.028125 0.032500
0 0.791016 0.345833 0.021562 0.020000
0 0.356250 0.365104 0.060000 0.071250
0 0.403906 0.336979 0.016875 0.008750
0 0.489063 0.336979 0.007500 0.016250
0 0.505859 0.338542 0.014063 0.022500
0 0.784766 0.340625 0.029062 0.030000
0 0.640234 0.354687 0.042188 0.063750
0 0.678516 0.336458 0.019688 0.025000
0 0.351562 0.332292 0.020625 0.017500
0 0.570703 0.335938 0.049687 0.031250
0 0.530469 0.340104 0.033750 0.041250
0 0.446484 0.342708 0.079687 0.050000
0 0.387500 0.329688 0.020625 0.018750
0 0.453516 0.326042 0.017813 0.017500
0 0.314063 0.336979 0.045000 0.051250
0 0.695312 0.326042 0.016875 0.032500
0 0.614844 0.331771 0.048750 0.051250
0 0.330469 0.316146 0.024375 0.023750
0 0.219141 0.315104 0.032813 0.026250
0 0.423047 0.313021 0.042188 0.038750
0 0.516406 0.306771 0.018750 0.031250
0 0.545703 0.305729 0.045937 0.036250
0 0.636328 0.300000 0.025312 0.030000
0 0.601562 0.303646 0.048750 0.038750
0 0.459766 0.305729 0.060937 0.046250
0 0.569141 0.300521 0.029062 0.043750
0 0.533594 0.287500 0.013125 0.020000
0 0.406641 0.288021 0.042188 0.021250
0 0.680859 0.304167 0.077812 0.062500
0 0.622266 0.283333 0.008437 0.015000
0 0.520703 0.283333 0.010312 0.017500
0 0.329297 0.288542 0.015938 0.045000
0 0.504297 0.274479 0.021562 0.013750
0 0.437500 0.275000 0.022500 0.027500
0 0.483984 0.293229 0.053437 0.078750
0 0.459766 0.270833 0.025312 0.027500
0 0.378125 0.272917 0.046875 0.035000
0 0.546484 0.265625 0.025312 0.035000
0 0.357422 0.282292 0.049687 0.075000
0 0.501563 0.258854 0.016875 0.023750
0 0.728125 0.251563 0.011250 0.016250
0 0.388281 0.253125 0.020625 0.040000
0 0.485156 0.246875 0.020625 0.027500
0 0.641797 0.258854 0.060937 0.061250
0 0.427344 0.245833 0.069375 0.037500
0 0.371484 0.234896 0.030937 0.021250
0 0.464844 0.238021 0.016875 0.041250
0 0.597266 0.223958 0.012188 0.012500
0 0.720313 0.227604 0.015000 0.023750
0 0.407422 0.222917 0.025312 0.012500
0 0.514453 0.231771 0.049687 0.036250
0 0.578516 0.251042 0.066562 0.085000
0 0.539844 0.244271 0.046875 0.068750
0 0.740234 0.227604 0.030937 0.041250
0 0.448047 0.217188 0.030937 0.016250
0 0.330859 0.230208 0.021562 0.047500
0 0.616797 0.220312 0.030937 0.033750
0 0.427734 0.215625 0.012188 0.035000
0 0.548438 0.202083 0.013125 0.020000
0 0.484766 0.199479 0.014063 0.016250
0 0.593750 0.203125 0.045000 0.027500
0 0.419141 0.204167 0.012188 0.030000
0 0.811719 0.197396 0.013125 0.021250
0 0.459766 0.196875 0.015938 0.022500
0 0.317578 0.207813 0.023438 0.048750
0 0.527734 0.195833 0.023438 0.025000
0 0.376563 0.214062 0.086250 0.078750
0 0.367969 0.185938 0.030000 0.016250
0 0.565234 0.197396 0.021562 0.046250
0 0.345703 0.192188 0.023438 0.033750
0 0.615625 0.188021 0.026250 0.033750
0 0.542188 0.184375 0.026250 0.030000
0 0.804297 0.186458 0.023438 0.040000
0 0.473438 0.178125 0.018750 0.020000
0 0.581250 0.179167 0.016875 0.030000
0 0.500781 0.188542 0.037500 0.062500
0 0.380859 0.169792 0.012188 0.025000
0 0.426172 0.167187 0.012188 0.021250
0 0.412500 0.169271 0.031875 0.028750
0 0.704688 0.158333 0.011250 0.015000
0 0.446484 0.175521 0.042188 0.056250
0 0.691797 0.147396 0.023438 0.018750
0 0.595313 0.162500 0.015000 0.055000
0 0.436328 0.148438 0.021562 0.023750
0 0.496484 0.148958 0.036562 0.030000
0 0.391016 0.145833 0.023438 0.025000
0 0.364063 0.145313 0.035625 0.033750
0 0.571484 0.149479 0.049687 0.056250
0 0.541406 0.141667 0.054375 0.060000
0 0.464453 0.136979 0.025312 0.048750
0 0.697656 0.113021 0.009375 0.018750
0 0.424219 0.128125 0.056250 0.062500
0 0.407031 0.113542 0.035625 0.032500
0 0.691406 0.099479 0.024375 0.043750
0 0.821875 0.227500 0.356250 0.455000
0 0.240937 0.216250 0.481875 0.432500
