0 0.112500 0.983500 0.054000 0.033000
0 0.390000 0.970000 0.066000 0.060000
0 0.167500 0.967000 0.042000 0.066000
0 0.313750 0.965500 0.075000 0.069000
0 0.067500 0.949000 0.048000 0.102000
0 0.230000 0.940000 0.138000 0.120000
0 0.230000 0.883750 0.054000 0.045000
0 0.180000 0.873750 0.030000 0.039000
0 0.393750 0.880000 0.135000 0.156000
0 0.250000 0.826250 0.090000 0.093000
0 0.181250 0.816250 0.039000 0.081000
0 0.057000 0.877000 0.114000 0.246000
0 0.300000 0.832500 0.078000 0.126000
0 0.383750 0.796250 0.093000 0.069000
0 0.131250 0.832500 0.093000 0.192000
0 0.281250 0.763750 0.057000 0.051000
0 0.216250 0.768750 0.045000 0.063000
0 0.052500 0.790000 0.105000 0.126000
0 0.322500 0.731250 0.108000 0.063000
0 0.243750 0.725000 0.027000 0.054000
0 0.067500 0.715000 0.135000 0.102000
0 0.213750 0.662500 0.075000 0.096000
0 0.160000 0.651250 0.048000 0.087000
0 0.276250 0.652500 0.069000 0.096000
0 0.081250 0.650000 0.135000 0.114000
0 0.027000 0.613750 0.054000 0.117000
0 0.141250 0.571250 0.081000 0.099000
0 0.166250 0.553750 0.075000 0.063000
0 0.228750 0.557500 0.063000 0.102000
0 0.257500 0.485000 0.090000 0.066000
0 0.188750 0.480000 0.063000 0.090000
0 0.058500 0.516250 0.117000 0.183000
0 0.156250 0.446250 0.219000 0.183000
0 0.036000 0.378750 0.072000 0.105000
0 0.102500 0.353750 0.084000 0.063000
0 0.108750 0.132500 0.075000 0.066000
0 0.091250 0.102500 0.039000 0.036000
0 0.167500 0.043750 0.060000 0.075000
0 0.195000 0.045000 0.060000 0.084000
