0 0.420833 0.816797 0.035000 0.025312
0 0.471875 0.821484 0.052500 0.049687
0 0.469271 0.771484 0.041250 0.025312
0 0.548958 0.770312 0.055000 0.043125
0 0.792500 0.845781 0.415000 0.308438
0 0.597917 0.758594 0.050000 0.037500
0 0.435937 0.750781 0.036250 0.022500
0 0.505208 0.746484 0.035000 0.038437
0 0.341667 0.742578 0.027500 0.030937
0 0.392188 0.740234 0.021250 0.027187
0 0.455208 0.758594 0.100000 0.075000
0 0.448437 0.733203 0.026250 0.017813
0 0.473438 0.733984 0.021250 0.027187
0 0.584896 0.735156 0.061250 0.033750
0 0.366667 0.741406 0.032500 0.048750
0 0.576042 0.723828 0.012500 0.012188
0 0.327083 0.718750 0.015000 0.018750
0 0.407813 0.740234 0.061250 0.079687
0 0.685417 0.710156 0.020000 0.011250
0 0.581250 0.710547 0.020000 0.017813
0 0.486458 0.710156 0.027500 0.016875
0 0.620313 0.717969 0.051250 0.039375
0 0.323437 0.705469 0.018750 0.011250
0 0.625521 0.704688 0.013750 0.016875
0 0.523958 0.706250 0.065000 0.024375
0 0.470833 0.709766 0.030000 0.040313
0 0.549479 0.717187 0.043750 0.060000
0 0.464062 0.706250 0.101250 0.052500
0 0.381250 0.706250 0.107500 0.052500
0 0.321354 0.689844 0.016250 0.018750
0 0.438542 0.685156 0.025000 0.020625
0 0.294792 0.691797 0.030000 0.042188
0 0.655208 0.686328 0.060000 0.030937
0 0.556771 0.680859 0.051250 0.038437
0 0.792708 0.672656 0.030000 0.028125
0 0.514062 0.668359 0.021250 0.030937
0 0.607292 0.660547 0.027500 0.015938
0 0.533854 0.664062 0.018750 0.033750
0 0.764062 0.651563 0.021250 0.009375
0 0.299479 0.660547 0.051250 0.030937
0 0.367708 0.656250 0.042500 0.022500
0 0.379167 0.669141 0.090000 0.057188
0 0.327083 0.664062 0.040000 0.045000
0 0.632812 0.673047 0.138750 0.070312
0 0.220833 0.649219 0.027500 0.015000
0 0.363021 0.646875 0.011250 0.011250
0 0.429688 0.661328 0.101250 0.055313
0 0.528646 0.641406 0.016250 0.015000
0 0.266250 0.780625 0.532500 0.438750
0 0.717187 0.644531 0.018750 0.026250
0 0.671354 0.679688 0.118750 0.110625
0 0.390104 0.633594 0.011250 0.011250
0 0.356771 0.633984 0.011250 0.015938
0 0.414062 0.644141 0.063750 0.042188
0 0.240625 0.641016 0.017500 0.034687
0 0.656771 0.625781 0.013750 0.013125
0 0.275000 0.650781 0.035000 0.073125
0 0.607292 0.628125 0.027500 0.020625
0 0.714583 0.626953 0.032500 0.019688
0 0.261458 0.630859 0.017500 0.029062
0 0.444271 0.621875 0.011250 0.013125
0 0.516146 0.621875 0.041250 0.018750
0 0.626042 0.634375 0.075000 0.061875
0 0.754687 0.611719 0.011250 0.016875
0 0.457292 0.618359 0.032500 0.038437
0 0.409896 0.615234 0.076250 0.030937
0 0.261979 0.607812 0.031250 0.013125
0 0.753646 0.635938 0.073750 0.091875
0 0.497917 0.640625 0.112500 0.103125
0 0.533854 0.604297 0.021250 0.021562
0 0.409896 0.598828 0.016250 0.015938
0 0.227604 0.598828 0.041250 0.015938
0 0.798958 0.602344 0.032500 0.026250
0 0.498958 0.591797 0.042500 0.014063
0 0.545833 0.591406 0.017500 0.015000
0 0.456771 0.600000 0.031250 0.035625
0 0.338021 0.601172 0.093750 0.040313
0 0.290104 0.600781 0.046250 0.046875
0 0.782813 0.584766 0.033750 0.014063
0 0.476042 0.582812 0.015000 0.016875
0 0.589063 0.618750 0.108750 0.106875
0 0.900521 0.581250 0.026250 0.026250
0 0.526563 0.574219 0.026250 0.011250
0 0.418229 0.581250 0.026250 0.028125
0 0.796354 0.570312 0.021250 0.007500
0 0.654687 0.583594 0.026250 0.039375
0 0.450521 0.582422 0.036250 0.038437
0 0.289583 0.573047 0.020000 0.015938
0 0.567708 0.576172 0.027500 0.025312
0 0.262500 0.582422 0.037500 0.040313
0 0.685417 0.599219 0.070000 0.086250
0 0.866146 0.568750 0.041250 0.015000
0 0.734896 0.590625 0.091250 0.067500
0 0.371875 0.565234 0.022500 0.006563
0 0.824479 0.571094 0.036250 0.022500
0 0.595313 0.576172 0.041250 0.034687
0 0.633854 0.566406 0.016250 0.018750
0 0.502604 0.566797 0.046250 0.027187
0 0.319792 0.565234 0.027500 0.023438
0 0.786979 0.560547 0.033750 0.017813
0 0.392188 0.555859 0.011250 0.014063
0 0.578125 0.556641 0.030000 0.017813
0 0.223438 0.558203 0.036250 0.025312
0 0.485938 0.553516 0.018750 0.017813
0 0.372917 0.597656 0.140000 0.123750
0 0.320312 0.545312 0.021250 0.018750
0 0.796875 0.542578 0.032500 0.017813
0 0.475521 0.544922 0.023750 0.029062
0 0.496875 0.537500 0.017500 0.015000
0 0.676562 0.551562 0.078750 0.050625
0 0.451042 0.547656 0.027500 0.041250
0 0.892708 0.533984 0.020000 0.014063
0 0.300521 0.546484 0.041250 0.044062
0 0.877604 0.534375 0.023750 0.016875
0 0.755208 0.540234 0.050000 0.038437
0 0.534896 0.530859 0.018750 0.023438
0 0.554688 0.546484 0.066250 0.062812
0 0.775521 0.528516 0.033750 0.025312
0 0.415625 0.532031 0.040000 0.037500
0 0.509896 0.523438 0.013750 0.022500
0 0.393750 0.527734 0.022500 0.032813
0 0.742188 0.516797 0.013750 0.014063
0 0.447396 0.519141 0.021250 0.025312
0 0.615104 0.514453 0.026250 0.030937
0 0.499479 0.515234 0.046250 0.038437
0 0.434375 0.504297 0.040000 0.021562
0 0.336979 0.511328 0.056250 0.038437
0 0.465625 0.500000 0.030000 0.026250
0 0.584375 0.503125 0.025000 0.039375
0 0.770312 0.500391 0.046250 0.036562
0 0.154688 0.489453 0.036250 0.017813
0 0.773958 0.486719 0.022500 0.015000
0 0.427083 0.485547 0.030000 0.019688
0 0.277604 0.484766 0.033750 0.017813
0 0.601042 0.480469 0.037500 0.009375
0 0.628125 0.498047 0.085000 0.053437
0 0.362500 0.530859 0.120000 0.135937
0 0.530729 0.494141 0.028750 0.062812
0 0.782813 0.472656 0.018750 0.024375
0 0.715104 0.506250 0.086250 0.110625
0 0.673438 0.468750 0.033750 0.020625
0 0.623437 0.466797 0.031250 0.017813
0 0.453125 0.472266 0.032500 0.034687
0 0.387500 0.464844 0.025000 0.018750
0 0.483854 0.474609 0.021250 0.045937
0 0.805729 0.462500 0.028750 0.026250
0 0.727604 0.458594 0.023750 0.022500
0 0.429167 0.462109 0.052500 0.036562
0 0.591667 0.455859 0.022500 0.027187
0 0.573958 0.469531 0.045000 0.063750
0 0.767708 0.463281 0.047500 0.050625
0 0.757812 0.444922 0.033750 0.010312
0 0.466667 0.446875 0.030000 0.018750
0 0.521875 0.466406 0.062500 0.071250
0 0.652604 0.442578 0.023750 0.015938
0 0.655208 0.502734 0.172500 0.162187
0 0.638021 0.435156 0.013750 0.013125
0 0.751042 0.432812 0.012500 0.011250
0 0.493750 0.439844 0.027500 0.035625
0 0.513021 0.424219 0.031250 0.011250
0 0.375521 0.430469 0.036250 0.026250
0 0.615625 0.433984 0.032500 0.042188
0 0.555208 0.427734 0.025000 0.027187
0 0.574479 0.436719 0.051250 0.050625
0 0.755208 0.430859 0.065000 0.040313
0 0.360417 0.422266 0.042500 0.021562
0 0.686458 0.428125 0.030000 0.043125
0 0.607812 0.409766 0.016250 0.010312
0 0.515625 0.421484 0.060000 0.040313
0 0.631771 0.408984 0.033750 0.019688
0 0.583854 0.407031 0.016250 0.020625
0 0.670833 0.414844 0.032500 0.048750
0 0.732812 0.399609 0.041250 0.017813
0 0.712500 0.413281 0.060000 0.054375
0 0.554688 0.401562 0.016250 0.030000
0 0.578125 0.393359 0.032500 0.025312
0 0.540625 0.394531 0.020000 0.028125
0 0.294792 0.389453 0.040000 0.023438
0 0.424479 0.384375 0.041250 0.018750
0 0.436458 0.351953 0.040000 0.023438
0 0.327500 0.292969 0.655000 0.487500
0 0.558333 0.080469 0.027500 0.020625
0 0.796875 0.207031 0.406250 0.335625
0 0.581250 0.063281 0.022500 0.016875
0 0.642708 0.051172 0.045000 0.036562
0 0.605208 0.046094 0.032500 0.024375
