0 0.665000 0.979000 0.036000 0.042000
0 0.623750 0.977500 0.057000 0.045000
0 0.782500 0.903750 0.066000 0.087000
0 0.660000 0.882500 0.060000 0.090000
0 0.272500 0.791250 0.102000 0.063000
0 0.491250 0.760000 0.051000 0.030000
0 0.621250 0.778750 0.075000 0.087000
0 0.355000 0.713750 0.090000 0.045000
0 0.615000 0.698750 0.054000 0.051000
0 0.451250 0.705000 0.123000 0.108000
0 0.310000 0.672500 0.066000 0.042000
0 0.255000 0.652500 0.066000 0.036000
0 0.695000 0.665000 0.060000 0.084000
0 0.205000 0.645000 0.048000 0.054000
0 0.350000 0.652500 0.060000 0.090000
0 0.562500 0.693750 0.132000 0.195000
0 0.456250 0.638750 0.099000 0.075000
0 0.647500 0.648750 0.042000 0.111000
0 0.396250 0.620000 0.069000 0.054000
0 0.811250 0.611250 0.093000 0.051000
0 0.743750 0.631250 0.051000 0.099000
0 0.282500 0.616250 0.090000 0.081000
0 0.453750 0.602500 0.063000 0.066000
0 0.932500 0.596250 0.096000 0.057000
0 0.168750 0.595000 0.099000 0.060000
0 0.590000 0.575000 0.060000 0.072000
0 0.521250 0.577500 0.051000 0.078000
0 0.692500 0.575000 0.054000 0.102000
0 0.375000 0.565000 0.042000 0.084000
0 0.813750 0.552500 0.153000 0.102000
0 0.428750 0.548750 0.063000 0.093000
0 0.132500 0.538750 0.156000 0.093000
0 0.328750 0.557500 0.063000 0.144000
0 0.567500 0.518750 0.030000 0.063000
0 0.630000 0.541250 0.114000 0.147000
0 0.067500 0.491250 0.126000 0.063000
0 0.786250 0.493750 0.111000 0.093000
0 0.145000 0.487500 0.054000 0.078000
0 0.915000 0.476250 0.030000 0.057000
0 0.323750 0.466250 0.057000 0.063000
0 0.232500 0.467500 0.048000 0.078000
0 0.377500 0.447500 0.024000 0.054000
0 0.830000 0.441250 0.060000 0.045000
0 0.655000 0.446250 0.060000 0.063000
0 0.528750 0.492500 0.123000 0.180000
0 0.186250 0.426250 0.069000 0.057000
0 0.064500 0.433750 0.129000 0.075000
0 0.706250 0.437500 0.057000 0.090000
0 0.507500 0.400000 0.054000 0.024000
0 0.106250 0.407500 0.033000 0.054000
0 0.867500 0.441250 0.084000 0.147000
0 0.436250 0.445000 0.105000 0.162000
0 0.280000 0.410000 0.084000 0.078000
0 0.547500 0.387500 0.036000 0.042000
0 0.463750 0.392500 0.039000 0.054000
0 0.152500 0.391250 0.072000 0.063000
0 0.791250 0.406250 0.051000 0.123000
0 0.040000 0.382500 0.072000 0.066000
0 0.402500 0.367500 0.030000 0.048000
0 0.602500 0.406250 0.108000 0.147000
0 0.966250 0.357500 0.057000 0.036000
0 0.362500 0.376250 0.054000 0.087000
0 0.113750 0.361250 0.045000 0.051000
0 0.916250 0.338750 0.033000 0.033000
0 0.211250 0.356250 0.051000 0.075000
0 0.472500 0.345000 0.120000 0.090000
0 0.630000 0.322500 0.054000 0.042000
0 0.806250 0.323750 0.069000 0.063000
0 0.581250 0.338750 0.039000 0.099000
0 0.253750 0.318750 0.039000 0.051000
0 0.138750 0.316250 0.069000 0.081000
0 0.974500 0.297500 0.051000 0.054000
0 0.911250 0.397500 0.177000 0.324000
0 0.343750 0.301250 0.093000 0.099000
0 0.077500 0.295000 0.072000 0.102000
0 0.538750 0.260000 0.039000 0.024000
0 0.025500 0.287500 0.051000 0.120000
0 0.418750 0.265000 0.057000 0.084000
0 0.293750 0.247500 0.069000 0.060000
0 0.760000 0.232500 0.048000 0.054000
0 0.507500 0.235000 0.030000 0.060000
0 0.893750 0.261250 0.117000 0.129000
0 0.205000 0.251250 0.126000 0.123000
0 0.953500 0.232500 0.093000 0.084000
0 0.633750 0.288750 0.189000 0.225000
0 0.456250 0.217500 0.039000 0.054000
0 0.120000 0.227500 0.054000 0.078000
0 0.740000 0.300000 0.108000 0.264000
0 0.352500 0.207500 0.054000 0.060000
0 0.023750 0.210000 0.027000 0.066000
0 0.665000 0.183750 0.036000 0.027000
0 0.071250 0.206250 0.069000 0.081000
0 0.192500 0.205000 0.090000 0.090000
0 0.137500 0.183750 0.030000 0.045000
0 0.951250 0.177500 0.033000 0.036000
0 0.627500 0.197500 0.042000 0.126000
0 0.726250 0.167500 0.075000 0.084000
0 0.112500 0.151250 0.054000 0.051000
0 0.510000 0.168750 0.066000 0.111000
0 0.566250 0.156250 0.069000 0.087000
0 0.332500 0.148750 0.066000 0.069000
0 0.423750 0.158750 0.093000 0.111000
0 0.178750 0.127500 0.051000 0.036000
0 0.813750 0.197500 0.153000 0.210000
0 0.652500 0.130000 0.042000 0.054000
0 0.019500 0.135000 0.039000 0.090000
0 0.980500 0.107500 0.039000 0.036000
0 0.562500 0.106250 0.072000 0.039000
0 0.400000 0.110000 0.036000 0.066000
0 0.141250 0.106250 0.057000 0.057000
0 0.717500 0.105000 0.048000 0.060000
0 0.483750 0.096250 0.069000 0.063000
0 0.245000 0.116250 0.084000 0.111000
0 0.206250 0.080000 0.063000 0.066000
0 0.882500 0.098750 0.192000 0.129000
0 0.033000 0.066250 0.066000 0.063000
0 0.156250 0.053750 0.063000 0.051000
0 0.530000 0.050000 0.036000 0.054000
0 0.213750 0.037500 0.045000 0.030000
0 0.712500 0.050000 0.054000 0.078000
0 0.440000 0.045000 0.024000 0.066000
0 0.342500 0.066250 0.072000 0.123000
0 0.981250 0.030000 0.033000 0.060000
0 0.940000 0.046500 0.072000 0.093000
0 0.878750 0.024000 0.051000 0.048000
0 0.812500 0.058500 0.048000 0.117000
0 0.763750 0.039000 0.063000 0.078000
0 0.653750 0.063000 0.087000 0.126000
0 0.577500 0.034500 0.060000 0.069000
0 0.468750 0.040500 0.045000 0.081000
0 0.416250 0.051000 0.051000 0.102000
0 0.297500 0.054000 0.066000 0.108000
0 0.167500 0.018000 0.060000 0.036000
0 0.100000 0.072000 0.084000 0.144000
0 0.081250 0.015000 0.057000 0.030000
0 0.037500 0.019500 0.024000 0.039000
