0 0.555469 0.986458 0.018750 0.020000
0 0.619141 0.983750 0.032813 0.032500
0 0.498047 0.983125 0.044062 0.033750
0 0.539453 0.969271 0.008437 0.013750
0 0.462500 0.965104 0.018750 0.008750
0 0.442969 0.965625 0.009375 0.022500
0 0.478125 0.956250 0.011250 0.015000
0 0.542969 0.942708 0.009375 0.030000
0 0.456641 0.933333 0.015938 0.015000
0 0.431641 0.941146 0.029062 0.033750
0 0.530859 0.930729 0.017813 0.011250
0 0.573047 0.939063 0.021562 0.051250
0 0.591016 0.926042 0.017813 0.027500
0 0.387109 0.922917 0.015938 0.030000
0 0.405859 0.926562 0.023438 0.048750
0 0.560156 0.908854 0.028125 0.038750
0 0.709375 0.897917 0.009375 0.017500
0 0.606250 0.895312 0.016875 0.028750
0 0.445312 0.897917 0.069375 0.050000
0 0.410938 0.891146 0.011250 0.033750
0 0.518359 0.922396 0.104062 0.111250
0 0.528906 0.884375 0.043125 0.040000
0 0.712109 0.868750 0.025312 0.020000
0 0.369141 0.875521 0.014063 0.036250
0 0.573828 0.877083 0.030937 0.042500
0 0.447656 0.867188 0.030000 0.018750
0 0.852344 0.857292 0.013125 0.010000
0 0.331250 0.861979 0.022500 0.023750
0 0.600781 0.854167 0.016875 0.017500
0 0.628125 0.865104 0.045000 0.048750
0 0.477734 0.861458 0.044062 0.045000
0 0.313281 0.851042 0.016875 0.020000
0 0.430859 0.850000 0.012188 0.020000
0 0.586328 0.835417 0.032813 0.020000
0 0.361328 0.832812 0.029062 0.013750
0 0.510547 0.845833 0.027187 0.052500
0 0.452344 0.828646 0.043125 0.023750
0 0.552344 0.832292 0.056250 0.047500
0 0.611328 0.823958 0.040313 0.032500
0 0.384766 0.819792 0.006563 0.022500
0 0.290625 0.821354 0.011250 0.026250
0 0.524609 0.816146 0.012188 0.018750
0 0.857031 0.819271 0.033750 0.038750
0 0.303906 0.807813 0.015000 0.013750
0 0.360938 0.809896 0.020625 0.021250
0 0.419922 0.806250 0.021562 0.015000
0 0.275781 0.803125 0.018750 0.015000
0 0.654297 0.808333 0.057188 0.032500
0 0.495312 0.811458 0.056250 0.040000
0 0.455078 0.803125 0.014063 0.020000
0 0.436719 0.806771 0.018750 0.028750
0 0.565234 0.796354 0.015938 0.026250
0 0.341797 0.793229 0.008437 0.018750
0 0.319531 0.814063 0.071250 0.083750
0 0.188672 0.782292 0.014063 0.012500
0 0.601172 0.790104 0.066562 0.036250
0 0.422656 0.783333 0.015000 0.022500
0 0.497266 0.780208 0.023438 0.032500
0 0.299609 0.773958 0.015938 0.022500
0 0.281250 0.779167 0.018750 0.037500
0 0.616016 0.766667 0.010312 0.015000
0 0.637500 0.774479 0.024375 0.036250
0 0.668750 0.769792 0.045000 0.027500
0 0.794141 0.759375 0.017813 0.010000
0 0.472656 0.774479 0.033750 0.051250
0 0.598047 0.758854 0.030937 0.018750
0 0.455859 0.770312 0.015938 0.046250
0 0.439844 0.762500 0.022500 0.027500
0 0.316016 0.758333 0.055313 0.025000
0 0.571484 0.758333 0.027187 0.030000
0 0.549609 0.754687 0.008437 0.023750
0 0.653516 0.747396 0.021562 0.018750
0 0.528125 0.773958 0.052500 0.082500
0 0.669141 0.743750 0.014063 0.015000
0 0.498437 0.747917 0.013125 0.025000
0 0.280078 0.750521 0.036562 0.031250
0 0.201953 0.755729 0.021562 0.043750
0 0.350000 0.743229 0.024375 0.026250
0 0.583203 0.733854 0.014063 0.008750
0 0.325000 0.739062 0.011250 0.026250
0 0.770312 0.731771 0.013125 0.011250
0 0.385937 0.793750 0.090000 0.177500
0 0.523438 0.736979 0.028125 0.043750
0 0.636719 0.728646 0.015000 0.026250
0 0.464844 0.730729 0.024375 0.038750
0 0.689063 0.716667 0.016875 0.015000
0 0.799219 0.717187 0.020625 0.018750
0 0.268359 0.726042 0.014063 0.040000
0 0.237500 0.722396 0.018750 0.031250
0 0.545312 0.717187 0.015000 0.026250
0 0.730469 0.710938 0.018750 0.018750
0 0.449609 0.716667 0.029062 0.032500
0 0.416406 0.727083 0.041250 0.057500
0 0.313672 0.714063 0.023438 0.028750
0 0.649219 0.710938 0.009375 0.026250
0 0.492578 0.716146 0.038437 0.043750
0 0.158203 0.706771 0.021562 0.026250
0 0.531250 0.700000 0.009375 0.015000
0 0.580469 0.698438 0.009375 0.016250
0 0.607812 0.717708 0.033750 0.070000
0 0.564063 0.709375 0.028125 0.055000
0 0.781641 0.700000 0.030937 0.035000
0 0.628125 0.691667 0.009375 0.015000
0 0.362500 0.701042 0.054375 0.040000
0 0.594531 0.688542 0.009375 0.022500
0 0.245312 0.703646 0.030000 0.061250
0 0.525781 0.681250 0.007500 0.020000
0 0.325000 0.683854 0.011250 0.031250
0 0.426953 0.683333 0.034687 0.035000
0 0.666797 0.690625 0.030937 0.057500
0 0.479297 0.673958 0.014063 0.017500
0 0.392969 0.686979 0.013125 0.048750
0 0.332031 0.671875 0.011250 0.012500
0 0.708594 0.677083 0.063750 0.030000
0 0.451953 0.670312 0.025312 0.013750
0 0.169531 0.681250 0.039375 0.040000
0 0.542188 0.672917 0.030000 0.030000
0 0.573047 0.660937 0.006563 0.018750
0 0.407422 0.660937 0.019688 0.018750
0 0.511719 0.664583 0.024375 0.037500
0 0.615625 0.663021 0.091875 0.053750
0 0.371484 0.660937 0.044062 0.051250
0 0.244141 0.651563 0.027187 0.028750
0 0.187109 0.655208 0.038437 0.037500
0 0.644141 0.644271 0.008437 0.018750
0 0.676562 0.646875 0.015000 0.032500
0 0.502344 0.644271 0.015000 0.026250
0 0.553906 0.644792 0.018750 0.030000
0 0.625391 0.634375 0.015938 0.007500
0 0.266797 0.635938 0.021562 0.021250
0 0.316016 0.668229 0.102187 0.103750
0 0.659375 0.638021 0.015000 0.036250
0 0.367188 0.628646 0.018750 0.023750
0 0.474609 0.644792 0.019688 0.065000
0 0.680078 0.622396 0.021562 0.018750
0 0.706250 0.631771 0.041250 0.046250
0 0.297656 0.615104 0.026250 0.021250
0 0.335938 0.614583 0.030000 0.022500
0 0.660937 0.611979 0.013125 0.018750
0 0.562109 0.613021 0.029062 0.031250
0 0.614453 0.615104 0.096562 0.043750
0 0.523438 0.624479 0.052500 0.068750
0 0.710156 0.601042 0.011250 0.020000
0 0.885547 0.600521 0.030937 0.021250
0 0.840234 0.595313 0.025312 0.023750
0 0.471484 0.592708 0.010312 0.017500
0 0.267578 0.608333 0.040313 0.057500
0 0.491797 0.591146 0.029062 0.018750
0 0.358984 0.595833 0.023438 0.032500
0 0.735547 0.600000 0.015938 0.047500
0 0.571875 0.588542 0.007500 0.020000
0 0.551172 0.590625 0.032813 0.035000
0 0.289453 0.584375 0.030937 0.025000
0 0.655078 0.583333 0.045937 0.040000
0 0.412500 0.576042 0.035625 0.025000
0 0.450391 0.576562 0.038437 0.041250
0 0.589453 0.567187 0.032813 0.023750
0 0.705469 0.571354 0.069375 0.036250
0 0.533984 0.570312 0.012188 0.033750
0 0.887500 0.575000 0.033750 0.047500
0 0.664062 0.560937 0.007500 0.026250
0 0.221094 0.556771 0.026250 0.036250
0 0.337891 0.569792 0.030937 0.070000
0 0.644922 0.550000 0.012188 0.025000
0 0.473438 0.545312 0.015000 0.016250
0 0.540234 0.544792 0.021562 0.017500
0 0.508594 0.559896 0.043125 0.061250
0 0.605078 0.539583 0.012188 0.017500
0 0.421094 0.595833 0.116250 0.155000
0 0.651563 0.531771 0.033750 0.018750
0 0.564844 0.545312 0.037500 0.053750
0 0.452734 0.532292 0.014063 0.022500
0 0.707812 0.537500 0.052500 0.037500
0 0.428906 0.534896 0.033750 0.036250
0 0.466797 0.523958 0.017813 0.025000
0 0.222266 0.525521 0.027187 0.031250
0 0.621094 0.530208 0.035625 0.050000
0 0.287891 0.530208 0.047812 0.055000
0 0.751953 0.519792 0.030937 0.037500
0 0.390625 0.507812 0.011250 0.013750
0 0.547656 0.510938 0.035625 0.023750
0 0.328516 0.518229 0.017813 0.041250
0 0.407813 0.508333 0.020625 0.022500
0 0.714844 0.506771 0.024375 0.026250
0 0.642969 0.502604 0.009375 0.023750
0 0.385547 0.494792 0.012188 0.015000
0 0.546094 0.491667 0.013125 0.012500
0 0.371875 0.501563 0.018750 0.036250
0 0.246484 0.493229 0.019688 0.026250
0 0.780469 0.494271 0.013125 0.033750
0 0.610938 0.502604 0.067500 0.058750
0 0.307812 0.491146 0.030000 0.031250
0 0.600000 0.482292 0.018750 0.020000
0 0.519141 0.477604 0.019688 0.013750
0 0.435937 0.490104 0.046875 0.056250
0 0.671484 0.493750 0.053437 0.067500
0 0.480859 0.498437 0.036562 0.078750
0 0.775391 0.480208 0.025312 0.040000
0 0.571484 0.475521 0.021562 0.028750
0 0.369141 0.469271 0.010312 0.018750
0 0.557813 0.461458 0.031875 0.017500
0 0.733203 0.464583 0.019688 0.030000
0 0.650000 0.458854 0.013125 0.018750
0 0.466016 0.456250 0.010312 0.012500
0 0.620703 0.458854 0.015938 0.026250
0 0.273828 0.467708 0.017813 0.052500
0 0.232031 0.457292 0.050625 0.030000
0 0.393750 0.461458 0.065625 0.042500
0 0.690625 0.456250 0.015000 0.032500
0 0.430859 0.450521 0.025312 0.028750
0 0.303906 0.453646 0.037500 0.038750
0 0.501563 0.463542 0.016875 0.065000
0 0.706250 0.464062 0.048750 0.078750
0 0.589844 0.452604 0.035625 0.051250
0 0.467187 0.433854 0.009375 0.021250
0 0.801562 0.429688 0.028125 0.018750
0 0.277734 0.433854 0.036562 0.028750
0 0.250781 0.439583 0.033750 0.047500
0 0.761328 0.447396 0.068437 0.076250
0 0.507422 0.427604 0.040313 0.033750
0 0.342187 0.446875 0.052500 0.080000
0 0.413672 0.416146 0.014063 0.011250
0 0.553906 0.430729 0.080625 0.056250
0 0.662500 0.433333 0.045000 0.072500
0 0.398828 0.424479 0.072187 0.051250
0 0.800391 0.409896 0.047812 0.023750
0 0.543359 0.398958 0.017813 0.020000
0 0.625000 0.406771 0.063750 0.041250
0 0.300391 0.406250 0.047812 0.040000
0 0.746094 0.406771 0.045000 0.046250
0 0.355859 0.406771 0.029062 0.048750
0 0.784766 0.390104 0.008437 0.021250
0 0.713281 0.392188 0.033750 0.028750
0 0.642969 0.387500 0.018750 0.027500
0 0.563281 0.391667 0.043125 0.042500
0 0.630469 0.372396 0.020625 0.013750
0 0.775391 0.371875 0.023438 0.017500
0 0.735938 0.378125 0.009375 0.032500
0 0.796094 0.369271 0.020625 0.023750
0 0.594531 0.370312 0.024375 0.028750
0 0.756250 0.366146 0.007500 0.023750
0 0.675000 0.392708 0.056250 0.090000
0 0.401562 0.375000 0.035625 0.047500
0 0.460547 0.373958 0.057188 0.047500
0 0.293750 0.366667 0.058125 0.032500
0 0.426172 0.357292 0.021562 0.017500
0 0.359375 0.366146 0.067500 0.038750
0 0.569922 0.357812 0.038437 0.028750
0 0.472656 0.388021 0.125625 0.101250
0 0.483203 0.353125 0.019688 0.030000
0 0.705859 0.344792 0.010312 0.012500
0 0.532031 0.342187 0.011250 0.008750
0 0.795703 0.346354 0.036562 0.033750
0 0.751953 0.345313 0.025312 0.031250
0 0.719141 0.346354 0.012188 0.033750
0 0.396484 0.338021 0.015938 0.018750
0 0.499609 0.333333 0.010312 0.027500
0 0.734766 0.327083 0.021562 0.015000
0 0.632422 0.336458 0.068437 0.037500
0 0.581641 0.327604 0.012188 0.023750
0 0.353125 0.327604 0.028125 0.026250
0 0.290625 0.330729 0.035625 0.036250
0 0.394141 0.321354 0.014063 0.016250
0 0.558594 0.332292 0.037500 0.050000
0 0.420703 0.325521 0.015938 0.041250
0 0.773828 0.313021 0.014063 0.016250
0 0.762109 0.311979 0.012188 0.016250
0 0.408594 0.308333 0.011250 0.012500
0 0.610156 0.310937 0.026250 0.021250
0 0.682031 0.318750 0.043125 0.060000
0 0.734766 0.301563 0.019688 0.021250
0 0.463672 0.295312 0.010312 0.021250
0 0.713281 0.298958 0.031875 0.040000
0 0.587109 0.290104 0.012188 0.018750
0 0.407422 0.288542 0.008437 0.027500
0 0.538672 0.291667 0.021562 0.040000
0 0.673047 0.282292 0.021562 0.022500
0 0.642969 0.292187 0.039375 0.048750
0 0.298828 0.275000 0.044062 0.025000
0 0.449609 0.301563 0.059062 0.091250
0 0.572656 0.271354 0.031875 0.026250
0 0.501172 0.290625 0.068437 0.077500
0 0.395703 0.270833 0.025312 0.032500
0 0.628906 0.262500 0.005625 0.022500
0 0.376563 0.287500 0.031875 0.082500
0 0.421875 0.261458 0.020625 0.022500
0 0.329688 0.326042 0.071250 0.180000
0 0.464844 0.263542 0.028125 0.035000
0 0.698047 0.254167 0.014063 0.020000
0 0.530469 0.258333 0.073125 0.032500
0 0.490625 0.251042 0.016875 0.015000
0 0.639844 0.247396 0.020625 0.016250
0 0.671875 0.246354 0.041250 0.021250
0 0.396484 0.245833 0.014063 0.025000
0 0.749609 0.251563 0.049687 0.048750
0 0.601953 0.242708 0.051562 0.042500
0 0.326172 0.235417 0.025312 0.027500
0 0.308594 0.226562 0.015000 0.011250
0 0.367578 0.233854 0.019688 0.033750
0 0.534766 0.229687 0.045937 0.028750
0 0.476953 0.222917 0.012188 0.012500
0 0.346484 0.239063 0.025312 0.051250
0 0.386719 0.229687 0.016875 0.031250
0 0.721094 0.230208 0.028125 0.037500
0 0.489063 0.227083 0.015000 0.030000
0 0.636328 0.217188 0.006563 0.016250
0 0.697656 0.224479 0.026250 0.036250
0 0.409766 0.229167 0.045937 0.047500
0 0.621875 0.214062 0.026250 0.021250
0 0.354687 0.202083 0.011250 0.012500
0 0.657422 0.218229 0.027187 0.053750
0 0.334375 0.204167 0.011250 0.020000
0 0.676562 0.206771 0.031875 0.048750
0 0.510156 0.199479 0.031875 0.033750
0 0.584766 0.201563 0.051562 0.041250
0 0.320312 0.190104 0.022500 0.021250
0 0.484766 0.190625 0.023438 0.032500
0 0.756250 0.192708 0.041250 0.047500
0 0.652344 0.184896 0.009375 0.028750
0 0.465625 0.178125 0.015000 0.020000
0 0.431641 0.213542 0.085312 0.117500
0 0.537891 0.180208 0.045937 0.050000
0 0.714453 0.179167 0.055313 0.052500
0 0.739453 0.165625 0.021562 0.022500
0 0.599219 0.161458 0.016875 0.020000
0 0.567578 0.163021 0.025312 0.036250
0 0.507422 0.155729 0.019688 0.018750
0 0.625781 0.153646 0.016875 0.018750
0 0.733203 0.146354 0.014063 0.011250
0 0.719922 0.145313 0.015938 0.016250
0 0.537891 0.145313 0.006563 0.023750
0 0.437500 0.151042 0.063750 0.037500
0 0.361719 0.170833 0.080625 0.085000
0 0.678906 0.146354 0.037500 0.041250
0 0.760547 0.145313 0.027187 0.048750
0 0.519531 0.135937 0.031875 0.026250
0 0.499219 0.125521 0.016875 0.013750
0 0.644922 0.140104 0.025312 0.051250
0 0.395313 0.145833 0.050625 0.080000
0 0.574219 0.120833 0.009375 0.027500
0 0.722656 0.117708 0.011250 0.042500
0 0.540234 0.104688 0.010312 0.023750
0 0.702734 0.098958 0.008437 0.012500
0 0.619141 0.115104 0.045937 0.058750
0 0.372656 0.098437 0.024375 0.021250
0 0.598828 0.103125 0.021562 0.037500
0 0.681641 0.101562 0.025312 0.041250
0 0.391797 0.090625 0.015938 0.025000
0 0.636719 0.091667 0.026250 0.040000
0 0.402344 0.078125 0.013125 0.012500
0 0.535547 0.100000 0.051562 0.080000
0 0.318359 0.085938 0.040313 0.046250
0 0.312109 0.070833 0.019688 0.012500
0 0.648828 0.069271 0.014063 0.021250
0 0.687109 0.066146 0.014063 0.023750
0 0.662500 0.076042 0.026250 0.047500
0 0.411328 0.061458 0.023438 0.022500
0 0.579297 0.088542 0.053437 0.090000
0 0.443750 0.056771 0.026250 0.018750
0 0.551562 0.041667 0.018750 0.020000
0 0.499219 0.036458 0.013125 0.012500
0 0.410938 0.039062 0.013125 0.018750
0 0.608984 0.049479 0.109688 0.051250
0 0.458594 0.097917 0.159375 0.167500
0 0.427734 0.032813 0.034687 0.028750
0 0.522656 0.017188 0.033750 0.026250
0 0.618750 0.005208 0.016875 0.007500
0 0.795703 0.600000 0.398438 1.000000
0 0.472656 0.006250 0.024375 0.012500
0 0.214688 0.600000 0.429375 1.000000
