0 0.753955 0.791562 0.032973 0.027750
0 0.726062 0.785312 0.029975 0.027750
0 0.365529 0.780312 0.035970 0.026250
0 0.891590 0.861250 0.216819 0.277500
0 0.779351 0.763750 0.039967 0.018000
0 0.678185 0.747812 0.036969 0.015750
0 0.562032 0.744375 0.009992 0.013500
0 0.325978 0.727187 0.020983 0.005250
0 0.200250 0.735938 0.030974 0.027750
0 0.387177 0.726562 0.019983 0.006750
0 0.663197 0.730625 0.036969 0.022500
0 0.526228 0.720938 0.009992 0.011250
0 0.667361 0.719688 0.010991 0.017250
0 0.315987 0.719375 0.030974 0.021000
0 0.297669 0.711875 0.012989 0.015000
0 0.762281 0.708125 0.016986 0.012000
0 0.223564 0.712187 0.034971 0.021750
0 0.546628 0.710313 0.036969 0.020250
0 0.578268 0.699688 0.022981 0.006750
0 0.758118 0.699063 0.010991 0.009750
0 0.319734 0.705313 0.039967 0.024750
0 0.744380 0.710000 0.083930 0.042000
0 0.559117 0.695625 0.016986 0.007500
0 0.631973 0.700937 0.037968 0.021750
0 0.262698 0.696562 0.030974 0.030750
0 0.181099 0.686562 0.036969 0.021750
0 0.693172 0.711562 0.144879 0.107250
0 0.717735 0.656875 0.009992 0.006000
0 0.432140 0.661563 0.065945 0.023250
0 0.373855 0.697812 0.163863 0.131250
0 0.384263 0.638750 0.024979 0.009000
0 0.264363 0.636250 0.012989 0.010500
0 0.363031 0.635938 0.023980 0.014250
0 0.700666 0.638750 0.048959 0.036000
0 0.662781 0.626875 0.015987 0.013500
0 0.694421 0.622500 0.013988 0.010500
0 0.445046 0.623125 0.008993 0.016500
0 0.527477 0.619687 0.014988 0.017250
0 0.813905 0.616875 0.008993 0.013500
0 0.306828 0.650000 0.144879 0.093000
0 0.420483 0.612812 0.019983 0.009750
0 0.556203 0.703125 0.365695 0.229500
0 0.571607 0.619687 0.076936 0.033750
0 0.503747 0.613750 0.033972 0.022500
0 0.450042 0.607812 0.028976 0.011250
0 0.489592 0.608125 0.021982 0.016500
0 0.330558 0.608750 0.061948 0.021000
0 0.302248 0.605000 0.021982 0.018000
0 0.576187 0.596250 0.037968 0.019500
0 0.700666 0.644062 0.260783 0.137250
0 0.802664 0.591875 0.027977 0.025500
0 0.313072 0.573438 0.033972 0.012750
0 0.508743 0.576562 0.035970 0.021750
0 0.416320 0.567187 0.031973 0.009750
0 0.252706 0.590625 0.142881 0.067500
0 0.453789 0.561875 0.023980 0.007500
0 0.222315 0.561562 0.027977 0.009750
0 0.793505 0.570312 0.027977 0.033750
0 0.345545 0.563125 0.023980 0.016500
0 0.387594 0.606563 0.176853 0.122250
0 0.503747 0.562187 0.065945 0.020250
0 0.364280 0.552500 0.032973 0.013500
0 0.819317 0.552813 0.055953 0.021750
0 0.534138 0.545000 0.026978 0.009000
0 0.461282 0.547813 0.041965 0.024750
0 0.407161 0.538750 0.019983 0.010500
0 0.267277 0.549687 0.103913 0.042750
0 0.516236 0.533125 0.011990 0.012000
0 0.285179 0.534375 0.010991 0.015000
0 0.580766 0.536563 0.028976 0.021750
0 0.773938 0.530937 0.020983 0.011250
0 0.681515 0.528438 0.020983 0.014250
0 0.208576 0.533125 0.032973 0.027000
0 0.453372 0.530625 0.030974 0.024000
0 0.709825 0.533125 0.046961 0.031500
0 0.533306 0.529687 0.022981 0.023250
0 0.382182 0.543750 0.159867 0.061500
0 0.477102 0.524375 0.021982 0.024000
0 0.720233 0.517500 0.011990 0.012000
0 0.570774 0.559063 0.370691 0.111750
0 0.771857 0.519375 0.017985 0.018000
0 0.716903 0.570000 0.237802 0.139500
0 0.296836 0.520000 0.026978 0.021000
0 0.799334 0.512188 0.033972 0.018750
0 0.694005 0.512188 0.026978 0.018750
0 0.287677 0.524687 0.146878 0.060750
0 0.266861 0.503437 0.010991 0.009750
0 0.282681 0.499063 0.014988 0.009750
0 0.753122 0.503437 0.034971 0.024750
0 0.228976 0.501875 0.041965 0.021000
0 0.320150 0.495000 0.012989 0.009000
0 0.625729 0.494375 0.010991 0.012000
0 0.565362 0.507500 0.041965 0.046500
0 0.419234 0.485625 0.008993 0.007500
0 0.255620 0.488750 0.043963 0.016500
0 0.348043 0.487812 0.043963 0.021750
0 0.636137 0.482500 0.027977 0.015000
0 0.292673 0.484063 0.040966 0.020250
0 0.634055 0.508437 0.122898 0.081750
0 0.709825 0.490000 0.054954 0.043500
0 0.394255 0.474062 0.032973 0.012750
0 0.628643 0.473750 0.021982 0.013500
0 0.774355 0.474687 0.035970 0.021750
0 0.326395 0.474375 0.037968 0.024000
0 0.674438 0.473750 0.017985 0.025500
0 0.645712 0.465000 0.040966 0.021000
0 0.601582 0.471875 0.050958 0.042000
0 0.534555 0.460938 0.025978 0.018750
0 0.406328 0.463125 0.055953 0.028500
0 0.527477 0.449375 0.032973 0.015000
0 0.567860 0.457188 0.055953 0.039750
0 0.462948 0.490938 0.269775 0.122250
0 0.584097 0.437500 0.010991 0.007500
0 0.376353 0.440625 0.049958 0.021000
0 0.450042 0.435625 0.036969 0.016500
0 0.685679 0.427500 0.026978 0.025500
0 0.427977 0.438750 0.083930 0.054000
0 0.571191 0.407187 0.039967 0.021750
0 0.576603 0.394688 0.030974 0.011250
0 0.586595 0.396562 0.026978 0.020250
0 0.790591 0.392813 0.022981 0.023250
0 0.500416 0.384688 0.035970 0.018750
0 0.614488 0.349687 0.039967 0.021750
0 0.493339 0.351875 0.028976 0.030000
0 0.619067 0.276250 0.006994 0.012000
0 0.600000 0.326875 1.000000 0.408000
