0 0.768750 0.973000 0.045000 0.054000
0 0.608750 0.973000 0.021000 0.054000
0 0.277500 0.971500 0.036000 0.057000
0 0.836250 0.968750 0.111000 0.045000
0 0.693750 0.936250 0.045000 0.045000
0 0.934000 0.913000 0.132000 0.174000
0 0.835000 0.903750 0.186000 0.153000
0 0.280000 0.888750 0.072000 0.135000
0 0.618750 0.883000 0.321000 0.234000
0 0.907500 0.828750 0.066000 0.063000
0 0.133500 0.865000 0.267000 0.270000
0 0.516250 0.792500 0.039000 0.054000
0 0.413750 0.856000 0.219000 0.288000
0 0.255000 0.787500 0.216000 0.138000
0 0.368750 0.806250 0.141000 0.201000
0 0.022500 0.746250 0.045000 0.093000
0 0.852500 0.761250 0.210000 0.201000
0 0.607500 0.717500 0.054000 0.108000
0 0.965500 0.708750 0.069000 0.117000
0 0.487500 0.600000 0.078000 0.078000
0 0.916250 0.576250 0.057000 0.039000
0 0.486250 0.523750 0.051000 0.045000
0 0.105000 0.647500 0.210000 0.348000
0 0.215000 0.585000 0.162000 0.246000
0 0.247500 0.472500 0.090000 0.036000
0 0.137500 0.473750 0.078000 0.057000
0 0.696250 0.620000 0.495000 0.438000
0 0.840000 0.456250 0.072000 0.057000
0 0.451250 0.466250 0.069000 0.111000
0 0.952000 0.530000 0.096000 0.282000
0 0.622500 0.490000 0.180000 0.204000
0 0.388750 0.403750 0.057000 0.081000
0 0.840000 0.388750 0.054000 0.057000
0 0.810000 0.361250 0.084000 0.039000
0 0.313750 0.370000 0.045000 0.060000
0 0.212500 0.391250 0.114000 0.153000
0 0.558750 0.388750 0.111000 0.159000
0 0.980500 0.310000 0.039000 0.036000
0 0.663750 0.315000 0.087000 0.066000
0 0.811000 0.371250 0.378000 0.225000
0 0.100500 0.362500 0.201000 0.204000
0 0.830000 0.286250 0.096000 0.057000
0 0.132500 0.272500 0.114000 0.114000
0 0.935500 0.191250 0.129000 0.069000
0 0.260000 0.203750 0.120000 0.111000
0 0.815000 0.185000 0.132000 0.144000
0 0.345000 0.422500 0.270000 0.714000
0 0.640000 0.158750 0.120000 0.093000
0 0.543750 0.243750 0.189000 0.327000
0 0.482500 0.186250 0.174000 0.195000
0 0.323750 0.101250 0.057000 0.027000
0 0.043750 0.091250 0.045000 0.045000
0 0.245000 0.116250 0.084000 0.141000
0 0.138750 0.038750 0.129000 0.063000
0 0.016500 0.033000 0.033000 0.066000
0 0.926500 0.094500 0.147000 0.189000
0 0.743750 0.105000 0.225000 0.210000
0 0.575000 0.076500 0.054000 0.153000
0 0.271500 0.156000 0.543000 0.312000
0 0.072500 0.042000 0.090000 0.084000
