0 0.449219 0.870313 0.022500 0.036250
0 0.396094 0.862500 0.028125 0.030000
0 0.419141 0.832812 0.021562 0.036250
0 0.548828 0.825521 0.032813 0.028750
0 0.603906 0.807813 0.026250 0.036250
0 0.543750 0.799479 0.030000 0.021250
0 0.568359 0.799479 0.023438 0.028750
0 0.432031 0.786979 0.030000 0.031250
0 0.591016 0.783333 0.032813 0.035000
0 0.613281 0.776563 0.016875 0.031250
0 0.637500 0.778125 0.020625 0.042500
0 0.511719 0.771875 0.024375 0.027500
0 0.479297 0.769271 0.030937 0.041250
0 0.470313 0.755729 0.015000 0.011250
0 0.445312 0.756771 0.018750 0.018750
0 0.553906 0.757812 0.024375 0.036250
0 0.612500 0.752083 0.011250 0.025000
0 0.571875 0.764062 0.067500 0.068750
0 0.752500 0.840000 0.495000 0.320000
0 0.636328 0.751563 0.044062 0.053750
0 0.524219 0.752083 0.058125 0.060000
0 0.554688 0.732292 0.024375 0.015000
0 0.446484 0.733333 0.025312 0.022500
0 0.626953 0.731250 0.030937 0.025000
0 0.497266 0.731250 0.010312 0.027500
0 0.464062 0.746875 0.026250 0.072500
0 0.427734 0.738021 0.060937 0.051250
0 0.532422 0.731771 0.019688 0.038750
0 0.578516 0.725521 0.010312 0.028750
0 0.545312 0.716667 0.013125 0.010000
0 0.402734 0.719792 0.038437 0.045000
0 0.620313 0.710938 0.046875 0.028750
0 0.455859 0.706771 0.032813 0.023750
0 0.649219 0.709375 0.022500 0.040000
0 0.415234 0.697396 0.036562 0.018750
0 0.341406 0.701562 0.028125 0.031250
0 0.511328 0.696354 0.012188 0.021250
0 0.564844 0.692708 0.015000 0.017500
0 0.482422 0.715625 0.032813 0.077500
0 0.443359 0.693229 0.023438 0.028750
0 0.377734 0.694792 0.019688 0.032500
0 0.542188 0.694792 0.026250 0.040000
0 0.630078 0.682292 0.015938 0.015000
0 0.592969 0.702083 0.028125 0.070000
0 0.466797 0.683333 0.014063 0.025000
0 0.614062 0.682292 0.016875 0.025000
0 0.420703 0.679688 0.030937 0.021250
0 0.496094 0.678646 0.033750 0.021250
0 0.562109 0.675521 0.017813 0.016250
0 0.404297 0.673438 0.023438 0.011250
0 0.444531 0.673438 0.024375 0.026250
0 0.375781 0.669792 0.018750 0.022500
0 0.387500 0.677083 0.013125 0.050000
0 0.582422 0.689583 0.053437 0.082500
0 0.075469 0.793125 0.150938 0.413750
0 0.654687 0.670312 0.022500 0.041250
0 0.625000 0.660937 0.013125 0.018750
0 0.533594 0.669271 0.030000 0.038750
0 0.424609 0.656771 0.025312 0.028750
0 0.510156 0.658333 0.069375 0.040000
0 0.464062 0.654167 0.020625 0.047500
0 0.597266 0.640104 0.017813 0.021250
0 0.634766 0.652604 0.036562 0.053750
0 0.408984 0.646875 0.015938 0.040000
0 0.483594 0.632812 0.013125 0.013750
0 0.577734 0.644792 0.029062 0.045000
0 0.512500 0.634375 0.026250 0.025000
0 0.375000 0.644792 0.067500 0.050000
0 0.422656 0.631250 0.013125 0.022500
0 0.552734 0.644271 0.032813 0.058750
0 0.405078 0.623437 0.015938 0.023750
0 0.502344 0.626563 0.026250 0.036250
0 0.598047 0.623958 0.014063 0.032500
0 0.642578 0.619271 0.019688 0.023750
0 0.557813 0.613542 0.016875 0.012500
0 0.463281 0.619271 0.018750 0.028750
0 0.445312 0.633854 0.018750 0.063750
0 0.676562 0.625521 0.046875 0.048750
0 0.431641 0.611458 0.010312 0.020000
0 0.372266 0.619792 0.025312 0.042500
0 0.617969 0.620313 0.033750 0.046250
0 0.657813 0.611458 0.013125 0.032500
0 0.479297 0.608854 0.017813 0.028750
0 0.355469 0.608333 0.028125 0.027500
0 0.414453 0.606771 0.014063 0.026250
0 0.535156 0.617708 0.024375 0.057500
0 0.498437 0.598958 0.009375 0.020000
0 0.575391 0.615104 0.040313 0.061250
0 0.551172 0.593750 0.010312 0.010000
0 0.648047 0.596354 0.008437 0.018750
0 0.366016 0.596354 0.017813 0.018750
0 0.520703 0.598958 0.010312 0.030000
0 0.507422 0.595833 0.012188 0.032500
0 0.468750 0.591667 0.028125 0.030000
0 0.621094 0.588542 0.052500 0.027500
0 0.457422 0.586458 0.023438 0.025000
0 0.576953 0.579688 0.019688 0.013750
0 0.440625 0.584896 0.018750 0.033750
0 0.555859 0.575521 0.015938 0.013750
0 0.395313 0.583854 0.015000 0.033750
0 0.538281 0.579167 0.016875 0.025000
0 0.497656 0.570833 0.028125 0.020000
0 0.427344 0.574479 0.022500 0.031250
0 0.611719 0.566146 0.024375 0.026250
0 0.676562 0.582292 0.073125 0.067500
0 0.403125 0.589063 0.043125 0.083750
0 0.531250 0.560417 0.030000 0.017500
0 0.395703 0.560417 0.008437 0.017500
0 0.492188 0.556250 0.015000 0.010000
0 0.351562 0.571354 0.033750 0.051250
0 0.373047 0.565625 0.021562 0.045000
0 0.352734 0.548438 0.012188 0.016250
0 0.645703 0.557292 0.014063 0.040000
0 0.591406 0.553646 0.037500 0.033750
0 0.566797 0.552083 0.025312 0.030000
0 0.475391 0.557292 0.019688 0.042500
0 0.538672 0.543750 0.025312 0.015000
0 0.667188 0.551562 0.030000 0.038750
0 0.514453 0.548438 0.030937 0.031250
0 0.623047 0.546875 0.032813 0.035000
0 0.451172 0.550521 0.036562 0.043750
0 0.425000 0.544271 0.015000 0.028750
0 0.409375 0.543229 0.018750 0.026250
0 0.388672 0.538542 0.025312 0.017500
0 0.374219 0.534375 0.011250 0.015000
0 0.683594 0.537500 0.015000 0.037500
0 0.573047 0.528646 0.019688 0.016250
0 0.634375 0.534375 0.026250 0.035000
0 0.458594 0.521875 0.048750 0.022500
0 0.539453 0.518229 0.019688 0.018750
0 0.398828 0.517188 0.015938 0.023750
0 0.665625 0.517708 0.028125 0.027500
0 0.364844 0.513021 0.020625 0.018750
0 0.607422 0.519792 0.038437 0.045000
0 0.353125 0.524479 0.035625 0.058750
0 0.587891 0.509375 0.025312 0.025000
0 0.505469 0.518229 0.061875 0.051250
0 0.426953 0.511979 0.044062 0.036250
0 0.637500 0.502083 0.018750 0.015000
0 0.499219 0.504687 0.009375 0.026250
0 0.474219 0.502083 0.016875 0.032500
0 0.764844 0.500521 0.024375 0.038750
0 0.569922 0.505729 0.053437 0.058750
0 0.533594 0.488542 0.016875 0.017500
0 0.439844 0.488021 0.013125 0.016250
0 0.620703 0.490625 0.019688 0.027500
0 0.560937 0.490625 0.018750 0.027500
0 0.657031 0.493229 0.026250 0.036250
0 0.350781 0.486979 0.028125 0.023750
0 0.518750 0.490625 0.011250 0.035000
0 0.457813 0.491146 0.028125 0.036250
0 0.371484 0.484896 0.017813 0.021250
0 0.578906 0.471875 0.020625 0.010000
0 0.320703 0.470313 0.029062 0.016250
0 0.425000 0.468229 0.016875 0.021250
0 0.441016 0.466146 0.006563 0.021250
0 0.394922 0.492188 0.045937 0.083750
0 0.734766 0.473438 0.017813 0.041250
0 0.465625 0.469792 0.015000 0.032500
0 0.555859 0.465104 0.008437 0.023750
0 0.607812 0.475000 0.031875 0.050000
0 0.652734 0.471354 0.036562 0.046250
0 0.338672 0.472396 0.040313 0.053750
0 0.455859 0.456771 0.014063 0.018750
0 0.375000 0.460938 0.018750 0.028750
0 0.566016 0.456250 0.017813 0.027500
0 0.432031 0.446875 0.031875 0.017500
0 0.554297 0.442708 0.008437 0.020000
0 0.472266 0.439583 0.023438 0.012500
0 0.336328 0.446354 0.012188 0.028750
0 0.541016 0.442708 0.019688 0.025000
0 0.364453 0.441146 0.032813 0.021250
0 0.591406 0.432812 0.018750 0.008750
0 0.497656 0.461458 0.054375 0.085000
0 0.641016 0.452604 0.044062 0.066250
0 0.614844 0.439583 0.009375 0.035000
0 0.569141 0.435417 0.030937 0.025000
0 0.596484 0.437500 0.032813 0.032500
0 0.397266 0.434896 0.029062 0.061250
0 0.628906 0.413021 0.018750 0.016250
0 0.532813 0.417187 0.011250 0.026250
0 0.323828 0.421354 0.019688 0.038750
0 0.467969 0.420312 0.065625 0.041250
0 0.554688 0.408333 0.016875 0.015000
0 0.510156 0.422396 0.037500 0.048750
0 0.371875 0.407292 0.018750 0.017500
0 0.664453 0.413021 0.021562 0.033750
0 0.450000 0.418750 0.067500 0.052500
0 0.410938 0.407292 0.037500 0.030000
0 0.701953 0.409375 0.023438 0.037500
0 0.644531 0.406250 0.024375 0.037500
0 0.589453 0.405208 0.062812 0.042500
0 0.510547 0.393229 0.021562 0.013750
0 0.526172 0.394271 0.014063 0.018750
0 0.357031 0.395833 0.022500 0.022500
0 0.622266 0.396875 0.017813 0.032500
0 0.712891 0.398958 0.019688 0.040000
0 0.583203 0.385417 0.012188 0.010000
0 0.544531 0.391146 0.026250 0.028750
0 0.606641 0.378125 0.014063 0.017500
0 0.591797 0.378125 0.008437 0.020000
0 0.623828 0.372396 0.023438 0.018750
0 0.487109 0.383854 0.032813 0.046250
0 0.425781 0.370312 0.013125 0.013750
0 0.561719 0.375000 0.009375 0.027500
0 0.361719 0.372396 0.013125 0.023750
0 0.464453 0.373958 0.034687 0.032500
0 0.541406 0.370833 0.022500 0.032500
0 0.527344 0.366146 0.009375 0.021250
0 0.350391 0.364063 0.019688 0.018750
0 0.436328 0.378125 0.030937 0.055000
0 0.491797 0.360417 0.010312 0.015000
0 0.393359 0.374479 0.060937 0.056250
0 0.314453 0.357812 0.021562 0.016250
0 0.514844 0.362500 0.016875 0.030000
0 0.612500 0.354687 0.015000 0.018750
0 0.562500 0.353646 0.028125 0.016250
0 0.535547 0.355208 0.015938 0.027500
0 0.406641 0.350521 0.010312 0.016250
0 0.635547 0.355208 0.021562 0.030000
0 0.760547 0.352083 0.019688 0.040000
0 0.384375 0.338542 0.011250 0.015000
0 0.306250 0.338542 0.022500 0.017500
0 0.532422 0.336458 0.019688 0.032500
0 0.506641 0.330729 0.023438 0.018750
0 0.397266 0.334896 0.014063 0.028750
0 0.601953 0.339583 0.089063 0.047500
0 0.353516 0.334896 0.019688 0.038750
0 0.548828 0.331771 0.015938 0.033750
0 0.300000 0.325000 0.015000 0.017500
0 0.378516 0.323437 0.030937 0.036250
0 0.404687 0.315625 0.030000 0.022500
0 0.522266 0.310937 0.034687 0.023750
0 0.576562 0.310937 0.033750 0.026250
0 0.669922 0.307292 0.025312 0.020000
0 0.330078 0.303646 0.015938 0.023750
0 0.479297 0.326562 0.064687 0.081250
0 0.434766 0.295833 0.015938 0.007500
0 0.671094 0.297917 0.018750 0.017500
0 0.556641 0.304167 0.014063 0.032500
0 0.383984 0.295312 0.012188 0.023750
0 0.516406 0.286979 0.022500 0.016250
0 0.605078 0.302604 0.044062 0.061250
0 0.396875 0.288021 0.015000 0.026250
0 0.579297 0.285417 0.029062 0.025000
0 0.535547 0.284896 0.017813 0.028750
0 0.411719 0.286979 0.035625 0.036250
0 0.485156 0.278125 0.013125 0.022500
0 0.526563 0.269792 0.024375 0.020000
0 0.558984 0.288021 0.047812 0.066250
0 0.589063 0.265104 0.020625 0.016250
0 0.422266 0.263542 0.012188 0.012500
0 0.468750 0.260417 0.013125 0.020000
0 0.446484 0.308333 0.077812 0.135000
0 0.454297 0.257812 0.008437 0.016250
0 0.495703 0.266146 0.042188 0.038750
0 0.412891 0.255208 0.017813 0.012500
0 0.556250 0.250521 0.016875 0.011250
0 0.588281 0.251042 0.016875 0.015000
0 0.560156 0.255208 0.048750 0.032500
0 0.533984 0.246354 0.036562 0.033750
0 0.560156 0.237500 0.013125 0.015000
0 0.467969 0.236979 0.020625 0.023750
0 0.516016 0.230729 0.021562 0.016250
0 0.494141 0.230729 0.023438 0.028750
0 0.615625 0.228125 0.020625 0.035000
0 0.538281 0.219792 0.028125 0.017500
0 0.576172 0.215625 0.015938 0.037500
0 0.531250 0.198437 0.018750 0.033750
0 0.698047 0.192708 0.021562 0.027500
0 0.924531 0.206875 0.150938 0.413750
0 0.247500 0.160000 0.495000 0.320000
