0 0.467500 0.892500 0.078000 0.120000
0 0.112500 0.853750 0.108000 0.093000
0 0.472500 0.758750 0.114000 0.075000
0 0.276250 0.693750 0.045000 0.033000
0 0.220000 0.688750 0.042000 0.051000
0 0.235000 0.657500 0.066000 0.030000
0 0.282500 0.641250 0.096000 0.093000
0 0.763750 0.618750 0.027000 0.063000
0 0.788750 0.623750 0.063000 0.123000
0 0.857500 0.596250 0.054000 0.063000
0 0.888750 0.588750 0.099000 0.087000
0 0.656250 0.576250 0.105000 0.063000
0 0.705000 0.517500 0.168000 0.066000
0 0.598750 0.517500 0.069000 0.084000
0 0.930000 0.495000 0.090000 0.042000
0 0.700000 0.457500 0.036000 0.036000
0 0.807500 0.488750 0.138000 0.129000
0 0.827500 0.440000 0.042000 0.030000
0 0.432500 0.436250 0.066000 0.039000
0 0.581250 0.456250 0.231000 0.153000
0 0.491250 0.416250 0.057000 0.057000
0 0.716250 0.415000 0.105000 0.066000
0 0.346250 0.433750 0.147000 0.117000
0 0.965500 0.413750 0.069000 0.087000
0 0.888750 0.412500 0.057000 0.084000
0 0.533750 0.381250 0.069000 0.033000
0 0.126250 0.395000 0.087000 0.066000
0 0.183750 0.368750 0.027000 0.033000
0 0.101250 0.370000 0.087000 0.048000
0 0.933750 0.357500 0.087000 0.048000
0 0.663750 0.361250 0.117000 0.069000
0 0.823750 0.343750 0.135000 0.057000
0 0.255000 0.338750 0.138000 0.087000
0 0.742500 0.315000 0.090000 0.054000
0 0.163750 0.311250 0.063000 0.045000
0 0.568750 0.315000 0.051000 0.084000
0 0.880000 0.297500 0.168000 0.072000
0 0.196250 0.277500 0.033000 0.042000
0 0.373750 0.285000 0.111000 0.096000
0 0.411250 0.310000 0.207000 0.180000
0 0.045000 0.240000 0.018000 0.054000
0 0.951250 0.220000 0.069000 0.054000
0 0.811250 0.245000 0.153000 0.120000
0 0.696250 0.215000 0.027000 0.054000
0 0.520000 0.243750 0.060000 0.123000
0 0.024000 0.201250 0.048000 0.027000
0 0.652500 0.217500 0.054000 0.096000
0 0.393750 0.206250 0.063000 0.069000
0 0.588750 0.208750 0.093000 0.087000
0 0.947500 0.185000 0.042000 0.036000
0 0.808750 0.185000 0.045000 0.036000
0 0.153750 0.217500 0.249000 0.120000
0 0.738750 0.176250 0.057000 0.033000
0 0.102500 0.163750 0.066000 0.027000
0 0.275000 0.227500 0.102000 0.210000
0 0.493750 0.163750 0.069000 0.063000
0 0.892500 0.151250 0.090000 0.039000
0 0.217500 0.118750 0.078000 0.033000
0 0.061250 0.120000 0.051000 0.054000
0 0.291250 0.108750 0.057000 0.033000
0 0.019500 0.121250 0.039000 0.063000
0 0.715000 0.121250 0.120000 0.075000
0 0.357500 0.126250 0.072000 0.087000
0 0.803750 0.106250 0.075000 0.045000
0 0.906250 0.105000 0.027000 0.048000
0 0.590000 0.110000 0.150000 0.072000
0 0.212500 0.078750 0.054000 0.051000
0 0.855000 0.070000 0.090000 0.036000
0 0.276250 0.060000 0.063000 0.054000
0 0.625000 0.048750 0.078000 0.045000
0 0.797500 0.033750 0.054000 0.039000
0 0.083750 0.079500 0.141000 0.159000
0 0.905500 0.043750 0.189000 0.087000
0 0.031500 0.017500 0.063000 0.030000
0 0.757500 0.016500 0.078000 0.033000
0 0.715000 0.042000 0.072000 0.084000
0 0.557500 0.019500 0.072000 0.039000
0 0.482500 0.049500 0.108000 0.099000
0 0.412500 0.043500 0.054000 0.087000
0 0.376250 0.091500 0.189000 0.183000
0 0.076250 0.022500 0.045000 0.045000
