0 0.436328 0.995000 0.014063 0.010000
0 0.161719 0.994375 0.022500 0.011250
0 0.237500 0.993750 0.018750 0.012500
0 0.364063 0.991146 0.013125 0.008750
0 0.300000 0.991875 0.016875 0.016250
0 0.663672 0.991250 0.023438 0.017500
0 0.453516 0.990625 0.025312 0.018750
0 0.312891 0.990000 0.015938 0.020000
0 0.626563 0.989375 0.016875 0.021250
0 0.595703 0.989375 0.021562 0.021250
0 0.378516 0.989375 0.017813 0.021250
0 0.270703 0.988021 0.014063 0.013750
0 0.917578 0.989062 0.030937 0.021250
0 0.287109 0.987500 0.010312 0.017500
0 0.546875 0.983854 0.011250 0.016250
0 0.345313 0.985417 0.013125 0.020000
0 0.200000 0.985625 0.030000 0.028750
0 0.929297 0.985417 0.017813 0.027500
0 0.440234 0.981250 0.015938 0.020000
0 0.327734 0.980208 0.012188 0.017500
0 0.301172 0.979688 0.014063 0.016250
0 0.106250 0.983750 0.039375 0.032500
0 0.541797 0.976562 0.019688 0.013750
0 0.530859 0.981250 0.025312 0.025000
0 0.457422 0.979167 0.021562 0.020000
0 0.232422 0.976042 0.012188 0.012500
0 0.641797 0.981875 0.019688 0.036250
0 0.408984 0.981875 0.053437 0.036250
0 0.514453 0.980729 0.017813 0.031250
0 0.169531 0.976562 0.011250 0.021250
0 0.701562 0.976562 0.013125 0.023750
0 0.467969 0.973437 0.009375 0.016250
0 0.134766 0.972917 0.010312 0.015000
0 0.397266 0.969792 0.015938 0.010000
0 0.753125 0.978750 0.065625 0.042500
0 0.328125 0.978750 0.030000 0.042500
0 0.671094 0.970313 0.011250 0.016250
0 0.355469 0.974479 0.026250 0.026250
0 0.258594 0.970833 0.011250 0.017500
0 0.718750 0.977500 0.031875 0.045000
0 0.365234 0.969271 0.012188 0.016250
0 0.600391 0.969792 0.010312 0.020000
0 0.710938 0.970313 0.009375 0.023750
0 0.660547 0.972917 0.027187 0.030000
0 0.267188 0.966146 0.007500 0.016250
0 0.183984 0.970833 0.015938 0.027500
0 0.153906 0.972396 0.035625 0.031250
0 0.806250 0.975000 0.060000 0.050000
0 0.574219 0.975000 0.037500 0.050000
0 0.523438 0.963021 0.013125 0.011250
0 0.246484 0.968750 0.019688 0.025000
0 0.959219 0.974375 0.081562 0.051250
0 0.533984 0.966667 0.015938 0.025000
0 0.176563 0.963021 0.011250 0.016250
0 0.772266 0.961979 0.014063 0.016250
0 0.758594 0.964063 0.013125 0.021250
0 0.419531 0.964063 0.024375 0.021250
0 0.205859 0.964583 0.012188 0.022500
0 0.993437 0.963021 0.013125 0.021250
0 0.740234 0.964063 0.017813 0.023750
0 0.633203 0.972917 0.030937 0.045000
0 0.219141 0.967187 0.025312 0.031250
0 0.121094 0.965625 0.018750 0.027500
0 0.486328 0.973125 0.049687 0.053750
0 0.820312 0.958854 0.009375 0.018750
0 0.310937 0.957292 0.018750 0.015000
0 0.747656 0.954688 0.016875 0.011250
0 0.732422 0.966667 0.034687 0.042500
0 0.153125 0.955208 0.013125 0.015000
0 0.633203 0.956250 0.015938 0.020000
0 0.458203 0.953646 0.021562 0.013750
0 0.585938 0.955729 0.013125 0.021250
0 0.372266 0.956250 0.019688 0.022500
0 0.141797 0.953125 0.012188 0.015000
0 0.399609 0.954688 0.019688 0.021250
0 0.682422 0.966875 0.025312 0.066250
0 0.286328 0.958333 0.023438 0.032500
0 0.130469 0.954167 0.013125 0.025000
0 0.993437 0.947917 0.013125 0.012500
0 0.227734 0.953125 0.015938 0.032500
0 0.159766 0.947917 0.012188 0.020000
0 0.262500 0.947396 0.026250 0.021250
0 0.557813 0.955208 0.030000 0.042500
0 0.534766 0.947396 0.008437 0.023750
0 0.207813 0.944792 0.013125 0.017500
0 0.514453 0.950000 0.034687 0.032500
0 0.191406 0.954688 0.024375 0.043750
0 0.450391 0.942708 0.014063 0.020000
0 0.980469 0.945312 0.015000 0.028750
0 0.815234 0.938542 0.012188 0.017500
0 0.736719 0.941146 0.018750 0.023750
0 0.298438 0.940625 0.030000 0.022500
0 0.612891 0.960625 0.044062 0.078750
0 0.462500 0.938542 0.016875 0.025000
0 0.105469 0.949479 0.024375 0.051250
0 0.660156 0.943750 0.028125 0.040000
0 0.635156 0.933854 0.013125 0.018750
0 0.338281 0.946875 0.071250 0.050000
0 0.352344 0.931771 0.013125 0.016250
0 0.156250 0.932292 0.016875 0.017500
0 0.985938 0.931771 0.028125 0.021250
0 0.450781 0.929688 0.009375 0.018750
0 0.377734 0.927083 0.012188 0.012500
0 0.334766 0.931771 0.027187 0.023750
0 0.505859 0.933333 0.014063 0.030000
0 0.383984 0.951042 0.029062 0.072500
0 0.401172 0.929167 0.010312 0.022500
0 0.168750 0.923958 0.013125 0.015000
0 0.936328 0.940625 0.047812 0.057500
0 0.569531 0.928125 0.028125 0.027500
0 0.546875 0.926562 0.022500 0.023750
0 0.638281 0.921875 0.024375 0.015000
0 0.426172 0.941146 0.060937 0.063750
0 0.282813 0.920312 0.015000 0.013750
0 0.121484 0.930208 0.023438 0.037500
0 0.604297 0.918750 0.010312 0.015000
0 0.156641 0.918229 0.014063 0.013750
0 0.141016 0.916667 0.015938 0.012500
0 0.586719 0.931771 0.024375 0.051250
0 0.095703 0.917708 0.008437 0.017500
0 0.972266 0.917708 0.010312 0.020000
0 0.617188 0.917188 0.009375 0.018750
0 0.525391 0.921354 0.030937 0.031250
0 0.506641 0.913021 0.017813 0.013750
0 0.485938 0.933333 0.045000 0.062500
0 0.778125 0.936979 0.095625 0.073750
0 0.557813 0.916146 0.015000 0.023750
0 0.319922 0.916146 0.030937 0.023750
0 0.258203 0.923438 0.029062 0.041250
0 0.270703 0.917188 0.012188 0.028750
0 0.545312 0.909896 0.011250 0.013750
0 0.768750 0.914062 0.022500 0.026250
0 0.475781 0.913021 0.016875 0.023750
0 0.390625 0.911979 0.015000 0.021250
0 0.374609 0.911458 0.023438 0.022500
0 0.144141 0.907292 0.015938 0.012500
0 0.340234 0.907292 0.008437 0.015000
0 0.182812 0.912500 0.022500 0.027500
0 0.585156 0.907813 0.039375 0.021250
0 0.648438 0.907292 0.015000 0.022500
0 0.278516 0.904687 0.012188 0.016250
0 0.535156 0.902604 0.016875 0.013750
0 0.452344 0.903125 0.015000 0.015000
0 0.733203 0.902083 0.012188 0.015000
0 0.490625 0.900521 0.016875 0.011250
0 0.436719 0.911458 0.030000 0.037500
0 0.171875 0.900000 0.020625 0.015000
0 0.462891 0.909375 0.015938 0.040000
0 0.388281 0.901563 0.013125 0.021250
0 0.126953 0.905729 0.019688 0.031250
0 0.833594 0.903125 0.016875 0.027500
0 0.627734 0.901563 0.017813 0.023750
0 0.225781 0.918229 0.052500 0.063750
0 0.045469 0.935000 0.090937 0.130000
0 0.608594 0.896875 0.009375 0.015000
0 0.597656 0.897396 0.018750 0.016250
0 0.286719 0.902604 0.013125 0.028750
0 0.523438 0.899479 0.011250 0.023750
0 0.098047 0.896354 0.012188 0.018750
0 0.419531 0.900000 0.015000 0.030000
0 0.645312 0.890625 0.018750 0.010000
0 0.364453 0.911458 0.025312 0.060000
0 0.113281 0.890104 0.016875 0.011250
0 0.786328 0.894271 0.010312 0.023750
0 0.928906 0.891667 0.007500 0.020000
0 0.317969 0.895312 0.020625 0.028750
0 0.727734 0.892708 0.021562 0.025000
0 0.509766 0.897917 0.019688 0.037500
0 0.193750 0.914062 0.043125 0.076250
0 0.630469 0.887500 0.013125 0.015000
0 0.400781 0.888021 0.011250 0.016250
0 0.874219 0.889062 0.013125 0.023750
0 0.528516 0.888021 0.012188 0.021250
0 0.502734 0.886979 0.010312 0.018750
0 0.388281 0.884375 0.013125 0.015000
0 0.810547 0.899479 0.042188 0.056250
0 0.796875 0.886458 0.015000 0.027500
0 0.336719 0.886458 0.015000 0.027500
0 0.191797 0.885417 0.023438 0.025000
0 0.605859 0.881250 0.008437 0.017500
0 0.558594 0.890104 0.026250 0.038750
0 0.276953 0.882812 0.010312 0.021250
0 0.792188 0.878646 0.007500 0.013750
0 0.228516 0.877604 0.010312 0.011250
0 0.767188 0.893750 0.039375 0.052500
0 0.744141 0.896875 0.021562 0.062500
0 0.374219 0.878125 0.011250 0.017500
0 0.398047 0.874479 0.012188 0.011250
0 0.130078 0.879687 0.021562 0.026250
0 0.574609 0.878646 0.008437 0.026250
0 0.292578 0.884375 0.023438 0.040000
0 0.218750 0.872917 0.007500 0.015000
0 0.959375 0.871354 0.024375 0.013750
0 0.620703 0.874479 0.023438 0.021250
0 0.452344 0.873437 0.015000 0.021250
0 0.309766 0.873958 0.008437 0.022500
0 0.318750 0.872917 0.013125 0.022500
0 0.155469 0.879167 0.030000 0.037500
0 0.526563 0.877083 0.033750 0.037500
0 0.175391 0.875521 0.015938 0.033750
0 0.104297 0.870833 0.017813 0.022500
0 0.190625 0.871354 0.015000 0.026250
0 0.686719 0.914062 0.123750 0.131250
0 0.385547 0.865625 0.008437 0.015000
0 0.117969 0.868750 0.015000 0.022500
0 0.735547 0.869792 0.017813 0.027500
0 0.420312 0.878125 0.041250 0.047500
0 0.395313 0.863021 0.015000 0.011250
0 0.781250 0.872396 0.045000 0.036250
0 0.229687 0.864583 0.016875 0.017500
0 0.128516 0.863021 0.014063 0.013750
0 0.376172 0.865104 0.008437 0.021250
0 0.726953 0.864062 0.010312 0.023750
0 0.575000 0.876563 0.039375 0.058750
0 0.180469 0.859896 0.011250 0.021250
0 0.877734 0.854167 0.017813 0.012500
0 0.754297 0.861979 0.027187 0.031250
0 0.720313 0.856771 0.009375 0.018750
0 0.686719 0.856771 0.016875 0.018750
0 0.600391 0.860938 0.029062 0.028750
0 0.188281 0.856250 0.013125 0.025000
0 0.540234 0.866146 0.040313 0.051250
0 0.345703 0.852604 0.010312 0.018750
0 0.420703 0.858333 0.029062 0.035000
0 0.673047 0.848958 0.019688 0.020000
0 0.335938 0.860938 0.026250 0.053750
0 0.468750 0.844792 0.013125 0.020000
0 0.162109 0.844792 0.010312 0.020000
0 0.250781 0.868229 0.052500 0.078750
0 0.369922 0.843750 0.019688 0.022500
0 0.508594 0.852083 0.037500 0.045000
0 0.464062 0.860938 0.080625 0.066250
0 0.722266 0.839063 0.012188 0.016250
0 0.663672 0.852604 0.030937 0.048750
0 0.491016 0.841667 0.042188 0.022500
0 0.281250 0.848958 0.016875 0.040000
0 0.555859 0.840104 0.017813 0.021250
0 0.398047 0.840625 0.012188 0.022500
0 0.623047 0.842708 0.027187 0.030000
0 0.351172 0.846875 0.014063 0.040000
0 0.304297 0.852604 0.042188 0.053750
0 0.810156 0.851042 0.061875 0.052500
0 0.262891 0.842708 0.017813 0.032500
0 0.183594 0.837500 0.015000 0.025000
0 0.109766 0.844792 0.023438 0.042500
0 0.634766 0.847917 0.036562 0.055000
0 0.567578 0.832292 0.012188 0.017500
0 0.247266 0.830729 0.010312 0.016250
0 0.666406 0.828125 0.020625 0.012500
0 0.556641 0.827083 0.023438 0.012500
0 0.492969 0.828646 0.009375 0.016250
0 0.408984 0.828646 0.010312 0.018750
0 0.718750 0.830208 0.018750 0.025000
0 0.267969 0.834375 0.031875 0.035000
0 0.612500 0.824479 0.009375 0.016250
0 0.535547 0.828125 0.029062 0.025000
0 0.032422 0.826042 0.008437 0.022500
0 0.391406 0.827604 0.018750 0.031250
0 0.209766 0.843750 0.040313 0.070000
0 0.460547 0.831250 0.027187 0.042500
0 0.621094 0.822396 0.009375 0.023750
0 0.585938 0.833333 0.043125 0.052500
0 0.785547 0.823438 0.038437 0.031250
0 0.662109 0.816667 0.017813 0.015000
0 0.755859 0.833333 0.068437 0.057500
0 0.450391 0.817187 0.015938 0.018750
0 0.369531 0.819271 0.011250 0.023750
0 0.985547 0.813021 0.012188 0.011250
0 0.233594 0.822396 0.018750 0.033750
0 0.478516 0.810937 0.010312 0.013750
0 0.746094 0.815625 0.030000 0.032500
0 0.701562 0.840104 0.052500 0.091250
0 0.214062 0.809896 0.016875 0.018750
0 0.128125 0.835938 0.041250 0.083750
0 0.605469 0.806771 0.015000 0.016250
0 0.517578 0.815625 0.015938 0.037500
0 0.275391 0.809375 0.017813 0.022500
0 0.244141 0.811458 0.012188 0.027500
0 0.196875 0.807292 0.015000 0.017500
0 0.338672 0.808854 0.021562 0.026250
0 0.589063 0.805729 0.018750 0.021250
0 0.471875 0.804167 0.013125 0.017500
0 0.356250 0.811979 0.022500 0.036250
0 0.319531 0.824479 0.045000 0.066250
0 0.417969 0.815104 0.028125 0.046250
0 0.801562 0.812500 0.050625 0.042500
0 0.768359 0.799479 0.010312 0.016250
0 0.391797 0.802604 0.021562 0.023750
0 0.378516 0.805208 0.010312 0.030000
0 0.109375 0.803125 0.018750 0.027500
0 0.833594 0.802604 0.039375 0.031250
0 0.650781 0.799479 0.015000 0.023750
0 0.637109 0.801042 0.019688 0.027500
0 0.169531 0.801042 0.033750 0.030000
0 0.725781 0.803125 0.043125 0.037500
0 0.152734 0.820312 0.055313 0.078750
0 0.348047 0.790625 0.012188 0.015000
0 0.116797 0.788021 0.014063 0.011250
0 0.803125 0.790625 0.020625 0.020000
0 0.685547 0.799479 0.027187 0.041250
0 0.609375 0.789583 0.018750 0.022500
0 0.533984 0.799479 0.017813 0.046250
0 0.229297 0.786979 0.012188 0.018750
0 0.648047 0.783854 0.019688 0.013750
0 0.188281 0.785937 0.013125 0.021250
0 0.660156 0.781771 0.007500 0.013750
0 0.339062 0.782292 0.015000 0.015000
0 0.498047 0.794271 0.044062 0.046250
0 0.326953 0.790625 0.019688 0.037500
0 0.777734 0.793750 0.014063 0.050000
0 0.117969 0.779687 0.024375 0.016250
0 0.445312 0.793229 0.043125 0.051250
0 0.214844 0.779687 0.016875 0.018750
0 0.569531 0.794271 0.063750 0.056250
0 0.493750 0.779167 0.009375 0.020000
0 0.666406 0.786458 0.016875 0.042500
0 0.520703 0.777083 0.012188 0.020000
0 0.378516 0.779167 0.023438 0.027500
0 0.393750 0.776042 0.018750 0.022500
0 0.129688 0.776563 0.026250 0.023750
0 0.479687 0.779167 0.011250 0.032500
0 0.308203 0.772917 0.019688 0.017500
0 0.598828 0.772917 0.008437 0.022500
0 0.585938 0.769792 0.016875 0.015000
0 0.419922 0.778646 0.014063 0.036250
0 0.263281 0.767708 0.015000 0.015000
0 0.205859 0.772396 0.021562 0.026250
0 0.173437 0.777083 0.028125 0.037500
0 0.796875 0.772917 0.030000 0.030000
0 0.562891 0.768229 0.034687 0.021250
0 0.275781 0.772396 0.024375 0.033750
0 0.248828 0.777604 0.015938 0.051250
0 0.154297 0.770312 0.034687 0.033750
0 0.467969 0.768229 0.013125 0.031250
0 0.539844 0.765625 0.018750 0.027500
0 0.373047 0.760938 0.012188 0.016250
0 0.328906 0.762500 0.020625 0.020000
0 0.450391 0.764062 0.025312 0.028750
0 0.828125 0.773438 0.052500 0.053750
0 0.353125 0.769792 0.022500 0.045000
0 0.312500 0.757292 0.009375 0.015000
0 0.177344 0.756250 0.024375 0.017500
0 0.679297 0.754687 0.014063 0.016250
0 0.622656 0.778125 0.037500 0.072500
0 0.573047 0.754687 0.017813 0.016250
0 0.425000 0.756250 0.015000 0.020000
0 0.268359 0.755729 0.019688 0.018750
0 0.244141 0.755729 0.010312 0.021250
0 0.068359 0.755729 0.017813 0.021250
0 0.405078 0.767708 0.030937 0.055000
0 0.114062 0.759896 0.022500 0.036250
0 0.760547 0.778646 0.059062 0.083750
0 0.224219 0.753125 0.018750 0.022500
0 0.471875 0.746875 0.011250 0.012500
0 0.794531 0.749479 0.020625 0.023750
0 0.625391 0.745313 0.017813 0.016250
0 0.559375 0.746875 0.013125 0.022500
0 0.341406 0.746875 0.015000 0.022500
0 0.651953 0.754687 0.051562 0.043750
0 0.296094 0.749479 0.033750 0.031250
0 0.015469 0.750000 0.030937 0.032500
0 0.523438 0.753646 0.016875 0.043750
0 0.453906 0.743750 0.028125 0.020000
0 0.244531 0.741667 0.016875 0.015000
0 0.205078 0.750000 0.023438 0.035000
0 0.588281 0.750000 0.030000 0.037500
0 0.426172 0.742708 0.017813 0.020000
0 0.035156 0.741667 0.018750 0.022500
0 0.780859 0.738542 0.008437 0.017500
0 0.471484 0.736979 0.023438 0.013750
0 0.410156 0.735938 0.013125 0.013750
0 0.172656 0.738542 0.007500 0.020000
0 0.353125 0.738021 0.013125 0.021250
0 0.186328 0.739062 0.019688 0.023750
0 0.612109 0.736979 0.012188 0.026250
0 0.391406 0.745313 0.028125 0.048750
0 0.819531 0.738021 0.022500 0.033750
0 0.569531 0.733333 0.011250 0.022500
0 0.787891 0.729688 0.014063 0.021250
0 0.765625 0.731771 0.024375 0.026250
0 0.341406 0.728125 0.018750 0.017500
0 0.164062 0.726562 0.011250 0.013750
0 0.542188 0.727083 0.013125 0.017500
0 0.292969 0.729688 0.026250 0.026250
0 0.600781 0.726562 0.013125 0.021250
0 0.360938 0.725521 0.015000 0.018750
0 0.457422 0.725000 0.015938 0.020000
0 0.580469 0.722917 0.011250 0.017500
0 0.231641 0.727604 0.027187 0.028750
0 0.549609 0.733854 0.019688 0.046250
0 0.180078 0.720313 0.014063 0.013750
0 0.322656 0.731771 0.022500 0.053750
0 0.801172 0.728125 0.021562 0.047500
0 0.198047 0.715625 0.006563 0.017500
0 0.388672 0.717708 0.021562 0.025000
0 0.242188 0.714063 0.009375 0.018750
0 0.493359 0.733333 0.038437 0.070000
0 0.262891 0.720833 0.025312 0.040000
0 0.714063 0.727604 0.048750 0.063750
0 0.353125 0.709375 0.016875 0.022500
0 0.164844 0.707292 0.011250 0.017500
0 0.183203 0.706250 0.021562 0.017500
0 0.810156 0.708333 0.015000 0.025000
0 0.144531 0.730729 0.043125 0.081250
0 0.131250 0.717708 0.033750 0.055000
0 0.496484 0.697917 0.021562 0.015000
0 0.183594 0.692187 0.013125 0.011250
0 0.116016 0.693229 0.012188 0.016250
0 0.255859 0.693229 0.014063 0.018750
0 0.173437 0.695312 0.009375 0.023750
0 0.240234 0.691667 0.027187 0.022500
0 0.644531 0.693750 0.022500 0.030000
0 0.325000 0.689583 0.026250 0.025000
0 0.707031 0.691146 0.009375 0.031250
0 0.149609 0.686458 0.014063 0.022500
0 0.495312 0.682813 0.016875 0.018750
0 0.142578 0.683333 0.014063 0.020000
0 0.663672 0.681250 0.014063 0.020000
0 0.739844 0.677083 0.015000 0.012500
0 0.605469 0.699479 0.054375 0.066250
0 0.392188 0.696354 0.039375 0.058750
0 0.289844 0.677604 0.016875 0.016250
0 0.719531 0.679688 0.016875 0.028750
0 0.463281 0.670312 0.013125 0.008750
0 0.291406 0.694271 0.052500 0.066250
0 0.316797 0.672917 0.012188 0.017500
0 0.677734 0.711979 0.075938 0.123750
0 0.268359 0.666146 0.015938 0.013750
0 0.853125 0.670312 0.018750 0.026250
0 0.437891 0.669792 0.015938 0.025000
0 0.297266 0.666146 0.017813 0.016250
0 0.157031 0.668750 0.016875 0.025000
0 0.123047 0.664062 0.021562 0.013750
0 0.216406 0.687500 0.035625 0.072500
0 0.361719 0.667188 0.013125 0.026250
0 0.675000 0.659896 0.013125 0.011250
0 0.633594 0.692708 0.039375 0.092500
0 0.140234 0.658854 0.014063 0.011250
0 0.513281 0.660417 0.011250 0.022500
0 0.246094 0.658854 0.022500 0.021250
0 0.183594 0.663021 0.016875 0.031250
0 0.739844 0.661979 0.028125 0.031250
0 0.504687 0.656771 0.016875 0.021250
0 0.699609 0.656250 0.012188 0.022500
0 0.693750 0.665104 0.030000 0.043750
0 0.435547 0.689583 0.064687 0.102500
0 0.425000 0.654687 0.018750 0.021250
0 0.231250 0.651042 0.011250 0.012500
0 0.401562 0.661458 0.026250 0.040000
0 0.653125 0.673958 0.018750 0.072500
0 0.166797 0.651042 0.023438 0.017500
0 0.662891 0.646354 0.008437 0.013750
0 0.377734 0.675000 0.040313 0.082500
0 0.185547 0.651042 0.019688 0.025000
0 0.342969 0.667708 0.031875 0.070000
0 0.122656 0.646875 0.011250 0.020000
0 0.449609 0.642188 0.019688 0.013750
0 0.212500 0.659375 0.033750 0.055000
0 0.762500 0.648438 0.031875 0.031250
0 0.153516 0.642708 0.010312 0.017500
0 0.142969 0.644792 0.013125 0.022500
0 0.406641 0.650000 0.019688 0.037500
0 0.561719 0.646875 0.024375 0.032500
0 0.244141 0.640625 0.012188 0.020000
0 0.712891 0.639583 0.021562 0.020000
0 0.317578 0.643229 0.015938 0.036250
0 0.658203 0.631771 0.010312 0.011250
0 0.609375 0.639583 0.022500 0.030000
0 0.265625 0.635938 0.013125 0.021250
0 0.385547 0.632812 0.012188 0.016250
0 0.471094 0.667188 0.071250 0.101250
0 0.521875 0.638021 0.050625 0.036250
0 0.675781 0.636458 0.022500 0.035000
0 0.365234 0.634896 0.029062 0.031250
0 0.183984 0.625521 0.012188 0.008750
0 0.733203 0.639583 0.029062 0.050000
0 0.572266 0.630729 0.015938 0.028750
0 0.283984 0.642708 0.047812 0.060000
0 0.719531 0.626563 0.009375 0.023750
0 0.199609 0.627083 0.019688 0.025000
0 0.635547 0.634375 0.023438 0.047500
0 0.490625 0.635938 0.018750 0.051250
0 0.842578 0.634375 0.053437 0.050000
0 0.169141 0.629167 0.023438 0.037500
0 0.382031 0.618229 0.013125 0.013750
0 0.667188 0.622396 0.009375 0.026250
0 0.266406 0.617708 0.020625 0.015000
0 0.141406 0.619271 0.018750 0.021250
0 0.231641 0.614062 0.017813 0.013750
0 0.462109 0.616667 0.014063 0.027500
0 0.315234 0.612500 0.029062 0.017500
0 0.173828 0.615104 0.010312 0.026250
0 0.125000 0.620833 0.024375 0.040000
0 0.479297 0.616146 0.019688 0.031250
0 0.206250 0.613021 0.009375 0.023750
0 0.291016 0.609896 0.025312 0.021250
0 0.189844 0.609896 0.024375 0.021250
0 0.703516 0.614062 0.029062 0.033750
0 0.334766 0.627604 0.025312 0.066250
0 0.689844 0.611979 0.013125 0.031250
0 0.346484 0.610417 0.010312 0.030000
0 0.162500 0.604167 0.015000 0.017500
0 0.220312 0.619792 0.026250 0.057500
0 0.857422 0.603125 0.012188 0.022500
0 0.835938 0.609375 0.037500 0.037500
0 0.368359 0.601562 0.006563 0.018750
0 0.642188 0.619792 0.028125 0.065000
0 0.258594 0.604688 0.022500 0.028750
0 0.460156 0.612500 0.043125 0.050000
0 0.200391 0.598958 0.008437 0.017500
0 0.766797 0.696875 0.216562 0.257500
0 0.726172 0.601042 0.034687 0.027500
0 0.820312 0.592187 0.015000 0.008750
0 0.528906 0.601042 0.011250 0.032500
0 0.539844 0.604688 0.052500 0.051250
0 0.128125 0.591667 0.016875 0.020000
0 0.244922 0.597396 0.010312 0.036250
0 0.788281 0.588542 0.011250 0.020000
0 0.579297 0.589583 0.006563 0.022500
0 0.457422 0.584375 0.015938 0.012500
0 0.203125 0.589583 0.030000 0.027500
0 0.137500 0.583854 0.011250 0.013750
0 0.495703 0.582292 0.014063 0.012500
0 0.221875 0.588542 0.013125 0.027500
0 0.833984 0.590625 0.021562 0.035000
0 0.571484 0.603125 0.045937 0.067500
0 0.386328 0.601042 0.051562 0.062500
0 0.658594 0.582812 0.018750 0.021250
0 0.476953 0.582292 0.025312 0.025000
0 0.263281 0.579688 0.016875 0.018750
0 0.778516 0.579167 0.010312 0.020000
0 0.671875 0.580729 0.007500 0.023750
0 0.185156 0.579688 0.015000 0.023750
0 0.307422 0.586458 0.036562 0.042500
0 0.849609 0.584375 0.015938 0.042500
0 0.278516 0.574479 0.010312 0.018750
0 0.009375 0.578646 0.018750 0.031250
0 0.769922 0.575521 0.010312 0.026250
0 0.821484 0.575000 0.014063 0.027500
0 0.681250 0.570312 0.009375 0.016250
0 0.424609 0.604167 0.051562 0.097500
0 0.142187 0.570833 0.013125 0.017500
0 0.855078 0.570312 0.014063 0.021250
0 0.234766 0.569792 0.010312 0.020000
0 0.531250 0.573958 0.022500 0.035000
0 0.430469 0.573958 0.022500 0.035000
0 0.205859 0.567708 0.012188 0.020000
0 0.221094 0.568229 0.018750 0.023750
0 0.836328 0.565625 0.019688 0.020000
0 0.753125 0.587500 0.054375 0.072500
0 0.796875 0.564063 0.013125 0.018750
0 0.677344 0.586458 0.050625 0.072500
0 0.502734 0.588021 0.051562 0.076250
0 0.244922 0.563021 0.012188 0.018750
0 0.752734 0.559896 0.014063 0.013750
0 0.472656 0.567708 0.060000 0.032500
0 0.380859 0.563021 0.014063 0.023750
0 0.193359 0.563542 0.015938 0.025000
0 0.397656 0.569792 0.024375 0.042500
0 0.344922 0.590104 0.074063 0.091250
0 0.219531 0.552604 0.013125 0.008750
0 0.717187 0.573438 0.046875 0.061250
0 0.783984 0.559375 0.017813 0.030000
0 0.535937 0.556250 0.022500 0.022500
0 0.406250 0.557813 0.024375 0.028750
0 0.196875 0.550000 0.020625 0.010000
0 0.162500 0.575000 0.037500 0.070000
0 0.428516 0.551562 0.012188 0.023750
0 0.692969 0.546875 0.009375 0.015000
0 0.737891 0.548958 0.015938 0.022500
0 0.453906 0.554167 0.028125 0.035000
0 0.012500 0.551042 0.024375 0.027500
0 0.564844 0.641667 0.155625 0.250000
0 0.491406 0.545312 0.024375 0.021250
0 0.302344 0.552083 0.022500 0.037500
0 0.162109 0.544271 0.015938 0.021250
0 0.833984 0.548438 0.038437 0.033750
0 0.389844 0.541667 0.013125 0.020000
0 0.286719 0.541146 0.015000 0.018750
0 0.250391 0.552083 0.027187 0.045000
0 0.146875 0.546875 0.015000 0.032500
0 0.438281 0.543229 0.013125 0.026250
0 0.856641 0.547917 0.032813 0.040000
0 0.707031 0.539583 0.009375 0.022500
0 0.528516 0.543750 0.032813 0.035000
0 0.179297 0.535417 0.014063 0.017500
0 0.610938 0.531771 0.007500 0.016250
0 0.465625 0.535937 0.011250 0.028750
0 0.262109 0.536458 0.019688 0.030000
0 0.792969 0.533854 0.018750 0.028750
0 0.392578 0.526563 0.010312 0.011250
0 0.007500 0.536979 0.015000 0.036250
0 0.206641 0.527083 0.015938 0.015000
0 0.136328 0.535937 0.030937 0.041250
0 0.837891 0.525521 0.019688 0.018750
0 0.450391 0.527604 0.021562 0.028750
0 0.258203 0.521354 0.012188 0.013750
0 0.190625 0.521354 0.016875 0.018750
0 0.165234 0.523438 0.015938 0.026250
0 0.515625 0.532292 0.041250 0.057500
0 0.496484 0.512500 0.008437 0.012500
0 0.216797 0.514062 0.014063 0.016250
0 0.653125 0.540625 0.052500 0.085000
0 0.657031 0.515104 0.013125 0.023750
0 0.132812 0.513021 0.013125 0.021250
0 0.320703 0.530208 0.044062 0.065000
0 0.772266 0.533333 0.049687 0.075000
0 0.751172 0.522917 0.034687 0.050000
0 0.234375 0.523958 0.054375 0.052500
0 0.183984 0.511979 0.019688 0.026250
0 0.399219 0.507812 0.015000 0.026250
0 0.342578 0.528125 0.032813 0.075000
0 0.514844 0.501042 0.011250 0.015000
0 0.649609 0.498437 0.014063 0.013750
0 0.858203 0.496875 0.012188 0.015000
0 0.190234 0.495833 0.010312 0.012500
0 0.370312 0.520833 0.041250 0.075000
0 0.322656 0.498958 0.016875 0.022500
0 0.761719 0.500521 0.022500 0.028750
0 0.288672 0.496354 0.030937 0.026250
0 0.167969 0.498437 0.039375 0.031250
0 0.827734 0.549479 0.107813 0.156250
0 0.776172 0.491667 0.010312 0.017500
0 0.619531 0.535417 0.075000 0.122500
0 0.274219 0.504167 0.048750 0.050000
0 0.247656 0.487500 0.013125 0.015000
0 0.006094 0.492188 0.012188 0.028750
0 0.719141 0.489583 0.008437 0.027500
0 0.284766 0.482292 0.019688 0.010000
0 0.400000 0.485417 0.026250 0.025000
0 0.562891 0.480729 0.006563 0.016250
0 0.304688 0.480729 0.015000 0.016250
0 0.638672 0.478125 0.008437 0.012500
0 0.584375 0.504687 0.063750 0.078750
0 0.178125 0.479167 0.018750 0.017500
0 0.356641 0.482292 0.034687 0.032500
0 0.147656 0.475521 0.007500 0.016250
0 0.546484 0.507292 0.032813 0.095000
0 0.206250 0.483854 0.026250 0.048750
0 0.616406 0.480729 0.015000 0.043750
0 0.569922 0.468750 0.012188 0.015000
0 0.512891 0.483333 0.042188 0.050000
0 0.335547 0.481250 0.015938 0.045000
0 0.499609 0.472396 0.023438 0.026250
0 0.446484 0.504687 0.122812 0.103750
0 0.291797 0.467708 0.032813 0.017500
0 0.233594 0.480208 0.035625 0.047500
0 0.198047 0.466146 0.014063 0.013750
0 0.631250 0.477604 0.018750 0.043750
0 0.168359 0.466667 0.008437 0.017500
0 0.600781 0.476042 0.016875 0.042500
0 0.540234 0.474479 0.029062 0.038750
0 0.386328 0.471875 0.038437 0.035000
0 0.668750 0.513021 0.065625 0.136250
0 0.408984 0.459896 0.017813 0.011250
0 0.276953 0.460417 0.014063 0.017500
0 0.146484 0.473438 0.042188 0.048750
0 0.421875 0.463021 0.013125 0.026250
0 0.310156 0.461979 0.020625 0.026250
0 0.673047 0.456250 0.010312 0.015000
0 0.701953 0.455729 0.010312 0.016250
0 0.472656 0.464062 0.024375 0.038750
0 0.244531 0.451042 0.011250 0.012500
0 0.491797 0.455208 0.015938 0.025000
0 0.180469 0.457292 0.015000 0.030000
0 0.200781 0.450000 0.022500 0.015000
0 0.383984 0.452083 0.015938 0.022500
0 0.532031 0.451562 0.013125 0.026250
0 0.456250 0.456771 0.035625 0.041250
0 0.521094 0.445312 0.013125 0.023750
0 0.322656 0.459896 0.028125 0.063750
0 0.456641 0.436979 0.017813 0.011250
0 0.181250 0.444792 0.022500 0.030000
0 0.011719 0.457292 0.023438 0.060000
0 0.759766 0.439063 0.008437 0.023750
0 0.434766 0.453646 0.027187 0.058750
0 0.274609 0.447917 0.055313 0.045000
0 0.780078 0.445312 0.032813 0.041250
0 0.215234 0.445312 0.029062 0.041250
0 0.147656 0.439583 0.015000 0.027500
0 0.832031 0.480208 0.103125 0.127500
0 0.536328 0.432812 0.008437 0.016250
0 0.473047 0.431771 0.012188 0.013750
0 0.283594 0.434375 0.011250 0.020000
0 0.364453 0.433333 0.008437 0.020000
0 0.526953 0.433333 0.008437 0.025000
0 0.394531 0.433854 0.011250 0.026250
0 0.789844 0.458854 0.091875 0.088750
0 0.795312 0.433333 0.026250 0.027500
0 0.423828 0.435417 0.014063 0.035000
0 0.710547 0.488542 0.094687 0.165000
0 0.994844 0.430729 0.010312 0.028750
0 0.870703 0.429688 0.019688 0.026250
0 0.824219 0.423438 0.016875 0.011250
0 0.650781 0.436979 0.035625 0.043750
0 0.253125 0.433333 0.018750 0.035000
0 0.841406 0.429688 0.035625 0.028750
0 0.766016 0.423958 0.014063 0.015000
0 0.591406 0.430208 0.015000 0.030000
0 0.404297 0.435937 0.030937 0.043750
0 0.296484 0.425000 0.017813 0.017500
0 0.222266 0.428646 0.023438 0.026250
0 0.241406 0.430208 0.013125 0.032500
0 0.164062 0.439583 0.030000 0.055000
0 0.148047 0.422917 0.015938 0.015000
0 0.533594 0.420312 0.013125 0.013750
0 0.281250 0.419792 0.009375 0.012500
0 0.578906 0.419792 0.015000 0.022500
0 0.697266 0.420833 0.025312 0.027500
0 0.314453 0.420833 0.021562 0.027500
0 0.445703 0.418750 0.030937 0.027500
0 0.189453 0.422396 0.012188 0.036250
0 0.802344 0.416667 0.011250 0.027500
0 0.202344 0.418229 0.022500 0.031250
0 0.442969 0.409375 0.013125 0.012500
0 0.790234 0.408333 0.025312 0.015000
0 0.394141 0.412500 0.012188 0.025000
0 0.251953 0.410938 0.012188 0.021250
0 0.774219 0.409375 0.007500 0.020000
0 0.276172 0.403646 0.015938 0.011250
0 0.875000 0.409375 0.015000 0.032500
0 0.730859 0.432812 0.062812 0.088750
0 0.303125 0.404167 0.026250 0.025000
0 0.722266 0.402083 0.012188 0.022500
0 0.704297 0.401042 0.015938 0.020000
0 0.217188 0.403646 0.026250 0.028750
0 0.734766 0.398958 0.008437 0.022500
0 0.414453 0.401562 0.023438 0.028750
0 0.144922 0.402083 0.021562 0.030000
0 0.515234 0.427083 0.057188 0.092500
0 0.310937 0.391667 0.013125 0.012500
0 0.287500 0.392188 0.015000 0.016250
0 0.503906 0.397396 0.011250 0.031250
0 0.459766 0.396875 0.030937 0.030000
0 0.433984 0.393229 0.014063 0.021250
0 0.396875 0.389062 0.009375 0.013750
0 0.653906 0.386979 0.024375 0.013750
0 0.476562 0.406771 0.052500 0.061250
0 0.627734 0.420833 0.107813 0.100000
0 0.796875 0.382812 0.018750 0.011250
0 0.510938 0.384375 0.009375 0.015000
0 0.338281 0.414062 0.052500 0.088750
0 0.359766 0.398958 0.019688 0.055000
0 0.183203 0.390104 0.017813 0.033750
0 0.706641 0.385937 0.029062 0.031250
0 0.408594 0.381771 0.015000 0.021250
0 0.488672 0.377604 0.012188 0.013750
0 0.367188 0.420312 0.054375 0.118750
0 0.635156 0.380208 0.009375 0.025000
0 0.532031 0.380729 0.016875 0.026250
0 0.425781 0.379167 0.024375 0.022500
0 0.196875 0.385937 0.033750 0.043750
0 0.150000 0.383854 0.026250 0.038750
0 0.547656 0.373437 0.011250 0.016250
0 0.305078 0.371875 0.036562 0.022500
0 0.499609 0.374479 0.019688 0.031250
0 0.496875 0.366146 0.009375 0.011250
0 0.391406 0.371354 0.015000 0.023750
0 0.335156 0.371875 0.030000 0.025000
0 0.230859 0.375000 0.047812 0.040000
0 0.168359 0.374479 0.017813 0.041250
0 0.719141 0.373437 0.027187 0.041250
0 0.476562 0.366667 0.026250 0.025000
0 0.517969 0.366667 0.018750 0.027500
0 0.259766 0.366146 0.021562 0.028750
0 0.823047 0.386458 0.111562 0.080000
0 0.651172 0.360938 0.008437 0.018750
0 0.836328 0.365625 0.027187 0.037500
0 0.657813 0.364063 0.013125 0.033750
0 0.269141 0.358854 0.014063 0.021250
0 0.505859 0.350521 0.017813 0.021250
0 0.820312 0.346354 0.015000 0.013750
0 0.797656 0.358333 0.016875 0.042500
0 0.378125 0.348438 0.016875 0.018750
0 0.618359 0.363021 0.019688 0.056250
0 0.497266 0.349479 0.019688 0.023750
0 0.650000 0.344792 0.011250 0.015000
0 0.740625 0.344792 0.013125 0.017500
0 0.677734 0.375521 0.038437 0.093750
0 0.633203 0.344792 0.008437 0.020000
0 0.868359 0.365104 0.044062 0.071250
0 0.784375 0.344271 0.015000 0.021250
0 0.363281 0.359375 0.045000 0.057500
0 0.335938 0.346875 0.018750 0.030000
0 0.212109 0.347917 0.036562 0.032500
0 0.716797 0.343750 0.023438 0.025000
0 0.591016 0.366667 0.044062 0.080000
0 0.278125 0.347396 0.022500 0.033750
0 0.761328 0.368750 0.068437 0.087500
0 0.258594 0.343229 0.015000 0.026250
0 0.556641 0.339583 0.017813 0.022500
0 0.530859 0.333333 0.015938 0.010000
0 0.540625 0.350000 0.033750 0.052500
0 0.988281 0.342187 0.023438 0.036250
0 0.344531 0.334375 0.020625 0.017500
0 0.146484 0.332813 0.015938 0.013750
0 0.768359 0.336458 0.014063 0.025000
0 0.303516 0.343229 0.027187 0.041250
0 0.239453 0.343229 0.021562 0.041250
0 0.205859 0.331771 0.019688 0.013750
0 0.866016 0.330729 0.012188 0.013750
0 0.501563 0.332292 0.033750 0.017500
0 0.163672 0.336979 0.025312 0.028750
0 0.702344 0.344792 0.022500 0.052500
0 0.569922 0.396875 0.075938 0.177500
0 0.158203 0.326042 0.012188 0.010000
0 0.727734 0.344271 0.036562 0.056250
0 0.677734 0.327604 0.015938 0.018750
0 0.381641 0.328125 0.010312 0.020000
0 0.367578 0.325521 0.010312 0.013750
0 0.400391 0.345313 0.029062 0.063750
0 0.267578 0.322396 0.012188 0.011250
0 0.691016 0.325521 0.008437 0.021250
0 0.589453 0.319792 0.014063 0.007500
0 0.524219 0.332813 0.022500 0.041250
0 0.209766 0.321354 0.008437 0.016250
0 0.284766 0.327604 0.032813 0.041250
0 0.248047 0.321354 0.027187 0.028750
0 0.882422 0.317708 0.015938 0.022500
0 0.180859 0.331771 0.047812 0.058750
0 0.663672 0.315625 0.012188 0.022500
0 0.546484 0.317188 0.030937 0.026250
0 0.478906 0.313021 0.011250 0.016250
0 0.699609 0.312500 0.010312 0.017500
0 0.674219 0.310937 0.016875 0.013750
0 0.360156 0.318229 0.016875 0.031250
0 0.427344 0.318229 0.026250 0.033750
0 0.332422 0.320833 0.025312 0.040000
0 0.773828 0.318229 0.023438 0.036250
0 0.573828 0.318750 0.034687 0.037500
0 0.323828 0.308333 0.015938 0.012500
0 0.539062 0.310417 0.011250 0.020000
0 0.823828 0.307812 0.015938 0.016250
0 0.447266 0.346875 0.090937 0.110000
0 0.254688 0.308854 0.028125 0.021250
0 0.148828 0.309375 0.012188 0.027500
0 0.716016 0.305729 0.025312 0.021250
0 0.155859 0.303125 0.019688 0.015000
0 0.294141 0.306250 0.017813 0.025000
0 0.746094 0.314583 0.030000 0.047500
0 0.191406 0.299479 0.018750 0.011250
0 0.780469 0.310937 0.020625 0.041250
0 0.231641 0.305729 0.017813 0.033750
0 0.800000 0.324479 0.039375 0.081250
0 0.050781 0.294792 0.015000 0.010000
0 0.390234 0.302604 0.015938 0.031250
0 0.314063 0.327083 0.028125 0.090000
0 0.619141 0.333854 0.060937 0.108750
0 0.288281 0.293229 0.011250 0.011250
0 0.547656 0.295312 0.016875 0.021250
0 0.848437 0.319271 0.078750 0.081250
0 0.634766 0.296354 0.023438 0.026250
0 0.727734 0.290625 0.023438 0.015000
0 0.412109 0.305729 0.029062 0.051250
0 0.647266 0.308854 0.040313 0.061250
0 0.366016 0.289062 0.008437 0.013750
0 0.310937 0.290625 0.009375 0.017500
0 0.742969 0.287500 0.011250 0.012500
0 0.222656 0.288021 0.018750 0.013750
0 0.396094 0.288021 0.013125 0.018750
0 0.353906 0.294271 0.026250 0.033750
0 0.447266 0.285417 0.014063 0.015000
0 0.483984 0.291146 0.017813 0.031250
0 0.375000 0.283333 0.011250 0.012500
0 0.335547 0.284896 0.014063 0.016250
0 0.164844 0.291146 0.026250 0.031250
0 0.865234 0.283854 0.012188 0.016250
0 0.433594 0.290104 0.011250 0.031250
0 0.701562 0.299479 0.067500 0.058750
0 0.180469 0.283333 0.015000 0.022500
0 0.463672 0.290625 0.027187 0.042500
0 0.204297 0.291146 0.021562 0.043750
0 0.569531 0.290625 0.035625 0.047500
0 0.977500 0.292187 0.045000 0.053750
0 0.594922 0.288021 0.036562 0.043750
0 0.415625 0.280729 0.022500 0.028750
0 0.504297 0.274479 0.021562 0.016250
0 0.370703 0.272396 0.014063 0.011250
0 0.039062 0.293229 0.045000 0.063750
0 0.390234 0.270313 0.012188 0.011250
0 0.215625 0.272917 0.011250 0.017500
0 0.736328 0.275521 0.012188 0.026250
0 0.337109 0.271354 0.021562 0.016250
0 0.401953 0.270313 0.010312 0.016250
0 0.800000 0.271354 0.013125 0.021250
0 0.712109 0.267708 0.015938 0.012500
0 0.662891 0.277083 0.025312 0.035000
0 0.270313 0.270833 0.013125 0.020000
0 0.678125 0.265104 0.013125 0.011250
0 0.634766 0.273958 0.032813 0.032500
0 0.548438 0.273958 0.026250 0.032500
0 0.955078 0.264062 0.014063 0.011250
0 0.246094 0.278125 0.030000 0.045000
0 0.844531 0.267708 0.009375 0.022500
0 0.228516 0.270313 0.019688 0.028750
0 0.982422 0.267188 0.010312 0.023750
0 0.309766 0.273438 0.029062 0.038750
0 0.968750 0.264062 0.016875 0.018750
0 0.689453 0.277083 0.034687 0.055000
0 0.535547 0.261458 0.014063 0.017500
0 0.798047 0.257812 0.012188 0.011250
0 0.849609 0.275000 0.042188 0.057500
0 0.424219 0.256250 0.011250 0.012500
0 0.511719 0.284375 0.061875 0.087500
0 0.356250 0.258333 0.015000 0.025000
0 0.750391 0.260417 0.038437 0.035000
0 0.282813 0.267708 0.030000 0.052500
0 0.191406 0.260417 0.015000 0.035000
0 0.496484 0.254688 0.023438 0.023750
0 0.010312 0.256250 0.020625 0.027500
0 0.877734 0.273438 0.040313 0.071250
0 0.611719 0.255729 0.052500 0.033750
0 0.387500 0.245833 0.020625 0.010000
0 0.845703 0.247917 0.030937 0.017500
0 0.683594 0.248958 0.013125 0.020000
0 0.325781 0.251042 0.043125 0.025000
0 0.201563 0.246354 0.015000 0.013750
0 0.951172 0.250521 0.027187 0.031250
0 0.569531 0.251042 0.016875 0.032500
0 0.217578 0.247396 0.019688 0.023750
0 0.299609 0.244271 0.014063 0.018750
0 0.173047 0.254688 0.027187 0.048750
0 0.613672 0.239583 0.014063 0.015000
0 0.418750 0.248958 0.037500 0.037500
0 0.344922 0.239063 0.012188 0.016250
0 0.735156 0.237500 0.009375 0.015000
0 0.266406 0.238542 0.011250 0.020000
0 0.642578 0.235937 0.015938 0.016250
0 0.598437 0.236979 0.007500 0.018750
0 0.587109 0.239063 0.021562 0.028750
0 0.153906 0.232813 0.011250 0.016250
0 0.625000 0.236979 0.018750 0.028750
0 0.693750 0.241146 0.031875 0.041250
0 0.452344 0.232292 0.022500 0.020000
0 0.177344 0.231771 0.011250 0.018750
0 0.554688 0.231771 0.011250 0.023750
0 0.217188 0.230729 0.007500 0.021250
0 0.418750 0.228125 0.016875 0.017500
0 0.245312 0.239583 0.028125 0.045000
0 0.387500 0.229687 0.009375 0.023750
0 0.325391 0.232292 0.012188 0.030000
0 0.379297 0.228125 0.008437 0.022500
0 0.587891 0.225000 0.021562 0.017500
0 0.466016 0.241146 0.049687 0.058750
0 0.747266 0.230208 0.019688 0.035000
0 0.340234 0.222396 0.017813 0.016250
0 0.364063 0.239583 0.035625 0.060000
0 0.664453 0.238021 0.032813 0.058750
0 0.568359 0.225521 0.019688 0.028750
0 0.504687 0.220312 0.007500 0.016250
0 0.491016 0.224479 0.029062 0.026250
0 0.226953 0.223438 0.019688 0.026250
0 0.180859 0.217708 0.012188 0.012500
0 0.725391 0.236979 0.040313 0.061250
0 0.158203 0.220312 0.019688 0.023750
0 0.394141 0.219271 0.012188 0.023750
0 0.443750 0.214583 0.015000 0.017500
0 0.294922 0.223438 0.064687 0.041250
0 0.204687 0.216146 0.015000 0.026250
0 0.258203 0.214583 0.025312 0.025000
0 0.492578 0.208333 0.019688 0.012500
0 0.795312 0.252083 0.101250 0.125000
0 0.580078 0.207292 0.010312 0.017500
0 0.517578 0.213021 0.027187 0.031250
0 0.360156 0.206250 0.015000 0.015000
0 0.667578 0.211458 0.030937 0.030000
0 0.637500 0.214062 0.031875 0.036250
0 0.423828 0.203125 0.008437 0.012500
0 0.111719 0.200000 0.013125 0.012500
0 0.190234 0.204167 0.027187 0.025000
0 0.792578 0.204167 0.021562 0.027500
0 0.507031 0.199479 0.011250 0.016250
0 0.165625 0.204167 0.013125 0.030000
0 0.260547 0.200521 0.015938 0.026250
0 0.548828 0.196875 0.012188 0.020000
0 0.274609 0.196354 0.014063 0.018750
0 0.694531 0.208333 0.031875 0.052500
0 0.642578 0.192188 0.019688 0.016250
0 0.773438 0.225000 0.052500 0.097500
0 0.457422 0.193750 0.012188 0.022500
0 0.726953 0.202083 0.053437 0.045000
0 0.467187 0.192708 0.007500 0.022500
0 0.529297 0.215104 0.049687 0.083750
0 0.785156 0.188021 0.009375 0.021250
0 0.585547 0.196354 0.042188 0.041250
0 0.345313 0.197917 0.018750 0.045000
0 0.405078 0.201042 0.030937 0.055000
0 0.381641 0.190104 0.025312 0.028750
0 0.311328 0.183854 0.015938 0.016250
0 0.268750 0.182292 0.013125 0.012500
0 0.176953 0.182292 0.015938 0.015000
0 0.661719 0.188021 0.018750 0.031250
0 0.247266 0.189062 0.017813 0.033750
0 0.844141 0.210417 0.081562 0.087500
0 0.193750 0.178646 0.018750 0.011250
0 0.619141 0.194792 0.040313 0.052500
0 0.299219 0.179167 0.015000 0.015000
0 0.709375 0.183333 0.028125 0.027500
0 0.012656 0.189583 0.025312 0.042500
0 0.418359 0.182292 0.017813 0.030000
0 0.564453 0.185938 0.019688 0.048750
0 0.329688 0.174479 0.011250 0.021250
0 0.877734 0.206250 0.053437 0.102500
0 0.676953 0.170833 0.012188 0.020000
0 0.259375 0.170833 0.009375 0.020000
0 0.220312 0.190104 0.045000 0.066250
0 0.718359 0.167708 0.012188 0.015000
0 0.162109 0.165625 0.019688 0.010000
0 0.427734 0.172396 0.025312 0.028750
0 0.074219 0.176563 0.061875 0.043750
0 0.776172 0.167708 0.017813 0.025000
0 0.727734 0.172917 0.015938 0.037500
0 0.705469 0.164062 0.011250 0.016250
0 0.526563 0.166667 0.013125 0.022500
0 0.318750 0.165104 0.013125 0.018750
0 0.540625 0.172396 0.022500 0.038750
0 0.362109 0.173958 0.027187 0.042500
0 0.925391 0.161458 0.015938 0.015000
0 0.642969 0.167708 0.013125 0.030000
0 0.399609 0.169792 0.040313 0.040000
0 0.850000 0.167708 0.022500 0.037500
0 0.201563 0.159896 0.016875 0.018750
0 0.685156 0.162500 0.007500 0.027500
0 0.576172 0.158333 0.021562 0.017500
0 0.190234 0.160938 0.019688 0.026250
0 0.533984 0.155729 0.012188 0.016250
0 0.215625 0.154688 0.011250 0.013750
0 0.444141 0.183854 0.051562 0.086250
0 0.421875 0.156771 0.013125 0.026250
0 0.376953 0.163542 0.014063 0.042500
0 0.266797 0.159896 0.030937 0.033750
0 0.734766 0.149479 0.014063 0.011250
0 0.434375 0.152083 0.009375 0.017500
0 0.495703 0.177604 0.055313 0.081250
0 0.716797 0.149479 0.012188 0.016250
0 0.658984 0.153646 0.021562 0.026250
0 0.617188 0.158854 0.050625 0.041250
0 0.346094 0.150521 0.013125 0.021250
0 0.672656 0.151562 0.020625 0.026250
0 0.866406 0.145313 0.015000 0.016250
0 0.510547 0.152083 0.019688 0.032500
0 0.168750 0.147396 0.031875 0.023750
0 0.633984 0.145833 0.014063 0.022500
0 0.085938 0.148958 0.030000 0.030000
0 0.887891 0.155729 0.038437 0.051250
0 0.772656 0.163021 0.091875 0.068750
0 0.697656 0.159896 0.031875 0.063750
0 0.782422 0.138542 0.010312 0.015000
0 0.266406 0.138021 0.013125 0.013750
0 0.689063 0.141146 0.016875 0.023750
0 0.590625 0.139063 0.009375 0.021250
0 0.553516 0.142708 0.032813 0.030000
0 0.326562 0.145833 0.037500 0.037500
0 0.291016 0.150000 0.045937 0.052500
0 0.221875 0.135937 0.022500 0.018750
0 0.199609 0.141667 0.021562 0.032500
0 0.175000 0.133854 0.015000 0.016250
0 0.391797 0.140625 0.029062 0.035000
0 0.121875 0.133854 0.007500 0.018750
0 0.619531 0.138542 0.011250 0.035000
0 0.534375 0.135937 0.026250 0.028750
0 0.643750 0.138542 0.013125 0.037500
0 0.352734 0.131771 0.017813 0.021250
0 0.275000 0.131250 0.011250 0.020000
0 0.568359 0.129688 0.010312 0.018750
0 0.006563 0.132292 0.013125 0.025000
0 0.735938 0.132812 0.030000 0.028750
0 0.764844 0.126562 0.015000 0.018750
0 0.364453 0.130729 0.030937 0.028750
0 0.330859 0.123958 0.008437 0.015000
0 0.660156 0.128646 0.026250 0.031250
0 0.519531 0.129688 0.015000 0.036250
0 0.406641 0.131771 0.042188 0.041250
0 0.706641 0.127604 0.027187 0.033750
0 0.723828 0.122396 0.017813 0.026250
0 0.600391 0.125000 0.032813 0.032500
0 0.493359 0.128125 0.042188 0.040000
0 0.379297 0.119271 0.017813 0.018750
0 0.899219 0.123438 0.015000 0.031250
0 0.539453 0.120833 0.019688 0.025000
0 0.445703 0.134896 0.045937 0.058750
0 0.367578 0.114583 0.010312 0.010000
0 0.221875 0.120313 0.007500 0.023750
0 0.683594 0.121354 0.026250 0.033750
0 0.286719 0.116667 0.016875 0.022500
0 0.274219 0.113542 0.011250 0.020000
0 0.985469 0.117708 0.029062 0.032500
0 0.650000 0.109896 0.009375 0.021250
0 0.462500 0.112500 0.013125 0.027500
0 0.424219 0.106250 0.013125 0.012500
0 0.203516 0.114062 0.034687 0.031250
0 0.394531 0.107813 0.015000 0.018750
0 0.995781 0.108854 0.008437 0.023750
0 0.741406 0.107813 0.041250 0.026250
0 0.629687 0.117708 0.028125 0.050000
0 0.491406 0.104167 0.022500 0.017500
0 0.378516 0.103646 0.010312 0.016250
0 0.303125 0.123438 0.035625 0.063750
0 0.179688 0.110417 0.020625 0.035000
0 0.265625 0.103125 0.007500 0.022500
0 0.246875 0.128646 0.041250 0.083750
0 0.239063 0.107292 0.015000 0.032500
0 0.328906 0.103125 0.015000 0.025000
0 0.421875 0.098437 0.015000 0.016250
0 0.701953 0.101562 0.042188 0.028750
0 0.441406 0.104688 0.030000 0.036250
0 0.555469 0.101042 0.013125 0.032500
0 0.165234 0.090625 0.014063 0.010000
0 0.358203 0.101562 0.014063 0.038750
0 0.244922 0.090625 0.008437 0.015000
0 0.536719 0.088021 0.013125 0.011250
0 0.602734 0.090104 0.008437 0.018750
0 0.369531 0.088021 0.011250 0.018750
0 0.332031 0.086458 0.015000 0.015000
0 0.565234 0.095312 0.015938 0.038750
0 0.609375 0.097917 0.022500 0.047500
0 0.400781 0.089063 0.030000 0.026250
0 0.823828 0.082292 0.012188 0.012500
0 0.672266 0.086458 0.010312 0.022500
0 0.424609 0.082812 0.014063 0.013750
0 0.290625 0.084896 0.009375 0.018750
0 0.642969 0.090625 0.058125 0.035000
0 0.643359 0.081771 0.012188 0.013750
0 0.458984 0.088021 0.036562 0.028750
0 0.436719 0.084896 0.011250 0.023750
0 0.479687 0.084375 0.013125 0.030000
0 0.200391 0.080208 0.012188 0.022500
0 0.214062 0.079687 0.009375 0.023750
0 0.455078 0.074479 0.010312 0.013750
0 0.179688 0.076042 0.013125 0.020000
0 0.409375 0.072396 0.013125 0.016250
0 0.629687 0.070833 0.011250 0.015000
0 0.567578 0.072917 0.017813 0.020000
0 0.523047 0.073958 0.029062 0.027500
0 0.326172 0.072396 0.010312 0.023750
0 0.304688 0.079687 0.024375 0.041250
0 0.204687 0.066146 0.016875 0.008750
0 0.663281 0.068750 0.020625 0.017500
0 0.546484 0.086458 0.038437 0.060000
0 0.342187 0.083333 0.022500 0.052500
0 0.291016 0.067708 0.012188 0.015000
0 0.430469 0.067187 0.013125 0.016250
0 0.250000 0.071875 0.022500 0.027500
0 0.228906 0.074479 0.022500 0.033750
0 0.635156 0.068229 0.011250 0.021250
0 0.528516 0.065104 0.014063 0.016250
0 0.618359 0.065104 0.015938 0.018750
0 0.494922 0.063542 0.012188 0.017500
0 0.171094 0.065104 0.018750 0.021250
0 0.419141 0.064583 0.008437 0.022500
0 0.385156 0.067708 0.020625 0.030000
0 0.475000 0.061979 0.013125 0.018750
0 0.642578 0.059375 0.010312 0.015000
0 0.595313 0.081771 0.031875 0.068750
0 0.262109 0.059896 0.012188 0.016250
0 0.361719 0.058333 0.015000 0.015000
0 0.582812 0.065625 0.024375 0.035000
0 0.331250 0.054167 0.009375 0.012500
0 0.540625 0.058333 0.018750 0.025000
0 0.320703 0.056771 0.010312 0.021250
0 0.249219 0.053646 0.009375 0.016250
0 0.441406 0.057292 0.018750 0.030000
0 0.180469 0.050521 0.026250 0.016250
0 0.257031 0.050000 0.007500 0.017500
0 0.512109 0.050000 0.008437 0.020000
0 0.303906 0.047396 0.013125 0.013750
0 0.431250 0.048438 0.016875 0.018750
0 0.674609 0.045312 0.014063 0.016250
0 0.493359 0.048438 0.015938 0.023750
0 0.223828 0.047396 0.021562 0.021250
0 0.654687 0.047917 0.030000 0.025000
0 0.602734 0.042188 0.021562 0.021250
0 0.477734 0.057292 0.029062 0.057500
0 0.450781 0.040104 0.013125 0.016250
0 0.412109 0.039583 0.017813 0.015000
0 0.203125 0.042188 0.013125 0.021250
0 0.333594 0.039062 0.013125 0.018750
0 0.622266 0.044792 0.040313 0.037500
0 0.483984 0.038542 0.015938 0.022500
0 0.269922 0.039583 0.017813 0.025000
0 0.257812 0.034896 0.016875 0.013750
0 0.303125 0.034896 0.026250 0.016250
0 0.536328 0.038021 0.019688 0.026250
0 0.522266 0.043750 0.019688 0.042500
0 0.423047 0.035937 0.010312 0.023750
0 0.187500 0.034375 0.022500 0.020000
0 0.400391 0.027083 0.021562 0.012500
0 0.011328 0.035417 0.015938 0.032500
0 0.908203 0.035417 0.010312 0.035000
0 0.667578 0.036979 0.017813 0.038750
0 0.577734 0.041146 0.051562 0.048750
0 0.217578 0.034375 0.021562 0.032500
0 0.649219 0.027083 0.013125 0.017500
0 0.793359 0.044271 0.079687 0.061250
0 0.832031 0.035937 0.037500 0.043750
0 0.748437 0.034896 0.022500 0.041250
0 0.696484 0.022396 0.010312 0.013750
0 0.173828 0.019792 0.012188 0.012500
0 0.447656 0.022917 0.011250 0.022500
0 0.368750 0.018229 0.007500 0.013750
0 0.360156 0.019271 0.009375 0.016250
0 0.469922 0.022396 0.023438 0.028750
0 0.436328 0.023958 0.019688 0.032500
0 0.660547 0.023438 0.021562 0.033750
0 0.607812 0.022396 0.043125 0.031250
0 0.500781 0.022396 0.016875 0.033750
0 0.381641 0.031771 0.064687 0.056250
0 0.310156 0.010937 0.013125 0.008750
0 0.685156 0.011458 0.028125 0.012500
0 0.542969 0.016667 0.026250 0.025000
0 0.351562 0.017708 0.011250 0.027500
0 0.321875 0.016667 0.013125 0.025000
0 0.568359 0.010937 0.012188 0.013750
0 0.341406 0.021875 0.030000 0.040000
0 0.637109 0.024375 0.012188 0.048750
0 0.460156 0.010417 0.015000 0.020000
0 0.262891 0.015625 0.015938 0.031250
0 0.248438 0.026250 0.020625 0.052500
0 0.989687 0.008750 0.020625 0.017500
0 0.891797 0.064375 0.044062 0.128750
0 0.862500 0.098125 0.080625 0.196250
0 0.819531 0.010000 0.024375 0.020000
0 0.791406 0.023750 0.050625 0.047500
0 0.722656 0.013750 0.018750 0.027500
0 0.762891 0.106875 0.195937 0.213750
0 0.649609 0.010625 0.023438 0.021250
0 0.575781 0.008125 0.013125 0.016250
0 0.522656 0.024375 0.033750 0.048750
0 0.468750 0.007500 0.016875 0.015000
0 0.429688 0.008125 0.011250 0.016250
0 0.403906 0.015000 0.015000 0.030000
0 0.283203 0.036250 0.034687 0.072500
0 0.235156 0.014375 0.030000 0.028750
0 0.200781 0.020625 0.015000 0.041250
0 0.073438 0.016875 0.069375 0.033750
0 0.036719 0.008125 0.011250 0.016250
0 0.062812 0.118125 0.125625 0.236250
