0 0.723980 0.686875 0.032973 0.021000
0 0.558701 0.683438 0.035970 0.020250
0 0.706495 0.658750 0.030974 0.024000
0 0.500000 0.653438 0.022981 0.014250
0 0.575770 0.650312 0.014988 0.012750
0 0.515820 0.648125 0.024979 0.015000
0 0.477102 0.646250 0.031973 0.016500
0 0.751041 0.648125 0.031973 0.022500
0 0.613239 0.643750 0.036969 0.019500
0 0.635720 0.640625 0.010991 0.015000
0 0.412989 0.637188 0.021982 0.009750
0 0.547877 0.630938 0.017985 0.008250
0 0.671940 0.635312 0.027977 0.027750
0 0.616570 0.629062 0.040966 0.014250
0 0.386345 0.625313 0.029975 0.014250
0 0.351374 0.627188 0.013988 0.018750
0 0.491674 0.619375 0.036969 0.016500
0 0.378851 0.615000 0.019983 0.006000
0 0.534971 0.616875 0.024979 0.018000
0 0.339301 0.623750 0.036969 0.040500
0 0.644463 0.614375 0.023980 0.019500
0 0.283514 0.612187 0.032973 0.024750
0 0.592423 0.611250 0.038968 0.028500
0 0.442964 0.623750 0.165862 0.061500
0 0.646128 0.604688 0.035970 0.017250
0 0.620316 0.604062 0.015987 0.024750
0 0.537885 0.625938 0.085928 0.078750
0 0.492090 0.595938 0.017985 0.009750
0 0.187760 0.598125 0.032973 0.021000
0 0.460866 0.600625 0.086928 0.030000
0 0.213988 0.597500 0.031973 0.022500
0 0.651540 0.596562 0.070941 0.023250
0 0.322231 0.590938 0.017985 0.014250
0 0.534971 0.596562 0.048959 0.030750
0 0.369276 0.602187 0.058951 0.044250
0 0.682764 0.582500 0.011990 0.007500
0 0.433805 0.581562 0.043963 0.012750
0 0.667777 0.585313 0.033972 0.026250
0 0.268110 0.579063 0.035970 0.012750
0 0.399251 0.578438 0.032973 0.018750
0 0.487510 0.577500 0.058951 0.022500
0 0.440050 0.569688 0.024979 0.012750
0 0.247294 0.570937 0.041965 0.015750
0 0.168193 0.567500 0.037968 0.015000
0 0.569942 0.604375 0.150874 0.106500
0 0.609076 0.572187 0.066944 0.035250
0 0.519567 0.565625 0.055953 0.019500
0 0.391341 0.560625 0.015987 0.007500
0 0.266028 0.560000 0.026978 0.010500
0 0.467111 0.560625 0.021982 0.013500
0 0.580766 0.556562 0.042964 0.012750
0 0.449209 0.558125 0.018984 0.016500
0 0.215237 0.558125 0.040966 0.018000
0 0.346794 0.570000 0.088926 0.048000
0 0.287261 0.561250 0.027977 0.030000
0 0.213572 0.551562 0.014988 0.009750
0 0.699833 0.548125 0.016986 0.009000
0 0.611990 0.550625 0.019983 0.016500
0 0.535387 0.550937 0.023980 0.018750
0 0.734804 0.551250 0.064946 0.022500
0 0.509159 0.549063 0.020983 0.017250
0 0.461282 0.546250 0.021982 0.010500
0 0.266028 0.547813 0.036969 0.015750
0 0.651540 0.546250 0.016986 0.018000
0 0.320566 0.548125 0.035970 0.022500
0 0.728976 0.540312 0.018984 0.008250
0 0.620733 0.543125 0.048959 0.018000
0 0.297252 0.540000 0.009992 0.010500
0 0.241049 0.541562 0.050958 0.026250
0 0.600000 0.684063 1.000000 0.374250
0 0.519567 0.534687 0.037968 0.015750
0 0.231474 0.530937 0.019983 0.009750
0 0.736886 0.530000 0.027977 0.009000
0 0.208160 0.532813 0.031973 0.018750
0 0.241882 0.525937 0.012989 0.008250
0 0.714821 0.528750 0.018984 0.016500
0 0.567027 0.536250 0.077935 0.034500
0 0.538718 0.523750 0.019983 0.006000
0 0.258118 0.525312 0.019983 0.011250
0 0.512906 0.526875 0.007993 0.016500
0 0.692340 0.523125 0.028976 0.010500
0 0.457535 0.538750 0.090924 0.049500
0 0.393006 0.543750 0.067943 0.061500
0 0.293922 0.529687 0.069942 0.027750
0 0.631973 0.525625 0.029975 0.022500
0 0.184013 0.523125 0.011990 0.018000
0 0.553289 0.521563 0.026978 0.015750
0 0.678601 0.538750 0.073938 0.058500
0 0.471690 0.518750 0.030974 0.012000
0 0.430058 0.515938 0.014988 0.006750
0 0.302248 0.516250 0.015987 0.012000
0 0.519151 0.514687 0.008993 0.009750
0 0.646961 0.514375 0.029975 0.013500
0 0.420067 0.512188 0.022981 0.011250
0 0.498335 0.518750 0.028976 0.028500
0 0.237302 0.513750 0.027977 0.018000
0 0.602831 0.517500 0.043963 0.030000
0 0.507077 0.508437 0.017985 0.008250
0 0.534138 0.506875 0.010991 0.010500
0 0.708160 0.504062 0.034971 0.009750
0 0.185679 0.505313 0.023980 0.018750
0 0.435887 0.502812 0.012989 0.017250
0 0.755620 0.505625 0.026978 0.027000
0 0.465029 0.503750 0.038968 0.024000
0 0.267277 0.505313 0.035970 0.033750
0 0.585762 0.503750 0.104913 0.033000
0 0.490841 0.496563 0.040966 0.017250
0 0.215654 0.490312 0.015987 0.008250
0 0.722315 0.495312 0.044963 0.024750
0 0.341382 0.517500 0.149875 0.079500
0 0.683181 0.488125 0.010991 0.012000
0 0.696087 0.502812 0.097918 0.048750
0 0.551207 0.484063 0.029975 0.009750
0 0.380100 0.482187 0.018984 0.005250
0 0.569942 0.484375 0.006994 0.012000
0 0.605329 0.484687 0.029975 0.014250
0 0.392173 0.490938 0.067943 0.029250
0 0.205662 0.481875 0.021982 0.007500
0 0.254788 0.482500 0.019983 0.013500
0 0.296003 0.482812 0.012989 0.017250
0 0.444629 0.484063 0.047960 0.021750
0 0.340966 0.488438 0.066944 0.035250
0 0.174022 0.484687 0.039967 0.026250
0 0.306828 0.477500 0.010991 0.010500
0 0.716486 0.477812 0.044963 0.012750
0 0.397169 0.473438 0.027977 0.012750
0 0.503747 0.483438 0.075937 0.038250
0 0.542465 0.471562 0.042964 0.012750
0 0.674438 0.473125 0.023980 0.019500
0 0.462531 0.470938 0.036969 0.014250
0 0.271440 0.474062 0.035970 0.021750
0 0.743131 0.473750 0.036969 0.022500
0 0.315987 0.467813 0.024979 0.012750
0 0.640716 0.473125 0.040966 0.027000
0 0.350125 0.466562 0.066944 0.017250
0 0.509992 0.460625 0.032973 0.012000
0 0.200666 0.458750 0.017985 0.007500
0 0.692756 0.458750 0.013988 0.010500
0 0.605329 0.480000 0.107910 0.066000
0 0.549542 0.456875 0.011990 0.010500
0 0.379267 0.460313 0.064946 0.023250
0 0.423813 0.462813 0.059950 0.030750
0 0.328060 0.453750 0.035970 0.010500
0 0.720233 0.455625 0.041965 0.016500
0 0.184846 0.453750 0.013988 0.013500
0 0.217735 0.475938 0.088926 0.077250
0 0.665695 0.466562 0.088926 0.056250
0 0.197752 0.448437 0.038968 0.014250
0 0.272689 0.450937 0.078934 0.023250
0 0.655287 0.444688 0.015987 0.011250
0 0.523314 0.445937 0.026978 0.018750
0 0.685679 0.443125 0.040966 0.018000
0 0.473356 0.444688 0.048959 0.021750
0 0.269359 0.441875 0.040966 0.019500
0 0.208576 0.436875 0.034971 0.009000
0 0.310575 0.441250 0.065945 0.025500
0 0.586178 0.439688 0.051957 0.023250
0 0.608659 0.436250 0.025978 0.018000
0 0.274355 0.433750 0.034971 0.013500
0 0.503747 0.433437 0.021982 0.017250
0 0.352206 0.430625 0.021982 0.010500
0 0.171524 0.433437 0.025978 0.018750
0 0.480017 0.430000 0.026978 0.015000
0 0.630308 0.432500 0.033972 0.022500
0 0.176936 0.426250 0.016986 0.013500
0 0.395504 0.437188 0.135887 0.044250
0 0.398418 0.420938 0.022981 0.006750
0 0.336803 0.422812 0.014988 0.014250
0 0.544130 0.423750 0.024979 0.018000
0 0.655287 0.425625 0.035970 0.025500
0 0.447127 0.423750 0.019983 0.021000
0 0.296003 0.423438 0.022981 0.023250
0 0.572023 0.421875 0.045962 0.022500
0 0.380933 0.411875 0.020983 0.010500
0 0.344296 0.412187 0.028976 0.014250
0 0.568276 0.412813 0.014988 0.017250
0 0.275604 0.408438 0.013988 0.009750
0 0.606162 0.415000 0.067943 0.027000
0 0.247710 0.420625 0.052956 0.042000
0 0.211074 0.415625 0.040966 0.036000
0 0.355953 0.404687 0.022981 0.011250
0 0.179850 0.410000 0.023980 0.025500
0 0.196919 0.400000 0.008993 0.012000
0 0.289759 0.407500 0.099917 0.048000
0 0.584097 0.395625 0.052956 0.021000
0 0.471690 0.391875 0.010991 0.012000
0 0.546628 0.390625 0.010991 0.010500
0 0.188177 0.393125 0.021982 0.016500
0 0.307660 0.386250 0.020983 0.007500
0 0.225645 0.391875 0.049958 0.021000
0 0.424646 0.394375 0.041965 0.039000
0 0.617402 0.384062 0.042964 0.017250
0 0.554122 0.380937 0.056953 0.015750
0 0.285179 0.383125 0.034971 0.022500
0 0.392590 0.389375 0.038968 0.039000
0 0.221482 0.375937 0.039967 0.018750
0 0.510824 0.370000 0.014988 0.006000
0 0.367610 0.369375 0.008993 0.012000
0 0.498335 0.407813 0.190841 0.105750
0 0.272689 0.366250 0.010991 0.009000
0 0.187344 0.365312 0.013988 0.008250
0 0.171107 0.372500 0.048959 0.025500
0 0.298918 0.366875 0.027977 0.015000
0 0.580766 0.367188 0.050958 0.021750
0 0.245212 0.366875 0.032973 0.028500
0 0.545795 0.360938 0.034971 0.015750
0 0.518734 0.383750 0.099917 0.070500
0 0.345129 0.373750 0.086928 0.048000
0 0.380933 0.361563 0.078934 0.021750
0 0.221482 0.353125 0.011990 0.010500
0 0.469192 0.354687 0.030974 0.015750
0 0.281432 0.353750 0.025978 0.013500
0 0.440050 0.357500 0.074938 0.031500
0 0.402998 0.347813 0.017985 0.011250
0 0.244380 0.345313 0.034971 0.018750
0 0.199001 0.341250 0.029975 0.021000
0 0.353872 0.339687 0.039967 0.018750
0 0.289342 0.339687 0.054954 0.018750
0 0.325978 0.339062 0.018984 0.021750
0 0.420067 0.334375 0.022981 0.018000
0 0.230641 0.314688 0.035970 0.018750
0 0.435470 0.307500 0.037968 0.015000
0 0.509159 0.304063 0.034971 0.021750
0 0.429642 0.293750 0.037968 0.018000
0 0.323064 0.296875 0.023980 0.025500
0 0.521232 0.278750 0.027977 0.025500
0 0.407161 0.244688 0.039967 0.018750
0 0.231474 0.240625 0.019983 0.022500
