0 0.105000 0.985000 0.060000 0.030000
0 0.771250 0.979000 0.057000 0.042000
0 0.648750 0.979000 0.051000 0.042000
0 0.402500 0.979000 0.096000 0.042000
0 0.936250 0.977500 0.033000 0.045000
0 0.238750 0.977500 0.027000 0.045000
0 0.266250 0.968500 0.039000 0.063000
0 0.343750 0.967000 0.045000 0.066000
0 0.707500 0.960000 0.090000 0.078000
0 0.765000 0.936250 0.096000 0.039000
0 0.405000 0.923750 0.036000 0.033000
0 0.503750 0.922500 0.051000 0.036000
0 0.061500 0.937500 0.123000 0.084000
0 0.366250 0.917500 0.051000 0.042000
0 0.851250 0.919000 0.165000 0.162000
0 0.091250 0.885000 0.075000 0.066000
0 0.055000 0.852500 0.042000 0.054000
0 0.323750 0.841250 0.045000 0.039000
0 0.527500 0.841250 0.054000 0.081000
0 0.460000 0.813750 0.036000 0.033000
0 0.780000 0.806250 0.090000 0.057000
0 0.161250 0.869500 0.135000 0.261000
0 0.572500 0.793750 0.054000 0.081000
0 0.290000 0.866500 0.228000 0.267000
0 0.691250 0.772500 0.045000 0.036000
0 0.646250 0.823750 0.111000 0.159000
0 0.986500 0.773750 0.027000 0.057000
0 0.592500 0.766250 0.036000 0.039000
0 0.812500 0.847000 0.375000 0.306000
0 0.911250 0.776250 0.081000 0.087000
0 0.065000 0.750000 0.030000 0.024000
0 0.523750 0.841000 0.477000 0.318000
0 0.780000 0.760000 0.084000 0.066000
0 0.285000 0.748750 0.036000 0.039000
0 0.691250 0.741250 0.051000 0.027000
0 0.100500 0.782500 0.201000 0.144000
0 0.220000 0.753750 0.090000 0.093000
0 0.980000 0.723750 0.036000 0.033000
0 0.430000 0.736250 0.072000 0.075000
0 0.366250 0.725000 0.039000 0.054000
0 0.937500 0.721250 0.066000 0.075000
0 0.696250 0.705000 0.057000 0.042000
0 0.130000 0.706250 0.024000 0.045000
0 0.148750 0.705000 0.021000 0.048000
0 0.438750 0.692500 0.051000 0.048000
0 0.067500 0.705000 0.102000 0.090000
0 0.792500 0.716250 0.192000 0.123000
0 0.890000 0.701250 0.084000 0.099000
0 0.321250 0.711250 0.099000 0.123000
0 0.447500 0.737500 0.144000 0.204000
0 0.135000 0.665000 0.048000 0.036000
0 0.902500 0.658750 0.030000 0.033000
0 0.977500 0.663750 0.045000 0.063000
0 0.563750 0.655000 0.087000 0.096000
0 0.490000 0.645000 0.084000 0.096000
0 0.430000 0.625000 0.054000 0.066000
0 0.067500 0.635000 0.135000 0.096000
0 0.262500 0.596250 0.042000 0.039000
0 0.925000 0.600000 0.150000 0.126000
0 0.162500 0.561250 0.060000 0.045000
0 0.595000 0.647500 0.198000 0.282000
0 0.508750 0.570000 0.165000 0.096000
0 0.012000 0.537500 0.024000 0.054000
0 0.048750 0.553750 0.057000 0.111000
0 0.661250 0.528750 0.081000 0.057000
0 0.532500 0.516250 0.048000 0.051000
0 0.816250 0.500000 0.033000 0.042000
0 0.757500 0.581250 0.288000 0.237000
0 0.667500 0.495000 0.048000 0.036000
0 0.710000 0.503750 0.030000 0.063000
0 0.488750 0.463750 0.081000 0.027000
0 0.899500 0.513750 0.201000 0.177000
0 0.626250 0.481250 0.099000 0.111000
0 0.743750 0.472500 0.093000 0.114000
0 0.786250 0.455000 0.087000 0.096000
0 0.643750 0.430000 0.057000 0.036000
0 0.138000 0.485000 0.276000 0.198000
0 0.616250 0.422500 0.075000 0.054000
0 0.899500 0.431250 0.201000 0.093000
0 0.695000 0.426250 0.090000 0.081000
0 0.162500 0.437500 0.084000 0.108000
0 0.413750 0.411250 0.063000 0.063000
0 0.942500 0.391250 0.042000 0.033000
0 0.770000 0.393750 0.060000 0.045000
0 0.120000 0.392500 0.042000 0.054000
0 0.695000 0.373750 0.048000 0.027000
0 0.820000 0.381250 0.078000 0.123000
0 0.773750 0.330000 0.033000 0.036000
0 0.921250 0.330000 0.033000 0.042000
0 0.673750 0.340000 0.087000 0.078000
0 0.171250 0.325000 0.033000 0.042000
0 0.635000 0.332500 0.042000 0.072000
0 0.548750 0.316250 0.069000 0.033000
0 0.506250 0.423750 0.291000 0.291000
0 0.666250 0.306250 0.045000 0.057000
0 0.012000 0.293750 0.024000 0.051000
0 0.415000 0.266250 0.030000 0.033000
0 0.965500 0.266250 0.069000 0.069000
0 0.368750 0.256250 0.081000 0.057000
0 0.090000 0.331250 0.180000 0.243000
0 0.856250 0.307500 0.153000 0.234000
0 0.116250 0.258750 0.111000 0.117000
0 0.557500 0.253750 0.090000 0.117000
0 0.377500 0.215000 0.042000 0.024000
0 0.919000 0.280000 0.162000 0.192000
0 0.298750 0.470000 0.561000 0.666000
0 0.691250 0.198750 0.081000 0.057000
0 0.801250 0.196250 0.069000 0.057000
0 0.638750 0.191250 0.057000 0.057000
0 0.390000 0.190000 0.066000 0.066000
0 0.067500 0.175000 0.030000 0.036000
0 0.612500 0.168750 0.030000 0.051000
0 0.216250 0.243750 0.369000 0.249000
0 0.676250 0.165000 0.117000 0.090000
0 0.413750 0.137500 0.039000 0.030000
0 0.467500 0.186250 0.150000 0.153000
0 0.246250 0.140000 0.051000 0.042000
0 0.282500 0.170000 0.150000 0.120000
0 0.446250 0.127500 0.033000 0.036000
0 0.368750 0.138750 0.051000 0.081000
0 0.412500 0.106250 0.060000 0.033000
0 0.889000 0.155000 0.222000 0.156000
0 0.037500 0.111250 0.075000 0.057000
0 0.907500 0.096250 0.024000 0.039000
0 0.255000 0.087500 0.030000 0.030000
0 0.172500 0.138750 0.066000 0.153000
0 0.315000 0.112500 0.102000 0.120000
0 0.746250 0.085000 0.069000 0.060000
0 0.468750 0.078750 0.105000 0.057000
0 0.192500 0.093750 0.102000 0.117000
0 0.098750 0.077500 0.117000 0.078000
0 0.952000 0.070000 0.096000 0.096000
0 0.843750 0.058750 0.105000 0.087000
0 0.018000 0.040000 0.036000 0.054000
0 0.546250 0.026250 0.033000 0.045000
0 0.974500 0.015000 0.051000 0.030000
0 0.896250 0.049500 0.141000 0.099000
0 0.806250 0.018000 0.057000 0.036000
0 0.761250 0.013500 0.045000 0.027000
0 0.636250 0.234000 0.411000 0.468000
0 0.640000 0.025500 0.030000 0.051000
0 0.513750 0.028500 0.039000 0.057000
0 0.468750 0.033000 0.057000 0.066000
0 0.428750 0.045000 0.045000 0.090000
0 0.341250 0.058500 0.141000 0.117000
0 0.260000 0.037500 0.042000 0.075000
0 0.206250 0.015000 0.075000 0.030000
0 0.132500 0.021000 0.048000 0.042000
0 0.070000 0.042000 0.096000 0.084000
