0 0.458203 0.829688 0.029062 0.028750
0 0.422266 0.825000 0.021562 0.025000
0 0.605859 0.814063 0.023438 0.016250
0 0.508984 0.819271 0.027187 0.031250
0 0.446094 0.805729 0.022500 0.031250
0 0.460547 0.796875 0.008437 0.022500
0 0.404297 0.800000 0.017813 0.040000
0 0.499219 0.800521 0.048750 0.043750
0 0.648438 0.779167 0.022500 0.030000
0 0.473047 0.782292 0.015938 0.037500
0 0.454688 0.774479 0.024375 0.021250
0 0.425000 0.788542 0.022500 0.055000
0 0.484766 0.766667 0.017813 0.017500
0 0.621094 0.765104 0.022500 0.028750
0 0.496484 0.771875 0.034687 0.047500
0 0.444141 0.755729 0.014063 0.016250
0 0.411719 0.764062 0.060000 0.051250
0 0.479687 0.745313 0.033750 0.023750
0 0.455859 0.745313 0.012188 0.028750
0 0.599219 0.730729 0.028125 0.026250
0 0.383203 0.735938 0.029062 0.041250
0 0.358594 0.716146 0.022500 0.016250
0 0.583984 0.713021 0.010312 0.016250
0 0.533594 0.740104 0.090000 0.096250
0 0.338281 0.713021 0.018750 0.031250
0 0.482422 0.706771 0.029062 0.026250
0 0.547656 0.697917 0.011250 0.015000
0 0.507812 0.697396 0.013125 0.013750
0 0.376172 0.693229 0.012188 0.011250
0 0.603906 0.693750 0.033750 0.017500
0 0.339844 0.697917 0.024375 0.032500
0 0.460547 0.694271 0.021562 0.026250
0 0.571484 0.705208 0.040313 0.057500
0 0.537500 0.687500 0.016875 0.027500
0 0.482812 0.684375 0.024375 0.022500
0 0.385937 0.678125 0.013125 0.022500
0 0.514062 0.677083 0.031875 0.032500
0 0.486719 0.664583 0.024375 0.012500
0 0.447656 0.685417 0.067500 0.065000
0 0.603906 0.666146 0.033750 0.028750
0 0.540625 0.663542 0.013125 0.025000
0 0.426953 0.672396 0.030937 0.051250
0 0.372266 0.658854 0.019688 0.018750
0 0.565234 0.658333 0.025312 0.022500
0 0.418750 0.694792 0.093750 0.112500
0 0.339844 0.673958 0.073125 0.070000
0 0.503516 0.645312 0.036562 0.023750
0 0.478906 0.644792 0.022500 0.025000
0 0.432812 0.641146 0.022500 0.028750
0 0.448047 0.638542 0.014063 0.025000
0 0.233984 0.643229 0.023438 0.038750
0 0.342187 0.641667 0.026250 0.037500
0 0.624609 0.633333 0.014063 0.022500
0 0.527344 0.640625 0.020625 0.045000
0 0.315625 0.636458 0.016875 0.035000
0 0.510156 0.627604 0.028125 0.023750
0 0.369141 0.622917 0.017813 0.032500
0 0.516406 0.609896 0.016875 0.011250
0 0.657422 0.618229 0.021562 0.036250
0 0.473047 0.613542 0.017813 0.027500
0 0.325000 0.611458 0.022500 0.022500
0 0.441797 0.613542 0.021562 0.032500
0 0.254688 0.608854 0.020625 0.028750
0 0.558203 0.614583 0.021562 0.045000
0 0.528906 0.609375 0.015000 0.032500
0 0.460156 0.604688 0.024375 0.026250
0 0.572656 0.598437 0.016875 0.013750
0 0.352344 0.613021 0.033750 0.051250
0 0.248047 0.597396 0.008437 0.013750
0 0.406641 0.621875 0.066562 0.085000
0 0.521484 0.585938 0.012188 0.016250
0 0.455859 0.585938 0.029062 0.016250
0 0.507812 0.590625 0.015000 0.032500
0 0.484375 0.581250 0.018750 0.012500
0 0.557813 0.580208 0.016875 0.017500
0 0.582031 0.578125 0.015000 0.015000
0 0.374219 0.581250 0.035625 0.032500
0 0.351172 0.579688 0.025312 0.031250
0 0.538281 0.570833 0.030000 0.017500
0 0.508984 0.567708 0.014063 0.015000
0 0.594141 0.569271 0.012188 0.021250
0 0.432812 0.567187 0.009375 0.021250
0 0.587500 0.609375 0.120000 0.125000
0 0.570312 0.569792 0.018750 0.035000
0 0.606250 0.559896 0.022500 0.021250
0 0.460547 0.566667 0.059062 0.040000
0 0.584375 0.555729 0.011250 0.028750
0 0.373437 0.555729 0.018750 0.028750
0 0.407031 0.555729 0.050625 0.046250
0 0.432031 0.545312 0.007500 0.023750
0 0.445703 0.542708 0.008437 0.025000
0 0.626953 0.541146 0.014063 0.028750
0 0.520312 0.538021 0.022500 0.031250
0 0.567969 0.535417 0.015000 0.027500
0 0.475000 0.529167 0.015000 0.012500
0 0.341016 0.560937 0.079687 0.088750
0 0.328516 0.534375 0.038437 0.032500
0 0.311719 0.528125 0.045000 0.025000
0 0.264844 0.531771 0.016875 0.041250
0 0.249219 0.529687 0.018750 0.038750
0 0.572266 0.518229 0.017813 0.018750
0 0.539844 0.529167 0.018750 0.047500
0 0.291797 0.512500 0.012188 0.015000
0 0.600781 0.525521 0.024375 0.048750
0 0.555078 0.513021 0.017813 0.021250
0 0.440234 0.516667 0.027187 0.032500
0 0.399609 0.511458 0.019688 0.020000
0 0.619531 0.521354 0.028125 0.046250
0 0.421875 0.515104 0.018750 0.033750
0 0.194141 0.511458 0.021562 0.040000
0 0.572266 0.501563 0.030937 0.026250
0 0.486328 0.527083 0.062812 0.095000
0 0.312109 0.497396 0.012188 0.031250
0 0.616406 0.489063 0.026250 0.016250
0 0.324219 0.500000 0.037500 0.045000
0 0.371484 0.504167 0.064687 0.062500
0 0.532031 0.498958 0.045000 0.057500
0 0.492188 0.479687 0.015000 0.011250
0 0.416406 0.484375 0.015000 0.025000
0 0.442578 0.487500 0.040313 0.040000
0 0.562500 0.481250 0.018750 0.027500
0 0.405469 0.478125 0.013125 0.035000
0 0.479297 0.476042 0.014063 0.035000
0 0.509766 0.469271 0.010312 0.021250
0 0.373437 0.476562 0.073125 0.053750
0 0.319531 0.462500 0.013125 0.022500
0 0.356250 0.465625 0.022500 0.042500
0 0.417578 0.458854 0.017813 0.028750
0 0.606641 0.466146 0.023438 0.053750
0 0.593750 0.457292 0.028125 0.032500
0 0.524219 0.473438 0.035625 0.071250
0 0.495703 0.455208 0.014063 0.027500
0 0.441016 0.455729 0.032813 0.028750
0 0.465234 0.458854 0.019688 0.038750
0 0.475391 0.447917 0.023438 0.015000
0 0.327734 0.441667 0.017813 0.015000
0 0.392188 0.439583 0.043125 0.025000
0 0.573438 0.451562 0.082500 0.058750
0 0.308984 0.439063 0.027187 0.061250
0 0.261719 0.422396 0.028125 0.028750
0 0.560547 0.427083 0.034687 0.042500
0 0.419141 0.408333 0.012188 0.012500
0 0.398438 0.406771 0.020625 0.016250
0 0.352344 0.417187 0.075000 0.043750
0 0.608203 0.411979 0.053437 0.038750
0 0.486328 0.418229 0.102187 0.056250
0 0.433203 0.417187 0.059062 0.056250
0 0.573047 0.395833 0.029062 0.025000
0 0.535937 0.399479 0.022500 0.033750
0 0.512891 0.394792 0.027187 0.025000
0 0.462891 0.386979 0.023438 0.018750
0 0.387891 0.389583 0.040313 0.025000
0 0.608594 0.389062 0.033750 0.026250
0 0.444922 0.382292 0.017813 0.020000
0 0.334766 0.391667 0.036562 0.045000
0 0.525781 0.376563 0.020625 0.013750
0 0.557422 0.369792 0.017813 0.017500
0 0.313281 0.383854 0.026250 0.053750
0 0.487109 0.383854 0.030937 0.058750
0 0.332422 0.371354 0.021562 0.038750
0 0.362500 0.371354 0.028125 0.043750
0 0.604688 0.362500 0.022500 0.045000
0 0.516406 0.349479 0.013125 0.016250
0 0.395703 0.356250 0.025312 0.040000
0 0.380078 0.353125 0.014063 0.045000
0 0.567578 0.345833 0.021562 0.035000
0 0.558984 0.337500 0.010312 0.015000
0 0.318750 0.340625 0.013125 0.030000
0 0.498437 0.342187 0.043125 0.036250
0 0.202734 0.331250 0.025312 0.022500
0 0.416797 0.330729 0.025312 0.023750
0 0.533203 0.349479 0.060937 0.071250
0 0.380078 0.320312 0.025312 0.013750
0 0.343750 0.327604 0.058125 0.043750
0 0.287500 0.325000 0.020625 0.037500
0 0.566406 0.318229 0.015000 0.023750
0 0.515625 0.318229 0.016875 0.023750
0 0.531641 0.311979 0.021562 0.021250
0 0.452344 0.343750 0.103125 0.115000
0 0.594922 0.293750 0.021562 0.025000
0 0.399609 0.310417 0.060937 0.067500
0 0.553516 0.294271 0.017813 0.038750
0 0.321094 0.292708 0.020625 0.035000
0 0.516406 0.293229 0.046875 0.043750
0 0.473828 0.289583 0.062812 0.037500
0 0.355469 0.277604 0.028125 0.021250
0 0.382422 0.277083 0.025312 0.025000
0 0.442578 0.270833 0.008437 0.015000
0 0.519531 0.271875 0.020625 0.025000
0 0.499219 0.271875 0.022500 0.030000
0 0.456641 0.269271 0.023438 0.023750
0 0.404297 0.267708 0.027187 0.027500
0 0.599609 0.265625 0.015938 0.035000
0 0.424609 0.259896 0.019688 0.026250
0 0.480078 0.252083 0.021562 0.025000
0 0.356250 0.252604 0.022500 0.028750
0 0.567187 0.247917 0.015000 0.037500
