0 0.537109 0.833333 0.029062 0.030000
0 0.488281 0.823958 0.048750 0.062500
0 0.495703 0.804167 0.010312 0.020000
0 0.590625 0.809375 0.026250 0.037500
0 0.566797 0.803646 0.019688 0.031250
0 0.540625 0.799479 0.035625 0.028750
0 0.514062 0.807292 0.030000 0.047500
0 0.484375 0.789062 0.020625 0.013750
0 0.505469 0.777604 0.013125 0.016250
0 0.585156 0.781771 0.024375 0.033750
0 0.460938 0.784375 0.018750 0.045000
0 0.694531 0.772917 0.028125 0.030000
0 0.546484 0.771354 0.077812 0.036250
0 0.557031 0.759375 0.022500 0.027500
0 0.512109 0.757292 0.015938 0.022500
0 0.483984 0.761458 0.044062 0.040000
0 0.439844 0.757292 0.028125 0.032500
0 0.464453 0.747917 0.017813 0.012500
0 0.526563 0.745833 0.018750 0.020000
0 0.565234 0.744792 0.017813 0.022500
0 0.480078 0.739062 0.015938 0.016250
0 0.510156 0.742188 0.015000 0.028750
0 0.546484 0.738542 0.027187 0.035000
0 0.405469 0.738542 0.048750 0.040000
0 0.602734 0.736458 0.017813 0.037500
0 0.494141 0.729688 0.021562 0.026250
0 0.462500 0.723958 0.013125 0.017500
0 0.735547 0.728125 0.021562 0.037500
0 0.702734 0.722396 0.027187 0.026250
0 0.551172 0.714583 0.010312 0.015000
0 0.609375 0.715625 0.015000 0.030000
0 0.585156 0.734896 0.037500 0.076250
0 0.568359 0.716146 0.027187 0.031250
0 0.439844 0.724479 0.046875 0.061250
0 0.627344 0.710417 0.039375 0.030000
0 0.382422 0.711979 0.049687 0.033750
0 0.514453 0.710417 0.044062 0.037500
0 0.414453 0.706771 0.017813 0.028750
0 0.550000 0.698958 0.022500 0.012500
0 0.486719 0.704688 0.018750 0.031250
0 0.456641 0.697396 0.017813 0.013750
0 0.597656 0.694792 0.013125 0.015000
0 0.628906 0.692708 0.015000 0.020000
0 0.535156 0.692187 0.011250 0.018750
0 0.474219 0.688542 0.016875 0.020000
0 0.414844 0.689063 0.007500 0.021250
0 0.673438 0.689583 0.030000 0.027500
0 0.519141 0.688542 0.019688 0.027500
0 0.500000 0.683854 0.020625 0.018750
0 0.377344 0.695833 0.033750 0.050000
0 0.278516 0.690625 0.021562 0.042500
0 0.650000 0.676042 0.018750 0.015000
0 0.631250 0.681250 0.035625 0.030000
0 0.541016 0.669271 0.034687 0.028750
0 0.640234 0.659896 0.027187 0.016250
0 0.588672 0.656771 0.014063 0.016250
0 0.374609 0.665104 0.051562 0.036250
0 0.452734 0.668750 0.047812 0.052500
0 0.433594 0.663021 0.050625 0.038750
0 0.572266 0.650521 0.023438 0.016250
0 0.488672 0.661458 0.029062 0.042500
0 0.641797 0.645312 0.030937 0.013750
0 0.412109 0.640104 0.012188 0.013750
0 0.292187 0.649479 0.022500 0.036250
0 0.670703 0.644271 0.036562 0.026250
0 0.602344 0.664583 0.037500 0.075000
0 0.373047 0.638542 0.036562 0.030000
0 0.430859 0.638542 0.032813 0.032500
0 0.500000 0.650000 0.061875 0.062500
0 0.603125 0.628646 0.018750 0.018750
0 0.467578 0.623437 0.019688 0.011250
0 0.563672 0.626042 0.027187 0.022500
0 0.622266 0.633333 0.032813 0.045000
0 0.420312 0.623437 0.018750 0.023750
0 0.496094 0.616146 0.009375 0.013750
0 0.536328 0.631771 0.045937 0.056250
0 0.512891 0.616146 0.021562 0.028750
0 0.444531 0.611458 0.043125 0.020000
0 0.365625 0.611458 0.035625 0.025000
0 0.484766 0.604688 0.014063 0.013750
0 0.549219 0.607292 0.031875 0.022500
0 0.567969 0.601042 0.013125 0.010000
0 0.670312 0.611458 0.030000 0.047500
0 0.385937 0.600521 0.011250 0.023750
0 0.650781 0.603125 0.033750 0.032500
0 0.604688 0.603125 0.058125 0.035000
0 0.523047 0.598958 0.012188 0.027500
0 0.640234 0.594792 0.029062 0.022500
0 0.466016 0.593229 0.025312 0.026250
0 0.500391 0.593750 0.023438 0.030000
0 0.359766 0.588542 0.042188 0.035000
0 0.626953 0.581250 0.030937 0.022500
0 0.593359 0.582812 0.006563 0.026250
0 0.529687 0.578646 0.007500 0.016250
0 0.561719 0.578125 0.022500 0.020000
0 0.393359 0.579167 0.015938 0.025000
0 0.650391 0.576042 0.019688 0.020000
0 0.498047 0.574479 0.030937 0.016250
0 0.578125 0.577083 0.018750 0.025000
0 0.420312 0.581250 0.052500 0.050000
0 0.598828 0.571354 0.036562 0.038750
0 0.484375 0.564583 0.018750 0.027500
0 0.279297 0.569792 0.021562 0.040000
0 0.470313 0.556771 0.016875 0.011250
0 0.666016 0.565625 0.029062 0.035000
0 0.557031 0.559896 0.007500 0.023750
0 0.294922 0.568750 0.015938 0.045000
0 0.220312 0.566667 0.020625 0.042500
0 0.568750 0.555208 0.016875 0.017500
0 0.508984 0.555208 0.032813 0.017500
0 0.529687 0.555208 0.026250 0.027500
0 0.602734 0.546354 0.012188 0.011250
0 0.677734 0.565625 0.027187 0.060000
0 0.716016 0.555208 0.021562 0.040000
0 0.528906 0.541667 0.015000 0.012500
0 0.365234 0.554688 0.120937 0.058750
0 0.489063 0.536979 0.024375 0.018750
0 0.644531 0.549479 0.052500 0.051250
0 0.423828 0.542188 0.019688 0.036250
0 0.471875 0.538542 0.015000 0.032500
0 0.612891 0.536979 0.015938 0.038750
0 0.582422 0.530208 0.029062 0.040000
0 0.356250 0.519792 0.016875 0.015000
0 0.543359 0.530208 0.023438 0.042500
0 0.514844 0.519271 0.037500 0.028750
0 0.339844 0.520312 0.013125 0.033750
0 0.396094 0.510417 0.015000 0.017500
0 0.656641 0.508333 0.038437 0.020000
0 0.628906 0.513021 0.031875 0.031250
0 0.673438 0.518750 0.030000 0.047500
0 0.442188 0.529167 0.050625 0.080000
0 0.503125 0.502083 0.015000 0.020000
0 0.478516 0.507812 0.045937 0.033750
0 0.355859 0.502604 0.025312 0.021250
0 0.563281 0.505729 0.033750 0.038750
0 0.537891 0.499479 0.019688 0.023750
0 0.603125 0.494792 0.026250 0.020000
0 0.622656 0.494271 0.020625 0.026250
0 0.341016 0.489063 0.010312 0.013750
0 0.580469 0.485938 0.013125 0.021250
0 0.390625 0.509375 0.054375 0.087500
0 0.666406 0.486458 0.022500 0.037500
0 0.552344 0.482812 0.024375 0.028750
0 0.417969 0.490104 0.033750 0.048750
0 0.327344 0.479687 0.022500 0.023750
0 0.442188 0.479687 0.016875 0.031250
0 0.362891 0.479687 0.023438 0.031250
0 0.639844 0.469792 0.018750 0.010000
0 0.615234 0.471354 0.017813 0.023750
0 0.591797 0.470833 0.019688 0.022500
0 0.383984 0.465104 0.012188 0.013750
0 0.346484 0.459896 0.019688 0.013750
0 0.421875 0.460938 0.028125 0.018750
0 0.278125 0.458333 0.028125 0.025000
0 0.438672 0.456771 0.017813 0.026250
0 0.656250 0.467708 0.030000 0.060000
0 0.550781 0.447917 0.028125 0.015000
0 0.608594 0.451042 0.022500 0.025000
0 0.382031 0.447396 0.018750 0.018750
0 0.562500 0.453125 0.041250 0.040000
0 0.619922 0.436458 0.014063 0.012500
0 0.486719 0.467187 0.103125 0.093750
0 0.434766 0.430729 0.017813 0.008750
0 0.591016 0.436458 0.019688 0.030000
0 0.494531 0.447917 0.033750 0.057500
0 0.605078 0.431771 0.012188 0.021250
0 0.457422 0.427083 0.017813 0.015000
0 0.536328 0.427604 0.010312 0.021250
0 0.521094 0.444792 0.028125 0.065000
0 0.646875 0.434896 0.028125 0.043750
0 0.408594 0.421354 0.015000 0.021250
0 0.387891 0.420833 0.029062 0.027500
0 0.446875 0.417708 0.016875 0.022500
0 0.345703 0.438021 0.072187 0.073750
0 0.412891 0.406250 0.025312 0.017500
0 0.433594 0.403646 0.013125 0.013750
0 0.535547 0.406771 0.032813 0.023750
0 0.618359 0.408854 0.021562 0.031250
0 0.636719 0.416146 0.018750 0.066250
0 0.563281 0.392188 0.016875 0.018750
0 0.331250 0.407813 0.037500 0.056250
0 0.495312 0.394792 0.054375 0.027500
0 0.462109 0.394271 0.038437 0.026250
0 0.359766 0.396875 0.030937 0.032500
0 0.528906 0.389062 0.024375 0.023750
0 0.405469 0.386458 0.026250 0.017500
0 0.391406 0.393229 0.018750 0.033750
0 0.375781 0.381771 0.013125 0.013750
0 0.208984 0.385417 0.025312 0.022500
0 0.341406 0.381250 0.022500 0.015000
0 0.610547 0.389062 0.049687 0.036250
0 0.571484 0.380208 0.017813 0.017500
0 0.352734 0.374479 0.015938 0.021250
0 0.571094 0.368229 0.016875 0.021250
0 0.425000 0.364063 0.024375 0.011250
0 0.383203 0.367708 0.017813 0.022500
0 0.551953 0.363542 0.023438 0.032500
0 0.514453 0.365104 0.023438 0.041250
0 0.402344 0.358854 0.028125 0.041250
0 0.494141 0.349479 0.023438 0.021250
0 0.590234 0.364063 0.029062 0.058750
0 0.291797 0.356250 0.019688 0.040000
0 0.535156 0.355729 0.028125 0.046250
0 0.428125 0.341667 0.007500 0.017500
0 0.627344 0.352083 0.054375 0.050000
0 0.364453 0.335938 0.017813 0.013750
0 0.338672 0.352083 0.044062 0.057500
0 0.456641 0.341667 0.057188 0.035000
0 0.350000 0.330729 0.015000 0.018750
0 0.617578 0.334375 0.017813 0.030000
0 0.398828 0.332813 0.015938 0.026250
0 0.384375 0.327083 0.024375 0.012500
0 0.344141 0.323437 0.014063 0.018750
0 0.429688 0.327083 0.043125 0.032500
0 0.482422 0.319271 0.012188 0.016250
0 0.502344 0.322396 0.031875 0.031250
0 0.320703 0.316667 0.021562 0.032500
0 0.367188 0.308854 0.039375 0.018750
0 0.422656 0.303646 0.015000 0.016250
0 0.617188 0.305729 0.026250 0.036250
0 0.349609 0.295833 0.017813 0.012500
0 0.448047 0.300521 0.049687 0.026250
0 0.485547 0.299479 0.034687 0.026250
0 0.575781 0.301563 0.022500 0.036250
0 0.545703 0.310937 0.072187 0.073750
0 0.404687 0.298438 0.035625 0.046250
0 0.518750 0.287500 0.020625 0.022500
0 0.471094 0.281250 0.015000 0.012500
0 0.376953 0.285417 0.014063 0.027500
0 0.397656 0.273438 0.020625 0.013750
0 0.569531 0.275521 0.018750 0.026250
0 0.507422 0.272917 0.017813 0.025000
0 0.351562 0.267188 0.024375 0.026250
0 0.538672 0.261458 0.015938 0.017500
0 0.419531 0.256250 0.020625 0.027500
0 0.528125 0.256250 0.016875 0.035000
0 0.555078 0.255208 0.017813 0.040000
0 0.474609 0.256250 0.074063 0.052500
0 0.516797 0.243229 0.019688 0.026250
0 0.474609 0.232292 0.021562 0.020000
0 0.596094 0.227604 0.020625 0.066250
0 0.561719 0.206250 0.015000 0.037500
