0 0.772656 0.990625 0.009375 0.018750
0 0.546875 0.985625 0.028125 0.028750
0 0.359766 0.982500 0.027187 0.035000
0 0.385547 0.969792 0.017813 0.012500
0 0.495703 0.968750 0.017813 0.017500
0 0.778906 0.968750 0.013125 0.022500
0 0.794531 0.976250 0.016875 0.047500
0 0.479297 0.970625 0.029062 0.058750
0 0.442578 0.970313 0.036562 0.046250
0 0.371094 0.955729 0.018750 0.021250
0 0.410156 0.966250 0.033750 0.067500
0 0.738672 0.955729 0.040313 0.048750
0 0.499609 0.947396 0.030937 0.031250
0 0.439453 0.920312 0.045937 0.041250
0 0.699609 0.907813 0.027187 0.016250
0 0.408594 0.917708 0.018750 0.042500
0 0.367188 0.935937 0.088125 0.086250
0 0.638281 0.911458 0.031875 0.042500
0 0.535547 0.892188 0.019688 0.011250
0 0.353906 0.894792 0.013125 0.017500
0 0.601172 0.906250 0.019688 0.052500
0 0.436719 0.888542 0.016875 0.010000
0 0.719141 0.896875 0.015938 0.042500
0 0.696094 0.889062 0.035625 0.028750
0 0.502734 0.901042 0.057188 0.060000
0 0.307422 0.876563 0.019688 0.013750
0 0.542969 0.925625 0.118125 0.148750
0 0.480469 0.897396 0.031875 0.078750
0 0.326953 0.887500 0.051562 0.072500
0 0.279687 0.859375 0.028125 0.015000
0 0.509766 0.853125 0.027187 0.015000
0 0.675391 0.856771 0.017813 0.026250
0 0.374609 0.871875 0.032813 0.065000
0 0.404297 0.868750 0.049687 0.060000
0 0.294922 0.850521 0.012188 0.021250
0 0.589453 0.854688 0.008437 0.033750
0 0.355469 0.847396 0.013125 0.016250
0 0.332031 0.846875 0.007500 0.015000
0 0.595313 0.859896 0.065625 0.056250
0 0.505859 0.836458 0.014063 0.020000
0 0.450781 0.834896 0.009375 0.016250
0 0.443750 0.854688 0.046875 0.071250
0 0.486719 0.843750 0.022500 0.047500
0 0.247656 0.842708 0.033750 0.062500
0 0.696875 0.823438 0.026250 0.021250
0 0.574219 0.820312 0.011250 0.018750
0 0.543750 0.826562 0.024375 0.036250
0 0.332422 0.838542 0.064687 0.072500
0 0.382812 0.812500 0.011250 0.017500
0 0.724609 0.823438 0.042188 0.051250
0 0.617969 0.807813 0.016875 0.016250
0 0.437109 0.810937 0.021562 0.023750
0 0.597266 0.816667 0.032813 0.047500
0 0.242969 0.804167 0.016875 0.017500
0 0.500781 0.809896 0.045000 0.033750
0 0.565625 0.804167 0.011250 0.022500
0 0.396094 0.805208 0.015000 0.025000
0 0.259766 0.806771 0.021562 0.033750
0 0.356641 0.797917 0.029062 0.022500
0 0.407031 0.819271 0.043125 0.078750
0 0.442188 0.791667 0.013125 0.017500
0 0.537500 0.793750 0.016875 0.025000
0 0.524219 0.795312 0.009375 0.031250
0 0.217188 0.796354 0.043125 0.038750
0 0.320703 0.798958 0.021562 0.050000
0 0.617969 0.775000 0.013125 0.012500
0 0.213672 0.783333 0.029062 0.040000
0 0.719531 0.784375 0.045000 0.047500
0 0.293750 0.799479 0.022500 0.083750
0 0.474219 0.801042 0.063750 0.100000
0 0.335547 0.772396 0.015938 0.033750
0 0.413281 0.772396 0.033750 0.053750
0 0.582812 0.773958 0.090000 0.067500
0 0.739062 0.754687 0.009375 0.023750
0 0.371875 0.777604 0.030000 0.098750
0 0.273438 0.764062 0.039375 0.066250
0 0.222266 0.751042 0.014063 0.035000
0 0.600781 0.741667 0.015000 0.017500
0 0.620703 0.743750 0.036562 0.052500
0 0.576953 0.730729 0.010312 0.038750
0 0.440625 0.728125 0.024375 0.040000
0 0.494922 0.732292 0.040313 0.055000
0 0.473828 0.726562 0.010312 0.041250
0 0.732812 0.709896 0.013125 0.013750
0 0.408203 0.731250 0.057188 0.072500
0 0.235937 0.713021 0.007500 0.028750
0 0.749609 0.720833 0.030937 0.057500
0 0.262891 0.703125 0.027187 0.020000
0 0.462891 0.700521 0.017813 0.016250
0 0.443750 0.701562 0.009375 0.023750
0 0.069141 0.718229 0.038437 0.063750
0 0.251172 0.731771 0.059062 0.106250
0 0.210938 0.713021 0.028125 0.061250
0 0.514844 0.696354 0.018750 0.026250
0 0.809375 0.702083 0.039375 0.057500
0 0.526563 0.677083 0.016875 0.015000
0 0.679688 0.691146 0.048750 0.063750
0 0.613281 0.664062 0.016875 0.016250
0 0.374609 0.672917 0.040313 0.037500
0 0.301563 0.692708 0.035625 0.085000
0 0.485938 0.680208 0.030000 0.057500
0 0.544141 0.716667 0.105937 0.147500
0 0.106250 0.667188 0.037500 0.031250
0 0.224609 0.669792 0.030937 0.040000
0 0.266797 0.657292 0.012188 0.020000
0 0.644922 0.771354 0.194062 0.296250
0 0.460547 0.667188 0.042188 0.048750
0 0.506641 0.650000 0.012188 0.010000
0 0.367188 0.702604 0.178125 0.138750
0 0.400000 0.653646 0.045000 0.043750
0 0.096875 0.642188 0.018750 0.026250
0 0.595703 0.651563 0.027187 0.053750
0 0.242969 0.641667 0.028125 0.030000
0 0.685156 0.631771 0.020625 0.011250
0 0.546875 0.656771 0.026250 0.071250
0 0.710938 0.659896 0.127500 0.086250
0 0.571484 0.634375 0.023438 0.025000
0 0.672266 0.629687 0.010312 0.028750
0 0.640234 0.631250 0.017813 0.032500
0 0.375781 0.621875 0.022500 0.017500
0 0.499609 0.625521 0.014063 0.028750
0 0.484375 0.619271 0.009375 0.016250
0 0.749219 0.615625 0.018750 0.010000
0 0.767188 0.615625 0.022500 0.020000
0 0.218750 0.627604 0.022500 0.048750
0 0.520703 0.619792 0.032813 0.035000
0 0.473047 0.611458 0.023438 0.015000
0 0.287500 0.651563 0.041250 0.113750
0 0.758203 0.605208 0.027187 0.017500
0 0.562500 0.609375 0.046875 0.030000
0 0.322266 0.620313 0.044062 0.056250
0 0.605469 0.626563 0.060000 0.073750
0 0.437500 0.611979 0.035625 0.043750
0 0.544141 0.598958 0.008437 0.015000
0 0.406641 0.596354 0.023438 0.021250
0 0.332031 0.593750 0.009375 0.017500
0 0.662891 0.604688 0.023438 0.048750
0 0.352734 0.596875 0.029062 0.030000
0 0.486328 0.596875 0.015938 0.032500
0 0.386719 0.586979 0.022500 0.018750
0 0.269141 0.606771 0.030937 0.073750
0 0.624219 0.584375 0.039375 0.042500
0 0.362891 0.564063 0.017813 0.008750
0 0.236328 0.569271 0.008437 0.021250
0 0.683594 0.585417 0.024375 0.062500
0 0.307422 0.576562 0.045937 0.053750
0 0.340234 0.558333 0.030937 0.017500
0 0.456641 0.600000 0.055313 0.122500
0 0.600781 0.554167 0.020625 0.022500
0 0.659766 0.558854 0.029062 0.038750
0 0.636719 0.551042 0.016875 0.020000
0 0.372266 0.564583 0.049687 0.052500
0 0.420703 0.563021 0.059062 0.051250
0 0.655469 0.545312 0.009375 0.033750
0 0.570312 0.556250 0.043125 0.060000
0 0.101562 0.539583 0.018750 0.022500
0 0.335156 0.536458 0.015000 0.030000
0 0.257031 0.566146 0.140625 0.108750
0 0.124219 0.533854 0.030000 0.058750
0 0.608984 0.523438 0.012188 0.041250
0 0.461328 0.519792 0.027187 0.035000
0 0.622656 0.513021 0.018750 0.036250
0 0.123438 0.505729 0.018750 0.018750
0 0.236719 0.518229 0.063750 0.051250
0 0.098437 0.516667 0.033750 0.052500
0 0.535937 0.548438 0.144375 0.131250
0 0.427344 0.512500 0.043125 0.055000
0 0.525781 0.497396 0.013125 0.023750
0 0.169922 0.495312 0.014063 0.021250
0 0.729688 0.556771 0.095625 0.178750
0 0.409766 0.506771 0.057188 0.078750
0 0.207813 0.517188 0.091875 0.103750
0 0.660547 0.501563 0.066562 0.068750
0 0.296484 0.501563 0.075938 0.071250
0 0.676562 0.505729 0.063750 0.086250
0 0.308984 0.473438 0.021562 0.011250
0 0.507031 0.486458 0.046875 0.045000
0 0.011250 0.487500 0.022500 0.070000
0 0.742188 0.471875 0.043125 0.035000
0 0.488672 0.476562 0.032813 0.048750
0 0.681250 0.458854 0.033750 0.026250
0 0.415625 0.459375 0.020625 0.030000
0 0.599219 0.473958 0.065625 0.070000
0 0.389844 0.457813 0.030000 0.036250
0 0.346094 0.463021 0.035625 0.051250
0 0.457422 0.455208 0.034687 0.037500
0 0.524219 0.445833 0.028125 0.030000
0 0.649219 0.459896 0.033750 0.068750
0 0.302734 0.450000 0.104062 0.062500
0 0.433203 0.444271 0.015938 0.051250
0 0.501172 0.438021 0.027187 0.041250
0 0.243750 0.452604 0.035625 0.078750
0 0.552734 0.446875 0.040313 0.082500
0 0.364063 0.463021 0.041250 0.126250
0 0.570312 0.451562 0.039375 0.103750
0 0.344141 0.415104 0.008437 0.016250
0 0.312109 0.408854 0.014063 0.013750
0 0.256250 0.406771 0.024375 0.016250
0 0.726953 0.433854 0.044062 0.096250
0 0.702734 0.417708 0.045937 0.057500
0 0.448437 0.405729 0.031875 0.031250
0 0.393359 0.405208 0.030937 0.042500
0 0.226562 0.406250 0.035625 0.045000
0 0.577734 0.397917 0.012188 0.030000
0 0.526953 0.407813 0.038437 0.056250
0 0.201172 0.397917 0.034687 0.035000
0 0.597266 0.396354 0.021562 0.043750
0 0.488672 0.407813 0.059062 0.076250
0 0.420312 0.398958 0.031875 0.067500
0 0.290625 0.403646 0.035625 0.078750
0 0.243750 0.376042 0.020625 0.020000
0 0.713672 0.379688 0.042188 0.031250
0 0.639062 0.415104 0.133125 0.116250
0 0.573047 0.375521 0.068437 0.033750
0 0.452734 0.369271 0.012188 0.018750
0 0.228906 0.369792 0.013125 0.020000
0 0.382422 0.363021 0.008437 0.016250
0 0.307422 0.360938 0.017813 0.011250
0 0.351953 0.382812 0.075938 0.068750
0 0.262891 0.357292 0.012188 0.012500
0 0.607422 0.360417 0.014063 0.025000
0 0.647656 0.345313 0.007500 0.011250
0 0.571484 0.351562 0.010312 0.026250
0 0.369922 0.346354 0.014063 0.018750
0 0.633984 0.348958 0.029062 0.030000
0 0.350391 0.343750 0.025312 0.017500
0 0.281641 0.346875 0.030937 0.025000
0 0.129688 0.340104 0.028125 0.023750
0 0.661719 0.350000 0.030000 0.055000
0 0.312500 0.334896 0.026250 0.018750
0 0.211328 0.359896 0.064687 0.078750
0 0.725781 0.342708 0.076875 0.052500
0 0.117188 0.333333 0.037500 0.047500
0 0.750391 0.322917 0.053437 0.030000
0 0.331250 0.316667 0.013125 0.020000
0 0.269141 0.329688 0.068437 0.053750
0 0.233594 0.311979 0.026250 0.018750
0 0.361328 0.311979 0.038437 0.036250
0 0.395703 0.313021 0.034687 0.041250
0 0.427734 0.338021 0.094687 0.106250
0 0.254688 0.301042 0.020625 0.025000
0 0.270703 0.299479 0.008437 0.023750
0 0.671875 0.308333 0.052500 0.052500
0 0.575000 0.302083 0.022500 0.037500
0 0.604688 0.310417 0.037500 0.060000
0 0.301953 0.294271 0.015938 0.028750
0 0.502344 0.286458 0.020625 0.020000
0 0.359766 0.290104 0.036562 0.028750
0 0.383203 0.282292 0.019688 0.017500
0 0.720703 0.293229 0.027187 0.048750
0 0.475391 0.284375 0.040313 0.035000
0 0.263281 0.275521 0.033750 0.033750
0 0.329297 0.281250 0.034687 0.052500
0 0.210547 0.283333 0.040313 0.060000
0 0.589453 0.269271 0.034687 0.028750
0 0.242188 0.264583 0.020625 0.027500
0 0.730859 0.259375 0.034687 0.022500
0 0.644531 0.261458 0.030000 0.032500
0 0.443359 0.268229 0.032813 0.051250
0 0.624219 0.245833 0.020625 0.012500
0 0.290625 0.260937 0.028125 0.053750
0 0.312109 0.245833 0.021562 0.040000
0 0.226562 0.243229 0.022500 0.033750
0 0.266016 0.235417 0.042188 0.022500
0 0.552734 0.233333 0.010312 0.022500
0 0.727734 0.235937 0.034687 0.046250
0 0.234375 0.225521 0.013125 0.021250
0 0.288672 0.223438 0.008437 0.018750
0 0.528906 0.223438 0.052500 0.026250
0 0.434375 0.222396 0.018750 0.033750
0 0.666016 0.225000 0.034687 0.042500
0 0.469141 0.230208 0.057188 0.060000
0 0.225391 0.209375 0.019688 0.017500
0 0.558594 0.211979 0.013125 0.026250
0 0.387891 0.234896 0.059062 0.096250
0 0.650000 0.201563 0.020625 0.028750
0 0.539062 0.199479 0.018750 0.028750
0 0.541797 0.271875 0.212812 0.242500
0 0.452734 0.188021 0.045937 0.041250
0 0.218359 0.186979 0.010312 0.038750
0 0.377344 0.207292 0.093750 0.102500
0 0.239453 0.180208 0.014063 0.055000
0 0.529687 0.171875 0.026250 0.042500
0 0.022969 0.169792 0.045937 0.042500
0 0.661328 0.168750 0.032813 0.047500
0 0.553125 0.154688 0.005625 0.016250
0 0.358203 0.170313 0.034687 0.056250
0 0.405859 0.146875 0.014063 0.012500
0 0.589063 0.148438 0.009375 0.026250
0 0.244531 0.145833 0.024375 0.020000
0 0.169531 0.164062 0.035625 0.071250
0 0.263281 0.131250 0.018750 0.020000
0 0.517969 0.127083 0.015000 0.020000
0 0.465234 0.165104 0.124687 0.113750
0 0.593359 0.159375 0.077812 0.110000
0 0.561328 0.132292 0.049687 0.047500
0 0.300000 0.105729 0.024375 0.013750
0 0.231250 0.117188 0.037500 0.041250
0 0.717969 0.121875 0.041250 0.055000
0 0.464453 0.118750 0.077812 0.052500
0 0.226953 0.106771 0.012188 0.023750
0 0.641016 0.127604 0.034687 0.076250
0 0.327344 0.138542 0.191250 0.105000
0 0.236719 0.098437 0.015000 0.016250
0 0.446875 0.094271 0.009375 0.013750
0 0.325000 0.092188 0.011250 0.018750
0 0.413281 0.098958 0.009375 0.037500
0 0.219141 0.086458 0.012188 0.012500
0 0.589063 0.107813 0.050625 0.066250
0 0.464062 0.084896 0.011250 0.018750
0 0.522656 0.103646 0.099375 0.073750
0 0.437109 0.081250 0.012188 0.020000
0 0.291016 0.081250 0.049687 0.037500
0 0.446875 0.071354 0.016875 0.016250
0 0.336328 0.072396 0.021562 0.018750
0 0.578125 0.067708 0.024375 0.015000
0 0.538281 0.064062 0.016875 0.011250
0 0.365234 0.080729 0.053437 0.053750
0 0.468359 0.066146 0.032813 0.028750
0 0.500391 0.064062 0.027187 0.028750
0 0.362891 0.057292 0.036562 0.020000
0 0.722266 0.072917 0.040313 0.060000
0 0.407422 0.067187 0.045937 0.046250
0 0.414062 0.048958 0.037500 0.037500
0 0.668359 0.050000 0.027187 0.047500
0 0.522266 0.045312 0.015938 0.043750
0 0.508594 0.032292 0.024375 0.017500
0 0.292969 0.037500 0.041250 0.052500
0 0.668750 0.020833 0.015000 0.020000
