0 0.641563 0.990008 0.014250 0.019983
0 0.510625 0.977935 0.030000 0.022981
0 0.435000 0.910491 0.022500 0.036969
0 0.584063 0.901749 0.017250 0.045962
0 0.658750 0.885512 0.028500 0.024979
0 0.503750 0.888426 0.030000 0.047960
0 0.449375 0.873439 0.022500 0.031973
0 0.688438 0.843047 0.021750 0.034971
0 0.570312 0.836386 0.029250 0.022981
0 0.590625 0.837635 0.015000 0.031973
0 0.515000 0.826395 0.006000 0.014988
0 0.660937 0.830974 0.041250 0.033972
0 0.641563 0.820983 0.012750 0.015987
0 0.529062 0.830142 0.029250 0.037968
0 0.607812 0.816819 0.018750 0.027977
0 0.631875 0.800167 0.007500 0.009992
0 0.619062 0.821399 0.042750 0.062948
0 0.591875 0.806828 0.028500 0.027977
0 0.492500 0.802248 0.019500 0.016986
0 0.724375 0.802664 0.018000 0.027977
0 0.590625 0.789759 0.009000 0.008993
0 0.653125 0.803081 0.024000 0.042964
0 0.688750 0.800167 0.028500 0.037968
0 0.709375 0.796836 0.025500 0.035970
0 0.599688 0.786844 0.011250 0.015987
0 0.543125 0.786012 0.006000 0.017985
0 0.498750 0.784346 0.006000 0.015987
0 0.683438 0.778934 0.008250 0.012989
0 0.515312 0.793089 0.030750 0.054954
0 0.462187 0.777685 0.029250 0.023980
0 0.565312 0.793089 0.059250 0.068943
0 0.605938 0.775604 0.029250 0.028976
0 0.565000 0.774771 0.030000 0.026978
0 0.440625 0.770608 0.016500 0.016986
0 0.505938 0.770608 0.017250 0.018984
0 0.637500 0.776436 0.046500 0.040966
0 0.457813 0.764363 0.009750 0.011990
0 0.406250 0.771440 0.024000 0.030974
0 0.618437 0.761032 0.006750 0.011990
0 0.676250 0.758535 0.009000 0.009992
0 0.494063 0.767277 0.008250 0.030974
0 0.701875 0.761032 0.036000 0.023980
0 0.531875 0.763947 0.034500 0.030974
0 0.450937 0.754371 0.008250 0.013988
0 0.469375 0.743963 0.004500 0.014988
0 0.391250 0.746461 0.030000 0.022981
0 0.636875 0.756869 0.093000 0.063947
0 0.568438 0.746045 0.056250 0.039967
0 0.720938 0.739800 0.011250 0.032973
0 0.515000 0.738551 0.021000 0.037968
0 0.599375 0.731890 0.030000 0.027977
0 0.462500 0.733555 0.018000 0.033972
0 0.697187 0.731057 0.029250 0.031973
0 0.576875 0.729392 0.025500 0.027977
0 0.532188 0.726062 0.014250 0.019983
0 0.482812 0.757702 0.039750 0.097918
0 0.419063 0.736053 0.033750 0.045962
0 0.438750 0.753955 0.048000 0.094921
0 0.506250 0.725645 0.010500 0.032973
0 0.397500 0.721482 0.013500 0.024979
0 0.655312 0.728560 0.065250 0.045962
0 0.618125 0.717319 0.021000 0.024979
0 0.413750 0.713988 0.024000 0.020983
0 0.485000 0.718984 0.018000 0.036969
0 0.469375 0.708160 0.025500 0.020983
0 0.657188 0.706495 0.012750 0.020983
0 0.643437 0.702331 0.014250 0.010991
0 0.688750 0.705246 0.049500 0.025978
0 0.607500 0.694838 0.013500 0.016986
0 0.720000 0.693172 0.009000 0.014988
0 0.435312 0.701499 0.018750 0.034971
0 0.708125 0.688177 0.013500 0.006994
0 0.591562 0.702748 0.021750 0.041965
0 0.550625 0.715654 0.060000 0.072939
0 0.723437 0.702331 0.033750 0.042964
0 0.662813 0.688177 0.009750 0.014988
0 0.685000 0.685262 0.015000 0.011990
0 0.526250 0.681515 0.015000 0.012989
0 0.551875 0.687760 0.051000 0.039967
0 0.509375 0.692756 0.040500 0.053955
0 0.374063 0.683597 0.020250 0.031973
0 0.665000 0.677352 0.025500 0.020983
0 0.490938 0.684013 0.024750 0.040966
0 0.419063 0.685262 0.080250 0.051957
0 0.622188 0.684013 0.056250 0.050958
0 0.539062 0.671107 0.026250 0.019983
0 0.719688 0.668609 0.015750 0.015987
0 0.588437 0.671107 0.038250 0.041965
0 0.411250 0.657369 0.007500 0.014988
0 0.568750 0.656120 0.015000 0.017985
0 0.522500 0.654871 0.018000 0.014988
0 0.690937 0.663614 0.017250 0.037968
0 0.468750 0.679017 0.057000 0.074938
0 0.387500 0.654038 0.022500 0.014988
0 0.611563 0.646545 0.008250 0.010991
0 0.545000 0.652789 0.037500 0.027977
0 0.505000 0.653622 0.018000 0.029975
0 0.590938 0.644463 0.011250 0.009992
0 0.718437 0.650291 0.033750 0.027977
0 0.545625 0.639051 0.009000 0.010991
0 0.452813 0.654038 0.047250 0.048959
0 0.660000 0.653622 0.102000 0.049958
0 0.421875 0.639883 0.024000 0.016986
0 0.389688 0.637802 0.017250 0.013988
0 0.363125 0.648210 0.040500 0.040966
0 0.581562 0.636137 0.006750 0.017985
0 0.608125 0.632390 0.024000 0.020983
0 0.339062 0.633222 0.026250 0.026978
0 0.566250 0.630724 0.024000 0.036969
0 0.535937 0.619900 0.009750 0.014988
0 0.415000 0.616570 0.006000 0.012989
0 0.733750 0.620733 0.037500 0.032973
0 0.517500 0.620733 0.031500 0.040966
0 0.366875 0.621149 0.030000 0.041965
0 0.452188 0.606162 0.011250 0.009992
0 0.462813 0.604496 0.011250 0.015987
0 0.346875 0.612406 0.021000 0.034971
0 0.441563 0.615737 0.066750 0.046961
0 0.360312 0.599500 0.008250 0.011990
0 0.326562 0.605329 0.021750 0.031973
0 0.688750 0.616570 0.115500 0.060949
0 0.655937 0.598668 0.011250 0.017985
0 0.586250 0.594505 0.007500 0.013988
0 0.506563 0.597419 0.023250 0.024979
0 0.405000 0.597419 0.013500 0.024979
0 0.395313 0.592839 0.009750 0.017985
0 0.479375 0.613239 0.057000 0.074938
0 0.347187 0.585346 0.008250 0.009992
0 0.645312 0.586178 0.005250 0.015987
0 0.440312 0.593672 0.021750 0.033972
0 0.570000 0.585762 0.009000 0.018984
0 0.541250 0.587843 0.013500 0.023980
0 0.690312 0.583680 0.027750 0.015987
0 0.735625 0.585346 0.009000 0.021982
0 0.600000 0.603247 0.096000 0.066944
0 0.555625 0.587011 0.019500 0.033972
0 0.352187 0.569109 0.015750 0.020983
0 0.342187 0.565362 0.008250 0.015987
0 0.714063 0.573689 0.021750 0.041965
0 0.698750 0.564530 0.012000 0.021982
0 0.513125 0.572023 0.048000 0.047960
0 0.586250 0.557868 0.015000 0.015987
0 0.674687 0.572023 0.039750 0.059950
0 0.603750 0.564530 0.082500 0.041965
0 0.730625 0.556619 0.021000 0.028976
0 0.334375 0.569942 0.036000 0.064946
0 0.417187 0.584097 0.180750 0.112906
0 0.488125 0.546628 0.019500 0.028976
0 0.552813 0.553705 0.053250 0.047960
0 0.655000 0.554954 0.052500 0.052956
0 0.596250 0.540383 0.021000 0.017985
0 0.612812 0.545795 0.027750 0.034971
0 0.377500 0.538301 0.057000 0.028976
0 0.344375 0.526228 0.021000 0.013988
0 0.655000 0.529142 0.012000 0.026978
0 0.369063 0.525396 0.029250 0.019983
0 0.595000 0.525396 0.042000 0.027977
0 0.675937 0.520816 0.024750 0.020983
0 0.420000 0.515820 0.022500 0.028976
0 0.542813 0.512490 0.026250 0.024979
0 0.521250 0.514155 0.013500 0.028976
0 0.365625 0.509159 0.018000 0.016986
0 0.439375 0.509992 0.022500 0.020983
0 0.697187 0.524147 0.080250 0.080933
0 0.489063 0.504163 0.035250 0.036969
0 0.603437 0.499167 0.042750 0.030974
0 0.382500 0.497918 0.015000 0.031973
0 0.346875 0.497502 0.039000 0.030974
0 0.634687 0.506245 0.030750 0.053955
0 0.557500 0.493339 0.021000 0.022981
0 0.456875 0.494172 0.030000 0.024979
0 0.756563 0.489592 0.027750 0.023980
0 0.611563 0.483347 0.011250 0.008993
0 0.413125 0.499167 0.064500 0.054954
0 0.526563 0.487927 0.035250 0.037968
0 0.703750 0.482515 0.015000 0.026978
0 0.565312 0.477935 0.020250 0.017985
0 0.480938 0.485429 0.074250 0.037968
0 0.676562 0.481266 0.047250 0.045962
0 0.472187 0.467943 0.006750 0.013988
0 0.521563 0.467111 0.008250 0.015987
0 0.382500 0.471690 0.024000 0.028976
0 0.603750 0.465029 0.007500 0.014988
0 0.585000 0.480849 0.037500 0.064946
0 0.635625 0.464197 0.039000 0.028976
0 0.488438 0.458368 0.029250 0.022981
0 0.548125 0.468776 0.016500 0.049958
0 0.613125 0.452123 0.018000 0.023980
0 0.724688 0.447960 0.017250 0.021982
0 0.646563 0.443797 0.006750 0.013988
0 0.584688 0.446295 0.024750 0.021982
0 0.408750 0.459201 0.054000 0.052956
0 0.505625 0.440050 0.022500 0.014988
0 0.746875 0.442132 0.025500 0.029975
0 0.598125 0.432140 0.015000 0.017985
0 0.618125 0.427144 0.015000 0.019983
0 0.462813 0.442548 0.072750 0.066944
0 0.409062 0.425062 0.033750 0.030974
0 0.462813 0.418818 0.008250 0.017985
0 0.545937 0.437136 0.060750 0.065945
0 0.588125 0.417985 0.010500 0.023980
0 0.631250 0.422148 0.039000 0.043963
0 0.666250 0.418818 0.048000 0.039967
0 0.563125 0.414654 0.043500 0.031973
0 0.501250 0.413405 0.034500 0.038968
0 0.436875 0.414654 0.051000 0.045962
0 0.642813 0.400916 0.020250 0.020983
0 0.486563 0.403830 0.026250 0.029975
0 0.587187 0.403414 0.059250 0.034971
0 0.436563 0.400916 0.014250 0.036969
0 0.632812 0.398418 0.015750 0.036969
0 0.530937 0.393006 0.015750 0.031973
0 0.649062 0.380933 0.006750 0.014988
0 0.586875 0.381349 0.010500 0.015987
0 0.462500 0.389675 0.036000 0.039967
0 0.517188 0.389675 0.017250 0.045962
0 0.408750 0.379684 0.016500 0.041965
0 0.453750 0.363447 0.010500 0.008993
0 0.440312 0.369276 0.024750 0.032973
0 0.540625 0.374688 0.075000 0.053955
0 0.475313 0.356786 0.008250 0.012989
0 0.492500 0.367194 0.039000 0.047960
0 0.359375 0.361782 0.018000 0.036969
0 0.527813 0.354288 0.014250 0.022981
0 0.390000 0.348043 0.016500 0.035970
0 0.493750 0.313489 0.025500 0.030974
0 0.384375 0.309742 0.022500 0.031973
0 0.521250 0.537552 1.000000 1.000000
