0 0.313672 0.995000 0.017813 0.010000
0 0.507812 0.994375 0.018750 0.011250
0 0.143750 0.994375 0.015000 0.011250
0 0.226172 0.993750 0.017813 0.012500
0 0.207422 0.993750 0.023438 0.012500
0 0.057813 0.992500 0.015000 0.015000
0 0.904297 0.991250 0.008437 0.017500
0 0.876563 0.991250 0.015000 0.017500
0 0.759766 0.991250 0.034687 0.017500
0 0.609766 0.990625 0.015938 0.017500
0 0.275391 0.986458 0.012188 0.010000
0 0.748828 0.988021 0.010312 0.016250
0 0.080859 0.988125 0.012188 0.023750
0 0.300391 0.987500 0.017813 0.025000
0 0.126953 0.987500 0.029062 0.025000
0 0.624609 0.986875 0.023438 0.026250
0 0.483984 0.985000 0.034687 0.030000
0 0.112891 0.983125 0.030937 0.033750
0 0.601562 0.981875 0.039375 0.036250
0 0.262891 0.978646 0.008437 0.021250
0 0.729688 0.980000 0.031875 0.040000
0 0.045312 0.980729 0.030000 0.033750
0 0.522656 0.980208 0.026250 0.035000
0 0.450781 0.978125 0.043125 0.043750
0 0.273438 0.970833 0.013125 0.017500
0 0.602734 0.969271 0.010312 0.016250
0 0.495703 0.975000 0.032813 0.030000
0 0.102344 0.970833 0.015000 0.020000
0 0.332031 0.975000 0.063750 0.050000
0 0.071484 0.963542 0.015938 0.017500
0 0.470313 0.963542 0.015000 0.020000
0 0.186328 0.961979 0.012188 0.016250
0 0.382422 0.961458 0.017813 0.022500
0 0.575781 0.960938 0.026250 0.026250
0 0.550000 0.970000 0.043125 0.060000
0 0.941797 0.968750 0.049687 0.062500
0 0.669141 0.968750 0.122812 0.062500
0 0.319531 0.955729 0.020625 0.018750
0 0.064844 0.953125 0.015000 0.015000
0 0.278906 0.958333 0.016875 0.032500
0 0.970469 0.966250 0.059062 0.067500
0 0.128516 0.958333 0.045937 0.035000
0 0.540234 0.954688 0.025312 0.033750
0 0.297656 0.957292 0.031875 0.045000
0 0.877734 0.947396 0.008437 0.023750
0 0.574219 0.943229 0.030000 0.013750
0 0.639062 0.942187 0.013125 0.016250
0 0.073047 0.961250 0.055313 0.077500
0 0.104297 0.945833 0.025312 0.045000
0 0.250781 0.955625 0.054375 0.088750
0 0.044531 0.953750 0.089063 0.092500
0 0.970000 0.944792 0.060000 0.055000
0 0.482812 0.929688 0.011250 0.018750
0 0.574219 0.928646 0.013125 0.021250
0 0.184375 0.951875 0.114375 0.096250
0 0.493359 0.927604 0.014063 0.021250
0 0.225391 0.937500 0.053437 0.047500
0 0.688281 0.930729 0.024375 0.043750
0 0.115625 0.926042 0.048750 0.032500
0 0.087891 0.930729 0.027187 0.043750
0 0.138281 0.918229 0.030000 0.021250
0 0.259766 0.917188 0.019688 0.021250
0 0.927344 0.913021 0.018750 0.018750
0 0.337500 0.908333 0.024375 0.015000
0 0.072656 0.910417 0.030000 0.022500
0 0.942969 0.910417 0.016875 0.027500
0 0.161328 0.907292 0.019688 0.027500
0 0.937891 0.896875 0.014063 0.017500
0 0.987813 0.904687 0.024375 0.041250
0 0.713672 0.934375 0.107813 0.112500
0 0.930469 0.930000 0.110625 0.140000
0 0.950781 0.889062 0.011250 0.013750
0 0.085156 0.887500 0.011250 0.017500
0 0.009844 0.896875 0.019688 0.040000
0 0.713281 0.886458 0.009375 0.027500
0 0.917578 0.906771 0.027187 0.078750
0 0.092188 0.878646 0.016875 0.018750
0 0.294922 0.875000 0.012188 0.012500
0 0.175000 0.906771 0.054375 0.088750
0 0.963672 0.877604 0.012188 0.021250
0 0.078516 0.875521 0.010312 0.016250
0 0.423828 0.864583 0.012188 0.022500
0 0.021094 0.869792 0.030000 0.035000
0 0.081250 0.863021 0.026250 0.021250
0 0.416406 0.857292 0.015000 0.022500
0 0.972266 0.853125 0.012188 0.020000
0 0.075000 0.845833 0.013125 0.012500
0 0.052969 0.890625 0.105937 0.120000
0 0.039453 0.849479 0.014063 0.021250
0 0.172656 0.842187 0.016875 0.011250
0 0.980312 0.873958 0.039375 0.095000
0 0.093359 0.843750 0.027187 0.022500
0 0.995313 0.833854 0.009375 0.018750
0 0.135937 0.826042 0.007500 0.015000
0 0.993906 0.820312 0.012188 0.011250
0 0.131641 0.816146 0.015938 0.021250
0 0.222656 0.892708 0.345000 0.212500
0 0.978125 0.809375 0.018750 0.017500
0 0.357812 0.803125 0.009375 0.015000
0 0.021094 0.826562 0.042188 0.086250
0 0.022656 0.798958 0.015000 0.032500
0 0.382812 0.796354 0.011250 0.028750
0 0.102734 0.798438 0.025312 0.038750
0 0.049219 0.803646 0.098437 0.103750
0 0.946484 0.756250 0.019688 0.030000
0 0.845703 0.752604 0.030937 0.028750
0 0.956250 0.743229 0.016875 0.026250
0 0.868750 0.745833 0.026250 0.032500
0 0.847266 0.736458 0.010312 0.020000
0 0.949609 0.731771 0.029062 0.028750
0 0.798828 0.728125 0.012188 0.020000
0 0.794922 0.714583 0.014063 0.012500
0 0.992500 0.707812 0.015000 0.028750
0 0.810937 0.717708 0.016875 0.052500
0 0.875391 0.707812 0.023438 0.033750
0 0.774609 0.696354 0.010312 0.016250
0 0.871094 0.712500 0.073125 0.067500
0 0.944531 0.690625 0.007500 0.022500
0 0.796484 0.691667 0.017813 0.035000
0 0.837500 0.683333 0.013125 0.017500
0 0.921875 0.684375 0.039375 0.030000
0 0.738281 0.677604 0.013125 0.016250
0 0.863281 0.682292 0.022500 0.037500
0 0.755078 0.683333 0.030937 0.052500
0 0.835547 0.664062 0.012188 0.011250
0 0.934766 0.664583 0.023438 0.035000
0 0.135156 0.658333 0.015000 0.020000
0 0.850391 0.664062 0.027187 0.046250
0 0.127344 0.647396 0.016875 0.016250
0 0.046875 0.644271 0.011250 0.023750
0 0.072656 0.642708 0.020625 0.025000
0 0.724219 0.639062 0.031875 0.038750
0 0.946094 0.626563 0.035625 0.061250
0 0.117188 0.619792 0.043125 0.047500
0 0.927734 0.606250 0.017813 0.030000
0 0.910156 0.598958 0.026250 0.022500
0 0.692969 0.595313 0.015000 0.016250
0 0.076172 0.592187 0.014063 0.008750
0 0.138672 0.595313 0.015938 0.026250
0 0.726953 0.584375 0.008437 0.015000
0 0.004219 0.583854 0.008437 0.023750
0 0.073828 0.577604 0.017813 0.018750
0 0.894531 0.577083 0.015000 0.022500
0 0.959688 0.619792 0.080625 0.140000
0 0.916016 0.572917 0.049687 0.037500
0 0.980469 0.556250 0.016875 0.017500
0 0.119922 0.553646 0.014063 0.016250
0 0.896484 0.556250 0.029062 0.025000
0 0.157422 0.551562 0.010312 0.021250
0 0.957031 0.555729 0.016875 0.033750
0 0.882422 0.544792 0.015938 0.020000
0 0.903125 0.541146 0.013125 0.013750
0 0.970313 0.541667 0.030000 0.017500
0 0.986875 0.553125 0.026250 0.050000
0 0.174219 0.552604 0.026250 0.051250
0 0.064062 0.540625 0.015000 0.022500
0 0.009844 0.552604 0.019688 0.051250
0 0.075391 0.536458 0.015938 0.017500
0 0.119531 0.531250 0.011250 0.012500
0 0.417969 0.523958 0.013125 0.010000
0 0.993437 0.526042 0.013125 0.020000
0 0.978516 0.520833 0.008437 0.015000
0 0.986328 0.521354 0.012188 0.018750
0 0.007031 0.521875 0.014063 0.025000
0 0.238281 0.514062 0.011250 0.008750
0 0.498047 0.519271 0.025312 0.023750
0 0.221875 0.510938 0.018750 0.013750
0 0.260156 0.510938 0.018750 0.016250
0 0.300000 0.497917 0.015000 0.010000
0 0.063281 0.497917 0.015000 0.017500
0 0.324609 0.490625 0.010312 0.020000
0 0.108594 0.483854 0.026250 0.021250
0 0.068359 0.479687 0.017813 0.016250
0 0.403125 0.478646 0.013125 0.016250
0 0.252734 0.478125 0.014063 0.020000
0 0.270703 0.478125 0.055313 0.055000
0 0.326562 0.445833 0.015000 0.025000
0 0.161328 0.439063 0.006563 0.016250
0 0.028125 0.436458 0.015000 0.022500
0 0.154688 0.487500 0.106875 0.150000
0 0.176563 0.426563 0.015000 0.013750
0 0.233984 0.427604 0.023438 0.023750
0 0.162500 0.421875 0.011250 0.020000
0 0.341797 0.421875 0.029062 0.040000
0 0.904687 0.410938 0.016875 0.016250
0 0.171875 0.407292 0.013125 0.017500
0 0.380078 0.405729 0.017813 0.016250
0 0.145313 0.405729 0.011250 0.016250
0 0.121484 0.408333 0.017813 0.025000
0 0.007422 0.402083 0.006563 0.015000
0 0.906641 0.400521 0.017813 0.013750
0 0.156641 0.404687 0.014063 0.023750
0 0.075391 0.392188 0.023438 0.038750
0 0.175781 0.380208 0.016875 0.015000
0 0.041406 0.379167 0.011250 0.017500
0 0.903516 0.383333 0.025312 0.030000
0 0.348828 0.374479 0.010312 0.016250
0 0.088281 0.379167 0.024375 0.027500
0 0.360547 0.368229 0.017813 0.011250
0 0.333203 0.389583 0.124687 0.062500
0 0.289844 0.373958 0.016875 0.025000
0 0.231250 0.364583 0.011250 0.012500
0 0.183594 0.370833 0.024375 0.030000
0 0.067031 0.419271 0.134063 0.158750
0 0.096094 0.351562 0.011250 0.018750
0 0.243359 0.433854 0.192188 0.238750
0 0.430078 0.336979 0.019688 0.016250
0 0.936719 0.338542 0.033750 0.057500
0 0.095703 0.325521 0.038437 0.033750
0 0.124219 0.311458 0.015000 0.015000
0 0.466016 0.307812 0.006563 0.021250
0 0.441797 0.307292 0.015938 0.030000
0 0.189062 0.298958 0.013125 0.012500
0 0.472656 0.294792 0.026250 0.017500
0 0.003750 0.293750 0.007500 0.025000
0 0.104688 0.289583 0.018750 0.035000
0 0.387109 0.269792 0.029062 0.027500
0 0.453516 0.276562 0.027187 0.056250
0 0.114062 0.268229 0.026250 0.036250
0 0.408984 0.255729 0.015938 0.011250
0 0.104688 0.251563 0.009375 0.033750
0 0.194922 0.239063 0.014063 0.011250
0 0.126172 0.241146 0.023438 0.038750
0 0.942578 0.221354 0.010312 0.016250
0 0.025781 0.217708 0.016875 0.017500
0 0.214453 0.222917 0.030937 0.040000
0 0.860938 0.210938 0.022500 0.016250
0 0.991094 0.206771 0.017813 0.013750
0 0.712891 0.202604 0.012188 0.013750
0 0.063672 0.198958 0.014063 0.010000
0 0.911719 0.197396 0.018750 0.013750
0 0.889062 0.198437 0.018750 0.021250
0 0.759766 0.194792 0.014063 0.015000
0 0.450391 0.189062 0.014063 0.016250
0 0.188672 0.185417 0.014063 0.012500
0 0.882812 0.189583 0.009375 0.025000
0 0.262500 0.191146 0.024375 0.033750
0 0.180859 0.218229 0.094687 0.098750
0 0.140625 0.182812 0.013125 0.018750
0 0.949609 0.180208 0.008437 0.015000
0 0.279687 0.184375 0.015000 0.025000
0 0.752734 0.178125 0.012188 0.012500
0 0.816406 0.188021 0.030000 0.046250
0 0.766797 0.168750 0.014063 0.027500
0 0.740625 0.175521 0.037500 0.051250
0 0.225000 0.158854 0.013125 0.016250
0 0.851172 0.180729 0.072187 0.071250
0 0.244922 0.169792 0.059062 0.045000
0 0.720313 0.156250 0.009375 0.015000
0 0.919922 0.151562 0.014063 0.018750
0 0.350000 0.152604 0.009375 0.028750
0 0.926562 0.138542 0.013125 0.015000
0 0.908125 0.186458 0.183750 0.130000
0 0.329688 0.155208 0.033750 0.055000
0 0.937500 0.143229 0.015000 0.031250
0 0.956250 0.138542 0.018750 0.025000
0 0.301172 0.152083 0.055313 0.057500
0 0.241797 0.131771 0.017813 0.018750
0 0.855859 0.130729 0.017813 0.028750
0 0.767578 0.126562 0.023438 0.028750
0 0.233203 0.119271 0.015938 0.011250
0 0.247656 0.120313 0.015000 0.026250
0 0.928516 0.120313 0.019688 0.028750
0 0.308203 0.118750 0.023438 0.027500
0 0.889453 0.130729 0.040313 0.058750
0 0.948047 0.122917 0.025312 0.045000
0 0.749609 0.112500 0.023438 0.020000
0 0.865234 0.117188 0.012188 0.033750
0 0.687500 0.119271 0.028125 0.038750
0 0.925000 0.105208 0.030000 0.022500
0 0.854688 0.102083 0.009375 0.017500
0 0.732422 0.107813 0.023438 0.031250
0 0.968359 0.102083 0.023438 0.025000
0 0.950781 0.099479 0.016875 0.018750
0 0.728906 0.119271 0.054375 0.076250
0 0.844141 0.093750 0.012188 0.020000
0 0.601953 0.097396 0.017813 0.031250
0 0.931641 0.090625 0.019688 0.017500
0 0.974219 0.130729 0.051562 0.121250
0 0.965625 0.083854 0.009375 0.016250
0 0.011719 0.082812 0.016875 0.016250
0 0.944141 0.081771 0.019688 0.021250
0 0.828125 0.080729 0.022500 0.028750
0 0.563672 0.074479 0.014063 0.013750
0 0.006563 0.069271 0.013125 0.013750
0 0.771875 0.068750 0.013125 0.017500
0 0.425391 0.072396 0.023438 0.026250
0 0.955859 0.067187 0.010312 0.016250
0 0.986719 0.070833 0.015000 0.027500
0 0.318750 0.067708 0.011250 0.022500
0 0.971484 0.066146 0.023438 0.026250
0 0.570312 0.060417 0.011250 0.017500
0 0.662891 0.060417 0.030937 0.020000
0 0.074219 0.053125 0.009375 0.012500
0 0.703906 0.053646 0.018750 0.016250
0 0.812500 0.054167 0.011250 0.020000
0 0.876953 0.050521 0.015938 0.016250
0 0.462891 0.054167 0.019688 0.027500
0 0.790234 0.047917 0.006563 0.015000
0 0.976953 0.048958 0.012188 0.020000
0 0.431250 0.042188 0.013125 0.011250
0 0.007969 0.049479 0.015938 0.038750
0 0.036719 0.039062 0.022500 0.021250
0 0.022656 0.036979 0.011250 0.018750
0 0.562109 0.030729 0.014063 0.011250
0 0.692969 0.033333 0.009375 0.020000
0 0.436328 0.034375 0.038437 0.025000
0 0.765234 0.032813 0.049687 0.053750
0 0.816797 0.012500 0.014063 0.012500
0 0.014531 0.019792 0.029062 0.035000
0 0.544141 0.013021 0.038437 0.023750
0 0.651563 0.008854 0.009375 0.016250
0 0.993437 0.006875 0.013125 0.013750
0 0.851953 0.023750 0.051562 0.047500
0 0.774219 0.007500 0.024375 0.015000
0 0.743359 0.023125 0.044062 0.046250
0 0.710547 0.028125 0.045937 0.056250
0 0.541797 0.005625 0.014063 0.011250
0 0.527344 0.009375 0.018750 0.018750
0 0.464062 0.008750 0.009375 0.017500
0 0.433203 0.013125 0.057188 0.026250
0 0.395703 0.011250 0.027187 0.022500
0 0.600000 0.600000 1.000000 1.000000
0 0.224609 0.013750 0.053437 0.027500
0 0.138281 0.256875 0.276562 0.513750
0 0.062891 0.040625 0.045937 0.081250
0 0.030859 0.018750 0.034687 0.037500
0 0.010781 0.012500 0.021562 0.025000
