0 0.081750 0.943547 0.163500 0.112906
0 0.525000 0.833888 0.022500 0.042964
0 0.486250 0.830558 0.024000 0.040966
0 0.530625 0.800167 0.022500 0.027977
0 0.422187 0.764363 0.015750 0.015987
0 0.445312 0.767694 0.027750 0.029975
0 0.512500 0.753539 0.021000 0.029975
0 0.581875 0.738135 0.010500 0.016986
0 0.467813 0.742298 0.017250 0.032973
0 0.439688 0.735637 0.033750 0.040966
0 0.454688 0.718984 0.020250 0.014988
0 0.532188 0.718984 0.014250 0.016986
0 0.392188 0.717735 0.009750 0.013988
0 0.610625 0.714405 0.010500 0.011990
0 0.485312 0.743963 0.060750 0.106911
0 0.570312 0.724813 0.039750 0.070941
0 0.346250 0.700250 0.010500 0.015987
0 0.598125 0.699001 0.022500 0.024979
0 0.368437 0.702748 0.024750 0.033972
0 0.522813 0.714821 0.021750 0.072939
0 0.498750 0.700666 0.030000 0.040966
0 0.354687 0.683181 0.009750 0.018984
0 0.337187 0.699833 0.029250 0.058951
0 0.308437 0.683181 0.021750 0.022981
0 0.603750 0.681515 0.031500 0.020983
0 0.319688 0.672773 0.012750 0.007993
0 0.559375 0.660283 0.012000 0.009992
0 0.496875 0.663614 0.019500 0.017985
0 0.585938 0.672356 0.042750 0.050958
0 0.588750 0.652373 0.019500 0.020983
0 0.447813 0.653622 0.023250 0.047960
0 0.326250 0.651124 0.036000 0.041965
0 0.474062 0.666944 0.063750 0.089925
0 0.266250 0.651124 0.036000 0.057952
0 0.459375 0.629475 0.021000 0.009992
0 0.560625 0.656953 0.052500 0.079933
0 0.348438 0.648626 0.023250 0.075937
0 0.526250 0.637802 0.061500 0.055953
0 0.592500 0.621149 0.022500 0.021982
0 0.380625 0.625729 0.027000 0.034971
0 0.371875 0.617402 0.010500 0.016986
0 0.300312 0.639467 0.020250 0.079933
0 0.315000 0.618651 0.009000 0.033972
0 0.605938 0.610741 0.015750 0.024979
0 0.619375 0.625312 0.052500 0.065945
0 0.360000 0.600749 0.010500 0.022981
0 0.277813 0.613655 0.023250 0.053955
0 0.245000 0.594921 0.033000 0.026978
0 0.586875 0.596170 0.024000 0.033972
0 0.630000 0.588676 0.016500 0.019983
0 0.368750 0.583264 0.012000 0.016986
0 0.539062 0.601582 0.035250 0.064946
0 0.651563 0.589925 0.014250 0.038968
0 0.447188 0.567027 0.011250 0.007993
0 0.510000 0.576603 0.013500 0.034971
0 0.617812 0.578268 0.036750 0.048959
0 0.346562 0.591590 0.053250 0.096919
0 0.559375 0.586178 0.055500 0.085928
0 0.423750 0.557036 0.009000 0.017985
0 0.404687 0.660699 0.108750 0.268776
0 0.617500 0.555787 0.009000 0.018984
0 0.500313 0.554954 0.012750 0.022981
0 0.570937 0.555371 0.020250 0.027977
0 0.677500 0.543714 0.019500 0.013988
0 0.264062 0.561615 0.017250 0.066944
0 0.283750 0.540799 0.022500 0.026978
0 0.489063 0.577019 0.048750 0.117902
0 0.475313 0.536220 0.015750 0.023980
0 0.623750 0.533722 0.016500 0.019983
0 0.397188 0.562448 0.063750 0.090924
0 0.433437 0.529142 0.008250 0.018984
0 0.333750 0.524147 0.012000 0.006994
0 0.224688 0.537885 0.023250 0.041965
0 0.485938 0.519983 0.015750 0.008993
0 0.444375 0.518318 0.016500 0.010991
0 0.385000 0.516236 0.040500 0.017985
0 0.454375 0.559534 0.057000 0.147877
0 0.315625 0.550375 0.102000 0.125895
0 0.614375 0.501665 0.016500 0.010991
0 0.720938 0.511657 0.024750 0.040966
0 0.388437 0.499584 0.029250 0.015987
0 0.414375 0.508326 0.027000 0.038968
0 0.366563 0.521232 0.030750 0.077935
0 0.594063 0.493755 0.012750 0.015987
0 0.328750 0.500416 0.031500 0.037968
0 0.405000 0.485012 0.010500 0.006994
0 0.425938 0.502082 0.026250 0.051957
0 0.695000 0.484596 0.015000 0.017985
0 0.565312 0.481682 0.005250 0.010991
0 0.294063 0.489592 0.021750 0.031973
0 0.289375 0.502082 0.048000 0.077935
0 0.513750 0.507494 0.025500 0.092923
0 0.491250 0.490008 0.028500 0.054954
0 0.614688 0.481266 0.029250 0.035970
0 0.695312 0.467527 0.011250 0.010991
0 0.376250 0.475437 0.019500 0.043963
0 0.144375 0.466278 0.031500 0.021982
0 0.455313 0.462948 0.008250 0.015987
0 0.472500 0.463780 0.025500 0.027977
0 0.645938 0.477935 0.045750 0.071940
0 0.315625 0.470441 0.030000 0.055953
0 0.286875 0.454205 0.024000 0.026978
0 0.694375 0.450458 0.006000 0.019983
0 0.450625 0.473772 0.040500 0.085928
0 0.513125 0.451707 0.039000 0.038968
0 0.334688 0.457535 0.030750 0.054954
0 0.537188 0.519151 0.060750 0.208826
0 0.399375 0.455870 0.028500 0.060949
0 0.699688 0.434638 0.009750 0.013988
0 0.417500 0.454621 0.024000 0.081932
0 0.346250 0.440050 0.016500 0.050958
0 0.654687 0.424230 0.014250 0.014988
0 0.366563 0.455037 0.038250 0.088926
0 0.676875 0.463364 0.031500 0.112906
0 0.614062 0.443381 0.020250 0.064946
0 0.252812 0.421316 0.009750 0.011990
0 0.541250 0.421316 0.013500 0.013988
0 0.529375 0.427144 0.015000 0.035970
0 0.442812 0.435054 0.039750 0.054954
0 0.636563 0.436303 0.045750 0.061948
0 0.296875 0.425479 0.025500 0.039967
0 0.475938 0.427560 0.029250 0.046961
0 0.236250 0.418818 0.025500 0.025978
0 0.450000 0.409659 0.009000 0.009992
0 0.550937 0.415903 0.012750 0.028976
0 0.395000 0.411740 0.012000 0.028976
0 0.509687 0.402581 0.006750 0.012989
0 0.699688 0.410908 0.023250 0.036969
0 0.384375 0.411740 0.016500 0.038968
0 0.614062 0.484180 0.168750 0.234804
0 0.551562 0.390508 0.008250 0.013988
0 0.677813 0.393422 0.030750 0.022981
0 0.343438 0.412573 0.086250 0.080933
0 0.599375 0.388843 0.027000 0.039967
0 0.437188 0.372606 0.014250 0.006994
0 0.644375 0.368859 0.006000 0.011990
0 0.392188 0.380100 0.027750 0.038968
0 0.404687 0.372606 0.023250 0.022981
0 0.656875 0.391341 0.078000 0.073938
0 0.705000 0.362198 0.033000 0.027977
0 0.514375 0.373022 0.037500 0.055953
0 0.513125 0.355121 0.012000 0.018984
0 0.319063 0.368027 0.029250 0.049958
0 0.440312 0.358035 0.020250 0.029975
0 0.735313 0.346794 0.032250 0.020983
0 0.364687 0.340550 0.011250 0.005995
0 0.767500 0.353039 0.021000 0.037968
0 0.349062 0.360949 0.036750 0.056953
0 0.418125 0.345545 0.025500 0.031973
0 0.515938 0.339301 0.006750 0.018984
0 0.669375 0.344296 0.025500 0.046961
0 0.375312 0.345129 0.027750 0.054954
0 0.468750 0.333888 0.022500 0.037968
0 0.353438 0.324729 0.017250 0.027977
0 0.666875 0.317236 0.010500 0.011990
0 0.532813 0.324729 0.033750 0.039967
0 0.405313 0.311823 0.012750 0.008993
0 0.837250 0.580849 0.325500 0.838301
0 0.635000 0.337219 0.060000 0.085928
0 0.269688 0.310991 0.014250 0.026978
0 0.492188 0.376769 0.051750 0.186844
0 0.576875 0.354704 0.049500 0.137885
0 0.297812 0.298085 0.012750 0.009992
0 0.402813 0.361366 0.099750 0.165862
0 0.284687 0.310575 0.023250 0.045962
0 0.456250 0.350958 0.046500 0.146878
0 0.422187 0.316403 0.036750 0.063947
0 0.745000 0.292673 0.015000 0.008993
0 0.733437 0.295587 0.021750 0.023980
0 0.514375 0.320983 0.051000 0.088926
0 0.610313 0.326395 0.056250 0.113905
0 0.500625 0.282681 0.027000 0.030974
0 0.388750 0.288926 0.025500 0.051957
0 0.213125 0.283930 0.025500 0.041965
0 0.635625 0.284346 0.045000 0.046961
0 0.450625 0.278518 0.024000 0.034971
0 0.545000 0.269359 0.025500 0.028976
0 0.398750 0.269775 0.024000 0.043963
0 0.495937 0.246878 0.008250 0.012989
0 0.586875 0.246878 0.007500 0.014988
0 0.623437 0.248959 0.009750 0.029975
0 0.389062 0.249376 0.024750 0.032973
0 0.419375 0.264363 0.045000 0.090924
0 0.448125 0.241882 0.012000 0.038968
0 0.520938 0.234804 0.024750 0.025978
0 0.315000 0.233139 0.031500 0.029975
0 0.599688 0.256037 0.036750 0.086928
0 0.471562 0.265612 0.041250 0.123897
0 0.431250 0.239800 0.028500 0.061948
0 0.504687 0.226062 0.012750 0.034971
0 0.450000 0.213988 0.018000 0.021982
0 0.563125 0.308077 0.118500 0.251790
0 0.468125 0.208160 0.013500 0.011990
0 0.640625 0.227311 0.027000 0.059950
0 0.619062 0.211907 0.017250 0.030974
0 0.455313 0.202331 0.015750 0.007993
0 0.582500 0.206911 0.013500 0.028976
0 0.410625 0.208576 0.022500 0.038968
0 0.588750 0.192756 0.013500 0.012989
0 0.488125 0.196087 0.030000 0.026978
0 0.435000 0.196919 0.025500 0.038968
0 0.292187 0.196919 0.026250 0.038968
0 0.573750 0.185262 0.022500 0.028976
0 0.555625 0.191507 0.016500 0.049958
0 0.547500 0.176936 0.015000 0.022981
0 0.527188 0.199417 0.050250 0.078934
0 0.598125 0.174022 0.030000 0.025978
0 0.540625 0.163197 0.028500 0.033972
0 0.565312 0.154038 0.030750 0.025978
0 0.918250 0.056453 0.163500 0.112906
0 0.162750 0.419151 0.325500 0.838301
