0 0.444213 0.842812 0.022981 0.032250
0 0.479184 0.830625 0.022981 0.025500
0 0.433389 0.827812 0.022981 0.032250
0 0.390092 0.789687 0.032973 0.032250
0 0.371774 0.774687 0.020983 0.024750
0 0.552456 0.764375 0.028976 0.018000
0 0.428393 0.764687 0.022981 0.048750
0 0.352206 0.747812 0.005995 0.012750
0 0.355537 0.764687 0.037968 0.062250
0 0.530391 0.736563 0.011990 0.011250
0 0.356370 0.728437 0.007993 0.008250
0 0.313489 0.728750 0.016986 0.019500
0 0.353872 0.719063 0.017985 0.012750
0 0.430891 0.719375 0.028976 0.018000
0 0.593256 0.719063 0.020983 0.020250
0 0.436719 0.715313 0.020983 0.014250
0 0.601582 0.714063 0.022981 0.023250
0 0.567444 0.715625 0.044963 0.033000
0 0.482931 0.751250 0.091923 0.127500
0 0.581599 0.696562 0.020983 0.021750
0 0.618235 0.694375 0.030974 0.021000
0 0.209825 0.676875 0.021982 0.027000
0 0.504580 0.666875 0.017985 0.009000
0 0.207744 0.665937 0.008993 0.009750
0 0.623231 0.671250 0.024979 0.024000
0 0.592007 0.680312 0.047960 0.047250
0 0.655287 0.669063 0.039967 0.024750
0 0.651124 0.651875 0.017985 0.012000
0 0.642798 0.629375 0.015987 0.006000
0 0.559534 0.628125 0.037968 0.015000
0 0.538718 0.697812 0.087927 0.192750
0 0.672356 0.622812 0.028976 0.018750
0 0.648626 0.618750 0.017985 0.013500
0 0.503331 0.615313 0.020983 0.008250
0 0.222731 0.614375 0.012989 0.010500
0 0.500000 0.630313 0.058951 0.065250
0 0.455870 0.622188 0.050958 0.047250
0 0.358451 0.606875 0.012989 0.013500
0 0.466694 0.604375 0.016986 0.021000
0 0.616570 0.597812 0.008993 0.008250
0 0.485845 0.600313 0.030974 0.026250
0 0.635304 0.616875 0.051957 0.075000
0 0.586595 0.589063 0.010991 0.018750
0 0.225229 0.595000 0.042964 0.039000
0 0.581599 0.629687 0.118901 0.123750
0 0.093672 0.581875 0.006994 0.015000
0 0.412989 0.586562 0.031973 0.029250
0 0.369276 0.575000 0.014988 0.012000
0 0.683181 0.580937 0.022981 0.027750
0 0.454205 0.573438 0.010991 0.012750
0 0.383847 0.577812 0.033972 0.023250
0 0.134471 0.573438 0.020983 0.024750
0 0.135720 0.559688 0.009992 0.006750
0 0.384263 0.560937 0.024979 0.018750
0 0.203164 0.563125 0.027977 0.027000
0 0.167777 0.560000 0.030974 0.019500
0 0.440883 0.560312 0.016986 0.030750
0 0.406328 0.560312 0.025978 0.030750
0 0.630724 0.566562 0.030974 0.050250
0 0.313072 0.551562 0.019983 0.017250
0 0.516236 0.555312 0.013988 0.027750
0 0.481266 0.545937 0.019983 0.011250
0 0.575770 0.537813 0.014988 0.009750
0 0.449625 0.548125 0.033972 0.034500
0 0.340966 0.550937 0.046961 0.080250
0 0.488343 0.567813 0.336719 0.122250
0 0.589509 0.526563 0.019983 0.030750
0 0.157785 0.520625 0.030974 0.021000
0 0.748959 0.517500 0.024979 0.018000
0 0.608243 0.520938 0.026978 0.027750
0 0.392590 0.514687 0.020983 0.017250
0 0.435054 0.517188 0.032973 0.024750
0 0.247710 0.510938 0.008993 0.009750
0 0.527477 0.523750 0.046961 0.048000
0 0.474604 0.511875 0.031973 0.022500
0 0.567444 0.518125 0.026978 0.039000
0 0.303913 0.515312 0.041965 0.033750
0 0.407161 0.509062 0.025978 0.024750
0 0.659034 0.504062 0.028976 0.018750
0 0.292673 0.501563 0.022981 0.012750
0 0.456703 0.501563 0.014988 0.027750
0 0.321815 0.493750 0.028976 0.013500
0 0.355537 0.503125 0.083930 0.060000
0 0.349709 0.476875 0.013988 0.006000
0 0.339301 0.470625 0.018984 0.012000
0 0.547460 0.460000 0.014988 0.015000
0 0.297252 0.456562 0.019983 0.017250
0 0.283097 0.456875 0.021982 0.037500
0 0.338468 0.444063 0.016986 0.018750
0 0.601582 0.442812 0.020983 0.032250
0 0.250624 0.450937 0.027977 0.051750
0 0.333472 0.432812 0.010991 0.015750
0 0.616986 0.436563 0.025978 0.027750
0 0.368027 0.590938 0.345712 0.401250
0 0.271857 0.431250 0.016986 0.019500
0 0.349709 0.427500 0.021982 0.016500
0 0.405495 0.420625 0.031973 0.022500
0 0.506245 0.415938 0.023980 0.021750
0 0.510824 0.461562 0.196836 0.143250
0 0.422148 0.448125 0.095920 0.120000
0 0.366361 0.442188 0.071940 0.105750
0 0.671940 0.408750 0.023980 0.030000
0 0.317652 0.410625 0.070941 0.036000
0 0.286428 0.402187 0.031973 0.023250
0 0.401749 0.397500 0.032973 0.024000
0 0.574938 0.391562 0.028976 0.021750
0 0.373022 0.392500 0.025978 0.030000
0 0.481266 0.390937 0.019983 0.033750
0 0.455454 0.388125 0.023980 0.030000
0 0.346378 0.383125 0.027977 0.025500
0 0.323480 0.392188 0.036969 0.050250
0 0.590758 0.360625 0.022981 0.030000
0 0.727311 0.347813 0.016986 0.011250
0 0.197336 0.216250 0.011990 0.015000
0 0.228976 0.142187 0.009992 0.012750
0 0.410908 0.114062 0.006994 0.015750
0 0.526561 0.576750 1.000000 1.000000
