0 0.346250 0.989500 0.051000 0.021000
0 0.858750 0.979000 0.045000 0.042000
0 0.298750 0.976250 0.051000 0.045000
0 0.028500 0.974500 0.057000 0.051000
0 0.080000 0.971500 0.042000 0.057000
0 0.982000 0.967000 0.036000 0.066000
0 0.948750 0.967000 0.039000 0.066000
0 0.342500 0.960000 0.054000 0.036000
0 0.783750 0.925000 0.267000 0.150000
0 0.345000 0.888750 0.042000 0.039000
0 0.967000 0.893750 0.066000 0.069000
0 0.695000 0.857500 0.054000 0.030000
0 0.792500 0.872500 0.342000 0.255000
0 0.973750 0.797500 0.051000 0.048000
0 0.325000 0.797500 0.096000 0.054000
0 0.592500 0.790000 0.150000 0.126000
0 0.863750 0.745000 0.045000 0.042000
0 0.560000 0.728750 0.042000 0.063000
0 0.964000 0.715000 0.072000 0.054000
0 0.856000 0.791250 0.288000 0.285000
0 0.250000 0.688750 0.042000 0.063000
0 0.046500 0.666250 0.093000 0.171000
0 0.610000 0.683750 0.372000 0.291000
0 0.435000 0.580000 0.060000 0.060000
0 0.048000 0.578750 0.096000 0.063000
0 0.640000 0.565000 0.024000 0.036000
0 0.578750 0.550000 0.033000 0.042000
0 0.217500 0.550000 0.066000 0.042000
0 0.948750 0.545000 0.033000 0.042000
0 0.711250 0.535000 0.057000 0.048000
0 0.980500 0.520000 0.039000 0.054000
0 0.490000 0.531250 0.096000 0.117000
0 0.523750 0.476250 0.129000 0.063000
0 0.041250 0.462500 0.039000 0.048000
0 0.647500 0.465000 0.036000 0.084000
0 0.763750 0.341250 0.045000 0.039000
0 0.312500 0.273750 0.120000 0.057000
0 0.121250 0.263750 0.057000 0.033000
0 0.145000 0.250000 0.048000 0.042000
0 0.414000 0.526000 0.828000 0.948000
0 0.974500 0.230000 0.051000 0.066000
0 0.102500 0.145000 0.048000 0.036000
0 0.292500 0.111250 0.048000 0.051000
0 0.171250 0.068750 0.057000 0.033000
0 0.124500 0.130500 0.249000 0.261000
0 0.977500 0.033750 0.045000 0.051000
0 0.405000 0.042500 0.078000 0.072000
0 0.938750 0.018000 0.051000 0.036000
0 0.767500 0.027000 0.066000 0.054000
0 0.514500 0.441000 1.000000 0.882000
0 0.330000 0.027000 0.054000 0.054000
0 0.268750 0.022500 0.081000 0.045000
0 0.078000 0.067500 0.156000 0.135000
0 0.036000 0.042000 0.072000 0.084000
