0 0.796250 0.986500 0.063000 0.027000
0 0.733750 0.972500 0.075000 0.042000
0 0.861250 0.971250 0.039000 0.045000
0 0.740000 0.868750 0.078000 0.105000
0 0.538750 0.837500 0.081000 0.060000
0 0.662500 0.880000 0.114000 0.240000
0 0.811250 0.843750 0.165000 0.183000
0 0.728750 0.771250 0.039000 0.027000
0 0.680000 0.771250 0.060000 0.057000
0 0.899500 0.830000 0.201000 0.264000
0 0.795000 0.741250 0.054000 0.051000
0 0.883750 0.757500 0.063000 0.132000
0 0.732500 0.728750 0.078000 0.063000
0 0.556250 0.717500 0.147000 0.084000
0 0.843750 0.667500 0.105000 0.096000
0 0.720000 0.608750 0.102000 0.093000
0 0.976000 0.562500 0.048000 0.090000
0 0.844000 0.593750 0.312000 0.321000
0 0.941250 0.440000 0.075000 0.072000
0 0.973000 0.383750 0.054000 0.039000
