0 0.511241 0.974688 0.013988 0.006750
0 0.598668 0.966562 0.055953 0.042750
0 0.512490 0.951250 0.038968 0.048000
0 0.444629 0.925937 0.039967 0.021750
0 0.423813 0.930625 0.071940 0.082500
0 0.443797 0.893750 0.015987 0.006000
0 0.759367 0.891250 0.011990 0.012000
0 0.579101 0.874062 0.008993 0.020250
0 0.484596 0.883437 0.049958 0.048750
0 0.478768 0.858750 0.011990 0.012000
0 0.489176 0.855625 0.014988 0.016500
0 0.623647 0.862812 0.101915 0.057750
0 0.559950 0.843125 0.022981 0.025500
0 0.681515 0.838750 0.044963 0.024000
0 0.619484 0.833125 0.027977 0.019500
0 0.441299 0.827187 0.025978 0.011250
0 0.578268 0.818438 0.020983 0.009750
0 0.560783 0.813125 0.012989 0.012000
0 0.307660 0.830625 0.038968 0.060000
0 0.520400 0.817813 0.031973 0.030750
0 0.363031 0.809375 0.011990 0.018000
0 0.455037 0.793438 0.020983 0.006750
0 0.405912 0.793750 0.028976 0.009000
0 0.272689 0.791562 0.022981 0.008250
0 0.703164 0.776250 0.018984 0.007500
0 0.551624 0.804375 0.092923 0.081000
0 0.720649 0.769687 0.014988 0.015750
0 0.706078 0.764687 0.013988 0.008250
0 0.559534 0.763125 0.013988 0.012000
0 0.370108 0.765938 0.016986 0.018750
0 0.875520 0.773438 0.054954 0.041250
0 0.315987 0.785000 0.072939 0.073500
0 0.705246 0.790937 0.075937 0.089250
0 0.811407 0.755938 0.014988 0.015750
0 0.213156 0.760625 0.039967 0.030000
0 0.739800 0.748750 0.020983 0.009000
0 0.766445 0.748437 0.026978 0.017250
0 0.394255 0.746563 0.024979 0.018750
0 0.676936 0.749687 0.017985 0.036750
0 0.210658 0.739062 0.009992 0.017250
0 0.688177 0.727187 0.016986 0.009750
0 0.252290 0.727500 0.033972 0.012000
0 0.380516 0.731875 0.013988 0.031500
0 0.273938 0.719063 0.015987 0.008250
0 0.281016 0.743125 0.116903 0.075000
0 0.766028 0.729062 0.037968 0.056250
0 0.400500 0.712812 0.035970 0.017250
0 0.782265 0.707812 0.030974 0.008250
0 0.720649 0.725938 0.068943 0.056250
0 0.370525 0.707187 0.011990 0.011250
0 0.358035 0.738750 0.063947 0.088500
0 0.700250 0.709375 0.019983 0.027000
0 0.427144 0.723437 0.049958 0.074250
0 0.178185 0.695625 0.019983 0.009000
0 0.760200 0.690000 0.015987 0.009000
0 0.965445 0.694063 0.022981 0.021750
0 0.266861 0.680937 0.032973 0.012750
0 0.398834 0.688750 0.037968 0.034500
0 0.649042 0.753125 0.162864 0.202500
0 0.309742 0.672813 0.011990 0.014250
0 0.753122 0.682813 0.034971 0.048750
0 0.413405 0.664062 0.012989 0.011250
0 0.608659 0.695000 0.067943 0.097500
0 0.594505 0.660000 0.015987 0.015000
0 0.642381 0.649687 0.044963 0.012750
0 0.831807 0.664062 0.029975 0.048750
0 0.601166 0.647188 0.017985 0.012750
0 0.388010 0.646875 0.009992 0.016500
0 0.480849 0.636563 0.030974 0.012750
0 0.731057 0.633437 0.019983 0.012750
0 0.701082 0.655625 0.097918 0.069000
0 0.265612 0.634375 0.011990 0.018000
0 0.406328 0.641563 0.017985 0.036750
0 0.636137 0.635938 0.057952 0.027750
0 0.683597 0.624062 0.015987 0.005250
0 0.597835 0.632812 0.025978 0.026250
0 0.771857 0.641250 0.047960 0.054000
0 0.728976 0.625625 0.066944 0.039000
0 0.390092 0.616563 0.016986 0.020250
0 0.452956 0.618125 0.025978 0.033000
0 0.771440 0.608750 0.032973 0.012000
0 0.247710 0.609688 0.008993 0.014250
0 0.236053 0.609688 0.018984 0.015750
0 0.856370 0.608437 0.010991 0.015750
0 0.279351 0.605000 0.020983 0.007500
0 0.414238 0.607187 0.010991 0.014250
0 0.876353 0.595313 0.014988 0.012750
0 0.216903 0.596250 0.022981 0.015000
0 0.861366 0.595938 0.012989 0.018750
0 0.482515 0.660000 0.192839 0.195000
0 0.413822 0.582187 0.037968 0.014250
0 0.878018 0.590938 0.040966 0.047250
0 0.768943 0.582500 0.046961 0.031500
0 0.520816 0.572812 0.010991 0.014250
0 0.917152 0.581875 0.042964 0.048000
0 0.226894 0.612187 0.144879 0.132750
0 0.897585 0.560312 0.015987 0.024750
0 0.400500 0.546562 0.015987 0.005250
0 0.651540 0.560937 0.022981 0.045750
0 0.178601 0.552500 0.032973 0.031500
0 0.783097 0.541250 0.032973 0.012000
0 0.728560 0.575313 0.065945 0.093750
0 0.610325 0.541875 0.013988 0.016500
0 0.531640 0.545937 0.040966 0.030750
0 0.219400 0.549687 0.064946 0.041250
0 0.685679 0.548750 0.032973 0.040500
0 0.782681 0.530625 0.017985 0.015000
0 0.416736 0.530000 0.008993 0.013500
0 0.865529 0.532188 0.022981 0.030750
0 0.882598 0.522500 0.021982 0.009000
0 0.960866 0.527500 0.061948 0.034500
0 0.781432 0.544063 0.054954 0.089250
0 0.932973 0.510625 0.028976 0.013500
0 0.377186 0.516250 0.051957 0.027000
0 0.218152 0.519375 0.055953 0.037500
0 0.181515 0.506250 0.041965 0.021000
0 0.829309 0.503750 0.013988 0.018000
0 0.721482 0.532188 0.092923 0.086250
0 0.667777 0.505938 0.025978 0.030750
0 0.714821 0.497812 0.014988 0.014250
0 0.398834 0.493437 0.017985 0.011250
0 0.294338 0.511563 0.042964 0.060750
0 0.419234 0.493125 0.024979 0.021000
0 0.549958 0.486563 0.012989 0.006750
0 0.420067 0.522500 0.118901 0.094500
0 0.512490 0.491250 0.020983 0.027000
0 0.967111 0.493125 0.044963 0.042000
0 0.618235 0.491250 0.060949 0.037500
0 0.440050 0.478750 0.020983 0.012000
0 0.907577 0.524062 0.091923 0.129750
0 0.605745 0.475938 0.012989 0.014250
0 0.721066 0.478750 0.013988 0.028500
0 0.857202 0.481563 0.028976 0.038250
0 0.519567 0.692500 0.461615 0.549000
0 0.907161 0.468125 0.034971 0.025500
0 0.525396 0.469375 0.025978 0.036000
0 0.356786 0.476250 0.030974 0.058500
0 0.974188 0.453750 0.019983 0.006000
0 0.512490 0.446875 0.016986 0.009000
0 0.363863 0.444063 0.019983 0.008250
0 0.233555 0.444375 0.016986 0.012000
0 0.611157 0.433750 0.013988 0.015000
0 0.182764 0.429375 0.016986 0.016500
0 0.363031 0.423438 0.023980 0.020250
0 0.687760 0.419063 0.023980 0.015750
0 0.852206 0.415312 0.012989 0.012750
0 0.716486 0.442188 0.102914 0.125250
0 0.174438 0.393125 0.012989 0.010500
0 0.539550 0.388125 0.009992 0.012000
0 0.657369 0.385937 0.020983 0.029250
0 0.631141 0.382500 0.019983 0.021000
0 0.234388 0.375625 0.006994 0.012000
0 0.707327 0.385000 0.038968 0.042000
0 0.606162 0.383750 0.033972 0.043500
0 0.261449 0.369375 0.017985 0.009000
0 0.339301 0.386562 0.028976 0.051750
0 0.893422 0.372812 0.025978 0.026250
0 0.666528 0.364687 0.018984 0.006750
0 0.695670 0.365938 0.016986 0.014250
0 0.607410 0.362812 0.008993 0.006750
0 0.733139 0.365938 0.024979 0.018750
0 0.758535 0.358438 0.007993 0.014250
0 0.841799 0.555625 0.261782 0.489000
0 0.893006 0.355625 0.012989 0.012000
0 0.942964 0.375000 0.046961 0.061500
0 0.655704 0.354063 0.006994 0.014250
0 0.625729 0.357187 0.014988 0.021750
0 0.830974 0.339062 0.019983 0.008250
0 0.745212 0.335313 0.011990 0.006750
0 0.910908 0.343438 0.013988 0.029250
0 0.585762 0.337813 0.022981 0.018750
0 0.810991 0.338125 0.035970 0.028500
0 0.696087 0.330937 0.013988 0.017250
0 0.263114 0.330625 0.007993 0.018000
0 0.779767 0.340625 0.044963 0.060000
0 0.420067 0.319063 0.010991 0.009750
0 0.701499 0.345625 0.096919 0.088500
0 0.262281 0.341562 0.081932 0.078750
0 0.951707 0.320625 0.057952 0.046500
0 0.558285 0.304688 0.012989 0.012750
0 0.614488 0.311875 0.023980 0.037500
0 0.403830 0.310312 0.023980 0.033750
0 0.956286 0.296563 0.020983 0.006750
0 0.887594 0.295625 0.029975 0.007500
0 0.320983 0.295625 0.010991 0.012000
0 0.842631 0.301875 0.039967 0.046500
0 0.756037 0.305937 0.063947 0.060750
0 0.584513 0.289375 0.037968 0.021000
0 0.260616 0.289375 0.039967 0.037500
0 0.968776 0.280313 0.026978 0.017250
0 0.878435 0.280000 0.035970 0.034500
0 0.715654 0.288750 0.032973 0.064500
0 0.935887 0.261250 0.019983 0.021000
0 0.595754 0.267188 0.048959 0.047250
0 0.636137 0.250625 0.013988 0.012000
0 0.656953 0.243438 0.019983 0.008250
0 0.459201 0.245625 0.016986 0.016500
0 0.621565 0.239687 0.034971 0.029250
0 0.963364 0.232813 0.037968 0.041250
0 0.587843 0.225000 0.009992 0.022500
0 0.911324 0.218438 0.020983 0.014250
0 0.741882 0.248438 0.045962 0.087750
0 0.804330 0.216250 0.013988 0.018000
0 0.594088 0.210938 0.006994 0.011250
0 0.582848 0.209687 0.013988 0.009750
0 0.544963 0.207813 0.014988 0.006750
0 0.392173 0.210625 0.013988 0.027000
0 0.499167 0.210313 0.016986 0.029250
0 0.615737 0.205937 0.010991 0.020250
0 0.887177 0.198437 0.024979 0.008250
0 0.964197 0.202813 0.031973 0.030750
0 0.544963 0.195625 0.016986 0.015000
0 0.870525 0.203437 0.042964 0.038250
0 0.641132 0.196563 0.027977 0.021750
0 0.885512 0.279375 0.152873 0.222000
0 0.862198 0.188438 0.008993 0.009750
0 0.418401 0.189062 0.028976 0.012750
0 0.594088 0.193125 0.016986 0.024000
0 0.901749 0.184375 0.019983 0.009000
0 0.443381 0.400625 0.678435 0.541500
0 0.429226 0.180938 0.020983 0.015750
0 0.646128 0.181562 0.025978 0.023250
0 0.662365 0.172813 0.010991 0.011250
0 0.547877 0.171250 0.017985 0.019500
0 0.582848 0.165625 0.029975 0.018000
0 0.835554 0.164687 0.010991 0.024750
0 0.598251 0.155312 0.012989 0.009750
0 0.674854 0.158438 0.016986 0.023250
0 0.813905 0.236250 0.164863 0.214500
0 0.752290 0.140313 0.016986 0.006750
0 0.927560 0.156562 0.033972 0.048750
0 0.783514 0.141250 0.009992 0.016500
0 0.918401 0.141875 0.033972 0.027000
0 0.852206 0.130000 0.034971 0.009000
0 0.735221 0.127188 0.027977 0.015750
0 0.495420 0.121250 0.023980 0.007500
0 0.852623 0.116875 0.019983 0.006000
0 0.418818 0.117188 0.015987 0.012750
0 0.849709 0.132188 0.068943 0.053250
0 0.569109 0.143125 0.072939 0.108000
0 0.497918 0.102500 0.027977 0.010500
0 0.699001 0.103125 0.020983 0.013500
0 0.450874 0.177813 0.248793 0.201750
0 0.728143 0.174687 0.218818 0.195750
0 0.668193 0.112812 0.038968 0.069750
0 0.521232 0.101250 0.033972 0.045000
0 0.549542 0.088125 0.023980 0.022500
0 0.832639 0.092500 0.073938 0.040500
0 0.590758 0.093750 0.032973 0.054000
0 0.496253 0.074688 0.045962 0.053250
0 0.538718 0.064687 0.015987 0.032250
0 0.588260 0.030312 0.056953 0.051750
