0 0.379267 0.997000 0.022981 0.006000
0 0.519567 0.945000 0.025978 0.018000
0 0.450874 0.946562 0.018984 0.024750
0 0.387177 0.956875 0.073938 0.052500
0 0.487094 0.944375 0.051957 0.046500
0 0.503747 0.920937 0.033972 0.011250
0 0.597002 0.949375 0.229808 0.101250
0 0.437968 0.920000 0.035970 0.024000
0 0.661948 0.913125 0.019983 0.009000
0 0.556203 0.911250 0.027977 0.007500
0 0.474188 0.916562 0.040966 0.027750
0 0.415487 0.902813 0.023980 0.008250
0 0.606578 0.919687 0.046961 0.056250
0 0.700250 0.900937 0.009992 0.012750
0 0.716486 0.904375 0.054954 0.025500
0 0.635304 0.909687 0.033972 0.044250
0 0.724396 0.890312 0.015987 0.006750
0 0.693589 0.889375 0.009992 0.013500
0 0.383847 0.902813 0.041965 0.047250
0 0.538301 0.915000 0.132889 0.079500
0 0.709409 0.874375 0.019983 0.009000
0 0.647794 0.876250 0.007993 0.013500
0 0.589509 0.873750 0.019983 0.016500
0 0.459201 0.885625 0.044963 0.052500
0 0.503747 0.866563 0.013988 0.011250
0 0.418401 0.880938 0.066944 0.057750
0 0.241465 0.862500 0.025978 0.013500
0 0.786428 0.859688 0.020983 0.014250
0 0.482098 0.866250 0.043963 0.034500
0 0.395504 0.875938 0.055953 0.059250
0 0.639051 0.859062 0.016986 0.026250
0 0.220233 0.907000 0.314738 0.186000
0 0.730641 0.847187 0.006994 0.011250
0 0.371357 0.846562 0.015987 0.011250
0 0.396336 0.844688 0.023980 0.015750
0 0.281016 0.860625 0.052956 0.061500
0 0.202331 0.845625 0.079933 0.025500
0 0.124896 0.835938 0.021982 0.011250
0 0.446295 0.842812 0.045962 0.029250
0 0.223980 0.835625 0.025978 0.016500
0 0.240216 0.830625 0.014988 0.010500
0 0.800583 0.826875 0.018984 0.007500
0 0.330558 0.863125 0.095920 0.100500
0 0.441299 0.826250 0.023980 0.015000
0 0.499584 0.827812 0.017985 0.021750
0 0.088260 0.830625 0.045962 0.028500
0 0.271857 0.823125 0.018984 0.013500
0 0.124480 0.822187 0.030974 0.015750
0 0.309326 0.837500 0.026978 0.055500
0 0.812656 0.826875 0.035970 0.033000
0 0.439634 0.816250 0.017985 0.009000
0 0.333888 0.818438 0.025978 0.017250
0 0.229392 0.818750 0.010991 0.022500
0 0.288926 0.812187 0.015987 0.008250
0 0.064946 0.813438 0.009992 0.011250
0 0.400500 0.831875 0.061948 0.057000
0 0.100749 0.811875 0.023980 0.010500
0 0.307660 0.812187 0.026978 0.014250
0 0.554122 0.807500 0.012989 0.010500
0 0.827644 0.845625 0.185845 0.105000
0 0.390092 0.803125 0.016986 0.007500
0 0.075354 0.802813 0.016986 0.014250
0 0.375937 0.799063 0.008993 0.011250
0 0.131973 0.800937 0.012989 0.018750
0 0.089509 0.796250 0.006994 0.012000
0 0.049459 0.813750 0.098918 0.066000
0 0.803081 0.790000 0.008993 0.012000
0 0.012906 0.789687 0.008993 0.011250
0 0.687344 0.789062 0.036969 0.012750
0 0.313489 0.796562 0.040966 0.030750
0 0.033306 0.784062 0.035970 0.009750
0 0.337219 0.801250 0.073938 0.057000
0 0.369276 0.771250 0.028976 0.007500
0 0.049958 0.772813 0.011990 0.011250
0 0.887594 0.782813 0.043963 0.041250
0 0.181099 0.795312 0.104913 0.075750
0 0.620733 0.768125 0.026978 0.021000
0 0.064113 0.769687 0.013988 0.024750
0 0.276853 0.795312 0.076936 0.092250
0 0.905079 0.771563 0.041965 0.036750
0 0.344296 0.765625 0.036969 0.027000
0 0.690258 0.765000 0.069942 0.031500
0 0.292673 0.751875 0.018984 0.007500
0 0.803497 0.779687 0.105912 0.078750
0 0.949209 0.760000 0.035970 0.033000
0 0.708160 0.765938 0.060949 0.047250
0 0.131973 0.765312 0.136886 0.056250
0 0.567027 0.744375 0.017985 0.010500
0 0.373855 0.750625 0.063947 0.027000
0 0.041465 0.756875 0.082931 0.042000
0 0.028726 0.741875 0.010991 0.010500
0 0.856786 0.755938 0.117902 0.050250
0 0.935054 0.744062 0.031973 0.023250
0 0.137802 0.738437 0.040966 0.012750
0 0.957952 0.738437 0.014988 0.014250
0 0.370108 0.735313 0.010991 0.008250
0 0.157785 0.744687 0.036969 0.030750
0 0.101582 0.734375 0.015987 0.015000
0 0.932556 0.731563 0.017985 0.011250
0 0.421732 0.728437 0.014988 0.008250
0 0.384679 0.730313 0.039967 0.020250
0 0.940883 0.725938 0.025978 0.014250
0 0.022981 0.727187 0.045962 0.032250
0 0.992007 0.717500 0.015987 0.016500
0 0.184430 0.732187 0.046961 0.062250
0 0.678601 0.706875 0.029975 0.010500
0 0.965862 0.709688 0.045962 0.018750
0 0.703164 0.718437 0.036969 0.042750
0 0.593672 0.704375 0.011990 0.010500
0 0.255204 0.715938 0.036969 0.044250
0 0.318068 0.701875 0.023980 0.012000
0 0.179017 0.701250 0.017985 0.010500
0 0.837635 0.699688 0.019983 0.014250
0 0.297669 0.695625 0.020983 0.006000
0 0.688177 0.694375 0.014988 0.006000
0 0.241049 0.735625 0.098918 0.144000
0 0.791424 0.706250 0.094921 0.084000
0 0.563697 0.672813 0.011990 0.005250
0 0.692340 0.673438 0.020983 0.009750
0 0.844296 0.690937 0.067943 0.054750
0 0.091923 0.702500 0.183847 0.085500
0 0.581599 0.663125 0.018984 0.007500
0 0.201915 0.662188 0.044963 0.014250
0 0.562448 0.661250 0.014988 0.015000
0 0.444629 0.660000 0.013988 0.013500
0 0.294754 0.656563 0.007993 0.011250
0 0.757702 0.657500 0.009992 0.018000
0 0.164030 0.670625 0.081932 0.052500
0 0.630724 0.652813 0.044963 0.011250
0 0.731474 0.677188 0.166861 0.077250
0 0.724813 0.656875 0.040966 0.037500
0 0.015487 0.654375 0.030974 0.036000
0 0.104080 0.669687 0.075937 0.078750
0 0.082015 0.641563 0.018984 0.012750
0 0.323480 0.638750 0.018984 0.013500
0 0.241882 0.634375 0.022981 0.009000
0 0.356786 0.644375 0.042964 0.034500
0 0.881349 0.648750 0.126894 0.048000
0 0.905079 0.628750 0.035970 0.009000
0 0.398834 0.652188 0.057952 0.069750
0 0.679434 0.640000 0.037968 0.042000
0 0.137802 0.638750 0.048959 0.039000
0 0.236886 0.648438 0.068943 0.063750
0 0.943381 0.630625 0.047960 0.024000
0 0.092423 0.627188 0.043963 0.015750
0 0.293922 0.625938 0.017985 0.014250
0 0.064946 0.618125 0.015987 0.004500
0 0.475021 0.617188 0.014988 0.005250
0 0.679434 0.622188 0.029975 0.018750
0 0.193172 0.623437 0.033972 0.021750
0 0.130724 0.613750 0.031973 0.009000
0 0.649875 0.760312 0.386678 0.371250
0 0.635304 0.637813 0.061948 0.078750
0 0.854288 0.616250 0.081932 0.030000
0 0.059117 0.619375 0.039967 0.037500
0 0.949209 0.606250 0.017985 0.007500
0 0.759367 0.623437 0.053955 0.053250
0 0.227727 0.614062 0.046961 0.033750
0 0.601582 0.604688 0.016986 0.012750
0 0.661948 0.594063 0.041965 0.011250
0 0.917985 0.603125 0.084929 0.039000
0 0.258535 0.589063 0.016986 0.006750
0 0.921316 0.585625 0.016986 0.006000
0 0.633639 0.592500 0.021982 0.024000
0 0.587011 0.581562 0.017985 0.009750
0 0.043464 0.620000 0.086928 0.106500
0 0.077852 0.587500 0.026978 0.036000
0 0.860117 0.574688 0.013988 0.009750
0 0.448376 0.589063 0.064946 0.048750
0 0.475021 0.578125 0.020983 0.024000
0 0.708160 0.573438 0.006994 0.015750
0 0.253539 0.573438 0.036969 0.015750
0 0.825146 0.577187 0.079933 0.027750
0 0.207327 0.583125 0.065945 0.046500
0 0.584929 0.565625 0.026978 0.010500
0 0.849292 0.574375 0.067943 0.033000
0 0.430058 0.605625 0.118901 0.115500
0 0.057868 0.560625 0.014988 0.007500
0 0.043297 0.556250 0.017985 0.004500
0 0.958784 0.579063 0.050958 0.063750
0 0.614488 0.581562 0.195837 0.071250
0 0.572856 0.555625 0.025978 0.010500
0 0.186511 0.555000 0.031973 0.010500
0 0.912989 0.547813 0.012989 0.011250
0 0.038301 0.546250 0.017985 0.010500
0 0.356370 0.548750 0.041965 0.019500
0 0.325146 0.550625 0.040966 0.025500
0 0.385928 0.545000 0.010991 0.024000
0 0.792673 0.547813 0.063947 0.032250
0 0.231057 0.550937 0.056953 0.039750
0 0.873439 0.534062 0.013988 0.014250
0 0.619067 0.531875 0.010991 0.012000
0 0.601166 0.524375 0.019983 0.006000
0 0.208160 0.530000 0.011990 0.022500
0 0.792256 0.526875 0.012989 0.016500
0 0.243547 0.521875 0.010991 0.009000
0 0.020983 0.543438 0.041965 0.060750
0 0.539134 0.519687 0.014988 0.006750
0 0.569109 0.534375 0.040966 0.043500
0 0.396753 0.683750 0.390674 0.405000
0 0.693172 0.519375 0.010991 0.018000
0 0.472107 0.515625 0.011990 0.009000
0 0.451707 0.522813 0.052956 0.027750
0 0.862614 0.518437 0.029975 0.020250
0 0.213156 0.513437 0.013988 0.009750
0 0.851790 0.547188 0.171857 0.093750
0 0.303081 0.530937 0.095920 0.054750
0 0.272689 0.516563 0.022981 0.021750
0 0.829725 0.508750 0.036969 0.015000
0 0.570774 0.510625 0.016986 0.022500
0 0.031224 0.504375 0.016986 0.007500
0 0.635304 0.505313 0.017985 0.017250
0 0.600333 0.510938 0.055953 0.035250
0 0.913822 0.522813 0.058951 0.066750
0 0.873855 0.502500 0.022981 0.024000
0 0.577435 0.495312 0.016986 0.021750
0 0.635304 0.488438 0.019983 0.009750
0 0.552456 0.489687 0.032973 0.026250
0 0.117402 0.546562 0.211823 0.164250
0 0.099084 0.482812 0.019983 0.020250
0 0.612406 0.483750 0.024979 0.024000
0 0.635720 0.478750 0.012989 0.015000
0 0.042881 0.489687 0.066944 0.041250
0 0.186511 0.484063 0.033972 0.032250
0 0.500000 0.473750 0.020983 0.010500
0 0.804746 0.485312 0.090924 0.051750
0 0.127394 0.465625 0.019983 0.009000
0 0.248959 0.476562 0.033972 0.036750
0 0.298501 0.465000 0.030974 0.012000
0 0.870525 0.475938 0.072939 0.039750
0 0.794754 0.458750 0.018984 0.007500
0 0.696503 0.469062 0.062948 0.036750
0 0.824313 0.465938 0.037968 0.030750
0 0.603247 0.457500 0.016986 0.010500
0 0.008993 0.463750 0.017985 0.028500
0 0.782265 0.449375 0.018984 0.006000
0 0.190258 0.458125 0.012989 0.028500
0 0.863447 0.450313 0.009992 0.012750
0 0.815570 0.447500 0.024979 0.009000
0 0.202748 0.476562 0.128893 0.081750
0 0.688593 0.523438 0.241799 0.197250
0 0.651957 0.454375 0.055953 0.040500
0 0.631141 0.445625 0.019983 0.021000
0 0.251873 0.453750 0.066944 0.043500
0 0.084513 0.451250 0.054954 0.055500
0 0.656120 0.432500 0.009992 0.012000
0 0.015404 0.435312 0.016986 0.018750
0 0.719400 0.433750 0.021982 0.019500
0 0.179850 0.432188 0.037968 0.026250
0 0.149875 0.430625 0.045962 0.024000
0 0.128643 0.453125 0.070941 0.078000
0 0.540799 0.463438 0.182848 0.104250
0 0.854704 0.428750 0.062948 0.037500
0 0.730641 0.418438 0.016986 0.012750
0 0.032889 0.444375 0.060949 0.076500
0 0.415071 0.418438 0.028976 0.017250
0 0.765612 0.428125 0.086928 0.042000
0 0.572440 0.412813 0.018984 0.006750
0 0.315570 0.419375 0.073938 0.022500
0 0.616986 0.417812 0.043963 0.020250
0 0.206911 0.434375 0.060949 0.064500
0 0.124896 0.413438 0.013988 0.014250
0 0.644463 0.412500 0.017985 0.015000
0 0.799750 0.416563 0.084929 0.029250
0 0.210241 0.410313 0.044963 0.014250
0 0.172773 0.407500 0.016986 0.012000
0 0.450042 0.430000 0.096919 0.073500
0 0.007494 0.406250 0.014988 0.022500
0 0.306411 0.402500 0.053955 0.015000
0 0.410075 0.397500 0.018984 0.019500
0 0.215654 0.395000 0.027977 0.016500
0 0.051457 0.410938 0.102914 0.056250
0 0.116986 0.399375 0.102914 0.030000
0 0.367610 0.476562 0.284763 0.218250
0 0.506661 0.390937 0.018984 0.021750
0 0.174022 0.393750 0.037968 0.031500
0 0.659450 0.410000 0.113905 0.073500
0 0.583264 0.402187 0.062948 0.057750
0 0.714405 0.384062 0.069942 0.020250
0 0.746045 0.389062 0.043963 0.050250
0 0.010491 0.371875 0.020983 0.009000
0 0.646545 0.366563 0.012989 0.012750
0 0.577852 0.367188 0.009992 0.018750
0 0.734804 0.367812 0.012989 0.023250
0 0.139883 0.373125 0.057952 0.043500
0 0.230641 0.381875 0.123897 0.075000
0 0.150708 0.350625 0.013988 0.009000
0 0.589509 0.360312 0.119900 0.036750
0 0.056619 0.346875 0.013988 0.007500
0 0.665279 0.345625 0.013988 0.012000
0 0.735637 0.344062 0.050958 0.039750
0 0.231474 0.334062 0.023980 0.017250
0 0.414238 0.329688 0.014988 0.012750
0 0.455870 0.328750 0.016986 0.013500
0 0.168609 0.340938 0.032973 0.045750
0 0.144463 0.322500 0.014988 0.009000
0 0.061615 0.329062 0.039967 0.027750
0 0.544963 0.334375 0.136886 0.043500
0 0.080766 0.362812 0.143880 0.117750
0 0.211907 0.316250 0.104913 0.036000
0 0.094921 0.305312 0.011990 0.015750
0 0.562864 0.306250 0.037968 0.019500
0 0.260616 0.308125 0.021982 0.028500
0 0.460450 0.293125 0.037968 0.018000
0 0.674854 0.290000 0.016986 0.012000
0 0.179434 0.288750 0.026978 0.012000
0 0.363031 0.302500 0.049958 0.048000
0 0.145712 0.297187 0.049958 0.050250
0 0.656536 0.278750 0.022981 0.012000
0 0.203997 0.276875 0.019983 0.015000
0 0.422565 0.294375 0.118901 0.060000
0 0.112406 0.283750 0.027977 0.043500
0 0.239800 0.280625 0.057952 0.040500
0 0.502498 0.269375 0.016986 0.015000
0 0.471690 0.260937 0.012989 0.005250
0 0.368443 0.269688 0.070941 0.026250
0 0.085762 0.260313 0.015987 0.011250
0 0.605329 0.265937 0.083930 0.029250
0 0.409659 0.260625 0.029975 0.018000
0 0.342631 0.254688 0.012989 0.012750
0 0.248543 0.250937 0.010991 0.008250
0 0.392173 0.246875 0.011990 0.012000
0 0.327644 0.245312 0.018984 0.009750
0 0.548293 0.244688 0.028976 0.014250
0 0.278934 0.244062 0.011990 0.014250
0 0.213156 0.247812 0.071940 0.042750
0 0.461699 0.332500 0.602498 0.249000
0 0.462531 0.260313 0.118901 0.090750
0 0.384679 0.227187 0.007993 0.014250
0 0.491674 0.234375 0.018984 0.036000
0 0.261449 0.226875 0.027977 0.018000
0 0.238968 0.223438 0.021982 0.014250
0 0.019983 0.229687 0.039967 0.029250
0 0.461699 0.236563 0.038968 0.047250
0 0.543714 0.215312 0.017985 0.012750
0 0.360949 0.229687 0.052956 0.047250
0 0.325146 0.230625 0.122898 0.054000
0 0.461699 0.225312 0.040966 0.054750
0 0.594505 0.224062 0.065945 0.065250
0 0.408826 0.208437 0.077935 0.036750
0 0.170691 0.171563 0.025978 0.012750
0 0.483764 0.171563 0.011990 0.017250
0 0.470025 0.181250 0.050958 0.040500
0 0.469609 0.160312 0.019983 0.006750
0 0.177352 0.157812 0.009992 0.021750
0 0.358035 0.142500 0.071940 0.037500
0 0.600000 0.217875 1.000000 0.435750
