0 0.115781 0.923750 0.231562 0.152500
0 0.433594 0.826562 0.020625 0.043750
0 0.396484 0.819792 0.019688 0.030000
0 0.439844 0.796875 0.022500 0.035000
0 0.352344 0.771354 0.018750 0.013750
0 0.307812 0.763021 0.024375 0.021250
0 0.398047 0.767188 0.023438 0.041250
0 0.382422 0.752083 0.017813 0.015000
0 0.342578 0.752604 0.006563 0.021250
0 0.418750 0.750521 0.018750 0.028750
0 0.365625 0.753125 0.015000 0.037500
0 0.303125 0.743750 0.011250 0.015000
0 0.409766 0.730729 0.014063 0.013750
0 0.381641 0.730729 0.029062 0.021250
0 0.473828 0.735417 0.030937 0.035000
0 0.285938 0.729167 0.015000 0.025000
0 0.418359 0.726042 0.008437 0.020000
0 0.252734 0.720833 0.023438 0.017500
0 0.433203 0.718750 0.021562 0.025000
0 0.368750 0.713021 0.018750 0.018750
0 0.248438 0.706771 0.024375 0.013750
0 0.312891 0.705729 0.014063 0.016250
0 0.480469 0.701042 0.022500 0.022500
0 0.504687 0.700521 0.024375 0.031250
0 0.313672 0.728646 0.064687 0.098750
0 0.413672 0.692708 0.012188 0.017500
0 0.392578 0.710417 0.036562 0.060000
0 0.282031 0.692187 0.007500 0.018750
0 0.346875 0.713021 0.022500 0.071250
0 0.429297 0.692187 0.015938 0.026250
0 0.232031 0.689583 0.020625 0.025000
0 0.358203 0.680208 0.017813 0.022500
0 0.181641 0.675521 0.030937 0.026250
0 0.493359 0.673958 0.053437 0.027500
0 0.225000 0.669271 0.009375 0.016250
0 0.304688 0.680729 0.082500 0.053750
0 0.453906 0.672396 0.031875 0.036250
0 0.400000 0.664583 0.018750 0.022500
0 0.349609 0.661458 0.017813 0.020000
0 0.415234 0.653646 0.023438 0.018750
0 0.345313 0.643750 0.013125 0.012500
0 0.243359 0.663021 0.034687 0.061250
0 0.419531 0.640625 0.028125 0.012500
0 0.188672 0.650521 0.029062 0.036250
0 0.460938 0.647917 0.015000 0.032500
0 0.387500 0.661458 0.028125 0.065000
0 0.442578 0.636458 0.019688 0.012500
0 0.289062 0.645833 0.015000 0.035000
0 0.485156 0.645312 0.045000 0.048750
0 0.397656 0.637500 0.018750 0.030000
0 0.208203 0.635417 0.045937 0.027500
0 0.316016 0.644792 0.051562 0.062500
0 0.229297 0.624479 0.025312 0.021250
0 0.291406 0.618750 0.011250 0.017500
0 0.496484 0.627604 0.025312 0.046250
0 0.184375 0.610417 0.015000 0.010000
0 0.337500 0.613021 0.022500 0.026250
0 0.532031 0.610938 0.024375 0.028750
0 0.514844 0.625521 0.022500 0.063750
0 0.161719 0.605729 0.024375 0.023750
0 0.776406 0.756875 0.447187 0.486250
0 0.194141 0.606250 0.015938 0.027500
0 0.317969 0.601562 0.016875 0.023750
0 0.466406 0.609896 0.037500 0.051250
0 0.281250 0.609896 0.026250 0.053750
0 0.551562 0.593750 0.011250 0.027500
0 0.303906 0.591146 0.016875 0.021250
0 0.200781 0.597917 0.041250 0.037500
0 0.429688 0.591667 0.020625 0.027500
0 0.264453 0.614583 0.034687 0.092500
0 0.536328 0.585417 0.019688 0.025000
0 0.546094 0.575521 0.013125 0.011250
0 0.352734 0.588021 0.038437 0.041250
0 0.251563 0.618229 0.050625 0.113750
0 0.475000 0.579167 0.020625 0.022500
0 0.208594 0.583854 0.046875 0.046250
0 0.178125 0.572917 0.018750 0.032500
0 0.563672 0.567187 0.012188 0.026250
0 0.298828 0.561979 0.017813 0.023750
0 0.393359 0.562500 0.017813 0.027500
0 0.210156 0.556250 0.007500 0.012500
0 0.510938 0.559375 0.005625 0.022500
0 0.491406 0.568750 0.026250 0.045000
0 0.377734 0.597917 0.102187 0.117500
0 0.175000 0.559896 0.018750 0.028750
0 0.435547 0.563021 0.030937 0.038750
0 0.371094 0.556771 0.030000 0.028750
0 0.278516 0.548958 0.023438 0.020000
0 0.262109 0.555729 0.045937 0.036250
0 0.483594 0.544792 0.015000 0.012500
0 0.135937 0.555208 0.024375 0.040000
0 0.330078 0.541146 0.015938 0.016250
0 0.449219 0.556250 0.031875 0.055000
0 0.573438 0.540104 0.022500 0.018750
0 0.540625 0.553646 0.065625 0.063750
0 0.318359 0.560417 0.047812 0.085000
0 0.182812 0.531771 0.009375 0.016250
0 0.407031 0.547396 0.028125 0.056250
0 0.430078 0.533854 0.006563 0.026250
0 0.368750 0.532813 0.026250 0.023750
0 0.470703 0.534375 0.015938 0.035000
0 0.349219 0.529167 0.013125 0.022500
0 0.223828 0.548958 0.040313 0.072500
0 0.502734 0.529687 0.021562 0.028750
0 0.200781 0.526563 0.011250 0.021250
0 0.387500 0.531250 0.013125 0.042500
0 0.444531 0.519271 0.015000 0.026250
0 0.529297 0.520312 0.025312 0.033750
0 0.335156 0.516146 0.015000 0.023750
0 0.215234 0.509896 0.012188 0.021250
0 0.317188 0.509375 0.022500 0.032500
0 0.286328 0.507292 0.045937 0.027500
0 0.512109 0.505208 0.017813 0.027500
0 0.418359 0.505208 0.015938 0.030000
0 0.478906 0.503646 0.031875 0.028750
0 0.392188 0.504687 0.045000 0.031250
0 0.623047 0.504167 0.019688 0.042500
0 0.250391 0.512500 0.036562 0.062500
0 0.185156 0.503646 0.022500 0.043750
0 0.353516 0.499479 0.042188 0.043750
0 0.052344 0.489583 0.030000 0.022500
0 0.398047 0.479687 0.029062 0.018750
0 0.327344 0.478125 0.013125 0.027500
0 0.554297 0.497396 0.075938 0.078750
0 0.573047 0.471875 0.019688 0.022500
0 0.483203 0.473958 0.029062 0.035000
0 0.463672 0.466146 0.014063 0.018750
0 0.594141 0.465625 0.012188 0.020000
0 0.505859 0.472917 0.017813 0.037500
0 0.219922 0.464583 0.019688 0.017500
0 0.560156 0.461458 0.018750 0.025000
0 0.449219 0.455208 0.013125 0.015000
0 0.239453 0.452083 0.014063 0.010000
0 0.212891 0.485417 0.068437 0.097500
0 0.257422 0.461458 0.017813 0.042500
0 0.360547 0.456250 0.015938 0.032500
0 0.432031 0.478646 0.076875 0.088750
0 0.469141 0.446354 0.010312 0.013750
0 0.393750 0.448958 0.007500 0.022500
0 0.495312 0.445312 0.022500 0.026250
0 0.347266 0.456771 0.021562 0.053750
0 0.413281 0.435937 0.013125 0.013750
0 0.319141 0.441146 0.019688 0.028750
0 0.439063 0.438021 0.013125 0.028750
0 0.222266 0.440104 0.015938 0.036250
0 0.205469 0.435937 0.016875 0.028750
0 0.145313 0.436458 0.033750 0.030000
0 0.531641 0.445833 0.055313 0.062500
0 0.427344 0.424479 0.013125 0.011250
0 0.361328 0.423958 0.019688 0.015000
0 0.552734 0.433333 0.027187 0.040000
0 0.407813 0.422917 0.011250 0.015000
0 0.276953 0.453125 0.051562 0.087500
0 0.564844 0.436458 0.031875 0.055000
0 0.487891 0.422396 0.006563 0.023750
0 0.470703 0.429688 0.030937 0.043750
0 0.584766 0.430729 0.036562 0.056250
0 0.373437 0.407292 0.013125 0.015000
0 0.524219 0.408333 0.018750 0.027500
0 0.265625 0.404687 0.011250 0.023750
0 0.391016 0.415625 0.023438 0.055000
0 0.321094 0.399479 0.020625 0.018750
0 0.403125 0.402083 0.030000 0.030000
0 0.290234 0.430208 0.044062 0.100000
0 0.223047 0.400000 0.010312 0.027500
0 0.600391 0.396354 0.019688 0.023750
0 0.516797 0.388542 0.012188 0.012500
0 0.498437 0.400521 0.011250 0.041250
0 0.457422 0.391146 0.025312 0.021250
0 0.241406 0.404167 0.026250 0.057500
0 0.496875 0.377604 0.011250 0.011250
0 0.410547 0.385937 0.012188 0.033750
0 0.344141 0.397396 0.044062 0.068750
0 0.520703 0.374479 0.012188 0.016250
0 0.426953 0.382812 0.023438 0.041250
0 0.309766 0.376563 0.015938 0.033750
0 0.207031 0.365104 0.009375 0.011250
0 0.234766 0.369792 0.044062 0.037500
0 0.258594 0.372396 0.024375 0.056250
0 0.465234 0.376042 0.059062 0.077500
0 0.603516 0.352083 0.030937 0.030000
0 0.527344 0.354167 0.020625 0.035000
0 0.390625 0.358854 0.028125 0.056250
0 0.576953 0.349479 0.021562 0.036250
0 0.370703 0.355729 0.034687 0.073750
0 0.559766 0.367708 0.072187 0.107500
0 0.251563 0.330208 0.022500 0.017500
0 0.338672 0.331771 0.008437 0.026250
0 0.637109 0.329167 0.030937 0.022500
0 0.671875 0.334375 0.020625 0.037500
0 0.282031 0.361979 0.048750 0.106250
0 0.169922 0.327604 0.021562 0.023750
0 0.532813 0.330208 0.039375 0.045000
0 0.190234 0.328646 0.019688 0.043750
0 0.471484 0.318229 0.017813 0.023750
0 0.327734 0.318229 0.014063 0.023750
0 0.496484 0.336979 0.030937 0.076250
0 0.175391 0.315104 0.017813 0.026250
0 0.398438 0.328646 0.020625 0.063750
0 0.281641 0.310417 0.012188 0.020000
0 0.264062 0.309375 0.020625 0.022500
0 0.567969 0.313021 0.024375 0.038750
0 0.319531 0.330729 0.039375 0.091250
0 0.483984 0.295833 0.012188 0.012500
0 0.326562 0.298958 0.013125 0.020000
0 0.550391 0.296875 0.010312 0.017500
0 0.408203 0.305729 0.015938 0.041250
0 0.446875 0.316146 0.048750 0.073750
0 0.468359 0.291667 0.021562 0.020000
0 0.107813 0.301042 0.026250 0.042500
0 0.305859 0.284896 0.017813 0.008750
0 0.277344 0.285938 0.018750 0.026250
0 0.518359 0.288021 0.044062 0.043750
0 0.403516 0.276042 0.014063 0.022500
0 0.639844 0.271875 0.026250 0.020000
0 0.356641 0.306250 0.051562 0.105000
0 0.541797 0.274479 0.015938 0.033750
0 0.307422 0.265625 0.030937 0.035000
0 0.418359 0.262500 0.017813 0.030000
0 0.490234 0.268229 0.029062 0.046250
0 0.473047 0.264583 0.012188 0.040000
0 0.194531 0.250521 0.009375 0.011250
0 0.279297 0.255729 0.023438 0.033750
0 0.341016 0.250000 0.012188 0.022500
0 0.326953 0.253646 0.017813 0.046250
0 0.311328 0.242188 0.012188 0.018750
0 0.363672 0.252083 0.015938 0.050000
0 0.497266 0.239063 0.017813 0.021250
0 0.463281 0.235417 0.016875 0.015000
0 0.207422 0.242188 0.023438 0.033750
0 0.382422 0.266667 0.027187 0.107500
0 0.348047 0.228646 0.015938 0.023750
0 0.519531 0.239063 0.033750 0.061250
0 0.452734 0.221354 0.010312 0.021250
0 0.323828 0.220312 0.025312 0.018750
0 0.494141 0.217708 0.019688 0.027500
0 0.422656 0.243750 0.056250 0.092500
0 0.294141 0.214062 0.006563 0.023750
0 0.352734 0.204687 0.021562 0.023750
0 0.301172 0.213542 0.021562 0.047500
0 0.498828 0.191146 0.017813 0.008750
0 0.472266 0.202083 0.027187 0.040000
0 0.430469 0.206771 0.033750 0.051250
0 0.541406 0.202083 0.026250 0.042500
0 0.525781 0.212500 0.039375 0.072500
0 0.385547 0.199479 0.019688 0.048750
0 0.328125 0.192188 0.024375 0.038750
0 0.199219 0.193229 0.026250 0.041250
0 0.425781 0.177083 0.011250 0.010000
0 0.450391 0.185417 0.019688 0.040000
0 0.480469 0.178646 0.018750 0.043750
0 0.410156 0.172396 0.015000 0.041250
0 0.489453 0.159375 0.025312 0.025000
0 0.451953 0.157812 0.023438 0.021250
0 0.499609 0.155208 0.019688 0.027500
0 0.428125 0.150000 0.024375 0.040000
0 0.455078 0.138542 0.027187 0.032500
0 0.739844 0.234375 0.520312 0.468750
0 0.133125 0.110625 0.266250 0.221250
