0 0.643750 0.928125 0.018750 0.045000
0 0.687109 0.922396 0.023438 0.046250
0 0.689844 0.884896 0.022500 0.028750
0 0.535156 0.881771 0.018750 0.021250
0 0.546094 0.876563 0.009375 0.016250
0 0.589063 0.872917 0.020625 0.030000
0 0.532422 0.861458 0.019688 0.022500
0 0.639062 0.864583 0.022500 0.047500
0 0.613672 0.855208 0.038437 0.040000
0 0.508594 0.840104 0.016875 0.018750
0 0.496875 0.833854 0.011250 0.021250
0 0.470313 0.838542 0.035625 0.037500
0 0.660547 0.838021 0.023438 0.041250
0 0.555078 0.824479 0.014063 0.011250
0 0.566016 0.825000 0.012188 0.030000
0 0.537500 0.817187 0.020625 0.016250
0 0.441797 0.816667 0.034687 0.022500
0 0.480469 0.813542 0.015000 0.022500
0 0.388281 0.813021 0.030000 0.031250
0 0.721484 0.807292 0.032813 0.052500
0 0.426172 0.794792 0.036562 0.040000
0 0.392188 0.783854 0.030000 0.033750
0 0.725391 0.775000 0.021562 0.032500
0 0.569141 0.800000 0.072187 0.115000
0 0.590234 0.755729 0.014063 0.028750
0 0.634375 0.789062 0.116250 0.113750
0 0.351562 0.751042 0.020625 0.025000
0 0.490625 0.736979 0.009375 0.013750
0 0.356250 0.740104 0.024375 0.026250
0 0.738281 0.753646 0.063750 0.061250
0 0.389062 0.734896 0.028125 0.028750
0 0.455469 0.739062 0.022500 0.041250
0 0.585547 0.734375 0.062812 0.032500
0 0.712109 0.723437 0.010312 0.013750
0 0.671094 0.727083 0.020625 0.022500
0 0.483984 0.796875 0.222187 0.190000
0 0.647266 0.728125 0.030937 0.037500
0 0.621094 0.724479 0.022500 0.036250
0 0.673047 0.710417 0.023438 0.017500
0 0.548828 0.713021 0.066562 0.033750
0 0.489844 0.708854 0.031875 0.026250
0 0.508594 0.705208 0.005625 0.022500
0 0.592578 0.708333 0.008437 0.032500
0 0.712109 0.725000 0.081562 0.087500
0 0.663281 0.695833 0.016875 0.020000
0 0.755859 0.697917 0.021562 0.030000
0 0.528516 0.696354 0.038437 0.031250
0 0.473438 0.686458 0.016875 0.015000
0 0.673047 0.688021 0.017813 0.021250
0 0.323828 0.690625 0.023438 0.047500
0 0.424609 0.682292 0.029062 0.035000
0 0.733203 0.686979 0.025312 0.048750
0 0.497266 0.676562 0.012188 0.023750
0 0.467578 0.672917 0.034687 0.025000
0 0.405078 0.708854 0.105937 0.121250
0 0.630078 0.671354 0.038437 0.033750
0 0.773438 0.659375 0.026250 0.027500
0 0.576172 0.677604 0.139687 0.076250
0 0.455859 0.688542 0.066562 0.105000
0 0.719141 0.653125 0.017813 0.025000
0 0.490234 0.664062 0.062812 0.053750
0 0.579297 0.657813 0.085312 0.048750
0 0.635547 0.646875 0.017813 0.027500
0 0.412109 0.652083 0.034687 0.045000
0 0.672266 0.638542 0.015938 0.017500
0 0.517578 0.643229 0.029062 0.031250
0 0.678516 0.663021 0.087188 0.083750
0 0.226172 0.639062 0.030937 0.028750
0 0.492188 0.632812 0.060000 0.033750
0 0.738672 0.655208 0.062812 0.097500
0 0.449609 0.627604 0.034687 0.036250
0 0.394922 0.619271 0.032813 0.031250
0 0.378906 0.632812 0.043125 0.071250
0 0.734766 0.605729 0.023438 0.033750
0 0.705078 0.603125 0.029062 0.030000
0 0.540234 0.617708 0.047812 0.065000
0 0.768359 0.616146 0.074063 0.073750
0 0.618750 0.617188 0.043125 0.076250
0 0.760938 0.588021 0.024375 0.026250
0 0.799219 0.594792 0.026250 0.047500
0 0.725391 0.583854 0.012188 0.021250
0 0.688672 0.587500 0.029062 0.042500
0 0.462500 0.571354 0.011250 0.011250
0 0.403516 0.572396 0.025312 0.016250
0 0.447656 0.578646 0.022500 0.033750
0 0.722266 0.575000 0.032813 0.027500
0 0.574219 0.604688 0.101250 0.108750
0 0.401172 0.604688 0.087188 0.113750
0 0.711328 0.558854 0.012188 0.011250
0 0.435937 0.567187 0.013125 0.033750
0 0.479687 0.557813 0.016875 0.016250
0 0.784375 0.553125 0.024375 0.012500
0 0.319531 0.561458 0.033750 0.032500
0 0.430469 0.554167 0.043125 0.027500
0 0.760938 0.564583 0.063750 0.065000
0 0.382422 0.546354 0.030937 0.033750
0 0.545312 0.543229 0.030000 0.031250
0 0.401953 0.545312 0.019688 0.041250
0 0.576562 0.539583 0.033750 0.032500
0 0.489453 0.535937 0.025312 0.036250
0 0.721094 0.539062 0.063750 0.048750
0 0.671484 0.520312 0.010312 0.008750
0 0.556641 0.524479 0.021562 0.021250
0 0.572266 0.518229 0.012188 0.013750
0 0.527344 0.546354 0.030000 0.083750
0 0.490234 0.563542 0.083437 0.132500
0 0.470313 0.517188 0.016875 0.026250
0 0.725781 0.511979 0.018750 0.016250
0 0.693359 0.522917 0.055313 0.042500
0 0.654297 0.520312 0.036562 0.048750
0 0.865234 0.519792 0.025312 0.050000
0 0.634766 0.511458 0.019688 0.035000
0 0.745703 0.505208 0.025312 0.022500
0 0.800391 0.535417 0.077812 0.100000
0 0.660156 0.485417 0.013125 0.015000
0 0.444922 0.517188 0.094687 0.106250
0 0.412891 0.492188 0.042188 0.051250
0 0.812891 0.472396 0.014063 0.018750
0 0.539062 0.488021 0.097500 0.068750
0 0.633203 0.550000 0.143437 0.237500
0 0.602734 0.465104 0.040313 0.041250
0 0.689063 0.438021 0.016875 0.013750
0 0.673047 0.442188 0.012188 0.023750
0 0.526563 0.446875 0.058125 0.035000
0 0.617578 0.441146 0.012188 0.026250
0 0.437500 0.460417 0.150000 0.072500
0 0.584375 0.439063 0.007500 0.026250
0 0.435547 0.430729 0.006563 0.023750
0 0.604297 0.430729 0.025312 0.026250
0 0.711719 0.463021 0.153750 0.111250
0 0.833594 0.420833 0.007500 0.015000
0 0.564063 0.431771 0.035625 0.041250
0 0.543359 0.423958 0.014063 0.022500
0 0.342187 0.428125 0.045000 0.055000
0 0.730469 0.413542 0.035625 0.025000
0 0.460547 0.414583 0.012188 0.030000
0 0.602734 0.407292 0.010312 0.015000
0 0.499609 0.420833 0.079687 0.052500
0 0.262109 0.419792 0.025312 0.052500
0 0.540625 0.403125 0.052500 0.025000
0 0.825781 0.400521 0.024375 0.021250
0 0.576562 0.406250 0.043125 0.047500
0 0.442188 0.403646 0.071250 0.063750
0 0.548047 0.383854 0.010312 0.028750
0 0.666797 0.417187 0.130312 0.118750
0 0.558984 0.370833 0.012188 0.017500
0 0.680859 0.367188 0.027187 0.018750
0 0.795312 0.362500 0.024375 0.020000
0 0.457031 0.359375 0.046875 0.035000
0 0.699219 0.350521 0.018750 0.023750
0 0.671484 0.350521 0.019688 0.028750
0 0.825000 0.351562 0.035625 0.033750
0 0.654687 0.350000 0.024375 0.035000
0 0.768750 0.341667 0.011250 0.017500
0 0.350781 0.341667 0.009375 0.017500
0 0.721875 0.344271 0.007500 0.028750
0 0.712500 0.336458 0.013125 0.020000
0 0.611719 0.365104 0.080625 0.091250
0 0.773047 0.430208 0.145313 0.257500
0 0.614844 0.327083 0.024375 0.025000
0 0.360938 0.329167 0.024375 0.035000
0 0.637891 0.320312 0.023438 0.026250
0 0.725391 0.314063 0.012188 0.018750
0 0.443359 0.324479 0.021562 0.043750
0 0.587891 0.335938 0.036562 0.073750
0 0.862500 0.317188 0.033750 0.031250
0 0.902734 0.315625 0.025312 0.047500
0 0.555469 0.329167 0.063750 0.082500
0 0.766016 0.315104 0.057188 0.051250
0 0.502734 0.351562 0.128438 0.148750
0 0.678906 0.294792 0.015000 0.027500
0 0.602344 0.298438 0.026250 0.038750
0 0.512500 0.298958 0.011250 0.040000
0 0.468359 0.288542 0.036562 0.055000
0 0.743750 0.281250 0.020625 0.047500
0 0.612500 0.271354 0.028125 0.031250
0 0.348828 0.280208 0.025312 0.052500
0 0.574219 0.268229 0.016875 0.028750
0 0.660547 0.282813 0.115312 0.073750
0 0.476562 0.271354 0.058125 0.046250
0 0.652734 0.257292 0.023438 0.022500
0 0.696094 0.287500 0.103125 0.105000
0 0.857031 0.255208 0.033750 0.035000
0 0.536328 0.268750 0.075938 0.072500
0 0.585938 0.253125 0.043125 0.037500
0 0.690234 0.248958 0.029062 0.035000
0 0.634766 0.251563 0.021562 0.051250
0 0.505859 0.243229 0.059062 0.048750
0 0.549609 0.228646 0.034687 0.036250
0 0.603516 0.231771 0.051562 0.051250
0 0.726562 0.225521 0.028125 0.043750
0 0.626172 0.215625 0.006563 0.020000
0 0.679297 0.226562 0.094687 0.061250
0 0.610547 0.205729 0.034687 0.036250
0 0.705859 0.196354 0.023438 0.038750
0 0.577344 0.200000 0.022500 0.052500
0 0.735547 0.195312 0.029062 0.046250
0 0.673828 0.157292 0.036562 0.035000
0 0.641016 0.171354 0.124687 0.096250
0 0.532031 0.570000 1.000000 1.000000
