0 0.845625 0.996503 0.013500 0.006994
0 0.121875 0.995504 0.012000 0.008993
0 0.500938 0.995004 0.014250 0.009992
0 0.730625 0.994005 0.009000 0.011990
0 0.749062 0.993505 0.024750 0.012989
0 0.240313 0.993755 0.009750 0.010991
0 0.489063 0.992506 0.014250 0.014988
0 0.480625 0.990008 0.013500 0.005995
0 0.590313 0.992007 0.009750 0.015987
0 0.982812 0.991507 0.012750 0.016986
0 0.933750 0.991507 0.007500 0.016986
0 0.195625 0.992090 0.007500 0.014988
0 0.174687 0.991007 0.026250 0.017985
0 0.038125 0.990508 0.007500 0.018984
0 0.801562 0.990008 0.012750 0.019983
0 0.995875 0.988759 0.008250 0.014988
0 0.911563 0.989509 0.011250 0.020983
0 0.815000 0.987510 0.009000 0.011990
0 0.533125 0.989509 0.016500 0.020983
0 0.646563 0.988343 0.011250 0.015987
0 0.557500 0.988759 0.015000 0.016986
0 0.628125 0.985845 0.009000 0.013988
0 0.519062 0.986678 0.011250 0.019983
0 0.573438 0.986511 0.021750 0.026978
0 0.730938 0.986012 0.026250 0.027977
0 0.594063 0.986261 0.018750 0.022981
0 0.635938 0.979600 0.009750 0.012989
0 0.430312 0.978768 0.009750 0.010991
0 0.312188 0.978768 0.012750 0.010991
0 0.496875 0.979600 0.010500 0.016986
0 0.481563 0.978351 0.006750 0.013988
0 0.400313 0.977935 0.014250 0.012989
0 0.341562 0.979184 0.014250 0.015987
0 0.085938 0.983514 0.032250 0.032973
0 0.013500 0.983514 0.027000 0.032973
0 0.457500 0.981682 0.019500 0.025978
0 0.620000 0.978768 0.016500 0.020983
0 0.469687 0.978351 0.018750 0.019983
0 0.825625 0.976270 0.007500 0.016986
0 0.550000 0.976270 0.018000 0.016986
0 0.439688 0.973356 0.015750 0.011990
0 0.320312 0.975853 0.008250 0.017985
0 0.608437 0.975437 0.011250 0.018984
0 0.020938 0.974604 0.012750 0.016986
0 0.761250 0.981016 0.019500 0.037968
0 0.261250 0.972523 0.025500 0.015987
0 0.417187 0.972523 0.017250 0.023980
0 0.726875 0.970441 0.009000 0.020983
0 0.500625 0.968360 0.010500 0.015987
0 0.872188 0.976520 0.036750 0.046961
0 0.997000 0.969609 0.006000 0.022981
0 0.242812 0.967527 0.027750 0.017985
0 0.204375 0.966278 0.016500 0.014988
0 0.669063 0.967527 0.023250 0.019983
0 0.166563 0.962948 0.014250 0.008993
0 0.626563 0.966278 0.009750 0.018984
0 0.447188 0.963364 0.008250 0.011990
0 0.348438 0.966694 0.017250 0.019983
0 0.194688 0.962115 0.006750 0.008993
0 0.386562 0.966694 0.044250 0.021982
0 0.967187 0.974022 0.053250 0.051957
0 0.455313 0.962948 0.008250 0.014988
0 0.894062 0.960866 0.005250 0.011990
0 0.187812 0.963780 0.005250 0.018984
0 0.508750 0.958784 0.013500 0.008993
0 0.218750 0.965029 0.016500 0.023980
0 0.748437 0.972523 0.020250 0.043963
0 0.009375 0.962531 0.007500 0.019983
0 0.587500 0.957535 0.013500 0.009992
0 0.834688 0.956703 0.009750 0.009992
0 0.826562 0.960450 0.008250 0.018984
0 0.573750 0.964613 0.021000 0.028976
0 0.233750 0.959617 0.021000 0.018984
0 0.865000 0.958368 0.012000 0.017985
0 0.675937 0.956703 0.012750 0.013988
0 0.004125 0.961699 0.008250 0.025978
0 0.841562 0.970025 0.041250 0.059950
0 0.790625 0.970025 0.031500 0.047960
0 0.439375 0.957952 0.010500 0.018984
0 0.138750 0.953372 0.010500 0.007993
0 0.394375 0.955037 0.013500 0.013988
0 0.246250 0.954205 0.007500 0.011990
0 0.975000 0.955037 0.007500 0.015987
0 0.216250 0.951707 0.018000 0.007993
0 0.689063 0.958784 0.023250 0.026978
0 0.564375 0.954621 0.007500 0.016986
0 0.322188 0.960033 0.045750 0.029975
0 0.806250 0.951707 0.009000 0.011990
0 0.643750 0.951291 0.012000 0.010991
0 0.180312 0.956286 0.023250 0.022981
0 0.537188 0.953789 0.009750 0.018984
0 0.600313 0.955454 0.012750 0.024979
0 0.552813 0.958784 0.018750 0.032973
0 0.254063 0.951707 0.006750 0.015987
0 0.362500 0.959201 0.022500 0.035970
0 0.284375 0.950042 0.024000 0.013988
0 0.953125 0.947960 0.010500 0.010991
0 0.423125 0.950874 0.007500 0.017985
0 0.657813 0.947960 0.006750 0.012989
0 0.626563 0.948376 0.011250 0.013988
0 0.327188 0.947544 0.015750 0.015987
0 0.009687 0.946295 0.015750 0.012989
0 0.208125 0.945462 0.012000 0.012989
0 0.142813 0.945878 0.011250 0.013988
0 0.382500 0.946295 0.015000 0.016986
0 0.987625 0.965029 0.024750 0.063947
0 0.224688 0.942548 0.009750 0.009992
0 0.370625 0.946295 0.015000 0.020983
0 0.521563 0.954621 0.020250 0.042964
0 0.450313 0.945046 0.015750 0.019983
0 0.351250 0.942964 0.012000 0.014988
0 0.712187 0.940883 0.011250 0.011990
0 0.119688 0.946295 0.011250 0.024979
0 0.928125 0.960533 0.096000 0.078934
0 0.586562 0.943381 0.014250 0.021982
0 0.410313 0.940466 0.009750 0.014988
0 0.765625 0.963031 0.037500 0.073938
0 0.681562 0.937968 0.008250 0.012989
0 0.493750 0.940883 0.012000 0.019983
0 0.269688 0.938801 0.006750 0.016986
0 0.236875 0.936303 0.012000 0.010991
0 0.057500 0.960033 0.078000 0.079933
0 0.109063 0.937136 0.009750 0.014988
0 0.397813 0.940466 0.015750 0.024979
0 0.689375 0.932973 0.009000 0.010991
0 0.250625 0.935470 0.013500 0.016986
0 0.789062 0.941299 0.036750 0.032973
0 0.260313 0.939217 0.014250 0.027977
0 0.639062 0.936719 0.012750 0.023980
0 0.278125 0.933805 0.013500 0.016986
0 0.151875 0.940050 0.022500 0.031973
0 0.453125 0.930475 0.009000 0.010991
0 0.013125 0.933389 0.021000 0.017985
0 0.621875 0.934638 0.027000 0.024979
0 0.536563 0.932973 0.012750 0.020983
0 0.781563 0.932973 0.008250 0.022981
0 0.851250 0.936303 0.043500 0.034971
0 0.824688 0.955037 0.056250 0.079933
0 0.510938 0.933805 0.027750 0.028976
0 0.415938 0.926311 0.012750 0.010991
0 0.061562 0.930058 0.030750 0.019983
0 0.406562 0.928393 0.008250 0.017985
0 0.187500 0.930475 0.031500 0.022981
0 0.130000 0.929642 0.012000 0.020983
0 0.381875 0.929642 0.012000 0.022981
0 0.940937 0.931307 0.017250 0.028976
0 0.591875 0.924646 0.019500 0.014988
0 0.698438 0.923813 0.008250 0.014988
0 0.660312 0.926728 0.020250 0.023980
0 0.622812 0.924230 0.009750 0.017985
0 0.605625 0.930058 0.018000 0.031973
0 0.469375 0.944629 0.021000 0.066944
0 0.561562 0.924646 0.008250 0.022981
0 0.360000 0.922148 0.022500 0.016986
0 0.577500 0.925062 0.012000 0.025978
0 0.960313 0.925895 0.021750 0.029975
0 0.401250 0.921316 0.006000 0.018984
0 0.813125 0.924646 0.021000 0.028976
0 0.436563 0.929642 0.029250 0.040966
0 0.222188 0.925062 0.021750 0.029975
0 0.047188 0.922981 0.014250 0.024979
0 0.729375 0.915071 0.010500 0.007993
0 0.324688 0.918818 0.011250 0.016986
0 0.704688 0.916736 0.006750 0.013988
0 0.652500 0.918818 0.010500 0.018984
0 0.523438 0.918401 0.006750 0.017985
0 0.184688 0.915487 0.008250 0.010991
0 0.618750 0.914654 0.009000 0.010991
0 0.208125 0.921732 0.010500 0.027977
0 0.639062 0.916320 0.015750 0.016986
0 0.394688 0.916320 0.015750 0.016986
0 0.302500 0.918818 0.007500 0.022981
0 0.373750 0.914654 0.009000 0.016986
0 0.173750 0.916320 0.016500 0.020983
0 0.449062 0.912157 0.017250 0.012989
0 0.288750 0.912989 0.013500 0.014988
0 0.251875 0.911324 0.012000 0.010991
0 0.889062 0.914238 0.017250 0.019983
0 0.685000 0.914654 0.010500 0.020983
0 0.647813 0.910075 0.008250 0.009992
0 0.801875 0.915903 0.010500 0.025978
0 0.104375 0.910075 0.012000 0.011990
0 0.460313 0.913405 0.011250 0.021982
0 0.382500 0.910908 0.012000 0.015987
0 0.352812 0.909242 0.009750 0.011990
0 0.531563 0.910491 0.020250 0.016986
0 0.241875 0.915487 0.019500 0.028976
0 0.852812 0.908410 0.005250 0.013988
0 0.549687 0.917152 0.021750 0.034971
0 0.406875 0.909659 0.007500 0.016986
0 0.149062 0.914654 0.008250 0.028976
0 0.298750 0.907577 0.009000 0.013988
0 0.977125 0.923813 0.045750 0.054954
0 0.638437 0.904663 0.008250 0.008993
0 0.713437 0.905495 0.014250 0.012989
0 0.431250 0.908410 0.009000 0.019983
0 0.793438 0.910491 0.008250 0.026978
0 0.743437 0.906328 0.011250 0.016986
0 0.627500 0.902165 0.012000 0.008993
0 0.207813 0.901749 0.014250 0.009992
0 0.175000 0.901749 0.012000 0.009992
0 0.089375 0.907577 0.016500 0.023980
0 0.705000 0.904246 0.009000 0.017985
0 0.414375 0.902581 0.010500 0.013988
0 0.389688 0.902998 0.012750 0.014988
0 0.442500 0.900916 0.006000 0.011990
0 0.400313 0.902165 0.006750 0.014988
0 0.247500 0.900500 0.012000 0.010991
0 0.221250 0.904246 0.013500 0.019983
0 0.108750 0.900083 0.009000 0.009992
0 0.580000 0.902165 0.006000 0.018984
0 0.322813 0.902165 0.014250 0.018984
0 0.810625 0.902165 0.021000 0.020983
0 0.680312 0.900500 0.008250 0.016986
0 0.510000 0.901332 0.013500 0.018984
0 0.274687 0.900500 0.014250 0.016986
0 0.190000 0.900500 0.009000 0.016986
0 0.126875 0.910075 0.037500 0.039967
0 0.882812 0.902998 0.011250 0.024979
0 0.750625 0.895504 0.013500 0.010991
0 0.655937 0.897585 0.020250 0.015987
0 0.832500 0.910075 0.040500 0.047960
0 0.629375 0.894255 0.015000 0.011990
0 0.565625 0.899667 0.027000 0.026978
0 0.381563 0.895087 0.009750 0.015987
0 0.352187 0.895087 0.015750 0.015987
0 0.311250 0.896753 0.016500 0.019983
0 0.644062 0.895087 0.005250 0.017985
0 0.614062 0.894671 0.012750 0.016986
0 0.502188 0.892590 0.011250 0.011990
0 0.277813 0.892173 0.008250 0.010991
0 0.586250 0.893006 0.015000 0.014988
0 0.361250 0.893422 0.006000 0.017985
0 0.121250 0.891757 0.010500 0.013988
0 0.548750 0.891341 0.012000 0.014988
0 0.331562 0.893006 0.011250 0.018984
0 0.300312 0.891341 0.006750 0.014988
0 0.146875 0.891757 0.013500 0.015987
0 0.230625 0.888843 0.009000 0.012989
0 0.177500 0.888843 0.012000 0.012989
0 0.941250 0.889675 0.015000 0.016986
0 0.737187 0.893006 0.024750 0.026978
0 0.491563 0.899251 0.023250 0.041965
0 0.197187 0.884679 0.009750 0.006994
0 0.686250 0.890092 0.006000 0.021982
0 0.449375 0.891757 0.019500 0.027977
0 0.390313 0.885096 0.014250 0.011990
0 0.085625 0.886345 0.013500 0.014988
0 0.840313 0.885928 0.008250 0.015987
0 0.162500 0.886761 0.012000 0.017985
0 0.014063 0.889675 0.015750 0.024979
0 0.462500 0.884679 0.007500 0.014988
0 0.631563 0.883014 0.009750 0.012989
0 0.071563 0.888426 0.009750 0.025978
0 0.893750 0.890092 0.031500 0.031973
0 0.514062 0.888843 0.032250 0.028976
0 0.410000 0.883430 0.012000 0.015987
0 0.949688 0.883847 0.014250 0.018984
0 0.828750 0.892590 0.021000 0.039967
0 0.760312 0.891757 0.012750 0.039967
0 0.138750 0.881765 0.009000 0.015987
0 0.619062 0.878435 0.011250 0.013988
0 0.476875 0.877602 0.009000 0.011990
0 0.213438 0.880516 0.009750 0.018984
0 0.020625 0.877186 0.007500 0.010991
0 0.873437 0.883014 0.014250 0.026978
0 0.498125 0.875937 0.009000 0.009992
0 0.175625 0.877602 0.012000 0.013988
0 0.334062 0.879684 0.012750 0.020983
0 0.859062 0.878851 0.012750 0.024979
0 0.574375 0.874271 0.016500 0.015987
0 0.275313 0.878851 0.024750 0.026978
0 0.651250 0.878851 0.012000 0.028976
0 0.536563 0.873855 0.008250 0.016986
0 0.471875 0.877186 0.010500 0.024979
0 0.463125 0.873022 0.010500 0.014988
0 0.677188 0.878435 0.020250 0.029975
0 0.347500 0.877186 0.021000 0.028976
0 0.005250 0.876353 0.010500 0.026978
0 0.882500 0.870525 0.019500 0.014988
0 0.710313 0.875104 0.023250 0.025978
0 0.604688 0.875937 0.017250 0.027977
0 0.315937 0.872190 0.009750 0.018984
0 0.618750 0.869276 0.013500 0.013988
0 0.275313 0.870108 0.011250 0.015987
0 0.695312 0.870525 0.014250 0.018984
0 0.017188 0.870525 0.018750 0.018984
0 0.149688 0.870108 0.018750 0.019983
0 0.113750 0.866778 0.010500 0.013988
0 0.239063 0.870108 0.017250 0.023980
0 0.101562 0.870525 0.011250 0.024979
0 0.735938 0.868443 0.029250 0.021982
0 0.368750 0.870108 0.024000 0.025978
0 0.453437 0.865529 0.017250 0.016986
0 0.660000 0.863447 0.010500 0.013988
0 0.194062 0.868859 0.011250 0.026978
0 0.688750 0.864696 0.012000 0.018984
0 0.385313 0.870525 0.017250 0.032973
0 0.960000 0.879684 0.033000 0.056953
0 0.163438 0.866361 0.015750 0.024979
0 0.141875 0.862198 0.012000 0.014988
0 0.849063 0.877602 0.026250 0.053955
0 0.581250 0.860117 0.007500 0.011990
0 0.440937 0.861782 0.006750 0.015987
0 0.863125 0.868443 0.024000 0.033972
0 0.649687 0.859700 0.009750 0.012989
0 0.540312 0.861782 0.023250 0.017985
0 0.419063 0.866778 0.009750 0.029975
0 0.613437 0.857202 0.015750 0.008993
0 0.525937 0.859700 0.012750 0.014988
0 0.567813 0.858868 0.009750 0.014988
0 0.296875 0.861366 0.015000 0.020983
0 0.217500 0.858451 0.013500 0.015987
0 0.206563 0.855953 0.012750 0.009992
0 0.909625 0.905495 0.180750 0.130891
0 0.667813 0.858035 0.005250 0.016986
0 0.482500 0.859700 0.015000 0.020983
0 0.395313 0.857619 0.011250 0.015987
0 0.319375 0.858035 0.015000 0.018984
0 0.127812 0.853872 0.009750 0.008993
0 0.057188 0.858868 0.024750 0.020983
0 0.964375 0.853455 0.007500 0.009992
0 0.909375 0.860949 0.016500 0.029975
0 0.072500 0.855121 0.007500 0.017985
0 0.561562 0.851374 0.015750 0.012989
0 0.508437 0.860533 0.024750 0.034971
0 0.250312 0.851790 0.011250 0.013988
0 0.750938 0.854288 0.014250 0.021982
0 0.590000 0.854288 0.013500 0.021982
0 0.116250 0.851374 0.007500 0.014988
0 0.739375 0.851374 0.009000 0.016986
0 0.092500 0.860117 0.019500 0.037968
0 0.905625 0.869692 0.033000 0.062948
0 0.782188 0.856786 0.017250 0.031973
0 0.422187 0.850541 0.014250 0.016986
0 0.061562 0.850125 0.011250 0.015987
0 0.794063 0.862198 0.027750 0.046961
0 0.772500 0.850125 0.009000 0.017985
0 0.698125 0.847627 0.012000 0.011990
0 0.443750 0.847627 0.010500 0.013988
0 0.894687 0.846794 0.006750 0.013988
0 0.688438 0.848460 0.011250 0.017985
0 0.296875 0.844296 0.012000 0.011990
0 0.316875 0.845129 0.012000 0.015987
0 0.200000 0.845129 0.006000 0.015987
0 0.990625 0.848876 0.018750 0.026978
0 0.875313 0.853039 0.038250 0.036969
0 0.454688 0.843047 0.012750 0.012989
0 0.365625 0.841799 0.007500 0.009992
0 0.556562 0.840966 0.015750 0.009992
0 0.106875 0.843880 0.009000 0.016986
0 0.819063 0.842631 0.014250 0.015987
0 0.744062 0.838884 0.008250 0.006994
0 0.052500 0.840550 0.010500 0.010991
0 0.714688 0.843880 0.012750 0.020983
0 0.234687 0.843880 0.021750 0.020983
0 0.260937 0.841799 0.015750 0.017985
0 0.782813 0.840966 0.012750 0.017985
0 0.637188 0.852206 0.027750 0.044963
0 0.414062 0.855537 0.027750 0.052956
0 0.805937 0.840966 0.009750 0.019983
0 0.623750 0.842215 0.016500 0.022981
0 0.065000 0.838468 0.007500 0.013988
0 0.676250 0.836386 0.012000 0.012989
0 0.653750 0.840550 0.010500 0.022981
0 0.541250 0.841382 0.019500 0.024979
0 0.731563 0.837219 0.015750 0.016986
0 0.954063 0.844296 0.027750 0.035970
0 0.825000 0.835137 0.015000 0.013988
0 0.571875 0.836386 0.012000 0.018984
0 0.465313 0.833888 0.011250 0.012989
0 0.397500 0.838884 0.019500 0.026978
0 0.407187 0.833888 0.009750 0.016986
0 0.233125 0.830142 0.018000 0.007993
0 0.554375 0.829309 0.010500 0.007993
0 0.057188 0.831807 0.009750 0.017985
0 0.656563 0.830558 0.009750 0.016986
0 0.193125 0.826811 0.015000 0.007993
0 0.949688 0.825978 0.014250 0.007993
0 0.748750 0.835137 0.025500 0.029975
0 0.172500 0.835970 0.022500 0.031973
0 0.969688 0.825978 0.018750 0.009992
0 0.470000 0.825978 0.009000 0.009992
0 0.339062 0.831391 0.009750 0.022981
0 0.310312 0.828476 0.012750 0.015987
0 0.729688 0.825978 0.014250 0.013988
0 0.693438 0.825978 0.005250 0.015987
0 0.610313 0.827644 0.009750 0.019983
0 0.390625 0.825146 0.009000 0.013988
0 0.151875 0.822648 0.010500 0.011990
0 0.647813 0.822648 0.006750 0.013988
0 0.438750 0.822231 0.010500 0.012989
0 0.357187 0.829309 0.026250 0.029975
0 0.974688 0.820150 0.008250 0.009992
0 0.537188 0.821815 0.011250 0.013988
0 0.496563 0.822648 0.008250 0.015987
0 0.377812 0.833472 0.018750 0.041965
0 0.323125 0.821399 0.009000 0.012989
0 0.130625 0.825562 0.013500 0.022981
0 0.449062 0.819317 0.015750 0.009992
0 0.577500 0.821815 0.009000 0.017985
0 0.427187 0.820566 0.011250 0.014988
0 0.676562 0.819734 0.011250 0.014988
0 0.506250 0.829309 0.064500 0.037968
0 0.294063 0.818485 0.011250 0.011990
0 0.210938 0.832223 0.033750 0.044963
0 0.784687 0.821815 0.029250 0.023980
0 0.597187 0.820150 0.006750 0.019983
0 0.825937 0.818901 0.008250 0.018984
0 0.750000 0.817236 0.015000 0.014988
0 0.401875 0.820566 0.015000 0.022981
0 0.077813 0.814738 0.012750 0.008993
0 0.840000 0.818901 0.010500 0.020983
0 0.780000 0.815987 0.009000 0.013988
0 0.685625 0.819734 0.010500 0.022981
0 0.107500 0.817236 0.012000 0.016986
0 0.763125 0.815987 0.007500 0.017985
0 0.694688 0.813072 0.012750 0.010991
0 0.562500 0.812656 0.010500 0.011990
0 0.481563 0.815154 0.012750 0.017985
0 0.771250 0.814321 0.010500 0.017985
0 0.858125 0.813072 0.015000 0.016986
0 0.489063 0.811823 0.009750 0.015987
0 0.214688 0.811407 0.014250 0.014988
0 0.804063 0.812240 0.017250 0.018984
0 0.172813 0.813489 0.011250 0.021982
0 0.500313 0.811823 0.009750 0.019983
0 0.362500 0.810158 0.010500 0.017985
0 0.163125 0.807244 0.010500 0.010991
0 0.030937 0.807244 0.009750 0.010991
0 0.713437 0.809326 0.026250 0.021982
0 0.461875 0.812240 0.010500 0.028976
0 0.277813 0.803913 0.014250 0.008993
0 0.588750 0.808493 0.015000 0.021982
0 0.761563 0.803497 0.018750 0.011990
0 0.601562 0.808493 0.015750 0.025978
0 0.847500 0.803497 0.010500 0.017985
0 0.523750 0.801415 0.010500 0.014988
0 0.374063 0.805995 0.017250 0.025978
0 0.203125 0.801832 0.010500 0.015987
0 0.021250 0.801415 0.010500 0.014988
0 0.979750 0.831807 0.040500 0.089925
0 0.696250 0.799334 0.018000 0.011990
0 0.611563 0.803497 0.009750 0.021982
0 0.106563 0.802664 0.017250 0.019983
0 0.634687 0.798501 0.009750 0.011990
0 0.187500 0.808909 0.022500 0.036969
0 0.487187 0.797669 0.020250 0.011990
0 0.392813 0.798918 0.006750 0.014988
0 0.775937 0.800583 0.018750 0.020983
0 0.625625 0.795171 0.009000 0.007993
0 0.298125 0.811407 0.033000 0.046961
0 0.669375 0.802664 0.016500 0.027977
0 0.538750 0.802664 0.012000 0.027977
0 0.322500 0.795171 0.010500 0.009992
0 0.220000 0.800583 0.021000 0.022981
0 0.975313 0.796420 0.008250 0.014988
0 0.047500 0.797252 0.019500 0.016986
0 0.434375 0.798085 0.016500 0.020983
0 0.096562 0.798085 0.009750 0.020983
0 0.706875 0.794754 0.010500 0.016986
0 0.582187 0.797252 0.014250 0.022981
0 0.317812 0.789342 0.009750 0.007993
0 0.065312 0.791007 0.006750 0.011990
0 0.682813 0.791424 0.009750 0.014988
0 0.255000 0.809326 0.033000 0.057952
0 0.037812 0.790175 0.012750 0.011990
0 0.263625 0.871107 0.527250 0.257785
0 0.655625 0.790175 0.015000 0.013988
0 0.297187 0.789759 0.015750 0.012989
0 0.744687 0.798918 0.027750 0.036969
0 0.212188 0.791007 0.008250 0.017985
0 0.058750 0.801415 0.015000 0.042964
0 0.626563 0.788510 0.015750 0.013988
0 0.573125 0.790175 0.007500 0.017985
0 0.185312 0.788926 0.011250 0.014988
0 0.990000 0.786012 0.012000 0.009992
0 0.463750 0.786844 0.010500 0.011990
0 0.234063 0.787261 0.014250 0.012989
0 0.143750 0.787261 0.009000 0.012989
0 0.728437 0.787261 0.009750 0.014988
0 0.785937 0.784346 0.009750 0.009992
0 0.595000 0.788926 0.016500 0.020983
0 0.902500 0.783514 0.010500 0.009992
0 0.376875 0.785179 0.006000 0.013988
0 0.875000 0.787261 0.013500 0.020983
0 0.504687 0.783514 0.009750 0.011990
0 0.125000 0.787677 0.009000 0.021982
0 0.617500 0.791840 0.013500 0.033972
0 0.888437 0.785179 0.015750 0.021982
0 0.816250 0.785179 0.022500 0.021982
0 0.829063 0.785179 0.014250 0.023980
0 0.073438 0.782265 0.009750 0.016986
0 0.840000 0.786844 0.018000 0.029975
0 0.101562 0.782681 0.011250 0.019983
0 0.692187 0.783097 0.018750 0.022981
0 0.532188 0.779351 0.006750 0.015987
0 0.402813 0.781016 0.011250 0.019983
0 0.089688 0.780600 0.012750 0.018984
0 0.420938 0.785595 0.020250 0.032973
0 0.335625 0.779351 0.009000 0.017985
0 0.253125 0.780183 0.007500 0.019983
0 0.168750 0.777685 0.015000 0.013988
0 0.149688 0.778102 0.008250 0.014988
0 0.974688 0.780183 0.011250 0.021982
0 0.957500 0.784763 0.025500 0.034971
0 0.267188 0.781016 0.009750 0.025978
0 0.555000 0.774771 0.010500 0.012989
0 0.473750 0.774771 0.012000 0.012989
0 0.708125 0.776853 0.016500 0.019983
0 0.025000 0.774355 0.007500 0.013988
0 0.963437 0.778102 0.012750 0.026978
0 0.749687 0.775187 0.018750 0.019983
0 0.218750 0.773938 0.007500 0.016986
0 0.123125 0.772273 0.007500 0.012989
0 0.626563 0.770192 0.012750 0.009992
0 0.057500 0.771024 0.013500 0.011990
0 0.992875 0.771857 0.014250 0.015987
0 0.857812 0.775187 0.008250 0.023980
0 0.772500 0.774355 0.013500 0.021982
0 0.736563 0.770608 0.008250 0.012989
0 0.671250 0.773938 0.018000 0.020983
0 0.809063 0.770192 0.020250 0.013988
0 0.458437 0.771440 0.012750 0.018984
0 0.006000 0.769359 0.012000 0.015987
0 0.888125 0.767694 0.006000 0.013988
0 0.846875 0.766028 0.013500 0.011990
0 0.786563 0.769359 0.023250 0.019983
0 0.444688 0.764779 0.009750 0.008993
0 0.868750 0.765612 0.007500 0.012989
0 0.183438 0.766861 0.009750 0.015987
0 0.093750 0.766028 0.009000 0.013988
0 0.355000 0.766028 0.013500 0.015987
0 0.152188 0.764779 0.017250 0.012989
0 0.967187 0.763947 0.018750 0.014988
0 0.660000 0.763114 0.009000 0.012989
0 0.647500 0.764779 0.013500 0.016986
0 0.524375 0.762698 0.009000 0.011990
0 0.499688 0.764363 0.006750 0.015987
0 0.015000 0.765196 0.009000 0.017985
0 0.912500 0.761865 0.012000 0.011990
0 0.110312 0.762281 0.012750 0.012989
0 0.954688 0.761865 0.006750 0.013988
0 0.342187 0.761449 0.012750 0.012989
0 0.310937 0.763947 0.011250 0.018984
0 0.511250 0.762698 0.016500 0.017985
0 0.070312 0.760200 0.015750 0.011990
0 0.979688 0.767694 0.020250 0.031973
0 0.559063 0.760616 0.008250 0.014988
0 0.760312 0.760200 0.006750 0.015987
0 0.693125 0.763947 0.019500 0.024979
0 0.637188 0.759784 0.009750 0.014988
0 0.616563 0.763114 0.017250 0.024979
0 0.477187 0.766861 0.018750 0.033972
0 0.450000 0.756453 0.012000 0.008993
0 0.893750 0.760200 0.006000 0.019983
0 0.594688 0.757702 0.014250 0.013988
0 0.408438 0.758535 0.008250 0.015987
0 0.331562 0.761449 0.011250 0.022981
0 0.226875 0.767694 0.030000 0.037968
0 0.817500 0.754788 0.013500 0.008993
0 0.266250 0.759784 0.016500 0.020983
0 0.027187 0.755620 0.012750 0.010991
0 0.604688 0.756869 0.015750 0.015987
0 0.485938 0.756869 0.006750 0.015987
0 0.300000 0.754371 0.010500 0.009992
0 0.058750 0.754788 0.009000 0.010991
0 0.725938 0.753539 0.009750 0.009992
0 0.092813 0.754371 0.020250 0.011990
0 0.767813 0.755620 0.009750 0.016986
0 0.717187 0.763947 0.026250 0.036969
0 0.861563 0.753955 0.014250 0.014988
0 0.781563 0.754371 0.006750 0.015987
0 0.805625 0.750624 0.010500 0.008993
0 0.796250 0.749376 0.010500 0.009992
0 0.387188 0.750208 0.018750 0.013988
0 0.340313 0.748959 0.008250 0.010991
0 0.006000 0.748127 0.012000 0.008993
0 0.934688 0.749792 0.014250 0.014988
0 0.426563 0.758951 0.026250 0.036969
0 0.319063 0.751457 0.014250 0.018984
0 0.213750 0.746461 0.010500 0.006994
0 0.348438 0.749792 0.006750 0.016986
0 0.840938 0.746045 0.020250 0.013988
0 0.245312 0.751041 0.009750 0.025978
0 0.921562 0.744380 0.014250 0.011990
0 0.562813 0.745212 0.011250 0.015987
0 0.071875 0.745212 0.016500 0.015987
0 0.670000 0.747710 0.013500 0.023980
0 0.507188 0.746045 0.015750 0.019983
0 0.053750 0.744796 0.006000 0.016986
0 0.994750 0.741882 0.010500 0.011990
0 0.108438 0.741049 0.009750 0.009992
0 0.040000 0.742714 0.007500 0.013988
0 0.011562 0.746045 0.017250 0.021982
0 0.203125 0.747294 0.012000 0.026978
0 0.101875 0.742714 0.018000 0.015987
0 0.890625 0.741049 0.016500 0.013988
0 0.719688 0.744796 0.009750 0.022981
0 0.553750 0.738135 0.021000 0.010991
0 0.378125 0.740633 0.021000 0.016986
0 0.517500 0.736886 0.007500 0.009992
0 0.312812 0.739800 0.020250 0.016986
0 0.255000 0.737719 0.010500 0.011990
0 0.061562 0.742298 0.011250 0.022981
0 0.857500 0.739384 0.013500 0.017985
0 0.235937 0.736886 0.012750 0.013988
0 0.077813 0.736053 0.009750 0.011990
0 0.878125 0.736470 0.009000 0.014988
0 0.866250 0.737302 0.009000 0.016986
0 0.498125 0.739384 0.016500 0.021982
0 0.338438 0.736053 0.011250 0.013988
0 0.929375 0.736886 0.006000 0.017985
0 0.918125 0.733555 0.018000 0.009992
0 0.528438 0.737302 0.008250 0.018984
0 0.901875 0.735221 0.012000 0.015987
0 0.788750 0.733139 0.009000 0.010991
0 0.047188 0.735637 0.008250 0.016986
0 0.148750 0.738135 0.013500 0.024979
0 0.850000 0.733555 0.009000 0.015987
0 0.724688 0.731890 0.009750 0.011990
0 0.836562 0.733139 0.021750 0.016986
0 0.088438 0.731057 0.014250 0.011990
0 0.941562 0.732723 0.015750 0.019983
0 0.712187 0.729392 0.009750 0.011990
0 0.273125 0.730225 0.022500 0.013988
0 0.400625 0.731890 0.018000 0.019983
0 0.690000 0.738968 0.028500 0.038968
0 0.327500 0.727727 0.012000 0.011990
0 0.507188 0.726894 0.005250 0.011990
0 0.161250 0.733972 0.013500 0.028976
0 0.354375 0.738135 0.034500 0.042964
0 0.291875 0.729808 0.009000 0.022981
0 0.957812 0.726894 0.012750 0.017985
0 0.545937 0.726062 0.020250 0.015987
0 0.306563 0.723564 0.012750 0.011990
0 0.180625 0.731474 0.028500 0.030974
0 0.787188 0.724396 0.011250 0.015987
0 0.653125 0.732723 0.033000 0.035970
0 0.838125 0.724396 0.009000 0.017985
0 0.684063 0.725229 0.006750 0.019983
0 0.912500 0.722731 0.012000 0.015987
0 0.814063 0.725229 0.017250 0.021982
0 0.066875 0.720233 0.015000 0.011990
0 0.030000 0.727311 0.007500 0.028976
0 0.056875 0.722731 0.010500 0.019983
0 0.801562 0.721066 0.009750 0.017985
0 0.561875 0.721898 0.016500 0.019983
0 0.449688 0.724813 0.023250 0.026978
0 0.105625 0.718568 0.022500 0.011990
0 0.040313 0.718568 0.009750 0.011990
0 0.623125 0.721482 0.007500 0.020983
0 0.611563 0.718152 0.015750 0.012989
0 0.231250 0.718568 0.007500 0.013988
0 0.793375 0.827144 0.413250 0.345712
0 0.157812 0.717735 0.008250 0.013988
0 0.492812 0.716070 0.011250 0.011990
0 0.700313 0.717319 0.026250 0.016986
0 0.325625 0.715654 0.010500 0.012989
0 0.311875 0.715654 0.015000 0.012989
0 0.970000 0.714405 0.006000 0.011990
0 0.637188 0.719817 0.018750 0.026978
0 0.597812 0.716903 0.006750 0.021982
0 0.531563 0.721066 0.011250 0.031973
0 0.949688 0.715237 0.023250 0.019983
0 0.875000 0.715237 0.033000 0.019983
0 0.841875 0.711490 0.015000 0.010991
0 0.779687 0.715654 0.012750 0.020983
0 0.555000 0.715237 0.013500 0.019983
0 0.220938 0.717319 0.014250 0.024979
0 0.268750 0.711074 0.009000 0.011990
0 0.130312 0.723564 0.023250 0.041965
0 0.855313 0.711907 0.012750 0.015987
0 0.425000 0.710241 0.012000 0.011990
0 0.360938 0.714405 0.018750 0.021982
0 0.984062 0.711490 0.014250 0.016986
0 0.678438 0.710241 0.014250 0.013988
0 0.919375 0.713156 0.028500 0.022981
0 0.883750 0.708576 0.013500 0.011990
0 0.088438 0.710241 0.008250 0.015987
0 0.729062 0.713988 0.012750 0.026978
0 0.285313 0.711074 0.006750 0.019983
0 0.654062 0.708576 0.006750 0.015987
0 0.277500 0.705662 0.012000 0.008993
0 0.025937 0.709825 0.018750 0.018984
0 0.814688 0.708576 0.012750 0.017985
0 0.467813 0.705246 0.014250 0.011990
0 0.753750 0.715654 0.042000 0.038968
0 0.458125 0.706078 0.009000 0.015987
0 0.251563 0.703164 0.009750 0.008993
0 0.117188 0.706495 0.012750 0.016986
0 0.935625 0.705246 0.009000 0.015987
0 0.491563 0.704413 0.012750 0.013988
0 0.970938 0.702748 0.011250 0.011990
0 0.681562 0.701499 0.014250 0.008993
0 0.876563 0.700666 0.012750 0.008993
0 0.133125 0.706495 0.018000 0.022981
0 0.546562 0.705246 0.009750 0.021982
0 0.904062 0.702748 0.009750 0.017985
0 0.482187 0.698168 0.008250 0.008993
0 0.308437 0.698585 0.012750 0.009992
0 0.506563 0.699001 0.006750 0.012989
0 0.320625 0.700666 0.007500 0.016986
0 0.219375 0.698585 0.010500 0.011990
0 0.397813 0.704829 0.017250 0.028976
0 0.156250 0.701499 0.010500 0.022981
0 0.057813 0.701499 0.011250 0.022981
0 0.713437 0.699417 0.020250 0.019983
0 0.630000 0.700666 0.016500 0.022981
0 0.536563 0.695254 0.011250 0.009992
0 0.042813 0.699417 0.012750 0.019983
0 0.007500 0.696503 0.012000 0.012989
0 0.693125 0.697752 0.009000 0.017985
0 0.667813 0.695254 0.015750 0.011990
0 0.362812 0.696919 0.008250 0.015987
0 0.463750 0.694421 0.009000 0.013988
0 0.991375 0.696919 0.017250 0.021982
0 0.745625 0.696087 0.019500 0.021982
0 0.580625 0.691091 0.015000 0.009992
0 0.337813 0.694838 0.014250 0.018984
0 0.386250 0.695254 0.021000 0.021982
0 0.239687 0.691091 0.014250 0.011990
0 0.101562 0.691507 0.017250 0.012989
0 0.623437 0.689009 0.009750 0.008993
0 0.551562 0.691091 0.009750 0.013988
0 0.920625 0.691507 0.030000 0.016986
0 0.773125 0.690258 0.010500 0.013988
0 0.765625 0.692340 0.007500 0.018984
0 0.606563 0.696087 0.038250 0.027977
0 0.835938 0.699417 0.026250 0.037968
0 0.227813 0.694421 0.012750 0.025978
0 0.534062 0.686511 0.011250 0.008993
0 0.430000 0.690674 0.018000 0.018984
0 0.004875 0.688177 0.009750 0.012989
0 0.815625 0.686511 0.013500 0.010991
0 0.300938 0.689425 0.021750 0.017985
0 0.134687 0.690674 0.017250 0.020983
0 0.879687 0.686095 0.011250 0.011990
0 0.348438 0.689009 0.017250 0.018984
0 0.247188 0.684430 0.011250 0.009992
0 0.212500 0.685679 0.009000 0.012989
0 0.144063 0.686511 0.009750 0.014988
0 0.512813 0.685679 0.008250 0.014988
0 0.316875 0.685262 0.012000 0.013988
0 0.068750 0.689425 0.010500 0.023980
0 0.980000 0.682764 0.013500 0.009992
0 0.654062 0.685262 0.027750 0.015987
0 0.179375 0.686511 0.016500 0.018984
0 0.186875 0.684013 0.010500 0.014988
0 0.698125 0.683597 0.010500 0.015987
0 0.613437 0.681932 0.011250 0.011990
0 0.278438 0.681515 0.014250 0.010991
0 0.052500 0.681932 0.013500 0.011990
0 0.899062 0.685262 0.018750 0.021982
0 0.504375 0.681515 0.010500 0.012989
0 0.325313 0.682348 0.011250 0.014988
0 0.952500 0.690674 0.024000 0.036969
0 0.634687 0.679850 0.011250 0.010991
0 0.753750 0.681932 0.016500 0.017985
0 0.932187 0.680683 0.017250 0.016986
0 0.675625 0.685262 0.018000 0.027977
0 0.582500 0.679434 0.009000 0.013988
0 0.159688 0.677352 0.012750 0.008993
0 0.916562 0.677769 0.018750 0.011990
0 0.556562 0.677769 0.020250 0.011990
0 0.376875 0.683597 0.028500 0.025978
0 0.457188 0.680266 0.011250 0.019983
0 0.137813 0.676520 0.008250 0.010991
0 0.851562 0.676520 0.011250 0.012989
0 0.630625 0.675271 0.007500 0.009992
0 0.393437 0.676936 0.012750 0.015987
0 0.768125 0.672773 0.009000 0.009992
0 0.187812 0.672773 0.015750 0.009992
0 0.820937 0.670691 0.012750 0.006994
0 0.807813 0.671940 0.011250 0.009992
0 0.680312 0.673189 0.011250 0.014988
0 0.883125 0.672356 0.006000 0.014988
0 0.951562 0.672773 0.011250 0.017985
0 0.721875 0.678185 0.031500 0.030974
0 0.798750 0.680266 0.025500 0.039967
0 0.321562 0.668609 0.008250 0.013988
0 0.253437 0.671940 0.021750 0.021982
0 0.088438 0.679434 0.029250 0.041965
0 0.072188 0.665279 0.009750 0.007993
0 0.994375 0.667777 0.011250 0.015987
0 0.498437 0.665279 0.011250 0.009992
0 0.485625 0.673189 0.013500 0.028976
0 0.451250 0.667361 0.007500 0.014988
0 0.297500 0.667777 0.022500 0.015987
0 0.970313 0.678185 0.030750 0.042964
0 0.279687 0.667777 0.006750 0.017985
0 0.404375 0.665279 0.019500 0.013988
0 0.467813 0.662781 0.006750 0.009992
0 0.214062 0.664030 0.012750 0.012989
0 0.044375 0.662365 0.013500 0.008993
0 0.594688 0.664863 0.012750 0.018984
0 0.509062 0.663197 0.011250 0.014988
0 0.596875 0.668193 0.034500 0.028976
0 0.202500 0.661532 0.010500 0.014988
0 0.822500 0.659867 0.016500 0.012989
0 0.583438 0.659450 0.009750 0.011990
0 0.755625 0.658618 0.009000 0.013988
0 0.115937 0.666944 0.017250 0.033972
0 0.087500 0.661116 0.009000 0.019983
0 0.103750 0.656120 0.012000 0.009992
0 0.908125 0.663197 0.025500 0.028976
0 0.402187 0.656953 0.009750 0.013988
0 0.051875 0.654455 0.009000 0.007993
0 0.009375 0.661532 0.018750 0.024979
0 0.648750 0.659450 0.031500 0.023980
0 0.626250 0.661116 0.039000 0.027977
0 0.128438 0.656536 0.021750 0.016986
0 0.033750 0.659867 0.019500 0.024979
0 0.023125 0.654455 0.012000 0.011990
0 0.805625 0.653206 0.009000 0.010991
0 0.523750 0.655287 0.012000 0.015987
0 0.418750 0.656120 0.010500 0.017985
0 0.063750 0.654455 0.010500 0.013988
0 0.559063 0.654455 0.044250 0.019983
0 0.012188 0.654038 0.012750 0.018984
0 0.874062 0.664446 0.012750 0.045962
0 0.742188 0.664446 0.018750 0.045962
0 0.347813 0.651957 0.024750 0.015987
0 0.331562 0.651124 0.008250 0.013988
0 0.957500 0.655704 0.027000 0.026978
0 0.939688 0.656536 0.014250 0.028976
0 0.211250 0.649042 0.021000 0.010991
0 0.716562 0.654455 0.017250 0.025978
0 0.433437 0.649875 0.008250 0.014988
0 0.309063 0.649875 0.009750 0.016986
0 0.780000 0.650291 0.012000 0.019983
0 0.773750 0.647377 0.007500 0.012989
0 0.468125 0.646961 0.009000 0.011990
0 0.542188 0.644879 0.014250 0.014988
0 0.487187 0.658201 0.027750 0.046961
0 0.448750 0.648626 0.010500 0.023980
0 0.287187 0.647377 0.020250 0.022981
0 0.684375 0.648210 0.016500 0.026978
0 0.529375 0.642381 0.012000 0.012989
0 0.396250 0.642381 0.012000 0.012989
0 0.301563 0.640300 0.011250 0.007993
0 0.027500 0.642381 0.010500 0.012989
0 0.006250 0.640716 0.010500 0.012989
0 0.993437 0.639883 0.012750 0.012989
0 0.657188 0.640300 0.023250 0.013988
0 0.135625 0.640716 0.015000 0.014988
0 0.116875 0.641549 0.007500 0.016986
0 0.458437 0.638218 0.015750 0.010991
0 0.861250 0.641549 0.019500 0.020983
0 0.924063 0.647794 0.024750 0.037968
0 0.379063 0.638634 0.009750 0.015987
0 0.365938 0.636969 0.009750 0.011990
0 0.149062 0.640300 0.008250 0.021982
0 0.687500 0.637802 0.006000 0.017985
0 0.727187 0.636553 0.011250 0.016986
0 0.573125 0.640716 0.034500 0.026978
0 0.513750 0.635720 0.007500 0.014988
0 0.817500 0.636553 0.007500 0.018984
0 0.503437 0.639883 0.011250 0.026978
0 0.334375 0.636553 0.013500 0.018984
0 0.292812 0.633222 0.014250 0.010991
0 0.958125 0.639051 0.013500 0.026978
0 0.786563 0.633222 0.011250 0.012989
0 0.085312 0.634888 0.012750 0.016986
0 0.895625 0.641132 0.045000 0.033972
0 0.489687 0.634888 0.011250 0.018984
0 0.244688 0.632390 0.014250 0.012989
0 0.214062 0.634471 0.008250 0.019983
0 0.845938 0.630724 0.011250 0.014988
0 0.591250 0.630308 0.022500 0.013988
0 0.522188 0.634888 0.014250 0.024979
0 0.264375 0.632806 0.007500 0.019983
0 0.106875 0.631557 0.009000 0.016986
0 0.052812 0.634055 0.011250 0.022981
0 0.966250 0.632806 0.015000 0.021982
0 0.857812 0.629892 0.008250 0.014988
0 0.745625 0.628643 0.007500 0.011990
0 0.628125 0.635304 0.042000 0.027977
0 0.045625 0.629892 0.012000 0.014988
0 0.665312 0.626145 0.011250 0.007993
0 0.348125 0.628226 0.012000 0.012989
0 0.340313 0.629475 0.008250 0.015987
0 0.981563 0.627810 0.018750 0.013988
0 0.779062 0.631141 0.015750 0.021982
0 0.609688 0.635304 0.015750 0.031973
0 0.308125 0.629892 0.010500 0.018984
0 0.938750 0.627394 0.018000 0.014988
0 0.882500 0.627394 0.010500 0.014988
0 0.804063 0.633639 0.027750 0.029975
0 0.425625 0.630724 0.009000 0.022981
0 0.767813 0.631557 0.006750 0.026978
0 0.380625 0.625312 0.012000 0.011990
0 0.317500 0.632390 0.010500 0.028976
0 0.016875 0.627394 0.007500 0.016986
0 0.589375 0.624896 0.007500 0.012989
0 0.512813 0.622814 0.012750 0.007993
0 0.475625 0.636137 0.025500 0.039967
0 0.177813 0.634888 0.018750 0.036969
0 0.905312 0.623647 0.021750 0.011990
0 0.205625 0.625729 0.007500 0.016986
0 0.197187 0.627394 0.017250 0.020983
0 0.097812 0.625312 0.008250 0.017985
0 0.159375 0.622398 0.012000 0.012989
0 0.674687 0.638218 0.026250 0.052956
0 0.225938 0.619900 0.011250 0.010991
0 0.674063 0.618651 0.011250 0.009992
0 0.086563 0.624063 0.011250 0.022981
0 0.058125 0.619067 0.007500 0.010991
0 0.806875 0.616986 0.015000 0.007993
0 0.440312 0.618235 0.009750 0.010991
0 0.403125 0.619900 0.010500 0.014988
0 0.188438 0.619900 0.006750 0.014988
0 0.459062 0.620733 0.015750 0.018984
0 0.314063 0.618651 0.015750 0.015987
0 0.065000 0.621982 0.007500 0.023980
0 0.894687 0.616153 0.012750 0.011990
0 0.740313 0.617402 0.018750 0.016986
0 0.520938 0.614904 0.008250 0.010991
0 0.380000 0.613239 0.009000 0.006994
0 0.280000 0.617402 0.007500 0.018984
0 0.847500 0.616986 0.019500 0.019983
0 0.412500 0.618651 0.016500 0.023980
0 0.695000 0.613655 0.007500 0.013988
0 0.859375 0.615737 0.012000 0.024979
0 0.815625 0.611157 0.012000 0.013988
0 0.528125 0.610325 0.009000 0.011990
0 0.270000 0.609492 0.012000 0.009992
0 0.151562 0.609908 0.014250 0.010991
0 0.760625 0.611157 0.010500 0.015987
0 0.606563 0.610741 0.017250 0.014988
0 0.945937 0.614072 0.024750 0.024979
0 0.792813 0.611990 0.021750 0.019983
0 0.008250 0.609908 0.016500 0.014988
0 0.039688 0.609492 0.011250 0.015987
0 0.779062 0.610325 0.006750 0.019983
0 0.594063 0.611990 0.018750 0.023980
0 0.069062 0.611157 0.009750 0.023980
0 0.655000 0.604080 0.007500 0.010991
0 0.644687 0.617402 0.033750 0.042964
0 0.329062 0.603664 0.011250 0.009992
0 0.299375 0.609908 0.028500 0.024979
0 0.115000 0.614904 0.022500 0.036969
0 0.939688 0.605745 0.008250 0.016986
0 0.540312 0.616153 0.026250 0.041965
0 0.316875 0.604496 0.019500 0.015987
0 0.138750 0.604913 0.010500 0.016986
0 0.961562 0.606162 0.017250 0.021982
0 0.736250 0.602415 0.012000 0.012989
0 0.666875 0.604496 0.019500 0.017985
0 0.860625 0.599917 0.019500 0.008993
0 0.566562 0.611990 0.041250 0.037968
0 0.449375 0.599917 0.009000 0.008993
0 0.930000 0.600333 0.010500 0.011990
0 0.491563 0.611574 0.036750 0.038968
0 0.342187 0.600749 0.014250 0.012989
0 0.996625 0.601582 0.006750 0.016986
0 0.622812 0.604913 0.017250 0.024979
0 0.361563 0.605745 0.017250 0.026978
0 0.895625 0.600749 0.015000 0.016986
0 0.973125 0.599084 0.010500 0.014988
0 0.202187 0.602831 0.023250 0.023980
0 0.715000 0.599917 0.009000 0.018984
0 0.395937 0.599917 0.021750 0.018984
0 0.323125 0.596586 0.015000 0.010991
0 0.054062 0.601582 0.017250 0.022981
0 0.096875 0.595337 0.010500 0.011990
0 0.077188 0.598668 0.014250 0.019983
0 0.024375 0.596170 0.022500 0.013988
0 0.256563 0.604913 0.026250 0.036969
0 0.991875 0.595337 0.006000 0.015987
0 0.434688 0.596586 0.021750 0.018984
0 0.584688 0.595337 0.014250 0.017985
0 0.374063 0.594505 0.011250 0.015987
0 0.009062 0.595754 0.011250 0.018984
0 0.754062 0.594088 0.017250 0.016986
0 0.226250 0.592423 0.007500 0.012989
0 0.840000 0.592007 0.007500 0.013988
0 0.806562 0.595754 0.018750 0.022981
0 0.470625 0.594505 0.013500 0.019983
0 0.709375 0.589925 0.009000 0.010991
0 0.485625 0.589092 0.013500 0.010991
0 0.163750 0.592839 0.012000 0.019983
0 0.420000 0.598251 0.016500 0.034971
0 0.820000 0.587427 0.012000 0.010991
0 0.424063 0.586595 0.011250 0.008993
0 0.353438 0.586595 0.009750 0.008993
0 0.731563 0.589925 0.024750 0.018984
0 0.570000 0.593256 0.021000 0.026978
0 0.267813 0.587843 0.011250 0.013988
0 0.175937 0.593672 0.012750 0.027977
0 0.153750 0.588260 0.010500 0.014988
0 0.599063 0.592007 0.017250 0.025978
0 0.495625 0.585762 0.012000 0.010991
0 0.248125 0.587843 0.012000 0.015987
0 0.867812 0.587843 0.006750 0.017985
0 0.624375 0.587011 0.030000 0.017985
0 0.502188 0.584513 0.006750 0.011990
0 0.301250 0.585346 0.009000 0.013988
0 0.716875 0.584513 0.009000 0.013988
0 0.681875 0.589509 0.010500 0.025978
0 0.650000 0.589092 0.027000 0.024979
0 0.952500 0.586595 0.013500 0.020983
0 0.925000 0.585762 0.016500 0.018984
0 0.781250 0.582848 0.012000 0.011990
0 0.013750 0.582431 0.012000 0.010991
0 0.916562 0.601166 0.020250 0.057952
0 0.872188 0.582015 0.009750 0.011990
0 0.255625 0.580766 0.013500 0.008993
0 0.110312 0.580766 0.014250 0.008993
0 0.699375 0.585762 0.010500 0.026978
0 0.452500 0.583680 0.018000 0.021982
0 0.524687 0.591174 0.069750 0.041965
0 0.366563 0.580350 0.015750 0.015987
0 0.187500 0.579933 0.018000 0.014988
0 0.426875 0.579101 0.015000 0.014988
0 0.960625 0.582015 0.010500 0.023980
0 0.666250 0.585346 0.021000 0.031973
0 0.560312 0.581599 0.012750 0.022981
0 0.215312 0.579933 0.017250 0.018984
0 0.070000 0.582848 0.009000 0.027977
0 0.309063 0.575770 0.009750 0.012989
0 0.025937 0.581599 0.014250 0.026978
0 0.010313 0.573689 0.009750 0.007993
0 0.984375 0.586178 0.021000 0.039967
0 0.761250 0.576603 0.025500 0.016986
0 0.740000 0.578684 0.018000 0.021982
0 0.714688 0.574938 0.018750 0.012989
0 0.284687 0.574521 0.014250 0.011990
0 0.345625 0.576187 0.010500 0.017985
0 0.045312 0.574105 0.012750 0.012989
0 0.480938 0.572440 0.017250 0.010991
0 0.616563 0.574105 0.012750 0.016986
0 0.364687 0.569942 0.012750 0.006994
0 0.320312 0.577435 0.015750 0.024979
0 0.855313 0.571191 0.012750 0.013988
0 0.994062 0.570774 0.011250 0.014988
0 0.948438 0.567444 0.012750 0.006994
0 0.601562 0.570358 0.009750 0.013988
0 0.469375 0.569942 0.013500 0.012989
0 0.354375 0.569525 0.010500 0.011990
0 0.898438 0.573689 0.026250 0.023980
0 0.060312 0.573272 0.018750 0.022981
0 0.774375 0.570358 0.007500 0.017985
0 0.538125 0.567860 0.013500 0.011990
0 0.303438 0.567027 0.012750 0.009992
0 0.630313 0.566195 0.014250 0.009992
0 0.274375 0.566195 0.016500 0.009992
0 0.115000 0.568276 0.006000 0.014988
0 0.704688 0.567444 0.008250 0.014988
0 0.395000 0.568693 0.016500 0.017985
0 0.140000 0.568276 0.010500 0.016986
0 0.685000 0.566611 0.025500 0.016986
0 0.524687 0.564530 0.018750 0.015987
0 0.456250 0.569109 0.019500 0.026978
0 0.780625 0.561615 0.007500 0.010991
0 0.488125 0.562448 0.006000 0.012989
0 0.016250 0.564530 0.018000 0.017985
0 0.909687 0.561199 0.009750 0.011990
0 0.759687 0.559950 0.011250 0.008993
0 0.740000 0.560783 0.015000 0.010991
0 0.588437 0.571607 0.033750 0.036969
0 0.558750 0.565362 0.022500 0.021982
0 0.841562 0.564113 0.021750 0.020983
0 0.636250 0.559950 0.012000 0.010991
0 0.316250 0.562032 0.015000 0.015987
0 0.432188 0.569525 0.033750 0.035970
0 0.410625 0.559534 0.015000 0.011990
0 0.971875 0.561615 0.009000 0.022981
0 0.935937 0.564530 0.014250 0.029975
0 0.810625 0.559117 0.016500 0.016986
0 0.282500 0.555787 0.009000 0.008993
0 0.240000 0.559534 0.007500 0.017985
0 0.145000 0.558701 0.007500 0.015987
0 0.983437 0.555371 0.008250 0.011990
0 0.959063 0.556203 0.021750 0.013988
0 0.554063 0.555371 0.011250 0.011990
0 0.050000 0.557452 0.009000 0.016986
0 0.900625 0.554538 0.010500 0.011990
0 0.867812 0.559117 0.018750 0.022981
0 0.627500 0.552873 0.015000 0.007993
0 0.606250 0.554538 0.012000 0.011990
0 0.330937 0.560783 0.015750 0.026978
0 0.108438 0.553705 0.018750 0.009992
0 0.064062 0.555787 0.008250 0.014988
0 0.924375 0.554538 0.015000 0.013988
0 0.580625 0.559534 0.016500 0.025978
0 0.272188 0.554538 0.014250 0.013988
0 0.207813 0.557452 0.017250 0.020983
0 0.880313 0.554122 0.008250 0.014988
0 0.797188 0.562032 0.012750 0.033972
0 0.641250 0.552456 0.013500 0.014988
0 0.448437 0.561615 0.024750 0.036969
0 0.890938 0.552040 0.008250 0.015987
0 0.353125 0.554538 0.010500 0.021982
0 0.439063 0.552040 0.017250 0.017985
0 0.332500 0.550791 0.009000 0.014988
0 0.732500 0.549126 0.016500 0.012989
0 0.616563 0.552873 0.011250 0.023980
0 0.591250 0.548709 0.012000 0.015987
0 0.294063 0.547044 0.009750 0.011990
0 0.030937 0.549542 0.012750 0.017985
0 0.984375 0.544130 0.012000 0.010991
0 0.839688 0.547460 0.014250 0.018984
0 0.810937 0.548709 0.012750 0.021982
0 0.366563 0.547044 0.017250 0.017985
0 0.123750 0.554954 0.025500 0.036969
0 0.967500 0.544130 0.012000 0.012989
0 0.872188 0.543714 0.009750 0.011990
0 0.713750 0.545795 0.015000 0.016986
0 0.850625 0.542881 0.010500 0.011990
0 0.791250 0.544963 0.012000 0.016986
0 0.802813 0.543714 0.008250 0.017985
0 0.466875 0.542465 0.018000 0.014988
0 0.268437 0.542881 0.009750 0.015987
0 0.105938 0.544130 0.006750 0.018984
0 0.939063 0.547044 0.021750 0.027977
0 0.858437 0.542881 0.005250 0.017985
0 0.489375 0.541216 0.012000 0.013988
0 0.042188 0.541632 0.020250 0.016986
0 0.631563 0.541216 0.017250 0.017985
0 0.385000 0.541216 0.009000 0.017985
0 0.903750 0.538718 0.009000 0.013988
0 0.582187 0.541632 0.011250 0.020983
0 0.570937 0.537469 0.014250 0.010991
0 0.257188 0.539967 0.011250 0.016986
0 0.207500 0.538718 0.009000 0.013988
0 0.350625 0.536220 0.019500 0.009992
0 0.840625 0.535387 0.010500 0.009992
0 0.177500 0.541632 0.015000 0.024979
0 0.145313 0.536220 0.011250 0.011990
0 0.534062 0.544130 0.041250 0.032973
0 0.412500 0.541632 0.019500 0.026978
0 0.104063 0.537885 0.017250 0.017985
0 0.313750 0.534555 0.009000 0.011990
0 0.073750 0.533722 0.012000 0.009992
0 0.963750 0.534138 0.007500 0.012989
0 0.084687 0.532889 0.011250 0.009992
0 0.463750 0.531640 0.013500 0.008993
0 0.302812 0.533306 0.015750 0.012989
0 0.058750 0.536220 0.016500 0.019983
0 0.025625 0.536636 0.010500 0.020983
0 0.749687 0.535387 0.029250 0.019983
0 0.600313 0.535387 0.023250 0.019983
0 0.816562 0.529975 0.017250 0.010991
0 0.006750 0.537885 0.013500 0.029975
0 0.897188 0.536220 0.009750 0.027977
0 0.415625 0.526644 0.010500 0.006994
0 0.832500 0.526228 0.007500 0.009992
0 0.659687 0.547044 0.050250 0.059950
0 0.551562 0.532057 0.027750 0.023980
0 0.473125 0.528310 0.009000 0.014988
0 0.321250 0.525812 0.010500 0.008993
0 0.879062 0.525396 0.009750 0.009992
0 0.635938 0.526228 0.006750 0.011990
0 0.615938 0.530391 0.014250 0.021982
0 0.692500 0.538718 0.033000 0.045962
0 0.342813 0.524147 0.006750 0.010991
0 0.097187 0.524147 0.017250 0.010991
0 0.586250 0.530808 0.010500 0.028976
0 0.329062 0.527893 0.021750 0.021982
0 0.209375 0.525396 0.010500 0.015987
0 0.155000 0.524147 0.010500 0.012989
0 0.034688 0.527477 0.012750 0.020983
0 0.760938 0.524563 0.011250 0.015987
0 0.520312 0.524147 0.021750 0.014988
0 0.492500 0.546628 0.064500 0.068943
0 0.307812 0.521232 0.017250 0.007993
0 0.361563 0.524979 0.012750 0.018984
0 0.274375 0.523730 0.007500 0.015987
0 0.845000 0.523314 0.009000 0.016986
0 0.651250 0.522481 0.007500 0.014988
0 0.574688 0.523314 0.011250 0.016986
0 0.892500 0.522065 0.007500 0.015987
0 0.607500 0.519567 0.012000 0.009992
0 0.239063 0.525812 0.011250 0.024979
0 0.780000 0.527477 0.024000 0.030974
0 0.905312 0.522065 0.008250 0.019983
0 0.597500 0.516236 0.010500 0.007993
0 0.049063 0.519567 0.006750 0.015987
0 0.723125 0.523730 0.022500 0.027977
0 0.445625 0.517485 0.009000 0.012989
0 0.017500 0.519983 0.034500 0.018984
0 0.444375 0.528310 0.034500 0.040966
0 0.685937 0.519151 0.026250 0.020983
0 0.627812 0.518318 0.015750 0.018984
0 0.420625 0.519567 0.021000 0.023980
0 0.315312 0.513322 0.018750 0.008993
0 0.230313 0.516653 0.012750 0.016986
0 0.578438 0.512906 0.015750 0.009992
0 0.564063 0.516236 0.014250 0.017985
0 0.901563 0.514571 0.012750 0.015987
0 0.647813 0.511657 0.008250 0.008993
0 0.165000 0.515404 0.016500 0.017985
0 0.547188 0.517485 0.030750 0.024979
0 0.914375 0.518318 0.009000 0.028976
0 0.833750 0.511241 0.007500 0.011990
0 0.062187 0.514988 0.017250 0.020983
0 0.808438 0.519567 0.012750 0.033972
0 0.183125 0.512906 0.022500 0.017985
0 0.881250 0.512490 0.015000 0.018984
0 0.389375 0.518318 0.052500 0.032973
0 0.114687 0.510824 0.006750 0.014988
0 0.713437 0.510408 0.009750 0.015987
0 0.339062 0.510408 0.015750 0.015987
0 0.254688 0.516236 0.024750 0.029975
0 0.940937 0.519983 0.051750 0.040966
0 0.763750 0.508743 0.016500 0.013988
0 0.667500 0.514988 0.036000 0.028976
0 0.520312 0.509575 0.015750 0.015987
0 0.859688 0.511657 0.015750 0.022981
0 0.612500 0.507077 0.015000 0.011990
0 0.453750 0.506245 0.019500 0.011990
0 0.103750 0.509992 0.015000 0.020983
0 0.036562 0.508326 0.009750 0.016986
0 0.730938 0.505828 0.017250 0.012989
0 0.532813 0.508326 0.017250 0.018984
0 0.311875 0.504580 0.016500 0.009992
0 0.471875 0.505828 0.018000 0.020983
0 0.326562 0.503747 0.005250 0.015987
0 0.974688 0.504580 0.009750 0.019983
0 0.090000 0.501249 0.019500 0.013988
0 0.994750 0.501665 0.010500 0.018984
0 0.350313 0.501249 0.008250 0.017985
0 0.237187 0.499167 0.006750 0.012989
0 0.368437 0.505412 0.024750 0.029975
0 0.245938 0.502082 0.021750 0.021982
0 0.155625 0.500833 0.013500 0.018984
0 0.421563 0.500000 0.021750 0.018984
0 0.716562 0.496253 0.018750 0.011990
0 0.961875 0.497918 0.016500 0.017985
0 0.920312 0.494588 0.006750 0.011990
0 0.809375 0.495837 0.007500 0.014988
0 0.680625 0.494172 0.009000 0.010991
0 0.666875 0.496253 0.022500 0.015987
0 0.468750 0.494588 0.019500 0.013988
0 0.285000 0.492923 0.009000 0.009992
0 0.166250 0.495837 0.012000 0.016986
0 0.137813 0.495004 0.012750 0.014988
0 0.459375 0.492923 0.012000 0.011990
0 0.317188 0.494588 0.015750 0.015987
0 0.049375 0.493339 0.021000 0.012989
0 0.785000 0.494588 0.013500 0.017985
0 0.490312 0.507494 0.041250 0.048959
0 0.951875 0.497502 0.024000 0.028976
0 0.817813 0.496669 0.015750 0.026978
0 0.703125 0.496253 0.025500 0.025978
0 0.632188 0.495837 0.041250 0.024979
0 0.828438 0.496253 0.015750 0.027977
0 0.799375 0.495837 0.025500 0.026978
0 0.762813 0.490008 0.014250 0.012989
0 0.895625 0.492923 0.013500 0.021982
0 0.406250 0.496253 0.016500 0.029975
0 0.659375 0.487510 0.018000 0.010991
0 0.968437 0.485429 0.011250 0.009992
0 0.639375 0.487927 0.018000 0.015987
0 0.571562 0.487094 0.012750 0.013988
0 0.507188 0.488759 0.012750 0.017985
0 0.791250 0.486261 0.013500 0.013988
0 0.688438 0.487094 0.006750 0.015987
0 0.605625 0.490425 0.022500 0.023980
0 0.864688 0.489176 0.017250 0.022981
0 0.842812 0.484180 0.012750 0.010991
0 0.419063 0.485845 0.012750 0.014988
0 0.015938 0.485845 0.009750 0.014988
0 0.341250 0.485845 0.007500 0.018984
0 0.254375 0.482931 0.016500 0.015987
0 0.174063 0.480433 0.008250 0.009992
0 0.081250 0.484180 0.034500 0.020983
0 0.995875 0.479600 0.008250 0.011990
0 0.909375 0.480849 0.016500 0.016986
0 0.561875 0.479600 0.009000 0.013988
0 0.023438 0.479600 0.012750 0.013988
0 0.983750 0.479600 0.019500 0.015987
0 0.585000 0.490841 0.025500 0.042964
0 0.165625 0.482098 0.007500 0.021982
0 0.477187 0.477519 0.011250 0.012989
0 0.325000 0.478351 0.006000 0.014988
0 0.670000 0.477935 0.018000 0.017985
0 0.549063 0.488343 0.044250 0.042964
0 0.864062 0.474188 0.009750 0.010991
0 0.705000 0.478351 0.030000 0.020983
0 0.448750 0.493755 0.052500 0.057952
0 0.924375 0.478351 0.015000 0.022981
0 0.641563 0.477102 0.027750 0.019983
0 0.417812 0.474604 0.008250 0.013988
0 0.609062 0.477102 0.027750 0.021982
0 0.131562 0.474188 0.014250 0.014988
0 0.953750 0.473772 0.007500 0.015987
0 0.369688 0.478351 0.021750 0.026978
0 0.159062 0.473772 0.011250 0.015987
0 0.832812 0.474188 0.008250 0.018984
0 0.939688 0.476270 0.018750 0.025978
0 0.811250 0.475021 0.025500 0.022981
0 0.616875 0.470025 0.013500 0.010991
0 0.743437 0.477102 0.014250 0.031973
0 0.626875 0.472939 0.009000 0.023980
0 0.471875 0.469192 0.018000 0.014988
0 0.144375 0.472939 0.019500 0.023980
0 0.926875 0.466694 0.013500 0.010991
0 0.680000 0.474604 0.016500 0.029975
0 0.117500 0.469609 0.015000 0.017985
0 0.859688 0.466278 0.009750 0.011990
0 0.518125 0.477519 0.039000 0.038968
0 0.170000 0.468360 0.012000 0.016986
0 0.896563 0.465445 0.009750 0.011990
0 0.782188 0.466278 0.012750 0.013988
0 0.533750 0.464197 0.015000 0.008993
0 0.448437 0.468776 0.014250 0.019983
0 0.377188 0.466694 0.012750 0.014988
0 0.754375 0.469609 0.018000 0.023980
0 0.844688 0.466694 0.014250 0.018984
0 0.701875 0.465445 0.007500 0.015987
0 0.575937 0.466278 0.029250 0.019983
0 0.075625 0.462948 0.019500 0.011990
0 0.656875 0.466278 0.025500 0.021982
0 0.551875 0.462531 0.022500 0.012989
0 0.128438 0.461699 0.014250 0.010991
0 0.100000 0.466694 0.019500 0.022981
0 0.297500 0.464613 0.018000 0.019983
0 0.985938 0.461282 0.009750 0.013988
0 0.828125 0.460033 0.010500 0.012989
0 0.738125 0.461699 0.006000 0.016986
0 0.574063 0.458784 0.014250 0.009992
0 0.994750 0.462115 0.010500 0.019983
0 0.391562 0.469609 0.015750 0.037968
0 0.921875 0.459201 0.018000 0.020983
0 0.185000 0.456286 0.012000 0.013988
0 0.295312 0.452956 0.014250 0.007993
0 0.976562 0.457119 0.011250 0.019983
0 0.936250 0.452540 0.012000 0.008993
0 0.804375 0.454205 0.007500 0.012989
0 0.754375 0.453789 0.013500 0.011990
0 0.637500 0.456286 0.010500 0.017985
0 0.385937 0.453372 0.006750 0.010991
0 0.167187 0.454621 0.012750 0.013988
0 0.870313 0.460033 0.011250 0.028976
0 0.678750 0.455870 0.021000 0.018984
0 0.819063 0.454205 0.021750 0.016986
0 0.626875 0.450458 0.016500 0.007993
0 0.138750 0.450874 0.013500 0.008993
0 0.550312 0.450874 0.012750 0.012989
0 0.444688 0.452540 0.029250 0.016986
0 0.360312 0.466278 0.035250 0.049958
0 0.286250 0.450458 0.013500 0.011990
0 0.150938 0.452956 0.018750 0.017985
0 0.900000 0.451291 0.010500 0.015987
0 0.855313 0.452123 0.024750 0.017985
0 0.721875 0.456286 0.015000 0.027977
0 0.706875 0.449625 0.016500 0.011990
0 0.601875 0.450458 0.012000 0.013988
0 0.498750 0.455037 0.022500 0.024979
0 0.027813 0.457535 0.032250 0.030974
0 0.655937 0.452123 0.015750 0.019983
0 0.488750 0.451291 0.009000 0.017985
0 0.601875 0.455870 0.040500 0.030974
0 0.991000 0.449209 0.018000 0.016986
0 0.422500 0.448376 0.009000 0.014988
0 0.092500 0.451707 0.021000 0.022981
0 0.783125 0.450874 0.015000 0.022981
0 0.309063 0.448793 0.015750 0.017985
0 0.245312 0.445462 0.015750 0.009992
0 0.106875 0.447127 0.010500 0.013988
0 0.070938 0.445462 0.008250 0.011990
0 0.404687 0.465445 0.033750 0.061948
0 0.887813 0.446711 0.014250 0.018984
0 0.258437 0.449625 0.011250 0.025978
0 0.161875 0.443797 0.009000 0.011990
0 0.395000 0.443381 0.010500 0.012989
0 0.040625 0.448376 0.015000 0.024979
0 0.940000 0.441299 0.010500 0.009992
0 0.195000 0.441715 0.012000 0.010991
0 0.921250 0.442964 0.007500 0.015987
0 0.736250 0.443797 0.019500 0.017985
0 0.528750 0.445878 0.046500 0.022981
0 0.880000 0.440883 0.012000 0.014988
0 0.435937 0.442132 0.024750 0.017985
0 0.847187 0.439634 0.017250 0.013988
0 0.557813 0.441299 0.033750 0.017985
0 0.380625 0.445878 0.018000 0.028976
0 0.268750 0.437968 0.010500 0.011990
0 0.968125 0.438801 0.012000 0.015987
0 0.759687 0.436719 0.015750 0.010991
0 0.212812 0.442132 0.018750 0.023980
0 0.697187 0.433805 0.009750 0.007993
0 0.454062 0.437552 0.014250 0.016986
0 0.349375 0.439217 0.042000 0.020983
0 0.090938 0.435470 0.009750 0.011990
0 0.026562 0.437552 0.017250 0.018984
0 0.634687 0.445046 0.039750 0.040966
0 0.238750 0.435887 0.024000 0.020983
0 0.939688 0.431307 0.008250 0.011990
0 0.731250 0.431724 0.013500 0.012989
0 0.145313 0.430475 0.017250 0.009992
0 0.137500 0.433805 0.013500 0.017985
0 0.039688 0.433389 0.012750 0.016986
0 0.804063 0.430058 0.009750 0.010991
0 0.690000 0.430058 0.009000 0.010991
0 0.481250 0.439217 0.030000 0.032973
0 0.218125 0.435054 0.012000 0.022981
0 0.187188 0.431307 0.008250 0.013988
0 0.295000 0.433805 0.010500 0.021982
0 0.066562 0.434221 0.009750 0.022981
0 0.608750 0.432556 0.025500 0.020983
0 0.277187 0.431307 0.006750 0.017985
0 0.952500 0.436303 0.019500 0.031973
0 0.665312 0.434638 0.060750 0.029975
0 0.470313 0.428393 0.014250 0.014988
0 0.458437 0.426728 0.009750 0.010991
0 0.101562 0.427977 0.009750 0.013988
0 0.791250 0.427560 0.007500 0.014988
0 0.610313 0.425479 0.009750 0.009992
0 0.343750 0.427560 0.010500 0.014988
0 0.555312 0.424646 0.009750 0.009992
0 0.514062 0.429642 0.032250 0.021982
0 0.426563 0.427144 0.021750 0.015987
0 0.387813 0.425062 0.009750 0.010991
0 0.079375 0.429642 0.015000 0.021982
0 0.854688 0.430891 0.012750 0.026978
0 0.562500 0.426728 0.007500 0.016986
0 0.543438 0.427144 0.014250 0.017985
0 0.442500 0.426311 0.013500 0.015987
0 0.305937 0.422981 0.014250 0.007993
0 0.112500 0.428809 0.015000 0.021982
0 0.908750 0.425062 0.015000 0.014988
0 0.839688 0.440050 0.027750 0.050958
0 0.318437 0.422565 0.009750 0.008993
0 0.720000 0.421732 0.009000 0.008993
0 0.825000 0.422148 0.009000 0.011990
0 0.378437 0.423397 0.009750 0.014988
0 0.213438 0.422981 0.009750 0.013988
0 0.184375 0.420899 0.010500 0.008993
0 0.887813 0.428809 0.011250 0.029975
0 0.151250 0.420067 0.013500 0.008993
0 0.735938 0.422981 0.014250 0.017985
0 0.580937 0.436303 0.041250 0.049958
0 0.195625 0.423397 0.012000 0.018984
0 0.126875 0.422565 0.013500 0.016986
0 0.164062 0.421316 0.023250 0.015987
0 0.060312 0.419650 0.012750 0.011990
0 0.942500 0.418401 0.007500 0.010991
0 0.294375 0.418818 0.009000 0.013988
0 0.774375 0.421732 0.018000 0.022981
0 0.924063 0.422981 0.021750 0.027977
0 0.269062 0.417152 0.006750 0.013988
0 0.817813 0.415903 0.009750 0.012989
0 0.645938 0.417569 0.036750 0.016986
0 0.446250 0.417152 0.009000 0.015987
0 0.110937 0.417569 0.012750 0.016986
0 0.979688 0.413822 0.012750 0.009992
0 0.536563 0.416320 0.038250 0.019983
0 0.145000 0.413822 0.016500 0.013988
0 0.360000 0.423397 0.028500 0.038968
0 0.991375 0.415487 0.017250 0.021982
0 0.680937 0.420483 0.023250 0.033972
0 0.408750 0.422565 0.027000 0.038968
0 0.391250 0.413822 0.021000 0.017985
0 0.500313 0.416320 0.017250 0.025978
0 0.898125 0.410491 0.013500 0.013988
0 0.171875 0.410075 0.012000 0.012989
0 0.157812 0.410908 0.008250 0.014988
0 0.947812 0.407577 0.009750 0.010991
0 0.588750 0.413405 0.027000 0.024979
0 0.213125 0.408410 0.012000 0.012989
0 0.030937 0.408410 0.009750 0.012989
0 0.757812 0.408826 0.012750 0.015987
0 0.708125 0.408826 0.007500 0.017985
0 0.071875 0.409242 0.009000 0.018984
0 0.009062 0.408826 0.015750 0.017985
0 0.880625 0.408410 0.013500 0.018984
0 0.622500 0.410908 0.039000 0.024979
0 0.680625 0.405912 0.010500 0.014988
0 0.819688 0.404663 0.029250 0.013988
0 0.094375 0.404246 0.015000 0.012989
0 0.046562 0.407577 0.015750 0.020983
0 0.723125 0.402581 0.012000 0.010991
0 0.423438 0.408410 0.014250 0.024979
0 0.400938 0.405079 0.014250 0.016986
0 0.024063 0.408826 0.020250 0.025978
0 0.265313 0.402165 0.006750 0.011990
0 0.966875 0.403830 0.033000 0.017985
0 0.770000 0.404246 0.015000 0.018984
0 0.063125 0.404246 0.015000 0.018984
0 0.849688 0.398834 0.012750 0.007993
0 0.753750 0.400916 0.013500 0.012989
0 0.740313 0.400500 0.006750 0.011990
0 0.243125 0.402998 0.009000 0.017985
0 0.192500 0.402165 0.012000 0.017985
0 0.917500 0.400500 0.010500 0.015987
0 0.949063 0.396753 0.011250 0.010991
0 0.827500 0.398834 0.019500 0.015987
0 0.602187 0.401749 0.032250 0.022981
0 0.319375 0.400500 0.024000 0.019983
0 0.036250 0.398002 0.007500 0.013988
0 0.651250 0.400083 0.045000 0.022981
0 0.558438 0.398834 0.024750 0.019983
0 0.461875 0.404663 0.021000 0.033972
0 0.353438 0.403830 0.039750 0.033972
0 0.994375 0.397169 0.007500 0.019983
0 0.841562 0.393006 0.015750 0.011990
0 0.084687 0.394671 0.020250 0.015987
0 0.925000 0.398418 0.013500 0.026978
0 0.491250 0.403830 0.037500 0.039967
0 0.303438 0.397585 0.014250 0.024979
0 0.546250 0.393838 0.012000 0.017985
0 0.199063 0.393838 0.014250 0.017985
0 0.888437 0.398002 0.017250 0.029975
0 0.100937 0.391341 0.011250 0.013988
0 0.615313 0.392173 0.014250 0.017985
0 0.745313 0.388426 0.006750 0.010991
0 0.680625 0.391341 0.009000 0.017985
0 0.650625 0.388010 0.013500 0.009992
0 0.482500 0.394255 0.025500 0.024979
0 0.461875 0.389259 0.010500 0.012989
0 0.425625 0.391341 0.019500 0.017985
0 0.395937 0.391341 0.009750 0.017985
0 0.343125 0.397169 0.021000 0.031973
0 0.878750 0.389675 0.009000 0.017985
0 0.572500 0.399251 0.036000 0.040966
0 0.442500 0.388426 0.016500 0.016986
0 0.065312 0.388010 0.018750 0.015987
0 0.015938 0.385512 0.011250 0.009992
0 0.779375 0.387594 0.019500 0.018984
0 0.236250 0.388426 0.009000 0.020983
0 0.042500 0.385512 0.019500 0.013988
0 0.932813 0.383430 0.014250 0.010991
0 0.146563 0.390508 0.014250 0.027977
0 0.950313 0.384263 0.006750 0.014988
0 0.316563 0.382598 0.009750 0.014988
0 0.262813 0.383847 0.014250 0.019983
0 0.135937 0.380100 0.011250 0.010991
0 0.885938 0.380516 0.011250 0.013988
0 0.594063 0.380933 0.006750 0.014988
0 0.412813 0.387177 0.026250 0.029975
0 0.100000 0.379267 0.013500 0.012989
0 0.986563 0.385096 0.014250 0.028976
0 0.969688 0.376769 0.011250 0.010991
0 0.847500 0.378435 0.009000 0.014988
0 0.731875 0.378435 0.009000 0.014988
0 0.720313 0.384679 0.027750 0.029975
0 0.492500 0.376353 0.013500 0.011990
0 0.375000 0.380933 0.028500 0.022981
0 0.110937 0.376353 0.005250 0.011990
0 0.872188 0.376353 0.005250 0.013988
0 0.480312 0.381765 0.011250 0.026978
0 0.335938 0.379267 0.014250 0.020983
0 0.247500 0.376769 0.016500 0.014988
0 0.921562 0.373022 0.015750 0.007993
0 0.860000 0.380516 0.015000 0.025978
0 0.755625 0.377186 0.012000 0.017985
0 0.352812 0.381765 0.018750 0.028976
0 0.947187 0.372190 0.009750 0.007993
0 0.608750 0.379267 0.016500 0.024979
0 0.766250 0.376353 0.009000 0.019983
0 0.654375 0.374688 0.006000 0.015987
0 0.620000 0.375937 0.010500 0.018984
0 0.089375 0.374688 0.007500 0.015987
0 0.960313 0.375520 0.017250 0.019983
0 0.910937 0.375104 0.008250 0.018984
0 0.305312 0.375937 0.017250 0.020983
0 0.458750 0.374688 0.019500 0.019983
0 0.452813 0.370108 0.009750 0.008993
0 0.386562 0.384263 0.026250 0.042964
0 0.365938 0.370108 0.015750 0.008993
0 0.699688 0.370941 0.011250 0.012989
0 0.664375 0.380516 0.015000 0.035970
0 0.826875 0.373022 0.021000 0.019983
0 0.739062 0.368443 0.008250 0.008993
0 0.720313 0.366778 0.014250 0.006994
0 0.547500 0.375104 0.019500 0.026978
0 0.560625 0.370941 0.024000 0.018984
0 0.063125 0.370941 0.028500 0.020983
0 0.978125 0.366361 0.009000 0.011990
0 0.599063 0.367610 0.014250 0.014988
0 0.501250 0.365945 0.010500 0.010991
0 0.285000 0.369276 0.021000 0.018984
0 0.809375 0.369692 0.015000 0.021982
0 0.792188 0.369276 0.017250 0.020983
0 0.632812 0.378018 0.039750 0.041965
0 0.525312 0.381349 0.024750 0.049958
0 0.025937 0.368443 0.006750 0.018984
0 0.080312 0.364280 0.009750 0.010991
0 0.892813 0.362614 0.012750 0.008993
0 0.707812 0.365945 0.009750 0.016986
0 0.645625 0.367610 0.010500 0.020983
0 0.612500 0.364280 0.013500 0.012989
0 0.436563 0.369276 0.024750 0.024979
0 0.404375 0.368859 0.012000 0.023980
0 0.988125 0.363031 0.012000 0.011990
0 0.756250 0.365112 0.013500 0.018984
0 0.574688 0.365529 0.012750 0.019983
0 0.352812 0.362198 0.018750 0.011990
0 0.257812 0.365112 0.021750 0.018984
0 0.180625 0.365112 0.006000 0.018984
0 0.923125 0.362198 0.016500 0.013988
0 0.766563 0.360949 0.006750 0.010991
0 0.321250 0.362198 0.007500 0.013988
0 0.039375 0.360117 0.010500 0.008993
0 0.512500 0.369692 0.031500 0.033972
0 0.457500 0.360533 0.022500 0.011990
0 0.390000 0.362198 0.024000 0.015987
0 0.873437 0.362198 0.014250 0.017985
0 0.680312 0.360117 0.009750 0.012989
0 0.826562 0.360949 0.012750 0.016986
0 0.585938 0.360117 0.014250 0.014988
0 0.425625 0.361782 0.007500 0.018984
0 0.781250 0.360117 0.007500 0.016986
0 0.202187 0.361782 0.027750 0.022981
0 0.102500 0.358451 0.010500 0.014988
0 0.864375 0.355953 0.007500 0.010991
0 0.115937 0.356786 0.011250 0.012989
0 0.651563 0.355537 0.011250 0.011990
0 0.175000 0.355537 0.012000 0.011990
0 0.054688 0.359284 0.011250 0.020983
0 0.540312 0.355953 0.009750 0.016986
0 0.295000 0.352206 0.010500 0.009992
0 0.977812 0.353455 0.012750 0.014988
0 0.550000 0.350958 0.010500 0.008993
0 0.560312 0.353039 0.014250 0.015987
0 0.340000 0.350541 0.009000 0.009992
0 0.284062 0.351790 0.009750 0.012989
0 0.468438 0.360533 0.047250 0.039967
0 0.633750 0.350125 0.016500 0.016986
0 0.418438 0.355537 0.027750 0.029975
0 0.184688 0.346794 0.006750 0.008993
0 0.901250 0.348876 0.015000 0.015987
0 0.770312 0.347627 0.008250 0.012989
0 0.730625 0.347627 0.012000 0.012989
0 0.127812 0.345962 0.012750 0.008993
0 0.864375 0.345962 0.009000 0.010991
0 0.152500 0.348460 0.013500 0.016986
0 0.030000 0.348043 0.007500 0.015987
0 0.701250 0.348460 0.018000 0.018984
0 0.515625 0.348876 0.018000 0.019983
0 0.089375 0.345545 0.009000 0.011990
0 0.883437 0.348460 0.018750 0.020983
0 0.683125 0.345545 0.007500 0.013988
0 0.471875 0.344713 0.007500 0.013988
0 0.197187 0.343880 0.006750 0.011990
0 0.071563 0.345962 0.012750 0.016986
0 0.580625 0.345962 0.009000 0.018984
0 0.059687 0.343047 0.011250 0.011990
0 0.930000 0.345962 0.012000 0.020983
0 0.438750 0.348043 0.021000 0.025978
0 0.327188 0.343880 0.011250 0.015987
0 0.942500 0.350125 0.015000 0.032973
0 0.743750 0.348876 0.016500 0.029975
0 0.674687 0.341382 0.008250 0.011990
0 0.759375 0.342631 0.010500 0.016986
0 0.740000 0.342215 0.006000 0.015987
0 0.515625 0.340133 0.009000 0.010991
0 0.278438 0.341382 0.008250 0.013988
0 0.538125 0.339717 0.018000 0.011990
0 0.602812 0.343464 0.018750 0.024979
0 0.778125 0.335970 0.010500 0.008993
0 0.217188 0.340133 0.014250 0.018984
0 0.048750 0.340966 0.015000 0.020983
0 0.991750 0.342631 0.016500 0.026978
0 0.864062 0.335137 0.014250 0.008993
0 0.556562 0.337635 0.017250 0.014988
0 0.963125 0.340550 0.012000 0.025978
0 0.635938 0.335970 0.009750 0.014988
0 0.387188 0.345545 0.029250 0.039967
0 0.298125 0.334721 0.009000 0.013988
0 0.853125 0.343047 0.012000 0.035970
0 0.721562 0.335554 0.021750 0.017985
0 0.490938 0.341799 0.036750 0.032973
0 0.741250 0.333472 0.033000 0.016986
0 0.528750 0.333888 0.012000 0.019983
0 0.141563 0.334305 0.011250 0.020983
0 0.888437 0.335137 0.014250 0.024979
0 0.165000 0.333056 0.016500 0.019983
0 0.151562 0.331391 0.009750 0.015987
0 0.548125 0.330974 0.010500 0.016986
0 0.119063 0.332639 0.020250 0.020983
0 0.270625 0.329309 0.015000 0.014988
0 0.562187 0.326811 0.008250 0.010991
0 0.760625 0.327644 0.007500 0.014988
0 0.479687 0.328476 0.005250 0.016986
0 0.913125 0.329725 0.009000 0.021982
0 0.922188 0.327644 0.011250 0.018984
0 0.699688 0.325562 0.014250 0.013988
0 0.519062 0.325562 0.011250 0.013988
0 0.840625 0.327644 0.027000 0.020983
0 0.801250 0.334721 0.028500 0.039967
0 0.677813 0.325978 0.014250 0.018984
0 0.614375 0.325562 0.022500 0.017985
0 0.946875 0.325978 0.019500 0.020983
0 0.346250 0.323480 0.015000 0.016986
0 0.095312 0.330974 0.020250 0.034971
0 0.071875 0.321399 0.012000 0.011990
0 0.813438 0.325978 0.014250 0.024979
0 0.255312 0.322231 0.018750 0.015987
0 0.901250 0.319317 0.010500 0.010991
0 0.711875 0.318901 0.012000 0.009992
0 0.489063 0.321399 0.017250 0.017985
0 0.047813 0.320983 0.008250 0.018984
0 0.964375 0.321815 0.009000 0.022981
0 0.592812 0.328476 0.035250 0.038968
0 0.496563 0.315987 0.009750 0.008993
0 0.908438 0.315570 0.009750 0.009992
0 0.876250 0.317236 0.010500 0.013988
0 0.849375 0.315570 0.021000 0.011990
0 0.390937 0.316403 0.006750 0.013988
0 0.982187 0.315570 0.017250 0.013988
0 0.655000 0.318068 0.013500 0.019983
0 0.747500 0.317652 0.015000 0.020983
0 0.589375 0.312656 0.018000 0.008993
0 0.405000 0.315570 0.010500 0.015987
0 0.135000 0.315570 0.006000 0.015987
0 0.955313 0.315987 0.012750 0.020983
0 0.829688 0.318068 0.020250 0.025978
0 0.349687 0.311823 0.017250 0.010991
0 0.803750 0.313489 0.013500 0.016986
0 0.615938 0.311823 0.011250 0.012989
0 0.467187 0.313072 0.014250 0.015987
0 0.372812 0.330974 0.033750 0.058951
0 0.312500 0.313905 0.015000 0.017985
0 0.085938 0.314738 0.009750 0.019983
0 0.995125 0.317236 0.009750 0.027977
0 0.152812 0.310991 0.023250 0.014988
0 0.600625 0.306828 0.012000 0.006994
0 0.791562 0.310158 0.012750 0.016986
0 0.178125 0.318901 0.034500 0.037968
0 0.758125 0.305995 0.015000 0.008993
0 0.258125 0.310158 0.013500 0.018984
0 0.662500 0.310991 0.009000 0.022981
0 0.640312 0.307244 0.014250 0.013988
0 0.060312 0.306411 0.008250 0.011990
0 0.322813 0.309742 0.011250 0.021982
0 0.222188 0.310575 0.008250 0.023980
0 0.406562 0.304330 0.006750 0.010991
0 0.390313 0.305995 0.008250 0.014988
0 0.096875 0.304330 0.016500 0.010991
0 0.770625 0.313072 0.024000 0.035970
0 0.564688 0.309742 0.020250 0.027977
0 0.902500 0.303913 0.009000 0.015987
0 0.672813 0.301832 0.011250 0.010991
0 0.580625 0.302664 0.012000 0.012989
0 0.654687 0.302664 0.012750 0.014988
0 0.479063 0.304746 0.018750 0.019983
0 0.381875 0.301832 0.012000 0.012989
0 0.340938 0.301832 0.014250 0.012989
0 0.944063 0.304746 0.012750 0.021982
0 0.976875 0.303913 0.021000 0.021982
0 0.722187 0.303497 0.014250 0.020983
0 0.449375 0.305579 0.015000 0.025978
0 0.919687 0.299750 0.009750 0.013988
0 0.609062 0.300167 0.009750 0.014988
0 0.556562 0.303081 0.017250 0.021982
0 0.135937 0.300999 0.006750 0.016986
0 0.930000 0.303081 0.009000 0.023980
0 0.069375 0.303081 0.010500 0.023980
0 0.868437 0.298918 0.018750 0.015987
0 0.538438 0.300999 0.012750 0.020983
0 0.235625 0.304330 0.018000 0.028976
0 0.619062 0.296420 0.009750 0.011990
0 0.515625 0.309742 0.042000 0.043963
0 0.435937 0.301832 0.012750 0.026978
0 0.688438 0.294338 0.009750 0.010991
0 0.894062 0.293505 0.008250 0.010991
0 0.294063 0.300583 0.023250 0.027977
0 0.418438 0.303913 0.026250 0.037968
0 0.254063 0.297252 0.017250 0.021982
0 0.827812 0.295587 0.009750 0.019983
0 0.582187 0.291007 0.014250 0.008993
0 0.568750 0.292256 0.015000 0.011990
0 0.812187 0.292256 0.009750 0.013988
0 0.777188 0.297669 0.014250 0.026978
0 0.735938 0.296003 0.014250 0.022981
0 0.980625 0.290591 0.010500 0.011990
0 0.278438 0.297669 0.012750 0.028976
0 0.395000 0.293922 0.009000 0.021982
0 0.700937 0.293089 0.011250 0.021982
0 0.845625 0.289759 0.010500 0.015987
0 0.877188 0.289342 0.008250 0.016986
0 0.750938 0.291840 0.017250 0.022981
0 0.707500 0.290591 0.006000 0.019983
0 0.119063 0.286844 0.014250 0.010991
0 0.833125 0.286012 0.009000 0.014988
0 0.937187 0.284763 0.014250 0.013988
0 0.735313 0.284763 0.011250 0.013988
0 0.193438 0.294754 0.015750 0.037968
0 0.542188 0.283514 0.011250 0.012989
0 0.997000 0.282681 0.006000 0.012989
0 0.990313 0.283097 0.006750 0.013988
0 0.447500 0.285595 0.024000 0.019983
0 0.807187 0.281432 0.012750 0.011990
0 0.785312 0.280183 0.011250 0.008993
0 0.577187 0.282265 0.009750 0.013988
0 0.286250 0.281432 0.007500 0.011990
0 0.363438 0.281432 0.015750 0.013988
0 0.628750 0.282681 0.016500 0.018984
0 0.498125 0.288510 0.058500 0.034971
0 0.403438 0.281432 0.014250 0.017985
0 0.251563 0.281848 0.008250 0.018984
0 0.207813 0.278102 0.014250 0.009992
0 0.040938 0.281016 0.015750 0.018984
0 0.491563 0.279351 0.015750 0.016986
0 0.275625 0.276436 0.007500 0.009992
0 0.152188 0.280600 0.015750 0.019983
0 0.130000 0.278934 0.013500 0.017985
0 0.909062 0.277269 0.014250 0.015987
0 0.888750 0.277269 0.010500 0.015987
0 0.468125 0.283097 0.013500 0.029975
0 0.746563 0.275187 0.020250 0.012989
0 0.600625 0.282265 0.022500 0.029975
0 0.340313 0.275604 0.012750 0.015987
0 0.523750 0.273106 0.016500 0.011990
0 0.933750 0.272273 0.009000 0.011990
0 0.328125 0.273938 0.010500 0.015987
0 0.815937 0.276853 0.006750 0.024979
0 0.726562 0.274355 0.011250 0.018984
0 0.896875 0.272689 0.012000 0.016986
0 0.459688 0.271024 0.008250 0.012989
0 0.375312 0.280600 0.011250 0.035970
0 0.535000 0.271857 0.010500 0.016986
0 0.402500 0.269775 0.015000 0.013988
0 0.177500 0.273522 0.021000 0.022981
0 0.072188 0.269775 0.008250 0.013988
0 0.370937 0.266445 0.012750 0.007993
0 0.060312 0.266861 0.014250 0.008993
0 0.709688 0.272689 0.012750 0.024979
0 0.965313 0.269359 0.012750 0.018984
0 0.830937 0.266445 0.009750 0.011990
0 0.448750 0.268110 0.012000 0.015987
0 0.293125 0.267277 0.012000 0.013988
0 0.202500 0.266445 0.009000 0.011990
0 0.116562 0.271440 0.015750 0.023980
0 0.307188 0.271440 0.026250 0.025978
0 0.233750 0.275187 0.010500 0.034971
0 0.893125 0.263947 0.012000 0.009992
0 0.495000 0.265196 0.010500 0.012989
0 0.579375 0.265612 0.009000 0.015987
0 0.977187 0.264779 0.014250 0.015987
0 0.165313 0.262281 0.008250 0.009992
0 0.035625 0.264363 0.009000 0.014988
0 0.228437 0.265196 0.011250 0.018984
0 0.904687 0.261865 0.011250 0.012989
0 0.817813 0.260200 0.018750 0.008993
0 0.421875 0.271440 0.027000 0.035970
0 0.213438 0.261032 0.014250 0.010991
0 0.932813 0.261032 0.006750 0.012989
0 0.914375 0.263114 0.010500 0.017985
0 0.792813 0.261865 0.015750 0.014988
0 0.652188 0.261865 0.008250 0.014988
0 0.078750 0.263530 0.007500 0.018984
0 0.925937 0.261032 0.006750 0.014988
0 0.570937 0.260616 0.008250 0.013988
0 0.622188 0.263530 0.017250 0.022981
0 0.568438 0.264779 0.017250 0.025978
0 0.697500 0.258951 0.010500 0.013988
0 0.859688 0.258535 0.012750 0.014988
0 0.687500 0.258535 0.015000 0.014988
0 0.488750 0.258118 0.010500 0.013988
0 0.268437 0.261865 0.029250 0.022981
0 0.027187 0.260616 0.011250 0.019983
0 0.660625 0.257286 0.007500 0.013988
0 0.477187 0.265612 0.023250 0.033972
0 0.882500 0.256869 0.013500 0.016986
0 0.738125 0.257702 0.012000 0.018984
0 0.463125 0.258118 0.013500 0.019983
0 0.322813 0.256869 0.012750 0.016986
0 0.773125 0.258535 0.013500 0.022981
0 0.482500 0.254788 0.010500 0.013988
0 0.940937 0.253122 0.009750 0.011990
0 0.707187 0.253122 0.014250 0.011990
0 0.508437 0.255620 0.011250 0.017985
0 0.640312 0.255620 0.014250 0.019983
0 0.920312 0.250624 0.014250 0.011990
0 0.844063 0.251457 0.012750 0.013988
0 0.931250 0.249376 0.012000 0.010991
0 0.714375 0.251873 0.015000 0.018984
0 0.033125 0.251041 0.010500 0.016986
0 0.434688 0.248543 0.011250 0.012989
0 0.780312 0.250208 0.006750 0.018984
0 0.219375 0.249792 0.007500 0.017985
0 0.183438 0.245629 0.014250 0.007993
0 0.611250 0.247710 0.013500 0.014988
0 0.748437 0.255620 0.051750 0.035970
0 0.395000 0.245629 0.012000 0.011990
0 0.996250 0.245629 0.007500 0.013988
0 0.989375 0.254788 0.013500 0.035970
0 0.693125 0.245629 0.010500 0.013988
0 0.653438 0.244796 0.017250 0.011990
0 0.005250 0.242714 0.010500 0.010991
0 0.810000 0.246045 0.016500 0.020983
0 0.502188 0.248127 0.017250 0.025978
0 0.699063 0.241465 0.009750 0.011990
0 0.013125 0.249792 0.026250 0.031973
0 0.902813 0.243547 0.006750 0.018984
0 0.474062 0.241049 0.009750 0.014988
0 0.340000 0.243131 0.010500 0.019983
0 0.962187 0.238551 0.011250 0.010991
0 0.381250 0.251457 0.015000 0.043963
0 0.411250 0.238551 0.009000 0.014988
0 0.180938 0.236470 0.015750 0.009992
0 0.401562 0.236053 0.011250 0.010991
0 0.332813 0.236470 0.014250 0.011990
0 0.787188 0.238968 0.006750 0.019983
0 0.642188 0.237302 0.009750 0.015987
0 0.657500 0.235637 0.009000 0.013988
0 0.281875 0.236470 0.009000 0.015987
0 0.836562 0.236470 0.014250 0.017985
0 0.707812 0.235221 0.009750 0.014988
0 0.318125 0.233972 0.007500 0.011990
0 0.868437 0.236053 0.008250 0.018984
0 0.751563 0.233972 0.009750 0.013988
0 0.574688 0.237302 0.008250 0.021982
0 0.163750 0.237302 0.012000 0.021982
0 0.582500 0.233555 0.007500 0.014988
0 0.924063 0.232723 0.015750 0.018984
0 0.599063 0.236053 0.023250 0.026978
0 0.569375 0.232306 0.006000 0.017985
0 0.433750 0.230641 0.009000 0.013988
0 0.356875 0.243963 0.025500 0.047960
0 0.180000 0.228560 0.019500 0.010991
0 0.486875 0.228560 0.018000 0.012989
0 0.807187 0.229392 0.014250 0.016986
0 0.590938 0.227311 0.008250 0.011990
0 0.271875 0.226062 0.010500 0.008993
0 0.983750 0.230225 0.016500 0.022981
0 0.889687 0.226478 0.015750 0.013988
0 0.383125 0.228143 0.007500 0.017985
0 0.944063 0.227311 0.014250 0.017985
0 0.850625 0.223980 0.012000 0.009992
0 0.509062 0.224813 0.009750 0.011990
0 0.467813 0.225645 0.012750 0.015987
0 0.097500 0.224813 0.012000 0.013988
0 0.641875 0.222731 0.015000 0.010991
0 0.371563 0.223980 0.015750 0.013988
0 0.230000 0.226062 0.012000 0.020983
0 0.088125 0.236886 0.060000 0.046961
0 0.535312 0.226062 0.015750 0.022981
0 0.242812 0.221898 0.020250 0.012989
0 0.961250 0.218152 0.015000 0.009992
0 0.710938 0.221066 0.009750 0.016986
0 0.301250 0.217319 0.012000 0.007993
0 0.542188 0.218568 0.008250 0.014988
0 0.087500 0.215654 0.010500 0.009992
0 0.450000 0.215654 0.010500 0.011990
0 0.220000 0.215654 0.007500 0.011990
0 0.526250 0.213572 0.013500 0.008993
0 0.414375 0.220233 0.009000 0.024979
0 0.897188 0.213988 0.011250 0.011990
0 0.745625 0.215654 0.012000 0.015987
0 0.918438 0.212739 0.017250 0.012989
0 0.908125 0.210658 0.009000 0.007993
0 0.725938 0.213988 0.015750 0.015987
0 0.551250 0.216070 0.009000 0.020983
0 0.880938 0.214405 0.017250 0.018984
0 0.441250 0.209409 0.010500 0.006994
0 0.333437 0.214405 0.009750 0.018984
0 0.182188 0.213988 0.012750 0.019983
0 0.405938 0.213156 0.008250 0.021982
0 0.578438 0.207744 0.014250 0.010991
0 0.953750 0.206911 0.019500 0.012989
0 0.753750 0.208993 0.007500 0.017985
0 0.971562 0.213572 0.012750 0.030974
0 0.201250 0.209825 0.022500 0.021982
0 0.980938 0.210241 0.011250 0.024979
0 0.938438 0.204829 0.014250 0.011990
0 0.659687 0.206911 0.018750 0.016986
0 0.495625 0.211490 0.021000 0.027977
0 0.462187 0.205246 0.017250 0.018984
0 0.759375 0.199833 0.009000 0.007993
0 0.733750 0.201915 0.013500 0.012989
0 0.641563 0.207327 0.015750 0.025978
0 0.369688 0.205662 0.011250 0.021982
0 0.255625 0.203580 0.016500 0.016986
0 0.418125 0.201499 0.009000 0.013988
0 0.028750 0.201499 0.009000 0.013988
0 0.771875 0.203997 0.009000 0.021982
0 0.437812 0.197336 0.014250 0.007993
0 0.313437 0.199833 0.006750 0.015987
0 0.846562 0.200250 0.009750 0.018984
0 0.474062 0.198585 0.009750 0.014988
0 0.375312 0.199417 0.008250 0.016986
0 0.905000 0.197752 0.021000 0.014988
0 0.523750 0.199833 0.012000 0.019983
0 0.285000 0.197336 0.013500 0.013988
0 0.726562 0.198168 0.008250 0.017985
0 0.653125 0.196503 0.012000 0.013988
0 0.223750 0.195670 0.010500 0.011990
0 0.610625 0.196087 0.012000 0.014988
0 0.820625 0.201499 0.018000 0.029975
0 0.833750 0.195670 0.013500 0.017985
0 0.623750 0.195670 0.007500 0.017985
0 0.300312 0.195670 0.021750 0.017985
0 0.235313 0.193589 0.015750 0.014988
0 0.751250 0.197336 0.013500 0.025978
0 0.696562 0.195254 0.012750 0.022981
0 0.460625 0.190258 0.012000 0.010991
0 0.451875 0.190674 0.009000 0.013988
0 0.594688 0.190674 0.015750 0.015987
0 0.547500 0.188593 0.012000 0.010991
0 0.356875 0.189009 0.013500 0.011990
0 0.210625 0.188593 0.010500 0.010991
0 0.965938 0.191507 0.015750 0.019983
0 0.952187 0.189009 0.011250 0.013988
0 0.894687 0.187344 0.008250 0.009992
0 0.714063 0.188177 0.012750 0.013988
0 0.387188 0.186511 0.009750 0.009992
0 0.142500 0.190258 0.012000 0.018984
0 0.669063 0.186511 0.011250 0.011990
0 0.877188 0.187760 0.009750 0.016986
0 0.425000 0.186928 0.018000 0.014988
0 0.038125 0.185679 0.015000 0.011990
0 0.858750 0.185262 0.009000 0.012989
0 0.048750 0.186928 0.010500 0.016986
0 0.843125 0.184013 0.012000 0.011990
0 0.644375 0.185679 0.015000 0.015987
0 0.318125 0.185262 0.007500 0.014988
0 0.966250 0.183181 0.006000 0.011990
0 0.399062 0.191507 0.014250 0.031973
0 0.688438 0.183597 0.014250 0.014988
0 0.522500 0.183597 0.013500 0.014988
0 0.560000 0.181515 0.016500 0.011990
0 0.507500 0.183181 0.012000 0.017985
0 0.822812 0.180683 0.009750 0.013988
0 0.812187 0.186095 0.014250 0.026978
0 0.297812 0.180266 0.012750 0.012989
0 0.035000 0.179017 0.012000 0.013988
0 0.948125 0.177769 0.018000 0.012989
0 0.225938 0.179434 0.021750 0.016986
0 0.664375 0.175687 0.009000 0.009992
0 0.097187 0.176936 0.009750 0.012989
0 0.582187 0.177769 0.014250 0.016986
0 0.130000 0.187760 0.033000 0.040966
0 0.993125 0.176936 0.013500 0.016986
0 0.414062 0.177769 0.009750 0.018984
0 0.102188 0.187760 0.041250 0.042964
0 0.476875 0.174854 0.013500 0.013988
0 0.386250 0.174022 0.016500 0.013988
0 0.025000 0.181515 0.012000 0.031973
0 0.271250 0.172356 0.010500 0.011990
0 0.766875 0.171524 0.025500 0.011990
0 0.461875 0.175271 0.018000 0.020983
0 0.687500 0.169026 0.013500 0.007993
0 0.090938 0.173605 0.014250 0.018984
0 0.231563 0.169858 0.012750 0.011990
0 0.536250 0.173605 0.009000 0.022981
0 0.900625 0.173189 0.031500 0.023980
0 0.647813 0.171524 0.006750 0.019983
0 0.597500 0.172356 0.012000 0.021982
0 0.849063 0.169026 0.012750 0.015987
0 0.829375 0.166944 0.015000 0.010991
0 0.658750 0.166528 0.013500 0.011990
0 0.552813 0.166944 0.009750 0.012989
0 0.498750 0.165279 0.009000 0.008993
0 0.048750 0.165695 0.009000 0.009992
0 0.445000 0.173189 0.016500 0.029975
0 0.370000 0.168609 0.010500 0.018984
0 0.705000 0.166528 0.012000 0.015987
0 0.280625 0.164863 0.012000 0.013988
0 0.931875 0.166944 0.010500 0.020983
0 0.509062 0.164863 0.008250 0.015987
0 0.337500 0.164863 0.016500 0.015987
0 0.332813 0.169026 0.020250 0.025978
0 0.293125 0.166112 0.012000 0.018984
0 0.889375 0.161948 0.010500 0.012989
0 0.563125 0.160283 0.013500 0.008993
0 0.048750 0.216486 0.097500 0.143880
0 0.482187 0.161948 0.009750 0.014988
0 0.115937 0.163614 0.008250 0.018984
0 0.108750 0.161532 0.010500 0.015987
0 0.857812 0.158618 0.009750 0.010991
0 0.595000 0.157785 0.015000 0.008993
0 0.307188 0.162365 0.017250 0.019983
0 0.869062 0.157369 0.009750 0.011990
0 0.017250 0.189425 0.034500 0.088926
0 0.515938 0.157369 0.009750 0.013988
0 0.251875 0.158618 0.010500 0.016986
0 0.092500 0.158201 0.010500 0.015987
0 0.282813 0.155287 0.014250 0.010991
0 0.748125 0.161532 0.018000 0.027977
0 0.664375 0.155287 0.015000 0.012989
0 0.428125 0.154038 0.009000 0.009992
0 0.832500 0.154455 0.010500 0.014988
0 0.693438 0.152373 0.014250 0.009992
0 0.448437 0.154455 0.009750 0.016986
0 0.305312 0.150291 0.012750 0.008993
0 0.130312 0.152789 0.006750 0.014988
0 0.993250 0.149875 0.013500 0.009992
0 0.802813 0.149875 0.008250 0.011990
0 0.622812 0.153622 0.017250 0.020983
0 0.930625 0.151540 0.009000 0.017985
0 0.885625 0.149875 0.016500 0.013988
0 0.863437 0.151540 0.006750 0.017985
0 0.852187 0.152789 0.009750 0.020983
0 0.576250 0.151957 0.016500 0.018984
0 0.375625 0.153206 0.006000 0.021982
0 0.919687 0.153622 0.014250 0.026978
0 0.471562 0.149042 0.011250 0.015987
0 0.455313 0.147794 0.011250 0.012989
0 0.844375 0.150291 0.010500 0.020983
0 0.640312 0.148210 0.018750 0.015987
0 0.019062 0.146961 0.009750 0.012989
0 0.780625 0.147794 0.016500 0.016986
0 0.185938 0.149042 0.021750 0.019983
0 0.707500 0.145712 0.018000 0.013988
0 0.528125 0.146961 0.007500 0.016986
0 0.330625 0.146961 0.010500 0.018984
0 0.075000 0.154871 0.033000 0.037968
0 0.822812 0.141132 0.011250 0.010991
0 0.819063 0.152789 0.014250 0.038968
0 0.612500 0.142798 0.007500 0.014988
0 0.362187 0.143630 0.009750 0.016986
0 0.275000 0.149459 0.012000 0.030974
0 0.371563 0.140716 0.012750 0.011990
0 0.802500 0.139467 0.016500 0.010991
0 0.791562 0.141965 0.012750 0.018984
0 0.755625 0.138634 0.016500 0.010991
0 0.447813 0.136553 0.009750 0.005995
0 0.769375 0.140300 0.010500 0.018984
0 0.538750 0.138634 0.009000 0.016986
0 0.556562 0.134471 0.011250 0.008993
0 0.079062 0.134888 0.009750 0.009992
0 0.009750 0.143630 0.019500 0.032973
0 0.865000 0.135720 0.007500 0.015987
0 0.750938 0.131557 0.014250 0.007993
0 0.934375 0.129892 0.009000 0.007993
0 0.854062 0.131973 0.008250 0.012989
0 0.399687 0.136553 0.009750 0.023980
0 0.215938 0.130724 0.008250 0.013988
0 0.573750 0.132390 0.010500 0.019983
0 0.522500 0.129059 0.010500 0.011990
0 0.794063 0.127810 0.012750 0.012989
0 0.584063 0.129475 0.014250 0.016986
0 0.546875 0.129059 0.004500 0.015987
0 0.444688 0.126561 0.012750 0.009992
0 0.688438 0.126561 0.006750 0.011990
0 0.926250 0.124063 0.013500 0.009992
0 0.866563 0.123231 0.011250 0.007993
0 0.670625 0.129059 0.024000 0.021982
0 0.741875 0.125729 0.007500 0.015987
0 0.493437 0.126561 0.011250 0.017985
0 0.319375 0.124480 0.018000 0.012989
0 0.286875 0.131973 0.015000 0.030974
0 0.876250 0.126145 0.010500 0.018984
0 0.762500 0.125312 0.012000 0.016986
0 0.915312 0.124480 0.008250 0.016986
0 0.821250 0.126561 0.015000 0.023980
0 0.424687 0.126978 0.011250 0.026978
0 0.707812 0.123231 0.018750 0.021982
0 0.955000 0.116570 0.013500 0.009992
0 0.612500 0.120733 0.018000 0.019983
0 0.552813 0.119067 0.014250 0.015987
0 0.835313 0.116153 0.008250 0.014988
0 0.591250 0.116570 0.009000 0.017985
0 0.801250 0.112823 0.016500 0.012989
0 0.787813 0.113655 0.009750 0.014988
0 0.632188 0.118235 0.018750 0.025978
0 0.199687 0.111574 0.008250 0.009992
0 0.170625 0.112823 0.007500 0.014988
0 0.876875 0.115321 0.025500 0.022981
0 0.311250 0.112823 0.013500 0.016986
0 0.181250 0.111157 0.015000 0.012989
0 0.857187 0.111157 0.005250 0.014988
0 0.846250 0.112823 0.016500 0.018984
0 0.679688 0.109492 0.008250 0.010991
0 0.646563 0.114488 0.012750 0.022981
0 0.374375 0.113655 0.007500 0.020983
0 0.028438 0.121565 0.048750 0.043963
0 0.687813 0.110741 0.012750 0.019983
0 0.544375 0.106994 0.010500 0.010991
0 0.400625 0.107827 0.012000 0.012989
0 0.910625 0.108243 0.010500 0.015987
0 0.885625 0.104913 0.010500 0.007993
0 0.382188 0.106994 0.009750 0.012989
0 0.348125 0.106994 0.007500 0.012989
0 0.440937 0.111574 0.018750 0.025978
0 0.738125 0.103664 0.015000 0.008993
0 0.330625 0.103664 0.009000 0.008993
0 0.115937 0.105329 0.009750 0.012989
0 0.360938 0.112406 0.018750 0.031973
0 0.897813 0.108243 0.014250 0.023980
0 0.423750 0.104080 0.009000 0.013988
0 0.510000 0.101582 0.018000 0.009992
0 0.527188 0.104080 0.018750 0.017985
0 0.410000 0.101582 0.018000 0.011990
0 0.776250 0.109908 0.016500 0.033972
0 0.620313 0.102415 0.017250 0.017985
0 0.202813 0.097835 0.015750 0.006994
0 0.823438 0.099500 0.011250 0.012989
0 0.586250 0.101998 0.012000 0.018984
0 0.035000 0.099084 0.012000 0.011990
0 0.640625 0.099917 0.013500 0.015987
0 0.441563 0.097002 0.006750 0.008993
0 0.318437 0.097002 0.015750 0.008993
0 0.073750 0.110741 0.030000 0.041965
0 0.755938 0.100333 0.020250 0.018984
0 0.811875 0.098251 0.012000 0.017985
0 0.712812 0.101998 0.018750 0.026978
0 0.175000 0.097002 0.010500 0.014988
0 0.016875 0.097835 0.016500 0.016986
0 0.571875 0.099917 0.019500 0.023980
0 0.425312 0.094921 0.008250 0.011990
0 0.672188 0.094088 0.009750 0.013988
0 0.865000 0.090341 0.010500 0.008993
0 0.666250 0.092839 0.004500 0.014988
0 0.500000 0.092423 0.028500 0.013988
0 0.182500 0.090758 0.013500 0.009992
0 0.014250 0.107827 0.028500 0.050958
0 0.995313 0.090341 0.008250 0.014988
0 0.876563 0.088676 0.012750 0.010991
0 0.773750 0.088676 0.009000 0.010991
0 0.362812 0.090758 0.015750 0.017985
0 0.892813 0.090341 0.021750 0.018984
0 0.523125 0.086595 0.010500 0.011990
0 0.744375 0.087011 0.010500 0.014988
0 0.595000 0.088260 0.009000 0.017985
0 0.829375 0.089509 0.015000 0.022981
0 0.704688 0.086595 0.014250 0.015987
0 0.419375 0.087843 0.007500 0.018984
0 0.195937 0.097835 0.021750 0.042964
0 0.135937 0.087843 0.023250 0.018984
0 0.960313 0.087011 0.018750 0.018984
0 0.560937 0.094921 0.015750 0.037968
0 0.539062 0.088676 0.011250 0.022981
0 0.461875 0.083680 0.013500 0.010991
0 0.428750 0.083264 0.010500 0.009992
0 0.122813 0.084929 0.011250 0.013988
0 0.726562 0.083680 0.012750 0.012989
0 0.353750 0.084513 0.010500 0.014988
0 0.907813 0.086178 0.018750 0.020983
0 0.693125 0.087011 0.013500 0.022981
0 0.149688 0.086178 0.021750 0.024979
0 0.878750 0.077852 0.012000 0.008993
0 0.588437 0.079101 0.018750 0.011990
0 0.477812 0.080350 0.008250 0.014988
0 0.386875 0.079101 0.009000 0.015987
0 0.849688 0.076187 0.008250 0.010991
0 0.810937 0.079933 0.015750 0.019983
0 0.641563 0.081182 0.017250 0.022981
0 0.782500 0.074938 0.018000 0.009992
0 0.626250 0.079933 0.019500 0.021982
0 0.435625 0.077019 0.009000 0.014988
0 0.342813 0.077435 0.009750 0.015987
0 0.497188 0.073272 0.017250 0.007993
0 0.377812 0.078684 0.014250 0.022981
0 0.019125 0.081182 0.038250 0.028976
0 0.568750 0.075354 0.010500 0.016986
0 0.631563 0.072023 0.012750 0.010991
0 0.081562 0.082015 0.032250 0.036969
0 0.065937 0.072440 0.012750 0.015987
0 0.362500 0.072440 0.006000 0.019983
0 0.668750 0.071607 0.019500 0.019983
0 0.408438 0.069942 0.008250 0.015987
0 0.048750 0.116986 0.061500 0.128893
0 0.199687 0.071191 0.014250 0.020983
0 0.690625 0.067444 0.010500 0.015987
0 0.522188 0.067860 0.017250 0.018984
0 0.104375 0.064530 0.010500 0.010991
0 0.643750 0.065779 0.015000 0.015987
0 0.630313 0.062448 0.012750 0.009992
0 0.113125 0.063697 0.012000 0.014988
0 0.432188 0.063281 0.009750 0.015987
0 0.962500 0.069109 0.015000 0.031973
0 0.537500 0.065362 0.010500 0.022981
0 0.510000 0.060366 0.007500 0.010991
0 0.167500 0.061615 0.018000 0.019983
0 0.033750 0.062448 0.009000 0.021982
0 0.658438 0.056619 0.018750 0.009992
0 0.619062 0.056203 0.006750 0.010991
0 0.426875 0.057452 0.015000 0.015987
0 0.366250 0.053289 0.015000 0.007993
0 0.016875 0.061199 0.028500 0.028976
0 0.595000 0.056203 0.019500 0.018984
0 0.533750 0.054122 0.009000 0.015987
0 0.514375 0.051207 0.012000 0.008993
0 0.322500 0.058701 0.018000 0.028976
0 0.105000 0.052040 0.007500 0.012989
0 0.486875 0.049126 0.009000 0.007993
0 0.479063 0.051207 0.006750 0.016986
0 0.454688 0.048293 0.008250 0.011990
0 0.119688 0.052873 0.015750 0.024979
0 0.059375 0.068276 0.021000 0.063947
0 0.004500 0.049958 0.009000 0.019983
0 0.182188 0.051624 0.020250 0.027977
0 0.036875 0.048293 0.028500 0.019983
0 0.993250 0.047044 0.013500 0.018984
0 0.018437 0.044546 0.012750 0.014988
0 0.445937 0.048709 0.017250 0.026978
0 0.184688 0.039134 0.012750 0.011990
0 0.411250 0.040383 0.009000 0.016986
0 0.693125 0.034138 0.010500 0.007993
0 0.872188 0.034971 0.008250 0.011990
0 0.940312 0.033722 0.008250 0.010991
0 0.008625 0.039134 0.017250 0.023980
0 0.890938 0.038718 0.017250 0.024979
0 0.352187 0.033306 0.021750 0.019983
0 0.820312 0.026644 0.012750 0.011990
0 0.874687 0.025812 0.014250 0.011990
0 0.900625 0.027893 0.013500 0.022981
0 0.946250 0.023730 0.009000 0.016986
0 0.934688 0.027893 0.018750 0.026978
0 0.322500 0.023314 0.010500 0.019983
0 0.888125 0.022065 0.015000 0.026978
0 0.816875 0.017069 0.013500 0.014988
0 0.698750 0.018734 0.007500 0.020983
0 0.071875 0.017069 0.010500 0.016986
0 0.132188 0.086928 0.123750 0.173855
0 0.840938 0.020816 0.023250 0.031973
0 0.953750 0.014155 0.013500 0.021982
0 0.285938 0.010824 0.009750 0.015987
0 0.607500 0.007494 0.009000 0.011990
0 0.068750 0.009992 0.007500 0.019983
0 0.994000 0.006495 0.012000 0.012989
0 0.974500 0.027977 0.051000 0.055953
0 0.938750 0.009492 0.033000 0.018984
0 0.906563 0.006994 0.018750 0.013988
0 0.891875 0.008993 0.012000 0.017985
0 0.864688 0.027977 0.051750 0.055953
0 0.849688 0.004996 0.011250 0.009992
0 0.825313 0.007993 0.023250 0.015987
0 0.760000 0.008993 0.006000 0.017985
0 0.585938 0.010991 0.014250 0.021982
0 0.552813 0.006495 0.008250 0.012989
0 0.542813 0.007494 0.014250 0.014988
0 0.514062 0.008993 0.011250 0.017985
0 0.501250 0.011990 0.018000 0.023980
0 0.485000 0.014488 0.024000 0.028976
0 0.432812 0.009492 0.009750 0.018984
0 0.337813 0.021982 0.044250 0.043963
0 0.306875 0.007494 0.012000 0.014988
0 0.298438 0.005495 0.006750 0.010991
0 0.182500 0.020483 0.025500 0.040966
0 0.126875 0.005495 0.009000 0.010991
0 0.131250 0.031973 0.088500 0.063947
0 0.083750 0.041465 0.052500 0.082931
0 0.039375 0.030974 0.061500 0.061948
0 0.013750 0.015987 0.010500 0.031973
0 0.007875 0.013988 0.015750 0.027977
