0 0.484766 0.991667 0.021562 0.015000
0 0.457031 0.990000 0.007500 0.020000
0 0.501563 0.986250 0.011250 0.027500
0 0.576562 0.978125 0.013125 0.020000
0 0.575391 0.957292 0.032813 0.022500
0 0.079687 0.963125 0.159375 0.073750
0 0.714453 0.955729 0.042188 0.043750
0 0.603516 0.956771 0.032813 0.046250
0 0.663672 0.952083 0.021562 0.037500
0 0.487500 0.945312 0.024375 0.023750
0 0.429297 0.961458 0.062812 0.072500
0 0.458984 0.948958 0.023438 0.047500
0 0.537891 0.942708 0.023438 0.037500
0 0.528125 0.959896 0.071250 0.078750
0 0.466406 0.927604 0.016875 0.016250
0 0.556250 0.930208 0.018750 0.030000
0 0.521875 0.933854 0.011250 0.043750
0 0.433203 0.927604 0.027187 0.028750
0 0.635547 0.936979 0.042188 0.056250
0 0.657422 0.916146 0.015938 0.013750
0 0.693359 0.916146 0.025312 0.023750
0 0.406641 0.916146 0.029062 0.031250
0 0.540234 0.912500 0.036562 0.025000
0 0.593750 0.922917 0.054375 0.065000
0 0.505469 0.908854 0.015000 0.036250
0 0.741016 0.899479 0.029062 0.026250
0 0.666797 0.911979 0.038437 0.056250
0 0.570703 0.907292 0.029062 0.045000
0 0.484375 0.901563 0.026250 0.048750
0 0.566406 0.888021 0.007500 0.021250
0 0.407031 0.894271 0.026250 0.036250
0 0.758984 0.886458 0.008437 0.020000
0 0.552344 0.883333 0.016875 0.012500
0 0.619531 0.892708 0.016875 0.042500
0 0.492578 0.879167 0.017813 0.012500
0 0.446875 0.892188 0.063750 0.048750
0 0.637109 0.886979 0.023438 0.061250
0 0.702344 0.876563 0.065625 0.043750
0 0.557031 0.866146 0.028125 0.021250
0 0.703906 0.858854 0.024375 0.011250
0 0.429297 0.856250 0.021562 0.027500
0 0.412500 0.845313 0.016875 0.011250
0 0.451953 0.854688 0.025312 0.036250
0 0.475000 0.858854 0.024375 0.051250
0 0.742969 0.856771 0.048750 0.048750
0 0.596094 0.846354 0.016875 0.031250
0 0.541016 0.841667 0.010312 0.030000
0 0.634766 0.848958 0.042188 0.057500
0 0.395313 0.849479 0.031875 0.058750
0 0.453516 0.828646 0.015938 0.018750
0 0.525000 0.829167 0.031875 0.027500
0 0.507422 0.860417 0.055313 0.102500
0 0.745313 0.825521 0.018750 0.021250
0 0.571875 0.826562 0.026250 0.026250
0 0.649219 0.824479 0.015000 0.023750
0 0.436719 0.824479 0.016875 0.028750
0 0.589063 0.818750 0.011250 0.022500
0 0.730859 0.820312 0.053437 0.033750
0 0.680859 0.830729 0.060937 0.061250
0 0.477734 0.819792 0.034687 0.035000
0 0.614844 0.815104 0.045000 0.026250
0 0.430859 0.802083 0.025312 0.015000
0 0.835156 0.805208 0.037500 0.050000
0 0.412109 0.799479 0.019688 0.038750
0 0.783984 0.804688 0.025312 0.053750
0 0.654297 0.805208 0.023438 0.055000
0 0.445703 0.786458 0.023438 0.015000
0 0.730469 0.790625 0.065625 0.042500
0 0.387109 0.777604 0.012188 0.011250
0 0.617188 0.782292 0.058125 0.030000
0 0.716406 0.773438 0.033750 0.016250
0 0.360938 0.787500 0.065625 0.065000
0 0.404687 0.770833 0.022500 0.032500
0 0.528906 0.784896 0.031875 0.073750
0 0.675391 0.779687 0.062812 0.066250
0 0.767578 0.781771 0.021562 0.076250
0 0.784375 0.765625 0.026250 0.040000
0 0.700000 0.756250 0.007500 0.022500
0 0.548828 0.756250 0.006563 0.022500
0 0.381641 0.756771 0.010312 0.038750
0 0.628516 0.743750 0.019688 0.020000
0 0.522656 0.742708 0.024375 0.025000
0 0.445703 0.755729 0.064687 0.056250
0 0.341797 0.747917 0.068437 0.040000
0 0.577734 0.762500 0.062812 0.082500
0 0.396094 0.738542 0.011250 0.030000
0 0.789844 0.742708 0.045000 0.045000
0 0.687109 0.743229 0.021562 0.046250
0 0.356250 0.728125 0.018750 0.010000
0 0.601953 0.740104 0.038437 0.048750
0 0.479297 0.735938 0.015938 0.038750
0 0.780859 0.715625 0.012188 0.025000
0 0.470703 0.710938 0.012188 0.013750
0 0.355859 0.715104 0.032813 0.026250
0 0.432422 0.719792 0.075938 0.040000
0 0.487891 0.758854 0.068437 0.136250
0 0.657031 0.711458 0.024375 0.025000
0 0.814063 0.710938 0.016875 0.028750
0 0.633984 0.711458 0.023438 0.030000
0 0.530859 0.706771 0.014063 0.018750
0 0.676562 0.719792 0.018750 0.052500
0 0.382031 0.717708 0.035625 0.047500
0 0.554688 0.713542 0.035625 0.040000
0 0.747656 0.729688 0.054375 0.088750
0 0.605469 0.698438 0.015000 0.026250
0 0.493750 0.691667 0.028125 0.017500
0 0.700000 0.696354 0.016875 0.031250
0 0.336719 0.706771 0.037500 0.056250
0 0.655469 0.686458 0.033750 0.027500
0 0.523047 0.681771 0.019688 0.016250
0 0.592578 0.689063 0.012188 0.036250
0 0.464453 0.686458 0.008437 0.030000
0 0.785156 0.691146 0.041250 0.058750
0 0.723437 0.681250 0.022500 0.040000
0 0.546875 0.681250 0.026250 0.040000
0 0.575781 0.692187 0.020625 0.068750
0 0.432812 0.680729 0.061875 0.046250
0 0.477734 0.666667 0.036562 0.020000
0 0.376953 0.678646 0.066562 0.058750
0 0.653516 0.655729 0.015938 0.008750
0 0.807813 0.668750 0.039375 0.045000
0 0.750781 0.680729 0.037500 0.076250
0 0.339453 0.665625 0.019688 0.045000
0 0.755078 0.655208 0.008437 0.022500
0 0.378906 0.653125 0.011250 0.022500
0 0.529297 0.654687 0.008437 0.028750
0 0.603125 0.653646 0.039375 0.031250
0 0.789453 0.653646 0.021562 0.033750
0 0.462109 0.648958 0.032813 0.022500
0 0.677344 0.659896 0.045000 0.051250
0 0.555469 0.648438 0.045000 0.023750
0 0.433203 0.648438 0.023438 0.033750
0 0.768750 0.647917 0.020625 0.035000
0 0.506250 0.651563 0.039375 0.053750
0 0.801953 0.633854 0.010312 0.013750
0 0.609766 0.631250 0.021562 0.015000
0 0.589063 0.634375 0.018750 0.022500
0 0.703125 0.641667 0.031875 0.047500
0 0.374219 0.629687 0.015000 0.021250
0 0.723828 0.634375 0.030937 0.035000
0 0.542969 0.626042 0.033750 0.027500
0 0.410938 0.639062 0.037500 0.058750
0 0.219531 0.620833 0.011250 0.020000
0 0.225781 0.631250 0.033750 0.050000
0 0.568750 0.624479 0.028125 0.036250
0 0.814844 0.632812 0.039375 0.058750
0 0.359375 0.630729 0.030000 0.053750
0 0.451562 0.621354 0.048750 0.033750
0 0.489063 0.613542 0.013125 0.025000
0 0.232031 0.611458 0.016875 0.022500
0 0.813281 0.607812 0.007500 0.021250
0 0.751563 0.609375 0.024375 0.025000
0 0.631250 0.625000 0.022500 0.072500
0 0.409375 0.603125 0.020625 0.020000
0 0.667578 0.613021 0.049687 0.051250
0 0.801172 0.604688 0.029062 0.051250
0 0.544531 0.592187 0.022500 0.021250
0 0.401172 0.592708 0.023438 0.025000
0 0.779687 0.606771 0.033750 0.066250
0 0.703906 0.595313 0.020625 0.038750
0 0.587500 0.589063 0.016875 0.023750
0 0.567187 0.592708 0.028125 0.035000
0 0.723047 0.588021 0.023438 0.041250
0 0.754687 0.575000 0.037500 0.025000
0 0.470703 0.583854 0.036562 0.048750
0 0.815234 0.577083 0.038437 0.040000
0 0.539844 0.569271 0.011250 0.028750
0 0.666406 0.569271 0.041250 0.031250
0 0.778125 0.562500 0.011250 0.020000
0 0.432812 0.582812 0.050625 0.068750
0 0.263672 0.579167 0.025312 0.060000
0 0.556250 0.561979 0.009375 0.023750
0 0.435547 0.552604 0.014063 0.028750
0 0.618750 0.572917 0.071250 0.080000
0 0.494531 0.575000 0.078750 0.087500
0 0.625391 0.551562 0.010312 0.036250
0 0.499219 0.545312 0.011250 0.026250
0 0.544531 0.541667 0.024375 0.027500
0 0.571484 0.544792 0.030937 0.042500
0 0.384375 0.536458 0.009375 0.022500
0 0.697266 0.542708 0.062812 0.045000
0 0.376172 0.565625 0.053437 0.102500
0 0.483594 0.529167 0.020625 0.017500
0 0.800781 0.551562 0.039375 0.073750
0 0.565625 0.525000 0.011250 0.017500
0 0.739844 0.536458 0.026250 0.052500
0 0.708594 0.519271 0.018750 0.011250
0 0.535937 0.520312 0.011250 0.013750
0 0.522266 0.527604 0.014063 0.031250
0 0.817578 0.526563 0.017813 0.046250
0 0.439063 0.544271 0.046875 0.088750
0 0.787891 0.522917 0.032813 0.040000
0 0.551172 0.511979 0.017813 0.016250
0 0.369922 0.513542 0.008437 0.020000
0 0.673438 0.510417 0.009375 0.032500
0 0.690234 0.502083 0.010312 0.027500
0 0.533594 0.501042 0.007500 0.027500
0 0.496875 0.501042 0.026250 0.047500
0 0.775000 0.486458 0.026250 0.032500
0 0.751563 0.479167 0.016875 0.025000
0 0.741406 0.496354 0.069375 0.066250
0 0.699219 0.481250 0.026250 0.030000
0 0.804688 0.483333 0.039375 0.037500
0 0.457813 0.475521 0.028125 0.018750
0 0.428516 0.491146 0.021562 0.056250
0 0.452734 0.484375 0.044062 0.045000
0 0.300781 0.481250 0.028125 0.037500
0 0.486328 0.476562 0.036562 0.028750
0 0.583203 0.473958 0.015938 0.027500
0 0.674219 0.470313 0.011250 0.021250
0 0.652344 0.470833 0.020625 0.027500
0 0.292578 0.467708 0.012188 0.022500
0 0.479297 0.463021 0.015938 0.018750
0 0.565234 0.479167 0.053437 0.060000
0 0.785937 0.461458 0.013125 0.020000
0 0.650000 0.493750 0.046875 0.097500
0 0.529687 0.471354 0.028125 0.046250
0 0.403516 0.456250 0.027187 0.020000
0 0.379297 0.502604 0.092812 0.133750
0 0.308984 0.455729 0.012188 0.023750
0 0.626953 0.446875 0.034687 0.017500
0 0.725781 0.451562 0.024375 0.031250
0 0.280078 0.462500 0.015938 0.057500
0 0.685547 0.446875 0.047812 0.022500
0 0.502734 0.464062 0.036562 0.066250
0 0.289062 0.444271 0.016875 0.023750
0 0.487500 0.441146 0.024375 0.021250
0 0.522266 0.438021 0.012188 0.023750
0 0.745313 0.440625 0.020625 0.032500
0 0.609375 0.488021 0.046875 0.146250
0 0.377344 0.442708 0.016875 0.040000
0 0.829688 0.456250 0.080625 0.075000
0 0.657031 0.432292 0.033750 0.020000
0 0.581641 0.440625 0.029062 0.042500
0 0.391797 0.430729 0.012188 0.018750
0 0.558594 0.436979 0.022500 0.043750
0 0.537891 0.433333 0.021562 0.045000
0 0.456250 0.435937 0.048750 0.053750
0 0.449609 0.418750 0.017813 0.020000
0 0.749609 0.423958 0.019688 0.037500
0 0.417578 0.436458 0.042188 0.070000
0 0.685156 0.421354 0.031875 0.041250
0 0.571484 0.416667 0.038437 0.037500
0 0.825391 0.415625 0.027187 0.047500
0 0.778125 0.432292 0.052500 0.087500
0 0.621484 0.408854 0.075938 0.041250
0 0.400000 0.398438 0.016875 0.016250
0 0.667578 0.397917 0.045937 0.027500
0 0.565625 0.392708 0.022500 0.017500
0 0.464844 0.394792 0.015000 0.030000
0 0.214062 0.405208 0.028125 0.062500
0 0.726953 0.402604 0.029062 0.058750
0 0.528516 0.395833 0.062812 0.042500
0 0.430859 0.391667 0.021562 0.035000
0 0.415234 0.383854 0.012188 0.026250
0 0.531641 0.377083 0.010312 0.012500
0 0.629687 0.382812 0.039375 0.031250
0 0.478125 0.373437 0.016875 0.013750
0 0.666797 0.376042 0.014063 0.040000
0 0.517578 0.368750 0.019688 0.022500
0 0.498047 0.395833 0.032813 0.092500
0 0.554688 0.366146 0.007500 0.023750
0 0.711328 0.377083 0.051562 0.060000
0 0.768359 0.365104 0.027187 0.033750
0 0.837891 0.372917 0.029062 0.057500
0 0.420703 0.359896 0.023438 0.031250
0 0.386328 0.367708 0.027187 0.052500
0 0.514062 0.350000 0.011250 0.015000
0 0.606641 0.372917 0.060937 0.080000
0 0.541406 0.352083 0.015000 0.042500
0 0.485156 0.344792 0.028125 0.025000
0 0.503516 0.341667 0.012188 0.025000
0 0.674609 0.353646 0.044062 0.056250
0 0.778125 0.334375 0.015000 0.015000
0 0.562891 0.343750 0.015938 0.047500
0 0.790625 0.340104 0.026250 0.043750
0 0.529297 0.338542 0.025312 0.040000
0 0.404297 0.333854 0.053437 0.036250
0 0.626172 0.340625 0.062812 0.055000
0 0.687500 0.325521 0.020625 0.026250
0 0.656641 0.317708 0.010312 0.012500
0 0.591797 0.326562 0.015938 0.036250
0 0.486328 0.308854 0.008437 0.018750
0 0.453906 0.330729 0.058125 0.071250
0 0.334766 0.306771 0.036562 0.028750
0 0.533984 0.308333 0.038437 0.047500
0 0.436328 0.301042 0.040313 0.037500
0 0.455859 0.290104 0.023438 0.016250
0 0.567187 0.292187 0.033750 0.023750
0 0.333594 0.292708 0.028125 0.025000
0 0.785937 0.306250 0.048750 0.075000
0 0.748047 0.291146 0.053437 0.051250
0 0.497266 0.275521 0.015938 0.028750
0 0.477734 0.280208 0.025312 0.045000
0 0.614062 0.268229 0.018750 0.031250
0 0.582031 0.258854 0.013125 0.016250
0 0.557422 0.260417 0.019688 0.025000
0 0.846484 0.266667 0.034687 0.042500
0 0.725000 0.264062 0.022500 0.046250
0 0.535156 0.265104 0.030000 0.048750
0 0.509375 0.284896 0.026250 0.103750
0 0.425000 0.269271 0.061875 0.076250
0 0.578516 0.240625 0.030937 0.017500
0 0.716016 0.235937 0.030937 0.016250
0 0.788281 0.249479 0.024375 0.061250
0 0.616406 0.272917 0.073125 0.117500
0 0.708984 0.289583 0.126562 0.160000
0 0.752734 0.236458 0.040313 0.052500
0 0.514062 0.220833 0.011250 0.020000
0 0.549219 0.225521 0.033750 0.033750
0 0.439063 0.217188 0.018750 0.021250
0 0.857812 0.224479 0.037500 0.046250
0 0.476953 0.231250 0.085312 0.067500
0 0.452734 0.207292 0.010312 0.030000
0 0.588281 0.198958 0.007500 0.027500
0 0.446875 0.186979 0.016875 0.013750
0 0.740234 0.197396 0.019688 0.041250
0 0.488672 0.183854 0.023438 0.018750
0 0.666406 0.206771 0.153750 0.093750
0 0.399219 0.178125 0.020625 0.032500
0 0.575781 0.188021 0.063750 0.058750
0 0.464062 0.169792 0.016875 0.015000
0 0.818359 0.184896 0.023438 0.056250
0 0.481250 0.164062 0.015000 0.021250
0 0.635547 0.157812 0.010312 0.016250
0 0.520312 0.165625 0.054375 0.037500
0 0.655859 0.156250 0.030937 0.020000
0 0.558984 0.151562 0.019688 0.018750
0 0.403516 0.159896 0.027187 0.038750
0 0.609375 0.145313 0.016875 0.008750
0 0.691016 0.151042 0.036562 0.040000
0 0.579297 0.139583 0.027187 0.022500
0 0.550000 0.132812 0.022500 0.013750
0 0.598437 0.132292 0.011250 0.020000
0 0.283594 0.138542 0.031875 0.040000
0 0.512109 0.130208 0.040313 0.027500
0 0.615234 0.131250 0.027187 0.035000
0 0.566016 0.121875 0.012188 0.015000
0 0.458203 0.135417 0.025312 0.057500
0 0.519922 0.093229 0.029062 0.051250
0 0.767969 0.106875 0.464062 0.213750
0 0.092812 0.358125 0.185625 0.716250
