0 0.983750 0.970000 0.027000 0.060000
0 0.941500 0.892500 0.117000 0.144000
0 0.648750 0.835000 0.069000 0.102000
0 0.958000 0.817500 0.084000 0.066000
0 0.913750 0.805000 0.051000 0.090000
0 0.951250 0.740000 0.093000 0.060000
0 0.705000 0.741250 0.066000 0.087000
0 0.928000 0.645000 0.144000 0.144000
0 0.982000 0.580000 0.036000 0.072000
0 0.732500 0.552500 0.054000 0.102000
0 0.686250 0.550000 0.063000 0.096000
0 0.956250 0.547500 0.087000 0.144000
0 0.876250 0.515000 0.165000 0.090000
0 0.501250 0.517500 0.063000 0.102000
0 0.943750 0.461250 0.057000 0.033000
0 0.891250 0.453750 0.045000 0.081000
0 0.946250 0.417500 0.075000 0.060000
0 0.902500 0.381250 0.030000 0.033000
0 0.968500 0.366250 0.063000 0.081000
0 0.922500 0.321250 0.072000 0.051000
0 0.713750 0.283750 0.087000 0.063000
0 0.901000 0.285000 0.198000 0.222000
0 0.968500 0.176250 0.063000 0.057000
0 0.910000 0.171250 0.180000 0.153000
0 0.517500 0.083750 0.078000 0.057000
0 0.959500 0.071250 0.081000 0.039000
0 0.923500 0.066250 0.153000 0.099000
0 0.786250 0.048750 0.063000 0.093000
0 0.977500 0.016250 0.042000 0.027000
