0 0.960000 0.980500 0.048000 0.039000
0 0.110000 0.976250 0.054000 0.033000
0 0.065000 0.967500 0.036000 0.036000
0 0.022500 0.968750 0.045000 0.039000
0 0.777500 0.968500 0.066000 0.063000
0 0.923750 0.952500 0.051000 0.030000
0 0.292500 0.962500 0.060000 0.072000
0 0.098750 0.948750 0.045000 0.039000
0 0.158750 0.957500 0.057000 0.078000
0 0.025500 0.936250 0.051000 0.045000
0 0.977500 0.933750 0.045000 0.057000
0 0.875000 0.944500 0.180000 0.111000
0 0.802500 0.917500 0.078000 0.036000
0 0.558750 0.935500 0.129000 0.129000
0 0.205000 0.935500 0.114000 0.129000
0 0.721250 0.927500 0.111000 0.096000
0 0.396250 0.905000 0.063000 0.048000
0 0.125000 0.907500 0.084000 0.066000
0 0.515000 0.878750 0.030000 0.033000
0 0.893750 0.891250 0.087000 0.069000
0 0.487500 0.871250 0.030000 0.033000
0 0.642500 0.911500 0.138000 0.177000
0 0.712500 0.863750 0.048000 0.033000
0 0.767500 0.858750 0.060000 0.045000
0 0.982000 0.841250 0.036000 0.039000
0 0.943750 0.865000 0.057000 0.096000
0 0.537500 0.843750 0.048000 0.075000
0 0.650000 0.806250 0.060000 0.051000
0 0.432500 0.791250 0.042000 0.033000
0 0.630000 0.836250 0.168000 0.147000
0 0.965500 0.782500 0.069000 0.066000
0 0.922500 0.792500 0.042000 0.090000
0 0.298750 0.760000 0.057000 0.036000
0 0.845000 0.798750 0.144000 0.153000
0 0.773750 0.803750 0.231000 0.171000
0 0.441250 0.736250 0.033000 0.027000
0 0.332500 0.723750 0.066000 0.027000
0 0.481250 0.720000 0.045000 0.024000
0 0.285000 0.710000 0.030000 0.024000
0 0.982000 0.721250 0.036000 0.069000
0 0.410000 0.705000 0.108000 0.066000
0 0.287500 0.693750 0.072000 0.039000
0 0.581250 0.746250 0.315000 0.207000
0 0.625000 0.676250 0.042000 0.045000
0 0.388750 0.660000 0.027000 0.030000
0 0.670000 0.666250 0.054000 0.057000
0 0.977500 0.655000 0.045000 0.042000
0 0.497500 0.665000 0.144000 0.072000
0 0.024000 0.658750 0.048000 0.057000
0 0.858750 0.633750 0.045000 0.039000
0 0.555000 0.628750 0.036000 0.039000
0 0.060000 0.628750 0.030000 0.039000
0 0.355000 0.623750 0.036000 0.039000
0 0.337500 0.660000 0.090000 0.126000
0 0.153750 0.622500 0.039000 0.042000
0 0.324000 0.760000 0.648000 0.480000
0 0.898750 0.603750 0.039000 0.027000
0 0.621250 0.622500 0.129000 0.078000
0 0.024000 0.606250 0.048000 0.057000
0 0.708750 0.598750 0.063000 0.045000
0 0.341250 0.593750 0.045000 0.039000
0 0.125000 0.600000 0.060000 0.066000
0 0.971500 0.580000 0.057000 0.048000
0 0.583750 0.581250 0.051000 0.051000
0 0.423750 0.608750 0.123000 0.117000
0 0.668750 0.582500 0.075000 0.090000
0 0.486250 0.583750 0.087000 0.093000
0 0.451250 0.558750 0.033000 0.039000
0 0.862500 0.543750 0.060000 0.033000
0 0.082500 0.551250 0.060000 0.051000
0 0.267500 0.587500 0.126000 0.150000
0 0.661250 0.517500 0.045000 0.024000
0 0.606250 0.538750 0.087000 0.087000
0 0.366250 0.532500 0.081000 0.084000
0 0.428750 0.527500 0.045000 0.090000
0 0.297500 0.522500 0.060000 0.078000
0 0.583750 0.502500 0.045000 0.054000
0 0.093750 0.488750 0.045000 0.039000
0 0.057000 0.537500 0.114000 0.168000
0 0.251250 0.481250 0.039000 0.039000
0 0.398750 0.485000 0.063000 0.054000
0 0.953750 0.483750 0.069000 0.069000
0 0.276250 0.458750 0.021000 0.051000
0 0.238750 0.445000 0.069000 0.036000
0 0.108750 0.442500 0.039000 0.030000
0 0.505000 0.523750 0.240000 0.231000
0 0.697500 0.436250 0.036000 0.045000
0 0.653750 0.462500 0.135000 0.114000
0 0.371250 0.431250 0.057000 0.051000
0 0.025000 0.422500 0.048000 0.054000
0 0.591250 0.411250 0.039000 0.033000
0 0.453750 0.413750 0.063000 0.045000
0 0.356250 0.397500 0.033000 0.036000
0 0.022500 0.387500 0.045000 0.024000
0 0.652500 0.398750 0.030000 0.057000
0 0.492500 0.403750 0.186000 0.075000
0 0.952000 0.417500 0.096000 0.120000
0 0.691250 0.391250 0.057000 0.057000
0 0.603750 0.381250 0.075000 0.069000
0 0.070000 0.356250 0.036000 0.033000
0 0.565000 0.356250 0.030000 0.039000
0 0.792500 0.403750 0.192000 0.159000
0 0.183750 0.342500 0.051000 0.042000
0 0.033750 0.350000 0.051000 0.066000
0 0.765000 0.321250 0.030000 0.027000
0 0.976000 0.315000 0.048000 0.030000
0 0.677500 0.317500 0.042000 0.060000
0 0.517500 0.303750 0.036000 0.045000
0 0.185000 0.297500 0.042000 0.066000
0 0.742500 0.280000 0.036000 0.030000
0 0.250000 0.277500 0.036000 0.054000
0 0.655000 0.286250 0.048000 0.081000
0 0.537500 0.331250 0.090000 0.189000
0 0.771250 0.280000 0.057000 0.078000
0 0.948750 0.278750 0.039000 0.093000
0 0.725000 0.302500 0.138000 0.168000
0 0.346250 0.325000 0.177000 0.228000
0 0.979000 0.243750 0.042000 0.039000
0 0.792500 0.240000 0.030000 0.036000
0 0.220000 0.405000 0.354000 0.462000
0 0.243750 0.208750 0.039000 0.039000
0 0.073500 0.252500 0.147000 0.162000
0 0.382500 0.207500 0.036000 0.066000
0 0.137500 0.196250 0.108000 0.087000
0 0.957500 0.188750 0.084000 0.075000
0 0.730000 0.192500 0.120000 0.090000
0 0.812500 0.450000 0.375000 0.714000
0 0.572500 0.162500 0.048000 0.036000
0 0.643750 0.163750 0.075000 0.051000
0 0.235000 0.201250 0.216000 0.141000
0 0.313750 0.176250 0.045000 0.087000
0 0.286250 0.146250 0.039000 0.027000
0 0.216250 0.143750 0.039000 0.033000
0 0.707500 0.127500 0.036000 0.042000
0 0.426250 0.130000 0.075000 0.066000
0 0.187500 0.126250 0.066000 0.057000
0 0.062500 0.148750 0.096000 0.111000
0 0.097500 0.108750 0.036000 0.033000
0 0.748750 0.163750 0.171000 0.183000
0 0.576250 0.102500 0.033000 0.042000
0 0.974500 0.092500 0.051000 0.036000
0 0.245000 0.096250 0.036000 0.051000
0 0.632500 0.098750 0.102000 0.087000
0 0.306250 0.080000 0.045000 0.066000
0 0.878750 0.102500 0.183000 0.144000
0 0.077500 0.063750 0.030000 0.057000
0 0.970000 0.056250 0.060000 0.051000
0 0.045000 0.078750 0.090000 0.129000
0 0.902500 0.037500 0.054000 0.042000
0 0.241250 0.077500 0.099000 0.138000
0 0.018000 0.030000 0.036000 0.054000
0 0.948750 0.045000 0.069000 0.090000
0 0.073750 0.025000 0.063000 0.048000
0 0.885000 0.019500 0.096000 0.039000
0 0.806250 0.037500 0.111000 0.075000
0 0.761250 0.049500 0.093000 0.099000
0 0.687500 0.051000 0.072000 0.102000
0 0.633750 0.042000 0.093000 0.084000
0 0.495000 0.226500 0.444000 0.453000
0 0.488750 0.025500 0.027000 0.051000
0 0.431250 0.019500 0.057000 0.039000
0 0.338750 0.025500 0.045000 0.051000
0 0.282500 0.028500 0.066000 0.057000
0 0.147500 0.060000 0.180000 0.120000
