0 0.413281 0.954167 0.020625 0.050000
0 0.365625 0.928125 0.028125 0.090000
0 0.471094 0.899479 0.031875 0.033750
0 0.530078 0.902604 0.032813 0.046250
0 0.557422 0.878125 0.032813 0.027500
0 0.420703 0.885938 0.025312 0.053750
0 0.449219 0.881250 0.041250 0.050000
0 0.607422 0.872396 0.034687 0.038750
0 0.576562 0.864583 0.011250 0.020000
0 0.649219 0.853125 0.007500 0.015000
0 0.500391 0.852604 0.010312 0.018750
0 0.632812 0.851562 0.026250 0.028750
0 0.695703 0.851042 0.032813 0.035000
0 0.399609 0.855208 0.032813 0.045000
0 0.532813 0.841667 0.020625 0.017500
0 0.595313 0.843750 0.015000 0.025000
0 0.523047 0.866146 0.085312 0.106250
0 0.465625 0.836979 0.052500 0.036250
0 0.646094 0.827604 0.018750 0.018750
0 0.658984 0.829167 0.019688 0.040000
0 0.403125 0.826042 0.015000 0.042500
0 0.491797 0.835417 0.044062 0.072500
0 0.389062 0.816146 0.031875 0.028750
0 0.692187 0.818750 0.033750 0.037500
0 0.440234 0.829688 0.040313 0.063750
0 0.600000 0.814063 0.103125 0.068750
0 0.477344 0.796354 0.020625 0.026250
0 0.671484 0.794271 0.055313 0.028750
0 0.397656 0.788542 0.022500 0.035000
0 0.509375 0.803646 0.054375 0.081250
0 0.333594 0.804167 0.035625 0.090000
0 0.647266 0.772917 0.034687 0.020000
0 0.703125 0.773438 0.016875 0.026250
0 0.734375 0.779687 0.030000 0.043750
0 0.478516 0.771354 0.015938 0.031250
0 0.506641 0.758854 0.012188 0.011250
0 0.587500 0.759375 0.011250 0.015000
0 0.693750 0.762500 0.020625 0.025000
0 0.562109 0.784896 0.115312 0.113750
0 0.317969 0.759896 0.071250 0.071250
0 0.348438 0.727083 0.013125 0.015000
0 0.589453 0.728125 0.034687 0.022500
0 0.441797 0.747396 0.036562 0.068750
0 0.418359 0.736979 0.032813 0.043750
0 0.669922 0.712500 0.010312 0.012500
0 0.525000 0.727083 0.069375 0.047500
0 0.391406 0.726042 0.026250 0.045000
0 0.367578 0.740625 0.038437 0.080000
0 0.621875 0.731250 0.039375 0.060000
0 0.454688 0.768229 0.114375 0.148750
0 0.326172 0.717187 0.036562 0.031250
0 0.771094 0.722396 0.026250 0.053750
0 0.723047 0.705208 0.019688 0.012500
0 0.556641 0.716667 0.023438 0.042500
0 0.674609 0.738542 0.137813 0.110000
0 0.655859 0.696875 0.017813 0.020000
0 0.595313 0.696875 0.011250 0.020000
0 0.401172 0.699479 0.023438 0.026250
0 0.350781 0.698438 0.024375 0.023750
0 0.702344 0.693750 0.031875 0.017500
0 0.516406 0.689583 0.018750 0.010000
0 0.549219 0.692187 0.026250 0.021250
0 0.371484 0.692187 0.008437 0.026250
0 0.615234 0.691146 0.036562 0.031250
0 0.492578 0.693750 0.139687 0.065000
0 0.326953 0.684896 0.029062 0.051250
0 0.878906 0.675521 0.033750 0.031250
0 0.639844 0.696354 0.041250 0.081250
0 0.432812 0.677083 0.058125 0.035000
0 0.676562 0.675521 0.039375 0.048750
0 0.575391 0.677604 0.029062 0.053750
0 0.654297 0.662500 0.010312 0.022500
0 0.494922 0.666667 0.090937 0.047500
0 0.322266 0.644792 0.023438 0.017500
0 0.685547 0.644792 0.010312 0.020000
0 0.302344 0.672396 0.024375 0.091250
0 0.488672 0.645312 0.030937 0.028750
0 0.703125 0.639062 0.020625 0.031250
0 0.713281 0.656771 0.048750 0.076250
0 0.381250 0.655208 0.108750 0.072500
0 0.338672 0.623958 0.030937 0.037500
0 0.527734 0.625521 0.023438 0.043750
0 0.637109 0.611979 0.012188 0.016250
0 0.518750 0.597917 0.031875 0.015000
0 0.425391 0.627604 0.060937 0.086250
0 0.389844 0.616146 0.028125 0.058750
0 0.655078 0.588542 0.012188 0.015000
0 0.454297 0.622396 0.045937 0.096250
0 0.360547 0.596875 0.029062 0.035000
0 0.328906 0.591667 0.024375 0.022500
0 0.689844 0.587500 0.026250 0.015000
0 0.291016 0.622917 0.079687 0.122500
0 0.780859 0.583333 0.036562 0.035000
0 0.302344 0.575521 0.022500 0.028750
0 0.375000 0.574479 0.020625 0.028750
0 0.607422 0.569271 0.019688 0.026250
0 0.509375 0.606250 0.121875 0.115000
0 0.259766 0.580208 0.029062 0.052500
0 0.667578 0.568750 0.030937 0.030000
0 0.641797 0.577083 0.023438 0.057500
0 0.453906 0.568750 0.028125 0.042500
0 0.675781 0.603646 0.133125 0.138750
0 0.528906 0.552083 0.015000 0.015000
0 0.397656 0.565625 0.016875 0.050000
0 0.356250 0.550000 0.013125 0.012500
0 0.245703 0.554688 0.029062 0.028750
0 0.590625 0.608854 0.099375 0.163750
0 0.271875 0.551042 0.052500 0.025000
0 0.685547 0.558854 0.040313 0.046250
0 0.539844 0.535417 0.011250 0.012500
0 0.351562 0.550521 0.054375 0.053750
0 0.589063 0.565104 0.050625 0.093750
0 0.395703 0.538542 0.044062 0.035000
0 0.503125 0.538542 0.035625 0.037500
0 0.446875 0.550521 0.093750 0.066250
0 0.305078 0.545833 0.051562 0.060000
0 0.268359 0.531250 0.006563 0.025000
0 0.525781 0.524479 0.024375 0.023750
0 0.692969 0.519792 0.007500 0.015000
0 0.619531 0.522917 0.020625 0.027500
0 0.576953 0.528125 0.023438 0.042500
0 0.420703 0.516146 0.019688 0.013750
0 0.550391 0.523438 0.038437 0.033750
0 0.508594 0.516146 0.013125 0.016250
0 0.328906 0.520312 0.022500 0.033750
0 0.252344 0.517708 0.031875 0.052500
0 0.562500 0.502604 0.016875 0.041250
0 0.711328 0.486458 0.017813 0.010000
0 0.675391 0.500000 0.029062 0.042500
0 0.325000 0.490625 0.015000 0.032500
0 0.646875 0.525000 0.103125 0.120000
0 0.509375 0.486458 0.016875 0.027500
0 0.191406 0.493750 0.028125 0.052500
0 0.415234 0.473438 0.014063 0.016250
0 0.403906 0.475521 0.005625 0.021250
0 0.291797 0.495312 0.059062 0.071250
0 0.517188 0.470313 0.022500 0.013750
0 0.260156 0.478125 0.035625 0.045000
0 0.553906 0.482812 0.091875 0.071250
0 0.453516 0.472396 0.070312 0.048750
0 0.471094 0.486979 0.093750 0.106250
0 0.373828 0.456250 0.025312 0.035000
0 0.392969 0.445312 0.026250 0.023750
0 0.420703 0.440104 0.019688 0.018750
0 0.384375 0.484375 0.123750 0.125000
0 0.678516 0.462500 0.113437 0.077500
0 0.242188 0.469792 0.035625 0.097500
0 0.660937 0.435417 0.009375 0.020000
0 0.332422 0.434375 0.008437 0.017500
0 0.561719 0.443750 0.061875 0.042500
0 0.287500 0.447917 0.050625 0.067500
0 0.434766 0.436458 0.015938 0.045000
0 0.385937 0.419792 0.018750 0.015000
0 0.762891 0.436979 0.049687 0.058750
0 0.850000 0.434375 0.026250 0.057500
0 0.478125 0.417708 0.028125 0.027500
0 0.545312 0.416146 0.013125 0.026250
0 0.522266 0.417187 0.036562 0.031250
0 0.496484 0.406771 0.019688 0.023750
0 0.627734 0.403125 0.012188 0.030000
0 0.255859 0.408333 0.053437 0.047500
0 0.480469 0.394271 0.015000 0.016250
0 0.530469 0.394271 0.015000 0.018750
0 0.560937 0.393750 0.037500 0.027500
0 0.517969 0.381250 0.028125 0.017500
0 0.660547 0.403646 0.062812 0.073750
0 0.542188 0.370833 0.009375 0.027500
0 0.238672 0.377604 0.029062 0.046250
0 0.447656 0.362500 0.015000 0.022500
0 0.340234 0.367188 0.017813 0.033750
0 0.393359 0.410417 0.248438 0.152500
0 0.387891 0.351562 0.006563 0.018750
0 0.360156 0.348958 0.009375 0.022500
0 0.299609 0.348438 0.008437 0.021250
0 0.596484 0.416146 0.117188 0.186250
0 0.291406 0.392188 0.091875 0.128750
0 0.368750 0.354687 0.035625 0.041250
0 0.353516 0.335938 0.012188 0.011250
0 0.521094 0.346354 0.035625 0.043750
0 0.549609 0.336979 0.038437 0.026250
0 0.641406 0.346875 0.050625 0.052500
0 0.312109 0.323958 0.017813 0.012500
0 0.407813 0.325521 0.020625 0.031250
0 0.748437 0.330729 0.030000 0.046250
0 0.427344 0.327604 0.026250 0.038750
0 0.297656 0.323437 0.020625 0.031250
0 0.337891 0.318750 0.019688 0.035000
0 0.321484 0.307292 0.014063 0.017500
0 0.380078 0.323437 0.049687 0.058750
0 0.242969 0.314063 0.039375 0.036250
0 0.300781 0.305729 0.020625 0.028750
0 0.339453 0.304688 0.025312 0.033750
0 0.482422 0.333333 0.083437 0.117500
0 0.446875 0.314063 0.026250 0.071250
0 0.409766 0.295312 0.049687 0.031250
0 0.615625 0.312500 0.123750 0.090000
0 0.536719 0.304167 0.060000 0.072500
0 0.341797 0.275521 0.010312 0.033750
0 0.203516 0.274479 0.036562 0.033750
0 0.358594 0.272917 0.018750 0.035000
0 0.298828 0.300521 0.085312 0.103750
0 0.403516 0.265625 0.017813 0.030000
0 0.762891 0.276042 0.027187 0.057500
0 0.379688 0.268229 0.037500 0.038750
0 0.160156 0.268750 0.028125 0.050000
0 0.624609 0.270833 0.064687 0.082500
0 0.518750 0.245312 0.018750 0.031250
0 0.498047 0.241667 0.027187 0.047500
0 0.383203 0.231250 0.023438 0.027500
0 0.433594 0.231771 0.024375 0.038750
0 0.558594 0.257292 0.082500 0.105000
0 0.515234 0.220312 0.025312 0.023750
0 0.395703 0.216667 0.025312 0.025000
0 0.348828 0.236458 0.059062 0.072500
0 0.592969 0.224479 0.063750 0.053750
0 0.446094 0.247396 0.127500 0.108750
0 0.453516 0.221875 0.023438 0.057500
0 0.212500 0.207813 0.035625 0.038750
0 0.546875 0.204167 0.037500 0.040000
0 0.488672 0.203125 0.057188 0.055000
0 0.385937 0.196354 0.054375 0.048750
0 0.430078 0.194792 0.045937 0.047500
0 0.469922 0.179167 0.008437 0.027500
0 0.355078 0.186979 0.030937 0.046250
0 0.487109 0.168750 0.027187 0.025000
0 0.518359 0.171354 0.025312 0.058750
0 0.378906 0.156771 0.026250 0.041250
0 0.469922 0.148958 0.017813 0.027500
0 0.347266 0.152083 0.032813 0.050000
0 0.421484 0.148958 0.068437 0.067500
0 0.415625 0.116146 0.039375 0.038750
0 0.471094 0.142187 0.086250 0.121250
