0 0.400781 0.705208 0.018750 0.027500
0 0.393750 0.685937 0.015000 0.013750
0 0.457422 0.686458 0.023438 0.020000
0 0.436328 0.686458 0.021562 0.020000
0 0.416406 0.682292 0.022500 0.015000
0 0.509375 0.679688 0.016875 0.018750
0 0.365625 0.683333 0.015000 0.030000
0 0.258984 0.678646 0.019688 0.021250
0 0.382422 0.668229 0.012188 0.013750
0 0.462109 0.667188 0.012188 0.016250
0 0.404687 0.668229 0.033750 0.018750
0 0.386719 0.658854 0.013125 0.011250
0 0.333203 0.665625 0.017813 0.030000
0 0.586328 0.663542 0.014063 0.030000
0 0.542188 0.656250 0.018750 0.020000
0 0.396484 0.651563 0.015938 0.011250
0 0.505859 0.663021 0.064687 0.041250
0 0.438672 0.657292 0.036562 0.030000
0 0.414453 0.648958 0.021562 0.012500
0 0.546094 0.641146 0.024375 0.021250
0 0.526953 0.640625 0.017813 0.022500
0 0.387891 0.639583 0.044062 0.022500
0 0.468750 0.644792 0.054375 0.037500
0 0.419922 0.635417 0.030937 0.022500
0 0.555859 0.632292 0.012188 0.017500
0 0.368750 0.643750 0.037500 0.060000
0 0.570312 0.630208 0.016875 0.032500
0 0.503125 0.626042 0.026250 0.025000
0 0.610156 0.633333 0.026250 0.050000
0 0.534766 0.620833 0.017813 0.022500
0 0.496484 0.611979 0.010312 0.018750
0 0.578516 0.608333 0.014063 0.020000
0 0.439844 0.604167 0.020625 0.012500
0 0.384766 0.607812 0.014063 0.021250
0 0.352734 0.613021 0.036562 0.041250
0 0.511719 0.603125 0.028125 0.020000
0 0.484375 0.603646 0.013125 0.028750
0 0.555078 0.601562 0.045937 0.026250
0 0.448437 0.614062 0.086250 0.058750
0 0.370703 0.597917 0.015938 0.020000
0 0.298438 0.595833 0.022500 0.022500
0 0.419141 0.594792 0.019688 0.022500
0 0.429297 0.592708 0.010312 0.020000
0 0.457031 0.587500 0.009375 0.020000
0 0.422266 0.578646 0.023438 0.021250
0 0.398438 0.598437 0.030000 0.068750
0 0.478125 0.582812 0.041250 0.033750
0 0.441406 0.578125 0.016875 0.025000
0 0.571484 0.580208 0.030937 0.042500
0 0.416797 0.566146 0.021562 0.023750
0 0.464844 0.560417 0.028125 0.022500
0 0.518750 0.572917 0.061875 0.055000
0 0.484375 0.553125 0.022500 0.017500
0 0.502344 0.548438 0.016875 0.008750
0 0.346484 0.549479 0.017813 0.018750
0 0.404297 0.554167 0.023438 0.032500
0 0.607031 0.557292 0.024375 0.055000
0 0.357031 0.565104 0.073125 0.078750
0 0.227344 0.539062 0.016875 0.033750
0 0.548828 0.542708 0.032813 0.047500
0 0.433594 0.540625 0.045000 0.045000
0 0.351953 0.529687 0.017813 0.023750
0 0.441797 0.530729 0.014063 0.028750
0 0.575781 0.534896 0.030000 0.046250
0 0.593359 0.527083 0.015938 0.030000
0 0.386328 0.524479 0.044062 0.023750
0 0.455469 0.525000 0.020625 0.027500
0 0.347656 0.515104 0.016875 0.011250
0 0.316797 0.515625 0.019688 0.012500
0 0.499219 0.515104 0.016875 0.021250
0 0.335156 0.519792 0.016875 0.032500
0 0.530859 0.509896 0.014063 0.013750
0 0.593750 0.520312 0.082500 0.048750
0 0.426172 0.509375 0.015938 0.022500
0 0.512500 0.508333 0.015000 0.022500
0 0.279687 0.508333 0.030000 0.040000
0 0.329688 0.498958 0.035625 0.020000
0 0.485547 0.519271 0.059062 0.073750
0 0.520703 0.493750 0.015938 0.017500
0 0.391797 0.509896 0.075938 0.068750
0 0.501172 0.495312 0.027187 0.038750
0 0.452734 0.481771 0.014063 0.011250
0 0.459375 0.493229 0.045000 0.046250
0 0.398828 0.477083 0.017813 0.012500
0 0.541406 0.508854 0.080625 0.091250
0 0.558203 0.480208 0.015938 0.027500
0 0.532422 0.476042 0.038437 0.025000
0 0.489844 0.475000 0.024375 0.027500
0 0.456250 0.470833 0.018750 0.020000
0 0.353125 0.483854 0.018750 0.053750
0 0.594141 0.477604 0.038437 0.051250
0 0.516016 0.461979 0.023438 0.016250
0 0.568359 0.458854 0.019688 0.011250
0 0.607031 0.460417 0.022500 0.022500
0 0.498828 0.457292 0.015938 0.015000
0 0.374219 0.469271 0.030000 0.046250
0 0.551562 0.453125 0.016875 0.017500
0 0.435937 0.452083 0.013125 0.022500
0 0.396484 0.449479 0.023438 0.023750
0 0.570703 0.442708 0.017813 0.015000
0 0.409375 0.469271 0.048750 0.081250
0 0.339844 0.456771 0.045000 0.053750
0 0.266797 0.447917 0.015938 0.032500
0 0.462109 0.456250 0.070312 0.055000
0 0.525391 0.441146 0.015938 0.026250
0 0.589844 0.443229 0.016875 0.033750
0 0.608203 0.435417 0.025312 0.027500
0 0.568750 0.429167 0.011250 0.012500
0 0.513281 0.430208 0.018750 0.020000
0 0.441406 0.427604 0.018750 0.013750
0 0.374219 0.443229 0.056250 0.051250
0 0.544141 0.420312 0.015938 0.008750
0 0.497656 0.430208 0.016875 0.035000
0 0.596484 0.418229 0.015938 0.013750
0 0.451172 0.416667 0.027187 0.012500
0 0.471094 0.422917 0.048750 0.035000
0 0.421875 0.415625 0.022500 0.020000
0 0.244922 0.421354 0.019688 0.033750
0 0.531250 0.414062 0.018750 0.023750
0 0.607422 0.411979 0.023438 0.023750
0 0.399219 0.410938 0.035625 0.021250
0 0.517188 0.403125 0.024375 0.020000
0 0.555859 0.402083 0.014063 0.022500
0 0.449609 0.400000 0.021562 0.022500
0 0.415234 0.393229 0.019688 0.008750
0 0.564063 0.413021 0.045000 0.061250
0 0.384375 0.392188 0.022500 0.011250
0 0.595313 0.398958 0.028125 0.030000
0 0.487500 0.391667 0.015000 0.015000
0 0.329688 0.409896 0.039375 0.058750
0 0.613281 0.391146 0.013125 0.018750
0 0.476172 0.393229 0.008437 0.026250
0 0.516797 0.386458 0.015938 0.012500
0 0.503125 0.394271 0.015000 0.038750
0 0.464844 0.393229 0.011250 0.036250
0 0.324219 0.380208 0.035625 0.032500
0 0.591016 0.371875 0.049687 0.025000
0 0.561328 0.378125 0.030937 0.047500
0 0.372266 0.397396 0.079687 0.093750
0 0.412500 0.365104 0.015000 0.018750
0 0.531641 0.377083 0.029062 0.057500
0 0.557031 0.353646 0.018750 0.008750
0 0.442969 0.360938 0.030000 0.026250
0 0.425391 0.366146 0.017813 0.046250
0 0.351953 0.352604 0.012188 0.026250
0 0.462891 0.363021 0.042188 0.058750
0 0.385156 0.353125 0.031875 0.037500
0 0.532031 0.352083 0.043125 0.040000
0 0.405078 0.351562 0.017813 0.041250
0 0.632812 0.339583 0.022500 0.027500
0 0.595703 0.346875 0.027187 0.050000
0 0.523828 0.331250 0.014063 0.017500
0 0.330469 0.347917 0.060000 0.057500
0 0.566797 0.338542 0.038437 0.040000
0 0.489844 0.351562 0.054375 0.071250
0 0.544141 0.327083 0.021562 0.020000
0 0.462891 0.329167 0.021562 0.030000
0 0.373047 0.335417 0.036562 0.045000
0 0.386719 0.320312 0.011250 0.013750
0 0.443359 0.337500 0.021562 0.057500
0 0.536328 0.311979 0.027187 0.018750
0 0.582031 0.314583 0.030000 0.037500
0 0.377344 0.311458 0.030000 0.035000
0 0.362500 0.305208 0.020625 0.032500
0 0.548047 0.294271 0.023438 0.016250
0 0.569141 0.292187 0.057188 0.028750
0 0.421094 0.320312 0.069375 0.096250
0 0.551562 0.276042 0.016875 0.012500
0 0.455469 0.274479 0.020625 0.011250
0 0.421094 0.273438 0.015000 0.013750
0 0.520703 0.298438 0.059062 0.076250
0 0.372656 0.275521 0.016875 0.033750
0 0.398047 0.273438 0.036562 0.043750
0 0.524609 0.259375 0.029062 0.027500
0 0.567187 0.255729 0.026250 0.023750
0 0.458984 0.254688 0.021562 0.026250
0 0.498437 0.252083 0.018750 0.025000
0 0.479687 0.278125 0.069375 0.100000
0 0.444531 0.257812 0.063750 0.066250
0 0.432422 0.229687 0.030937 0.026250
0 0.473828 0.225000 0.025312 0.017500
0 0.412500 0.236979 0.018750 0.046250
0 0.584375 0.220833 0.020625 0.027500
0 0.389062 0.234896 0.039375 0.061250
0 0.453906 0.218750 0.018750 0.025000
0 0.423828 0.205729 0.023438 0.026250
0 0.608203 0.202083 0.023438 0.025000
0 0.473438 0.202083 0.026250 0.025000
0 0.564844 0.185417 0.022500 0.027500
0 0.503125 0.590000 0.993750 1.000000
