0 0.600000 0.867188 0.022500 0.026250
0 0.513542 0.816016 0.032500 0.025312
0 0.396354 0.814063 0.018750 0.020625
0 0.460417 0.811719 0.020000 0.030000
0 0.407813 0.801172 0.043750 0.012188
0 0.423958 0.786719 0.030000 0.013125
0 0.450521 0.786328 0.016250 0.021562
0 0.482812 0.787109 0.053750 0.025312
0 0.608854 0.780078 0.023750 0.023438
0 0.495312 0.769141 0.021250 0.012188
0 0.731771 0.770703 0.031250 0.029062
0 0.395833 0.771875 0.092500 0.031875
0 0.345833 0.762109 0.047500 0.015938
0 0.460938 0.767188 0.061250 0.035625
0 0.530208 0.761328 0.057500 0.027187
0 0.529687 0.750000 0.028750 0.018750
0 0.506771 0.746875 0.031250 0.018750
0 0.346875 0.741797 0.025000 0.010312
0 0.310937 0.736328 0.021250 0.010312
0 0.327083 0.737500 0.015000 0.015000
0 0.576562 0.736328 0.051250 0.038437
0 0.281250 0.724609 0.042500 0.021562
0 0.420312 0.718359 0.018750 0.008437
0 0.692187 0.723437 0.028750 0.030000
0 0.403646 0.713672 0.013750 0.006563
0 0.460938 0.733594 0.053750 0.065625
0 0.499479 0.711328 0.028750 0.014063
0 0.681771 0.711719 0.033750 0.024375
0 0.282292 0.707812 0.057500 0.022500
0 0.374479 0.723437 0.073750 0.063750
0 0.638021 0.701953 0.023750 0.017813
0 0.521354 0.695703 0.018750 0.008437
0 0.552083 0.719922 0.177500 0.075938
0 0.557292 0.695312 0.042500 0.016875
0 0.732500 0.812500 0.535000 0.375000
0 0.440104 0.729297 0.173750 0.104062
0 0.284375 0.689844 0.035000 0.013125
0 0.379688 0.694141 0.056250 0.036562
0 0.465104 0.682813 0.021250 0.011250
0 0.616146 0.677344 0.016250 0.011250
0 0.552604 0.678516 0.048750 0.025312
0 0.515104 0.676172 0.018750 0.019688
0 0.489063 0.676172 0.036250 0.019688
0 0.328125 0.686719 0.067500 0.046875
0 0.742708 0.678516 0.022500 0.029062
0 0.318229 0.669922 0.023750 0.012188
0 0.783333 0.671094 0.030000 0.028125
0 0.275521 0.677344 0.073750 0.043125
0 0.642708 0.672656 0.047500 0.037500
0 0.187500 0.666797 0.032500 0.023438
0 0.588542 0.667969 0.027500 0.030000
0 0.569792 0.658203 0.032500 0.014063
0 0.438021 0.656250 0.016250 0.009375
0 0.355729 0.658203 0.026250 0.017813
0 0.235000 0.788594 0.470000 0.422812
0 0.272917 0.657422 0.030000 0.025312
0 0.630729 0.658594 0.046250 0.031875
0 0.594792 0.649219 0.032500 0.013125
0 0.431250 0.649609 0.022500 0.017813
0 0.295312 0.650000 0.021250 0.018750
0 0.479687 0.651953 0.071250 0.029062
0 0.366146 0.644922 0.016250 0.012188
0 0.663021 0.645703 0.023750 0.021562
0 0.453125 0.640625 0.027500 0.009375
0 0.640625 0.635938 0.027500 0.007500
0 0.489063 0.635547 0.021250 0.010312
0 0.247917 0.633594 0.030000 0.007500
0 0.533333 0.645703 0.052500 0.038437
0 0.618750 0.633594 0.022500 0.013125
0 0.680208 0.631641 0.027500 0.010312
0 0.294271 0.632031 0.036250 0.013125
0 0.253646 0.648438 0.076250 0.060000
0 0.505729 0.625781 0.026250 0.011250
0 0.664583 0.624609 0.025000 0.012188
0 0.181771 0.630859 0.063750 0.032813
0 0.294792 0.621484 0.020000 0.014063
0 0.535937 0.624219 0.046250 0.024375
0 0.478125 0.621484 0.017500 0.023438
0 0.330208 0.639453 0.070000 0.070312
0 0.566667 0.612891 0.030000 0.010312
0 0.576562 0.620313 0.048750 0.031875
0 0.693229 0.614453 0.013750 0.021562
0 0.519792 0.611328 0.012500 0.019688
0 0.384896 0.666406 0.206250 0.151875
0 0.380208 0.605078 0.037500 0.014063
0 0.275521 0.611719 0.058750 0.030000
0 0.704688 0.612109 0.033750 0.042188
0 0.439583 0.605078 0.025000 0.029062
0 0.501042 0.599219 0.015000 0.016875
0 0.661458 0.599219 0.040000 0.018750
0 0.416146 0.595313 0.018750 0.011250
0 0.732292 0.595313 0.035000 0.013125
0 0.463021 0.593750 0.028750 0.013125
0 0.386458 0.591406 0.045000 0.013125
0 0.402083 0.608984 0.090000 0.059062
0 0.479687 0.585156 0.018750 0.011250
0 0.716146 0.584766 0.021250 0.012188
0 0.332292 0.597266 0.030000 0.044062
0 0.689583 0.583984 0.035000 0.017813
0 0.399479 0.578906 0.033750 0.013125
0 0.309896 0.578125 0.051250 0.030000
0 0.238021 0.569531 0.011250 0.011250
0 0.500000 0.570312 0.032500 0.018750
0 0.252083 0.576562 0.052500 0.037500
0 0.359896 0.574219 0.066250 0.035625
0 0.524479 0.562891 0.023750 0.023438
0 0.288542 0.561719 0.025000 0.020625
0 0.548438 0.555859 0.023750 0.010312
0 0.427604 0.560937 0.038750 0.028125
0 0.326562 0.555469 0.023750 0.015000
0 0.717708 0.551562 0.020000 0.020625
0 0.562500 0.546094 0.010000 0.015000
0 0.572917 0.568750 0.132500 0.073125
0 0.504687 0.549609 0.053750 0.029062
0 0.670312 0.542188 0.023750 0.018750
0 0.302604 0.544141 0.028750 0.023438
0 0.269792 0.545312 0.042500 0.028125
0 0.693750 0.539453 0.030000 0.017813
0 0.605208 0.540234 0.062500 0.034687
0 0.642188 0.534375 0.023750 0.022500
0 0.469271 0.549609 0.081250 0.066562
0 0.716146 0.530078 0.026250 0.023438
0 0.336979 0.524609 0.021250 0.010312
0 0.515104 0.523047 0.023750 0.012188
0 0.683854 0.523047 0.018750 0.014063
0 0.601562 0.526953 0.068750 0.045937
0 0.421354 0.525781 0.088750 0.054375
0 0.493229 0.507422 0.051250 0.017813
0 0.701042 0.507031 0.085000 0.033750
0 0.326042 0.517188 0.065000 0.061875
0 0.360938 0.503516 0.041250 0.042188
0 0.535417 0.500781 0.052500 0.037500
0 0.693750 0.491016 0.055000 0.017813
0 0.632812 0.487500 0.021250 0.013125
0 0.566667 0.514844 0.140000 0.078750
0 0.377083 0.520312 0.092500 0.097500
0 0.719271 0.476562 0.016250 0.015000
0 0.732812 0.478906 0.023750 0.028125
0 0.352083 0.475391 0.062500 0.036562
0 0.701562 0.466797 0.041250 0.029062
0 0.731771 0.458203 0.023750 0.029062
0 0.691667 0.452344 0.052500 0.020625
0 0.581250 0.447656 0.017500 0.009375
0 0.610417 0.482812 0.180000 0.095625
0 0.565104 0.442188 0.016250 0.013125
0 0.460938 0.435547 0.021250 0.008437
0 0.703646 0.433984 0.021250 0.021562
0 0.541667 0.437500 0.050000 0.037500
0 0.625521 0.426953 0.031250 0.014063
0 0.630208 0.430469 0.112500 0.035625
0 0.639583 0.420312 0.032500 0.013125
0 0.496354 0.420312 0.016250 0.015000
0 0.567187 0.423828 0.033750 0.025312
0 0.465625 0.456250 0.232500 0.118125
0 0.383854 0.407813 0.033750 0.016875
0 0.549479 0.407813 0.023750 0.022500
0 0.653125 0.405078 0.032500 0.019688
0 0.473438 0.405078 0.033750 0.019688
0 0.514583 0.392969 0.025000 0.011250
0 0.520833 0.360156 0.012500 0.020625
0 0.563021 0.351953 0.018750 0.010312
0 0.563021 0.339453 0.013750 0.014063
0 0.503646 0.334375 0.031250 0.013125
0 0.600000 0.259375 1.000000 0.493125
