0 0.864453 0.959375 0.047812 0.081250
0 0.482031 0.757812 0.022500 0.016250
0 0.517188 0.741667 0.015000 0.025000
0 0.489844 0.731250 0.013125 0.025000
0 0.485547 0.699479 0.017813 0.023750
0 0.407031 0.686458 0.022500 0.017500
0 0.569922 0.675000 0.023438 0.017500
0 0.464453 0.677083 0.030937 0.037500
0 0.516797 0.667708 0.008437 0.025000
0 0.560547 0.663021 0.021562 0.016250
0 0.437891 0.667188 0.057188 0.041250
0 0.448437 0.652083 0.007500 0.012500
0 0.578125 0.653125 0.016875 0.017500
0 0.429688 0.651563 0.011250 0.026250
0 0.403125 0.642708 0.022500 0.020000
0 0.501563 0.658333 0.026250 0.062500
0 0.600781 0.642708 0.015000 0.027500
0 0.470313 0.640104 0.013125 0.023750
0 0.417578 0.639062 0.012188 0.021250
0 0.225000 0.776875 0.450000 0.446250
0 0.587891 0.635417 0.017813 0.027500
0 0.428906 0.630208 0.007500 0.017500
0 0.529687 0.643750 0.030000 0.055000
0 0.506250 0.637500 0.015000 0.050000
0 0.390625 0.619271 0.022500 0.031250
0 0.435156 0.621354 0.026250 0.038750
0 0.380859 0.606771 0.015938 0.021250
0 0.488672 0.598437 0.012188 0.016250
0 0.419531 0.607812 0.013125 0.043750
0 0.430078 0.596354 0.012188 0.018750
0 0.605859 0.608333 0.042188 0.050000
0 0.540625 0.604167 0.022500 0.042500
0 0.563672 0.621354 0.053437 0.088750
0 0.389844 0.594792 0.011250 0.025000
0 0.371875 0.590625 0.030000 0.017500
0 0.601562 0.588021 0.013125 0.021250
0 0.616406 0.588542 0.016875 0.025000
0 0.473438 0.605208 0.030000 0.067500
0 0.458594 0.603646 0.024375 0.071250
0 0.583984 0.586979 0.029062 0.033750
0 0.406641 0.586458 0.015938 0.040000
0 0.561328 0.572917 0.008437 0.020000
0 0.441797 0.575000 0.012188 0.025000
0 0.570703 0.571875 0.008437 0.025000
0 0.470703 0.570833 0.015938 0.025000
0 0.393750 0.569271 0.016875 0.028750
0 0.606250 0.565104 0.030000 0.023750
0 0.494141 0.569792 0.015938 0.040000
0 0.452734 0.564583 0.010312 0.027500
0 0.515234 0.569271 0.025312 0.043750
0 0.550781 0.572396 0.022500 0.056250
0 0.420703 0.554688 0.012188 0.016250
0 0.433984 0.559896 0.014063 0.043750
0 0.497266 0.546875 0.015938 0.017500
0 0.332031 0.551042 0.030000 0.030000
0 0.363672 0.559375 0.040313 0.052500
0 0.559766 0.543750 0.012188 0.017500
0 0.394922 0.545312 0.010312 0.021250
0 0.474219 0.538542 0.018750 0.020000
0 0.366797 0.535937 0.012188 0.016250
0 0.460938 0.542708 0.026250 0.040000
0 0.605469 0.536458 0.015000 0.030000
0 0.494141 0.531250 0.015938 0.017500
0 0.344922 0.535937 0.014063 0.028750
0 0.467578 0.529687 0.010312 0.016250
0 0.381641 0.536979 0.012188 0.033750
0 0.533984 0.555208 0.036562 0.087500
0 0.506641 0.527604 0.008437 0.021250
0 0.544922 0.533333 0.015938 0.042500
0 0.444531 0.524479 0.011250 0.021250
0 0.426953 0.527604 0.027187 0.031250
0 0.459375 0.515625 0.022500 0.022500
0 0.569531 0.520312 0.028125 0.038750
0 0.322266 0.519792 0.034687 0.037500
0 0.412891 0.513542 0.012188 0.027500
0 0.554688 0.506250 0.013125 0.012500
0 0.497656 0.510938 0.015000 0.028750
0 0.393359 0.511979 0.019688 0.031250
0 0.354687 0.514062 0.031875 0.036250
0 0.381641 0.507292 0.015938 0.025000
0 0.440234 0.501042 0.017813 0.027500
0 0.517969 0.499479 0.016875 0.026250
0 0.592187 0.496875 0.013125 0.022500
0 0.408203 0.494271 0.014063 0.018750
0 0.393750 0.490625 0.015000 0.015000
0 0.498437 0.486979 0.024375 0.021250
0 0.424219 0.492188 0.022500 0.038750
0 0.533594 0.488021 0.018750 0.038750
0 0.414062 0.478646 0.016875 0.018750
0 0.367188 0.486979 0.018750 0.038750
0 0.333984 0.480208 0.036562 0.022500
0 0.438281 0.476562 0.011250 0.021250
0 0.464062 0.483854 0.020625 0.043750
0 0.448047 0.481771 0.012188 0.043750
0 0.417969 0.469271 0.013125 0.018750
0 0.610547 0.488542 0.032813 0.072500
0 0.502734 0.470313 0.014063 0.028750
0 0.362500 0.462500 0.013125 0.015000
0 0.348828 0.464062 0.012188 0.021250
0 0.280078 0.466667 0.038437 0.032500
0 0.590625 0.466146 0.031875 0.043750
0 0.514062 0.459375 0.020625 0.030000
0 0.521484 0.453125 0.014063 0.020000
0 0.425781 0.455729 0.037500 0.031250
0 0.389453 0.447917 0.012188 0.015000
0 0.376172 0.456250 0.015938 0.037500
0 0.489844 0.442708 0.015000 0.015000
0 0.400391 0.458854 0.038437 0.058750
0 0.504687 0.444792 0.018750 0.030000
0 0.322266 0.452604 0.032813 0.048750
0 0.308594 0.441146 0.018750 0.023750
0 0.462500 0.435937 0.013125 0.021250
0 0.448437 0.446875 0.037500 0.047500
0 0.489063 0.432292 0.022500 0.017500
0 0.592969 0.434375 0.015000 0.025000
0 0.563672 0.480208 0.085312 0.140000
0 0.576953 0.432292 0.019688 0.027500
0 0.363672 0.436979 0.019688 0.043750
0 0.280469 0.427604 0.020625 0.021250
0 0.407031 0.425000 0.016875 0.020000
0 0.320312 0.426042 0.022500 0.030000
0 0.552344 0.422396 0.018750 0.026250
0 0.340625 0.432292 0.015000 0.057500
0 0.445312 0.421875 0.026250 0.037500
0 0.569141 0.415104 0.008437 0.033750
0 0.422266 0.414583 0.012188 0.040000
0 0.330859 0.402604 0.012188 0.023750
0 0.316406 0.401042 0.015000 0.022500
0 0.560156 0.396354 0.011250 0.028750
0 0.458594 0.404167 0.015000 0.055000
0 0.393750 0.394792 0.011250 0.035000
0 0.440234 0.395833 0.027187 0.040000
0 0.385937 0.406771 0.026250 0.066250
0 0.498828 0.388021 0.023438 0.026250
0 0.453516 0.378646 0.008437 0.021250
0 0.341406 0.376563 0.009375 0.021250
0 0.639844 0.374479 0.022500 0.021250
0 0.614062 0.371354 0.016875 0.018750
0 0.523828 0.370312 0.012188 0.016250
0 0.444531 0.372396 0.007500 0.023750
0 0.416016 0.368229 0.014063 0.021250
0 0.531641 0.359896 0.021562 0.023750
0 0.495703 0.396354 0.074063 0.111250
0 0.325781 0.371354 0.018750 0.051250
0 0.395703 0.367708 0.027187 0.047500
0 0.433984 0.360938 0.015938 0.033750
0 0.410156 0.351562 0.007500 0.013750
0 0.533594 0.393229 0.048750 0.121250
0 0.347656 0.347396 0.016875 0.018750
0 0.510156 0.344271 0.018750 0.013750
0 0.363281 0.379167 0.039375 0.097500
0 0.398828 0.345313 0.017813 0.018750
0 0.427344 0.339583 0.015000 0.020000
0 0.574219 0.336458 0.024375 0.022500
0 0.468750 0.334896 0.011250 0.018750
0 0.455859 0.326042 0.014063 0.012500
0 0.456250 0.356250 0.061875 0.085000
0 0.483984 0.332813 0.019688 0.036250
0 0.500781 0.345313 0.022500 0.073750
0 0.580078 0.321354 0.019688 0.026250
0 0.386328 0.325000 0.032813 0.047500
0 0.360938 0.318750 0.020625 0.032500
0 0.506641 0.318750 0.034687 0.037500
0 0.381250 0.300521 0.026250 0.033750
0 0.392578 0.288021 0.019688 0.008750
0 0.476562 0.302604 0.039375 0.046250
0 0.414062 0.283333 0.011250 0.022500
0 0.426563 0.274479 0.013125 0.018750
0 0.431641 0.301563 0.072187 0.091250
0 0.525391 0.271875 0.015938 0.027500
0 0.404297 0.267708 0.021562 0.022500
0 0.602734 0.264583 0.021562 0.025000
0 0.392969 0.256250 0.015000 0.030000
0 0.432031 0.250521 0.015000 0.021250
0 0.464844 0.236458 0.022500 0.022500
0 0.515234 0.169792 0.014063 0.027500
0 0.783594 0.188125 0.380625 0.376250
0 0.093281 0.166875 0.186562 0.333750
