0 0.954038 0.971125 0.091923 0.057750
0 0.709825 0.786875 0.008993 0.013500
0 0.696503 0.781875 0.014988 0.028500
0 0.676936 0.772500 0.023980 0.028500
0 0.735637 0.759062 0.034971 0.018750
0 0.609908 0.757188 0.038968 0.018750
0 0.583264 0.751250 0.016986 0.007500
0 0.597002 0.750625 0.019983 0.012000
0 0.541216 0.744687 0.013988 0.017250
0 0.488759 0.730938 0.013988 0.005250
0 0.515404 0.730000 0.029975 0.009000
0 0.541216 0.729688 0.007993 0.011250
0 0.701082 0.732187 0.037968 0.020250
0 0.705662 0.724688 0.016986 0.006750
0 0.640300 0.728125 0.023980 0.018000
0 0.529975 0.722187 0.012989 0.005250
0 0.666944 0.730000 0.031973 0.027000
0 0.559117 0.743125 0.026978 0.060000
0 0.452123 0.722500 0.021982 0.015000
0 0.659867 0.714063 0.016986 0.006750
0 0.425895 0.714688 0.024979 0.014250
0 0.334721 0.716562 0.027977 0.023250
0 0.401332 0.709688 0.025978 0.008250
0 0.604080 0.711562 0.008993 0.020250
0 0.325978 0.706875 0.010991 0.009000
0 0.697752 0.710313 0.033972 0.018750
0 0.636553 0.709688 0.028976 0.023250
0 0.528310 0.703125 0.016986 0.009000
0 0.392173 0.700000 0.019983 0.012000
0 0.644879 0.700000 0.008993 0.015000
0 0.581182 0.700937 0.039967 0.020250
0 0.722315 0.705313 0.022981 0.033750
0 0.756037 0.694063 0.023980 0.009750
0 0.676936 0.701562 0.017985 0.032250
0 0.661948 0.698438 0.023980 0.027750
0 0.530391 0.701562 0.091923 0.035250
0 0.700666 0.690625 0.022981 0.016500
0 0.454205 0.703125 0.124896 0.046500
0 0.756869 0.685000 0.019983 0.009000
0 0.352623 0.684063 0.034971 0.011250
0 0.530391 0.676562 0.035970 0.011250
0 0.560366 0.682813 0.029975 0.029250
0 0.700666 0.674687 0.044963 0.014250
0 0.482098 0.679688 0.029975 0.026250
0 0.783930 0.675937 0.022981 0.018750
0 0.614904 0.676875 0.038968 0.021000
0 0.431307 0.675000 0.029975 0.018000
0 0.577019 0.671250 0.035970 0.016500
0 0.507077 0.669063 0.023980 0.011250
0 0.372606 0.666250 0.018984 0.006000
0 0.738968 0.661563 0.016986 0.008250
0 0.548293 0.661250 0.014988 0.007500
0 0.776853 0.660312 0.017985 0.014250
0 0.313489 0.657188 0.018984 0.006750
0 0.576187 0.657500 0.025978 0.009000
0 0.756869 0.656875 0.015987 0.009000
0 0.490425 0.658750 0.017985 0.013500
0 0.188177 0.655000 0.025978 0.012000
0 0.592007 0.652813 0.009992 0.009750
0 0.446295 0.653750 0.027977 0.013500
0 0.646961 0.665312 0.053955 0.042750
0 0.518734 0.648125 0.013988 0.007500
0 0.379684 0.668438 0.127893 0.057750
0 0.305579 0.650312 0.033972 0.014250
0 0.615321 0.647500 0.043963 0.015000
0 0.691507 0.651250 0.014988 0.030000
0 0.467111 0.646250 0.037968 0.019500
0 0.590758 0.641875 0.010991 0.010500
0 0.435887 0.640312 0.022981 0.009750
0 0.376187 0.781000 0.752373 0.438000
0 0.738135 0.660312 0.090924 0.062250
0 0.315570 0.640625 0.029975 0.016500
0 0.290591 0.637813 0.011990 0.011250
0 0.786844 0.636250 0.017985 0.010500
0 0.522481 0.634687 0.012989 0.006750
0 0.768526 0.634687 0.013988 0.009750
0 0.403414 0.635625 0.056953 0.018000
0 0.303081 0.628437 0.007993 0.011250
0 0.626561 0.624687 0.014988 0.009750
0 0.476686 0.635938 0.078934 0.036750
0 0.218984 0.628125 0.035970 0.019500
0 0.519151 0.624062 0.018984 0.014250
0 0.345545 0.626563 0.045962 0.020250
0 0.779767 0.625000 0.034971 0.018000
0 0.809742 0.623437 0.024979 0.017250
0 0.702748 0.625625 0.035970 0.034500
0 0.744796 0.622500 0.044963 0.030000
0 0.793089 0.612187 0.032973 0.008250
0 0.668193 0.610625 0.012989 0.006000
0 0.261032 0.618125 0.028976 0.030000
0 0.554122 0.633437 0.074938 0.068250
0 0.296836 0.610000 0.026978 0.012000
0 0.770192 0.607500 0.017985 0.007500
0 0.405912 0.608750 0.006994 0.012000
0 0.390924 0.626563 0.116903 0.057750
0 0.623647 0.632812 0.145878 0.074250
0 0.343047 0.612187 0.085928 0.029250
0 0.432556 0.609375 0.054954 0.025500
0 0.325562 0.607500 0.025978 0.021000
0 0.630308 0.607500 0.067943 0.027000
0 0.728560 0.602500 0.037968 0.016500
0 0.464197 0.595938 0.014988 0.005250
0 0.549542 0.592812 0.013988 0.006750
0 0.668193 0.595000 0.022981 0.013500
0 0.186511 0.597187 0.035970 0.018750
0 0.695254 0.594375 0.035970 0.016500
0 0.452123 0.596875 0.013988 0.024000
0 0.816819 0.595313 0.031973 0.023250
0 0.508743 0.605000 0.087927 0.046500
0 0.778102 0.595625 0.042964 0.030000
0 0.396753 0.593125 0.020983 0.024000
0 0.602415 0.583125 0.016986 0.006000
0 0.502498 0.584375 0.026978 0.013500
0 0.302248 0.586562 0.069942 0.018750
0 0.446711 0.580937 0.020983 0.011250
0 0.542881 0.581875 0.017985 0.015000
0 0.588260 0.588437 0.070941 0.035250
0 0.353039 0.582500 0.045962 0.021000
0 0.583264 0.578438 0.020983 0.012750
0 0.787677 0.576875 0.027977 0.013500
0 0.721066 0.576875 0.033972 0.018000
0 0.380516 0.574063 0.021982 0.014250
0 0.637802 0.576562 0.061948 0.023250
0 0.326395 0.573750 0.039967 0.016500
0 0.665695 0.574063 0.028976 0.018750
0 0.521232 0.571875 0.033972 0.016500
0 0.478768 0.573125 0.031973 0.019500
0 0.819317 0.572500 0.011990 0.024000
0 0.491674 0.565000 0.010991 0.009000
0 0.295171 0.570000 0.040966 0.021000
0 0.592839 0.566562 0.027977 0.017250
0 0.510408 0.564688 0.021982 0.014250
0 0.283930 0.559063 0.011990 0.009750
0 0.465029 0.558125 0.012989 0.009000
0 0.845129 0.561250 0.051957 0.019500
0 0.361782 0.558125 0.018984 0.013500
0 0.709409 0.558438 0.031973 0.015750
0 0.417152 0.573438 0.051957 0.051750
0 0.617402 0.559688 0.062948 0.020250
0 0.805579 0.555312 0.006994 0.011250
0 0.672773 0.566562 0.071940 0.039750
0 0.782681 0.558438 0.041965 0.021750
0 0.752706 0.573125 0.051957 0.063000
0 0.521232 0.550625 0.007993 0.012000
0 0.435887 0.548750 0.022981 0.009000
0 0.398834 0.551875 0.029975 0.021000
0 0.493339 0.550937 0.052956 0.020250
0 0.686928 0.548125 0.013988 0.015000
0 0.559534 0.544063 0.019983 0.009750
0 0.587427 0.546562 0.042964 0.020250
0 0.728976 0.545625 0.084929 0.024000
0 0.656953 0.541875 0.017985 0.015000
0 0.392590 0.539375 0.010991 0.010500
0 0.287677 0.543438 0.032973 0.026250
0 0.428809 0.538125 0.041965 0.015000
0 0.354704 0.541250 0.059950 0.022500
0 0.802248 0.539062 0.036969 0.018750
0 0.330974 0.535000 0.022981 0.015000
0 0.811823 0.530000 0.013988 0.006000
0 0.538301 0.536563 0.028976 0.024750
0 0.415903 0.530937 0.008993 0.012750
0 0.648626 0.526875 0.023980 0.013500
0 0.472523 0.525937 0.018984 0.011250
0 0.305162 0.530625 0.026978 0.022500
0 0.390092 0.529375 0.048959 0.024000
0 0.530808 0.523750 0.026978 0.012000
0 0.326811 0.522500 0.028976 0.009000
0 0.678185 0.524687 0.022981 0.015750
0 0.486678 0.532813 0.090924 0.036750
0 0.285179 0.524687 0.014988 0.020250
0 0.361366 0.520312 0.035970 0.011250
0 0.268110 0.517813 0.023980 0.008250
0 0.815154 0.518437 0.007993 0.012750
0 0.836386 0.517500 0.026978 0.013500
0 0.431724 0.520000 0.062948 0.022500
0 0.721482 0.515312 0.016986 0.014250
0 0.453789 0.514062 0.029975 0.011250
0 0.742298 0.523125 0.024979 0.034500
0 0.711490 0.522500 0.046961 0.033000
0 0.668609 0.512500 0.025978 0.009000
0 0.783097 0.519687 0.036969 0.027750
0 0.761449 0.511563 0.010991 0.008250
0 0.393006 0.510312 0.027977 0.011250
0 0.643214 0.510938 0.018984 0.017250
0 0.615321 0.527500 0.061948 0.063000
0 0.558701 0.519062 0.085928 0.042750
0 0.437968 0.505313 0.009992 0.009750
0 0.358035 0.505938 0.019983 0.011250
0 0.798918 0.506563 0.026978 0.014250
0 0.327644 0.509687 0.042964 0.021750
0 0.708160 0.503125 0.022981 0.007500
0 0.621565 0.508437 0.022981 0.023250
0 0.467527 0.505000 0.036969 0.015000
0 0.504163 0.503750 0.034971 0.018000
0 0.738135 0.500938 0.018984 0.020250
0 0.386345 0.495937 0.019983 0.008250
0 0.793922 0.495312 0.020983 0.011250
0 0.247710 0.500625 0.030974 0.031500
0 0.761449 0.493437 0.022981 0.015750
0 0.496669 0.490000 0.018984 0.007500
0 0.293505 0.500000 0.032973 0.033000
0 0.576603 0.494688 0.022981 0.021750
0 0.367194 0.492188 0.017985 0.015750
0 0.408410 0.491250 0.028976 0.015000
0 0.545379 0.488750 0.029975 0.010500
0 0.472107 0.486250 0.013988 0.007500
0 0.773522 0.488125 0.019983 0.013500
0 0.436719 0.488750 0.044963 0.021000
0 0.691507 0.489687 0.082931 0.029250
0 0.488343 0.480000 0.034971 0.010500
0 0.509575 0.480938 0.009992 0.014250
0 0.381765 0.480312 0.034971 0.014250
0 0.524147 0.480625 0.016986 0.024000
0 0.336386 0.483438 0.045962 0.030750
0 0.293505 0.478438 0.048959 0.018750
0 0.596586 0.474687 0.020983 0.011250
0 0.679850 0.473438 0.012989 0.009750
0 0.721066 0.470313 0.007993 0.008250
0 0.828476 0.475313 0.031973 0.023250
0 0.442548 0.470000 0.012989 0.010500
0 0.582015 0.471875 0.017985 0.016500
0 0.353039 0.471250 0.017985 0.016500
0 0.304330 0.467187 0.026978 0.008250
0 0.652373 0.483125 0.032973 0.049500
0 0.754371 0.472500 0.025978 0.027000
0 0.425062 0.470000 0.022981 0.025500
0 0.471690 0.466875 0.046961 0.019500
0 0.619484 0.477187 0.035970 0.045750
0 0.382182 0.464375 0.043963 0.018000
0 0.338468 0.461875 0.008993 0.013500
0 0.692756 0.462813 0.027977 0.017250
0 0.495837 0.455625 0.028976 0.010500
0 0.467527 0.454062 0.014988 0.008250
0 0.734804 0.456875 0.012989 0.018000
0 0.533306 0.468438 0.094921 0.047250
0 0.659867 0.456875 0.044963 0.022500
0 0.684430 0.450000 0.007993 0.007500
0 0.443797 0.455625 0.037968 0.021000
0 0.354288 0.451875 0.024979 0.018000
0 0.266028 0.450937 0.032973 0.026250
0 0.470025 0.445937 0.044963 0.015750
0 0.708576 0.447500 0.039967 0.021000
0 0.663197 0.443125 0.018984 0.010500
0 0.316819 0.447500 0.070941 0.024000
0 0.523314 0.444063 0.038968 0.017250
0 0.432973 0.440937 0.029975 0.011250
0 0.315570 0.437500 0.041965 0.015000
0 0.378851 0.443437 0.077935 0.032250
0 0.606162 0.445625 0.073938 0.043500
0 0.480849 0.432188 0.016986 0.014250
0 0.386761 0.429375 0.014988 0.007500
0 0.449209 0.431250 0.018984 0.015000
0 0.507494 0.430312 0.034971 0.015750
0 0.347627 0.427187 0.014988 0.008250
0 0.601998 0.428125 0.021982 0.013500
0 0.303913 0.425938 0.011990 0.008250
0 0.631973 0.432188 0.051957 0.030750
0 0.415903 0.426875 0.038968 0.019500
0 0.550375 0.430625 0.061948 0.036000
0 0.295587 0.422187 0.039967 0.020250
0 0.463364 0.418438 0.030974 0.015750
0 0.603247 0.413438 0.020983 0.009750
0 0.658618 0.412500 0.009992 0.009000
0 0.324313 0.415000 0.038968 0.016500
0 0.330558 0.412187 0.027977 0.011250
0 0.758535 0.416250 0.029975 0.022500
0 0.576187 0.416563 0.025978 0.023250
0 0.363447 0.414375 0.036969 0.024000
0 0.393006 0.410938 0.025978 0.020250
0 0.437136 0.410000 0.029975 0.019500
0 0.409659 0.407813 0.011990 0.014250
0 0.512490 0.405000 0.054954 0.016500
0 0.548293 0.405938 0.022981 0.020250
0 0.477935 0.410000 0.045962 0.033000
0 0.870108 0.398125 0.025978 0.021000
0 0.529975 0.390625 0.034971 0.016500
0 0.507494 0.389062 0.012989 0.012750
0 0.454621 0.383437 0.037968 0.023250
0 0.656953 0.380000 0.031973 0.024000
0 0.674854 0.371875 0.022981 0.019500
0 0.660283 0.367188 0.017985 0.008250
0 0.488343 0.376563 0.024979 0.032250
0 0.605745 0.345313 0.012989 0.009750
0 0.592423 0.347500 0.028976 0.019500
0 0.717319 0.329375 0.034971 0.024000
0 0.598668 0.313750 0.025978 0.030000
0 0.600000 0.202813 1.000000 0.369750
