0 0.607031 0.948958 0.028125 0.032500
0 0.555859 0.951562 0.021562 0.038750
0 0.942812 0.958125 0.114375 0.083750
0 0.585547 0.916146 0.019688 0.041250
0 0.461719 0.895312 0.031875 0.031250
0 0.574609 0.869271 0.029062 0.033750
0 0.410156 0.872396 0.026250 0.041250
0 0.600000 0.834375 0.028125 0.025000
0 0.528516 0.844271 0.044062 0.048750
0 0.454688 0.819792 0.018750 0.035000
0 0.401562 0.808854 0.022500 0.043750
0 0.377344 0.822396 0.039375 0.083750
0 0.464453 0.786458 0.019688 0.015000
0 0.382422 0.791146 0.017813 0.026250
0 0.665234 0.790625 0.027187 0.035000
0 0.425000 0.782813 0.030000 0.046250
0 0.385156 0.770833 0.069375 0.040000
0 0.366797 0.759896 0.019688 0.023750
0 0.419531 0.723958 0.024375 0.022500
0 0.429297 0.765104 0.122812 0.133750
0 0.367969 0.725000 0.037500 0.047500
0 0.349219 0.691667 0.022500 0.025000
0 0.475391 0.685937 0.010312 0.021250
0 0.427734 0.691146 0.044062 0.046250
0 0.467969 0.678646 0.011250 0.026250
0 0.458203 0.669792 0.021562 0.040000
0 0.595313 0.640104 0.011250 0.011250
0 0.381641 0.632292 0.008437 0.012500
0 0.650781 0.667708 0.065625 0.115000
0 0.635938 0.607292 0.022500 0.030000
0 0.344141 0.590104 0.008437 0.018750
0 0.661328 0.601562 0.034687 0.048750
0 0.439453 0.586458 0.012188 0.015000
0 0.653125 0.589063 0.030000 0.031250
0 0.651563 0.578125 0.013125 0.010000
0 0.532422 0.582292 0.010312 0.020000
0 0.333594 0.582812 0.016875 0.038750
0 0.373047 0.566146 0.014063 0.018750
0 0.501172 0.559896 0.021562 0.021250
0 0.351562 0.563021 0.030000 0.028750
0 0.529687 0.550521 0.015000 0.013750
0 0.656250 0.559375 0.046875 0.037500
0 0.455078 0.568229 0.087188 0.076250
0 0.489453 0.544792 0.034687 0.030000
0 0.433984 0.541146 0.025312 0.026250
0 0.564453 0.532813 0.012188 0.023750
0 0.434375 0.524479 0.016875 0.016250
0 0.547656 0.540104 0.075000 0.056250
0 0.253906 0.534375 0.030000 0.042500
0 0.610938 0.518750 0.013125 0.012500
0 0.476562 0.528646 0.039375 0.041250
0 0.185156 0.706250 0.370312 0.587500
0 0.558594 0.519792 0.022500 0.025000
0 0.683984 0.540625 0.055313 0.080000
0 0.642969 0.519792 0.054375 0.060000
0 0.454297 0.501042 0.010312 0.015000
0 0.282813 0.510417 0.020625 0.050000
0 0.475781 0.496354 0.020625 0.023750
0 0.538672 0.501563 0.042188 0.048750
0 0.693359 0.497396 0.023438 0.053750
0 0.616406 0.489583 0.020625 0.045000
0 0.646875 0.475000 0.018750 0.017500
0 0.659766 0.456250 0.030937 0.037500
0 0.350781 0.440104 0.018750 0.016250
0 0.450781 0.436979 0.011250 0.021250
0 0.375781 0.459896 0.069375 0.093750
0 0.555078 0.429167 0.034687 0.032500
0 0.671094 0.425000 0.016875 0.027500
0 0.310937 0.436458 0.037500 0.062500
0 0.475391 0.414583 0.021562 0.037500
0 0.421875 0.421875 0.041250 0.055000
0 0.510938 0.401042 0.007500 0.017500
0 0.483984 0.402083 0.019688 0.027500
0 0.398047 0.398958 0.036562 0.042500
0 0.712891 0.405729 0.038437 0.063750
0 0.667188 0.394792 0.020625 0.045000
0 0.256250 0.373437 0.024375 0.046250
0 0.509766 0.367708 0.042188 0.045000
0 0.419531 0.376042 0.114375 0.065000
0 0.692969 0.356250 0.018750 0.040000
0 0.584766 0.342187 0.015938 0.013750
0 0.346875 0.327083 0.026250 0.037500
0 0.553906 0.305729 0.011250 0.013750
0 0.574609 0.305208 0.006563 0.020000
0 0.486719 0.560937 0.425625 0.728750
0 0.445312 0.264583 0.013125 0.017500
0 0.459375 0.264062 0.013125 0.021250
0 0.527344 0.270833 0.084375 0.057500
0 0.482031 0.243229 0.030000 0.023750
0 0.402344 0.246354 0.022500 0.041250
0 0.443750 0.240625 0.018750 0.032500
0 0.441797 0.228646 0.008437 0.028750
0 0.489844 0.220833 0.020625 0.042500
0 0.318750 0.197917 0.024375 0.037500
0 0.770312 0.161875 0.459375 0.323750
0 0.277500 0.268750 0.555000 0.537500
