0 0.614062 0.972396 0.016875 0.038750
0 0.560156 0.887500 0.024375 0.032500
0 0.721484 0.869792 0.027187 0.035000
0 0.524219 0.870833 0.018750 0.040000
0 0.480078 0.856771 0.017813 0.038750
0 0.530078 0.846875 0.010312 0.017500
0 0.633203 0.853125 0.019688 0.040000
0 0.551953 0.841667 0.017813 0.027500
0 0.519531 0.839583 0.007500 0.022500
0 0.493750 0.843229 0.024375 0.031250
0 0.528125 0.825521 0.037500 0.061250
0 0.700000 0.797396 0.024375 0.036250
0 0.463672 0.795833 0.066562 0.065000
0 0.694141 0.777604 0.029062 0.031250
0 0.604297 0.770312 0.012188 0.023750
0 0.664453 0.763021 0.015938 0.016250
0 0.619531 0.761979 0.024375 0.018750
0 0.947031 0.841250 0.105937 0.317500
0 0.593750 0.742188 0.007500 0.023750
0 0.743359 0.744792 0.021562 0.042500
0 0.592578 0.769792 0.094687 0.102500
0 0.774219 0.740104 0.030000 0.033750
0 0.418750 0.726562 0.011250 0.013750
0 0.506641 0.722917 0.034687 0.030000
0 0.407422 0.721875 0.015938 0.032500
0 0.538672 0.733854 0.032813 0.063750
0 0.543359 0.716667 0.014063 0.027500
0 0.441406 0.706771 0.013125 0.016250
0 0.648438 0.727083 0.060000 0.075000
0 0.556250 0.709375 0.015000 0.037500
0 0.660156 0.689583 0.011250 0.012500
0 0.578125 0.684896 0.016875 0.026250
0 0.614844 0.707292 0.069375 0.107500
0 0.403516 0.672396 0.029062 0.026250
0 0.581250 0.662500 0.024375 0.022500
0 0.435547 0.657813 0.017813 0.011250
0 0.561328 0.663021 0.023438 0.028750
0 0.704297 0.661458 0.023438 0.032500
0 0.672656 0.656771 0.026250 0.021250
0 0.724609 0.657813 0.019688 0.031250
0 0.596484 0.651563 0.015938 0.016250
0 0.686328 0.645833 0.015938 0.012500
0 0.622266 0.646354 0.014063 0.013750
0 0.605078 0.647396 0.017813 0.023750
0 0.664062 0.677083 0.084375 0.097500
0 0.578516 0.643229 0.023438 0.016250
0 0.493750 0.653125 0.024375 0.040000
0 0.494141 0.731771 0.246562 0.256250
0 0.402734 0.633333 0.010312 0.022500
0 0.549219 0.635417 0.031875 0.032500
0 0.444141 0.625000 0.014063 0.010000
0 0.356641 0.631771 0.025312 0.028750
0 0.596094 0.623958 0.026250 0.022500
0 0.714844 0.628125 0.020625 0.040000
0 0.742578 0.625521 0.045937 0.038750
0 0.391016 0.618229 0.025312 0.033750
0 0.562500 0.618229 0.031875 0.046250
0 0.521875 0.600000 0.013125 0.012500
0 0.589453 0.600000 0.019688 0.017500
0 0.536719 0.608854 0.024375 0.041250
0 0.577344 0.593750 0.007500 0.027500
0 0.398438 0.591146 0.018750 0.023750
0 0.750781 0.592708 0.039375 0.042500
0 0.608203 0.582812 0.010312 0.021250
0 0.517578 0.581250 0.017813 0.020000
0 0.629297 0.606250 0.045937 0.092500
0 0.459375 0.575000 0.011250 0.027500
0 0.357031 0.581771 0.046875 0.043750
0 0.533203 0.567708 0.010312 0.020000
0 0.433203 0.565625 0.017813 0.017500
0 0.492969 0.642708 0.204375 0.207500
0 0.413281 0.567187 0.022500 0.028750
0 0.465625 0.567187 0.011250 0.033750
0 0.682031 0.599479 0.133125 0.113750
0 0.745703 0.560417 0.017813 0.025000
0 0.712891 0.561458 0.038437 0.027500
0 0.524609 0.556250 0.036562 0.022500
0 0.569922 0.560417 0.010312 0.037500
0 0.476562 0.549479 0.013125 0.011250
0 0.544922 0.569271 0.042188 0.063750
0 0.475391 0.533854 0.008437 0.018750
0 0.648047 0.536979 0.075938 0.043750
0 0.641406 0.521354 0.007500 0.013750
0 0.449609 0.530729 0.045937 0.043750
0 0.742188 0.520833 0.037500 0.027500
0 0.402734 0.521875 0.027187 0.040000
0 0.653906 0.509375 0.015000 0.017500
0 0.561719 0.532813 0.151875 0.083750
0 0.602344 0.501042 0.013125 0.012500
0 0.417578 0.507812 0.019688 0.028750
0 0.624219 0.507292 0.028125 0.035000
0 0.754297 0.497396 0.021562 0.013750
0 0.576172 0.496354 0.010312 0.016250
0 0.494922 0.521875 0.068437 0.082500
0 0.696484 0.494271 0.029062 0.018750
0 0.553125 0.497396 0.030000 0.026250
0 0.494531 0.489063 0.018750 0.026250
0 0.603125 0.481771 0.015000 0.026250
0 0.417187 0.480729 0.022500 0.031250
0 0.706250 0.507812 0.076875 0.111250
0 0.434766 0.483854 0.021562 0.056250
0 0.510938 0.477604 0.058125 0.048750
0 0.676172 0.464583 0.021562 0.022500
0 0.743750 0.472396 0.060000 0.046250
0 0.482031 0.460417 0.011250 0.017500
0 0.751172 0.462500 0.010312 0.025000
0 0.510547 0.456250 0.012188 0.022500
0 0.458984 0.474479 0.047812 0.081250
0 0.695312 0.447917 0.009375 0.025000
0 0.658594 0.447917 0.018750 0.032500
0 0.642188 0.468229 0.101250 0.083750
0 0.743359 0.440625 0.023438 0.032500
0 0.717578 0.436458 0.021562 0.032500
0 0.559766 0.454167 0.057188 0.075000
0 0.672656 0.433854 0.015000 0.041250
0 0.467969 0.427604 0.022500 0.026250
0 0.609766 0.422917 0.027187 0.017500
0 0.540234 0.427083 0.027187 0.035000
0 0.765625 0.442708 0.033750 0.075000
0 0.642578 0.418750 0.049687 0.035000
0 0.608203 0.405208 0.010312 0.020000
0 0.595703 0.402604 0.021562 0.033750
0 0.703125 0.396354 0.013125 0.021250
0 0.501563 0.416146 0.078750 0.103750
0 0.744141 0.392708 0.045937 0.062500
0 0.716016 0.356250 0.049687 0.037500
0 0.719922 0.335938 0.029062 0.028750
0 0.548047 0.325521 0.015938 0.013750
0 0.623047 0.398438 0.295312 0.213750
0 0.586328 0.304167 0.027187 0.020000
0 0.520703 0.301563 0.029062 0.028750
0 0.618359 0.291667 0.021562 0.037500
0 0.626563 0.247396 0.016875 0.038750
0 0.662109 0.235417 0.015938 0.037500
0 0.614844 0.215625 0.015000 0.010000
0 0.618359 0.206250 0.027187 0.022500
0 0.636719 0.341875 0.726562 0.683750
0 0.196875 0.600000 0.309375 1.000000
