0 0.567500 0.983500 0.042000 0.033000
0 0.218750 0.977500 0.039000 0.036000
0 0.973000 0.974500 0.054000 0.051000
0 0.792500 0.974500 0.024000 0.051000
0 0.675000 0.959500 0.102000 0.081000
0 0.597500 0.947500 0.036000 0.048000
0 0.330000 0.948750 0.054000 0.051000
0 0.920000 0.937500 0.072000 0.036000
0 0.265000 0.953500 0.048000 0.093000
0 0.971500 0.933750 0.057000 0.039000
0 0.072500 0.933750 0.042000 0.039000
0 0.633750 0.942500 0.045000 0.066000
0 0.457500 0.951250 0.114000 0.087000
0 0.187500 0.937500 0.054000 0.054000
0 0.128750 0.933750 0.093000 0.075000
0 0.236250 0.927500 0.039000 0.072000
0 0.671250 0.905000 0.051000 0.048000
0 0.945000 0.897500 0.042000 0.036000
0 0.721250 0.911250 0.039000 0.069000
0 0.857500 0.897500 0.066000 0.042000
0 0.550000 0.922000 0.144000 0.156000
0 0.976000 0.872500 0.048000 0.030000
0 0.770000 0.906250 0.090000 0.117000
0 0.040000 0.880000 0.078000 0.054000
0 0.528750 0.897500 0.117000 0.114000
0 0.447500 0.881250 0.120000 0.087000
0 0.811250 0.846250 0.069000 0.039000
0 0.641250 0.862500 0.063000 0.084000
0 0.717500 0.851250 0.090000 0.063000
0 0.533750 0.840000 0.039000 0.042000
0 0.348750 0.868750 0.207000 0.111000
0 0.608750 0.840000 0.063000 0.048000
0 0.406250 0.826250 0.075000 0.039000
0 0.872500 0.837500 0.042000 0.072000
0 0.472500 0.820000 0.072000 0.030000
0 0.943750 0.821250 0.105000 0.045000
0 0.205000 0.846250 0.096000 0.117000
0 0.137500 0.813750 0.072000 0.051000
0 0.531250 0.805000 0.057000 0.036000
0 0.696250 0.801250 0.063000 0.069000
0 0.403750 0.783750 0.051000 0.039000
0 0.775000 0.795000 0.084000 0.078000
0 0.953500 0.782500 0.093000 0.060000
0 0.652500 0.757500 0.144000 0.060000
0 0.180000 0.757500 0.066000 0.078000
0 0.458750 0.758750 0.075000 0.087000
0 0.837500 0.747500 0.054000 0.066000
0 0.578750 0.766250 0.057000 0.117000
0 0.937500 0.736250 0.054000 0.081000
0 0.251250 0.705000 0.045000 0.054000
0 0.837500 0.727500 0.192000 0.162000
0 0.553750 0.706250 0.093000 0.135000
0 0.447500 0.662500 0.066000 0.030000
0 0.707500 0.697500 0.108000 0.126000
0 0.620000 0.662500 0.036000 0.060000
0 0.482500 0.625000 0.048000 0.048000
0 0.532500 0.637500 0.114000 0.114000
0 0.326250 0.721250 0.237000 0.315000
0 0.603750 0.603750 0.069000 0.069000
0 0.787500 0.620000 0.138000 0.144000
0 0.382500 0.582500 0.054000 0.054000
0 0.448750 0.590000 0.081000 0.084000
0 0.550000 0.562500 0.048000 0.060000
0 0.712500 0.576250 0.120000 0.123000
0 0.488750 0.543750 0.075000 0.069000
0 0.442500 0.445000 0.066000 0.072000
0 0.547500 0.432500 0.102000 0.138000
0 0.093000 0.079500 0.186000 0.159000
