0 0.409687 0.996503 0.014250 0.006994
0 0.075313 0.994505 0.008250 0.010991
0 0.803438 0.994005 0.015750 0.011990
0 0.044687 0.993339 0.014250 0.007993
0 0.657500 0.993006 0.007500 0.013988
0 0.064687 0.993006 0.014250 0.013988
0 0.434688 0.992007 0.014250 0.015987
0 0.638750 0.992090 0.009000 0.014988
0 0.004875 0.991507 0.009750 0.016986
0 0.743437 0.990841 0.009750 0.013988
0 0.180312 0.990508 0.009750 0.018984
0 0.716562 0.990425 0.021750 0.018984
0 0.871250 0.989009 0.015000 0.021982
0 0.753125 0.986678 0.009000 0.011990
0 0.444375 0.989009 0.007500 0.021982
0 0.840313 0.988510 0.032250 0.022981
0 0.503125 0.988010 0.018000 0.023980
0 0.770312 0.987510 0.035250 0.024979
0 0.486563 0.987510 0.014250 0.019983
0 0.288438 0.988010 0.011250 0.023980
0 0.355938 0.986511 0.012750 0.026978
0 0.320000 0.984596 0.018000 0.016986
0 0.310937 0.982098 0.011250 0.010991
0 0.144687 0.986511 0.024750 0.026978
0 0.720938 0.981266 0.006750 0.010991
0 0.645312 0.984180 0.006750 0.017985
0 0.474687 0.980433 0.008250 0.008993
0 0.106250 0.980849 0.010500 0.009992
0 0.822187 0.984596 0.014250 0.020983
0 0.975000 0.980017 0.010500 0.013988
0 0.524687 0.981682 0.015750 0.019983
0 0.579375 0.977935 0.010500 0.012989
0 0.567187 0.981682 0.012750 0.021982
0 0.454062 0.980433 0.012750 0.018984
0 0.016125 0.983514 0.032250 0.032973
0 0.441250 0.975437 0.010500 0.010991
0 0.944688 0.982015 0.066750 0.035970
0 0.669375 0.980849 0.015000 0.027977
0 0.988000 0.981266 0.024000 0.030974
0 0.935937 0.972939 0.009750 0.010991
0 0.828438 0.975437 0.012750 0.016986
0 0.261875 0.974188 0.010500 0.013988
0 0.908750 0.980017 0.030000 0.039967
0 0.875625 0.973356 0.006000 0.019983
0 0.444375 0.968360 0.012000 0.011990
0 0.136875 0.969609 0.015000 0.014988
0 0.726250 0.972523 0.013500 0.023980
0 0.861875 0.977102 0.025500 0.040966
0 0.022812 0.972939 0.012750 0.032973
0 0.230625 0.968776 0.013500 0.024979
0 0.771250 0.966694 0.010500 0.021982
0 0.596875 0.963780 0.007500 0.014988
0 0.216250 0.961282 0.009000 0.008993
0 0.415938 0.965445 0.011250 0.020983
0 0.920312 0.963364 0.018750 0.017985
0 0.058438 0.972107 0.042750 0.040966
0 0.401875 0.960450 0.016500 0.014988
0 0.133125 0.957952 0.007500 0.008993
0 0.115625 0.972523 0.049500 0.054954
0 0.042500 0.975021 0.036000 0.049958
0 0.625313 0.961699 0.008250 0.019983
0 0.361563 0.959201 0.009750 0.013988
0 0.260000 0.959617 0.010500 0.016986
0 0.695937 0.955037 0.008250 0.007993
0 0.590000 0.955454 0.010500 0.008993
0 0.479063 0.958368 0.009750 0.017985
0 0.146563 0.958368 0.011250 0.017985
0 0.328437 0.957119 0.009750 0.016986
0 0.378437 0.957535 0.014250 0.019983
0 0.342813 0.960450 0.020250 0.026978
0 0.954063 0.967527 0.027750 0.045962
0 0.643750 0.955037 0.015000 0.015987
0 0.371875 0.955454 0.012000 0.016986
0 0.544375 0.953789 0.007500 0.014988
0 0.505313 0.954205 0.014250 0.015987
0 0.992125 0.953789 0.015750 0.016986
0 0.775937 0.955037 0.017250 0.019983
0 0.276875 0.952540 0.010500 0.015987
0 0.936875 0.955870 0.012000 0.027977
0 0.243438 0.947960 0.008250 0.008993
0 0.917813 0.949209 0.011250 0.013988
0 0.216250 0.948793 0.013500 0.014988
0 0.561875 0.946295 0.010500 0.010991
0 0.683438 0.945878 0.009750 0.011990
0 0.494063 0.947544 0.012750 0.015987
0 0.947187 0.948376 0.017250 0.019983
0 0.011625 0.957119 0.023250 0.042964
0 0.854688 0.957952 0.039750 0.046961
0 0.535312 0.945878 0.011250 0.017985
0 0.439688 0.945046 0.018750 0.015987
0 0.307812 0.943381 0.011250 0.011990
0 0.296875 0.942132 0.010500 0.008993
0 0.322813 0.945046 0.008250 0.017985
0 0.405625 0.939634 0.013500 0.008993
0 0.897813 0.942132 0.017250 0.016986
0 0.588125 0.942548 0.013500 0.017985
0 0.452188 0.941299 0.008250 0.014988
0 0.357500 0.939634 0.013500 0.010991
0 0.993437 0.940050 0.008250 0.013988
0 0.678750 0.940050 0.010500 0.013988
0 0.393125 0.937968 0.010500 0.008993
0 0.572500 0.941299 0.016500 0.018984
0 0.892188 0.962115 0.045750 0.072939
0 0.210000 0.937136 0.015000 0.012989
0 0.105938 0.938801 0.014250 0.016986
0 0.018750 0.946295 0.037500 0.034971
0 0.136250 0.941299 0.007500 0.028976
0 0.526875 0.934221 0.010500 0.013988
0 0.502500 0.933805 0.007500 0.014988
0 0.482187 0.930891 0.012750 0.007993
0 0.974688 0.949625 0.035250 0.054954
0 0.633437 0.933389 0.012750 0.017985
0 0.415625 0.930475 0.010500 0.010991
0 0.320000 0.930891 0.009000 0.011990
0 0.509687 0.933805 0.008250 0.020983
0 0.937813 0.935054 0.020250 0.025978
0 0.732187 0.930891 0.014250 0.015987
0 0.669063 0.929642 0.011250 0.012989
0 0.978750 0.932140 0.006000 0.020983
0 0.175937 0.927144 0.015750 0.010991
0 0.965938 0.935054 0.023250 0.031973
0 0.070938 0.927977 0.009750 0.016986
0 0.044062 0.930475 0.011250 0.024979
0 0.587500 0.924646 0.007500 0.012989
0 0.439375 0.922981 0.009000 0.008993
0 0.129375 0.924230 0.007500 0.011990
0 0.221875 0.928393 0.018000 0.023980
0 0.079062 0.926311 0.005250 0.018984
0 0.470313 0.925479 0.017250 0.020983
0 0.121563 0.935887 0.027750 0.045962
0 0.026250 0.923397 0.031500 0.017985
0 0.594375 0.921316 0.012000 0.014988
0 0.294063 0.922981 0.014250 0.018984
0 0.714688 0.919234 0.014250 0.011990
0 0.696562 0.919234 0.009750 0.011990
0 0.432188 0.920483 0.011250 0.014988
0 0.228125 0.915487 0.010500 0.006994
0 0.109687 0.916320 0.012750 0.010991
0 0.872188 0.925895 0.012750 0.037968
0 0.979375 0.914238 0.010500 0.011990
0 0.687187 0.912157 0.011250 0.006994
0 0.624062 0.914238 0.011250 0.011990
0 0.249688 0.918401 0.009750 0.021982
0 0.203750 0.917985 0.012000 0.020983
0 0.073438 0.914654 0.009750 0.012989
0 0.005625 0.921732 0.011250 0.029975
0 0.425938 0.913405 0.011250 0.011990
0 0.170313 0.912989 0.011250 0.010991
0 0.033125 0.913822 0.010500 0.014988
0 0.192812 0.916320 0.009750 0.022981
0 0.842187 0.925062 0.062250 0.045962
0 0.102188 0.916320 0.011250 0.024979
0 0.020313 0.910491 0.015750 0.010991
0 0.466250 0.909659 0.010500 0.010991
0 0.311250 0.909659 0.010500 0.010991
0 0.917813 0.910075 0.023250 0.015987
0 0.677188 0.910908 0.011250 0.017985
0 0.581562 0.909242 0.014250 0.013988
0 0.956250 0.919650 0.046500 0.040966
0 0.448125 0.914654 0.019500 0.028976
0 0.665937 0.911740 0.014250 0.023980
0 0.643750 0.906744 0.007500 0.013988
0 0.724375 0.905912 0.010500 0.013988
0 0.380937 0.905495 0.011250 0.012989
0 0.294375 0.905912 0.012000 0.013988
0 0.394062 0.912989 0.020250 0.032973
0 0.903750 0.902998 0.010500 0.010991
0 0.866563 0.902998 0.009750 0.012989
0 0.492500 0.901749 0.006000 0.013988
0 0.364375 0.903414 0.010500 0.017985
0 0.008250 0.900500 0.016500 0.010991
0 0.022500 0.901749 0.016500 0.017985
0 0.919375 0.897169 0.010500 0.010991
0 0.426563 0.898418 0.011250 0.013988
0 0.215000 0.897585 0.013500 0.013988
0 0.903125 0.916736 0.066000 0.061948
0 0.397500 0.897585 0.010500 0.015987
0 0.165937 0.899251 0.018750 0.023980
0 0.622188 0.895504 0.015750 0.018984
0 0.941250 0.894671 0.009000 0.018984
0 0.718437 0.891341 0.015750 0.014988
0 0.170937 0.890092 0.008250 0.011990
0 0.006000 0.890924 0.012000 0.013988
0 0.331562 0.888426 0.015750 0.009992
0 0.729688 0.895087 0.018750 0.029975
0 0.575937 0.890508 0.012750 0.020983
0 0.349062 0.894671 0.015750 0.032973
0 0.488750 0.885512 0.009000 0.012989
0 0.129688 0.888010 0.008250 0.018984
0 0.545937 0.887177 0.012750 0.018984
0 0.013437 0.885928 0.009750 0.017985
0 0.743125 0.890508 0.013500 0.032973
0 0.313125 0.882598 0.015000 0.013988
0 0.062812 0.898002 0.020250 0.050958
0 0.957500 0.881349 0.012000 0.012989
0 0.881250 0.891341 0.027000 0.036969
0 0.212500 0.880516 0.010500 0.012989
0 0.994750 0.880100 0.010500 0.013988
0 0.775312 0.880100 0.012750 0.015987
0 0.758750 0.883014 0.022500 0.024979
0 0.932187 0.896336 0.018750 0.060949
0 0.235625 0.877602 0.009000 0.017985
0 0.442500 0.874688 0.018000 0.012989
0 0.253750 0.874688 0.016500 0.012989
0 0.615625 0.873439 0.010500 0.011990
0 0.589375 0.875104 0.007500 0.015987
0 0.051250 0.883014 0.018000 0.036969
0 0.875625 0.871357 0.007500 0.010991
0 0.731875 0.870941 0.007500 0.009992
0 0.040938 0.896336 0.039750 0.070941
0 0.861563 0.869276 0.008250 0.009992
0 0.483438 0.872190 0.012750 0.016986
0 0.963750 0.878435 0.018000 0.033972
0 0.701250 0.873855 0.013500 0.022981
0 0.655000 0.869276 0.009000 0.011990
0 0.751563 0.870108 0.011250 0.015987
0 0.004500 0.872606 0.009000 0.023980
0 0.736875 0.866361 0.009000 0.010991
0 0.051875 0.864280 0.013500 0.009992
0 0.719375 0.866361 0.012000 0.018984
0 0.227187 0.863031 0.015750 0.012989
0 0.573438 0.868443 0.014250 0.027977
0 0.659687 0.862614 0.008250 0.015987
0 0.121250 0.861366 0.007500 0.012989
0 0.947500 0.860117 0.009000 0.011990
0 0.708750 0.862614 0.009000 0.017985
0 0.583750 0.861366 0.012000 0.014988
0 0.557813 0.864696 0.015750 0.022981
0 0.697500 0.858035 0.012000 0.010991
0 0.604062 0.858451 0.011250 0.011990
0 0.855313 0.858035 0.011250 0.012989
0 0.384375 0.859284 0.010500 0.015987
0 0.624687 0.863031 0.008250 0.026978
0 0.536875 0.855953 0.012000 0.009992
0 0.470000 0.855121 0.012000 0.007993
0 0.425938 0.861366 0.011250 0.022981
0 0.321250 0.857202 0.012000 0.012989
0 0.129375 0.856370 0.007500 0.010991
0 0.963750 0.856370 0.010500 0.012989
0 0.444375 0.858451 0.010500 0.019983
0 0.934375 0.889675 0.131250 0.098918
0 0.418125 0.852623 0.010500 0.011990
0 0.614375 0.853039 0.015000 0.014988
0 0.590000 0.850541 0.013500 0.008993
0 0.744062 0.850125 0.015750 0.009992
0 0.455625 0.853039 0.007500 0.018984
0 0.097187 0.850541 0.009750 0.012989
0 0.340000 0.852623 0.013500 0.019983
0 0.276250 0.850125 0.015000 0.023980
0 0.183750 0.844713 0.009000 0.010991
0 0.885000 0.842215 0.009000 0.008993
0 0.692187 0.843880 0.012750 0.012989
0 0.665000 0.844296 0.007500 0.013988
0 0.567813 0.847627 0.009750 0.021982
0 0.472813 0.845129 0.015750 0.015987
0 0.230937 0.842631 0.006750 0.009992
0 0.077813 0.845962 0.008250 0.021982
0 0.365625 0.840550 0.015000 0.010991
0 0.810000 0.840133 0.018000 0.011990
0 0.245312 0.839301 0.008250 0.009992
0 0.937813 0.850958 0.075750 0.039967
0 0.717187 0.840550 0.017250 0.014988
0 0.511250 0.839717 0.013500 0.012989
0 0.350313 0.842631 0.011250 0.019983
0 0.450937 0.840133 0.012750 0.017985
0 0.879687 0.836803 0.008250 0.013988
0 0.556875 0.836386 0.010500 0.012989
0 0.783750 0.837219 0.015000 0.016986
0 0.431563 0.838884 0.009750 0.020983
0 0.141250 0.836386 0.013500 0.014988
0 0.548125 0.835970 0.016500 0.015987
0 0.623750 0.838884 0.015000 0.026978
0 0.148125 0.834721 0.009000 0.016986
0 0.674063 0.835554 0.011250 0.020983
0 0.634062 0.832639 0.006750 0.015987
0 0.346250 0.833056 0.013500 0.016986
0 0.367500 0.830558 0.013500 0.012989
0 0.283125 0.835554 0.013500 0.024979
0 0.992188 0.830142 0.008250 0.013988
0 0.408438 0.834721 0.018750 0.026978
0 0.214375 0.830558 0.009000 0.016986
0 0.178750 0.830558 0.012000 0.016986
0 0.565625 0.829725 0.009000 0.016986
0 0.383125 0.830142 0.007500 0.017985
0 0.114687 0.826811 0.008250 0.009992
0 0.060937 0.830974 0.015750 0.019983
0 0.051875 0.825978 0.016500 0.007993
0 0.101875 0.828476 0.015000 0.015987
0 0.206250 0.828476 0.009000 0.017985
0 0.123438 0.831807 0.009750 0.025978
0 0.818438 0.827227 0.009750 0.016986
0 0.077813 0.825562 0.012750 0.012989
0 0.889375 0.846794 0.043500 0.073938
0 0.482500 0.821399 0.006000 0.012989
0 0.392188 0.821815 0.014250 0.013988
0 0.880625 0.821815 0.009000 0.015987
0 0.537188 0.823064 0.018750 0.018984
0 0.498437 0.820983 0.011250 0.013988
0 0.473438 0.821815 0.009750 0.017985
0 0.807813 0.821399 0.014250 0.018984
0 0.628437 0.822648 0.012750 0.021982
0 0.557813 0.820150 0.008250 0.015987
0 0.709375 0.816403 0.010500 0.008993
0 0.422812 0.819734 0.015750 0.018984
0 0.318125 0.815570 0.013500 0.010991
0 0.518750 0.815154 0.009000 0.011990
0 0.070000 0.814321 0.012000 0.009992
0 0.833750 0.812656 0.013500 0.007993
0 0.723437 0.814738 0.012750 0.012989
0 0.305312 0.813072 0.011250 0.008993
0 0.784375 0.813905 0.010500 0.012989
0 0.452813 0.816403 0.023250 0.018984
0 0.180938 0.815154 0.008250 0.015987
0 0.853750 0.810991 0.012000 0.007993
0 0.231563 0.817236 0.006750 0.022981
0 0.992125 0.816403 0.015750 0.022981
0 0.658438 0.813489 0.009750 0.015987
0 0.400938 0.810991 0.008250 0.011990
0 0.903438 0.815987 0.026250 0.025978
0 0.572187 0.815987 0.012750 0.025978
0 0.864375 0.806828 0.012000 0.009992
0 0.629375 0.807660 0.021000 0.011990
0 0.151500 0.881599 0.303000 0.236803
0 0.920312 0.808077 0.018750 0.018984
0 0.282187 0.807244 0.008250 0.016986
0 0.432500 0.807244 0.009000 0.018984
0 0.330625 0.806411 0.010500 0.016986
0 0.203125 0.806411 0.007500 0.018984
0 0.469375 0.803497 0.013500 0.013988
0 0.355000 0.805995 0.009000 0.019983
0 0.603125 0.804330 0.012000 0.017985
0 0.838750 0.799750 0.007500 0.008993
0 0.669687 0.805162 0.011250 0.021982
0 0.178437 0.800999 0.009750 0.011990
0 0.610313 0.800167 0.011250 0.011990
0 0.680625 0.798918 0.013500 0.010991
0 0.375000 0.801415 0.010500 0.018984
0 0.190312 0.800583 0.006750 0.016986
0 0.733125 0.799750 0.012000 0.016986
0 0.647188 0.799750 0.009750 0.016986
0 0.448750 0.802248 0.012000 0.022981
0 0.659375 0.798501 0.010500 0.015987
0 0.411875 0.796836 0.018000 0.011990
0 0.819375 0.799750 0.016500 0.020983
0 0.580625 0.797669 0.009000 0.015987
0 0.848750 0.797669 0.009000 0.017985
0 0.546562 0.797252 0.011250 0.016986
0 0.493750 0.797669 0.012000 0.017985
0 0.132500 0.793922 0.016500 0.010991
0 0.718437 0.797252 0.012750 0.020983
0 0.315937 0.800999 0.020250 0.029975
0 0.115625 0.795587 0.018000 0.022981
0 0.628437 0.793089 0.008250 0.018984
0 0.025313 0.787677 0.009750 0.007993
0 0.683125 0.786844 0.009000 0.011990
0 0.440312 0.790175 0.012750 0.021982
0 0.125938 0.784346 0.009750 0.007993
0 0.688750 0.785179 0.010500 0.011990
0 0.233750 0.793089 0.013500 0.030974
0 0.005938 0.786844 0.009750 0.015987
0 0.750313 0.786012 0.009750 0.015987
0 0.505313 0.782681 0.008250 0.007993
0 0.383125 0.787677 0.007500 0.019983
0 0.793750 0.786428 0.015000 0.018984
0 0.339375 0.784346 0.012000 0.013988
0 0.150625 0.782265 0.010500 0.010991
0 0.769062 0.782681 0.006750 0.013988
0 0.636250 0.781848 0.007500 0.011990
0 0.493750 0.781848 0.015000 0.011990
0 0.249062 0.780600 0.012750 0.008993
0 0.136250 0.783097 0.010500 0.014988
0 0.481875 0.782681 0.007500 0.015987
0 0.409687 0.782681 0.005250 0.015987
0 0.785312 0.779351 0.009750 0.011990
0 0.675937 0.780600 0.011250 0.016986
0 0.572812 0.778518 0.014250 0.011990
0 0.547813 0.778102 0.014250 0.010991
0 0.043125 0.780600 0.009000 0.016986
0 0.028438 0.776853 0.011250 0.007993
0 0.872500 0.781432 0.015000 0.022981
0 0.970625 0.775604 0.012000 0.012989
0 0.730938 0.774355 0.011250 0.009992
0 0.626875 0.777269 0.012000 0.016986
0 0.253750 0.776020 0.019500 0.013988
0 0.006562 0.774355 0.011250 0.009992
0 0.535625 0.778518 0.010500 0.021982
0 0.588437 0.777685 0.009750 0.021982
0 0.299063 0.773938 0.011250 0.014988
0 0.616875 0.776853 0.010500 0.023980
0 0.883750 0.771024 0.012000 0.011990
0 0.756250 0.771440 0.016500 0.012989
0 0.581250 0.769775 0.009000 0.010991
0 0.850938 0.772689 0.009750 0.019983
0 0.725313 0.770192 0.009750 0.013988
0 0.376875 0.768526 0.009000 0.009992
0 0.347813 0.768110 0.009750 0.008993
0 0.539062 0.769775 0.006750 0.014988
0 0.404062 0.771857 0.006750 0.019983
0 0.036562 0.768526 0.008250 0.011990
0 0.823438 0.768943 0.009750 0.014988
0 0.549375 0.767277 0.007500 0.010991
0 0.322813 0.775604 0.027750 0.030974
0 0.426875 0.767694 0.007500 0.013988
0 0.229063 0.768110 0.014250 0.014988
0 0.392500 0.767694 0.009000 0.015987
0 0.911563 0.763530 0.011250 0.007993
0 0.735000 0.764779 0.010500 0.010991
0 0.678750 0.765612 0.009000 0.012989
0 0.489063 0.769359 0.012750 0.021982
0 0.051562 0.768943 0.012750 0.020983
0 0.106250 0.768526 0.031500 0.021982
0 0.600000 0.765612 0.010500 0.016986
0 0.788438 0.763114 0.008250 0.012989
0 0.561250 0.768943 0.012000 0.026978
0 0.467500 0.764779 0.010500 0.020983
0 0.179375 0.759367 0.010500 0.009992
0 0.364063 0.761449 0.008250 0.016986
0 0.525625 0.756037 0.013500 0.007993
0 0.589063 0.759367 0.014250 0.017985
0 0.445625 0.756869 0.010500 0.011990
0 0.023125 0.761032 0.010500 0.021982
0 0.719375 0.757286 0.013500 0.014988
0 0.782500 0.754788 0.010500 0.010991
0 0.455937 0.758118 0.012750 0.018984
0 0.429688 0.755620 0.008250 0.012989
0 0.830625 0.753539 0.012000 0.009992
0 0.108750 0.755620 0.006000 0.014988
0 0.844688 0.758535 0.011250 0.023980
0 0.646250 0.758535 0.012000 0.023980
0 0.287500 0.756869 0.021000 0.021982
0 0.551562 0.753539 0.011250 0.015987
0 0.135000 0.756037 0.009000 0.021982
0 0.695312 0.749376 0.009750 0.007993
0 0.408125 0.752706 0.010500 0.015987
0 0.357500 0.752706 0.009000 0.015987
0 0.076875 0.754788 0.013500 0.020983
0 0.764062 0.751873 0.006750 0.015987
0 0.100625 0.752706 0.013500 0.017985
0 0.317500 0.749792 0.013500 0.012989
0 0.228125 0.748127 0.012000 0.008993
0 0.680625 0.748543 0.009000 0.011990
0 0.125625 0.748543 0.010500 0.011990
0 0.435937 0.750624 0.008250 0.018984
0 0.170313 0.751457 0.008250 0.020983
0 0.926562 0.747710 0.005250 0.013988
0 0.915625 0.748959 0.016500 0.016986
0 0.733125 0.751041 0.007500 0.021982
0 0.616250 0.744380 0.012000 0.007993
0 0.525625 0.744380 0.010500 0.007993
0 0.370937 0.744796 0.014250 0.008993
0 0.255937 0.745212 0.011250 0.009992
0 0.660937 0.743963 0.009750 0.008993
0 0.385000 0.746461 0.009000 0.014988
0 0.495625 0.749376 0.013500 0.023980
0 0.014687 0.749792 0.006750 0.024979
0 0.876875 0.746878 0.013500 0.019983
0 0.181250 0.744380 0.009000 0.013988
0 0.152500 0.743547 0.016500 0.011990
0 0.047188 0.746878 0.006750 0.019983
0 0.476875 0.743547 0.010500 0.013988
0 0.344687 0.742298 0.024750 0.010991
0 0.404687 0.742298 0.011250 0.012989
0 0.295625 0.743963 0.012000 0.016986
0 0.242188 0.745629 0.017250 0.020983
0 0.114687 0.746045 0.009750 0.023980
0 0.122813 0.738968 0.009750 0.008993
0 0.451250 0.740633 0.010500 0.016986
0 0.394062 0.736886 0.009750 0.009992
0 0.196875 0.736470 0.012000 0.008993
0 0.722187 0.735221 0.014250 0.007993
0 0.099375 0.738551 0.010500 0.015987
0 0.821250 0.735221 0.012000 0.011990
0 0.505000 0.734388 0.018000 0.009992
0 0.265937 0.735637 0.012750 0.012989
0 0.355938 0.733972 0.009750 0.012989
0 0.761875 0.733139 0.009000 0.012989
0 0.311875 0.733139 0.010500 0.012989
0 0.047813 0.731474 0.011250 0.008993
0 0.704063 0.733972 0.008250 0.016986
0 0.231875 0.731890 0.010500 0.015987
0 0.086250 0.733555 0.009000 0.019983
0 0.749062 0.732306 0.009750 0.018984
0 0.405938 0.728560 0.015750 0.009992
0 0.072500 0.728560 0.010500 0.009992
0 0.867500 0.728976 0.010500 0.012989
0 0.369063 0.731057 0.023250 0.017985
0 0.595625 0.729808 0.004500 0.016986
0 0.013750 0.728560 0.018000 0.013988
0 0.418750 0.728560 0.012000 0.015987
0 0.884375 0.728976 0.013500 0.018984
0 0.145937 0.728976 0.011250 0.018984
0 0.489063 0.726894 0.009750 0.017985
0 0.454375 0.725645 0.007500 0.014988
0 0.302812 0.727311 0.009750 0.018984
0 0.124063 0.723980 0.011250 0.010991
0 0.815625 0.724813 0.009000 0.014988
0 0.787188 0.724813 0.012750 0.018984
0 0.769375 0.724396 0.007500 0.017985
0 0.343750 0.722315 0.010500 0.012989
0 0.473438 0.725645 0.015750 0.022981
0 0.538438 0.718568 0.008250 0.011990
0 0.103125 0.717735 0.007500 0.009992
0 0.270937 0.717319 0.008250 0.010991
0 0.827187 0.717319 0.011250 0.012989
0 0.981625 0.766028 0.036750 0.131890
0 0.160625 0.719400 0.010500 0.019983
0 0.629375 0.720649 0.022500 0.024979
0 0.193750 0.720233 0.013500 0.023980
0 0.675000 0.716070 0.007500 0.015987
0 0.641563 0.713156 0.011250 0.008993
0 0.570000 0.718984 0.009000 0.022981
0 0.759687 0.716903 0.006750 0.019983
0 0.660625 0.713988 0.009000 0.012989
0 0.216250 0.717319 0.013500 0.022981
0 0.371563 0.712323 0.011250 0.012989
0 0.054062 0.711907 0.009750 0.011990
0 0.778750 0.710658 0.013500 0.010991
0 0.477500 0.710241 0.012000 0.009992
0 0.928438 0.710241 0.006750 0.011990
0 0.738750 0.710658 0.013500 0.012989
0 0.533438 0.711907 0.006750 0.015987
0 0.285000 0.710241 0.012000 0.011990
0 0.321875 0.709825 0.009000 0.012989
0 0.064375 0.716070 0.015000 0.027977
0 0.870313 0.713156 0.012750 0.022981
0 0.608750 0.708993 0.012000 0.012989
0 0.916562 0.706078 0.012750 0.007993
0 0.176250 0.708993 0.015000 0.014988
0 0.495312 0.705662 0.006750 0.010991
0 0.358125 0.710658 0.018000 0.022981
0 0.243125 0.704829 0.016500 0.008993
0 0.163125 0.704829 0.013500 0.010991
0 0.389062 0.704829 0.015750 0.012989
0 0.598437 0.703997 0.012750 0.012989
0 0.573750 0.703164 0.012000 0.010991
0 0.995125 0.705246 0.009750 0.017985
0 0.104375 0.705662 0.030000 0.018984
0 0.130938 0.704413 0.008250 0.017985
0 0.851562 0.703164 0.008250 0.016986
0 0.822500 0.705246 0.012000 0.021982
0 0.286562 0.701082 0.009750 0.011990
0 0.057500 0.701082 0.016500 0.011990
0 0.588125 0.704829 0.013500 0.022981
0 0.514375 0.703997 0.013500 0.020983
0 0.311875 0.706911 0.012000 0.029975
0 0.873437 0.698168 0.009750 0.010991
0 0.794687 0.698585 0.012750 0.011990
0 0.735000 0.699417 0.012000 0.013988
0 0.469687 0.697752 0.012750 0.009992
0 0.350000 0.702748 0.007500 0.021982
0 0.416250 0.702748 0.012000 0.023980
0 0.341875 0.704413 0.015000 0.027977
0 0.433437 0.698168 0.024750 0.014988
0 0.016250 0.697336 0.013500 0.014988
0 0.987500 0.696919 0.018000 0.015987
0 0.943125 0.698168 0.018000 0.018984
0 0.864375 0.697336 0.010500 0.016986
0 0.230625 0.695670 0.009000 0.012989
0 0.805312 0.693589 0.006750 0.009992
0 0.571250 0.694838 0.018000 0.012989
0 0.653750 0.694421 0.013500 0.013988
0 0.325625 0.696087 0.019500 0.017985
0 0.268750 0.694005 0.012000 0.012989
0 0.376563 0.693589 0.014250 0.013988
0 0.189688 0.693172 0.015750 0.014988
0 0.361250 0.691923 0.010500 0.015987
0 0.207187 0.695254 0.020250 0.023980
0 0.403125 0.696919 0.022500 0.029975
0 0.736563 0.691091 0.012750 0.017985
0 0.278750 0.690674 0.009000 0.018984
0 0.029375 0.694838 0.021000 0.028976
0 0.915937 0.688177 0.020250 0.014988
0 0.308750 0.685679 0.010500 0.010991
0 0.156562 0.686928 0.006750 0.013988
0 0.477187 0.685679 0.027750 0.012989
0 0.769062 0.685262 0.009750 0.013988
0 0.050313 0.687344 0.012750 0.018984
0 0.618125 0.685262 0.009000 0.015987
0 0.422500 0.684013 0.015000 0.012989
0 0.348438 0.681515 0.014250 0.006994
0 0.706562 0.684430 0.024750 0.015987
0 0.245625 0.681932 0.007500 0.009992
0 0.072813 0.682764 0.008250 0.013988
0 0.059687 0.681515 0.009750 0.010991
0 0.363125 0.680683 0.013500 0.010991
0 0.267188 0.681932 0.009750 0.013988
0 0.578125 0.682348 0.012000 0.016986
0 0.083750 0.682348 0.013500 0.016986
0 0.297500 0.679017 0.022500 0.010991
0 0.669063 0.687760 0.017250 0.033972
0 0.500625 0.681515 0.015000 0.018984
0 0.894687 0.680266 0.009750 0.017985
0 0.403438 0.681099 0.009750 0.019983
0 0.320312 0.679850 0.009750 0.016986
0 0.151250 0.680266 0.007500 0.017985
0 0.879375 0.676520 0.009000 0.010991
0 0.852500 0.681932 0.015000 0.023980
0 0.724375 0.676520 0.012000 0.010991
0 0.615313 0.676103 0.011250 0.009992
0 0.805000 0.678185 0.010500 0.016986
0 0.386875 0.675687 0.012000 0.010991
0 0.794063 0.676103 0.015750 0.013988
0 0.524062 0.673605 0.012750 0.007993
0 0.471562 0.674438 0.012750 0.009992
0 0.926250 0.674854 0.013500 0.012989
0 0.492500 0.674438 0.010500 0.011990
0 0.512188 0.674438 0.014250 0.013988
0 0.445937 0.680266 0.044250 0.029975
0 0.053750 0.671524 0.013500 0.008993
0 0.826562 0.673605 0.009750 0.017985
0 0.374063 0.674022 0.011250 0.018984
0 0.727812 0.669026 0.012750 0.008993
0 0.042813 0.669442 0.011250 0.009992
0 0.982000 0.678185 0.036000 0.032973
0 0.457500 0.672773 0.013500 0.019983
0 0.237813 0.674854 0.008250 0.024979
0 0.902813 0.671524 0.005250 0.018984
0 0.097500 0.667777 0.015000 0.009992
0 0.088125 0.668609 0.007500 0.013988
0 0.075313 0.668193 0.011250 0.012989
0 0.488438 0.666112 0.009750 0.009992
0 0.198437 0.667361 0.008250 0.014988
0 0.033125 0.671524 0.010500 0.024979
0 0.881250 0.664446 0.010500 0.009992
0 0.766563 0.665695 0.008250 0.012989
0 0.647500 0.672356 0.013500 0.028976
0 0.840625 0.668193 0.012000 0.020983
0 0.027187 0.665695 0.008250 0.014988
0 0.950937 0.663614 0.014250 0.011990
0 0.552500 0.667777 0.007500 0.021982
0 0.123125 0.660283 0.010500 0.013988
0 0.984062 0.659034 0.011250 0.012989
0 0.722500 0.661116 0.016500 0.017985
0 0.687500 0.666528 0.013500 0.030974
0 0.305000 0.656953 0.010500 0.007993
0 0.324062 0.659034 0.017250 0.014988
0 0.789687 0.655704 0.014250 0.008993
0 0.021250 0.657369 0.007500 0.012989
0 0.872500 0.658618 0.012000 0.017985
0 0.805625 0.659867 0.009000 0.020983
0 0.677813 0.662365 0.008250 0.026978
0 0.580000 0.656120 0.007500 0.011990
0 0.409687 0.658618 0.023250 0.017985
0 0.287187 0.655287 0.006750 0.009992
0 0.640312 0.652789 0.012750 0.007993
0 0.622188 0.658201 0.015750 0.020983
0 0.523750 0.659034 0.021000 0.022981
0 0.458437 0.655704 0.009750 0.016986
0 0.430625 0.656536 0.010500 0.018984
0 0.715938 0.655287 0.017250 0.017985
0 0.137500 0.659034 0.018000 0.026978
0 0.569063 0.654038 0.009750 0.018984
0 0.448750 0.654455 0.015000 0.019983
0 0.353438 0.657369 0.023250 0.026978
0 0.953750 0.650708 0.013500 0.012989
0 0.314063 0.651540 0.011250 0.014988
0 0.227187 0.651957 0.008250 0.015987
0 0.485000 0.651124 0.010500 0.015987
0 0.745000 0.648210 0.012000 0.012989
0 0.552500 0.648626 0.012000 0.013988
0 0.322813 0.647794 0.009750 0.011990
0 0.135313 0.648626 0.006750 0.015987
0 0.815625 0.646545 0.010500 0.012989
0 0.386562 0.651124 0.015750 0.025978
0 0.340625 0.650708 0.009000 0.024979
0 0.637500 0.643630 0.007500 0.009992
0 0.858437 0.649459 0.018750 0.025978
0 0.690937 0.647377 0.012750 0.020983
0 0.590938 0.646128 0.015750 0.017985
0 0.285625 0.644047 0.007500 0.012989
0 0.183750 0.654038 0.045000 0.036969
0 0.541562 0.645712 0.012750 0.018984
0 0.619062 0.642381 0.008250 0.012989
0 0.436250 0.643630 0.007500 0.015987
0 0.076875 0.651957 0.027000 0.035970
0 0.988750 0.651540 0.022500 0.036969
0 0.934375 0.641132 0.010500 0.011990
0 0.172187 0.639883 0.008250 0.008993
0 0.465000 0.645712 0.012000 0.024979
0 0.276875 0.646545 0.013500 0.026978
0 0.223125 0.642381 0.013500 0.016986
0 0.010625 0.644047 0.013500 0.020983
0 0.785625 0.641965 0.010500 0.017985
0 0.145625 0.636969 0.013500 0.007993
0 0.940625 0.636969 0.010500 0.009992
0 0.553125 0.638634 0.010500 0.013988
0 0.415938 0.638634 0.017250 0.013988
0 0.661563 0.638634 0.006750 0.015987
0 0.563438 0.637802 0.011250 0.013988
0 0.472500 0.641132 0.015000 0.023980
0 0.521875 0.637386 0.010500 0.016986
0 0.116875 0.640716 0.009000 0.024979
0 0.160625 0.635720 0.021000 0.014988
0 0.481875 0.636137 0.006000 0.017985
0 0.100312 0.636553 0.014250 0.018984
0 0.969063 0.633639 0.009750 0.013988
0 0.769062 0.633639 0.014250 0.013988
0 0.304688 0.631973 0.012750 0.009992
0 0.800312 0.631973 0.015750 0.011990
0 0.711562 0.634055 0.015750 0.016986
0 0.375312 0.634471 0.009750 0.017985
0 0.428750 0.632390 0.015000 0.014988
0 0.191250 0.631557 0.015000 0.014988
0 0.958438 0.631141 0.008250 0.017985
0 0.839063 0.629059 0.006750 0.012989
0 0.633437 0.630724 0.011250 0.016986
0 0.058438 0.636137 0.020250 0.029975
0 0.599375 0.636969 0.021000 0.033972
0 0.011875 0.629059 0.007500 0.014988
0 0.908125 0.629059 0.018000 0.016986
0 0.498437 0.625729 0.012750 0.010991
0 0.248438 0.627394 0.017250 0.014988
0 0.034375 0.631141 0.019500 0.023980
0 0.402500 0.629475 0.031500 0.021982
0 0.021250 0.624063 0.010500 0.010991
0 0.655625 0.624480 0.010500 0.013988
0 0.075938 0.624896 0.009750 0.014988
0 0.885000 0.626145 0.009000 0.019983
0 0.798750 0.620733 0.012000 0.006994
0 0.044687 0.623647 0.009750 0.013988
0 0.279687 0.624896 0.006750 0.020983
0 0.148750 0.624063 0.016500 0.018984
0 0.093125 0.620316 0.015000 0.009992
0 0.555000 0.621565 0.009000 0.014988
0 0.642813 0.619067 0.006750 0.010991
0 0.851875 0.624480 0.019500 0.025978
0 0.359063 0.619484 0.011250 0.013988
0 0.571875 0.617818 0.013500 0.015987
0 0.414062 0.616153 0.011250 0.011990
0 0.231875 0.614904 0.010500 0.008993
0 0.597812 0.616153 0.009750 0.015987
0 0.485625 0.618651 0.018000 0.021982
0 0.196563 0.615321 0.011250 0.013988
0 0.678125 0.614488 0.012000 0.013988
0 0.581562 0.614904 0.008250 0.014988
0 0.120625 0.616153 0.013500 0.019983
0 0.605313 0.611574 0.008250 0.010991
0 0.267188 0.616153 0.024750 0.021982
0 0.210000 0.612406 0.012000 0.012989
0 0.027187 0.611574 0.015750 0.010991
0 0.729062 0.611157 0.009750 0.011990
0 0.780000 0.609908 0.009000 0.010991
0 0.962187 0.614904 0.006750 0.024979
0 0.467813 0.609492 0.014250 0.011990
0 0.361250 0.608243 0.015000 0.008993
0 0.815000 0.607410 0.016500 0.010991
0 0.385937 0.607827 0.011250 0.011990
0 0.633750 0.606994 0.010500 0.011990
0 0.298750 0.606578 0.012000 0.010991
0 0.067500 0.614904 0.016500 0.030974
0 0.664687 0.609492 0.017250 0.019983
0 0.978125 0.604913 0.010500 0.012989
0 0.652500 0.602415 0.010500 0.008993
0 0.019688 0.604496 0.009750 0.013988
0 0.698750 0.603247 0.010500 0.012989
0 0.285000 0.603247 0.012000 0.012989
0 0.179063 0.601998 0.008250 0.011990
0 0.253437 0.600333 0.011250 0.009992
0 0.938438 0.602415 0.009750 0.018984
0 0.616563 0.601166 0.017250 0.015987
0 0.140000 0.601166 0.009000 0.015987
0 0.745000 0.616570 0.028500 0.054954
0 0.579063 0.600749 0.015750 0.018984
0 0.415312 0.601582 0.023250 0.022981
0 0.235313 0.597835 0.008250 0.013988
0 0.778125 0.598251 0.007500 0.016986
0 0.346250 0.597002 0.009000 0.013988
0 0.455313 0.599084 0.026250 0.020983
0 0.749062 0.594505 0.011250 0.011990
0 0.882500 0.596170 0.006000 0.017985
0 0.484687 0.599084 0.020250 0.024979
0 0.787500 0.595754 0.012000 0.018984
0 0.717500 0.596586 0.016500 0.024979
0 0.669063 0.589092 0.009750 0.008993
0 0.762500 0.590341 0.013500 0.013988
0 0.538125 0.592423 0.009000 0.018984
0 0.500313 0.592839 0.018750 0.021982
0 0.425000 0.596170 0.019500 0.029975
0 0.381875 0.592423 0.007500 0.020983
0 0.336875 0.592007 0.012000 0.019983
0 0.172813 0.588260 0.011250 0.010991
0 0.088750 0.591174 0.030000 0.017985
0 0.032500 0.587011 0.009000 0.009992
0 0.461562 0.586595 0.014250 0.010991
0 0.327500 0.586595 0.007500 0.010991
0 0.926562 0.587011 0.011250 0.013988
0 0.804375 0.589092 0.016500 0.018984
0 0.633125 0.586595 0.010500 0.016986
0 0.551250 0.585762 0.019500 0.014988
0 0.187812 0.584097 0.012750 0.012989
0 0.118438 0.582431 0.009750 0.008993
0 0.886250 0.583680 0.009000 0.013988
0 0.431875 0.582431 0.013500 0.012989
0 0.785312 0.581599 0.015750 0.012989
0 0.731875 0.583680 0.013500 0.017985
0 0.409687 0.581182 0.011250 0.013988
0 0.200313 0.587011 0.018750 0.027977
0 0.815312 0.579933 0.009750 0.014988
0 0.250000 0.578684 0.007500 0.011990
0 0.961250 0.577019 0.016500 0.009992
0 0.857812 0.583264 0.021750 0.024979
0 0.460000 0.577019 0.007500 0.009992
0 0.295938 0.581599 0.014250 0.020983
0 0.105313 0.579101 0.009750 0.014988
0 0.667500 0.579933 0.018000 0.018984
0 0.465938 0.578268 0.005250 0.014988
0 0.378750 0.577435 0.010500 0.012989
0 0.125312 0.575770 0.012750 0.010991
0 0.748437 0.576187 0.005250 0.013988
0 0.264062 0.579933 0.021750 0.022981
0 0.222500 0.575770 0.025500 0.012989
0 0.005625 0.576187 0.009000 0.015987
0 0.826250 0.578684 0.013500 0.023980
0 0.507500 0.574105 0.007500 0.012989
0 0.038125 0.573272 0.010500 0.010991
0 0.871250 0.572023 0.013500 0.009992
0 0.803500 0.740216 0.393000 0.519567
0 0.974688 0.574105 0.011250 0.016986
0 0.513750 0.571191 0.009000 0.009992
0 0.141563 0.573272 0.011250 0.014988
0 0.910312 0.571607 0.011250 0.012989
0 0.359375 0.569525 0.009000 0.007993
0 0.162188 0.574521 0.008250 0.019983
0 0.728125 0.570358 0.010500 0.011990
0 0.472813 0.572023 0.018750 0.015987
0 0.863750 0.571607 0.009000 0.016986
0 0.709688 0.571607 0.011250 0.016986
0 0.542500 0.572023 0.013500 0.017985
0 0.052187 0.582431 0.020250 0.042964
0 0.837500 0.568693 0.010500 0.011990
0 0.562813 0.573272 0.009750 0.022981
0 0.455625 0.571607 0.018000 0.018984
0 0.402500 0.572440 0.018000 0.022981
0 0.281562 0.573689 0.017250 0.025978
0 0.203750 0.568276 0.013500 0.012989
0 0.074688 0.568693 0.008250 0.015987
0 0.066562 0.570774 0.009750 0.020983
0 0.948750 0.564946 0.013500 0.008993
0 0.960625 0.565362 0.013500 0.011990
0 0.679688 0.566195 0.009750 0.013988
0 0.649375 0.567027 0.010500 0.015987
0 0.128125 0.566195 0.006000 0.013988
0 0.586562 0.564113 0.006750 0.010991
0 0.929063 0.562864 0.014250 0.009992
0 0.516563 0.564946 0.009750 0.014988
0 0.389375 0.564946 0.010500 0.016986
0 0.156250 0.562864 0.015000 0.011990
0 0.815625 0.564946 0.009000 0.018984
0 0.760312 0.562864 0.008250 0.013988
0 0.243750 0.565779 0.010500 0.020983
0 0.882812 0.564530 0.008250 0.019983
0 0.538438 0.563281 0.008250 0.016986
0 0.069062 0.560783 0.006750 0.010991
0 0.805312 0.560366 0.011250 0.011990
0 0.782188 0.562448 0.015750 0.016986
0 0.255625 0.561199 0.013500 0.013988
0 0.324688 0.565362 0.023250 0.025978
0 0.184688 0.559950 0.015750 0.012989
0 0.599688 0.559534 0.009750 0.015987
0 0.042500 0.558701 0.010500 0.013988
0 0.010313 0.560783 0.012750 0.018984
0 0.300312 0.557036 0.006750 0.011990
0 0.004125 0.557452 0.008250 0.012989
0 0.771563 0.557868 0.008250 0.015987
0 0.466562 0.557868 0.011250 0.015987
0 0.117188 0.555371 0.014250 0.009992
0 0.972812 0.559950 0.011250 0.022981
0 0.327500 0.554538 0.012000 0.009992
0 0.504687 0.556203 0.012750 0.015987
0 0.736250 0.553289 0.022500 0.010991
0 0.236875 0.555371 0.009000 0.015987
0 0.988437 0.550791 0.008250 0.008993
0 0.706250 0.553705 0.012000 0.015987
0 0.556875 0.559950 0.015000 0.030974
0 0.073125 0.553705 0.015000 0.015987
0 0.313125 0.550791 0.009000 0.010991
0 0.369063 0.553289 0.009750 0.018984
0 0.141563 0.555371 0.014250 0.025978
0 0.531875 0.549958 0.009000 0.014988
0 0.476250 0.548293 0.016500 0.010991
0 0.026250 0.550791 0.007500 0.016986
0 0.290312 0.549126 0.009750 0.014988
0 0.393437 0.547877 0.009750 0.013988
0 0.177187 0.550791 0.023250 0.020983
0 0.881250 0.548293 0.019500 0.016986
0 0.792813 0.549958 0.011250 0.020983
0 0.489063 0.547877 0.008250 0.015987
0 0.442188 0.547460 0.017250 0.014988
0 0.126875 0.546211 0.015000 0.011990
0 0.198750 0.548293 0.013500 0.018984
0 0.106563 0.544963 0.011250 0.010991
0 0.217500 0.547877 0.015000 0.019983
0 0.850938 0.547044 0.014250 0.019983
0 0.413438 0.544130 0.015750 0.014988
0 0.950313 0.543297 0.017250 0.014988
0 0.643125 0.542881 0.013500 0.013988
0 0.905625 0.541216 0.016500 0.011990
0 0.240937 0.542465 0.015750 0.014988
0 0.599688 0.542465 0.014250 0.016986
0 0.551250 0.545379 0.013500 0.023980
0 0.321250 0.539550 0.009000 0.009992
0 0.620313 0.540383 0.011250 0.013988
0 0.004500 0.542465 0.009000 0.018984
0 0.782813 0.542048 0.011250 0.019983
0 0.310625 0.537885 0.010500 0.011990
0 0.275938 0.540383 0.017250 0.017985
0 0.061562 0.539134 0.015750 0.014988
0 0.961875 0.538718 0.009000 0.017985
0 0.770938 0.539134 0.017250 0.018984
0 0.585000 0.537885 0.013500 0.015987
0 0.293125 0.535803 0.015000 0.010991
0 0.527188 0.535803 0.008250 0.012989
0 0.699375 0.535803 0.009000 0.014988
0 0.433437 0.536220 0.024750 0.015987
0 0.634375 0.536636 0.012000 0.018984
0 0.749062 0.533722 0.008250 0.013988
0 0.225312 0.534971 0.011250 0.018984
0 0.791250 0.531224 0.010500 0.013988
0 0.305000 0.531224 0.009000 0.013988
0 0.876875 0.529559 0.007500 0.011990
0 0.656250 0.530391 0.012000 0.013988
0 0.450937 0.529559 0.015750 0.011990
0 0.675312 0.529975 0.020250 0.014988
0 0.611250 0.525396 0.010500 0.007993
0 0.265937 0.529559 0.009750 0.017985
0 0.110312 0.530391 0.012750 0.019983
0 0.475313 0.529975 0.009750 0.020983
0 0.720313 0.530391 0.021750 0.027977
0 0.568750 0.529975 0.012000 0.028976
0 0.314063 0.523730 0.006750 0.013988
0 0.050000 0.526644 0.018000 0.020983
0 0.144063 0.522898 0.005250 0.013988
0 0.005625 0.525396 0.011250 0.021982
0 0.258125 0.520816 0.007500 0.012989
0 0.894687 0.524147 0.009750 0.022981
0 0.813125 0.519567 0.015000 0.011990
0 0.279375 0.524563 0.019500 0.025978
0 0.921250 0.519983 0.007500 0.016986
0 0.435312 0.516653 0.009750 0.008993
0 0.382812 0.524147 0.029250 0.026978
0 0.587187 0.518318 0.011250 0.014988
0 0.558750 0.518318 0.006000 0.014988
0 0.250000 0.517902 0.006000 0.013988
0 0.227813 0.517069 0.011250 0.011990
0 0.595938 0.514988 0.011250 0.008993
0 0.492500 0.519567 0.018000 0.019983
0 0.400938 0.524979 0.015750 0.036969
0 0.352812 0.518318 0.012750 0.020983
0 0.507500 0.519151 0.016500 0.024979
0 0.179688 0.519983 0.015750 0.026978
0 0.878125 0.513322 0.007500 0.012989
0 0.831875 0.514571 0.007500 0.015987
0 0.334062 0.516236 0.014250 0.021982
0 0.262500 0.511657 0.013500 0.010991
0 0.479687 0.513322 0.012750 0.016986
0 0.196875 0.512490 0.019500 0.014988
0 0.957187 0.512906 0.012750 0.017985
0 0.717187 0.510408 0.012750 0.011990
0 0.629375 0.510408 0.015000 0.011990
0 0.761250 0.515404 0.010500 0.025978
0 0.373125 0.509992 0.009000 0.012989
0 0.841562 0.512073 0.015750 0.019983
0 0.895625 0.507494 0.012000 0.010991
0 0.285625 0.507077 0.012000 0.009992
0 0.239063 0.513739 0.018750 0.025978
0 0.742812 0.507910 0.008250 0.015987
0 0.966250 0.505828 0.015000 0.014988
0 0.661875 0.506661 0.024000 0.016986
0 0.034375 0.507077 0.007500 0.017985
0 0.344375 0.504580 0.009000 0.013988
0 0.525625 0.504163 0.012000 0.014988
0 0.363438 0.508743 0.014250 0.025978
0 0.228750 0.504163 0.006000 0.014988
0 0.905000 0.500416 0.009000 0.009992
0 0.797813 0.505412 0.021750 0.021982
0 0.549375 0.509159 0.012000 0.030974
0 0.091250 0.503747 0.012000 0.019983
0 0.068125 0.501249 0.009000 0.013988
0 0.278125 0.500000 0.012000 0.012989
0 0.267500 0.501249 0.012000 0.015987
0 0.105938 0.504580 0.024750 0.023980
0 0.459375 0.498751 0.010500 0.011990
0 0.017812 0.504163 0.006750 0.026978
0 0.388437 0.497918 0.005250 0.013988
0 0.609062 0.501249 0.012750 0.025978
0 0.846875 0.495837 0.009000 0.016986
0 0.781250 0.495004 0.012000 0.014988
0 0.061562 0.493755 0.015750 0.011990
0 0.348438 0.491257 0.009750 0.007993
0 0.867500 0.493339 0.012000 0.014988
0 0.370000 0.495004 0.015000 0.018984
0 0.489063 0.498751 0.018750 0.029975
0 0.768125 0.495420 0.015000 0.023980
0 0.325313 0.489592 0.008250 0.009992
0 0.635938 0.492090 0.014250 0.017985
0 0.420312 0.488343 0.014250 0.010991
0 0.750938 0.488343 0.011250 0.012989
0 0.597187 0.492090 0.012750 0.021982
0 0.593750 0.489592 0.010500 0.015987
0 0.172813 0.487094 0.009750 0.011990
0 0.128438 0.484596 0.011250 0.007993
0 0.330625 0.484180 0.013500 0.008993
0 0.825625 0.486678 0.007500 0.016986
0 0.552813 0.485845 0.012750 0.014988
0 0.145937 0.484596 0.008250 0.011990
0 0.800937 0.484596 0.008250 0.013988
0 0.252188 0.487094 0.011250 0.019983
0 0.380937 0.483347 0.018750 0.014988
0 0.084062 0.483764 0.011250 0.015987
0 0.583438 0.483764 0.012750 0.017985
0 0.514062 0.485845 0.030750 0.024979
0 0.094687 0.481682 0.012750 0.018984
0 0.056875 0.480017 0.009000 0.014988
0 0.659687 0.478768 0.015750 0.013988
0 0.610000 0.480017 0.010500 0.016986
0 0.014375 0.482931 0.012000 0.023980
0 0.724688 0.477519 0.020250 0.014988
0 0.148438 0.474604 0.009750 0.009992
0 0.779375 0.475021 0.012000 0.012989
0 0.269062 0.476686 0.008250 0.016986
0 0.534062 0.475853 0.009750 0.018984
0 0.339062 0.473356 0.015750 0.012989
0 0.315625 0.475853 0.031500 0.018984
0 0.862187 0.471274 0.009750 0.011990
0 0.768750 0.471274 0.009000 0.011990
0 0.024063 0.474604 0.006750 0.019983
0 0.714375 0.470858 0.013500 0.014988
0 0.619062 0.472523 0.017250 0.018984
0 0.594063 0.474188 0.015750 0.026978
0 0.440937 0.468776 0.014250 0.013988
0 0.044062 0.469609 0.020250 0.015987
0 0.957500 0.467527 0.007500 0.012989
0 0.839063 0.465862 0.009750 0.008993
0 0.807187 0.470025 0.009750 0.020983
0 0.627812 0.466694 0.006750 0.012989
0 0.246562 0.466694 0.014250 0.014988
0 0.586562 0.462531 0.011250 0.006994
0 0.908125 0.466694 0.009000 0.018984
0 0.573125 0.470025 0.012000 0.026978
0 0.522813 0.465862 0.014250 0.016986
0 0.470938 0.463364 0.011250 0.010991
0 0.354063 0.465862 0.011250 0.016986
0 0.063750 0.467527 0.028500 0.020983
0 0.496563 0.462948 0.011250 0.011990
0 0.380312 0.465862 0.017250 0.018984
0 0.155938 0.462948 0.008250 0.013988
0 0.782188 0.462948 0.011250 0.015987
0 0.689688 0.462531 0.011250 0.014988
0 0.328437 0.462115 0.012750 0.013988
0 0.895312 0.463780 0.012750 0.021982
0 0.275938 0.460866 0.009750 0.016986
0 0.145937 0.463780 0.014250 0.023980
0 0.718125 0.457535 0.010500 0.010991
0 0.232500 0.458784 0.013500 0.013988
0 0.103438 0.457952 0.011250 0.011990
0 0.747188 0.457952 0.012750 0.013988
0 0.536250 0.459617 0.010500 0.017985
0 0.413125 0.455870 0.012000 0.010991
0 0.517188 0.455454 0.014250 0.011990
0 0.080312 0.455037 0.012750 0.010991
0 0.975000 0.454621 0.007500 0.011990
0 0.096250 0.455870 0.006000 0.016986
0 0.120625 0.452123 0.007500 0.011990
0 0.030937 0.449625 0.012750 0.005995
0 0.527500 0.453789 0.009000 0.017985
0 0.393125 0.454621 0.021000 0.019983
0 0.368437 0.454621 0.017250 0.019983
0 0.188750 0.452540 0.012000 0.014988
0 0.305937 0.457535 0.015750 0.028976
0 0.804688 0.449625 0.009750 0.011990
0 0.635938 0.449625 0.015750 0.013988
0 0.469062 0.449209 0.015750 0.014988
0 0.854062 0.453372 0.023250 0.026978
0 0.791875 0.446295 0.009000 0.009992
0 0.174063 0.450042 0.011250 0.018984
0 0.748125 0.445462 0.018000 0.011990
0 0.102813 0.444213 0.011250 0.010991
0 0.609375 0.447544 0.006000 0.020983
0 0.449375 0.444213 0.012000 0.012989
0 0.704688 0.444629 0.012750 0.015987
0 0.065625 0.441715 0.007500 0.008993
0 0.408125 0.441715 0.012000 0.010991
0 0.349687 0.443381 0.009750 0.014988
0 0.130312 0.443381 0.011250 0.014988
0 0.723125 0.445046 0.012000 0.020983
0 0.681250 0.451707 0.010500 0.036969
0 0.088750 0.442964 0.012000 0.019983
0 0.283750 0.445462 0.018000 0.027977
0 0.254063 0.440466 0.011250 0.015987
0 0.224062 0.438801 0.011250 0.015987
0 0.517500 0.440050 0.009000 0.020983
0 0.391562 0.438385 0.015750 0.016986
0 0.340938 0.442964 0.014250 0.027977
0 0.298750 0.436303 0.013500 0.013988
0 0.537188 0.440883 0.015750 0.026978
0 0.735625 0.432973 0.009000 0.009992
0 0.656250 0.431307 0.009000 0.009992
0 0.422187 0.432140 0.012750 0.011990
0 0.328437 0.432140 0.009750 0.013988
0 0.994000 0.432973 0.012000 0.017985
0 0.870625 0.434638 0.010500 0.021982
0 0.268750 0.435470 0.018000 0.023980
0 0.320625 0.430891 0.009000 0.016986
0 0.185938 0.431724 0.014250 0.018984
0 0.886250 0.427560 0.010500 0.012989
0 0.815312 0.427560 0.012750 0.014988
0 0.804063 0.425479 0.011250 0.009992
0 0.699375 0.428809 0.012000 0.017985
0 0.287813 0.425062 0.009750 0.008993
0 0.070938 0.425895 0.012750 0.010991
0 0.024375 0.427977 0.010500 0.015987
0 0.934375 0.423397 0.012000 0.006994
0 0.644687 0.430475 0.015750 0.023980
0 0.688750 0.425062 0.009000 0.012989
0 0.497188 0.426311 0.009750 0.015987
0 0.923438 0.430058 0.015750 0.026978
0 0.670625 0.423397 0.007500 0.010991
0 0.522813 0.421732 0.012750 0.008993
0 0.974375 0.425895 0.018000 0.020983
0 0.964688 0.420483 0.006750 0.009992
0 0.840938 0.421732 0.008250 0.012989
0 0.343750 0.422981 0.019500 0.015987
0 0.158125 0.423813 0.012000 0.017985
0 0.987812 0.425062 0.017250 0.022981
0 0.661563 0.418818 0.009750 0.011990
0 0.574063 0.422981 0.009750 0.021982
0 0.332813 0.418818 0.012750 0.011990
0 0.416250 0.418401 0.018000 0.012989
0 0.316250 0.417569 0.015000 0.010991
0 0.084062 0.416320 0.008250 0.007993
0 0.778125 0.417569 0.012000 0.012989
0 0.539375 0.417985 0.012000 0.013988
0 0.480000 0.422565 0.021000 0.024979
0 0.294063 0.413822 0.009750 0.007993
0 0.791250 0.412573 0.010500 0.006994
0 0.738750 0.415071 0.010500 0.012989
0 0.904062 0.415071 0.018750 0.014988
0 0.391562 0.413822 0.011250 0.013988
0 0.041250 0.415903 0.006000 0.018984
0 0.884062 0.413405 0.011250 0.014988
0 0.375625 0.425062 0.025500 0.042964
0 0.553125 0.416320 0.010500 0.023980
0 0.347500 0.411324 0.006000 0.013988
0 0.020313 0.410491 0.011250 0.013988
0 0.700000 0.410908 0.012000 0.016986
0 0.114062 0.411740 0.009750 0.018984
0 0.847500 0.407577 0.009000 0.012989
0 0.463438 0.410491 0.018750 0.019983
0 0.682187 0.407577 0.015750 0.014988
0 0.028438 0.403830 0.009750 0.007993
0 0.728125 0.407161 0.012000 0.017985
0 0.581562 0.407577 0.008250 0.018984
0 0.260313 0.405912 0.009750 0.014988
0 0.108125 0.405495 0.006000 0.013988
0 0.342500 0.405495 0.007500 0.015987
0 0.517188 0.402165 0.009750 0.009992
0 0.491563 0.404663 0.008250 0.015987
0 0.442500 0.401332 0.012000 0.007993
0 0.640625 0.404663 0.022500 0.021982
0 0.197187 0.402581 0.020250 0.016986
0 0.778750 0.405495 0.016500 0.025978
0 0.130938 0.403414 0.018750 0.020983
0 0.075000 0.403414 0.012000 0.020983
0 0.056563 0.400916 0.009750 0.014988
0 0.537188 0.398834 0.012750 0.011990
0 0.973437 0.402581 0.018750 0.022981
0 0.923438 0.400916 0.015750 0.018984
0 0.336562 0.399251 0.008250 0.014988
0 0.179688 0.397169 0.012750 0.009992
0 0.832500 0.397585 0.015000 0.012989
0 0.385000 0.398418 0.015000 0.016986
0 0.299687 0.398002 0.015750 0.015987
0 0.431875 0.402998 0.016500 0.029975
0 0.812187 0.397169 0.008250 0.017985
0 0.871875 0.398834 0.012000 0.023980
0 0.624375 0.393838 0.015000 0.013988
0 0.583438 0.395087 0.009750 0.016986
0 0.220312 0.393422 0.009750 0.012989
0 0.511875 0.391341 0.013500 0.009992
0 0.409687 0.394255 0.009750 0.016986
0 0.845313 0.391341 0.008250 0.011990
0 0.687187 0.395087 0.011250 0.020983
0 0.840313 0.393006 0.008250 0.017985
0 0.560000 0.390092 0.010500 0.010991
0 0.497188 0.395087 0.017250 0.024979
0 0.663750 0.393838 0.007500 0.023980
0 0.204687 0.387177 0.011250 0.011990
0 0.959375 0.386761 0.015000 0.012989
0 0.935937 0.385928 0.012750 0.010991
0 0.862812 0.386345 0.012750 0.013988
0 0.776563 0.388010 0.008250 0.017985
0 0.655625 0.384679 0.012000 0.009992
0 0.715938 0.384263 0.012750 0.012989
0 0.500313 0.386345 0.009750 0.017985
0 0.906563 0.383430 0.020250 0.012989
0 0.603750 0.384679 0.010500 0.015987
0 0.461250 0.389259 0.012000 0.026978
0 0.163750 0.386345 0.015000 0.019983
0 0.887500 0.383430 0.010500 0.014988
0 0.191875 0.381765 0.009000 0.010991
0 0.615938 0.383014 0.008250 0.015987
0 0.551562 0.383847 0.014250 0.017985
0 0.439688 0.380516 0.012750 0.009992
0 0.367500 0.385512 0.009000 0.021982
0 0.253437 0.384679 0.009750 0.019983
0 0.283438 0.385096 0.024750 0.024979
0 0.875000 0.380100 0.009000 0.014988
0 0.142500 0.380933 0.009000 0.016986
0 0.472500 0.378435 0.012000 0.012989
0 0.356875 0.383014 0.010500 0.023980
0 0.338438 0.380516 0.020250 0.017985
0 0.267813 0.388426 0.023250 0.036969
0 0.598125 0.377186 0.018000 0.011990
0 0.301875 0.378851 0.016500 0.017985
0 0.904375 0.374271 0.012000 0.008993
0 0.566562 0.378018 0.006750 0.017985
0 0.118438 0.379684 0.015750 0.021982
0 0.929063 0.373439 0.012750 0.012989
0 0.805937 0.378435 0.011250 0.024979
0 0.327813 0.371357 0.011250 0.007993
0 0.022187 0.373439 0.008250 0.014988
0 0.787813 0.373855 0.006750 0.019983
0 0.507188 0.371774 0.023250 0.014988
0 0.316875 0.378018 0.015000 0.031973
0 0.060312 0.368443 0.014250 0.010991
0 0.348750 0.367610 0.015000 0.010991
0 0.179375 0.371357 0.015000 0.019983
0 0.864375 0.367194 0.013500 0.011990
0 0.639062 0.369276 0.008250 0.016986
0 0.550625 0.368027 0.010500 0.013988
0 0.486250 0.371357 0.021000 0.025978
0 0.981250 0.368443 0.009000 0.020983
0 0.110625 0.365529 0.013500 0.013988
0 0.755313 0.367610 0.015750 0.020983
0 0.249062 0.365945 0.011250 0.016986
0 0.892188 0.365945 0.014250 0.018984
0 0.817187 0.367194 0.014250 0.021982
0 0.780312 0.367194 0.009750 0.021982
0 0.695937 0.362614 0.008250 0.012989
0 0.417187 0.370941 0.029250 0.032973
0 0.863125 0.361782 0.012000 0.012989
0 0.543125 0.360533 0.012000 0.009992
0 0.706875 0.360117 0.012000 0.010991
0 0.283438 0.363447 0.012750 0.020983
0 0.153438 0.363447 0.015750 0.020983
0 0.715625 0.365529 0.012000 0.027977
0 0.202500 0.361366 0.012000 0.017985
0 0.435937 0.359700 0.029250 0.015987
0 0.727187 0.356370 0.014250 0.011990
0 0.689375 0.357619 0.006000 0.014988
0 0.357500 0.359700 0.012000 0.019983
0 0.849688 0.357202 0.006750 0.015987
0 0.267188 0.353455 0.009750 0.010991
0 0.256875 0.355537 0.010500 0.015987
0 0.582187 0.356786 0.018750 0.022981
0 0.377812 0.352206 0.011250 0.011990
0 0.156875 0.350541 0.012000 0.007993
0 0.773125 0.358035 0.021000 0.027977
0 0.276875 0.352623 0.010500 0.014988
0 0.827500 0.349292 0.010500 0.008993
0 0.057813 0.351790 0.009750 0.014988
0 0.657813 0.353872 0.011250 0.021982
0 0.518437 0.355537 0.018750 0.025978
0 0.988000 0.378851 0.024000 0.085928
0 0.872500 0.352206 0.012000 0.021982
0 0.467813 0.351790 0.024750 0.022981
0 0.340313 0.347627 0.008250 0.012989
0 0.120313 0.348876 0.012750 0.015987
0 0.814375 0.349292 0.012000 0.018984
0 0.353125 0.343880 0.012000 0.005995
0 0.312188 0.347211 0.014250 0.013988
0 0.074688 0.355537 0.018750 0.033972
0 0.175625 0.344296 0.010500 0.012989
0 0.371250 0.344296 0.006000 0.014988
0 0.630313 0.343047 0.015750 0.013988
0 0.488438 0.343047 0.012750 0.013988
0 0.731250 0.343047 0.015000 0.015987
0 0.691562 0.342631 0.009750 0.014988
0 0.589063 0.343047 0.012750 0.015987
0 0.210313 0.340550 0.020250 0.009992
0 0.980000 0.340550 0.010500 0.011990
0 0.925937 0.342631 0.008250 0.016986
0 0.502188 0.339717 0.011250 0.009992
0 0.437188 0.339301 0.012750 0.008993
0 0.363750 0.341382 0.012000 0.013988
0 0.245000 0.340133 0.009000 0.010991
0 0.970625 0.343464 0.015000 0.020983
0 0.714375 0.341799 0.007500 0.022981
0 0.447500 0.340133 0.013500 0.018984
0 0.234687 0.337635 0.011250 0.012989
0 0.546875 0.335970 0.009000 0.012989
0 0.510312 0.339301 0.006750 0.020983
0 0.558438 0.334305 0.009750 0.010991
0 0.075313 0.333888 0.012750 0.009992
0 0.777188 0.333888 0.017250 0.011990
0 0.319375 0.338052 0.013500 0.021982
0 0.599375 0.332223 0.013500 0.009992
0 0.479063 0.334305 0.006750 0.014988
0 0.676250 0.339301 0.016500 0.028976
0 0.380000 0.335554 0.018000 0.019983
0 0.159688 0.333472 0.009750 0.016986
0 0.698125 0.333888 0.013500 0.019983
0 0.533438 0.331391 0.009750 0.013988
0 0.832500 0.330974 0.007500 0.014988
0 0.816875 0.327644 0.012000 0.008993
0 0.091563 0.330142 0.009750 0.014988
0 0.968125 0.330142 0.007500 0.016986
0 0.960313 0.353872 0.074250 0.073938
0 0.860313 0.332223 0.011250 0.023980
0 0.281250 0.330974 0.009000 0.020983
0 0.466875 0.323897 0.016500 0.007993
0 0.452188 0.328060 0.012750 0.017985
0 0.390313 0.326395 0.014250 0.017985
0 0.363125 0.322231 0.012000 0.009992
0 0.419687 0.323064 0.014250 0.013988
0 0.131250 0.323064 0.024000 0.013988
0 0.062187 0.323897 0.011250 0.015987
0 0.774687 0.321399 0.011250 0.011990
0 0.485312 0.326395 0.020250 0.023980
0 0.167500 0.320983 0.012000 0.010991
0 0.956250 0.340133 0.025500 0.058951
0 0.744062 0.320983 0.009750 0.012989
0 0.298125 0.321815 0.010500 0.014988
0 0.211250 0.325978 0.022500 0.024979
0 0.675312 0.323064 0.014250 0.019983
0 0.510312 0.321815 0.020250 0.016986
0 0.711875 0.320150 0.009000 0.014988
0 0.442188 0.318901 0.011250 0.011990
0 0.090000 0.317236 0.010500 0.011990
0 0.938750 0.316819 0.012000 0.012989
0 0.975938 0.318485 0.021750 0.020983
0 0.832812 0.315154 0.011250 0.012989
0 0.584375 0.316403 0.010500 0.015987
0 0.521563 0.314738 0.006750 0.013988
0 0.784687 0.316819 0.008250 0.020983
0 0.726250 0.311407 0.013500 0.013988
0 0.464062 0.309742 0.008250 0.011990
0 0.015000 0.310991 0.013500 0.014988
0 0.928438 0.309742 0.009750 0.013988
0 0.819063 0.312240 0.012750 0.019983
0 0.615000 0.308493 0.012000 0.010991
0 0.599688 0.308909 0.012750 0.011990
0 0.406875 0.310575 0.010500 0.015987
0 0.320312 0.310158 0.011250 0.014988
0 0.754062 0.310575 0.014250 0.019983
0 0.414687 0.306828 0.008250 0.010991
0 0.385625 0.309742 0.010500 0.019983
0 0.546875 0.310575 0.012000 0.023980
0 0.370625 0.305579 0.010500 0.011990
0 0.234375 0.308077 0.025500 0.017985
0 0.059062 0.306828 0.012750 0.014988
0 0.936562 0.305162 0.015750 0.012989
0 0.803750 0.309326 0.009000 0.022981
0 0.645000 0.303497 0.015000 0.010991
0 0.708750 0.301415 0.010500 0.007993
0 0.655937 0.309742 0.014250 0.027977
0 0.282187 0.305579 0.027750 0.017985
0 0.485938 0.300999 0.009750 0.008993
0 0.585938 0.300167 0.011250 0.008993
0 0.559375 0.301832 0.010500 0.012989
0 0.429688 0.301832 0.006750 0.012989
0 0.788125 0.300999 0.007500 0.012989
0 0.346562 0.301832 0.011250 0.014988
0 0.811250 0.298918 0.012000 0.009992
0 0.519062 0.300999 0.020250 0.014988
0 0.142500 0.300167 0.009000 0.012989
0 0.778438 0.299750 0.006750 0.013988
0 0.424063 0.305579 0.011250 0.027977
0 0.364687 0.298085 0.009750 0.009992
0 0.193125 0.312240 0.034500 0.047960
0 0.687187 0.296836 0.009750 0.012989
0 0.439063 0.296420 0.009750 0.011990
0 0.114687 0.303497 0.014250 0.028976
0 0.127812 0.295587 0.011250 0.011990
0 0.595938 0.296420 0.008250 0.015987
0 0.023438 0.308077 0.021750 0.047960
0 0.609688 0.292256 0.008250 0.011990
0 0.301875 0.293505 0.012000 0.014988
0 0.081875 0.295587 0.012000 0.019983
0 0.201563 0.293505 0.014250 0.016986
0 0.101875 0.291840 0.016500 0.012989
0 0.940312 0.294338 0.042750 0.020983
0 0.920625 0.291007 0.012000 0.012989
0 0.453750 0.293089 0.015000 0.017985
0 0.285625 0.291007 0.012000 0.012989
0 0.215938 0.289342 0.012750 0.010991
0 0.159688 0.288093 0.014250 0.011990
0 0.084687 0.286428 0.011250 0.007993
0 0.744375 0.288093 0.012000 0.013988
0 0.358438 0.285595 0.009750 0.011990
0 0.112187 0.284346 0.015750 0.008993
0 0.053750 0.288510 0.006000 0.018984
0 0.783750 0.283097 0.013500 0.009992
0 0.377812 0.288510 0.018750 0.022981
0 0.761563 0.281432 0.008250 0.009992
0 0.710313 0.284346 0.005250 0.016986
0 0.265313 0.287677 0.018750 0.024979
0 0.908125 0.289342 0.016500 0.030974
0 0.527813 0.288093 0.011250 0.027977
0 0.508125 0.284346 0.009000 0.020983
0 0.538750 0.281848 0.013500 0.016986
0 0.245000 0.281848 0.006000 0.016986
0 0.165000 0.277685 0.009000 0.008993
0 0.130938 0.278934 0.006750 0.011990
0 0.626875 0.277269 0.018000 0.009992
0 0.148438 0.279351 0.012750 0.014988
0 0.642500 0.281016 0.016500 0.020983
0 0.234063 0.281016 0.015750 0.020983
0 0.780312 0.275604 0.009750 0.009992
0 0.457188 0.277269 0.017250 0.013988
0 0.766875 0.276020 0.006000 0.014988
0 0.495625 0.281848 0.019500 0.028976
0 0.185938 0.277685 0.011250 0.018984
0 0.123125 0.278934 0.006000 0.021982
0 0.367500 0.272689 0.009000 0.012989
0 0.798438 0.272273 0.017250 0.013988
0 0.992125 0.272273 0.015750 0.015987
0 0.969250 0.308077 0.061500 0.103913
0 0.385313 0.270192 0.012750 0.012989
0 0.601562 0.269775 0.017250 0.015987
0 0.237813 0.267277 0.009750 0.009992
0 0.158750 0.268110 0.009000 0.011990
0 0.216562 0.268943 0.008250 0.015987
0 0.674063 0.268526 0.008250 0.016986
0 0.090000 0.268526 0.010500 0.016986
0 0.755625 0.266445 0.022500 0.015987
0 0.506563 0.266445 0.006750 0.015987
0 0.357187 0.262698 0.011250 0.006994
0 0.891250 0.264779 0.009000 0.013988
0 0.589688 0.266861 0.009750 0.020983
0 0.418438 0.266445 0.015750 0.019983
0 0.312500 0.264363 0.013500 0.014988
0 0.447500 0.263530 0.021000 0.014988
0 0.948438 0.273938 0.060750 0.041965
0 0.406250 0.275604 0.042000 0.045962
0 0.103750 0.268110 0.016500 0.027977
0 0.741875 0.263114 0.009000 0.017985
0 0.668125 0.259367 0.019500 0.008993
0 0.545312 0.263530 0.006750 0.018984
0 0.260000 0.258951 0.006000 0.009992
0 0.060937 0.266861 0.009750 0.030974
0 0.270313 0.260616 0.009750 0.017985
0 0.580313 0.261865 0.015750 0.022981
0 0.292812 0.262698 0.018750 0.024979
0 0.993625 0.256869 0.012750 0.012989
0 0.778438 0.257702 0.008250 0.014988
0 0.650312 0.261865 0.015750 0.024979
0 0.228125 0.257286 0.013500 0.013988
0 0.524062 0.255204 0.012750 0.010991
0 0.472500 0.256037 0.012000 0.014988
0 0.337500 0.257286 0.015000 0.017985
0 0.633125 0.253122 0.013500 0.009992
0 0.091563 0.254788 0.014250 0.013988
0 0.400625 0.250624 0.015000 0.007993
0 0.311875 0.253122 0.019500 0.013988
0 0.585938 0.248127 0.011250 0.007993
0 0.460313 0.247710 0.011250 0.006994
0 0.193750 0.253955 0.018000 0.023980
0 0.685000 0.250624 0.015000 0.021982
0 0.382188 0.245629 0.008250 0.009992
0 0.769687 0.245212 0.011250 0.010991
0 0.329688 0.250208 0.008250 0.022981
0 0.614688 0.243131 0.012750 0.007993
0 0.147187 0.247710 0.009750 0.018984
0 0.863437 0.246045 0.011250 0.016986
0 0.734062 0.242714 0.009750 0.008993
0 0.870000 0.255620 0.025500 0.041965
0 0.699063 0.246878 0.014250 0.022981
0 0.422500 0.243131 0.010500 0.013988
0 0.408438 0.242298 0.018750 0.013988
0 0.018750 0.245629 0.016500 0.021982
0 0.481875 0.247294 0.018000 0.027977
0 0.353750 0.240633 0.016500 0.011990
0 0.239063 0.241882 0.011250 0.014988
0 0.724375 0.242714 0.015000 0.018984
0 0.286562 0.238968 0.012750 0.011990
0 0.223125 0.239800 0.012000 0.013988
0 0.707812 0.238968 0.011250 0.013988
0 0.847500 0.254788 0.037500 0.053955
0 0.920000 0.238551 0.007500 0.016986
0 0.719375 0.236886 0.009000 0.012989
0 0.683438 0.236886 0.009750 0.012989
0 0.500313 0.237302 0.006750 0.013988
0 0.064375 0.237719 0.022500 0.020983
0 0.807187 0.236053 0.018750 0.018984
0 0.927813 0.232723 0.009750 0.014988
0 0.605000 0.231890 0.010500 0.014988
0 0.049688 0.231057 0.011250 0.014988
0 0.020000 0.228976 0.009000 0.009992
0 0.849375 0.229392 0.012000 0.012989
0 0.712500 0.229392 0.015000 0.012989
0 0.111562 0.229392 0.012750 0.012989
0 0.010937 0.232306 0.006750 0.021982
0 0.876563 0.233139 0.020250 0.025978
0 0.740625 0.228976 0.012000 0.015987
0 0.332188 0.230641 0.012750 0.019983
0 0.319375 0.228560 0.007500 0.016986
0 0.156250 0.225645 0.013500 0.009992
0 0.936562 0.229392 0.009750 0.020983
0 0.829063 0.247294 0.038250 0.063947
0 0.344375 0.226062 0.013500 0.012989
0 0.539687 0.227727 0.012750 0.018984
0 0.260313 0.225229 0.006750 0.012989
0 0.592500 0.222315 0.012000 0.007993
0 0.525625 0.225645 0.009000 0.015987
0 0.789375 0.223147 0.007500 0.011990
0 0.141250 0.224813 0.021000 0.015987
0 0.097500 0.225645 0.015000 0.017985
0 0.574063 0.223980 0.011250 0.017985
0 0.470313 0.224813 0.012750 0.019983
0 0.409062 0.226478 0.017250 0.023980
0 0.684688 0.220649 0.006750 0.015987
0 0.317188 0.220233 0.008250 0.014988
0 0.610313 0.223980 0.009750 0.025978
0 0.201875 0.219400 0.010500 0.014988
0 0.004500 0.219817 0.009000 0.015987
0 0.290938 0.222731 0.008250 0.024979
0 0.434063 0.229808 0.015750 0.043963
0 0.600938 0.218152 0.008250 0.017985
0 0.061562 0.217735 0.014250 0.016986
0 0.266875 0.216070 0.009000 0.014988
0 0.030937 0.216070 0.008250 0.014988
0 0.645000 0.216903 0.015000 0.020983
0 0.020938 0.215654 0.014250 0.017985
0 0.984250 0.226062 0.031500 0.046961
0 0.725000 0.210658 0.018000 0.009992
0 0.622188 0.211907 0.011250 0.012989
0 0.454375 0.208576 0.010500 0.008993
0 0.659062 0.209825 0.006750 0.013988
0 0.593750 0.209825 0.010500 0.013988
0 0.551250 0.216903 0.025500 0.030974
0 0.809063 0.208576 0.009750 0.012989
0 0.418750 0.209409 0.012000 0.016986
0 0.119063 0.214405 0.011250 0.028976
0 0.161875 0.211907 0.021000 0.026978
0 0.126562 0.208993 0.009750 0.019983
0 0.799063 0.215654 0.017250 0.037968
0 0.669687 0.209409 0.006750 0.022981
0 0.102500 0.205662 0.010500 0.013988
0 0.352812 0.205246 0.012750 0.014988
0 0.249375 0.206078 0.013500 0.020983
0 0.467187 0.201915 0.012750 0.014988
0 0.194688 0.201082 0.008250 0.012989
0 0.043125 0.199417 0.015000 0.012989
0 0.433437 0.197752 0.009750 0.010991
0 0.224062 0.198168 0.009750 0.011990
0 0.790312 0.198168 0.015750 0.015987
0 0.701875 0.195670 0.007500 0.013988
0 0.687813 0.194838 0.014250 0.011990
0 0.602500 0.196503 0.010500 0.015987
0 0.055000 0.192756 0.015000 0.006994
0 0.212188 0.198168 0.014250 0.023980
0 0.336562 0.194838 0.011250 0.017985
0 0.252188 0.194421 0.009750 0.018984
0 0.963750 0.201499 0.033000 0.037968
0 0.903750 0.194005 0.013500 0.021982
0 0.292812 0.190258 0.008250 0.012989
0 0.066562 0.190674 0.011250 0.013988
0 0.247188 0.189009 0.008250 0.011990
0 0.846250 0.198585 0.019500 0.036969
0 0.459375 0.190674 0.007500 0.017985
0 0.237500 0.189425 0.013500 0.014988
0 0.372188 0.190674 0.015750 0.019983
0 0.906250 0.231890 0.187500 0.120899
0 0.795000 0.188177 0.013500 0.015987
0 0.581250 0.187344 0.012000 0.013988
0 0.155625 0.190674 0.013500 0.021982
0 0.630313 0.186511 0.012750 0.013988
0 0.267813 0.183181 0.017250 0.007993
0 0.008250 0.186095 0.016500 0.014988
0 0.436563 0.183181 0.008250 0.011990
0 0.362500 0.185262 0.010500 0.016986
0 0.870625 0.189842 0.043500 0.029975
0 0.192188 0.181932 0.011250 0.010991
0 0.330625 0.181515 0.010500 0.011990
0 0.167500 0.186511 0.013500 0.023980
0 0.553125 0.179850 0.019500 0.009992
0 0.078750 0.180266 0.009000 0.010991
0 0.526563 0.182764 0.006750 0.018984
0 0.486875 0.181515 0.009000 0.015987
0 0.392813 0.178185 0.009750 0.011990
0 0.231563 0.180266 0.011250 0.016986
0 0.203125 0.180266 0.013500 0.018984
0 0.570000 0.178185 0.012000 0.017985
0 0.412500 0.176936 0.013500 0.014988
0 0.055625 0.176520 0.010500 0.013988
0 0.043437 0.175271 0.011250 0.010991
0 0.903438 0.177352 0.009750 0.017985
0 0.582187 0.172773 0.015750 0.008993
0 0.219062 0.178601 0.023250 0.022981
0 0.005625 0.174854 0.006000 0.013988
0 0.735000 0.182348 0.027000 0.033972
0 0.499688 0.174438 0.008250 0.014988
0 0.155938 0.174438 0.021750 0.014988
0 0.263750 0.171940 0.009000 0.010991
0 0.983500 0.189009 0.033000 0.053955
0 0.459375 0.175687 0.015000 0.021982
0 0.294687 0.175271 0.009750 0.020983
0 0.174687 0.174022 0.011250 0.019983
0 0.557500 0.169858 0.007500 0.011990
0 0.768750 0.173189 0.012000 0.021982
0 0.798438 0.170691 0.012750 0.017985
0 0.662188 0.170275 0.017250 0.016986
0 0.587812 0.166944 0.014250 0.008993
0 0.535625 0.166528 0.012000 0.009992
0 0.813438 0.174022 0.021750 0.029975
0 0.108438 0.166112 0.008250 0.012989
0 0.494063 0.167361 0.006750 0.017985
0 0.054688 0.165279 0.011250 0.012989
0 0.635938 0.164863 0.023250 0.013988
0 0.124688 0.179017 0.021750 0.049958
0 0.085625 0.161948 0.007500 0.008993
0 0.866875 0.166528 0.012000 0.021982
0 0.961875 0.171107 0.018000 0.034971
0 0.351562 0.161116 0.008250 0.012989
0 0.544063 0.164863 0.018750 0.023980
0 0.927188 0.159450 0.008250 0.012989
0 0.245938 0.159867 0.008250 0.015987
0 0.316563 0.161532 0.008250 0.021982
0 0.470313 0.158201 0.012750 0.015987
0 0.451562 0.159034 0.014250 0.017985
0 0.699063 0.155704 0.008250 0.011990
0 0.978750 0.158618 0.018000 0.020983
0 0.458750 0.155704 0.009000 0.013988
0 0.167187 0.154871 0.006750 0.011990
0 0.975313 0.154871 0.012750 0.013988
0 0.558750 0.156120 0.012000 0.016986
0 0.961562 0.158201 0.012750 0.023980
0 0.992125 0.159450 0.015750 0.028976
0 0.620625 0.156120 0.018000 0.020983
0 0.102813 0.152789 0.008250 0.018984
0 0.310937 0.147794 0.011250 0.008993
0 0.201875 0.149042 0.009000 0.011990
0 0.819375 0.150708 0.012000 0.019983
0 0.008250 0.160283 0.016500 0.042964
0 0.345625 0.146545 0.010500 0.015987
0 0.232813 0.149875 0.015750 0.023980
0 0.899375 0.159867 0.015000 0.049958
0 0.869687 0.158201 0.057750 0.045962
0 0.084062 0.147377 0.005250 0.019983
0 0.427500 0.145712 0.007500 0.017985
0 0.823750 0.183181 0.054000 0.109908
0 0.331250 0.141549 0.009000 0.009992
0 0.172500 0.142381 0.007500 0.011990
0 0.995500 0.141132 0.009000 0.010991
0 0.505625 0.143630 0.013500 0.016986
0 0.846562 0.141132 0.005250 0.012989
0 0.787188 0.167361 0.044250 0.075937
0 0.567813 0.145296 0.011250 0.022981
0 0.789375 0.140300 0.006000 0.012989
0 0.525000 0.140716 0.012000 0.013988
0 0.115625 0.141965 0.022500 0.018984
0 0.808438 0.145712 0.012750 0.029975
0 0.414062 0.141132 0.018750 0.018984
0 0.381875 0.141132 0.018000 0.022981
0 0.370625 0.137386 0.013500 0.013988
0 0.136563 0.141132 0.024750 0.024979
0 0.830000 0.133222 0.015000 0.007993
0 0.817187 0.136137 0.017250 0.018984
0 0.578750 0.137386 0.016500 0.021982
0 0.793438 0.129892 0.012750 0.007993
0 0.504062 0.131141 0.014250 0.010991
0 0.391250 0.131141 0.006000 0.010991
0 0.016125 0.144463 0.032250 0.042964
0 0.985938 0.137386 0.012750 0.027977
0 0.669063 0.130308 0.005250 0.010991
0 0.398438 0.132390 0.009750 0.015987
0 0.322813 0.134471 0.011250 0.020983
0 0.299063 0.138218 0.015750 0.029975
0 0.962812 0.129059 0.012750 0.009992
0 0.251250 0.138218 0.028500 0.031973
0 0.188750 0.130724 0.012000 0.013988
0 0.976875 0.131973 0.009000 0.018984
0 0.616250 0.130724 0.012000 0.019983
0 0.771250 0.131141 0.009000 0.026978
0 0.267813 0.127394 0.008250 0.021982
0 0.840625 0.126145 0.012000 0.020983
0 0.682813 0.132806 0.024750 0.036969
0 0.363438 0.123231 0.012750 0.013988
0 0.289687 0.123647 0.008250 0.016986
0 0.904687 0.130308 0.014250 0.034971
0 0.735313 0.121565 0.011250 0.013988
0 0.968437 0.124480 0.017250 0.022981
0 0.451562 0.120733 0.008250 0.013988
0 0.556875 0.123231 0.024000 0.021982
0 0.425000 0.122398 0.018000 0.021982
0 0.988000 0.121149 0.024000 0.020983
0 0.114375 0.120316 0.009000 0.020983
0 0.761563 0.120733 0.012750 0.023980
0 0.718125 0.131557 0.030000 0.049958
0 0.371875 0.113239 0.012000 0.007993
0 0.516250 0.116986 0.009000 0.026978
0 0.155312 0.114488 0.011250 0.020983
0 0.826875 0.110741 0.012000 0.013988
0 0.564688 0.109908 0.017250 0.011990
0 0.049063 0.110325 0.009750 0.012989
0 0.279062 0.110325 0.014250 0.014988
0 0.003750 0.114488 0.007500 0.024979
0 0.679375 0.114072 0.015000 0.027977
0 0.390000 0.108243 0.010500 0.013988
0 0.022187 0.119067 0.035250 0.039967
0 0.666875 0.110325 0.010500 0.020983
0 0.495625 0.114072 0.013500 0.029975
0 0.464062 0.111157 0.012750 0.022981
0 0.995125 0.106578 0.009750 0.013988
0 0.800625 0.116570 0.036000 0.037968
0 0.290312 0.108243 0.008250 0.017985
0 0.057813 0.113655 0.026250 0.030974
0 0.263750 0.106578 0.013500 0.017985
0 0.985313 0.105329 0.017250 0.016986
0 0.930000 0.112406 0.039000 0.033972
0 0.418438 0.100749 0.015750 0.009992
0 0.367500 0.100749 0.010500 0.009992
0 0.038437 0.102831 0.017250 0.018984
0 0.765312 0.106578 0.015750 0.029975
0 0.439688 0.100749 0.008250 0.015987
0 0.228437 0.114904 0.014250 0.049958
0 0.845625 0.098668 0.004500 0.016986
0 0.692500 0.098668 0.015000 0.016986
0 0.170000 0.099500 0.009000 0.018984
0 0.134063 0.099500 0.011250 0.020983
0 0.676875 0.094921 0.006000 0.011990
0 0.449688 0.095754 0.008250 0.013988
0 0.780312 0.098251 0.018750 0.021982
0 0.385000 0.095337 0.019500 0.016986
0 0.015625 0.097002 0.022500 0.020983
0 0.982000 0.100333 0.036000 0.030974
0 0.296563 0.094088 0.006750 0.017985
0 0.806250 0.087843 0.010500 0.006994
0 0.306563 0.091174 0.008250 0.014988
0 0.546250 0.089925 0.012000 0.019983
0 0.175313 0.086178 0.009750 0.010991
0 0.065937 0.086595 0.009750 0.011990
0 0.613125 0.087427 0.027000 0.015987
0 0.487500 0.086178 0.009000 0.012989
0 0.535625 0.083680 0.010500 0.008993
0 0.524687 0.085762 0.011250 0.013988
0 0.255000 0.086595 0.010500 0.015987
0 0.881250 0.119067 0.090000 0.095920
0 0.911875 0.085762 0.019500 0.017985
0 0.694688 0.084513 0.017250 0.016986
0 0.929375 0.089092 0.024000 0.029975
0 0.285625 0.087011 0.010500 0.024979
0 0.271875 0.079933 0.013500 0.007993
0 0.088438 0.084097 0.014250 0.017985
0 0.841250 0.082848 0.007500 0.018984
0 0.040313 0.084097 0.011250 0.021982
0 0.556875 0.077852 0.012000 0.008993
0 0.353750 0.081182 0.012000 0.016986
0 0.317500 0.079517 0.018000 0.012989
0 0.057813 0.079933 0.008250 0.013988
0 0.923750 0.077852 0.010500 0.012989
0 0.808125 0.076603 0.012000 0.013988
0 0.775625 0.075354 0.012000 0.014988
0 0.700937 0.079933 0.012750 0.025978
0 0.458750 0.078684 0.015000 0.022981
0 0.220312 0.079933 0.018750 0.025978
0 0.154062 0.074938 0.011250 0.013988
0 0.287500 0.070358 0.010500 0.008993
0 0.769062 0.079101 0.027750 0.031973
0 0.500625 0.070774 0.018000 0.011990
0 0.243750 0.069525 0.009000 0.010991
0 0.012375 0.080350 0.024750 0.036969
0 0.942500 0.147377 0.084000 0.199833
0 0.442812 0.072440 0.011250 0.021982
0 0.112187 0.069942 0.014250 0.015987
0 0.721562 0.070358 0.015750 0.018984
0 0.261562 0.064946 0.009750 0.009992
0 0.615313 0.073272 0.051750 0.031973
0 0.170313 0.067860 0.008250 0.018984
0 0.925312 0.062448 0.006750 0.009992
0 0.468438 0.064530 0.009750 0.014988
0 0.026562 0.079933 0.014250 0.051957
0 0.524062 0.062448 0.009750 0.011990
0 0.774375 0.062448 0.009000 0.017985
0 0.444688 0.059950 0.009750 0.011990
0 0.682500 0.072023 0.027000 0.044963
0 0.249375 0.059117 0.015000 0.013988
0 0.989875 0.074105 0.020250 0.051957
0 0.220938 0.059117 0.009750 0.017985
0 0.055313 0.064946 0.026250 0.031973
0 0.795625 0.078268 0.036000 0.065945
0 0.634687 0.059117 0.014250 0.019983
0 0.622188 0.057452 0.014250 0.015987
0 0.785625 0.058701 0.016500 0.020983
0 0.368125 0.057452 0.013500 0.017985
0 0.650312 0.063697 0.017250 0.036969
0 0.510312 0.057036 0.012750 0.020983
0 0.052187 0.052040 0.020250 0.010991
0 0.316563 0.053705 0.018750 0.016986
0 0.265000 0.050791 0.009000 0.009992
0 0.008625 0.063281 0.017250 0.045962
0 0.666562 0.071191 0.026250 0.066944
0 0.255312 0.046211 0.015750 0.008993
0 0.123125 0.057036 0.031500 0.034971
0 0.760625 0.054122 0.027000 0.031973
0 0.387813 0.051207 0.032250 0.024979
0 0.306875 0.049542 0.010500 0.020983
0 0.928125 0.047460 0.021000 0.019983
0 0.774687 0.047044 0.009750 0.018984
0 0.900937 0.057036 0.029250 0.048959
0 0.688438 0.050791 0.024750 0.033972
0 0.659687 0.047877 0.009750 0.026978
0 0.475313 0.042048 0.008250 0.020983
0 0.004500 0.037885 0.009000 0.012989
0 0.636250 0.042465 0.033000 0.025978
0 0.482500 0.043297 0.007500 0.027977
0 0.763437 0.037469 0.020250 0.017985
0 0.465938 0.036220 0.012750 0.014988
0 0.725625 0.080350 0.081000 0.122898
0 0.797500 0.041632 0.022500 0.031973
0 0.967187 0.032889 0.006750 0.012989
0 0.814688 0.036636 0.014250 0.021982
0 0.434688 0.029975 0.008250 0.009992
0 0.078125 0.030391 0.009000 0.012989
0 0.010500 0.034555 0.021000 0.022981
0 0.959063 0.029559 0.011250 0.012989
0 0.638750 0.029975 0.007500 0.015987
0 0.492812 0.031640 0.015750 0.019983
0 0.840313 0.029559 0.008250 0.016986
0 0.940312 0.026644 0.006750 0.011990
0 0.800312 0.031640 0.018750 0.025978
0 0.971562 0.022481 0.009750 0.007993
0 0.859062 0.067444 0.138750 0.115903
0 0.376563 0.025812 0.014250 0.017985
0 0.289375 0.022065 0.010500 0.010991
0 0.741875 0.024563 0.024000 0.018984
0 0.717187 0.029559 0.021750 0.030974
0 0.758750 0.023730 0.010500 0.018984
0 0.660000 0.025812 0.019500 0.023980
0 0.609688 0.043714 0.039750 0.066944
0 0.248438 0.027061 0.029250 0.026978
0 0.983125 0.047044 0.033750 0.080933
0 0.388125 0.017902 0.007500 0.012989
0 0.272188 0.017069 0.008250 0.012989
0 0.099375 0.017902 0.009000 0.014988
0 0.183125 0.019151 0.013500 0.019983
0 0.112875 0.117402 0.225750 0.234804
0 0.006000 0.018318 0.012000 0.017985
0 0.693750 0.027061 0.034500 0.042964
0 0.234375 0.017069 0.012000 0.018984
0 0.108438 0.023730 0.020250 0.034971
0 0.150625 0.019567 0.018000 0.032973
0 0.285938 0.010824 0.020250 0.013988
0 0.783750 0.018485 0.021000 0.036969
0 0.245938 0.007494 0.015750 0.013988
0 0.192812 0.007077 0.011250 0.012989
0 0.091250 0.051457 0.040500 0.102914
0 0.989062 0.006495 0.011250 0.012989
0 0.977187 0.005995 0.008250 0.011990
0 0.956250 0.057952 0.063000 0.115903
0 0.950000 0.010491 0.013500 0.020983
0 0.921875 0.025978 0.040500 0.051957
0 0.897813 0.014488 0.024750 0.028976
0 0.874375 0.020983 0.045000 0.041965
0 0.843750 0.016486 0.045000 0.032973
0 0.810937 0.008993 0.032250 0.017985
0 0.772188 0.028476 0.044250 0.056953
0 0.739688 0.010491 0.026250 0.020983
0 0.719375 0.007494 0.012000 0.014988
0 0.701250 0.005495 0.013500 0.010991
0 0.676562 0.025978 0.044250 0.051957
0 0.630625 0.023480 0.061500 0.046961
0 0.605938 0.010991 0.015750 0.021982
0 0.582812 0.029975 0.036750 0.059950
0 0.573750 0.008493 0.018000 0.016986
0 0.538750 0.022481 0.064500 0.044963
0 0.507500 0.005495 0.010500 0.010991
0 0.495000 0.005495 0.009000 0.010991
0 0.682375 0.317236 0.635250 0.634471
0 0.407500 0.009492 0.010500 0.018984
0 0.305000 0.008493 0.012000 0.016986
0 0.202500 0.016486 0.039000 0.032973
0 0.173125 0.007494 0.022500 0.014988
0 0.147500 0.009492 0.021000 0.018984
0 0.116250 0.005995 0.012000 0.011990
0 0.124688 0.025479 0.042750 0.050958
0 0.072188 0.008993 0.017250 0.017985
0 0.045625 0.043464 0.069000 0.086928
0 0.031563 0.024480 0.036750 0.048959
0 0.026875 0.006994 0.015000 0.013988
0 0.009062 0.009992 0.017250 0.019983
