0 0.753539 0.997000 0.017985 0.006000
0 0.799750 0.996625 0.008993 0.006750
0 0.547460 0.996625 0.012989 0.006750
0 0.638634 0.996250 0.011990 0.007500
0 0.874688 0.995875 0.016986 0.008250
0 0.261032 0.995875 0.012989 0.008250
0 0.664030 0.995500 0.012989 0.009000
0 0.437968 0.994375 0.013988 0.011250
0 0.194005 0.994375 0.013988 0.011250
0 0.965862 0.994000 0.013988 0.012000
0 0.080766 0.994000 0.017985 0.012000
0 0.901749 0.993250 0.015987 0.013500
0 0.711074 0.993250 0.033972 0.013500
0 0.642798 0.991875 0.015987 0.010500
0 0.940883 0.990313 0.009992 0.008250
0 0.930891 0.992812 0.009992 0.014250
0 0.594921 0.991750 0.022981 0.016500
0 0.216903 0.991750 0.034971 0.016500
0 0.924230 0.989062 0.011990 0.008250
0 0.671524 0.990313 0.018984 0.012750
0 0.825562 0.990313 0.022981 0.014250
0 0.751873 0.987500 0.009992 0.009000
0 0.294338 0.990250 0.032973 0.019500
0 0.630724 0.989062 0.020983 0.014250
0 0.318901 0.989375 0.023980 0.016500
0 0.276436 0.986875 0.011990 0.010500
0 0.958368 0.985625 0.025978 0.009000
0 0.457535 0.988125 0.016986 0.015000
0 0.152789 0.985625 0.014988 0.010500
0 0.109076 0.989125 0.025978 0.021750
0 0.690674 0.988000 0.020983 0.024000
0 0.483764 0.985000 0.021982 0.012000
0 0.332639 0.987187 0.034971 0.017250
0 0.596170 0.985313 0.011990 0.014250
0 0.132806 0.987250 0.026978 0.025500
0 0.608659 0.986875 0.013988 0.026250
0 0.502914 0.984062 0.031973 0.014250
0 0.244796 0.983750 0.013988 0.013500
0 0.810991 0.980938 0.009992 0.009750
0 0.674438 0.980313 0.011990 0.008250
0 0.567860 0.985750 0.033972 0.028500
0 0.534138 0.985375 0.046961 0.029250
0 0.618235 0.983125 0.016986 0.021000
0 0.343880 0.976562 0.011990 0.009750
0 0.297252 0.977500 0.031973 0.012000
0 0.982515 0.983125 0.034971 0.033750
0 0.146545 0.974375 0.015987 0.009000
0 0.316403 0.973750 0.011990 0.009000
0 0.388426 0.972187 0.018984 0.006750
0 0.819317 0.973437 0.013988 0.011250
0 0.785595 0.979062 0.042964 0.027750
0 0.505412 0.972812 0.017985 0.012750
0 0.872190 0.973437 0.026978 0.015750
0 0.993006 0.972187 0.013988 0.015750
0 0.710658 0.977812 0.036969 0.029250
0 0.653622 0.979375 0.027977 0.033000
0 0.517069 0.969063 0.013988 0.008250
0 0.794338 0.967187 0.011990 0.008250
0 0.733555 0.977875 0.033972 0.044250
0 0.635720 0.972812 0.034971 0.023250
0 0.236470 0.964688 0.015987 0.005250
0 0.052873 0.977125 0.046961 0.045750
0 0.605329 0.965313 0.011990 0.009750
0 0.575354 0.973437 0.061948 0.029250
0 0.808077 0.968125 0.028976 0.018000
0 0.544130 0.966875 0.010991 0.015000
0 0.304746 0.964063 0.013988 0.008250
0 0.029975 0.965938 0.011990 0.012750
0 0.399667 0.965000 0.013988 0.012000
0 0.684846 0.969375 0.026978 0.027000
0 0.414238 0.964063 0.022981 0.014250
0 0.907577 0.970625 0.025978 0.031500
0 0.861782 0.974500 0.089925 0.051000
0 0.768526 0.974500 0.049958 0.051000
0 0.429226 0.958750 0.012989 0.006000
0 0.561199 0.960313 0.015987 0.012750
0 0.841799 0.958438 0.017985 0.009750
0 0.989176 0.957500 0.013988 0.009000
0 0.538718 0.965625 0.033972 0.028500
0 0.478768 0.968750 0.051957 0.036000
0 0.342215 0.955000 0.011990 0.007500
0 0.679850 0.957812 0.010991 0.015750
0 0.960033 0.965625 0.037968 0.036000
0 0.927560 0.971562 0.053955 0.050250
0 0.587843 0.956875 0.015987 0.015000
0 0.228976 0.956250 0.021982 0.013500
0 0.703164 0.956875 0.018984 0.016500
0 0.566611 0.953750 0.016986 0.012000
0 0.440466 0.969375 0.035970 0.049500
0 0.049542 0.959688 0.036969 0.026250
0 0.538718 0.951562 0.017985 0.009750
0 0.805162 0.949688 0.017985 0.006750
0 0.653622 0.959375 0.053955 0.031500
0 0.201499 0.948125 0.011990 0.007500
0 0.909242 0.951250 0.037968 0.018000
0 0.523730 0.954375 0.019983 0.025500
0 0.608659 0.951250 0.039967 0.019500
0 0.787677 0.948125 0.021982 0.013500
0 0.771440 0.954688 0.044963 0.029250
0 0.032473 0.949063 0.027977 0.015750
0 0.952956 0.945937 0.006994 0.009750
0 0.976020 0.952812 0.047960 0.029250
0 0.819317 0.953750 0.047960 0.036000
0 0.021649 0.943438 0.017985 0.012750
0 0.472939 0.945312 0.037968 0.018750
0 0.709409 0.941875 0.013988 0.013500
0 0.400916 0.940312 0.014988 0.009750
0 0.317652 0.940625 0.016986 0.010500
0 0.176520 0.941562 0.017985 0.014250
0 0.830558 0.939688 0.012989 0.011250
0 0.194838 0.962812 0.101915 0.066750
0 0.453789 0.941250 0.023980 0.016500
0 0.186511 0.937500 0.015987 0.007500
0 0.278518 0.946875 0.036969 0.033000
0 0.909659 0.938125 0.034971 0.013500
0 0.874271 0.947812 0.043963 0.036750
0 0.535803 0.939063 0.016986 0.015750
0 0.805995 0.935937 0.009992 0.011250
0 0.637386 0.942500 0.040966 0.027000
0 0.501249 0.947500 0.035970 0.039000
0 0.794754 0.933125 0.008993 0.006000
0 0.941299 0.940000 0.052956 0.024000
0 0.570774 0.941875 0.050958 0.028500
0 0.182348 0.932187 0.015987 0.006750
0 0.320983 0.930937 0.016986 0.005250
0 0.049958 0.936875 0.011990 0.019500
0 0.021482 0.956875 0.042964 0.086250
0 0.955037 0.932500 0.019983 0.012000
0 0.669442 0.934688 0.025978 0.021750
0 0.989509 0.934063 0.020983 0.021750
0 0.651124 0.928438 0.009992 0.008250
0 0.534971 0.926875 0.012989 0.006000
0 0.298918 0.938438 0.033972 0.033750
0 0.146128 0.953438 0.076936 0.072750
0 0.696503 0.929375 0.012989 0.016500
0 0.967527 0.925625 0.013988 0.012000
0 0.932140 0.925937 0.016986 0.012750
0 0.626978 0.926562 0.017985 0.015750
0 0.060783 0.925000 0.019983 0.012000
0 0.684846 0.924063 0.012989 0.011250
0 0.665279 0.925625 0.015987 0.015000
0 0.883014 0.927500 0.028976 0.021000
0 0.758535 0.922813 0.011990 0.009750
0 0.158201 0.922500 0.009992 0.009000
0 0.569109 0.928125 0.028976 0.027000
0 0.243963 0.924063 0.037968 0.018750
0 0.235637 0.921562 0.021982 0.012750
0 0.654038 0.919687 0.018984 0.009750
0 0.120733 0.919063 0.011990 0.009750
0 0.418401 0.917500 0.014988 0.007500
0 0.813905 0.925625 0.046961 0.030000
0 0.280183 0.918125 0.018984 0.013500
0 0.074521 0.920312 0.018984 0.018750
0 0.051207 0.917500 0.022981 0.012000
0 0.776020 0.925937 0.035970 0.035250
0 0.890508 0.920312 0.026978 0.023250
0 0.746878 0.915937 0.009992 0.014250
0 0.792256 0.915312 0.036969 0.015750
0 0.407577 0.912813 0.016986 0.009750
0 0.915487 0.920937 0.030974 0.030750
0 0.895920 0.911875 0.013988 0.009000
0 0.770192 0.908750 0.015987 0.007500
0 0.104080 0.947500 0.125895 0.102000
0 0.031640 0.910000 0.023980 0.013500
0 0.994505 0.910312 0.010991 0.015750
0 0.587843 0.911875 0.029975 0.019500
0 0.855537 0.922500 0.056953 0.046500
0 0.632390 0.910625 0.020983 0.018000
0 0.723147 0.904687 0.010991 0.006750
0 0.425479 0.907813 0.025978 0.014250
0 0.314738 0.905312 0.015987 0.009750
0 0.558285 0.914062 0.034971 0.032250
0 0.393838 0.914062 0.025978 0.032250
0 0.125729 0.905625 0.009992 0.012000
0 0.762281 0.904375 0.024979 0.012000
0 0.732306 0.935937 0.070941 0.087750
0 0.348460 0.910937 0.056953 0.027750
0 0.092007 0.918125 0.036969 0.045000
0 0.427977 0.900937 0.017985 0.005250
0 0.825146 0.905312 0.021982 0.018750
0 0.648626 0.914062 0.025978 0.039750
0 0.910075 0.900625 0.011990 0.010500
0 0.790175 0.902188 0.023980 0.014250
0 0.265612 0.930312 0.159867 0.081750
0 0.936719 0.912500 0.055953 0.040500
0 0.700250 0.897813 0.011990 0.005250
0 0.950874 0.896250 0.015987 0.007500
0 0.421732 0.900312 0.034971 0.018750
0 0.355537 0.897813 0.011990 0.012750
0 0.746461 0.900312 0.030974 0.021750
0 0.115737 0.910312 0.045962 0.048750
0 0.069109 0.899375 0.017985 0.022500
0 0.660699 0.894062 0.010991 0.012750
0 0.938385 0.893125 0.023980 0.013500
0 0.974188 0.891875 0.013988 0.012000
0 0.426728 0.889687 0.016986 0.006750
0 0.211907 0.898438 0.034971 0.027750
0 0.877602 0.897188 0.053955 0.027750
0 0.639051 0.891250 0.018984 0.013500
0 0.229808 0.887813 0.011990 0.006750
0 0.912157 0.890938 0.032973 0.015750
0 0.609908 0.889375 0.016986 0.013500
0 0.960450 0.886875 0.012989 0.009000
0 0.847211 0.893750 0.032973 0.025500
0 0.830142 0.888437 0.011990 0.015750
0 0.806411 0.897188 0.034971 0.036750
0 0.982098 0.886563 0.012989 0.015750
0 0.171107 0.885312 0.010991 0.012750
0 0.973022 0.913750 0.053955 0.084000
0 0.544546 0.882188 0.011990 0.009750
0 0.643214 0.882500 0.022981 0.012000
0 0.073272 0.881563 0.017985 0.009750
0 0.895087 0.881875 0.031973 0.013500
0 0.705662 0.882188 0.008993 0.014250
0 0.985012 0.878750 0.011990 0.009000
0 0.693172 0.882188 0.018984 0.017250
0 0.614072 0.909687 0.058951 0.083250
0 0.023730 0.879687 0.008993 0.011250
0 0.810158 0.878125 0.029975 0.010500
0 0.779767 0.877812 0.014988 0.009750
0 0.947960 0.879687 0.024979 0.017250
0 0.740216 0.875938 0.007993 0.008250
0 0.975853 0.879062 0.013988 0.017250
0 0.895504 0.873750 0.016986 0.006000
0 0.750208 0.877500 0.013988 0.015000
0 0.634055 0.875313 0.014988 0.009750
0 0.552873 0.874687 0.013988 0.008250
0 0.729392 0.885625 0.039967 0.037500
0 0.711074 0.875000 0.011990 0.012000
0 0.362198 0.873750 0.017985 0.010500
0 0.664863 0.878125 0.024979 0.022500
0 0.294754 0.871875 0.013988 0.007500
0 0.169442 0.898438 0.100916 0.071250
0 0.118651 0.873125 0.012989 0.010500
0 0.092423 0.885625 0.043963 0.040500
0 0.407577 0.871250 0.022981 0.007500
0 0.912989 0.871875 0.018984 0.013500
0 0.318485 0.887188 0.108909 0.051750
0 0.703580 0.867812 0.009992 0.008250
0 0.043464 0.903750 0.086928 0.096000
0 0.769775 0.881563 0.046961 0.044250
0 0.430475 0.865625 0.011990 0.007500
0 0.421316 0.867188 0.013988 0.011250
0 0.960450 0.866563 0.020983 0.012750
0 0.681515 0.864375 0.012989 0.007500
0 0.308077 0.864062 0.015987 0.006750
0 0.108659 0.866250 0.012989 0.012000
0 0.545795 0.873125 0.076936 0.030000
0 0.931307 0.869375 0.028976 0.022500
0 0.878435 0.870000 0.035970 0.025500
0 0.725229 0.863125 0.011990 0.009000
0 0.070358 0.864062 0.028976 0.011250
0 0.256037 0.865938 0.014988 0.018750
0 0.792673 0.868437 0.029975 0.026250
0 0.581182 0.864688 0.019983 0.018750
0 0.016486 0.865938 0.032973 0.021750
0 0.904663 0.863125 0.026978 0.018000
0 0.348043 0.860625 0.023980 0.012000
0 0.366361 0.863125 0.017985 0.019500
0 0.758535 0.860938 0.039967 0.018750
0 0.313072 0.855000 0.013988 0.007500
0 0.208576 0.867188 0.022981 0.036750
0 0.838052 0.867188 0.070941 0.041250
0 0.922148 0.854375 0.016986 0.012000
0 0.895087 0.853750 0.015987 0.012000
0 0.742298 0.853437 0.012989 0.011250
0 0.449209 0.855313 0.038968 0.015750
0 0.996003 0.852187 0.007993 0.009750
0 0.731474 0.853125 0.010991 0.012000
0 0.009492 0.852812 0.018984 0.012750
0 0.522065 0.855938 0.027977 0.021750
0 0.813905 0.858437 0.038968 0.032250
0 0.982515 0.847187 0.009992 0.008250
0 0.872606 0.853750 0.021982 0.024000
0 0.542465 0.852187 0.026978 0.020250
0 0.787677 0.849375 0.019983 0.018000
0 0.311823 0.846562 0.012989 0.011250
0 0.064946 0.851250 0.027977 0.025500
0 0.967027 0.856563 0.065945 0.039750
0 0.859284 0.848125 0.023980 0.019500
0 0.438385 0.845000 0.024979 0.013500
0 0.514988 0.845938 0.036969 0.017250
0 0.882182 0.847187 0.014988 0.023250
0 0.957119 0.844063 0.016986 0.017250
0 0.941715 0.845313 0.019983 0.021750
0 0.161116 0.841562 0.024979 0.014250
0 0.816403 0.840313 0.014988 0.012750
0 0.988510 0.838437 0.022981 0.009750
0 0.925062 0.848750 0.041965 0.034500
0 0.891341 0.841250 0.014988 0.016500
0 0.793089 0.838437 0.010991 0.009750
0 0.654871 0.844063 0.022981 0.023250
0 0.034971 0.850938 0.069942 0.039750
0 0.617818 0.850313 0.063947 0.039750
0 0.286844 0.868437 0.134888 0.083250
0 0.007494 0.837187 0.014988 0.011250
0 0.513322 0.837187 0.012989 0.012750
0 0.314321 0.839063 0.014988 0.017250
0 0.870108 0.834688 0.011990 0.014250
0 0.296420 0.837187 0.019983 0.021750
0 0.118235 0.831875 0.011990 0.009000
0 0.992090 0.829375 0.014988 0.007500
0 0.016486 0.832500 0.032973 0.015000
0 0.653206 0.828438 0.012989 0.008250
0 0.885512 0.829688 0.022981 0.015750
0 0.947960 0.825937 0.010991 0.009750
0 0.843880 0.831875 0.028976 0.027000
0 0.121982 0.823750 0.032973 0.010500
0 0.483347 0.824375 0.026978 0.015000
0 0.194838 0.823750 0.023980 0.013500
0 0.409242 0.823750 0.032973 0.018000
0 0.397585 0.826250 0.026978 0.024000
0 0.967527 0.825313 0.029975 0.023250
0 0.421316 0.879375 0.225812 0.154500
0 0.644047 0.825313 0.066944 0.026250
0 0.569942 0.824375 0.026978 0.024000
0 0.704829 0.829063 0.118901 0.036750
0 0.692756 0.821875 0.017985 0.024000
0 0.924230 0.825000 0.067943 0.034500
0 0.980433 0.819063 0.024979 0.021750
0 0.636137 0.815625 0.015987 0.013500
0 0.404246 0.813750 0.026978 0.009000
0 0.188593 0.831250 0.072939 0.051000
0 0.658618 0.813125 0.021982 0.010500
0 0.894255 0.817187 0.021982 0.021750
0 0.562448 0.810937 0.020983 0.006750
0 0.150291 0.851562 0.200833 0.104250
0 0.011990 0.817500 0.023980 0.022500
0 0.861782 0.812500 0.011990 0.015000
0 0.681932 0.814688 0.029975 0.023250
0 0.195254 0.810937 0.028976 0.014250
0 0.239800 0.808750 0.009992 0.010500
0 0.876769 0.813438 0.021982 0.023250
0 0.092423 0.808750 0.017985 0.012000
0 0.101166 0.812187 0.018984 0.023250
0 0.272689 0.816250 0.030974 0.036000
0 0.987510 0.808438 0.024979 0.020250
0 0.915487 0.813125 0.044963 0.033000
0 0.718152 0.809063 0.034971 0.023250
0 0.592423 0.802813 0.014988 0.008250
0 0.932973 0.800625 0.010991 0.006000
0 0.597835 0.827187 0.089925 0.069750
0 0.246878 0.828438 0.092923 0.075750
0 0.651957 0.803125 0.021982 0.021000
0 0.793089 0.796250 0.014988 0.006000
0 0.273106 0.801875 0.015987 0.021000
0 0.749376 0.799687 0.013988 0.018750
0 0.460866 0.793125 0.028976 0.010500
0 0.647794 0.792188 0.023980 0.015750
0 0.693172 0.796250 0.036969 0.027000
0 0.414654 0.789375 0.009992 0.010500
0 0.104496 0.790000 0.014988 0.013500
0 0.581599 0.790625 0.016986 0.016500
0 0.249792 0.788438 0.009992 0.012750
0 0.428809 0.787500 0.007993 0.012000
0 0.825978 0.797188 0.075937 0.036750
0 0.546628 0.795937 0.036969 0.033750
0 0.472523 0.786250 0.010991 0.010500
0 0.979517 0.790312 0.040966 0.024750
0 0.621149 0.793750 0.069942 0.034500
0 0.727727 0.793125 0.041965 0.037500
0 0.515820 0.781250 0.010991 0.009000
0 0.828476 0.783438 0.017985 0.015750
0 0.786844 0.780625 0.019983 0.012000
0 0.932973 0.774687 0.020983 0.006750
0 0.057452 0.805625 0.114904 0.085500
0 0.067444 0.775625 0.015987 0.013500
0 0.555371 0.783438 0.075937 0.035250
0 0.550791 0.770938 0.016986 0.005250
0 0.247710 0.772188 0.018984 0.011250
0 0.820983 0.771563 0.017985 0.011250
0 0.786844 0.771563 0.027977 0.012750
0 0.881349 0.778125 0.100916 0.033000
0 0.255620 0.776250 0.031973 0.028500
0 0.052456 0.768750 0.013988 0.010500
0 0.269359 0.769687 0.008993 0.014250
0 0.516070 0.857125 1.000000 0.285750
0 0.425062 0.776563 0.032973 0.035250
0 0.141965 0.766563 0.024979 0.014250
0 0.857202 0.763437 0.026978 0.020250
0 0.606162 0.772500 0.059950 0.042000
0 0.142381 0.787500 0.101915 0.079500
0 0.069525 0.761875 0.024979 0.018000
0 0.118651 0.757500 0.016986 0.012000
0 0.910075 0.760000 0.021982 0.021000
0 0.710241 0.767188 0.031973 0.038250
0 0.768943 0.773750 0.068943 0.055500
0 0.885512 0.758750 0.038968 0.022500
0 0.104080 0.754687 0.015987 0.012750
0 0.925062 0.756875 0.021982 0.021000
0 0.619484 0.754687 0.011990 0.015750
0 0.991007 0.751563 0.017985 0.012750
0 0.801832 0.750625 0.009992 0.010500
0 0.223147 0.748125 0.015987 0.009000
0 0.820150 0.750000 0.019983 0.018000
0 0.203164 0.748750 0.029975 0.015000
0 0.010991 0.749375 0.021982 0.016500
0 0.897585 0.747188 0.019983 0.014250
0 0.088676 0.764375 0.048959 0.055500
0 0.266445 0.747812 0.013988 0.017250
0 0.760200 0.747812 0.023980 0.018750
0 0.808909 0.761875 0.026978 0.054000
0 0.035803 0.745313 0.033972 0.020250
0 0.009992 0.741875 0.019983 0.012000
0 0.992506 0.740625 0.014988 0.010500
0 0.963780 0.744687 0.030974 0.020250
0 0.217319 0.741563 0.015987 0.012750
0 0.468360 0.738437 0.016986 0.008250
0 0.235637 0.740938 0.025978 0.014250
0 0.112823 0.743125 0.020983 0.019500
0 0.761449 0.740000 0.020983 0.015000
0 0.129892 0.735625 0.009992 0.010500
0 0.067444 0.734688 0.011990 0.009750
0 0.830558 0.734688 0.018984 0.011250
0 0.896336 0.730625 0.018984 0.009000
0 0.983014 0.737812 0.033972 0.027750
0 0.461699 0.729688 0.012989 0.011250
0 0.830558 0.725938 0.010991 0.008250
0 0.738551 0.748125 0.053955 0.066000
0 0.886761 0.725625 0.013988 0.013500
0 0.780600 0.723437 0.014988 0.008250
0 0.005495 0.722500 0.010991 0.006000
0 0.993755 0.722812 0.010991 0.009750
0 0.318485 0.728750 0.028976 0.027000
0 0.201499 0.731250 0.051957 0.034500
0 0.262281 0.724375 0.013988 0.019500
0 0.090758 0.721875 0.013988 0.013500
0 0.815987 0.722812 0.029975 0.020250
0 0.075354 0.728437 0.034971 0.036750
0 0.050791 0.718125 0.015987 0.012000
0 0.044463 0.745313 0.088926 0.078750
0 0.783514 0.729688 0.051957 0.045750
0 0.338052 0.717500 0.039967 0.019500
0 0.008326 0.713750 0.013988 0.010500
0 0.927977 0.714063 0.010991 0.012750
0 0.729808 0.714688 0.012989 0.020250
0 0.360949 0.714063 0.028976 0.020250
0 0.980516 0.713125 0.038968 0.021000
0 0.207327 0.706875 0.015987 0.007500
0 0.120316 0.705937 0.008993 0.011250
0 0.902581 0.739062 0.193838 0.092250
0 0.041632 0.707812 0.023980 0.017250
0 0.865112 0.705937 0.025978 0.014250
0 0.417985 0.705000 0.027977 0.012000
0 0.688177 0.704688 0.022981 0.017250
0 0.828060 0.704375 0.032973 0.019500
0 0.698168 0.702500 0.016986 0.016500
0 0.382182 0.699375 0.011990 0.009000
0 0.849292 0.701562 0.015987 0.017250
0 0.280183 0.765000 0.316736 0.169500
0 0.996503 0.697500 0.006994 0.013500
0 0.020483 0.703125 0.040966 0.027000
0 0.444213 0.695000 0.010991 0.009000
0 0.527477 0.693750 0.010991 0.007500
0 0.246461 0.695937 0.029975 0.017250
0 0.128226 0.697812 0.017985 0.024750
0 0.985012 0.694688 0.021982 0.020250
0 0.092007 0.710313 0.060949 0.059250
0 0.956703 0.703125 0.043963 0.045000
0 0.042881 0.700000 0.076936 0.039000
0 0.409242 0.692187 0.030974 0.021750
0 0.070774 0.685000 0.013988 0.006000
0 0.556203 0.686562 0.009992 0.011250
0 0.708576 0.686250 0.015987 0.012000
0 0.879684 0.683438 0.014988 0.009750
0 0.588676 0.682813 0.011990 0.011250
0 0.107827 0.681562 0.014988 0.008250
0 0.568276 0.698125 0.116903 0.051000
0 0.684846 0.681562 0.012989 0.012750
0 0.938385 0.693125 0.063947 0.042000
0 0.089509 0.683750 0.032973 0.021000
0 0.014488 0.682813 0.028976 0.018750
0 0.028726 0.679688 0.010991 0.012750
0 0.057452 0.676875 0.007993 0.013500
0 0.116153 0.675000 0.018984 0.010500
0 0.125729 0.677188 0.015987 0.018750
0 0.474188 0.673750 0.022981 0.013500
0 0.961282 0.675937 0.068943 0.021750
0 0.075770 0.674375 0.033972 0.019500
0 0.908826 0.675625 0.022981 0.027000
0 0.032473 0.669375 0.013988 0.016500
0 0.883847 0.686875 0.070941 0.061500
0 0.562864 0.661875 0.013988 0.007500
0 0.039134 0.664687 0.013988 0.014250
0 0.657785 0.660312 0.015987 0.008250
0 0.536636 0.660000 0.014988 0.013500
0 0.577852 0.662500 0.027977 0.021000
0 0.007494 0.660000 0.013988 0.015000
0 0.490841 0.656875 0.014988 0.009000
0 0.883430 0.658125 0.031973 0.021000
0 0.565779 0.650625 0.010991 0.013500
0 0.250624 0.645625 0.013988 0.013500
0 0.656120 0.641563 0.017985 0.006750
0 0.995504 0.645000 0.008993 0.016500
0 0.268526 0.642500 0.008993 0.012000
0 0.863447 0.637813 0.015987 0.006750
0 0.987011 0.636250 0.025978 0.007500
0 0.735637 0.638125 0.010991 0.016500
0 0.885096 0.635000 0.037968 0.012000
0 0.622398 0.632188 0.016986 0.009750
0 0.753539 0.631563 0.021982 0.018750
0 0.013988 0.634687 0.027977 0.026250
0 0.971690 0.628437 0.009992 0.014250
0 0.900083 0.625000 0.009992 0.012000
0 0.605329 0.624375 0.013988 0.010500
0 0.951291 0.628125 0.038968 0.021000
0 0.139883 0.628750 0.025978 0.022500
0 0.506661 0.622188 0.012989 0.008250
0 0.986012 0.623437 0.027977 0.014250
0 0.733555 0.709375 0.299750 0.220500
0 0.065779 0.621563 0.013988 0.011250
0 0.595754 0.616875 0.010991 0.006000
0 0.986511 0.618437 0.026978 0.011250
0 0.879267 0.620313 0.033972 0.024750
0 0.658201 0.612500 0.008993 0.012000
0 0.612406 0.613750 0.016986 0.015000
0 0.731890 0.610313 0.007993 0.009750
0 0.623231 0.617188 0.024979 0.026250
0 0.589509 0.611563 0.037968 0.014250
0 0.828893 0.612187 0.016986 0.018750
0 0.177352 0.608437 0.011990 0.012750
0 0.983764 0.606250 0.016986 0.013500
0 0.994005 0.607812 0.011990 0.020250
0 0.739800 0.603750 0.010991 0.010500
0 0.231890 0.600313 0.016986 0.006750
0 0.937968 0.598125 0.016986 0.009000
0 0.118235 0.597812 0.009992 0.020250
0 0.942132 0.591875 0.014988 0.007500
0 0.951707 0.590938 0.009992 0.011250
0 0.782265 0.590938 0.012989 0.011250
0 0.906078 0.628750 0.187843 0.105000
0 0.005495 0.591250 0.010991 0.015000
0 0.852623 0.608750 0.057952 0.061500
0 0.432140 0.588125 0.007993 0.012000
0 0.186511 0.581562 0.013988 0.008250
0 0.517902 0.577500 0.017985 0.016500
0 0.090758 0.575000 0.015987 0.012000
0 0.271440 0.571875 0.015987 0.009000
0 0.238135 0.570000 0.007993 0.009000
0 0.569942 0.627188 0.236803 0.156750
0 0.091590 0.566875 0.021982 0.012000
0 0.054954 0.564688 0.015987 0.008250
0 0.995004 0.563750 0.009992 0.009000
0 0.880516 0.573438 0.028976 0.036750
0 0.866778 0.568750 0.029975 0.033000
0 0.830558 0.562500 0.028976 0.027000
0 0.954205 0.552813 0.025978 0.008250
0 0.235221 0.555000 0.014988 0.013500
0 0.795171 0.554063 0.011990 0.014250
0 0.010491 0.550625 0.020983 0.007500
0 0.182764 0.555000 0.016986 0.021000
0 0.044130 0.553438 0.027977 0.027750
0 0.967111 0.543438 0.026978 0.020250
0 0.159450 0.538750 0.008993 0.009000
0 0.122814 0.544375 0.026978 0.025500
0 0.277685 0.536250 0.010991 0.010500
0 0.985845 0.539062 0.023980 0.018750
0 0.212323 0.531563 0.009992 0.009750
0 0.022065 0.531250 0.022981 0.009000
0 0.007494 0.534062 0.014988 0.023250
0 0.042048 0.530625 0.044963 0.016500
0 0.208576 0.524375 0.010991 0.007500
0 0.515820 0.523750 0.020983 0.010500
0 0.131141 0.520625 0.014988 0.010500
0 0.113655 0.521250 0.024979 0.012000
0 0.974022 0.524062 0.051957 0.020250
0 0.667361 0.516563 0.014988 0.008250
0 0.992506 0.514375 0.014988 0.010500
0 0.375937 0.520312 0.028976 0.026250
0 0.024147 0.510938 0.011990 0.008250
0 0.186095 0.512500 0.012989 0.015000
0 0.047044 0.499688 0.012989 0.008250
0 0.371774 0.501563 0.016986 0.018750
0 0.940466 0.500313 0.026978 0.017250
0 0.177769 0.494063 0.014988 0.005250
0 0.344296 0.495312 0.008993 0.009750
0 0.541632 0.496250 0.012989 0.016500
0 0.515820 0.498437 0.022981 0.024750
0 0.935887 0.490000 0.025978 0.009000
0 0.289759 0.491563 0.015987 0.012750
0 0.219400 0.496250 0.014988 0.025500
0 0.389259 0.497812 0.022981 0.030750
0 0.600749 0.487187 0.010991 0.008250
0 0.006495 0.490625 0.012989 0.018000
0 0.693172 0.484375 0.014988 0.007500
0 0.102831 0.487812 0.034971 0.017250
0 0.484596 0.485938 0.009992 0.014250
0 0.660699 0.482500 0.010991 0.010500
0 0.723147 0.480625 0.020983 0.009000
0 0.327227 0.480625 0.013988 0.010500
0 0.243963 0.526563 0.097918 0.120750
0 0.707744 0.479063 0.015987 0.008250
0 0.605329 0.485312 0.079933 0.032250
0 0.341799 0.478125 0.014988 0.016500
0 0.992007 0.475000 0.015987 0.012000
0 0.024563 0.474062 0.008993 0.012750
0 0.379684 0.483125 0.023980 0.036000
0 0.704413 0.472500 0.029975 0.013500
0 0.506661 0.473125 0.018984 0.016500
0 0.642798 0.477812 0.037968 0.030750
0 0.993006 0.466875 0.013988 0.007500
0 0.102831 0.470625 0.024979 0.019500
0 0.757286 0.470000 0.040966 0.024000
0 0.932973 0.472187 0.040966 0.033750
0 0.945462 0.460000 0.018984 0.013500
0 0.585346 0.463438 0.039967 0.024750
0 0.013988 0.465938 0.027977 0.035250
0 0.373022 0.452813 0.039967 0.021750
0 0.920067 0.449062 0.035970 0.020250
0 0.262698 0.447500 0.018984 0.016500
0 0.929642 0.442188 0.020983 0.009750
0 0.386761 0.437188 0.020983 0.014250
0 0.009492 0.440937 0.018984 0.023250
0 0.079933 0.434375 0.019983 0.009000
0 0.827644 0.430312 0.019983 0.011250
0 0.795171 0.415625 0.013988 0.007500
0 0.363031 0.415312 0.015987 0.012750
0 0.821399 0.415938 0.038968 0.026250
0 0.263947 0.401875 0.017985 0.007500
0 0.751041 0.410625 0.037968 0.034500
0 0.005495 0.397500 0.010991 0.015000
0 0.845962 0.396875 0.023980 0.016500
0 0.410908 0.400938 0.070941 0.033750
0 0.175687 0.390000 0.013988 0.012000
0 0.191091 0.395000 0.038968 0.027000
0 0.442964 0.386562 0.031973 0.020250
0 0.041465 0.405938 0.082931 0.068250
0 0.985512 0.388125 0.028976 0.039000
0 0.176520 0.377500 0.025978 0.015000
0 0.975021 0.372500 0.017985 0.007500
0 0.861782 0.372812 0.019983 0.009750
0 0.766861 0.373750 0.013988 0.012000
0 0.391341 0.370625 0.013988 0.010500
0 0.731890 0.371250 0.029975 0.018000
0 0.239800 0.381563 0.067943 0.053250
0 0.304330 0.362500 0.016986 0.016500
0 0.934221 0.359063 0.017985 0.009750
0 0.267277 0.358438 0.017985 0.009750
0 0.898834 0.358750 0.012989 0.013500
0 0.023480 0.363750 0.046961 0.034500
0 0.834721 0.355000 0.014988 0.016500
0 0.212323 0.351250 0.021982 0.018000
0 0.039967 0.346562 0.011990 0.009750
0 0.354288 0.348750 0.034971 0.016500
0 0.197336 0.360000 0.043963 0.052500
0 0.928393 0.344687 0.041965 0.024750
0 0.073272 0.335313 0.013988 0.009750
0 0.161948 0.337813 0.028976 0.018750
0 0.181932 0.333437 0.024979 0.009750
0 0.508743 0.331562 0.013988 0.014250
0 0.919567 0.412813 0.160866 0.215250
0 0.405079 0.331562 0.030974 0.024750
0 0.459201 0.326250 0.022981 0.018000
0 0.305995 0.321562 0.010991 0.009750
0 0.255204 0.316250 0.016986 0.009000
0 0.496253 0.316250 0.017985 0.010500
0 0.986678 0.313125 0.011990 0.010500
0 0.949209 0.318750 0.073938 0.031500
0 0.926728 0.307500 0.011990 0.013500
0 0.861366 0.301563 0.018984 0.008250
0 0.853455 0.299063 0.019983 0.006750
0 0.303081 0.300938 0.013988 0.014250
0 0.132806 0.299687 0.026978 0.012750
0 0.984013 0.303750 0.031973 0.027000
0 0.988010 0.292812 0.023980 0.008250
0 0.038968 0.320937 0.077935 0.080250
0 0.512073 0.293125 0.013988 0.015000
0 0.303913 0.290938 0.017985 0.011250
0 0.407161 0.289375 0.011990 0.009000
0 0.864280 0.290000 0.025978 0.019500
0 0.386345 0.286875 0.009992 0.012000
0 0.172773 0.306563 0.096919 0.062250
0 0.245629 0.319063 0.137885 0.096750
0 0.206911 0.290312 0.064946 0.035250
0 0.865945 0.280313 0.015987 0.012750
0 0.474188 0.278750 0.020983 0.009000
0 0.176520 0.278438 0.017985 0.008250
0 0.252290 0.277813 0.011990 0.009750
0 0.096170 0.281562 0.020983 0.018750
0 0.465029 0.282500 0.018984 0.022500
0 0.063281 0.275938 0.015987 0.011250
0 0.955870 0.280000 0.025978 0.025500
0 0.290591 0.281875 0.059950 0.042000
0 0.231474 0.269375 0.013988 0.016500
0 0.833056 0.267188 0.034971 0.015750
0 0.902998 0.265313 0.018984 0.015750
0 0.310158 0.263750 0.024979 0.012000
0 0.286012 0.266250 0.046961 0.019500
0 0.972523 0.260937 0.017985 0.017250
0 0.979517 0.270937 0.040966 0.044250
0 0.228143 0.256250 0.015987 0.012000
0 0.352206 0.262500 0.035970 0.030000
0 0.105745 0.256875 0.011990 0.016500
0 0.278934 0.253750 0.015987 0.012000
0 0.248127 0.251875 0.017985 0.012000
0 0.199833 0.262188 0.059950 0.038250
0 0.132806 0.262813 0.048959 0.039750
0 0.393006 0.252188 0.013988 0.017250
0 0.295171 0.249062 0.018984 0.009750
0 0.989509 0.246562 0.020983 0.015750
0 0.180266 0.242188 0.010991 0.011250
0 0.946711 0.247188 0.025978 0.026250
0 0.124063 0.239687 0.011990 0.012750
0 0.247294 0.239375 0.027977 0.015000
0 0.114072 0.235000 0.011990 0.010500
0 0.437136 0.233125 0.007993 0.007500
0 0.131557 0.231875 0.023980 0.006000
0 0.089425 0.280625 0.178851 0.123000
0 0.076603 0.231250 0.009992 0.009000
0 0.628643 0.232500 0.031973 0.024000
0 0.087427 0.233750 0.017985 0.028500
0 0.485845 0.224375 0.014988 0.012000
0 0.255204 0.222500 0.016986 0.007500
0 0.098668 0.225000 0.040966 0.021000
0 0.984180 0.222500 0.027977 0.019500
0 0.208993 0.218438 0.017985 0.009750
0 0.988343 0.216562 0.011990 0.009750
0 0.389259 0.216250 0.016986 0.009000
0 0.229392 0.215625 0.010991 0.009000
0 0.024147 0.216250 0.021982 0.010500
0 0.107827 0.215938 0.014988 0.011250
0 0.042048 0.213750 0.010991 0.010500
0 0.249376 0.214375 0.020983 0.018000
0 0.440883 0.209375 0.032973 0.013500
0 0.027477 0.208125 0.023980 0.015000
0 0.010991 0.205625 0.021982 0.025500
0 0.236470 0.202187 0.031973 0.018750
0 0.943797 0.194688 0.018984 0.008250
0 0.524147 0.195937 0.016986 0.011250
0 0.504580 0.193750 0.011990 0.007500
0 0.212323 0.236563 0.125895 0.113250
0 0.498335 0.203437 0.050958 0.036750
0 0.201499 0.190625 0.011990 0.010500
0 0.740633 0.189688 0.010991 0.009750
0 0.023314 0.189688 0.009992 0.014250
0 0.219400 0.190312 0.030974 0.018750
0 0.005995 0.189062 0.011990 0.021750
0 0.962531 0.185312 0.017985 0.017250
0 0.044963 0.197187 0.039967 0.047250
0 0.109492 0.180938 0.010991 0.009750
0 0.667361 0.177187 0.016986 0.012750
0 0.328060 0.179063 0.025978 0.017250
0 0.302248 0.173125 0.013988 0.006000
0 0.386345 0.174375 0.011990 0.019500
0 0.105329 0.170313 0.008993 0.009750
0 0.940050 0.176875 0.043963 0.034500
0 0.434221 0.166875 0.016986 0.010500
0 0.189009 0.168437 0.033972 0.017250
0 0.167361 0.169687 0.021982 0.021750
0 0.203164 0.162188 0.013988 0.009750
0 0.161948 0.161250 0.012989 0.007500
0 0.988510 0.159688 0.022981 0.017250
0 0.651957 0.159062 0.017985 0.015750
0 0.965029 0.182500 0.069942 0.073500
0 0.109492 0.158125 0.018984 0.018000
0 0.011990 0.154688 0.023980 0.014250
0 0.181515 0.151875 0.011990 0.010500
0 0.719817 0.151875 0.012989 0.013500
0 0.204829 0.150938 0.019983 0.012750
0 0.293922 0.174063 0.153872 0.069750
0 0.052873 0.153438 0.014988 0.020250
0 0.975853 0.149375 0.011990 0.015000
0 0.156953 0.150000 0.024979 0.018000
0 0.076187 0.155938 0.046961 0.036750
0 0.142798 0.144063 0.010991 0.009750
0 0.117818 0.144687 0.010991 0.011250
0 0.123231 0.143750 0.011990 0.010500
0 0.667777 0.143750 0.013988 0.012000
0 0.101582 0.142187 0.025978 0.009750
0 0.988010 0.144687 0.023980 0.020250
0 0.007910 0.142187 0.014988 0.014250
0 0.192340 0.144063 0.013988 0.023250
0 0.774355 0.140000 0.013988 0.015000
0 0.078684 0.135313 0.014988 0.006750
0 0.055371 0.138750 0.034971 0.016500
0 0.184846 0.134063 0.013988 0.008250
0 0.129892 0.135000 0.021982 0.010500
0 0.838884 0.135000 0.010991 0.012000
0 0.316819 0.133125 0.016986 0.012000
0 0.928809 0.131562 0.008993 0.012750
0 0.171107 0.128125 0.018984 0.009000
0 0.951707 0.127188 0.017985 0.009750
0 0.047960 0.158438 0.095920 0.084750
0 0.850958 0.132500 0.025978 0.024000
0 0.305995 0.126562 0.018984 0.009750
0 0.073272 0.125000 0.015987 0.006000
0 0.040799 0.125938 0.017985 0.009750
0 0.124480 0.125000 0.006994 0.010500
0 0.285595 0.123750 0.017985 0.009000
0 0.195254 0.125938 0.016986 0.017250
0 0.850125 0.123750 0.009992 0.013500
0 0.670691 0.121250 0.022981 0.010500
0 0.057036 0.122500 0.018984 0.018000
0 0.347211 0.124688 0.031973 0.024750
0 0.184846 0.116875 0.011990 0.006000
0 0.042465 0.115625 0.019983 0.006000
0 0.101582 0.124063 0.025978 0.030750
0 0.991507 0.113437 0.016986 0.008250
0 0.781848 0.115625 0.019983 0.015000
0 0.211490 0.114062 0.013988 0.011250
0 0.348460 0.110937 0.008993 0.008250
0 0.066195 0.111562 0.012989 0.009750
0 0.825146 0.115625 0.039967 0.025500
0 0.175687 0.108438 0.013988 0.008250
0 0.023314 0.118750 0.027977 0.036000
0 0.773938 0.106563 0.010991 0.008250
0 0.762698 0.105000 0.009992 0.006000
0 0.661532 0.107500 0.014988 0.012000
0 0.148210 0.119063 0.057952 0.039750
0 0.720649 0.105625 0.016986 0.009000
0 0.964530 0.130625 0.070941 0.070500
0 0.275604 0.105000 0.011990 0.009000
0 0.119484 0.108750 0.034971 0.018000
0 0.088676 0.109687 0.048959 0.023250
0 0.052040 0.103438 0.014988 0.011250
0 0.140300 0.102813 0.016986 0.011250
0 0.666528 0.102188 0.016986 0.011250
0 0.293505 0.109375 0.044963 0.030000
0 0.939217 0.100625 0.015987 0.010500
0 0.396336 0.102188 0.019983 0.014250
0 0.042048 0.103125 0.020983 0.022500
0 0.099084 0.099062 0.017985 0.014250
0 0.537469 0.097812 0.018984 0.012750
0 0.213156 0.100312 0.041965 0.018750
0 0.368859 0.108750 0.041965 0.040500
0 0.869276 0.097187 0.015987 0.014250
0 0.291007 0.094062 0.018984 0.008250
0 0.129892 0.095312 0.009992 0.012750
0 0.880100 0.094375 0.011990 0.012000
0 0.220233 0.092188 0.016986 0.006750
0 0.369276 0.093438 0.018984 0.011250
0 0.336803 0.091563 0.010991 0.008250
0 0.383430 0.094062 0.014988 0.015750
0 0.335970 0.104688 0.034971 0.042750
0 0.273106 0.091875 0.037968 0.018000
0 0.461282 0.085938 0.015987 0.006750
0 0.265612 0.086250 0.017985 0.007500
0 0.989509 0.095937 0.020983 0.032250
0 0.194005 0.099687 0.033972 0.041250
0 0.429226 0.095937 0.066944 0.033750
0 0.305162 0.097187 0.030974 0.036750
0 0.239800 0.098437 0.049958 0.039750
0 0.295171 0.086563 0.014988 0.012750
0 0.238551 0.085312 0.010991 0.009750
0 0.161116 0.090938 0.038968 0.023250
0 0.021982 0.097500 0.043963 0.039000
0 0.666528 0.083750 0.012989 0.009000
0 0.044546 0.088125 0.042964 0.021000
0 0.206078 0.084375 0.018984 0.013500
0 0.050791 0.083750 0.013988 0.013500
0 0.083680 0.091250 0.048959 0.033000
0 0.510408 0.080312 0.021982 0.012750
0 0.595754 0.077813 0.012989 0.008250
0 0.007494 0.081250 0.014988 0.019500
0 0.875520 0.078125 0.014988 0.013500
0 0.418818 0.076250 0.015987 0.009000
0 0.038301 0.077188 0.015987 0.011250
0 0.274355 0.076250 0.026978 0.016500
0 0.351790 0.080000 0.034971 0.027000
0 0.321815 0.072188 0.014988 0.008250
0 0.056619 0.071875 0.021982 0.010500
0 0.792673 0.071250 0.013988 0.010500
0 0.325978 0.081250 0.020983 0.034500
0 0.204829 0.077813 0.059950 0.027750
0 0.773938 0.083750 0.030974 0.043500
0 0.176520 0.070938 0.013988 0.012750
0 0.971024 0.083437 0.057952 0.044250
0 0.715237 0.086875 0.115903 0.052500
0 0.044963 0.069062 0.011990 0.009750
0 0.523314 0.073438 0.018984 0.023250
0 0.750208 0.068437 0.021982 0.012750
0 0.029142 0.066875 0.029975 0.010500
0 0.357619 0.065625 0.016986 0.009000
0 0.226478 0.067500 0.025978 0.013500
0 0.160283 0.071250 0.032973 0.022500
0 0.764363 0.068125 0.021982 0.016500
0 0.341799 0.063750 0.016986 0.009000
0 0.737719 0.063750 0.013988 0.010500
0 0.204413 0.062812 0.020983 0.008250
0 0.181932 0.062812 0.016986 0.008250
0 0.801415 0.062812 0.014988 0.011250
0 0.536220 0.061562 0.015987 0.014250
0 0.369692 0.060000 0.017985 0.013500
0 0.134471 0.078750 0.074938 0.058500
0 0.977102 0.059062 0.012989 0.012750
0 0.078684 0.068125 0.076936 0.036000
0 0.011490 0.060937 0.022981 0.018750
0 0.731474 0.056563 0.014988 0.011250
0 0.436303 0.054062 0.015987 0.005250
0 0.390508 0.057188 0.025978 0.012750
0 0.584097 0.056250 0.012989 0.013500
0 0.666944 0.065312 0.095920 0.036750
0 0.714821 0.056875 0.012989 0.021000
0 0.136553 0.056250 0.021982 0.019500
0 0.077852 0.052187 0.016986 0.009750
0 0.574105 0.053750 0.012989 0.015000
0 0.511241 0.057188 0.021982 0.023250
0 0.703997 0.049063 0.012989 0.008250
0 0.015404 0.050000 0.008993 0.010500
0 0.300583 0.062812 0.059950 0.047250
0 0.092007 0.046562 0.016986 0.008250
0 0.074105 0.046562 0.019983 0.008250
0 0.563281 0.046875 0.014988 0.010500
0 0.721066 0.044687 0.011990 0.006750
0 0.601582 0.046875 0.020983 0.012000
0 0.394255 0.046875 0.022981 0.012000
0 0.931307 0.042188 0.010991 0.008250
0 0.303913 0.042188 0.013988 0.009750
0 0.024563 0.044375 0.016986 0.016500
0 0.341382 0.040625 0.019983 0.009000
0 0.743131 0.050937 0.036969 0.035250
0 0.145296 0.045625 0.022981 0.022500
0 0.114072 0.053750 0.035970 0.042000
0 0.906744 0.038437 0.013988 0.006750
0 0.317652 0.039688 0.018984 0.009750
0 0.059534 0.039688 0.010991 0.009750
0 0.897169 0.043125 0.016986 0.019500
0 0.529559 0.043750 0.025978 0.021000
0 0.081182 0.037812 0.022981 0.009750
0 0.187344 0.043125 0.047960 0.027000
0 0.923813 0.033750 0.018984 0.009000
0 0.449209 0.042500 0.016986 0.030000
0 0.937552 0.033438 0.011990 0.009750
0 0.363863 0.032188 0.011990 0.006750
0 0.253539 0.055000 0.076936 0.063000
0 0.838884 0.034063 0.012989 0.014250
0 0.379684 0.030937 0.011990 0.006750
0 0.094088 0.031875 0.021982 0.009000
0 0.408826 0.032500 0.009992 0.012000
0 0.162365 0.028438 0.019983 0.011250
0 0.154871 0.038750 0.037968 0.036000
0 0.672356 0.034063 0.024979 0.026250
0 0.913822 0.027187 0.012989 0.015750
0 0.547460 0.040625 0.038968 0.048000
0 0.218568 0.040625 0.062948 0.048000
0 0.078268 0.029687 0.061948 0.021750
0 0.991507 0.025313 0.016986 0.014250
0 0.682764 0.027500 0.011990 0.019500
0 0.219400 0.023750 0.014988 0.010500
0 0.203997 0.025313 0.019983 0.014250
0 0.398418 0.026562 0.042964 0.018750
0 0.837635 0.020000 0.015987 0.004500
0 0.529559 0.026875 0.013988 0.021000
0 0.370525 0.024375 0.013988 0.015000
0 0.515820 0.022500 0.016986 0.013500
0 0.012490 0.024688 0.021982 0.021750
0 0.547044 0.016563 0.021982 0.006750
0 0.496669 0.016875 0.012989 0.007500
0 0.442548 0.053750 0.182848 0.096000
0 0.818901 0.018437 0.024979 0.012750
0 0.524147 0.017188 0.010991 0.009750
0 0.387177 0.016875 0.015987 0.009000
0 0.079933 0.017500 0.017985 0.010500
0 0.400500 0.016250 0.013988 0.009000
0 0.195254 0.017188 0.018984 0.011250
0 0.925062 0.019062 0.025978 0.020250
0 0.258951 0.021562 0.037968 0.026250
0 0.729808 0.016250 0.012989 0.015000
0 0.064530 0.016250 0.010991 0.015000
0 0.779767 0.012188 0.016986 0.008250
0 0.092839 0.015000 0.018984 0.015000
0 0.278934 0.017500 0.019983 0.024000
0 0.237302 0.014063 0.039967 0.015750
0 0.141965 0.012500 0.010991 0.012000
0 0.477519 0.011875 0.012989 0.012000
0 0.464197 0.011875 0.016986 0.015000
0 0.459201 0.020313 0.040966 0.035250
0 0.171940 0.018437 0.034971 0.030750
0 0.520400 0.008438 0.017985 0.011250
0 0.506661 0.008438 0.012989 0.011250
0 0.940050 0.011875 0.043963 0.021000
0 0.636969 0.011625 0.027977 0.023250
0 0.495420 0.007500 0.023980 0.015000
0 0.389675 0.007875 0.027977 0.015750
0 0.123231 0.024000 0.045962 0.048000
0 0.984596 0.008625 0.012989 0.017250
0 0.903830 0.003000 0.020983 0.006000
0 0.600000 0.513750 1.000000 1.000000
0 0.515570 0.168000 1.000000 0.336000
0 0.765196 0.009375 0.037968 0.018750
0 0.728976 0.012375 0.024979 0.024750
0 0.697336 0.014625 0.026978 0.029250
0 0.676520 0.010875 0.028976 0.021750
0 0.654455 0.010125 0.027977 0.020250
0 0.599917 0.029250 0.100916 0.058500
0 0.574938 0.006750 0.020983 0.013500
0 0.537885 0.010500 0.049958 0.021000
0 0.459201 0.004875 0.018984 0.009750
0 0.424646 0.013500 0.031973 0.027000
0 0.339717 0.035250 0.141882 0.070500
0 0.267277 0.005250 0.013988 0.010500
0 0.257702 0.008250 0.022981 0.016500
0 0.218984 0.003750 0.011990 0.007500
0 0.187344 0.004500 0.033972 0.009000
0 0.127394 0.004125 0.013988 0.008250
0 0.106162 0.008250 0.034971 0.016500
0 0.085346 0.005250 0.014988 0.010500
0 0.041465 0.037875 0.082931 0.075750
