0 0.571484 0.993750 0.017813 0.012500
0 0.242969 0.993750 0.016875 0.012500
0 0.475391 0.991875 0.017813 0.016250
0 0.933594 0.991250 0.022500 0.017500
0 0.602734 0.990104 0.014063 0.011250
0 0.403125 0.991250 0.016875 0.017500
0 0.982422 0.990625 0.017813 0.018750
0 0.127734 0.990625 0.019688 0.018750
0 0.420703 0.988750 0.015938 0.022500
0 0.429297 0.988125 0.010312 0.023750
0 0.587109 0.987500 0.012188 0.025000
0 0.667969 0.988021 0.015000 0.023750
0 0.519531 0.986250 0.046875 0.027500
0 0.491406 0.987500 0.015000 0.025000
0 0.634766 0.985000 0.047812 0.030000
0 0.140234 0.982812 0.014063 0.018750
0 0.785937 0.984375 0.022500 0.031250
0 0.278516 0.984375 0.021562 0.031250
0 0.598437 0.979167 0.018750 0.017500
0 0.457813 0.980729 0.009375 0.021250
0 0.103125 0.979688 0.009375 0.018750
0 0.771875 0.981875 0.016875 0.036250
0 0.713281 0.981875 0.035625 0.036250
0 0.580078 0.979688 0.017813 0.026250
0 0.835547 0.978646 0.023438 0.028750
0 0.726172 0.970833 0.014063 0.012500
0 0.820312 0.979688 0.016875 0.036250
0 0.571094 0.971354 0.015000 0.016250
0 0.810547 0.969271 0.012188 0.016250
0 0.663281 0.970313 0.020625 0.018750
0 0.511328 0.968750 0.015938 0.015000
0 0.371875 0.969792 0.013125 0.017500
0 0.316797 0.977500 0.055313 0.045000
0 0.621094 0.967708 0.016875 0.015000
0 0.645703 0.966667 0.017813 0.025000
0 0.466406 0.963021 0.015000 0.016250
0 0.338672 0.961458 0.015938 0.012500
0 0.683984 0.974375 0.023438 0.051250
0 0.447656 0.962500 0.022500 0.020000
0 0.387500 0.972500 0.106875 0.055000
0 0.312891 0.962500 0.010312 0.020000
0 0.522266 0.963021 0.015938 0.026250
0 0.753516 0.970000 0.045937 0.060000
0 0.550391 0.960417 0.010312 0.025000
0 0.291797 0.954688 0.012188 0.011250
0 0.829688 0.958333 0.007500 0.022500
0 0.677344 0.955729 0.011250 0.018750
0 0.610547 0.954167 0.015938 0.015000
0 0.537109 0.961458 0.019688 0.035000
0 0.860156 0.959375 0.018750 0.032500
0 0.586719 0.958333 0.041250 0.030000
0 0.431250 0.952604 0.015000 0.016250
0 0.359766 0.955208 0.014063 0.022500
0 0.796875 0.950521 0.016875 0.013750
0 0.645703 0.952604 0.015938 0.018750
0 0.688672 0.951042 0.012188 0.017500
0 0.480469 0.959375 0.016875 0.037500
0 0.462891 0.948958 0.014063 0.017500
0 0.627734 0.947396 0.012188 0.021250
0 0.821875 0.951042 0.015000 0.032500
0 0.619922 0.948438 0.010312 0.026250
0 0.807813 0.946354 0.020625 0.023750
0 0.497266 0.946875 0.010312 0.025000
0 0.442188 0.944271 0.015000 0.018750
0 0.358203 0.943229 0.006563 0.018750
0 0.419531 0.942187 0.011250 0.018750
0 0.789844 0.959375 0.052500 0.081250
0 0.350391 0.944271 0.010312 0.028750
0 0.518359 0.937500 0.015938 0.017500
0 0.885547 0.936458 0.008437 0.017500
0 0.595703 0.939063 0.015938 0.023750
0 0.720703 0.947917 0.055313 0.050000
0 0.688281 0.934896 0.009375 0.018750
0 0.677734 0.932292 0.014063 0.012500
0 0.662891 0.941146 0.029062 0.033750
0 0.482031 0.940625 0.026250 0.037500
0 0.853906 0.945312 0.052500 0.053750
0 0.753516 0.938021 0.021562 0.036250
0 0.628906 0.929688 0.013125 0.018750
0 0.662500 0.925521 0.015000 0.016250
0 0.544531 0.951250 0.103125 0.097500
0 0.527344 0.923958 0.020625 0.015000
0 0.451562 0.929167 0.033750 0.030000
0 0.728516 0.921354 0.012188 0.013750
0 0.771094 0.917188 0.011250 0.011250
0 0.742188 0.915625 0.009375 0.012500
0 0.617969 0.921354 0.015000 0.026250
0 0.701953 0.921875 0.021562 0.030000
0 0.459375 0.920312 0.035625 0.026250
0 0.668750 0.916146 0.011250 0.018750
0 0.275781 0.916146 0.016875 0.018750
0 0.528516 0.913542 0.012188 0.015000
0 0.473828 0.913542 0.010312 0.020000
0 0.385937 0.936979 0.088125 0.076250
0 0.869922 0.918750 0.029062 0.035000
0 0.807031 0.921875 0.039375 0.042500
0 0.904297 0.914583 0.040313 0.030000
0 0.861328 0.908333 0.010312 0.015000
0 0.682422 0.910417 0.010312 0.020000
0 0.803516 0.905729 0.012188 0.011250
0 0.705859 0.906250 0.014063 0.012500
0 0.587109 0.915625 0.025312 0.037500
0 0.783984 0.911979 0.029062 0.031250
0 0.723437 0.911458 0.024375 0.030000
0 0.480469 0.905208 0.007500 0.015000
0 0.847266 0.910417 0.021562 0.030000
0 0.557031 0.908854 0.052500 0.031250
0 0.490625 0.909896 0.022500 0.033750
0 0.641406 0.911458 0.028125 0.040000
0 0.609766 0.916667 0.027187 0.055000
0 0.501953 0.900000 0.014063 0.015000
0 0.626563 0.897396 0.020625 0.018750
0 0.525781 0.896875 0.016875 0.017500
0 0.901563 0.899479 0.043125 0.026250
0 0.701562 0.897917 0.026250 0.030000
0 0.675391 0.892188 0.012188 0.016250
0 0.412891 0.889062 0.014063 0.011250
0 0.462891 0.894792 0.034687 0.030000
0 0.988281 0.893750 0.023438 0.032500
0 0.823047 0.890104 0.008437 0.026250
0 0.533203 0.886458 0.019688 0.017500
0 0.318359 0.883333 0.014063 0.010000
0 0.428516 0.912500 0.036562 0.082500
0 0.658594 0.892188 0.024375 0.036250
0 0.716406 0.881250 0.015000 0.012500
0 0.598437 0.889583 0.015000 0.032500
0 0.574219 0.881771 0.018750 0.013750
0 0.850000 0.881250 0.020625 0.015000
0 0.325781 0.890104 0.018750 0.036250
0 0.750000 0.896354 0.050625 0.053750
0 0.492188 0.881771 0.013125 0.021250
0 0.834375 0.897917 0.022500 0.062500
0 0.805078 0.880729 0.010312 0.021250
0 0.700000 0.878125 0.013125 0.015000
0 0.509375 0.881771 0.026250 0.023750
0 0.483203 0.882812 0.008437 0.026250
0 0.446484 0.878646 0.017813 0.016250
0 0.933594 0.884375 0.016875 0.032500
0 0.872656 0.885938 0.026250 0.036250
0 0.310156 0.876042 0.018750 0.012500
0 0.551172 0.882292 0.019688 0.030000
0 0.781641 0.883333 0.023438 0.035000
0 0.896875 0.875000 0.015000 0.022500
0 0.288672 0.885417 0.030937 0.047500
0 0.989062 0.870833 0.011250 0.015000
0 0.333594 0.867708 0.016875 0.020000
0 0.549219 0.864583 0.009375 0.015000
0 0.321484 0.867708 0.014063 0.022500
0 0.524219 0.870833 0.011250 0.035000
0 0.941797 0.869271 0.017813 0.033750
0 0.914844 0.874479 0.031875 0.046250
0 0.487891 0.862500 0.012188 0.017500
0 0.799609 0.863021 0.017813 0.021250
0 0.537500 0.864583 0.013125 0.027500
0 0.019141 0.859375 0.014063 0.015000
0 0.500000 0.867188 0.013125 0.038750
0 0.693359 0.859896 0.015938 0.023750
0 0.946484 0.855208 0.017813 0.015000
0 0.858203 0.857292 0.012188 0.020000
0 0.415625 0.865625 0.026250 0.040000
0 0.911719 0.855729 0.013125 0.018750
0 0.676172 0.869271 0.042188 0.051250
0 0.902031 0.907500 0.195937 0.185000
0 0.573828 0.859896 0.019688 0.033750
0 0.559375 0.857292 0.009375 0.027500
0 0.817578 0.846875 0.029062 0.015000
0 0.710156 0.852604 0.016875 0.028750
0 0.639844 0.853125 0.018750 0.030000
0 0.624609 0.869792 0.072187 0.070000
0 0.034766 0.864062 0.023438 0.056250
0 0.968750 0.850000 0.024375 0.025000
0 0.732422 0.842187 0.012188 0.013750
0 0.875391 0.850521 0.051562 0.038750
0 0.720313 0.841667 0.016875 0.017500
0 0.554297 0.839583 0.012188 0.012500
0 0.519922 0.844271 0.038437 0.023750
0 0.341406 0.895833 0.153750 0.150000
0 0.313672 0.854688 0.066562 0.051250
0 0.277344 0.854167 0.024375 0.050000
0 0.781250 0.849479 0.022500 0.041250
0 0.742969 0.856771 0.075000 0.058750
0 0.250781 0.857292 0.033750 0.060000
0 0.543359 0.842708 0.021562 0.027500
0 0.431250 0.843229 0.013125 0.028750
0 0.394141 0.847917 0.019688 0.040000
0 0.652344 0.843229 0.028125 0.031250
0 0.462109 0.850521 0.044062 0.048750
0 0.486719 0.835417 0.013125 0.015000
0 0.980078 0.833854 0.012188 0.013750
0 0.685156 0.836458 0.013125 0.020000
0 0.408984 0.835417 0.019688 0.017500
0 0.925391 0.837500 0.019688 0.032500
0 0.831641 0.830729 0.015938 0.016250
0 0.285938 0.833333 0.022500 0.022500
0 0.744531 0.832812 0.011250 0.023750
0 0.700391 0.833333 0.017813 0.025000
0 0.964844 0.829688 0.009375 0.018750
0 0.382812 0.838542 0.024375 0.040000
0 0.885156 0.832292 0.030000 0.027500
0 0.625391 0.830729 0.029062 0.023750
0 0.272266 0.826562 0.014063 0.013750
0 0.834375 0.847396 0.060000 0.066250
0 0.775391 0.821875 0.010312 0.015000
0 0.716797 0.823438 0.023438 0.018750
0 0.981250 0.820312 0.013125 0.016250
0 0.593359 0.833333 0.032813 0.047500
0 0.740625 0.818229 0.013125 0.016250
0 0.964453 0.815104 0.014063 0.011250
0 0.272656 0.814063 0.009375 0.011250
0 0.247266 0.821354 0.034687 0.028750
0 0.609766 0.815625 0.008437 0.017500
0 0.698438 0.815625 0.016875 0.020000
0 0.835938 0.816667 0.028125 0.025000
0 0.755078 0.817708 0.010312 0.030000
0 0.553125 0.818750 0.024375 0.035000
0 0.443359 0.810937 0.012188 0.016250
0 0.296484 0.810937 0.019688 0.016250
0 0.261719 0.810417 0.013125 0.015000
0 0.398047 0.813021 0.027187 0.028750
0 0.991797 0.809896 0.015938 0.023750
0 0.968750 0.807813 0.024375 0.018750
0 0.709766 0.807292 0.010312 0.017500
0 0.534766 0.816146 0.021562 0.038750
0 0.924609 0.825521 0.079687 0.063750
0 0.228125 0.828125 0.037500 0.070000
0 0.869531 0.810417 0.013125 0.030000
0 0.307812 0.828125 0.063750 0.072500
0 0.411328 0.812500 0.021562 0.037500
0 0.682813 0.801042 0.022500 0.015000
0 0.858594 0.801562 0.018750 0.018750
0 0.476953 0.816667 0.064687 0.060000
0 0.716406 0.795833 0.016875 0.017500
0 0.450781 0.794271 0.007500 0.013750
0 0.972656 0.794792 0.011250 0.017500
0 0.960938 0.793229 0.015000 0.013750
0 0.762109 0.796875 0.017813 0.022500
0 0.274219 0.795312 0.022500 0.018750
0 0.628125 0.793229 0.007500 0.016250
0 0.905078 0.793750 0.027187 0.020000
0 0.879687 0.802083 0.030000 0.040000
0 0.387500 0.796875 0.018750 0.027500
0 0.890234 0.793229 0.006563 0.021250
0 0.807031 0.810937 0.048750 0.063750
0 0.524219 0.796354 0.041250 0.031250
0 0.932813 0.793750 0.035625 0.027500
0 0.828516 0.788542 0.012188 0.015000
0 0.546094 0.796875 0.009375 0.035000
0 0.779687 0.790625 0.015000 0.022500
0 0.416016 0.786979 0.025312 0.013750
0 0.703906 0.787500 0.011250 0.017500
0 0.591797 0.788542 0.021562 0.020000
0 0.430078 0.800000 0.021562 0.047500
0 0.805469 0.785417 0.013125 0.015000
0 0.673438 0.788542 0.020625 0.022500
0 0.562109 0.790625 0.027187 0.027500
0 0.201953 0.786979 0.014063 0.018750
0 0.503906 0.805729 0.056250 0.068750
0 0.609766 0.790625 0.012188 0.035000
0 0.299219 0.791667 0.041250 0.040000
0 0.263281 0.785937 0.018750 0.026250
0 0.991563 0.779167 0.016875 0.015000
0 0.328906 0.789062 0.024375 0.038750
0 0.210938 0.778125 0.011250 0.015000
0 0.626172 0.783333 0.029062 0.030000
0 0.569922 0.786979 0.023438 0.038750
0 0.895703 0.777083 0.008437 0.020000
0 0.855078 0.780729 0.014063 0.028750
0 0.915625 0.778125 0.024375 0.027500
0 0.194531 0.772396 0.011250 0.016250
0 0.784766 0.783854 0.032813 0.046250
0 0.239063 0.785937 0.065625 0.053750
0 0.401172 0.774479 0.032813 0.031250
0 0.980078 0.770312 0.019688 0.023750
0 0.480859 0.767188 0.014063 0.016250
0 0.807031 0.763021 0.016875 0.011250
0 0.502734 0.769271 0.025312 0.028750
0 0.585156 0.765625 0.022500 0.025000
0 0.676562 0.775000 0.031875 0.050000
0 0.933594 0.761979 0.030000 0.023750
0 0.657813 0.793229 0.061875 0.103750
0 0.280469 0.766667 0.031875 0.040000
0 0.380469 0.755208 0.013125 0.015000
0 0.357422 0.790625 0.072187 0.100000
0 0.275781 0.755729 0.007500 0.018750
0 0.839063 0.776563 0.024375 0.071250
0 0.247656 0.758854 0.033750 0.028750
0 0.628125 0.756250 0.016875 0.025000
0 0.182031 0.753125 0.018750 0.025000
0 0.485938 0.750521 0.037500 0.023750
0 0.907813 0.746354 0.013125 0.016250
0 0.817187 0.760417 0.020625 0.050000
0 0.733984 0.744271 0.019688 0.016250
0 0.565234 0.742188 0.017813 0.011250
0 0.831250 0.741146 0.015000 0.013750
0 0.301563 0.756250 0.037500 0.050000
0 0.465625 0.740104 0.011250 0.016250
0 0.282031 0.741146 0.007500 0.018750
0 0.721094 0.736458 0.016875 0.010000
0 0.498828 0.739583 0.012188 0.020000
0 0.595313 0.751563 0.048750 0.051250
0 0.916797 0.738542 0.008437 0.027500
0 0.800781 0.733333 0.026250 0.020000
0 0.627344 0.733333 0.015000 0.020000
0 0.410938 0.738021 0.018750 0.031250
0 0.767188 0.733333 0.011250 0.022500
0 0.214062 0.754167 0.056250 0.072500
0 0.489063 0.726562 0.015000 0.011250
0 0.944141 0.734896 0.029062 0.033750
0 0.990234 0.726042 0.012188 0.015000
0 0.685156 0.721354 0.013125 0.011250
0 0.975781 0.727083 0.015000 0.027500
0 0.610938 0.727604 0.024375 0.028750
0 0.870313 0.740104 0.054375 0.061250
0 0.550781 0.747917 0.061875 0.080000
0 0.522266 0.720833 0.019688 0.015000
0 0.919141 0.718229 0.010312 0.011250
0 0.759375 0.760417 0.091875 0.112500
0 0.289844 0.726562 0.020625 0.031250
0 0.216406 0.721354 0.026250 0.018750
0 0.647656 0.728646 0.030000 0.038750
0 0.929297 0.730729 0.019688 0.046250
0 0.703906 0.744792 0.063750 0.080000
0 0.273828 0.721875 0.015938 0.025000
0 0.824609 0.720833 0.023438 0.025000
0 0.944531 0.714583 0.015000 0.012500
0 0.807813 0.716667 0.009375 0.020000
0 0.990234 0.711979 0.012188 0.011250
0 0.712891 0.715104 0.012188 0.018750
0 0.895703 0.719271 0.019688 0.031250
0 0.963672 0.713542 0.012188 0.020000
0 0.839844 0.725521 0.020625 0.048750
0 0.637500 0.712500 0.013125 0.017500
0 0.605469 0.715625 0.016875 0.025000
0 0.762109 0.711458 0.014063 0.017500
0 0.693750 0.710417 0.009375 0.015000
0 0.668359 0.726562 0.029062 0.061250
0 0.953516 0.746354 0.045937 0.111250
0 0.338281 0.704167 0.016875 0.010000
0 0.882422 0.709375 0.017813 0.025000
0 0.939453 0.702083 0.023438 0.012500
0 0.721875 0.704167 0.024375 0.017500
0 0.615625 0.704688 0.013125 0.018750
0 0.203516 0.708854 0.012188 0.028750
0 0.448047 0.745833 0.089063 0.120000
0 0.356250 0.702604 0.009375 0.016250
0 0.880078 0.700521 0.014063 0.013750
0 0.252734 0.721354 0.045937 0.063750
0 0.311719 0.718750 0.065625 0.060000
0 0.280469 0.696354 0.016875 0.008750
0 0.785156 0.707812 0.048750 0.041250
0 0.644531 0.698438 0.020625 0.018750
0 0.370703 0.725000 0.077812 0.085000
0 0.896094 0.697396 0.018750 0.021250
0 0.592969 0.707812 0.043125 0.046250
0 0.042969 0.695833 0.018750 0.017500
0 0.991094 0.692187 0.017813 0.013750
0 0.238672 0.695833 0.027187 0.027500
0 0.916016 0.697917 0.029062 0.037500
0 0.744922 0.686979 0.017813 0.018750
0 0.520703 0.696354 0.019688 0.041250
0 0.320703 0.699479 0.027187 0.048750
0 0.824219 0.685417 0.013125 0.020000
0 0.848437 0.690104 0.031875 0.033750
0 0.869531 0.694271 0.033750 0.046250
0 0.053906 0.681771 0.020625 0.016250
0 0.955859 0.681250 0.008437 0.017500
0 0.793359 0.682813 0.021562 0.021250
0 0.980469 0.682813 0.026250 0.023750
0 0.941406 0.684896 0.024375 0.028750
0 0.660547 0.694271 0.027187 0.051250
0 0.964844 0.690625 0.031875 0.045000
0 0.629687 0.686979 0.031875 0.036250
0 0.216406 0.691667 0.028125 0.047500
0 0.730859 0.677604 0.008437 0.016250
0 0.832812 0.683333 0.015000 0.032500
0 0.530078 0.679167 0.015938 0.022500
0 0.257031 0.683333 0.022500 0.032500
0 0.503906 0.710417 0.054375 0.102500
0 0.812500 0.673958 0.013125 0.017500
0 0.772656 0.672917 0.022500 0.020000
0 0.142578 0.672917 0.021562 0.020000
0 0.691797 0.682292 0.045937 0.045000
0 0.934766 0.670312 0.012188 0.018750
0 0.650781 0.672917 0.013125 0.025000
0 0.033594 0.677083 0.026250 0.035000
0 0.845313 0.668750 0.007500 0.017500
0 0.976172 0.666667 0.019688 0.015000
0 0.883984 0.670833 0.025312 0.025000
0 0.705469 0.670312 0.024375 0.023750
0 0.664453 0.665104 0.023438 0.013750
0 0.014063 0.675000 0.028125 0.037500
0 0.784375 0.667188 0.011250 0.021250
0 0.473047 0.688021 0.045937 0.071250
0 0.401953 0.697396 0.072187 0.093750
0 0.247656 0.668229 0.013125 0.023750
0 0.577734 0.665625 0.014063 0.020000
0 0.953125 0.664062 0.009375 0.018750
0 0.548047 0.662500 0.006563 0.017500
0 0.258984 0.663021 0.010312 0.021250
0 0.135937 0.657813 0.009375 0.016250
0 0.442578 0.685937 0.040313 0.086250
0 0.347656 0.678125 0.063750 0.067500
0 0.801953 0.663021 0.015938 0.033750
0 0.146094 0.655208 0.013125 0.015000
0 0.425391 0.661458 0.014063 0.035000
0 0.757812 0.664062 0.020625 0.046250
0 0.626953 0.651042 0.032813 0.017500
0 0.716016 0.654167 0.015938 0.027500
0 0.192969 0.649479 0.015000 0.016250
0 0.733594 0.660417 0.039375 0.045000
0 0.604297 0.646875 0.019688 0.015000
0 0.521484 0.658333 0.012188 0.042500
0 0.411328 0.645833 0.019688 0.015000
0 0.281641 0.660937 0.030937 0.051250
0 0.914844 0.645833 0.020625 0.020000
0 0.851953 0.648958 0.025312 0.027500
0 0.691016 0.648958 0.017813 0.027500
0 0.940625 0.647917 0.020625 0.027500
0 0.896094 0.649479 0.035625 0.031250
0 0.605859 0.666146 0.055313 0.071250
0 0.440625 0.645312 0.015000 0.021250
0 0.335547 0.648438 0.017813 0.028750
0 0.130078 0.642188 0.008437 0.016250
0 0.884766 0.640104 0.012188 0.013750
0 0.787500 0.643229 0.026250 0.028750
0 0.926172 0.642708 0.014063 0.030000
0 0.682813 0.642188 0.018750 0.028750
0 0.307812 0.660417 0.043125 0.072500
0 0.537891 0.650000 0.027187 0.050000
0 0.351172 0.635417 0.010312 0.017500
0 0.903516 0.633854 0.015938 0.016250
0 0.770312 0.633333 0.011250 0.015000
0 0.654297 0.643229 0.023438 0.038750
0 0.374219 0.635938 0.007500 0.021250
0 0.989844 0.630208 0.015000 0.015000
0 0.831250 0.636979 0.016875 0.033750
0 0.710547 0.638542 0.044062 0.037500
0 0.391797 0.653125 0.032813 0.072500
0 0.808203 0.643750 0.036562 0.052500
0 0.364844 0.639062 0.026250 0.041250
0 0.333984 0.628125 0.012188 0.015000
0 0.748828 0.632812 0.019688 0.028750
0 0.685156 0.623437 0.015000 0.011250
0 0.142187 0.632292 0.030000 0.032500
0 0.924219 0.626042 0.020625 0.020000
0 0.875000 0.640625 0.031875 0.055000
0 0.823828 0.625521 0.012188 0.018750
0 0.499219 0.648958 0.037500 0.075000
0 0.257031 0.633333 0.031875 0.037500
0 0.308984 0.629167 0.030937 0.030000
0 0.407031 0.624479 0.011250 0.021250
0 0.909766 0.623958 0.010312 0.022500
0 0.531641 0.623437 0.014063 0.021250
0 0.283203 0.630208 0.027187 0.037500
0 0.971875 0.641146 0.056250 0.066250
0 0.227344 0.651042 0.078750 0.090000
0 0.141797 0.617708 0.017813 0.012500
0 0.952734 0.623958 0.023438 0.030000
0 0.383594 0.620313 0.018750 0.023750
0 0.321484 0.621875 0.025312 0.027500
0 0.741016 0.618750 0.015938 0.022500
0 0.500000 0.614583 0.020625 0.012500
0 0.235156 0.618229 0.024375 0.021250
0 0.600781 0.615104 0.011250 0.016250
0 0.894922 0.620833 0.010312 0.032500
0 0.817187 0.616667 0.015000 0.025000
0 0.345313 0.615625 0.009375 0.025000
0 0.694141 0.611458 0.015938 0.017500
0 0.617578 0.620833 0.049687 0.040000
0 0.172656 0.610417 0.007500 0.017500
0 0.757031 0.610938 0.013125 0.021250
0 0.924219 0.607812 0.018750 0.016250
0 0.104688 0.606250 0.011250 0.012500
0 0.968750 0.607292 0.013125 0.020000
0 0.727734 0.608333 0.023438 0.022500
0 0.911328 0.606771 0.006563 0.023750
0 0.707422 0.605729 0.010312 0.023750
0 0.333203 0.600521 0.021562 0.013750
0 0.264844 0.608854 0.035625 0.033750
0 0.957031 0.602604 0.015000 0.021250
0 0.229297 0.601562 0.029062 0.018750
0 0.768750 0.608854 0.022500 0.038750
0 0.309375 0.600521 0.015000 0.018750
0 0.287109 0.601042 0.014063 0.020000
0 0.776172 0.597917 0.017813 0.015000
0 0.596484 0.599479 0.015938 0.021250
0 0.941797 0.604688 0.021562 0.036250
0 0.616016 0.595313 0.014063 0.016250
0 0.582031 0.593750 0.016875 0.012500
0 0.123438 0.615104 0.041250 0.063750
0 0.726562 0.596354 0.011250 0.023750
0 0.563281 0.660417 0.075000 0.177500
0 0.480859 0.627604 0.034687 0.098750
0 0.364453 0.597396 0.014063 0.026250
0 0.982656 0.600521 0.034687 0.038750
0 0.900000 0.592187 0.013125 0.018750
0 0.689453 0.592187 0.017813 0.018750
0 0.878516 0.601042 0.025312 0.042500
0 0.849219 0.607292 0.058125 0.062500
0 0.665625 0.591146 0.016875 0.023750
0 0.672656 0.602083 0.018750 0.052500
0 0.295703 0.593750 0.012188 0.032500
0 0.925391 0.589583 0.015938 0.027500
0 0.357812 0.583854 0.009375 0.013750
0 0.263672 0.589063 0.017813 0.026250
0 0.951562 0.583854 0.013125 0.016250
0 0.418359 0.611458 0.072187 0.082500
0 0.169531 0.589583 0.022500 0.030000
0 0.618359 0.580729 0.014063 0.011250
0 0.102344 0.587500 0.022500 0.027500
0 0.775000 0.584896 0.018750 0.023750
0 0.366797 0.598437 0.045937 0.061250
0 0.823438 0.587500 0.050625 0.037500
0 0.876953 0.578646 0.014063 0.018750
0 0.890234 0.582812 0.012188 0.031250
0 0.721875 0.576562 0.013125 0.018750
0 0.992031 0.576562 0.015938 0.021250
0 0.287891 0.572917 0.015938 0.012500
0 0.753516 0.584375 0.027187 0.042500
0 0.616016 0.571354 0.015938 0.011250
0 0.846484 0.571354 0.012188 0.016250
0 0.794141 0.596354 0.038437 0.076250
0 0.732422 0.573958 0.015938 0.022500
0 0.427734 0.582812 0.062812 0.046250
0 0.710547 0.577604 0.025312 0.036250
0 0.629687 0.568750 0.015000 0.015000
0 0.318750 0.577604 0.024375 0.036250
0 0.641797 0.590625 0.040313 0.070000
0 0.396094 0.570312 0.009375 0.021250
0 0.341016 0.577604 0.032813 0.038750
0 0.276562 0.568750 0.011250 0.020000
0 0.256641 0.567708 0.010312 0.017500
0 0.979297 0.563542 0.015938 0.012500
0 0.382031 0.573438 0.022500 0.036250
0 0.082422 0.565625 0.015938 0.017500
0 0.465625 0.600521 0.045000 0.103750
0 0.361719 0.568229 0.011250 0.031250
0 0.859375 0.567708 0.022500 0.032500
0 0.267578 0.561458 0.012188 0.017500
0 0.006250 0.563542 0.011250 0.022500
0 0.752734 0.561458 0.025312 0.027500
0 0.953516 0.555208 0.008437 0.015000
0 0.687500 0.556250 0.011250 0.022500
0 0.901172 0.569792 0.040313 0.057500
0 0.795703 0.555729 0.012188 0.023750
0 0.273047 0.551042 0.019688 0.012500
0 0.239844 0.550521 0.016875 0.011250
0 0.833594 0.556250 0.009375 0.027500
0 0.401562 0.553125 0.013125 0.020000
0 0.322656 0.553646 0.016875 0.021250
0 0.845313 0.553646 0.018750 0.023750
0 0.961719 0.561458 0.037500 0.045000
0 0.928125 0.561458 0.022500 0.045000
0 0.783203 0.553125 0.012188 0.025000
0 0.725781 0.552604 0.016875 0.023750
0 0.442188 0.555208 0.028125 0.032500
0 0.514453 0.553646 0.019688 0.031250
0 0.758984 0.545312 0.010312 0.013750
0 0.670703 0.559375 0.034687 0.047500
0 0.887109 0.548958 0.027187 0.030000
0 0.255469 0.542708 0.013125 0.017500
0 0.524219 0.537500 0.009375 0.015000
0 0.815234 0.543750 0.012188 0.032500
0 0.803906 0.534896 0.020625 0.011250
0 0.392578 0.539583 0.015938 0.022500
0 0.851172 0.536458 0.014063 0.017500
0 0.601172 0.538021 0.014063 0.021250
0 0.269531 0.536979 0.011250 0.018750
0 0.639844 0.541667 0.026250 0.035000
0 0.416406 0.538021 0.007500 0.026250
0 0.617188 0.548958 0.037500 0.055000
0 0.780469 0.534896 0.033750 0.026250
0 0.666016 0.540625 0.029062 0.040000
0 0.451172 0.539583 0.032813 0.037500
0 0.954688 0.541667 0.041250 0.045000
0 0.745703 0.534896 0.019688 0.028750
0 0.387891 0.527604 0.012188 0.016250
0 0.835547 0.535417 0.036562 0.037500
0 0.792969 0.523958 0.018750 0.017500
0 0.289062 0.529687 0.013125 0.031250
0 0.233594 0.530208 0.031875 0.035000
0 0.064062 0.522396 0.016875 0.016250
0 0.858984 0.533333 0.017813 0.045000
0 0.377344 0.537500 0.041250 0.055000
0 0.349609 0.537500 0.032813 0.055000
0 0.332422 0.532813 0.030937 0.043750
0 0.938281 0.527083 0.024375 0.032500
0 0.708984 0.536458 0.017813 0.055000
0 0.749609 0.517708 0.014063 0.015000
0 0.190234 0.561458 0.156562 0.120000
0 0.447266 0.520312 0.029062 0.023750
0 0.108594 0.550000 0.069375 0.097500
0 0.115234 0.517708 0.008437 0.020000
0 0.599219 0.517188 0.011250 0.023750
0 0.693359 0.523958 0.025312 0.042500
0 0.665234 0.517188 0.025312 0.026250
0 0.265234 0.515625 0.014063 0.022500
0 0.946875 0.517188 0.020625 0.028750
0 0.564453 0.546354 0.096562 0.098750
0 0.008437 0.510417 0.016875 0.012500
0 0.883203 0.514062 0.006563 0.026250
0 0.494531 0.516667 0.020625 0.032500
0 0.511328 0.512500 0.010312 0.025000
0 0.642188 0.508333 0.013125 0.017500
0 0.301953 0.539583 0.027187 0.092500
0 0.632812 0.510417 0.009375 0.025000
0 0.931250 0.505208 0.009375 0.022500
0 0.904687 0.519271 0.045000 0.056250
0 0.773828 0.503646 0.008437 0.018750
0 0.285156 0.501042 0.011250 0.012500
0 0.799609 0.505729 0.008437 0.026250
0 0.852344 0.504687 0.028125 0.026250
0 0.321094 0.501563 0.016875 0.021250
0 0.324609 0.507292 0.047812 0.037500
0 0.946484 0.497917 0.010312 0.020000
0 0.848437 0.493229 0.018750 0.011250
0 0.611719 0.504687 0.015000 0.038750
0 0.310156 0.498958 0.013125 0.030000
0 0.129297 0.498958 0.023438 0.030000
0 0.926953 0.491667 0.010312 0.015000
0 0.457813 0.491146 0.013125 0.013750
0 0.868750 0.496875 0.011250 0.030000
0 0.784375 0.503125 0.024375 0.050000
0 0.706250 0.495833 0.026250 0.032500
0 0.173828 0.488542 0.017813 0.015000
0 0.828516 0.495833 0.032813 0.037500
0 0.590234 0.492708 0.034687 0.032500
0 0.936719 0.489583 0.015000 0.027500
0 0.899609 0.485417 0.012188 0.017500
0 0.188672 0.481250 0.015938 0.007500
0 0.878125 0.490104 0.020625 0.031250
0 0.623437 0.482812 0.011250 0.013750
0 0.247656 0.497396 0.026250 0.048750
0 0.200391 0.502083 0.055313 0.060000
0 0.457031 0.479687 0.016875 0.011250
0 0.232422 0.488021 0.029062 0.031250
0 0.754297 0.493229 0.029062 0.046250
0 0.733984 0.494792 0.036562 0.052500
0 0.331641 0.481771 0.027187 0.021250
0 0.225781 0.477083 0.018750 0.010000
0 0.659766 0.490104 0.038437 0.043750
0 0.302344 0.485417 0.035625 0.032500
0 0.769922 0.484375 0.015938 0.032500
0 0.406250 0.478125 0.015000 0.017500
0 0.616016 0.476042 0.014063 0.015000
0 0.439844 0.487500 0.016875 0.042500
0 0.283594 0.486979 0.026250 0.043750
0 0.509375 0.563021 0.135000 0.228750
0 0.261328 0.493750 0.025312 0.065000
0 0.173437 0.471354 0.016875 0.013750
0 0.366406 0.472396 0.020625 0.018750
0 0.553125 0.502604 0.067500 0.093750
0 0.321875 0.469792 0.013125 0.015000
0 0.066406 0.489063 0.024375 0.061250
0 0.048438 0.488021 0.028125 0.058750
0 0.789844 0.468750 0.020625 0.015000
0 0.749219 0.465104 0.015000 0.011250
0 0.194922 0.467708 0.014063 0.017500
0 0.920312 0.473958 0.020625 0.035000
0 0.806250 0.480208 0.026250 0.052500
0 0.582031 0.470313 0.030000 0.028750
0 0.387891 0.461458 0.014063 0.012500
0 0.860547 0.468229 0.015938 0.031250
0 0.153516 0.508333 0.057188 0.127500
0 0.731641 0.464062 0.010312 0.023750
0 0.431250 0.463021 0.028125 0.021250
0 0.631250 0.474479 0.041250 0.051250
0 0.540234 0.468750 0.034687 0.037500
0 0.893359 0.466667 0.055313 0.035000
0 0.766797 0.463542 0.029062 0.027500
0 0.587109 0.458333 0.017813 0.017500
0 0.149609 0.465625 0.014063 0.035000
0 0.513672 0.489063 0.051562 0.098750
0 0.258984 0.457292 0.014063 0.022500
0 0.784375 0.452604 0.009375 0.013750
0 0.041016 0.462500 0.034687 0.037500
0 0.692969 0.473438 0.054375 0.066250
0 0.462891 0.453646 0.010312 0.021250
0 0.417187 0.461979 0.020625 0.041250
0 0.655078 0.456771 0.034687 0.031250
0 0.220312 0.454688 0.028125 0.028750
0 0.731250 0.448437 0.013125 0.016250
0 0.854688 0.448958 0.015000 0.020000
0 0.302734 0.455729 0.045937 0.036250
0 0.801172 0.450521 0.015938 0.026250
0 0.473438 0.470313 0.028125 0.073750
0 0.142578 0.446354 0.012188 0.016250
0 0.103516 0.492708 0.094687 0.127500
0 0.599609 0.458854 0.034687 0.048750
0 0.899219 0.443229 0.013125 0.013750
0 0.881641 0.445833 0.012188 0.020000
0 0.270313 0.458854 0.024375 0.051250
0 0.611328 0.441667 0.015938 0.012500
0 0.564063 0.444792 0.026250 0.020000
0 0.789453 0.441146 0.010312 0.013750
0 0.750781 0.447917 0.015000 0.032500
0 0.431641 0.445312 0.019688 0.026250
0 0.398438 0.454167 0.022500 0.050000
0 0.137109 0.442188 0.021562 0.023750
0 0.843359 0.447396 0.015938 0.041250
0 0.766406 0.441146 0.026250 0.026250
0 0.675391 0.441146 0.010312 0.028750
0 0.655078 0.438542 0.008437 0.022500
0 0.183281 0.656875 0.366563 0.686250
0 0.340625 0.435937 0.015000 0.021250
0 0.869922 0.439583 0.012188 0.032500
0 0.891797 0.436979 0.014063 0.028750
0 0.693359 0.436458 0.021562 0.027500
0 0.194141 0.445833 0.059062 0.052500
0 0.073438 0.448437 0.056250 0.066250
0 0.822656 0.428125 0.024375 0.022500
0 0.589453 0.429167 0.045937 0.027500
0 0.322656 0.441667 0.045000 0.057500
0 0.851562 0.427604 0.011250 0.026250
0 0.160547 0.435937 0.023438 0.046250
0 0.011719 0.423438 0.013125 0.016250
0 0.881641 0.420312 0.023438 0.011250
0 0.768750 0.422396 0.013125 0.016250
0 0.808984 0.435937 0.045937 0.051250
0 0.701562 0.417708 0.016875 0.010000
0 0.672656 0.427083 0.031875 0.032500
0 0.544922 0.436458 0.057188 0.057500
0 0.845703 0.419792 0.010312 0.020000
0 0.796094 0.417187 0.018750 0.013750
0 0.729688 0.417708 0.018750 0.015000
0 0.481250 0.434375 0.028125 0.055000
0 0.255469 0.445833 0.046875 0.085000
0 0.865234 0.415104 0.012188 0.013750
0 0.089453 0.428125 0.064687 0.045000
0 0.717969 0.430208 0.039375 0.055000
0 0.292969 0.413542 0.015000 0.017500
0 0.232813 0.425000 0.046875 0.045000
0 0.512109 0.429688 0.042188 0.058750
0 0.115625 0.414062 0.015000 0.023750
0 0.389062 0.475000 0.108750 0.177500
0 0.745703 0.413542 0.025312 0.032500
0 0.356641 0.417708 0.025312 0.042500
0 0.776172 0.414062 0.025312 0.036250
0 0.705859 0.404687 0.012188 0.013750
0 0.342578 0.409896 0.023438 0.031250
0 0.202344 0.403646 0.020625 0.016250
0 0.670703 0.403125 0.008437 0.022500
0 0.680469 0.401562 0.015000 0.021250
0 0.034375 0.427604 0.037500 0.083750
0 0.019141 0.400521 0.014063 0.018750
0 0.011328 0.399479 0.014063 0.016250
0 0.451953 0.419792 0.023438 0.067500
0 0.522266 0.400000 0.029062 0.027500
0 0.433203 0.413021 0.019688 0.058750
0 0.255078 0.393750 0.012188 0.012500
0 0.700391 0.399479 0.021562 0.028750
0 0.329297 0.403646 0.012188 0.038750
0 0.586719 0.401042 0.018750 0.035000
0 0.237891 0.397917 0.019688 0.027500
0 0.569531 0.401042 0.016875 0.037500
0 0.296875 0.389062 0.028125 0.013750
0 0.274219 0.404687 0.026250 0.051250
0 0.751953 0.391146 0.017813 0.021250
0 0.223047 0.392188 0.006563 0.023750
0 0.728125 0.394792 0.022500 0.032500
0 0.809766 0.398438 0.034687 0.043750
0 0.679688 0.385937 0.018750 0.013750
0 0.178906 0.405208 0.048750 0.060000
0 0.872266 0.396875 0.045937 0.042500
0 0.845703 0.387500 0.021562 0.020000
0 0.697656 0.385937 0.009375 0.016250
0 0.282422 0.391146 0.027187 0.028750
0 0.255078 0.385417 0.015938 0.020000
0 0.087891 0.399479 0.060937 0.053750
0 0.877734 0.380729 0.014063 0.011250
0 0.768359 0.385937 0.023438 0.023750
0 0.171875 0.387500 0.018750 0.027500
0 0.209375 0.385937 0.016875 0.026250
0 0.667969 0.389583 0.015000 0.037500
0 0.555078 0.385937 0.025312 0.031250
0 0.349219 0.381250 0.009375 0.020000
0 0.321484 0.390625 0.025312 0.042500
0 0.138672 0.403125 0.051562 0.072500
0 0.202344 0.379167 0.011250 0.017500
0 0.636328 0.377083 0.012188 0.017500
0 0.512891 0.378646 0.025312 0.021250
0 0.653125 0.380729 0.022500 0.031250
0 0.005625 0.383333 0.011250 0.037500
0 0.145313 0.376042 0.009375 0.022500
0 0.116016 0.377604 0.012188 0.026250
0 0.851172 0.371875 0.017813 0.015000
0 0.771094 0.371875 0.011250 0.015000
0 0.728516 0.373958 0.025312 0.020000
0 0.017578 0.376563 0.015938 0.028750
0 0.596875 0.374479 0.016875 0.026250
0 0.880078 0.368750 0.019688 0.015000
0 0.159766 0.369792 0.010312 0.017500
0 0.046875 0.391146 0.060000 0.068750
0 0.802344 0.368750 0.011250 0.017500
0 0.585938 0.366146 0.007500 0.013750
0 0.517578 0.366146 0.012188 0.013750
0 0.366406 0.383854 0.033750 0.056250
0 0.337109 0.373437 0.017813 0.031250
0 0.287500 0.372917 0.028125 0.030000
0 0.064062 0.371875 0.020625 0.027500
0 0.250000 0.365104 0.009375 0.016250
0 0.740625 0.365625 0.022500 0.020000
0 0.779687 0.363021 0.015000 0.016250
0 0.316016 0.368750 0.010312 0.030000
0 0.276562 0.366667 0.016875 0.027500
0 0.166016 0.359896 0.010312 0.013750
0 0.080859 0.365104 0.019688 0.026250
0 0.338672 0.360938 0.019688 0.023750
0 0.208984 0.359896 0.021562 0.023750
0 0.032031 0.356771 0.013125 0.016250
0 0.483984 0.380208 0.066562 0.075000
0 0.749609 0.352083 0.017813 0.012500
0 0.651953 0.354167 0.012188 0.017500
0 0.177734 0.357812 0.015938 0.026250
0 0.680078 0.357292 0.019688 0.030000
0 0.565234 0.364583 0.044062 0.047500
0 0.356641 0.361458 0.021562 0.040000
0 0.122266 0.357292 0.021562 0.030000
0 0.662891 0.355729 0.015938 0.028750
0 0.569141 0.348438 0.012188 0.011250
0 0.812500 0.359375 0.015000 0.042500
0 0.702734 0.349479 0.017813 0.018750
0 0.500000 0.346354 0.011250 0.013750
0 0.418359 0.391146 0.096562 0.121250
0 0.861719 0.343750 0.024375 0.015000
0 0.767578 0.350000 0.017813 0.030000
0 0.626953 0.394271 0.077812 0.136250
0 0.162109 0.348438 0.015938 0.026250
0 0.837109 0.359896 0.023438 0.056250
0 0.473047 0.345313 0.008437 0.021250
0 0.230078 0.358333 0.015938 0.052500
0 0.333984 0.341146 0.015938 0.016250
0 0.132031 0.348958 0.028125 0.035000
0 0.360156 0.339062 0.028125 0.018750
0 0.990625 0.348958 0.018750 0.045000
0 0.433984 0.343750 0.019688 0.035000
0 0.181250 0.367188 0.050625 0.096250
0 0.513672 0.335417 0.012188 0.022500
0 0.716016 0.352604 0.051562 0.068750
0 0.194922 0.330729 0.019688 0.016250
0 0.455469 0.341146 0.031875 0.046250
0 0.832031 0.333333 0.015000 0.030000
0 0.253906 0.329167 0.016875 0.020000
0 0.153125 0.327083 0.011250 0.015000
0 0.814453 0.351562 0.030937 0.076250
0 0.049609 0.346875 0.040313 0.065000
0 0.626563 0.341667 0.075000 0.055000
0 0.783594 0.335417 0.020625 0.042500
0 0.536328 0.368229 0.047812 0.121250
0 0.303906 0.341667 0.039375 0.060000
0 0.223828 0.326562 0.029062 0.026250
0 0.590234 0.323437 0.027187 0.021250
0 0.443359 0.320312 0.014063 0.013750
0 0.087891 0.347917 0.044062 0.080000
0 0.333984 0.324479 0.023438 0.026250
0 0.675781 0.319792 0.015000 0.017500
0 0.428125 0.327083 0.015000 0.035000
0 0.385937 0.326042 0.024375 0.032500
0 0.091016 0.316146 0.014063 0.011250
0 0.610938 0.318750 0.007500 0.020000
0 0.208984 0.317188 0.030937 0.016250
0 0.816797 0.314583 0.017813 0.017500
0 0.761328 0.325000 0.036562 0.042500
0 0.581250 0.313542 0.011250 0.015000
0 0.125781 0.326562 0.045000 0.046250
0 0.569141 0.332813 0.064687 0.063750
0 0.101953 0.317188 0.014063 0.028750
0 0.712891 0.311979 0.023438 0.018750
0 0.535547 0.317708 0.025312 0.032500
0 0.289844 0.310417 0.016875 0.015000
0 0.762109 0.306771 0.014063 0.011250
0 0.453516 0.314063 0.012188 0.028750
0 0.744141 0.314063 0.014063 0.031250
0 0.479687 0.328125 0.050625 0.065000
0 0.088672 0.305729 0.015938 0.011250
0 0.665625 0.318229 0.015000 0.046250
0 0.208594 0.304167 0.013125 0.012500
0 0.262109 0.339062 0.062812 0.098750
0 0.837109 0.307292 0.021562 0.025000
0 0.796094 0.313542 0.013125 0.040000
0 0.253125 0.304688 0.016875 0.018750
0 0.027344 0.311979 0.015000 0.036250
0 0.788672 0.306250 0.010312 0.025000
0 0.733203 0.305729 0.012188 0.023750
0 0.646094 0.311458 0.016875 0.040000
0 0.332813 0.305208 0.013125 0.025000
0 0.058203 0.317188 0.029062 0.053750
0 0.576953 0.302604 0.012188 0.023750
0 0.498437 0.314583 0.020625 0.052500
0 0.810937 0.300521 0.018750 0.021250
0 0.719922 0.299479 0.008437 0.018750
0 0.310937 0.309375 0.028125 0.042500
0 0.279687 0.300521 0.011250 0.021250
0 0.619531 0.307292 0.015000 0.042500
0 0.778516 0.295833 0.010312 0.020000
0 0.457813 0.293750 0.016875 0.015000
0 0.430469 0.301042 0.037500 0.032500
0 0.753516 0.294271 0.008437 0.018750
0 0.593750 0.299479 0.031875 0.031250
0 0.385156 0.291667 0.020625 0.015000
0 0.360156 0.306771 0.045000 0.051250
0 0.077344 0.301563 0.033750 0.038750
0 0.405859 0.320833 0.045937 0.090000
0 0.216797 0.300521 0.032813 0.041250
0 0.695703 0.308854 0.030937 0.063750
0 0.658984 0.288542 0.015938 0.015000
0 0.544531 0.295833 0.018750 0.032500
0 0.524219 0.293750 0.015000 0.027500
0 0.292578 0.290625 0.030937 0.020000
0 0.712891 0.288021 0.010312 0.016250
0 0.063281 0.291146 0.009375 0.023750
0 0.480078 0.285417 0.010312 0.015000
0 0.531641 0.289062 0.012188 0.026250
0 0.257422 0.285938 0.010312 0.018750
0 0.094922 0.288542 0.010312 0.025000
0 0.035937 0.299479 0.024375 0.051250
0 0.801953 0.283333 0.012188 0.015000
0 0.768750 0.285417 0.011250 0.022500
0 0.623047 0.282292 0.017813 0.015000
0 0.560547 0.289062 0.021562 0.031250
0 0.471484 0.284896 0.012188 0.023750
0 0.440234 0.284896 0.021562 0.023750
0 0.417187 0.280729 0.016875 0.016250
0 0.373437 0.278646 0.015000 0.013750
0 0.319922 0.286979 0.021562 0.033750
0 0.511328 0.292708 0.017813 0.050000
0 0.310937 0.280208 0.018750 0.020000
0 0.684766 0.277083 0.017813 0.020000
0 0.177734 0.294271 0.038437 0.061250
0 0.239063 0.290625 0.016875 0.055000
0 0.211328 0.275000 0.014063 0.017500
0 0.351172 0.281250 0.030937 0.037500
0 0.008437 0.272396 0.016875 0.018750
0 0.458203 0.273958 0.029062 0.025000
0 0.269531 0.279687 0.037500 0.038750
0 0.142969 0.295312 0.048750 0.076250
0 0.085547 0.268750 0.023438 0.012500
0 0.642188 0.279167 0.031875 0.042500
0 0.542578 0.270313 0.014063 0.021250
0 0.588672 0.280729 0.040313 0.048750
0 0.567578 0.272917 0.023438 0.032500
0 0.500391 0.268750 0.023438 0.027500
0 0.776172 0.268750 0.012188 0.032500
0 0.193750 0.279687 0.033750 0.058750
0 0.286328 0.260417 0.010312 0.015000
0 0.825391 0.273958 0.038437 0.050000
0 0.608594 0.257812 0.013125 0.013750
0 0.542188 0.256771 0.016875 0.011250
0 0.050000 0.275521 0.030000 0.056250
0 0.228906 0.260417 0.013125 0.022500
0 0.792578 0.267188 0.027187 0.041250
0 0.399219 0.263021 0.041250 0.031250
0 0.336719 0.261979 0.026250 0.031250
0 0.020625 0.306771 0.041250 0.138750
0 0.184766 0.256250 0.027187 0.022500
0 0.270703 0.254167 0.017813 0.020000
0 0.101562 0.254167 0.018750 0.020000
0 0.782422 0.253125 0.010312 0.020000
0 0.132422 0.255729 0.010312 0.026250
0 0.669922 0.254167 0.014063 0.027500
0 0.551172 0.251563 0.014063 0.023750
0 0.483203 0.269271 0.032813 0.066250
0 0.074609 0.253646 0.014063 0.028750
0 0.691016 0.255208 0.025312 0.035000
0 0.409766 0.248438 0.014063 0.018750
0 0.312109 0.253646 0.019688 0.036250
0 0.371094 0.248958 0.020625 0.027500
0 0.248047 0.250000 0.017813 0.030000
0 0.707812 0.259896 0.028125 0.056250
0 0.658984 0.249479 0.015938 0.033750
0 0.287500 0.240625 0.022500 0.012500
0 0.810937 0.245833 0.011250 0.030000
0 0.095703 0.239063 0.021562 0.013750
0 0.153516 0.257292 0.034687 0.060000
0 0.981641 0.238021 0.014063 0.016250
0 0.509766 0.236458 0.014063 0.012500
0 0.475781 0.239583 0.013125 0.020000
0 0.173437 0.247396 0.037500 0.038750
0 0.714453 0.235417 0.019688 0.015000
0 0.540234 0.240625 0.015938 0.027500
0 0.494922 0.241146 0.034687 0.028750
0 0.589844 0.236458 0.015000 0.020000
0 0.190234 0.234896 0.008437 0.016250
0 0.451562 0.240104 0.022500 0.031250
0 0.560937 0.237500 0.011250 0.027500
0 0.303516 0.244271 0.029062 0.043750
0 0.216016 0.241667 0.051562 0.037500
0 0.024375 0.245312 0.048750 0.046250
0 0.738672 0.254167 0.055313 0.070000
0 0.695312 0.233333 0.024375 0.020000
0 0.461328 0.231771 0.008437 0.016250
0 0.261719 0.231771 0.015000 0.021250
0 0.241016 0.233333 0.012188 0.027500
0 0.067187 0.231250 0.028125 0.022500
0 0.985000 0.243750 0.030000 0.055000
0 0.367969 0.227604 0.024375 0.018750
0 0.622656 0.224479 0.011250 0.013750
0 0.218359 0.228646 0.015938 0.023750
0 0.732422 0.229687 0.025312 0.028750
0 0.523438 0.250000 0.026250 0.080000
0 0.433984 0.247917 0.053437 0.075000
0 0.337500 0.231771 0.026250 0.036250
0 0.087891 0.222396 0.019688 0.013750
0 0.626563 0.242188 0.054375 0.063750
0 0.476953 0.223958 0.023438 0.020000
0 0.113281 0.260417 0.039375 0.107500
0 0.782422 0.234896 0.049687 0.051250
0 0.230859 0.224479 0.015938 0.026250
0 0.056250 0.239583 0.030000 0.065000
0 0.177734 0.220833 0.010312 0.022500
0 0.203906 0.219271 0.011250 0.021250
0 0.037891 0.221875 0.019688 0.027500
0 0.797656 0.215625 0.013125 0.015000
0 0.700391 0.218750 0.019688 0.022500
0 0.576953 0.230208 0.014063 0.050000
0 0.364453 0.217708 0.017813 0.020000
0 0.554297 0.213542 0.012188 0.012500
0 0.744531 0.214062 0.011250 0.018750
0 0.377734 0.213021 0.021562 0.018750
0 0.680469 0.223438 0.028125 0.046250
0 0.003750 0.211458 0.007500 0.017500
0 0.984766 0.211458 0.008437 0.020000
0 0.601562 0.219271 0.013125 0.038750
0 0.421094 0.209375 0.022500 0.015000
0 0.102344 0.217708 0.018750 0.035000
0 0.333203 0.208854 0.021562 0.016250
0 0.565234 0.209896 0.021562 0.021250
0 0.730469 0.208854 0.015000 0.021250
0 0.247656 0.213542 0.033750 0.032500
0 0.785547 0.207292 0.029062 0.020000
0 0.708594 0.204687 0.011250 0.013750
0 0.622266 0.207813 0.012188 0.021250
0 0.666406 0.216146 0.018750 0.043750
0 0.075781 0.210417 0.037500 0.032500
0 0.633203 0.201563 0.012188 0.013750
0 0.612500 0.203646 0.013125 0.018750
0 0.194531 0.206250 0.026250 0.027500
0 0.158203 0.215625 0.019688 0.050000
0 0.403125 0.213542 0.035625 0.047500
0 0.212109 0.201563 0.010312 0.018750
0 0.496875 0.210938 0.030000 0.043750
0 0.460547 0.199479 0.019688 0.016250
0 0.006094 0.198437 0.012188 0.013750
0 0.767188 0.203125 0.015000 0.027500
0 0.307812 0.209375 0.065625 0.042500
0 0.117578 0.202604 0.015938 0.028750
0 0.075391 0.197396 0.008437 0.016250
0 0.591406 0.208333 0.031875 0.045000
0 0.330859 0.196354 0.019688 0.016250
0 0.753516 0.203125 0.014063 0.035000
0 0.280859 0.196354 0.030937 0.018750
0 0.652734 0.206250 0.025312 0.045000
0 0.098047 0.197396 0.019688 0.023750
0 0.551953 0.195312 0.008437 0.021250
0 0.160547 0.191667 0.015938 0.012500
0 0.573828 0.194792 0.012188 0.022500
0 0.353516 0.204687 0.021562 0.046250
0 0.202734 0.192708 0.015938 0.017500
0 0.534375 0.210938 0.030000 0.063750
0 0.314063 0.194792 0.026250 0.027500
0 0.046484 0.188542 0.012188 0.012500
0 0.030859 0.190625 0.014063 0.017500
0 0.505469 0.188021 0.028125 0.018750
0 0.310937 0.183333 0.013125 0.012500
0 0.182812 0.185417 0.013125 0.017500
0 0.146875 0.187500 0.011250 0.022500
0 0.778516 0.187500 0.015938 0.025000
0 0.107813 0.183333 0.011250 0.015000
0 0.242188 0.187500 0.022500 0.030000
0 0.022031 0.196875 0.044062 0.052500
0 0.522656 0.178125 0.011250 0.012500
0 0.466797 0.180208 0.025312 0.017500
0 0.409375 0.179688 0.016875 0.016250
0 0.221484 0.182292 0.010312 0.027500
0 0.607812 0.181771 0.016875 0.028750
0 0.370312 0.174479 0.011250 0.011250
0 0.747656 0.178125 0.020625 0.022500
0 0.718359 0.177604 0.008437 0.021250
0 0.093359 0.177083 0.025312 0.020000
0 0.708594 0.178646 0.011250 0.028750
0 0.555469 0.183333 0.030000 0.040000
0 0.197266 0.173958 0.006563 0.020000
0 0.155469 0.173437 0.015000 0.018750
0 0.038672 0.172917 0.021562 0.025000
0 0.441016 0.176563 0.030937 0.036250
0 0.673047 0.180208 0.042188 0.047500
0 0.220703 0.171875 0.017813 0.027500
0 0.696484 0.175000 0.021562 0.045000
0 0.170703 0.176042 0.025312 0.047500
0 0.188672 0.165625 0.012188 0.025000
0 0.761328 0.159896 0.010312 0.018750
0 0.428906 0.157292 0.013125 0.015000
0 0.385547 0.160417 0.012188 0.022500
0 0.640234 0.157812 0.012188 0.021250
0 0.618750 0.164062 0.030000 0.036250
0 0.589844 0.158333 0.020625 0.022500
0 0.558594 0.163021 0.018750 0.036250
0 0.530859 0.160938 0.019688 0.031250
0 0.509766 0.155208 0.012188 0.017500
0 0.319922 0.168750 0.047812 0.050000
0 0.132812 0.171875 0.063750 0.057500
0 0.019141 0.156771 0.010312 0.021250
0 0.650391 0.170833 0.038437 0.060000
0 0.270313 0.159896 0.041250 0.036250
0 0.206250 0.166667 0.024375 0.055000
0 0.739453 0.154167 0.029062 0.032500
0 0.078125 0.146354 0.013125 0.013750
0 0.348047 0.150000 0.015938 0.027500
0 0.448047 0.151042 0.030937 0.032500
0 0.051562 0.174479 0.078750 0.088750
0 0.088281 0.144792 0.015000 0.020000
0 0.548047 0.144792 0.021562 0.022500
0 0.433203 0.143229 0.010312 0.021250
0 0.354687 0.151042 0.013125 0.040000
0 0.296875 0.142708 0.011250 0.020000
0 0.561328 0.139063 0.014063 0.013750
0 0.217969 0.137500 0.015000 0.012500
0 0.725781 0.169271 0.046875 0.091250
0 0.366406 0.148958 0.013125 0.042500
0 0.750000 0.135937 0.009375 0.016250
0 0.337891 0.145833 0.030937 0.040000
0 0.309375 0.136979 0.020625 0.018750
0 0.588672 0.138021 0.012188 0.023750
0 0.479297 0.156250 0.062812 0.070000
0 0.423047 0.134896 0.012188 0.018750
0 0.119531 0.146354 0.037500 0.046250
0 0.140625 0.136979 0.026250 0.026250
0 0.316797 0.132812 0.021562 0.018750
0 0.162500 0.137500 0.022500 0.035000
0 0.537891 0.134375 0.017813 0.030000
0 0.235156 0.148958 0.046875 0.065000
0 0.721484 0.130729 0.014063 0.023750
0 0.609375 0.133333 0.022500 0.030000
0 0.575000 0.130729 0.018750 0.026250
0 0.041016 0.128646 0.021562 0.021250
0 0.513672 0.135417 0.019688 0.040000
0 0.130078 0.125521 0.014063 0.018750
0 0.745313 0.122917 0.015000 0.015000
0 0.418750 0.121875 0.026250 0.017500
0 0.496875 0.135417 0.018750 0.052500
0 0.312500 0.119792 0.020625 0.015000
0 0.100000 0.129167 0.043125 0.037500
0 0.200000 0.121875 0.015000 0.022500
0 0.167969 0.119792 0.011250 0.020000
0 0.541406 0.115625 0.020625 0.012500
0 0.182422 0.132292 0.021562 0.052500
0 0.327344 0.121354 0.011250 0.028750
0 0.250000 0.119792 0.020625 0.025000
0 0.610156 0.115104 0.024375 0.016250
0 0.591016 0.119792 0.015938 0.027500
0 0.123828 0.116146 0.023438 0.018750
0 0.683203 0.136458 0.053437 0.070000
0 0.469141 0.116667 0.015938 0.025000
0 0.336328 0.114062 0.010312 0.018750
0 0.064844 0.129167 0.037500 0.055000
0 0.569531 0.114062 0.016875 0.021250
0 0.149609 0.113542 0.029062 0.022500
0 0.646875 0.110937 0.007500 0.018750
0 0.520703 0.125000 0.023438 0.055000
0 0.438672 0.118750 0.025312 0.040000
0 0.369141 0.108333 0.014063 0.015000
0 0.057422 0.110937 0.019688 0.021250
0 0.631641 0.127604 0.029062 0.063750
0 0.720313 0.113542 0.046875 0.037500
0 0.205859 0.104167 0.010312 0.015000
0 0.348438 0.105729 0.030000 0.021250
0 0.154688 0.101042 0.011250 0.012500
0 0.273438 0.105208 0.015000 0.030000
0 0.112109 0.096875 0.015938 0.010000
0 0.657031 0.114062 0.028125 0.053750
0 0.181641 0.100521 0.017813 0.021250
0 0.100781 0.102083 0.033750 0.025000
0 0.483594 0.108333 0.024375 0.042500
0 0.081250 0.094792 0.011250 0.012500
0 0.676953 0.093750 0.012188 0.012500
0 0.628125 0.096875 0.018750 0.022500
0 0.566797 0.093750 0.023438 0.015000
0 0.006094 0.099479 0.012188 0.028750
0 0.340625 0.089063 0.013125 0.011250
0 0.991094 0.097396 0.017813 0.036250
0 0.730469 0.089583 0.020625 0.025000
0 0.675000 0.083854 0.018750 0.011250
0 0.646484 0.090104 0.027187 0.028750
0 0.158984 0.086979 0.012188 0.023750
0 0.686719 0.086979 0.009375 0.028750
0 0.543359 0.090625 0.036562 0.037500
0 0.396484 0.139063 0.059062 0.153750
0 0.278516 0.084375 0.014063 0.022500
0 0.127344 0.094792 0.031875 0.050000
0 0.593359 0.079167 0.014063 0.015000
0 0.296484 0.094792 0.034687 0.055000
0 0.170703 0.090104 0.015938 0.043750
0 0.623828 0.077083 0.015938 0.017500
0 0.418359 0.089063 0.021562 0.048750
0 0.322266 0.083854 0.029062 0.036250
0 0.237500 0.098437 0.071250 0.071250
0 0.102344 0.079167 0.024375 0.030000
0 0.186719 0.077083 0.024375 0.027500
0 0.362891 0.082812 0.040313 0.046250
0 0.581641 0.089063 0.038437 0.068750
0 0.266016 0.067708 0.025312 0.017500
0 0.666797 0.067708 0.012188 0.022500
0 0.340625 0.070833 0.022500 0.030000
0 0.189844 0.065104 0.011250 0.016250
0 0.996250 0.065625 0.007500 0.020000
0 0.137109 0.071354 0.025312 0.033750
0 0.715234 0.064062 0.012188 0.018750
0 0.691016 0.066667 0.010312 0.025000
0 0.656641 0.073438 0.023438 0.041250
0 0.356641 0.064062 0.014063 0.023750
0 0.676172 0.058333 0.015938 0.015000
0 0.311328 0.059375 0.025312 0.017500
0 0.023047 0.059375 0.008437 0.020000
0 0.601562 0.057292 0.011250 0.022500
0 0.367969 0.055208 0.016875 0.017500
0 0.226562 0.053646 0.013125 0.013750
0 0.187891 0.052083 0.017813 0.010000
0 0.167969 0.058333 0.015000 0.025000
0 0.703516 0.079687 0.027187 0.078750
0 0.623437 0.056250 0.028125 0.022500
0 0.837500 0.063021 0.033750 0.043750
0 0.209766 0.051042 0.008437 0.015000
0 0.658984 0.052083 0.019688 0.020000
0 0.500391 0.043750 0.014063 0.010000
0 0.472656 0.080208 0.112500 0.097500
0 0.612500 0.046354 0.013125 0.018750
0 0.986875 0.057292 0.026250 0.050000
0 0.149219 0.049479 0.033750 0.031250
0 0.685937 0.039583 0.013125 0.012500
0 0.671094 0.042188 0.015000 0.018750
0 0.373047 0.039062 0.008437 0.016250
0 0.472266 0.035937 0.010312 0.011250
0 0.639844 0.039583 0.018750 0.025000
0 0.358203 0.036979 0.017813 0.018750
0 0.213672 0.038021 0.025312 0.021250
0 0.580859 0.036458 0.006563 0.020000
0 0.176563 0.039583 0.015000 0.027500
0 0.696094 0.034375 0.015000 0.017500
0 0.427734 0.035937 0.021562 0.021250
0 0.330078 0.032813 0.012188 0.021250
0 0.839063 0.032813 0.013125 0.026250
0 0.321484 0.034896 0.014063 0.033750
0 0.481250 0.026042 0.007500 0.015000
0 0.619531 0.028646 0.026250 0.023750
0 0.533594 0.050521 0.076875 0.076250
0 0.362500 0.025000 0.009375 0.015000
0 0.235156 0.029167 0.011250 0.027500
0 0.207422 0.026042 0.038437 0.020000
0 0.158594 0.026562 0.020625 0.021250
0 0.693359 0.020313 0.017813 0.008750
0 0.347656 0.023958 0.018750 0.020000
0 0.995313 0.027604 0.009375 0.031250
0 0.656641 0.028125 0.014063 0.032500
0 0.568359 0.036979 0.027187 0.053750
0 0.394531 0.038542 0.060000 0.057500
0 0.308594 0.026562 0.013125 0.028750
0 0.901172 0.017188 0.017813 0.008750
0 0.445703 0.044271 0.036562 0.073750
0 0.324219 0.022396 0.005625 0.021250
0 0.512500 0.024479 0.030000 0.028750
0 0.646484 0.020313 0.010312 0.021250
0 0.623828 0.017708 0.012188 0.015000
0 0.597266 0.024479 0.023438 0.036250
0 0.575781 0.019271 0.026250 0.026250
0 0.895312 0.010937 0.016875 0.011250
0 0.676953 0.019792 0.017813 0.032500
0 0.462109 0.018750 0.014063 0.030000
0 0.355078 0.011979 0.010312 0.013750
0 0.315234 0.013021 0.012188 0.016250
0 0.523828 0.010937 0.021562 0.013750
0 0.284375 0.041250 0.046875 0.082500
0 0.870703 0.017708 0.034687 0.035000
0 0.497266 0.011979 0.008437 0.021250
0 0.262500 0.035625 0.060000 0.071250
0 0.600781 0.009896 0.013125 0.018750
0 0.983984 0.006875 0.027187 0.013750
0 0.973437 0.015000 0.031875 0.030000
0 0.845313 0.015625 0.031875 0.031250
0 0.818359 0.008125 0.012188 0.016250
0 0.816719 0.345000 0.366563 0.690000
0 0.657031 0.008125 0.018750 0.016250
0 0.613281 0.010000 0.013125 0.020000
0 0.571094 0.006250 0.011250 0.012500
0 0.558594 0.009375 0.013125 0.018750
0 0.543750 0.008125 0.016875 0.016250
0 0.506250 0.005625 0.013125 0.011250
0 0.484766 0.009375 0.010312 0.018750
0 0.441406 0.007500 0.018750 0.015000
0 0.424219 0.012500 0.018750 0.025000
0 0.340234 0.010625 0.015938 0.021250
0 0.323828 0.005000 0.015938 0.010000
0 0.233203 0.011250 0.019688 0.022500
0 0.214453 0.010000 0.019688 0.020000
0 0.180859 0.013750 0.015938 0.027500
0 0.077734 0.006250 0.014063 0.012500
0 0.034375 0.010000 0.018750 0.020000
0 0.097969 0.093125 0.195937 0.186250
