0 0.462948 0.804375 0.067943 0.022500
0 0.682764 0.776875 0.019983 0.015000
0 0.667361 0.771875 0.018984 0.015000
0 0.502082 0.754375 0.021982 0.010500
0 0.263947 0.739375 0.067943 0.030000
0 0.179017 0.746250 0.057952 0.054000
0 0.223980 0.730000 0.039967 0.025500
0 0.470025 0.723125 0.018984 0.012000
0 0.406744 0.725938 0.022981 0.020250
0 0.142798 0.725938 0.072939 0.024750
0 0.499584 0.731875 0.045962 0.040500
0 0.392590 0.715938 0.014988 0.006750
0 0.673605 0.711250 0.027977 0.009000
0 0.194421 0.712812 0.016986 0.021750
0 0.127394 0.718750 0.073938 0.036000
0 0.313489 0.712812 0.046961 0.047250
0 0.620316 0.707500 0.051957 0.039000
0 0.250208 0.706875 0.116903 0.039000
0 0.694421 0.698438 0.011990 0.021750
0 0.558701 0.696250 0.019983 0.016500
0 0.146128 0.695312 0.018984 0.014250
0 0.652789 0.701562 0.019983 0.033750
0 0.591590 0.693438 0.012989 0.014250
0 0.521649 0.699688 0.062948 0.029250
0 0.420483 0.698750 0.039967 0.030000
0 0.469609 0.698750 0.079933 0.051000
0 0.251041 0.677813 0.014988 0.008250
0 0.378851 0.700313 0.101915 0.071250
0 0.273522 0.676875 0.016986 0.021000
0 0.473772 0.671875 0.007993 0.013500
0 0.268526 0.668438 0.008993 0.014250
0 0.112823 0.677500 0.016986 0.037500
0 0.620316 0.674375 0.053955 0.031500
0 0.199417 0.681250 0.104913 0.054000
0 0.082015 0.662813 0.020983 0.011250
0 0.561199 0.670937 0.097918 0.035250
0 0.310158 0.668125 0.048959 0.028500
0 0.492923 0.672188 0.037968 0.039750
0 0.783097 0.659062 0.018984 0.012750
0 0.357619 0.674063 0.118901 0.050250
0 0.250624 0.661250 0.009992 0.022500
0 0.201915 0.658750 0.028976 0.024000
0 0.444213 0.663750 0.074938 0.037500
0 0.803913 0.645000 0.020983 0.009000
0 0.589509 0.648125 0.013988 0.016500
0 0.273522 0.669063 0.048959 0.066750
0 0.738968 0.650625 0.012989 0.025500
0 0.614072 0.649375 0.020983 0.024000
0 0.415487 0.646250 0.027977 0.025500
0 0.742298 0.668125 0.078934 0.079500
0 0.595754 0.636875 0.022981 0.006000
0 0.781016 0.651563 0.041965 0.044250
0 0.277269 0.635000 0.019983 0.006000
0 0.844296 0.648125 0.067943 0.043500
0 0.126978 0.631875 0.014988 0.006000
0 0.212739 0.630313 0.032973 0.008250
0 0.064530 0.642500 0.052956 0.037500
0 0.234804 0.640312 0.029975 0.035250
0 0.315987 0.640625 0.078934 0.040500
0 0.161116 0.650000 0.092923 0.072000
0 0.092007 0.624062 0.008993 0.017250
0 0.179850 0.614688 0.007993 0.008250
0 0.396336 0.630625 0.021982 0.048000
0 0.350125 0.618437 0.036969 0.020250
0 0.118235 0.626250 0.061948 0.039000
0 0.878851 0.616250 0.018984 0.016500
0 0.759784 0.614375 0.022981 0.013500
0 0.028476 0.623437 0.056953 0.036750
0 0.300167 0.615000 0.010991 0.018000
0 0.796420 0.620625 0.020983 0.034500
0 0.111990 0.609062 0.036969 0.009750
0 0.251457 0.620625 0.035970 0.045000
0 0.722315 0.612500 0.040966 0.027000
0 0.472107 0.625000 0.057952 0.057000
0 0.689842 0.604062 0.032973 0.014250
0 0.077019 0.606875 0.030974 0.021000
0 0.346794 0.618750 0.090924 0.055500
0 0.442548 0.613750 0.034971 0.046500
0 0.156536 0.600000 0.035970 0.018000
0 0.810575 0.592500 0.030974 0.015000
0 0.281848 0.596562 0.038968 0.024750
0 0.008326 0.594063 0.015987 0.018750
0 0.895504 0.595625 0.036969 0.025500
0 0.834721 0.608750 0.046961 0.058500
0 0.911324 0.587500 0.006994 0.009000
0 0.188177 0.585938 0.011990 0.008250
0 0.509159 0.616875 0.086928 0.085500
0 0.407993 0.589375 0.027977 0.019500
0 0.383430 0.596250 0.042964 0.036000
0 0.642381 0.625938 0.258784 0.114750
0 0.306411 0.585938 0.065945 0.027750
0 0.665695 0.585000 0.016986 0.027000
0 0.425895 0.595000 0.048959 0.057000
0 0.412989 0.576250 0.021982 0.018000
0 0.890924 0.599688 0.089925 0.078750
0 0.731890 0.571562 0.005995 0.012750
0 0.700250 0.580313 0.023980 0.036750
0 0.600000 0.712500 1.000000 0.355500
0 0.967527 0.576562 0.039967 0.030750
0 0.869276 0.570000 0.009992 0.016500
0 0.644047 0.569688 0.044963 0.020250
0 0.570774 0.570000 0.020983 0.024000
0 0.758951 0.584063 0.112906 0.059250
0 0.704413 0.560937 0.013988 0.008250
0 0.053705 0.566562 0.022981 0.021750
0 0.934221 0.564063 0.015987 0.021750
0 0.094088 0.579063 0.077935 0.057750
0 0.356786 0.573438 0.028976 0.045750
0 0.602415 0.565000 0.052956 0.030000
0 0.651124 0.559688 0.023980 0.018750
0 0.475853 0.567500 0.038968 0.045000
0 0.733972 0.552500 0.010991 0.010500
0 0.640716 0.551562 0.020983 0.012750
0 0.137802 0.548438 0.012989 0.008250
0 0.559950 0.561562 0.060949 0.041250
0 0.371774 0.547188 0.016986 0.006750
0 0.972523 0.551562 0.054954 0.020250
0 0.235637 0.547813 0.019983 0.020250
0 0.796003 0.547188 0.045962 0.021750
0 0.316819 0.542813 0.020983 0.012750
0 0.044546 0.546875 0.042964 0.022500
0 0.139467 0.547188 0.056953 0.030750
0 0.495004 0.540000 0.020983 0.019500
0 0.044963 0.561250 0.089925 0.073500
0 0.251457 0.565000 0.181848 0.090000
0 0.062864 0.530937 0.018984 0.008250
0 0.470441 0.531563 0.021982 0.011250
0 0.634471 0.537188 0.053955 0.027750
0 0.352206 0.535000 0.013988 0.027000
0 0.693589 0.541875 0.083930 0.045000
0 0.154455 0.530312 0.044963 0.021750
0 0.102831 0.537188 0.048959 0.038250
0 0.251041 0.524687 0.010991 0.011250
0 0.873855 0.554375 0.138884 0.087000
0 0.231890 0.523438 0.032973 0.015750
0 0.034971 0.525625 0.023980 0.028500
0 0.198168 0.519687 0.039967 0.020250
0 0.888843 0.517500 0.014988 0.019500
0 0.646961 0.517188 0.013988 0.021750
0 0.407993 0.513125 0.007993 0.016500
0 0.261449 0.515000 0.011990 0.025500
0 0.309742 0.517813 0.043963 0.033750
0 0.562032 0.533438 0.139883 0.072750
0 0.357619 0.540000 0.074938 0.088500
0 0.210658 0.535937 0.107910 0.078750
0 0.719400 0.524062 0.155870 0.059250
0 0.011990 0.502500 0.023980 0.007500
0 0.460033 0.538750 0.214821 0.099000
0 0.828060 0.516250 0.092923 0.051000
0 0.580766 0.508750 0.072939 0.036000
0 0.796420 0.496563 0.024979 0.008250
0 0.682348 0.495937 0.020983 0.009750
0 0.298501 0.500000 0.076936 0.021000
0 0.183181 0.504375 0.053955 0.034500
0 0.874688 0.508125 0.064946 0.048000
0 0.759367 0.494063 0.017985 0.018750
0 0.443381 0.503125 0.110908 0.043500
0 0.341382 0.482500 0.019983 0.006000
0 0.251873 0.490000 0.014988 0.025500
0 0.888010 0.478750 0.024979 0.012000
0 0.286844 0.480625 0.060949 0.021000
0 0.664446 0.491250 0.127893 0.048000
0 0.125312 0.499688 0.076936 0.074250
0 0.008993 0.472813 0.017985 0.012750
0 0.669858 0.471250 0.016986 0.016500
0 0.561615 0.481250 0.108909 0.042000
0 0.437552 0.476250 0.020983 0.030000
0 0.966528 0.505000 0.066944 0.105000
0 0.170275 0.470625 0.034971 0.022500
0 0.283097 0.461875 0.027977 0.007500
0 0.460866 0.463438 0.032973 0.014250
0 0.481682 0.459688 0.014988 0.008250
0 0.223564 0.463438 0.054954 0.017250
0 0.062032 0.461562 0.016986 0.014250
0 0.615737 0.469375 0.122898 0.034500
0 0.171940 0.471875 0.070941 0.045000
0 0.609908 0.456250 0.010991 0.013500
0 0.758951 0.470313 0.100916 0.050250
0 0.825978 0.460625 0.069942 0.030000
0 0.489176 0.467500 0.110908 0.046500
0 0.520816 0.452813 0.012989 0.011250
0 0.864696 0.472187 0.070941 0.059250
0 0.278518 0.457813 0.074938 0.024750
0 0.932140 0.485938 0.090924 0.095250
0 0.684430 0.453125 0.037968 0.018000
0 0.233972 0.449062 0.035970 0.009750
0 0.766445 0.447813 0.014988 0.008250
0 0.079517 0.485312 0.134888 0.099750
0 0.713572 0.456250 0.073938 0.031500
0 0.529975 0.441875 0.008993 0.013500
0 0.089509 0.444063 0.026978 0.023250
0 0.947544 0.445625 0.104913 0.031500
0 0.445878 0.440000 0.018984 0.024000
0 0.860533 0.437812 0.038968 0.023250
0 0.880516 0.435937 0.016986 0.020250
0 0.582431 0.440937 0.042964 0.032250
0 0.514571 0.431250 0.037968 0.013500
0 0.671524 0.439688 0.120899 0.036750
0 0.831807 0.432188 0.035970 0.024750
0 0.985512 0.428438 0.028976 0.017250
0 0.858035 0.421875 0.020983 0.009000
0 0.352623 0.422187 0.028976 0.009750
0 0.014488 0.430312 0.028976 0.029250
0 0.270608 0.430937 0.079933 0.032250
0 0.387177 0.456875 0.157868 0.096000
0 0.064946 0.432500 0.109908 0.039000
0 0.420067 0.430937 0.056953 0.038250
0 0.915071 0.420312 0.029975 0.018750
0 0.793089 0.416563 0.016986 0.011250
0 0.781848 0.426563 0.087927 0.036750
0 0.145712 0.432500 0.057952 0.054000
0 0.705662 0.418438 0.018984 0.021750
0 0.780600 0.415312 0.012989 0.015750
0 0.095337 0.413125 0.036969 0.012000
0 0.027061 0.410000 0.022981 0.006000
0 0.731474 0.424063 0.026978 0.041250
0 0.545795 0.410938 0.028976 0.011250
0 0.987011 0.415312 0.025978 0.026250
0 0.812656 0.409687 0.017985 0.021750
0 0.661116 0.402813 0.019983 0.006750
0 0.722315 0.403438 0.012989 0.009750
0 0.991007 0.401562 0.017985 0.006750
0 0.955454 0.411250 0.066944 0.033000
0 0.379267 0.402500 0.058951 0.028500
0 0.865945 0.397188 0.015987 0.017250
0 0.681099 0.396562 0.015987 0.015750
0 0.546211 0.396562 0.013988 0.023250
0 0.469192 0.424063 0.090924 0.089250
0 0.761865 0.393125 0.019983 0.019500
0 0.072023 0.400000 0.042964 0.036000
0 0.468360 0.385625 0.014988 0.006000
0 0.826395 0.391250 0.060949 0.022500
0 0.287677 0.388750 0.016986 0.016500
0 0.887594 0.407500 0.033972 0.063000
0 0.970525 0.389688 0.058951 0.023250
0 0.788093 0.385625 0.010991 0.013500
0 0.196919 0.387188 0.038968 0.018750
0 0.932556 0.385313 0.025978 0.015750
0 0.510408 0.400000 0.037968 0.054000
0 0.067444 0.380312 0.007993 0.009750
0 0.603664 0.398125 0.111907 0.064500
0 0.094505 0.387813 0.074938 0.045750
0 0.403830 0.389375 0.055953 0.054000
0 0.153622 0.383437 0.074938 0.041250
0 0.214821 0.370000 0.013988 0.012000
0 0.721898 0.382812 0.075937 0.044250
0 0.759784 0.371563 0.014988 0.018750
0 0.678185 0.376250 0.024979 0.030000
0 0.454621 0.372812 0.061948 0.023250
0 0.660699 0.364375 0.014988 0.007500
0 0.390508 0.364375 0.015987 0.007500
0 0.815987 0.369063 0.019983 0.027750
0 0.358451 0.365312 0.008993 0.018750
0 0.722315 0.361875 0.008993 0.012000
0 0.199417 0.361563 0.008993 0.012750
0 0.440050 0.359687 0.006994 0.014250
0 0.094921 0.356875 0.025978 0.010500
0 0.241465 0.357500 0.007993 0.013500
0 0.871357 0.367188 0.080933 0.041250
0 0.658201 0.354687 0.036969 0.011250
0 0.813905 0.349687 0.018984 0.012750
0 0.941049 0.362500 0.117902 0.058500
0 0.946295 0.340938 0.018984 0.009750
0 0.904246 0.343750 0.031973 0.025500
0 0.271440 0.336875 0.037968 0.010500
0 0.799750 0.337187 0.012989 0.014250
0 0.154455 0.335000 0.012989 0.009000
0 0.603247 0.335000 0.024979 0.010500
0 0.323064 0.336562 0.015987 0.023250
0 0.240216 0.338438 0.058951 0.027750
0 0.746045 0.356875 0.145878 0.073500
0 0.354704 0.328125 0.019983 0.007500
0 0.425479 0.326562 0.013988 0.008250
0 0.300999 0.331875 0.030974 0.021000
0 0.980017 0.326875 0.017985 0.013500
0 0.935887 0.327188 0.037968 0.014250
0 0.266861 0.325937 0.022981 0.014250
0 0.171940 0.327813 0.016986 0.018750
0 0.634055 0.324062 0.014988 0.011250
0 0.815570 0.332813 0.064946 0.035250
0 0.391757 0.323125 0.010991 0.012000
0 0.744796 0.324688 0.054954 0.017250
0 0.331391 0.333125 0.031973 0.039000
0 0.920067 0.315312 0.021982 0.011250
0 0.675687 0.318125 0.018984 0.021000
0 0.597002 0.327500 0.101915 0.043500
0 0.650708 0.312188 0.024979 0.009750
0 0.263114 0.310625 0.013988 0.009000
0 0.189009 0.311563 0.029975 0.012750
0 0.157369 0.315937 0.027977 0.030750
0 0.370941 0.376563 0.494588 0.177750
0 0.245629 0.305312 0.009992 0.009750
0 0.547877 0.307500 0.011990 0.016500
0 0.458368 0.302500 0.010991 0.012000
0 0.163614 0.304063 0.020983 0.015750
0 0.536220 0.300000 0.011990 0.007500
0 0.286844 0.303438 0.016986 0.015750
0 0.222731 0.321875 0.046961 0.061500
0 0.704413 0.302812 0.023980 0.018750
0 0.561199 0.298438 0.013988 0.009750
0 0.252290 0.296250 0.015987 0.009000
0 0.668193 0.330625 0.196836 0.093000
0 0.228976 0.293125 0.031973 0.012000
0 0.883847 0.290000 0.020983 0.006000
0 0.985012 0.292500 0.029975 0.018000
0 0.702331 0.291250 0.040966 0.015000
0 0.848043 0.290625 0.048959 0.015000
0 0.183597 0.294375 0.028976 0.027000
0 0.263114 0.285625 0.013988 0.012000
0 0.616986 0.284687 0.047960 0.018750
0 0.195670 0.279375 0.007993 0.013500
0 0.686511 0.281250 0.018984 0.019500
0 0.847627 0.275938 0.015987 0.011250
0 0.398418 0.274687 0.026978 0.008250
0 0.667361 0.274375 0.020983 0.009000
0 0.960533 0.297812 0.078934 0.066750
0 0.781432 0.281250 0.072939 0.028500
0 0.436303 0.276562 0.027977 0.017250
0 0.238135 0.278438 0.015987 0.021750
0 0.533306 0.269062 0.018984 0.005250
0 0.286012 0.267813 0.010991 0.012750
0 0.977102 0.270313 0.016986 0.024750
0 0.423813 0.282813 0.217818 0.054750
0 0.218984 0.271250 0.011990 0.027000
0 0.668609 0.263437 0.051957 0.014250
0 0.281016 0.263750 0.024979 0.016500
0 0.641549 0.260625 0.024979 0.013500
0 0.992007 0.258437 0.015987 0.009750
0 0.955870 0.263125 0.019983 0.028500
0 0.471274 0.256250 0.013988 0.013500
0 0.538301 0.249688 0.030974 0.008250
0 0.852206 0.290312 0.192839 0.110250
0 0.224813 0.255625 0.045962 0.027000
0 0.623647 0.247188 0.025978 0.012750
0 0.753955 0.245938 0.026978 0.012750
0 0.592839 0.276250 0.215820 0.088500
0 0.350541 0.241250 0.011990 0.007500
0 0.317652 0.278125 0.170858 0.103500
0 0.327644 0.235625 0.036969 0.010500
0 0.758535 0.248125 0.063947 0.042000
0 0.699417 0.241563 0.037968 0.032250
0 0.503747 0.258437 0.075937 0.078750
0 0.659450 0.233125 0.053955 0.019500
0 0.941299 0.239687 0.026978 0.039750
0 0.971690 0.225000 0.019983 0.006000
0 0.855953 0.241563 0.067943 0.051750
0 0.725645 0.224375 0.026978 0.013500
0 0.531640 0.222500 0.016986 0.013500
0 0.694005 0.220625 0.022981 0.012000
0 0.975520 0.233437 0.048959 0.048750
0 0.577852 0.223438 0.103913 0.036750
0 0.832223 0.217812 0.016986 0.027750
0 0.612823 0.214375 0.059950 0.031500
0 0.734388 0.213750 0.067943 0.031500
0 0.941715 0.198437 0.019983 0.008250
0 0.674438 0.210000 0.081932 0.039000
0 0.865112 0.219062 0.077935 0.068250
0 0.342631 0.205937 0.036969 0.053250
0 0.475021 0.210938 0.120899 0.069750
0 0.835554 0.193750 0.068943 0.043500
0 0.432973 0.180625 0.011990 0.015000
0 0.353039 0.180312 0.027977 0.017250
0 0.392173 0.198125 0.065945 0.076500
0 0.916570 0.235313 0.166861 0.167250
0 0.934221 0.171563 0.011990 0.014250
0 0.426728 0.169375 0.030974 0.010500
0 0.579933 0.182812 0.026978 0.053250
0 0.476686 0.178437 0.092923 0.045750
0 0.702331 0.175625 0.136886 0.057000
0 0.907577 0.169063 0.077935 0.044250
0 0.867194 0.162188 0.066944 0.030750
0 0.535803 0.177500 0.098918 0.072000
0 0.423397 0.155938 0.010991 0.020250
0 0.775604 0.169687 0.034971 0.056250
0 0.770608 0.149375 0.012989 0.012000
0 0.741882 0.140313 0.043963 0.012750
0 0.671524 0.142500 0.010991 0.019500
0 0.770192 0.132188 0.011990 0.015750
0 0.639051 0.126562 0.022981 0.006750
0 0.654038 0.145625 0.068943 0.055500
0 0.582015 0.121250 0.023980 0.027000
0 0.443797 0.114375 0.007993 0.012000
0 0.378018 0.135937 0.075937 0.065250
0 0.413822 0.120625 0.029975 0.043500
0 0.652373 0.110937 0.060949 0.026250
0 0.558285 0.104688 0.034971 0.011250
0 0.529142 0.145625 0.270774 0.112500
0 0.470441 0.101562 0.011990 0.012750
0 0.854704 0.102813 0.046961 0.027750
0 0.529975 0.095312 0.018984 0.014250
0 0.611990 0.104688 0.025978 0.039750
0 0.558701 0.091875 0.007993 0.015000
0 0.844713 0.095937 0.062948 0.042750
0 0.726478 0.095000 0.034971 0.043500
0 0.972023 0.092813 0.055953 0.042750
0 0.727727 0.106875 0.111907 0.111000
0 0.600000 0.232875 1.000000 0.465750
