0 0.313021 0.614453 0.043750 0.017813
0 0.344792 0.610938 0.042500 0.020625
0 0.636979 0.608594 0.043750 0.024375
0 0.380729 0.600000 0.033750 0.024375
0 0.417187 0.591016 0.046250 0.017813
0 0.520833 0.588672 0.020000 0.025312
0 0.467187 0.591406 0.066250 0.035625
0 0.504167 0.583984 0.020000 0.025312
0 0.646875 0.579688 0.045000 0.018750
0 0.282813 0.576953 0.033750 0.012188
0 0.359896 0.582031 0.031250 0.039375
0 0.395313 0.577344 0.056250 0.035625
0 0.434375 0.572266 0.027500 0.025312
0 0.228125 0.570312 0.032500 0.024375
0 0.545312 0.567578 0.063750 0.025312
0 0.395833 0.564063 0.025000 0.016875
0 0.301563 0.579688 0.116250 0.065625
0 0.250521 0.558594 0.026250 0.022500
0 0.442708 0.554688 0.017500 0.015000
0 0.548438 0.555469 0.033750 0.018750
0 0.297396 0.554688 0.023750 0.020625
0 0.786979 0.555078 0.043750 0.025312
0 0.260417 0.543750 0.025000 0.013125
0 0.573438 0.545703 0.016250 0.019688
0 0.562500 0.538281 0.017500 0.024375
0 0.713542 0.536719 0.045000 0.022500
0 0.694792 0.531250 0.037500 0.026250
0 0.265104 0.551562 0.058750 0.078750
0 0.480208 0.546094 0.080000 0.071250
0 0.447396 0.521875 0.041250 0.013125
0 0.135937 0.518750 0.043750 0.015000
0 0.610938 0.521484 0.071250 0.034687
0 0.292187 0.512109 0.011250 0.012188
0 0.281250 0.503125 0.017500 0.011250
0 0.254688 0.508594 0.036250 0.024375
0 0.675000 0.502734 0.037500 0.015938
0 0.649479 0.502344 0.018750 0.015000
0 0.575521 0.510938 0.018750 0.035625
0 0.550000 0.521094 0.030000 0.063750
0 0.613021 0.506641 0.048750 0.032813
0 0.463542 0.504297 0.025000 0.027187
0 0.600000 0.711719 1.000000 0.576562
0 0.432292 0.510938 0.050000 0.048750
0 0.229687 0.498437 0.033750 0.018750
0 0.418229 0.510547 0.053750 0.053437
0 0.634375 0.493750 0.032500 0.022500
0 0.420833 0.489453 0.012500 0.012188
0 0.573438 0.487891 0.028750 0.012188
0 0.152083 0.486328 0.045000 0.014063
0 0.322917 0.514062 0.085000 0.086250
0 0.653646 0.479687 0.023750 0.011250
0 0.591146 0.483594 0.033750 0.022500
0 0.507292 0.510547 0.070000 0.096562
0 0.113542 0.480469 0.030000 0.024375
0 0.257812 0.485547 0.096250 0.038437
0 0.196875 0.477344 0.040000 0.018750
0 0.625521 0.475781 0.046250 0.024375
0 0.790625 0.468359 0.047500 0.015938
0 0.552604 0.476172 0.048750 0.038437
0 0.536458 0.469141 0.027500 0.021562
0 0.520312 0.491406 0.036250 0.076875
0 0.379167 0.464844 0.032500 0.026250
0 0.240625 0.461719 0.037500 0.018750
0 0.386458 0.513281 0.177500 0.159375
0 0.534375 0.450391 0.012500 0.010312
0 0.403125 0.452344 0.017500 0.018750
0 0.463021 0.451562 0.033750 0.018750
0 0.927083 0.445703 0.040000 0.014063
0 0.220312 0.446875 0.036250 0.022500
0 0.728646 0.453125 0.058750 0.043125
0 0.665625 0.448437 0.025000 0.031875
0 0.636458 0.448437 0.045000 0.035625
0 0.556771 0.446484 0.036250 0.032813
0 0.394271 0.438672 0.013750 0.015938
0 0.627604 0.435937 0.033750 0.013125
0 0.488021 0.461328 0.073750 0.074063
0 0.576562 0.442578 0.023750 0.036562
0 0.513021 0.430078 0.018750 0.010312
0 0.377604 0.441016 0.028750 0.036562
0 0.473958 0.433203 0.027500 0.025312
0 0.443229 0.439844 0.043750 0.041250
0 0.603125 0.446094 0.037500 0.067500
0 0.634375 0.423047 0.032500 0.014063
0 0.743750 0.421484 0.022500 0.017813
0 0.494271 0.417187 0.021250 0.015000
0 0.571875 0.413672 0.015000 0.015938
0 0.738542 0.407813 0.022500 0.013125
0 0.545312 0.422656 0.048750 0.050625
0 0.764583 0.417969 0.040000 0.041250
0 0.343750 0.453125 0.072500 0.131250
0 0.685417 0.406641 0.025000 0.021562
0 0.633854 0.405859 0.028750 0.025312
0 0.506771 0.403516 0.026250 0.019688
0 0.598958 0.410156 0.037500 0.039375
0 0.369271 0.399219 0.021250 0.015000
0 0.331250 0.397656 0.020000 0.013125
0 0.440104 0.415625 0.106250 0.065625
0 0.775000 0.392188 0.017500 0.015000
0 0.846354 0.395703 0.038750 0.025312
0 0.705208 0.440625 0.102500 0.135000
0 0.643229 0.387500 0.016250 0.016875
0 0.591667 0.394141 0.030000 0.034687
0 0.578646 0.387500 0.013750 0.018750
0 0.524479 0.385156 0.043750 0.020625
0 0.483854 0.389453 0.018750 0.034687
0 0.276042 0.378125 0.012500 0.011250
0 0.220833 0.383984 0.032500 0.025312
0 0.463542 0.381641 0.027500 0.023438
0 0.602604 0.373828 0.011250 0.010312
0 0.586979 0.371875 0.016250 0.015000
0 0.510417 0.370703 0.020000 0.014063
0 0.455729 0.368359 0.021250 0.008437
0 0.801562 0.380078 0.038750 0.040313
0 0.286458 0.365625 0.027500 0.009375
0 0.771875 0.374219 0.050000 0.035625
0 0.719792 0.375781 0.100000 0.045000
0 0.837500 0.359766 0.045000 0.017813
0 0.755208 0.356250 0.020000 0.009375
0 0.481771 0.362109 0.021250 0.023438
0 0.798438 0.356641 0.036250 0.015938
0 0.679167 0.356641 0.017500 0.019688
0 0.694271 0.350000 0.011250 0.015000
0 0.501563 0.351172 0.021250 0.030937
0 0.367708 0.350781 0.062500 0.033750
0 0.687500 0.339453 0.012500 0.010312
0 0.521354 0.343750 0.023750 0.028125
0 0.539062 0.332422 0.026250 0.006563
0 0.291146 0.403906 0.131250 0.178125
0 0.798438 0.337500 0.018750 0.026250
0 0.474479 0.339844 0.053750 0.039375
0 0.397396 0.329297 0.016250 0.014063
0 0.581771 0.326562 0.018750 0.011250
0 0.471354 0.324609 0.013750 0.017813
0 0.555729 0.318750 0.066250 0.018750
0 0.832292 0.323047 0.050000 0.036562
0 0.507812 0.312500 0.071250 0.018750
0 0.712500 0.366797 0.152500 0.152812
0 0.701562 0.321875 0.093750 0.050625
0 0.394271 0.358203 0.146250 0.137813
0 0.544271 0.303125 0.021250 0.013125
0 0.776042 0.321094 0.047500 0.065625
0 0.728646 0.295312 0.016250 0.016875
0 0.566146 0.299219 0.023750 0.033750
0 0.478125 0.300781 0.045000 0.039375
0 0.634896 0.288281 0.023750 0.016875
0 0.407813 0.311328 0.138750 0.072187
0 0.721354 0.282031 0.023750 0.011250
0 0.755208 0.289453 0.032500 0.036562
0 0.558333 0.280469 0.017500 0.026250
0 0.718229 0.271094 0.016250 0.016875
0 0.545312 0.276172 0.026250 0.029062
0 0.422917 0.277734 0.052500 0.034687
0 0.417187 0.268750 0.013750 0.015000
0 0.646354 0.262109 0.021250 0.025312
0 0.592187 0.266016 0.046250 0.038437
0 0.474479 0.260937 0.056250 0.043125
0 0.698958 0.253906 0.032500 0.031875
0 0.672396 0.257812 0.036250 0.041250
0 0.600521 0.320312 0.258750 0.208125
0 0.564063 0.257422 0.133750 0.075938
0 0.606771 0.199219 0.038750 0.026250
0 0.551562 0.203125 0.053750 0.048750
0 0.863750 0.208594 0.272500 0.417187
0 0.261875 0.207187 0.523750 0.414375
