0 0.730641 0.954375 0.014988 0.013500
0 0.377186 0.943125 0.021982 0.010500
0 0.359284 0.930000 0.022981 0.031500
0 0.406328 0.925000 0.033972 0.034500
0 0.393838 0.910625 0.031973 0.009000
0 0.700666 0.910625 0.020983 0.016500
0 0.744796 0.905625 0.008993 0.019500
0 0.372190 0.901875 0.009992 0.012000
0 0.321399 0.903125 0.021982 0.016500
0 0.268943 0.899375 0.011990 0.013500
0 0.434638 0.899062 0.013988 0.018750
0 0.375937 0.891563 0.010991 0.009750
0 0.684013 0.894687 0.014988 0.018750
0 0.429642 0.882812 0.023980 0.009750
0 0.329309 0.885938 0.024979 0.024750
0 0.536636 0.869375 0.010991 0.009000
0 0.441715 0.870625 0.022981 0.015000
0 0.291840 0.868750 0.010991 0.012000
0 0.499167 0.871875 0.066944 0.025500
0 0.355953 0.867500 0.024979 0.016500
0 0.582431 0.869375 0.024979 0.022500
0 0.397585 0.851250 0.020983 0.007500
0 0.346794 0.854688 0.018984 0.017250
0 0.758951 0.853750 0.022981 0.021000
0 0.517902 0.845625 0.011990 0.009000
0 0.312240 0.862500 0.029975 0.054000
0 0.358035 0.841562 0.009992 0.008250
0 0.797669 0.840000 0.039967 0.019500
0 0.324729 0.835313 0.011990 0.009750
0 0.216486 0.835938 0.007993 0.012750
0 0.467943 0.833125 0.011990 0.007500
0 0.684013 0.845625 0.036969 0.039000
0 0.372606 0.832500 0.016986 0.010500
0 0.732723 0.833438 0.037968 0.015750
0 0.406328 0.836250 0.015987 0.024000
0 0.569109 0.840000 0.062948 0.046500
0 0.223564 0.825313 0.026978 0.014250
0 0.618235 0.850625 0.044963 0.078000
0 0.781848 0.823125 0.007993 0.016500
0 0.447127 0.823125 0.039967 0.022500
0 0.241882 0.835313 0.028976 0.056250
0 0.276853 0.825000 0.044963 0.042000
0 0.646128 0.834375 0.033972 0.066000
0 0.815154 0.817813 0.013988 0.030750
0 0.544546 0.810625 0.011990 0.015000
0 0.359284 0.818438 0.028976 0.047250
0 0.390508 0.812813 0.031973 0.036750
0 0.784346 0.799063 0.025978 0.006750
0 0.764779 0.800625 0.024979 0.021000
0 0.625312 0.802813 0.021982 0.032250
0 0.241465 0.798438 0.017985 0.026250
0 0.178601 0.793750 0.016986 0.015000
0 0.834721 0.790937 0.028976 0.015750
0 0.550791 0.786875 0.012989 0.010500
0 0.580766 0.803438 0.040966 0.054750
0 0.222731 0.783438 0.014988 0.006750
0 0.690258 0.804375 0.077935 0.060000
0 0.430891 0.790312 0.022981 0.026250
0 0.741882 0.786250 0.009992 0.019500
0 0.384263 0.780625 0.032973 0.010500
0 0.612406 0.781250 0.030974 0.016500
0 0.811407 0.778125 0.024979 0.012000
0 0.265612 0.779687 0.043963 0.017250
0 0.566195 0.775312 0.025978 0.009750
0 0.407577 0.783125 0.040966 0.037500
0 0.306411 0.788438 0.051957 0.054750
0 0.657369 0.766875 0.028976 0.007500
0 0.494172 0.777188 0.020983 0.036750
0 0.591174 0.767813 0.019983 0.024750
0 0.682348 0.767188 0.020983 0.024750
0 0.825146 0.759687 0.013988 0.011250
0 0.342631 0.784062 0.052956 0.072750
0 0.563281 0.755938 0.018984 0.006750
0 0.236886 0.760938 0.038968 0.024750
0 0.787677 0.761875 0.053955 0.028500
0 0.671524 0.753125 0.014988 0.009000
0 0.185679 0.765625 0.077935 0.040500
0 0.295587 0.755000 0.025978 0.024000
0 0.276020 0.747500 0.014988 0.006000
0 0.649459 0.748437 0.029975 0.009750
0 0.888843 0.758125 0.020983 0.034500
0 0.845545 0.764375 0.040966 0.060000
0 0.207327 0.742188 0.021982 0.008250
0 0.356370 0.743125 0.017985 0.013500
0 0.385096 0.753437 0.024979 0.047250
0 0.713988 0.756250 0.082931 0.055500
0 0.422981 0.749375 0.039967 0.040500
0 0.626145 0.740625 0.011990 0.021000
0 0.484596 0.745000 0.049958 0.042000
0 0.537885 0.737500 0.037968 0.034500
0 0.580350 0.740313 0.079933 0.042750
0 0.614904 0.725313 0.010991 0.009750
0 0.678185 0.724375 0.020983 0.012000
0 0.415487 0.725000 0.017985 0.015000
0 0.487510 0.722500 0.018984 0.010500
0 0.142381 0.736250 0.021982 0.043500
0 0.192756 0.732500 0.016986 0.037500
0 0.763947 0.731875 0.054954 0.037500
0 0.121149 0.720938 0.022981 0.011250
0 0.898002 0.725625 0.012989 0.028500
0 0.500833 0.716875 0.010991 0.013500
0 0.829725 0.720000 0.014988 0.024000
0 0.676103 0.711875 0.017985 0.004500
0 0.781848 0.709063 0.023980 0.014250
0 0.402165 0.710000 0.007993 0.016500
0 0.611574 0.707812 0.008993 0.014250
0 0.858035 0.724063 0.028976 0.056250
0 0.262698 0.719375 0.052956 0.048000
0 0.884679 0.704688 0.030974 0.015750
0 0.313072 0.721875 0.061948 0.061500
0 0.930475 0.696562 0.006994 0.009750
0 0.162781 0.702187 0.024979 0.027750
0 0.379684 0.693125 0.017985 0.010500
0 0.117818 0.698438 0.036969 0.026250
0 0.766445 0.692813 0.012989 0.014250
0 0.470858 0.702500 0.030974 0.037500
0 0.571191 0.703125 0.039967 0.043500
0 0.302664 0.690312 0.040966 0.014250
0 0.348876 0.698438 0.021982 0.035250
0 0.656536 0.713125 0.032973 0.072000
0 0.624896 0.688438 0.012989 0.014250
0 0.224813 0.692500 0.019983 0.025500
0 0.367194 0.682813 0.017985 0.005250
0 0.605329 0.684688 0.009992 0.011250
0 0.192756 0.699063 0.052956 0.050250
0 0.489176 0.682187 0.010991 0.011250
0 0.144879 0.679375 0.019983 0.006000
0 0.925062 0.684063 0.035970 0.018750
0 0.577852 0.685937 0.021982 0.023250
0 0.387594 0.691250 0.032973 0.046500
0 0.288926 0.679375 0.029975 0.022500
0 0.937552 0.675312 0.017985 0.014250
0 0.165279 0.674375 0.012989 0.015000
0 0.861366 0.682813 0.034971 0.039750
0 0.445462 0.697187 0.067943 0.074250
0 0.363031 0.668750 0.019983 0.010500
0 0.186511 0.667813 0.017985 0.009750
0 0.548293 0.674063 0.044963 0.026250
0 0.907161 0.668750 0.010991 0.015000
0 0.239800 0.692187 0.083930 0.080250
0 0.089509 0.663438 0.018984 0.011250
0 0.597419 0.658438 0.020983 0.006750
0 0.942964 0.663125 0.016986 0.019500
0 0.332639 0.667813 0.040966 0.045750
0 0.925479 0.650312 0.026978 0.008250
0 0.695254 0.689063 0.063947 0.107250
0 0.395087 0.656875 0.026978 0.031500
0 0.471690 0.649687 0.008993 0.015750
0 0.818901 0.655625 0.046961 0.031500
0 0.414654 0.655937 0.017985 0.033750
0 0.715654 0.640625 0.012989 0.007500
0 0.615737 0.643437 0.010991 0.014250
0 0.310575 0.643125 0.027977 0.019500
0 0.857619 0.638125 0.009992 0.009000
0 0.161532 0.641875 0.029975 0.021000
0 0.516236 0.665937 0.115903 0.081750
0 0.088676 0.636250 0.024979 0.012000
0 0.135304 0.649375 0.030974 0.046500
0 0.604496 0.632812 0.029975 0.008250
0 0.788093 0.668750 0.076936 0.105000
0 0.190258 0.634687 0.030974 0.027750
0 0.894255 0.645625 0.065945 0.069000
0 0.306828 0.621875 0.022981 0.015000
0 0.610325 0.620625 0.009992 0.015000
0 0.363863 0.619375 0.035970 0.013500
0 0.512073 0.617188 0.017985 0.012750
0 0.416736 0.626250 0.038968 0.037500
0 0.292673 0.617812 0.010991 0.018750
0 0.640300 0.646563 0.081932 0.089250
0 0.445046 0.634062 0.048959 0.059250
0 0.246295 0.763750 0.492590 0.472500
0 0.693172 0.613125 0.014988 0.019500
0 0.674854 0.610938 0.018984 0.014250
0 0.818485 0.615313 0.043963 0.030750
0 0.261865 0.628437 0.052956 0.062250
0 0.095754 0.615625 0.017985 0.039000
0 0.691091 0.602187 0.015987 0.009750
0 0.549542 0.613437 0.073938 0.041250
0 0.560366 0.598125 0.029975 0.012000
0 0.927560 0.597187 0.007993 0.014250
0 0.283930 0.598437 0.027977 0.018750
0 0.676520 0.594688 0.024979 0.012750
0 0.307244 0.621250 0.093922 0.079500
0 0.624896 0.590625 0.012989 0.007500
0 0.418818 0.597812 0.029975 0.029250
0 0.151957 0.606875 0.050958 0.051000
0 0.820150 0.749875 0.359700 0.500250
0 0.583680 0.590000 0.015987 0.016500
0 0.983764 0.584688 0.020983 0.018750
0 0.029975 0.594375 0.045962 0.049500
0 0.701915 0.583438 0.013988 0.024750
0 0.554954 0.580313 0.046961 0.020250
0 0.392590 0.592187 0.022981 0.048750
0 0.239800 0.574688 0.021982 0.006750
0 0.113655 0.583438 0.022981 0.032250
0 0.095754 0.580625 0.021982 0.031500
0 0.783097 0.594063 0.046961 0.065250
0 0.020483 0.575937 0.040966 0.021750
0 0.356786 0.580625 0.034971 0.037500
0 0.165279 0.571875 0.014988 0.019500
0 0.736470 0.563438 0.018984 0.006750
0 0.230641 0.595938 0.051957 0.084750
0 0.189425 0.578750 0.026978 0.043500
0 0.559534 0.567500 0.035970 0.018000
0 0.946295 0.589375 0.056953 0.073500
0 0.125729 0.567187 0.027977 0.023250
0 0.531224 0.560312 0.025978 0.009750
0 0.651540 0.560937 0.010991 0.018750
0 0.480433 0.595938 0.087927 0.111750
0 0.184430 0.551875 0.012989 0.009000
0 0.421732 0.560000 0.044963 0.031500
0 0.722731 0.605625 0.117902 0.145500
0 0.211490 0.549063 0.007993 0.012750
0 0.348460 0.556562 0.066944 0.032250
0 0.318068 0.545625 0.027977 0.007500
0 0.397169 0.546562 0.011990 0.014250
0 0.912573 0.576562 0.055953 0.087750
0 0.811407 0.570625 0.044963 0.075000
0 0.664446 0.545312 0.027977 0.015750
0 0.688593 0.547188 0.017985 0.023250
0 0.509159 0.555937 0.022981 0.045750
0 0.946295 0.546250 0.034971 0.024000
0 0.558701 0.546562 0.029975 0.030750
0 0.696087 0.538750 0.009992 0.013500
0 0.156536 0.546875 0.047960 0.033000
0 0.735637 0.537188 0.022981 0.017250
0 0.189009 0.541875 0.045962 0.034500
0 0.863031 0.554375 0.072939 0.072000
0 0.805579 0.529062 0.040966 0.011250
0 0.092839 0.554688 0.092923 0.074250
0 0.916736 0.530312 0.015987 0.018750
0 0.020983 0.538125 0.041965 0.037500
0 0.007494 0.523750 0.014988 0.004500
0 0.343464 0.530312 0.038968 0.023250
0 0.522065 0.527813 0.029975 0.018750
0 0.758535 0.531250 0.073938 0.028500
0 0.888426 0.524062 0.011990 0.014250
0 0.934638 0.520000 0.016986 0.007500
0 0.385928 0.527813 0.018984 0.027750
0 0.223980 0.530000 0.019983 0.034500
0 0.280600 0.555312 0.091923 0.108750
0 0.174022 0.516250 0.007993 0.018000
0 0.069109 0.521875 0.041965 0.036000
0 0.878018 0.511563 0.028976 0.014250
0 0.442132 0.524687 0.063947 0.051750
0 0.208576 0.506563 0.028976 0.011250
0 0.296420 0.520312 0.071940 0.047250
0 0.713156 0.523438 0.028976 0.059250
0 0.761865 0.509062 0.011990 0.026250
0 0.319317 0.502812 0.012989 0.011250
0 0.029559 0.508750 0.036969 0.025500
0 0.251041 0.517813 0.034971 0.057750
0 0.934221 0.505313 0.081932 0.029250
0 0.574521 0.509687 0.041965 0.050250
0 0.110741 0.496563 0.017985 0.018750
0 0.360117 0.507188 0.032973 0.045750
0 0.114488 0.486250 0.020983 0.006000
0 0.051207 0.489375 0.008993 0.015000
0 0.141965 0.506250 0.052956 0.057000
0 0.281432 0.486875 0.061948 0.016500
0 0.693589 0.482812 0.009992 0.008250
0 0.519151 0.498437 0.048959 0.047250
0 0.485429 0.505625 0.049958 0.066000
0 0.917569 0.483125 0.041965 0.013500
0 0.810158 0.500313 0.043963 0.054750
0 0.743131 0.485938 0.054954 0.023250
0 0.399667 0.484063 0.013988 0.021750
0 0.776020 0.475000 0.033972 0.009000
0 0.425479 0.503750 0.091923 0.078000
0 0.699001 0.483125 0.058951 0.033000
0 0.983347 0.487187 0.031973 0.047250
0 0.958368 0.473438 0.017985 0.014250
0 0.174854 0.485312 0.053955 0.047250
0 0.900083 0.469687 0.007993 0.015750
0 0.681932 0.468438 0.013988 0.012750
0 0.222731 0.480938 0.050958 0.048750
0 0.429226 0.465938 0.044963 0.015750
0 0.136137 0.470625 0.050958 0.027000
0 0.076187 0.483125 0.036969 0.057000
0 0.880516 0.479063 0.040966 0.048750
0 0.783514 0.464687 0.019983 0.014250
0 0.702748 0.463438 0.013988 0.011250
0 0.627810 0.531875 0.117902 0.175500
0 0.963780 0.462500 0.010991 0.010500
0 0.267694 0.458750 0.020983 0.009000
0 0.213988 0.463438 0.033972 0.021750
0 0.250624 0.459688 0.007993 0.014250
0 0.166528 0.459688 0.021982 0.014250
0 0.236053 0.459375 0.014988 0.021000
0 0.604496 0.470625 0.027977 0.051000
0 0.029559 0.470000 0.044963 0.055500
0 0.093672 0.454062 0.016986 0.018750
0 0.598251 0.450937 0.010991 0.012750
0 0.651957 0.451562 0.013988 0.018750
0 0.512906 0.473750 0.101915 0.075000
0 0.387177 0.457813 0.043963 0.036750
0 0.830974 0.465000 0.037968 0.055500
0 0.354704 0.462813 0.037968 0.050250
0 0.317652 0.441563 0.016986 0.005250
0 0.149875 0.445625 0.019983 0.016500
0 0.452123 0.451250 0.035970 0.037500
0 0.563281 0.446875 0.046961 0.028500
0 0.524979 0.438437 0.012989 0.011250
0 0.327644 0.435937 0.026978 0.006750
0 0.738135 0.451562 0.104913 0.050250
0 0.884263 0.442188 0.019983 0.032250
0 0.788093 0.437500 0.020983 0.022500
0 0.248543 0.440000 0.028976 0.031500
0 0.065779 0.440625 0.045962 0.037500
0 0.208160 0.437500 0.045962 0.033000
0 0.591174 0.434063 0.017985 0.026250
0 0.286428 0.434063 0.025978 0.027750
0 0.925062 0.429688 0.019983 0.018750
0 0.627810 0.432188 0.053955 0.026250
0 0.295171 0.451250 0.042964 0.072000
0 0.567027 0.422812 0.019983 0.012750
0 0.266861 0.431250 0.020983 0.033000
0 0.323897 0.422812 0.025978 0.014250
0 0.414654 0.437188 0.023980 0.051750
0 0.668609 0.435625 0.057952 0.052500
0 0.115737 0.424375 0.011990 0.027000
0 0.885096 0.416250 0.011990 0.010500
0 0.735221 0.424063 0.031973 0.032250
0 0.700250 0.418750 0.011990 0.022500
0 0.243963 0.413438 0.039967 0.011250
0 0.959534 0.430000 0.080933 0.054000
0 0.481682 0.412500 0.012989 0.016500
0 0.543297 0.411562 0.008993 0.020250
0 0.267277 0.409687 0.011990 0.020250
0 0.840966 0.420000 0.061948 0.046500
0 0.663197 0.407813 0.018984 0.018750
0 0.721066 0.401562 0.025978 0.008250
0 0.286844 0.405938 0.030974 0.018750
0 0.869276 0.408750 0.021982 0.028500
0 0.459201 0.412187 0.056953 0.038250
0 0.421732 0.402500 0.008993 0.015000
0 0.139051 0.427812 0.089925 0.075750
0 0.083680 0.395625 0.008993 0.010500
0 0.686928 0.402500 0.023980 0.031500
0 0.190258 0.391250 0.028976 0.007500
0 0.261032 0.390937 0.022981 0.017250
0 0.681515 0.384375 0.008993 0.012000
0 0.353872 0.383125 0.025978 0.009000
0 0.094505 0.396250 0.064946 0.042000
0 0.221482 0.384688 0.015987 0.015750
0 0.242714 0.380937 0.028976 0.008250
0 0.328060 0.392188 0.027977 0.038250
0 0.298085 0.384062 0.039967 0.018750
0 0.773938 0.390625 0.020983 0.042000
0 0.704829 0.379375 0.016986 0.015000
0 0.139467 0.383750 0.044963 0.028500
0 0.091174 0.375000 0.008993 0.010500
0 0.959201 0.368125 0.013988 0.006000
0 0.379267 0.403750 0.094921 0.093000
0 0.216486 0.369375 0.043963 0.013500
0 0.641965 0.385937 0.063947 0.059250
0 0.736053 0.403125 0.057952 0.102000
0 0.753122 0.364375 0.020983 0.015000
0 0.910075 0.387500 0.069942 0.078000
0 0.512490 0.367812 0.048959 0.030750
0 0.388426 0.367500 0.032973 0.031500
0 0.253955 0.364687 0.037968 0.026250
0 0.122814 0.358125 0.044963 0.021000
0 0.865529 0.371250 0.036969 0.060000
0 0.703997 0.354063 0.028976 0.023250
0 0.248127 0.347500 0.033972 0.010500
0 0.333888 0.354063 0.013988 0.029250
0 0.076603 0.353438 0.015987 0.027750
0 0.927977 0.349062 0.076936 0.024750
0 0.123231 0.343125 0.037968 0.012000
0 0.631557 0.341875 0.026978 0.012000
0 0.444213 0.365625 0.062948 0.070500
0 0.728560 0.340625 0.033972 0.012000
0 0.178185 0.360000 0.041965 0.061500
0 0.696087 0.337187 0.031973 0.009750
0 0.748127 0.345313 0.024979 0.032250
0 0.172356 0.330625 0.017985 0.004500
0 0.575770 0.371563 0.100916 0.104250
0 0.563281 0.344375 0.026978 0.048000
0 0.662781 0.349375 0.055953 0.063000
0 0.246045 0.319688 0.010991 0.008250
0 0.829725 0.333437 0.036969 0.044250
0 0.582848 0.320312 0.009992 0.012750
0 0.697752 0.322188 0.035970 0.024750
0 0.481682 0.340000 0.072939 0.067500
0 0.281848 0.326875 0.064946 0.037500
0 0.418818 0.332188 0.059950 0.053250
0 0.624480 0.321250 0.035970 0.034500
0 0.145296 0.322813 0.038968 0.038250
0 0.599917 0.309688 0.014988 0.008250
0 0.312656 0.313125 0.012989 0.018000
0 0.427560 0.306875 0.016986 0.006000
0 0.344296 0.317500 0.060949 0.039000
0 0.814738 0.312188 0.044963 0.029250
0 0.099084 0.305937 0.013988 0.017250
0 0.233972 0.323125 0.071940 0.060000
0 0.150708 0.300938 0.009992 0.012750
0 0.378851 0.332813 0.103913 0.090750
0 0.177769 0.313125 0.048959 0.045000
0 0.734388 0.312500 0.043963 0.045000
0 0.644047 0.292500 0.036969 0.010500
0 0.752290 0.293125 0.008993 0.016500
0 0.496253 0.303438 0.035970 0.048750
0 0.449209 0.295312 0.048959 0.041250
0 0.282265 0.281562 0.033972 0.020250
0 0.869692 0.277187 0.018984 0.012750
0 0.492090 0.275313 0.021982 0.009750
0 0.909242 0.290312 0.061948 0.048750
0 0.224396 0.275000 0.006994 0.015000
0 0.109492 0.281562 0.020983 0.032250
0 0.776436 0.285938 0.046961 0.057750
0 0.569109 0.270000 0.020983 0.021000
0 0.690674 0.270625 0.012989 0.025500
0 0.234388 0.275625 0.058951 0.042000
0 0.624896 0.280313 0.068943 0.054750
0 0.065362 0.260937 0.014988 0.015750
0 0.346378 0.274687 0.047960 0.053250
0 0.814321 0.271250 0.047960 0.046500
0 0.531640 0.291563 0.064946 0.096750
0 0.574521 0.254063 0.021982 0.008250
0 0.652789 0.255000 0.021982 0.016500
0 0.463364 0.253437 0.006994 0.014250
0 0.141965 0.270313 0.044963 0.054750
0 0.120733 0.255000 0.013988 0.019500
0 0.589925 0.249375 0.016986 0.009000
0 0.445046 0.256875 0.012989 0.027000
0 0.982015 0.261875 0.035970 0.040500
0 0.375104 0.254063 0.012989 0.021750
0 0.393422 0.267188 0.032973 0.054750
0 0.228143 0.245938 0.015987 0.005250
0 0.910075 0.261250 0.039967 0.046500
0 0.556619 0.245938 0.020983 0.012750
0 0.871357 0.244062 0.016986 0.009750
0 0.158201 0.244375 0.023980 0.010500
0 0.950042 0.249375 0.031973 0.025500
0 0.867610 0.250937 0.063947 0.033750
0 0.369692 0.241875 0.023980 0.015000
0 0.624896 0.241250 0.016986 0.019500
0 0.853872 0.243750 0.074938 0.039000
0 0.900500 0.233750 0.012989 0.016500
0 0.194005 0.257500 0.061948 0.073500
0 0.522065 0.245312 0.055953 0.048750
0 0.848460 0.228437 0.017985 0.009750
0 0.583680 0.234063 0.023980 0.024750
0 0.879267 0.225312 0.019983 0.005250
0 0.820566 0.225312 0.008993 0.011250
0 0.493755 0.224688 0.011990 0.009750
0 0.472523 0.252500 0.034971 0.078000
0 0.345962 0.235313 0.020983 0.039750
0 0.937968 0.220312 0.018984 0.012750
0 0.912573 0.216875 0.017985 0.007500
0 0.789759 0.218438 0.030974 0.015750
0 0.333472 0.214062 0.032973 0.008250
0 0.235637 0.222188 0.031973 0.027750
0 0.170691 0.216562 0.019983 0.014250
0 0.598668 0.214688 0.017985 0.011250
0 0.812656 0.208437 0.015987 0.014250
0 0.547877 0.206563 0.015987 0.009750
0 0.722731 0.206875 0.045962 0.018000
0 0.393838 0.220312 0.035970 0.051750
0 0.408826 0.198750 0.017985 0.006000
0 0.162781 0.200000 0.016986 0.009000
0 0.694838 0.257500 0.102914 0.148500
0 0.302664 0.241250 0.078934 0.115500
0 0.212739 0.207187 0.030974 0.036750
0 0.763114 0.235000 0.080933 0.106500
0 0.521649 0.206563 0.050958 0.051750
0 0.176520 0.189375 0.015987 0.015000
0 0.610325 0.183750 0.015987 0.010500
0 0.481266 0.187500 0.027977 0.022500
0 0.365529 0.185625 0.083930 0.028500
0 0.315570 0.183750 0.025978 0.024000
0 0.180266 0.178125 0.010991 0.010500
0 0.802664 0.184062 0.039967 0.026250
0 0.395920 0.176250 0.010991 0.007500
0 0.574938 0.196563 0.046961 0.059250
0 0.746461 0.179688 0.026978 0.021750
0 0.266861 0.182812 0.056953 0.029250
0 0.701499 0.176563 0.006994 0.015750
0 0.881349 0.174687 0.020983 0.018750
0 0.864280 0.196875 0.101915 0.072000
0 0.636553 0.187812 0.040966 0.051750
0 0.144047 0.183125 0.023980 0.049500
0 0.519983 0.170937 0.022981 0.021750
0 0.740216 0.164687 0.015987 0.009750
0 0.235637 0.165313 0.017985 0.011250
0 0.219817 0.160000 0.015987 0.007500
0 0.860949 0.160625 0.015987 0.010500
0 0.807244 0.163438 0.022981 0.018750
0 0.595337 0.160938 0.019983 0.018750
0 0.168193 0.162500 0.037968 0.024000
0 0.926728 0.195625 0.097918 0.108000
0 0.773106 0.161250 0.052956 0.034500
0 0.721898 0.153438 0.027977 0.021750
0 0.488759 0.152812 0.013988 0.020250
0 0.442132 0.194688 0.095920 0.120750
0 0.345129 0.155938 0.040966 0.029250
0 0.735637 0.146563 0.016986 0.012750
0 0.268526 0.156875 0.058951 0.037500
0 0.678185 0.160312 0.058951 0.057750
0 0.310158 0.153750 0.030974 0.042000
0 0.606162 0.141875 0.011990 0.021000
0 0.286012 0.137500 0.018984 0.012000
0 0.791007 0.139687 0.015987 0.018750
0 0.778518 0.131250 0.011990 0.009000
0 0.165695 0.138125 0.013988 0.027000
0 0.597419 0.131250 0.008993 0.012000
0 0.544546 0.147813 0.049958 0.054750
0 0.338052 0.133750 0.029975 0.021000
0 0.756869 0.130000 0.023980 0.018000
0 0.654455 0.138437 0.035970 0.044250
0 0.844713 0.125625 0.028976 0.019500
0 0.580766 0.127500 0.024979 0.024000
0 0.318485 0.120938 0.022981 0.009750
0 0.416736 0.129375 0.042964 0.034500
0 0.289759 0.123438 0.017985 0.021750
0 0.624480 0.118750 0.037968 0.013500
0 0.759784 0.114687 0.020983 0.005250
0 0.356370 0.123438 0.027977 0.027750
0 0.386761 0.117500 0.040966 0.019500
0 0.081182 0.111562 0.020983 0.011250
0 0.770192 0.105000 0.011990 0.012000
0 0.696503 0.115625 0.062948 0.042000
0 0.569942 0.103125 0.020983 0.013500
0 0.386345 0.103750 0.009992 0.019500
0 0.525396 0.108125 0.063947 0.031500
0 0.678185 0.102188 0.014988 0.021750
0 0.274355 0.099375 0.046961 0.015000
0 0.823480 0.099687 0.015987 0.017250
0 0.468776 0.114687 0.083930 0.059250
0 0.736470 0.098125 0.030974 0.021000
0 0.362614 0.093750 0.014988 0.018000
0 0.221066 0.102500 0.072939 0.042000
0 0.581599 0.090000 0.006994 0.013500
0 0.622814 0.096562 0.023980 0.030750
0 0.327644 0.090313 0.028976 0.020250
0 0.075354 0.091875 0.028976 0.028500
0 0.293089 0.085938 0.011990 0.015750
0 0.537885 0.085000 0.023980 0.015000
0 0.445462 0.094687 0.031973 0.045750
0 0.422565 0.074063 0.016986 0.008250
0 0.707327 0.079062 0.044963 0.023250
0 0.377602 0.074375 0.018984 0.012000
0 0.641132 0.075625 0.045962 0.016500
0 0.492090 0.079687 0.077935 0.033750
0 0.805579 0.071563 0.012989 0.015750
0 0.739800 0.067500 0.030974 0.013500
0 0.791840 0.062500 0.021982 0.006000
0 0.262698 0.072500 0.036969 0.033000
0 0.366778 0.063125 0.008993 0.013500
0 0.346794 0.057813 0.028976 0.009750
0 0.676936 0.070000 0.031973 0.045000
0 0.759367 0.055625 0.021982 0.019500
0 0.406328 0.051875 0.021982 0.012000
0 0.550375 0.059375 0.061948 0.051000
0 0.678185 0.041563 0.008993 0.011250
0 0.653622 0.042188 0.011990 0.012750
0 0.500416 0.050625 0.029975 0.034500
0 0.603247 0.060000 0.030974 0.060000
0 0.322648 0.050313 0.026978 0.036750
0 0.668193 0.039375 0.012989 0.012000
0 0.584097 0.041250 0.034971 0.028500
0 0.451291 0.049063 0.079933 0.057750
0 0.444629 0.018750 0.041965 0.013500
0 0.308909 0.029375 0.035970 0.043500
0 0.346794 0.018125 0.014988 0.021000
0 0.563281 0.015000 0.032973 0.015000
0 0.510824 0.022500 0.030974 0.037500
0 0.356786 0.029063 0.048959 0.054750
0 0.647377 0.013125 0.028976 0.026250
0 0.819317 0.090000 0.161865 0.180000
0 0.604080 0.019875 0.030974 0.039750
0 0.582015 0.007500 0.009992 0.015000
0 0.541632 0.005250 0.010991 0.010500
0 0.401749 0.028500 0.046961 0.057000
0 0.373022 0.010875 0.019983 0.021750
0 0.326811 0.006750 0.008993 0.013500
0 0.060949 0.114750 0.121898 0.229500
