0 0.847500 0.962500 0.102000 0.036000
0 0.720000 0.967000 0.150000 0.066000
0 0.527500 0.965500 0.132000 0.069000
0 0.646250 0.940000 0.051000 0.054000
0 0.973000 0.927500 0.054000 0.036000
0 0.948750 0.926250 0.063000 0.093000
0 0.600000 0.910000 0.066000 0.078000
0 0.543750 0.881250 0.063000 0.033000
0 0.700000 0.895000 0.072000 0.114000
0 0.875000 0.837500 0.030000 0.036000
0 0.531250 0.841250 0.039000 0.045000
0 0.457500 0.892500 0.156000 0.174000
0 0.793750 0.875000 0.165000 0.144000
0 0.480000 0.838750 0.060000 0.075000
0 0.952000 0.843750 0.096000 0.099000
0 0.703750 0.818750 0.027000 0.051000
0 0.627500 0.821250 0.156000 0.111000
0 0.200000 0.783750 0.030000 0.033000
0 0.236250 0.782500 0.039000 0.036000
0 0.900000 0.763750 0.048000 0.033000
0 0.851250 0.748750 0.069000 0.039000
0 0.228750 0.748750 0.105000 0.039000
0 0.500000 0.763750 0.288000 0.111000
0 0.708750 0.723750 0.039000 0.027000
0 0.493750 0.716250 0.075000 0.045000
0 0.705000 0.695000 0.042000 0.036000
0 0.595000 0.686250 0.036000 0.051000
0 0.640000 0.685000 0.042000 0.066000
0 0.968500 0.667500 0.063000 0.042000
0 0.923750 0.697500 0.099000 0.132000
0 0.762500 0.648750 0.048000 0.021000
0 0.807500 0.692500 0.186000 0.132000
0 0.543750 0.652500 0.069000 0.042000
0 0.412500 0.672500 0.084000 0.090000
0 0.475000 0.650000 0.078000 0.096000
0 0.563750 0.618750 0.045000 0.051000
0 0.607500 0.621250 0.042000 0.069000
0 0.935500 0.602500 0.129000 0.102000
0 0.795000 0.577500 0.060000 0.054000
0 0.856250 0.583750 0.069000 0.087000
0 0.610000 0.582500 0.330000 0.150000
0 0.738750 0.545000 0.093000 0.072000
0 0.506250 0.520000 0.069000 0.042000
0 0.610000 0.508750 0.042000 0.039000
0 0.983500 0.486250 0.033000 0.087000
0 0.870000 0.471250 0.030000 0.063000
0 0.796250 0.496250 0.081000 0.123000
0 0.936250 0.457500 0.063000 0.048000
0 0.641250 0.482500 0.165000 0.144000
0 0.256250 0.443750 0.027000 0.051000
0 0.841250 0.406250 0.093000 0.063000
0 0.450000 0.428750 0.270000 0.153000
0 0.212500 0.412500 0.138000 0.138000
0 0.957500 0.356250 0.030000 0.039000
0 0.801250 0.372500 0.189000 0.126000
0 0.627500 0.376250 0.222000 0.177000
0 0.897500 0.310000 0.060000 0.024000
0 0.771250 0.320000 0.117000 0.084000
0 0.622500 0.310000 0.060000 0.078000
0 0.961250 0.297500 0.051000 0.078000
0 0.715000 0.253750 0.192000 0.129000
0 0.515000 0.275000 0.216000 0.180000
0 0.901250 0.221250 0.105000 0.081000
0 0.650000 0.207500 0.030000 0.060000
0 0.968750 0.180000 0.057000 0.054000
0 0.812500 0.178750 0.162000 0.063000
0 0.710000 0.163750 0.066000 0.075000
0 0.507500 0.156250 0.114000 0.081000
0 0.206250 0.167500 0.075000 0.114000
0 0.895000 0.126250 0.078000 0.027000
0 0.565000 0.117500 0.036000 0.048000
0 0.726250 0.098750 0.177000 0.075000
0 0.846250 0.088750 0.039000 0.063000
0 0.140000 0.082500 0.036000 0.054000
0 0.950000 0.088750 0.084000 0.075000
0 0.458750 0.071250 0.057000 0.117000
0 0.543750 0.055000 0.147000 0.090000
0 0.968750 0.031500 0.039000 0.063000
0 0.888750 0.033000 0.075000 0.066000
0 0.742500 0.039000 0.210000 0.078000
0 0.135000 0.052500 0.084000 0.105000
