0 0.901563 0.905625 0.196875 0.188750
0 0.421875 0.755208 0.024375 0.037500
0 0.437891 0.739583 0.015938 0.037500
0 0.392578 0.731771 0.025312 0.028750
0 0.483594 0.706250 0.030000 0.030000
0 0.434375 0.690104 0.016875 0.023750
0 0.413281 0.692187 0.028125 0.028750
0 0.501563 0.691667 0.026250 0.035000
0 0.405469 0.672396 0.016875 0.013750
0 0.454688 0.675000 0.024375 0.027500
0 0.443750 0.670312 0.005625 0.018750
0 0.377734 0.667708 0.019688 0.020000
0 0.517969 0.684375 0.041250 0.070000
0 0.411328 0.654687 0.023438 0.026250
0 0.463672 0.650000 0.012188 0.025000
0 0.590625 0.642708 0.015000 0.020000
0 0.570703 0.645833 0.015938 0.035000
0 0.548828 0.645312 0.029062 0.048750
0 0.404297 0.633854 0.021562 0.021250
0 0.521875 0.645833 0.026250 0.057500
0 0.537109 0.634896 0.019688 0.033750
0 0.580469 0.629167 0.037500 0.025000
0 0.345703 0.629687 0.023438 0.038750
0 0.551172 0.615104 0.015938 0.013750
0 0.492188 0.638021 0.037500 0.068750
0 0.398047 0.618750 0.012188 0.022500
0 0.424609 0.617188 0.008437 0.021250
0 0.464453 0.611458 0.019688 0.020000
0 0.674609 0.613542 0.021562 0.037500
0 0.470313 0.606250 0.024375 0.020000
0 0.434766 0.634896 0.045937 0.098750
0 0.366016 0.595313 0.008437 0.018750
0 0.339062 0.595833 0.016875 0.020000
0 0.588281 0.609896 0.071250 0.063750
0 0.536328 0.590625 0.017813 0.025000
0 0.449219 0.599479 0.030000 0.053750
0 0.586719 0.577083 0.018750 0.010000
0 0.667188 0.567708 0.009375 0.020000
0 0.605078 0.570833 0.025312 0.027500
0 0.338281 0.572917 0.024375 0.035000
0 0.576953 0.561979 0.019688 0.028750
0 0.590234 0.551042 0.012188 0.027500
0 0.508594 0.579688 0.054375 0.103750
0 0.526563 0.554688 0.022500 0.058750
0 0.307812 0.553646 0.035625 0.066250
0 0.416016 0.536458 0.014063 0.030000
0 0.366016 0.536458 0.014063 0.035000
0 0.557031 0.564063 0.043125 0.108750
0 0.514062 0.527604 0.009375 0.021250
0 0.478906 0.530208 0.015000 0.027500
0 0.496875 0.529687 0.024375 0.043750
0 0.627734 0.529167 0.019688 0.047500
0 0.376172 0.515104 0.014063 0.013750
0 0.693750 0.517708 0.013125 0.025000
0 0.491797 0.514062 0.012188 0.016250
0 0.368359 0.511979 0.015938 0.018750
0 0.397266 0.511979 0.023438 0.038750
0 0.771875 0.509375 0.015000 0.037500
0 0.299609 0.507292 0.010312 0.035000
0 0.627734 0.557292 0.068437 0.157500
0 0.459766 0.509375 0.021562 0.042500
0 0.446094 0.534375 0.093750 0.112500
0 0.271875 0.494792 0.028125 0.022500
0 0.466797 0.493229 0.023438 0.023750
0 0.376172 0.493750 0.019688 0.030000
0 0.744141 0.488021 0.027187 0.023750
0 0.660547 0.516667 0.060937 0.095000
0 0.326562 0.484896 0.016875 0.028750
0 0.487500 0.493750 0.028125 0.052500
0 0.711719 0.483854 0.024375 0.033750
0 0.432031 0.477083 0.015000 0.020000
0 0.400000 0.475000 0.016875 0.020000
0 0.285938 0.482292 0.018750 0.037500
0 0.619922 0.497396 0.030937 0.076250
0 0.503125 0.464583 0.018750 0.010000
0 0.634375 0.459375 0.018750 0.025000
0 0.584375 0.490625 0.058125 0.100000
0 0.520312 0.461458 0.020625 0.035000
0 0.414844 0.484896 0.033750 0.091250
0 0.390234 0.455208 0.017813 0.022500
0 0.295312 0.449479 0.015000 0.013750
0 0.613281 0.459375 0.024375 0.042500
0 0.303125 0.451562 0.016875 0.028750
0 0.528906 0.487500 0.073125 0.117500
0 0.465625 0.459375 0.028125 0.052500
0 0.675000 0.474479 0.050625 0.091250
0 0.441016 0.464062 0.038437 0.066250
0 0.765625 0.442708 0.020625 0.025000
0 0.374219 0.451562 0.035625 0.046250
0 0.651172 0.446354 0.019688 0.041250
0 0.400391 0.440104 0.021562 0.026250
0 0.269922 0.434375 0.019688 0.012500
0 0.184219 0.657500 0.368437 0.685000
0 0.292578 0.431771 0.008437 0.016250
0 0.278125 0.433854 0.020625 0.023750
0 0.483594 0.432812 0.015000 0.041250
0 0.452344 0.427083 0.013125 0.027500
0 0.407422 0.427083 0.036562 0.045000
0 0.448047 0.413021 0.017813 0.016250
0 0.688281 0.427604 0.035625 0.053750
0 0.631641 0.421875 0.036562 0.047500
0 0.559766 0.413021 0.025312 0.031250
0 0.326562 0.414583 0.026250 0.035000
0 0.473828 0.420833 0.015938 0.052500
0 0.635547 0.403125 0.012188 0.020000
0 0.307812 0.432812 0.033750 0.091250
0 0.525391 0.424479 0.042188 0.078750
0 0.550000 0.403125 0.011250 0.030000
0 0.380469 0.413021 0.015000 0.056250
0 0.591797 0.424479 0.045937 0.086250
0 0.505078 0.397917 0.017813 0.032500
0 0.360547 0.531771 0.162187 0.356250
0 0.457031 0.392708 0.016875 0.025000
0 0.687891 0.390104 0.008437 0.031250
0 0.556641 0.381250 0.010312 0.010000
0 0.613281 0.382292 0.020625 0.030000
0 0.367578 0.390625 0.025312 0.057500
0 0.350000 0.381250 0.015000 0.035000
0 0.275000 0.379688 0.026250 0.031250
0 0.393359 0.375521 0.034687 0.036250
0 0.568750 0.367708 0.009375 0.020000
0 0.626172 0.368229 0.029062 0.026250
0 0.474219 0.364063 0.018750 0.028750
0 0.389844 0.357292 0.013125 0.015000
0 0.328125 0.373437 0.031875 0.053750
0 0.369922 0.356771 0.015938 0.021250
0 0.541016 0.371875 0.015938 0.060000
0 0.555078 0.356250 0.015938 0.030000
0 0.493750 0.369792 0.035625 0.067500
0 0.607812 0.354167 0.015000 0.035000
0 0.525391 0.360417 0.034687 0.060000
0 0.593750 0.372917 0.037500 0.095000
0 0.664062 0.338542 0.015000 0.022500
0 0.426563 0.336458 0.015000 0.017500
0 0.434766 0.368750 0.027187 0.097500
0 0.467969 0.337500 0.018750 0.027500
0 0.572266 0.339062 0.012188 0.036250
0 0.381250 0.338021 0.009375 0.033750
0 0.644531 0.347917 0.043125 0.060000
0 0.710938 0.334375 0.020625 0.040000
0 0.358203 0.339062 0.040313 0.061250
0 0.638672 0.314063 0.015938 0.011250
0 0.669531 0.372396 0.050625 0.158750
0 0.577734 0.313542 0.010312 0.022500
0 0.404297 0.320833 0.025312 0.052500
0 0.593359 0.311458 0.010312 0.032500
0 0.394922 0.306771 0.012188 0.026250
0 0.634766 0.298438 0.008437 0.018750
0 0.426563 0.305729 0.024375 0.048750
0 0.654297 0.295833 0.019688 0.027500
0 0.468359 0.294792 0.015938 0.032500
0 0.319922 0.292708 0.027187 0.030000
0 0.453516 0.315104 0.030937 0.093750
0 0.481641 0.282813 0.010312 0.018750
0 0.490234 0.306250 0.034687 0.082500
0 0.229297 0.281250 0.023438 0.027500
0 0.521094 0.310937 0.060000 0.101250
0 0.412891 0.289583 0.034687 0.052500
0 0.392969 0.277083 0.007500 0.022500
0 0.468750 0.270833 0.007500 0.020000
0 0.687500 0.272917 0.028125 0.030000
0 0.496094 0.264583 0.018750 0.015000
0 0.664844 0.282292 0.052500 0.062500
0 0.598828 0.295833 0.049687 0.095000
0 0.448047 0.266146 0.044062 0.023750
0 0.563672 0.297917 0.032813 0.107500
0 0.630469 0.252083 0.016875 0.020000
0 0.476172 0.253646 0.021562 0.036250
0 0.651172 0.247917 0.023438 0.027500
0 0.499609 0.250521 0.034687 0.033750
0 0.538672 0.262500 0.055313 0.067500
0 0.607422 0.237500 0.014063 0.027500
0 0.589063 0.241667 0.020625 0.042500
0 0.650000 0.235937 0.056250 0.036250
0 0.625781 0.258333 0.035625 0.090000
0 0.485547 0.228646 0.025312 0.023750
0 0.391406 0.232813 0.026250 0.036250
0 0.560937 0.228646 0.015000 0.028750
0 0.375781 0.220833 0.018750 0.025000
0 0.383984 0.215104 0.017813 0.018750
0 0.510156 0.218750 0.020625 0.055000
0 0.539062 0.214062 0.035625 0.051250
0 0.519141 0.204167 0.012188 0.040000
0 0.420312 0.176563 0.009375 0.011250
0 0.433984 0.176563 0.019688 0.028750
0 0.330859 0.166146 0.017813 0.023750
0 0.337891 0.168229 0.023438 0.033750
0 0.441797 0.135417 0.027187 0.037500
0 0.815781 0.342500 0.368437 0.685000
0 0.098437 0.094375 0.196875 0.188750
