0 0.471094 0.621875 0.015000 0.015000
0 0.559375 0.605208 0.016875 0.020000
0 0.348828 0.598958 0.010312 0.010000
0 0.417969 0.586458 0.011250 0.015000
0 0.451172 0.590104 0.030937 0.031250
0 0.360156 0.586458 0.011250 0.022500
0 0.266406 0.580729 0.013125 0.013750
0 0.430078 0.587500 0.014063 0.032500
0 0.552734 0.581771 0.014063 0.021250
0 0.470703 0.578125 0.017813 0.015000
0 0.383594 0.578125 0.022500 0.015000
0 0.325000 0.580729 0.020625 0.021250
0 0.441797 0.580208 0.014063 0.027500
0 0.369141 0.570833 0.010312 0.025000
0 0.461719 0.566146 0.011250 0.018750
0 0.576172 0.566667 0.014063 0.022500
0 0.482031 0.561979 0.016875 0.013750
0 0.382812 0.563542 0.015000 0.017500
0 0.535547 0.563542 0.012188 0.025000
0 0.429688 0.556250 0.013125 0.020000
0 0.443359 0.558333 0.027187 0.027500
0 0.258203 0.550000 0.021562 0.015000
0 0.318359 0.548958 0.015938 0.015000
0 0.489453 0.568750 0.068437 0.065000
0 0.406641 0.553125 0.008437 0.027500
0 0.358203 0.547396 0.044062 0.021250
0 0.394141 0.536458 0.017813 0.012500
0 0.285938 0.536979 0.022500 0.016250
0 0.388281 0.541146 0.026250 0.028750
0 0.496484 0.536458 0.010312 0.020000
0 0.330078 0.535937 0.012188 0.018750
0 0.304297 0.539583 0.023438 0.032500
0 0.378516 0.520312 0.019688 0.011250
0 0.321484 0.520312 0.015938 0.016250
0 0.526172 0.526563 0.045937 0.038750
0 0.298438 0.517708 0.007500 0.017500
0 0.441016 0.517708 0.017813 0.020000
0 0.351953 0.518229 0.019688 0.026250
0 0.281641 0.511458 0.015938 0.020000
0 0.488281 0.514062 0.050625 0.028750
0 0.466016 0.518229 0.034687 0.051250
0 0.403125 0.503125 0.011250 0.017500
0 0.518359 0.506771 0.030937 0.028750
0 0.545703 0.502604 0.025312 0.023750
0 0.488672 0.496875 0.014063 0.012500
0 0.327344 0.504167 0.015000 0.030000
0 0.420703 0.500521 0.029062 0.026250
0 0.461719 0.491667 0.020625 0.010000
0 0.298828 0.497917 0.015938 0.025000
0 0.317188 0.488021 0.020625 0.011250
0 0.342187 0.492188 0.020625 0.028750
0 0.438281 0.482812 0.026250 0.018750
0 0.505469 0.483333 0.009375 0.025000
0 0.583984 0.480208 0.015938 0.025000
0 0.570312 0.479687 0.013125 0.023750
0 0.380469 0.474479 0.011250 0.016250
0 0.301172 0.473958 0.015938 0.015000
0 0.410547 0.471875 0.019688 0.015000
0 0.330859 0.470313 0.015938 0.021250
0 0.263281 0.477083 0.024375 0.040000
0 0.278516 0.472396 0.008437 0.031250
0 0.337109 0.459896 0.015938 0.013750
0 0.577734 0.459375 0.014063 0.015000
0 0.393359 0.457813 0.015938 0.013750
0 0.496094 0.460938 0.018750 0.028750
0 0.528125 0.460938 0.026250 0.031250
0 0.354687 0.456250 0.013125 0.022500
0 0.319922 0.451562 0.017813 0.016250
0 0.545312 0.447917 0.015000 0.017500
0 0.400391 0.446354 0.017813 0.013750
0 0.280859 0.448958 0.023438 0.022500
0 0.376172 0.448437 0.034687 0.041250
0 0.438281 0.453646 0.028125 0.056250
0 0.505469 0.437500 0.039375 0.020000
0 0.337109 0.440104 0.010312 0.026250
0 0.466797 0.434896 0.010312 0.016250
0 0.354297 0.435937 0.012188 0.023750
0 0.560937 0.445833 0.018750 0.057500
0 0.528125 0.427083 0.018750 0.025000
0 0.393359 0.427604 0.017813 0.026250
0 0.300781 0.441667 0.035625 0.060000
0 0.319922 0.421354 0.015938 0.016250
0 0.432422 0.418229 0.015938 0.013750
0 0.303906 0.418229 0.020625 0.013750
0 0.416797 0.427604 0.021562 0.038750
0 0.578906 0.427083 0.041250 0.040000
0 0.491797 0.417187 0.027187 0.021250
0 0.506250 0.420312 0.022500 0.033750
0 0.548047 0.413542 0.014063 0.027500
0 0.531641 0.410938 0.030937 0.023750
0 0.344922 0.406250 0.017813 0.012500
0 0.439844 0.404687 0.015000 0.026250
0 0.458203 0.403646 0.017813 0.031250
0 0.580469 0.401042 0.031875 0.027500
0 0.562500 0.397396 0.007500 0.021250
0 0.575000 0.384375 0.020625 0.012500
0 0.267188 0.389062 0.016875 0.026250
0 0.439453 0.384375 0.025312 0.017500
0 0.410547 0.387500 0.021562 0.025000
0 0.285156 0.390625 0.030000 0.032500
0 0.360547 0.384896 0.006563 0.023750
0 0.376953 0.390625 0.027187 0.040000
0 0.390234 0.384375 0.029062 0.027500
0 0.336328 0.381250 0.014063 0.022500
0 0.321094 0.377083 0.016875 0.012500
0 0.557813 0.376042 0.022500 0.017500
0 0.498047 0.385417 0.044062 0.050000
0 0.330078 0.365625 0.038437 0.017500
0 0.308984 0.369792 0.015938 0.030000
0 0.541797 0.362500 0.017813 0.022500
0 0.524219 0.370833 0.030000 0.042500
0 0.447266 0.365104 0.027187 0.033750
0 0.412109 0.355729 0.010312 0.023750
0 0.513281 0.345313 0.015000 0.013750
0 0.445312 0.344271 0.018750 0.013750
0 0.333594 0.342708 0.016875 0.010000
0 0.256250 0.347917 0.016875 0.022500
0 0.479297 0.348438 0.053437 0.031250
0 0.411719 0.338542 0.026250 0.017500
0 0.525781 0.341667 0.015000 0.027500
0 0.449219 0.330729 0.015000 0.018750
0 0.383594 0.333854 0.018750 0.028750
0 0.360547 0.331250 0.015938 0.022500
0 0.498828 0.332292 0.019688 0.030000
0 0.432031 0.342708 0.024375 0.057500
0 0.487500 0.319792 0.016875 0.025000
0 0.498437 0.312500 0.015000 0.012500
0 0.366797 0.313542 0.014063 0.015000
0 0.303516 0.325000 0.030937 0.050000
0 0.279687 0.312500 0.020625 0.020000
0 0.382422 0.310417 0.012188 0.017500
0 0.432031 0.310417 0.011250 0.020000
0 0.520703 0.317188 0.034687 0.046250
0 0.463672 0.312500 0.070312 0.037500
0 0.402734 0.302604 0.017813 0.013750
0 0.336719 0.312500 0.035625 0.047500
0 0.370312 0.295833 0.031875 0.020000
0 0.421484 0.298438 0.010312 0.028750
0 0.298828 0.278646 0.023438 0.018750
0 0.423047 0.253125 0.023438 0.017500
0 0.356641 0.252604 0.015938 0.026250
0 0.469141 0.244792 0.014063 0.017500
0 0.421484 0.240625 0.023438 0.017500
0 0.487500 0.226042 0.022500 0.020000
0 0.301563 0.194792 0.015000 0.025000
0 0.410156 0.185417 0.024375 0.020000
0 0.576562 0.560000 1.000000 1.000000
