0 0.583438 0.994588 0.008250 0.008993
0 0.593125 0.994005 0.012000 0.011990
0 0.872188 0.993505 0.006750 0.012989
0 0.641563 0.993505 0.009750 0.012989
0 0.214688 0.993505 0.014250 0.012989
0 0.923750 0.993006 0.019500 0.013988
0 0.058438 0.993006 0.017250 0.013988
0 0.937813 0.992923 0.009750 0.012989
0 0.803438 0.992506 0.011250 0.014988
0 0.603125 0.992506 0.013500 0.014988
0 0.165000 0.992506 0.009000 0.014988
0 0.669063 0.992007 0.012750 0.015987
0 0.095000 0.992007 0.010500 0.015987
0 0.896563 0.991507 0.009750 0.016986
0 0.821875 0.991507 0.018000 0.016986
0 0.454375 0.990425 0.010500 0.010991
0 0.946562 0.991007 0.009750 0.017985
0 0.523125 0.991007 0.013500 0.017985
0 0.291250 0.991007 0.013500 0.017985
0 0.887813 0.989176 0.008250 0.011990
0 0.749062 0.990508 0.023250 0.018984
0 0.863437 0.988343 0.009750 0.011990
0 0.685312 0.990841 0.011250 0.017985
0 0.257188 0.987927 0.012750 0.010991
0 0.063437 0.989592 0.008250 0.014988
0 0.035937 0.988343 0.009750 0.011990
0 0.046250 0.988510 0.010500 0.022981
0 0.381563 0.985845 0.008250 0.015987
0 0.655312 0.985845 0.017250 0.017985
0 0.707812 0.986012 0.033750 0.027977
0 0.463438 0.982931 0.011250 0.014988
0 0.150000 0.984180 0.006000 0.017985
0 0.136875 0.986012 0.025500 0.027977
0 0.008625 0.985512 0.017250 0.028976
0 0.846562 0.984513 0.042750 0.030974
0 0.555625 0.984513 0.028500 0.030974
0 0.408438 0.984513 0.054750 0.030974
0 0.573438 0.984013 0.018750 0.031973
0 0.824063 0.979184 0.017250 0.015987
0 0.891250 0.977102 0.009000 0.014988
0 0.914687 0.982015 0.027750 0.035970
0 0.119375 0.975021 0.019500 0.011990
0 0.563750 0.973356 0.015000 0.009992
0 0.649375 0.971274 0.007500 0.010991
0 0.733437 0.980017 0.027750 0.039967
0 0.675312 0.970858 0.006750 0.015987
0 0.928438 0.974188 0.017250 0.027977
0 0.316250 0.968776 0.010500 0.014988
0 0.435000 0.977019 0.058500 0.045962
0 0.889375 0.965445 0.007500 0.010991
0 0.422187 0.968776 0.006750 0.018984
0 0.720938 0.965029 0.015750 0.013988
0 0.621875 0.975437 0.063000 0.042964
0 0.165000 0.966694 0.027000 0.023980
0 0.005250 0.960450 0.010500 0.010991
0 0.760000 0.967111 0.013500 0.030974
0 0.705000 0.967943 0.028500 0.032973
0 0.482500 0.972523 0.046500 0.054954
0 0.930000 0.960033 0.015000 0.015987
0 0.944063 0.957119 0.008250 0.010991
0 0.680937 0.969192 0.029250 0.039967
0 0.216250 0.971524 0.072000 0.056953
0 0.970625 0.959201 0.009000 0.017985
0 0.509062 0.971024 0.039750 0.057952
0 0.321250 0.957119 0.013500 0.012989
0 0.645000 0.955870 0.007500 0.011990
0 0.491250 0.962115 0.012000 0.026978
0 0.371875 0.958784 0.007500 0.018984
0 0.959688 0.956286 0.011250 0.014988
0 0.900312 0.970025 0.021750 0.047960
0 0.826562 0.960033 0.014250 0.023980
0 0.863437 0.969525 0.056250 0.060949
0 0.842500 0.958784 0.019500 0.022981
0 0.694063 0.952540 0.011250 0.009992
0 0.501875 0.954621 0.010500 0.014988
0 0.302187 0.960450 0.009750 0.032973
0 0.877188 0.952123 0.014250 0.016986
0 0.310937 0.954621 0.009750 0.022981
0 0.715313 0.952123 0.012750 0.018984
0 0.560312 0.956703 0.017250 0.029975
0 0.457188 0.955454 0.011250 0.026978
0 0.128750 0.956703 0.013500 0.029975
0 0.740625 0.961282 0.031500 0.044963
0 0.090313 0.965529 0.093750 0.068943
0 0.116875 0.960033 0.051000 0.043963
0 0.143750 0.958368 0.036000 0.041965
0 0.966875 0.946295 0.006000 0.016986
0 0.894375 0.943797 0.012000 0.010991
0 0.645625 0.943797 0.009000 0.010991
0 0.274062 0.963530 0.062250 0.072939
0 0.084062 0.942132 0.014250 0.008993
0 0.664062 0.957952 0.035250 0.048959
0 0.615938 0.944213 0.014250 0.015987
0 0.674375 0.940883 0.007500 0.011990
0 0.683750 0.942132 0.009000 0.018984
0 0.889062 0.940050 0.008250 0.015987
0 0.812813 0.944629 0.015750 0.026978
0 0.797188 0.937136 0.008250 0.008993
0 0.025625 0.937968 0.010500 0.010991
0 0.860938 0.941299 0.017250 0.022981
0 0.302187 0.936719 0.009750 0.013988
0 0.560312 0.936719 0.009750 0.015987
0 0.845313 0.938385 0.018750 0.023980
0 0.751250 0.937552 0.012000 0.023980
0 0.273750 0.934221 0.007500 0.015987
0 0.039375 0.955454 0.043500 0.066944
0 0.351250 0.936303 0.012000 0.022981
0 0.059375 0.933389 0.016500 0.015987
0 0.961562 0.936719 0.009750 0.025978
0 0.248750 0.930475 0.018000 0.010991
0 0.995125 0.930058 0.009750 0.011990
0 0.685000 0.930058 0.012000 0.011990
0 0.649062 0.931307 0.014250 0.014988
0 0.626875 0.945462 0.027000 0.048959
0 0.969688 0.927977 0.006750 0.008993
0 0.485312 0.927977 0.015750 0.008993
0 0.428750 0.932140 0.015000 0.020983
0 0.141250 0.931724 0.021000 0.019983
0 0.804063 0.927144 0.009750 0.010991
0 0.733437 0.933389 0.026250 0.027977
0 0.501563 0.938385 0.036750 0.039967
0 0.047188 0.928393 0.011250 0.015987
0 0.855625 0.925479 0.012000 0.010991
0 0.116250 0.931724 0.016500 0.025978
0 0.929375 0.927144 0.016500 0.016986
0 0.567813 0.923813 0.018750 0.008993
0 0.937375 0.950541 0.125250 0.098918
0 0.580937 0.922981 0.008250 0.012989
0 0.978437 0.924646 0.012750 0.018984
0 0.317812 0.929642 0.027750 0.030974
0 0.638125 0.932973 0.013500 0.044963
0 0.600313 0.918818 0.006750 0.010991
0 0.705000 0.931307 0.039000 0.044963
0 0.966562 0.916736 0.015750 0.017985
0 0.028438 0.922565 0.029250 0.033972
0 0.444688 0.919650 0.015750 0.028976
0 0.984062 0.926728 0.021750 0.047960
0 0.856875 0.912989 0.010500 0.014988
0 0.181875 0.920899 0.018000 0.035970
0 0.175000 0.943547 0.081000 0.112906
0 0.787188 0.917985 0.026250 0.030974
0 0.471562 0.911324 0.009750 0.014988
0 0.114062 0.915071 0.017250 0.023980
0 0.491563 0.904246 0.009750 0.007993
0 0.392813 0.904246 0.011250 0.013988
0 0.300000 0.920899 0.052500 0.053955
0 0.766875 0.938551 0.123000 0.122898
0 0.871875 0.915903 0.025500 0.045962
0 0.866563 0.899251 0.011250 0.009992
0 0.566875 0.900916 0.012000 0.015987
0 0.566875 0.912573 0.031500 0.043963
0 0.324688 0.899251 0.006750 0.013988
0 0.424687 0.910908 0.023250 0.047960
0 0.107188 0.900083 0.012750 0.021982
0 0.897813 0.913822 0.054750 0.056953
0 0.365938 0.911740 0.024750 0.053955
0 0.131875 0.915903 0.054000 0.063947
0 0.420625 0.893006 0.006000 0.010991
0 0.988750 0.905079 0.022500 0.045962
0 0.742812 0.894671 0.018750 0.020983
0 0.382812 0.896753 0.017250 0.025978
0 0.152188 0.893422 0.015750 0.025978
0 0.443437 0.900500 0.027750 0.048959
0 0.019125 0.928060 0.038250 0.143880
0 0.100312 0.884679 0.008250 0.012989
0 0.757188 0.891341 0.015750 0.030974
0 0.140000 0.886761 0.015000 0.021982
0 0.939688 0.899251 0.047250 0.053955
0 0.902500 0.884263 0.016500 0.019983
0 0.747812 0.884263 0.006750 0.021982
0 0.330000 0.882598 0.018000 0.017985
0 0.248125 0.882598 0.012000 0.017985
0 0.397500 0.886761 0.025500 0.029975
0 0.448437 0.877186 0.012750 0.008993
0 0.120938 0.880933 0.027750 0.023980
0 0.106875 0.880100 0.012000 0.021982
0 0.171250 0.877602 0.013500 0.017985
0 0.386562 0.913822 0.071250 0.114904
0 0.050625 0.870941 0.013500 0.011990
0 0.137187 0.870941 0.012750 0.017985
0 0.932187 0.868027 0.018750 0.022981
0 0.125312 0.863863 0.018750 0.016986
0 0.807813 0.858035 0.017250 0.012989
0 0.044375 0.859700 0.015000 0.016986
0 0.482187 0.889675 0.078750 0.090924
0 0.172500 0.860949 0.010500 0.023980
0 0.495000 0.853872 0.012000 0.010991
0 0.797188 0.898002 0.114750 0.118901
0 0.266562 0.852206 0.011250 0.010991
0 0.515000 0.850541 0.012000 0.012989
0 0.470000 0.852206 0.010500 0.016986
0 0.276875 0.852206 0.012000 0.016986
0 0.802813 0.850958 0.012750 0.015987
0 0.605625 0.849709 0.021000 0.014988
0 0.514375 0.855537 0.021000 0.030974
0 0.594688 0.849292 0.009750 0.019983
0 0.116250 0.848876 0.007500 0.020983
0 0.089688 0.842631 0.009750 0.007993
0 0.984250 0.862198 0.031500 0.056953
0 0.232187 0.852206 0.023250 0.032973
0 0.132812 0.849292 0.029250 0.027977
0 0.849375 0.842631 0.009000 0.015987
0 0.575937 0.845962 0.023250 0.023980
0 0.487500 0.850541 0.018000 0.034971
0 0.182500 0.847211 0.013500 0.026978
0 0.620000 0.841799 0.009000 0.015987
0 0.161250 0.854288 0.016500 0.047960
0 0.239063 0.836386 0.015750 0.006994
0 0.960938 0.870525 0.056250 0.090924
0 0.947812 0.840133 0.011250 0.017985
0 0.556562 0.844713 0.020250 0.028976
0 0.801250 0.840133 0.036000 0.019983
0 0.480625 0.837219 0.009000 0.014988
0 0.994750 0.833888 0.010500 0.008993
0 0.837187 0.878435 0.059250 0.115903
0 0.551562 0.859284 0.071250 0.069942
0 0.567500 0.835554 0.012000 0.016986
0 0.815625 0.833056 0.010500 0.012989
0 0.008750 0.830142 0.009000 0.007993
0 0.871250 0.830558 0.007500 0.010991
0 0.645938 0.831807 0.009750 0.013988
0 0.580313 0.832223 0.009750 0.016986
0 0.572500 0.829309 0.007500 0.011990
0 0.145000 0.839717 0.028500 0.036969
0 0.879375 0.831807 0.015000 0.019983
0 0.898750 0.865529 0.120000 0.102914
0 0.474687 0.832223 0.023250 0.022981
0 0.616563 0.828060 0.023250 0.016986
0 0.664375 0.823897 0.012000 0.010991
0 0.116250 0.833472 0.022500 0.033972
0 0.068437 0.828476 0.032250 0.021982
0 0.896875 0.831807 0.031500 0.033972
0 0.783438 0.828060 0.015750 0.024979
0 0.528438 0.828893 0.032250 0.026978
0 0.254688 0.822648 0.011250 0.011990
0 0.487812 0.825562 0.011250 0.022981
0 0.573750 0.817652 0.007500 0.013988
0 0.581875 0.814321 0.016500 0.007993
0 0.267500 0.818485 0.009000 0.019983
0 0.050937 0.835970 0.051750 0.063947
0 0.488750 0.812656 0.010500 0.011990
0 0.375000 0.821815 0.025500 0.033972
0 0.595313 0.824729 0.029250 0.042964
0 0.552813 0.819734 0.041250 0.030974
0 0.550000 0.813905 0.007500 0.018984
0 0.310625 0.809326 0.013500 0.007993
0 0.179375 0.814738 0.013500 0.022981
0 0.994375 0.813072 0.011250 0.020983
0 0.388750 0.812240 0.012000 0.018984
0 0.089688 0.821815 0.039750 0.041965
0 0.908438 0.817236 0.015750 0.032973
0 0.259375 0.812656 0.010500 0.021982
0 0.616563 0.811823 0.020250 0.023980
0 0.030000 0.805995 0.009000 0.017985
0 0.821562 0.815154 0.060750 0.043963
0 0.180625 0.800167 0.015000 0.009992
0 0.075000 0.805995 0.024000 0.025978
0 0.831875 0.803081 0.024000 0.022981
0 0.712187 0.800167 0.017250 0.015987
0 0.602812 0.800583 0.020250 0.016986
0 0.484687 0.801415 0.021750 0.022981
0 0.062812 0.797252 0.006750 0.012989
0 0.620938 0.800167 0.018750 0.021982
0 0.127188 0.796003 0.009750 0.015987
0 0.586875 0.800167 0.025500 0.027977
0 0.477187 0.791007 0.012750 0.009992
0 0.192188 0.792256 0.011250 0.014988
0 0.146563 0.809326 0.054750 0.055953
0 0.258750 0.875104 0.276000 0.249792
0 0.916875 0.797669 0.031500 0.033972
0 0.081562 0.791840 0.012750 0.021982
0 0.047500 0.800167 0.033000 0.041965
0 0.953500 0.811823 0.093000 0.071940
0 0.579063 0.793089 0.017250 0.026978
0 0.290000 0.791840 0.016500 0.023980
0 0.550000 0.795587 0.048000 0.036969
0 0.515000 0.814738 0.052500 0.084929
0 0.388750 0.786844 0.010500 0.019983
0 0.268125 0.792256 0.021000 0.032973
0 0.825937 0.786844 0.021750 0.021982
0 0.338750 0.781432 0.010500 0.008993
0 0.328750 0.786844 0.015000 0.021982
0 0.603437 0.783514 0.005250 0.015987
0 0.405313 0.781848 0.011250 0.011990
0 0.702187 0.786844 0.012750 0.025978
0 0.458750 0.783514 0.009000 0.017985
0 0.915937 0.781432 0.014250 0.014988
0 0.809063 0.786428 0.021750 0.026978
0 0.991875 0.781016 0.007500 0.015987
0 0.449375 0.786012 0.019500 0.029975
0 0.315625 0.793089 0.040500 0.054954
0 0.294375 0.778518 0.009000 0.019983
0 0.282187 0.779767 0.018750 0.022981
0 0.299063 0.773938 0.006750 0.010991
0 0.592500 0.778102 0.018000 0.022981
0 0.423125 0.830974 0.139500 0.149875
0 0.351250 0.775604 0.016500 0.018984
0 0.711875 0.779767 0.013500 0.030974
0 0.957187 0.772689 0.009750 0.015987
0 0.759375 0.773938 0.012000 0.020983
0 0.151250 0.769775 0.015000 0.010991
0 0.485312 0.769775 0.009750 0.012989
0 0.829063 0.769359 0.009750 0.015987
0 0.390625 0.772273 0.034500 0.022981
0 0.984062 0.770192 0.012750 0.019983
0 0.082500 0.769359 0.004500 0.017985
0 0.230000 0.768943 0.007500 0.018984
0 0.789062 0.764779 0.009750 0.014988
0 0.771250 0.763947 0.007500 0.016986
0 0.611563 0.761865 0.008250 0.011990
0 0.546250 0.770192 0.027000 0.033972
0 0.314375 0.765196 0.018000 0.021982
0 0.761875 0.761865 0.010500 0.015987
0 0.354375 0.760616 0.007500 0.012989
0 0.302500 0.761032 0.012000 0.013988
0 0.162500 0.761449 0.010500 0.014988
0 0.723437 0.758951 0.008250 0.010991
0 0.732187 0.776020 0.053250 0.051957
0 0.517500 0.768110 0.033000 0.032973
0 0.168750 0.779767 0.030000 0.064946
0 0.940937 0.771857 0.041250 0.047960
0 0.698125 0.767694 0.025500 0.037968
0 0.957187 0.755620 0.015750 0.010991
0 0.499688 0.776020 0.023250 0.061948
0 0.270937 0.755204 0.006750 0.013988
0 0.153750 0.757702 0.006000 0.021982
0 0.476250 0.771440 0.031500 0.056953
0 0.251563 0.775604 0.069750 0.066944
0 0.946562 0.749792 0.011250 0.010991
0 0.933438 0.749792 0.006750 0.010991
0 0.463438 0.748543 0.012750 0.007993
0 0.406562 0.753539 0.012750 0.023980
0 0.611250 0.749376 0.009000 0.015987
0 0.973750 0.766028 0.034500 0.057952
0 0.648750 0.746461 0.015000 0.010991
0 0.621563 0.747294 0.012750 0.012989
0 0.310000 0.747710 0.009000 0.015987
0 0.332813 0.758951 0.042750 0.044963
0 0.913438 0.759784 0.041250 0.048959
0 0.817187 0.746878 0.011250 0.019983
0 0.797500 0.751457 0.010500 0.030974
0 0.418750 0.741465 0.010500 0.008993
0 0.279375 0.747710 0.018000 0.025978
0 0.094687 0.757702 0.021750 0.049958
0 0.180625 0.740216 0.009000 0.013988
0 0.439688 0.758118 0.069750 0.058951
0 0.953438 0.741882 0.020250 0.021982
0 0.826875 0.742298 0.010500 0.022981
0 0.699375 0.742714 0.012000 0.023980
0 0.026250 0.805162 0.052500 0.175853
0 0.374063 0.768943 0.056250 0.092923
0 0.391562 0.740216 0.017250 0.027977
0 0.768750 0.743131 0.024000 0.036969
0 0.930625 0.730641 0.010500 0.010991
0 0.991375 0.748959 0.017250 0.056953
0 0.561250 0.754788 0.108000 0.070941
0 0.196250 0.728143 0.012000 0.006994
0 0.786875 0.745212 0.031500 0.051957
0 0.187188 0.732723 0.017250 0.023980
0 0.649062 0.733139 0.030750 0.026978
0 0.918125 0.727727 0.012000 0.015987
0 0.970000 0.737302 0.039000 0.040966
0 0.346250 0.725229 0.013500 0.011990
0 0.706875 0.733972 0.012000 0.034971
0 0.534687 0.728143 0.018750 0.022981
0 0.405000 0.730641 0.015000 0.028976
0 0.108000 0.838884 0.216000 0.288759
0 0.626563 0.753539 0.039750 0.087927
0 0.532813 0.719400 0.012750 0.009992
0 0.150938 0.720233 0.011250 0.013988
0 0.990313 0.718984 0.011250 0.014988
0 0.875625 0.719817 0.010500 0.016986
0 0.710938 0.720649 0.014250 0.020983
0 0.963750 0.716070 0.010500 0.011990
0 0.800937 0.718984 0.012750 0.018984
0 0.381875 0.719400 0.022500 0.019983
0 0.865000 0.720233 0.009000 0.029975
0 0.969063 0.713572 0.012750 0.015987
0 0.664375 0.775187 0.093000 0.169858
0 0.624375 0.710241 0.013500 0.019983
0 0.679688 0.712739 0.027750 0.029975
0 0.517500 0.715654 0.030000 0.040966
0 0.221562 0.705662 0.011250 0.016986
0 0.485938 0.710658 0.018750 0.032973
0 0.501250 0.715237 0.015000 0.045962
0 0.016125 0.724396 0.032250 0.067943
0 0.695625 0.699833 0.010500 0.010991
0 0.431250 0.703580 0.019500 0.019983
0 0.680000 0.696087 0.012000 0.007993
0 0.033750 0.699001 0.013500 0.014988
0 0.364687 0.722315 0.027750 0.072939
0 0.925625 0.697336 0.025500 0.018984
0 0.601875 0.696919 0.016500 0.019983
0 0.512188 0.693172 0.006750 0.014988
0 0.882812 0.689425 0.011250 0.011990
0 0.521250 0.691091 0.007500 0.015987
0 0.747188 0.694005 0.012750 0.024979
0 0.925000 0.686511 0.010500 0.010991
0 0.363750 0.694005 0.019500 0.028976
0 0.597187 0.686095 0.014250 0.013988
0 0.708750 0.688177 0.015000 0.020983
0 0.098437 0.686095 0.018750 0.015987
0 0.503750 0.686095 0.009000 0.017985
0 0.009000 0.696087 0.018000 0.043963
0 0.157812 0.689009 0.017250 0.030974
0 0.641875 0.695254 0.024000 0.049958
0 0.745625 0.678185 0.009000 0.010991
0 0.568750 0.683181 0.018000 0.022981
0 0.581500 0.803664 0.837000 0.392673
0 0.850625 0.690258 0.054000 0.043963
0 0.328437 0.709825 0.074250 0.092923
0 0.871875 0.675271 0.012000 0.013988
0 0.972812 0.673605 0.015750 0.011990
0 0.578125 0.709825 0.124500 0.098918
0 0.497812 0.673189 0.011250 0.010991
0 0.505938 0.670691 0.006750 0.010991
0 0.857500 0.676520 0.021000 0.026978
0 0.320937 0.679434 0.023250 0.033972
0 0.286562 0.670691 0.005250 0.012989
0 0.823125 0.669026 0.016500 0.012989
0 0.581875 0.677352 0.018000 0.034971
0 0.302500 0.669858 0.012000 0.016986
0 0.986563 0.668609 0.012750 0.015987
0 0.088125 0.669026 0.010500 0.016986
0 0.559063 0.669026 0.023250 0.020983
0 0.471875 0.667361 0.012000 0.016986
0 0.626875 0.665695 0.016500 0.016986
0 0.289687 0.666528 0.014250 0.018984
0 0.125625 0.664446 0.012000 0.013988
0 0.850000 0.664030 0.015000 0.014988
0 0.009375 0.667361 0.018750 0.028976
0 0.522500 0.669442 0.031500 0.035970
0 0.860625 0.657369 0.009000 0.012989
0 0.767500 0.664030 0.039000 0.032973
0 0.615938 0.679017 0.051750 0.070941
0 0.542188 0.658201 0.017250 0.020983
0 0.259688 0.658618 0.027750 0.027977
0 0.368437 0.651124 0.009750 0.013988
0 0.935937 0.670691 0.086250 0.062948
0 0.207813 0.652789 0.014250 0.019983
0 0.237500 0.653206 0.034500 0.022981
0 0.120313 0.650291 0.020250 0.015987
0 0.004500 0.647794 0.009000 0.009992
0 0.857187 0.648210 0.012750 0.014988
0 0.562813 0.649042 0.006750 0.016986
0 0.894062 0.681515 0.047250 0.098918
0 0.751563 0.651124 0.012750 0.025978
0 0.380312 0.645712 0.014250 0.014988
0 0.669687 0.645712 0.017250 0.016986
0 0.338750 0.664863 0.025500 0.064946
0 0.103438 0.644879 0.014250 0.018984
0 0.320625 0.651124 0.039000 0.043963
0 0.897188 0.638634 0.009750 0.015987
0 0.233750 0.715237 0.201000 0.199833
0 0.303750 0.639883 0.012000 0.022981
0 0.267813 0.637386 0.009750 0.016986
0 0.752812 0.635304 0.006750 0.013988
0 0.861563 0.635720 0.008250 0.018984
0 0.844375 0.648210 0.019500 0.048959
0 0.822812 0.646128 0.029250 0.047960
0 0.791562 0.640716 0.027750 0.036969
0 0.386250 0.631557 0.016500 0.020983
0 0.721562 0.629059 0.020250 0.024979
0 0.259688 0.621565 0.012750 0.008993
0 0.707500 0.625312 0.010500 0.019983
0 0.038750 0.622814 0.013500 0.013988
0 0.608125 0.638218 0.067500 0.054954
0 0.660937 0.676936 0.078750 0.151873
0 0.270937 0.621565 0.009750 0.020983
0 0.280000 0.620733 0.016500 0.020983
0 0.926875 0.620316 0.016500 0.021982
0 0.046875 0.616986 0.012000 0.013988
0 0.392813 0.617402 0.021750 0.022981
0 0.785000 0.612823 0.009000 0.013988
0 0.952812 0.614072 0.012750 0.018984
0 0.408750 0.620316 0.024000 0.037968
0 0.726562 0.609492 0.024750 0.013988
0 0.941875 0.618651 0.028500 0.039967
0 0.306563 0.606994 0.012750 0.011990
0 0.276250 0.606162 0.015000 0.009992
0 0.251875 0.624896 0.027000 0.054954
0 0.121563 0.606994 0.009750 0.015987
0 0.761875 0.629475 0.063000 0.071940
0 0.660000 0.605745 0.013500 0.016986
0 0.676250 0.606994 0.013500 0.021982
0 0.049063 0.604496 0.009750 0.015987
0 0.605313 0.609076 0.027750 0.028976
0 0.290625 0.643214 0.067500 0.110908
0 0.395000 0.600749 0.016500 0.014988
0 0.666875 0.597002 0.009000 0.007993
0 0.766563 0.678185 0.231750 0.204829
0 0.722500 0.596170 0.009000 0.011990
0 0.210625 0.593256 0.009000 0.006994
0 0.116250 0.599500 0.016500 0.021982
0 0.911875 0.617402 0.033000 0.066944
0 0.749062 0.594921 0.012750 0.012989
0 0.704375 0.595754 0.010500 0.016986
0 0.092188 0.594088 0.015750 0.012989
0 0.247188 0.592839 0.011250 0.011990
0 0.766875 0.597835 0.028500 0.025978
0 0.628750 0.604080 0.039000 0.048959
0 0.284062 0.591590 0.014250 0.020983
0 0.733750 0.592423 0.021000 0.024979
0 0.644687 0.605329 0.027750 0.057952
0 0.605625 0.589509 0.018000 0.019983
0 0.340313 0.582015 0.009750 0.013988
0 0.640000 0.583680 0.015000 0.027977
0 0.292812 0.577019 0.011250 0.011990
0 0.890312 0.577019 0.017250 0.015987
0 0.258750 0.576187 0.010500 0.013988
0 0.427500 0.574938 0.010500 0.012989
0 0.398125 0.580350 0.009000 0.025978
0 0.648125 0.575354 0.009000 0.017985
0 0.191875 0.571607 0.009000 0.008993
0 0.770312 0.579933 0.029250 0.032973
0 0.180000 0.572440 0.013500 0.016986
0 0.944063 0.587843 0.042750 0.055953
0 0.610625 0.572856 0.015000 0.021982
0 0.549687 0.569525 0.009750 0.013988
0 0.281250 0.572023 0.010500 0.021982
0 0.956562 0.566611 0.008250 0.010991
0 0.720000 0.568693 0.021000 0.015987
0 0.743750 0.574105 0.037500 0.032973
0 0.977812 0.570774 0.014250 0.026978
0 0.113437 0.567444 0.011250 0.020983
0 0.376250 0.561615 0.010500 0.008993
0 0.720000 0.560783 0.012000 0.010991
0 0.755313 0.560366 0.009750 0.011990
0 0.630938 0.571607 0.030750 0.038968
0 0.040500 0.625729 0.081000 0.168859
0 0.125000 0.560366 0.010500 0.013988
0 0.084687 0.560783 0.017250 0.020983
0 0.896250 0.602831 0.073500 0.123897
0 0.195937 0.556203 0.009750 0.011990
0 0.137187 0.561615 0.012750 0.024979
0 0.400313 0.567860 0.053250 0.047960
0 0.027813 0.554538 0.017250 0.015987
0 0.069062 0.585762 0.078750 0.092923
0 0.795000 0.550791 0.015000 0.010991
0 0.787188 0.575354 0.044250 0.069942
0 0.170313 0.556203 0.011250 0.023980
0 0.016875 0.550791 0.012000 0.010991
0 0.970000 0.563697 0.012000 0.043963
0 0.955000 0.550791 0.022500 0.018984
0 0.751875 0.547877 0.013500 0.011990
0 0.103125 0.599917 0.081000 0.142881
0 0.272500 0.544546 0.013500 0.015987
0 0.909375 0.553289 0.039000 0.040966
0 0.781250 0.541632 0.009000 0.012989
0 0.687500 0.551624 0.021000 0.036969
0 0.635625 0.543297 0.006000 0.016986
0 0.186562 0.549126 0.015750 0.032973
0 0.835000 0.586178 0.118500 0.123897
0 0.953125 0.600749 0.093750 0.160866
0 0.627188 0.539550 0.012750 0.019983
0 0.119375 0.537885 0.018000 0.015987
0 0.681250 0.572023 0.105000 0.099917
0 0.083437 0.544130 0.039750 0.034971
0 0.754062 0.534555 0.009750 0.015987
0 0.879687 0.543297 0.020250 0.038968
0 0.985313 0.534138 0.012750 0.024979
0 0.235937 0.586595 0.099750 0.152873
0 0.680625 0.533722 0.007500 0.027977
0 0.660312 0.527893 0.015750 0.013988
0 0.574375 0.531224 0.024000 0.021982
0 0.890938 0.529975 0.009750 0.020983
0 0.732500 0.525396 0.010500 0.015987
0 0.608750 0.542465 0.030000 0.056953
0 0.575937 0.543297 0.057750 0.058951
0 0.103125 0.528726 0.018000 0.025978
0 0.006000 0.524979 0.012000 0.016986
0 0.265625 0.519983 0.015000 0.008993
0 0.089063 0.522481 0.014250 0.014988
0 0.850000 0.533722 0.033000 0.047960
0 0.658438 0.517069 0.006750 0.011990
0 0.690625 0.518318 0.010500 0.016986
0 0.190000 0.517069 0.009000 0.013988
0 0.740000 0.516653 0.015000 0.016986
0 0.214062 0.514155 0.024750 0.012989
0 0.256563 0.513739 0.012750 0.015987
0 0.969375 0.508743 0.013500 0.009992
0 0.838437 0.511241 0.008250 0.015987
0 0.981250 0.518734 0.037500 0.035970
0 0.310000 0.506245 0.010500 0.009992
0 0.144063 0.504163 0.018750 0.008993
0 0.755000 0.524563 0.049500 0.059950
0 0.825000 0.523730 0.030000 0.059950
0 0.798438 0.506661 0.017250 0.022981
0 0.107813 0.511657 0.024750 0.034971
0 0.835000 0.503747 0.006000 0.019983
0 0.006375 0.496669 0.012750 0.006994
0 0.871563 0.509992 0.039750 0.042964
0 0.245312 0.504996 0.017250 0.030974
0 0.091875 0.492506 0.010500 0.018984
0 0.609375 0.492090 0.021000 0.023980
0 0.212500 0.488343 0.024000 0.016986
0 0.874687 0.484596 0.012750 0.011990
0 0.170937 0.496253 0.038250 0.039967
0 0.887500 0.480433 0.016500 0.011990
0 0.326875 0.559117 0.174000 0.202831
0 0.523750 0.489176 0.037500 0.036969
0 0.643750 0.477102 0.009000 0.009992
0 0.637500 0.503331 0.075000 0.080933
0 0.679063 0.474188 0.006750 0.014988
0 0.672500 0.475853 0.010500 0.018984
0 0.620000 0.475853 0.012000 0.018984
0 0.462813 0.472107 0.012750 0.011990
0 0.819375 0.487510 0.037500 0.054954
0 0.004500 0.470441 0.009000 0.013988
0 0.660312 0.468776 0.009750 0.015987
0 0.631875 0.469192 0.013500 0.016986
0 0.170625 0.470441 0.022500 0.019983
0 0.890312 0.526228 0.042750 0.157868
0 0.504687 0.466694 0.009750 0.018984
0 0.913125 0.462115 0.009000 0.013988
0 0.849688 0.485012 0.048750 0.070941
0 0.880000 0.466278 0.024000 0.027977
0 0.844688 0.469192 0.018750 0.036969
0 0.567500 0.460866 0.009000 0.016986
0 0.556875 0.458784 0.015000 0.013988
0 0.250000 0.458368 0.012000 0.020983
0 0.832187 0.454205 0.015750 0.012989
0 0.024688 0.452540 0.014250 0.012989
0 0.877812 0.453372 0.021750 0.016986
0 0.641563 0.453789 0.012750 0.017985
0 0.771250 0.463364 0.037500 0.042964
0 0.960625 0.449625 0.006000 0.013988
0 0.467500 0.450874 0.024000 0.016986
0 0.178125 0.452956 0.010500 0.021982
0 0.971875 0.450874 0.016500 0.018984
0 0.590625 0.449625 0.013500 0.015987
0 0.812813 0.448793 0.009750 0.017985
0 0.730625 0.507494 0.096000 0.158868
0 0.918438 0.448376 0.012750 0.018984
0 0.790625 0.492506 0.060000 0.124896
0 0.010125 0.447960 0.020250 0.021982
0 0.979375 0.441715 0.015000 0.014988
0 0.573438 0.449209 0.024750 0.032973
0 0.525625 0.437968 0.010500 0.007993
0 0.580313 0.439217 0.009750 0.012989
0 0.775312 0.444629 0.014250 0.027977
0 0.994000 0.437136 0.012000 0.013988
0 0.766250 0.437552 0.006000 0.016986
0 0.735625 0.434638 0.010500 0.009992
0 0.194062 0.448376 0.032250 0.042964
0 0.629062 0.431307 0.015750 0.013988
0 0.583750 0.432556 0.016500 0.016986
0 0.041563 0.433389 0.017250 0.020983
0 0.991563 0.427144 0.011250 0.011990
0 0.695937 0.482515 0.081750 0.144879
0 0.153438 0.440466 0.047250 0.045962
0 0.751875 0.437136 0.051000 0.041965
0 0.414062 0.422981 0.012750 0.007993
0 0.260313 0.430475 0.014250 0.027977
0 0.176563 0.426311 0.015750 0.017985
0 0.636250 0.420899 0.013500 0.006994
0 0.779375 0.430891 0.010500 0.032973
0 0.364063 0.426728 0.026250 0.022981
0 0.338125 0.420483 0.009000 0.007993
0 0.250625 0.425895 0.021000 0.022981
0 0.899687 0.423813 0.015750 0.019983
0 0.576250 0.420067 0.007500 0.010991
0 0.855625 0.420483 0.015000 0.013988
0 0.101250 0.417985 0.009000 0.009992
0 0.316875 0.456286 0.120000 0.103913
0 0.329062 0.422981 0.035250 0.025978
0 0.681875 0.437968 0.079500 0.065945
0 0.427187 0.416736 0.008250 0.014988
0 0.089063 0.418401 0.018750 0.020983
0 0.020313 0.417985 0.015750 0.021982
0 0.308750 0.412157 0.012000 0.011990
0 0.206875 0.420067 0.019500 0.030974
0 0.341562 0.411324 0.009750 0.011990
0 0.770000 0.412157 0.010500 0.015987
0 0.162188 0.408826 0.017250 0.009992
0 0.048125 0.419234 0.033000 0.040966
0 0.445937 0.408826 0.020250 0.017985
0 0.652188 0.405912 0.017250 0.012989
0 0.091250 0.407993 0.010500 0.019983
0 0.950313 0.412989 0.032250 0.035970
0 0.376875 0.403830 0.013500 0.019983
0 0.085312 0.397585 0.009750 0.012989
0 0.707812 0.395920 0.015750 0.010991
0 0.257812 0.396336 0.011250 0.011990
0 0.038125 0.396336 0.013500 0.011990
0 0.654687 0.397585 0.015750 0.016986
0 0.506250 0.395504 0.013500 0.011990
0 0.980000 0.394671 0.009000 0.013988
0 0.277500 0.406744 0.033000 0.042964
0 0.844375 0.395920 0.034500 0.022981
0 0.757812 0.391757 0.012750 0.012989
0 0.184062 0.408826 0.048750 0.053955
0 0.550937 0.418401 0.060750 0.080933
0 0.811250 0.390508 0.012000 0.015987
0 0.949688 0.390508 0.014250 0.019983
0 0.617500 0.432973 0.085500 0.121898
0 0.606563 0.386345 0.011250 0.009992
0 0.052812 0.389259 0.011250 0.016986
0 0.022812 0.395920 0.026250 0.032973
0 0.707500 0.385928 0.010500 0.010991
0 0.214688 0.399251 0.042750 0.042964
0 0.841875 0.424646 0.133500 0.105912
0 0.280313 0.383430 0.008250 0.010991
0 0.191562 0.382182 0.009750 0.007993
0 0.038125 0.388426 0.021000 0.024979
0 0.618750 0.383014 0.012000 0.015987
0 0.811875 0.380933 0.016500 0.014988
0 0.959063 0.379267 0.012750 0.014988
0 0.856875 0.383430 0.021000 0.028976
0 0.236250 0.377186 0.007500 0.013988
0 0.628437 0.375937 0.009750 0.012989
0 0.271875 0.377602 0.013500 0.018984
0 0.970375 0.405079 0.059250 0.086928
0 0.209687 0.374688 0.012750 0.013988
0 0.555937 0.382182 0.018750 0.033972
0 0.937750 0.465445 0.124500 0.237802
0 0.298438 0.372190 0.009750 0.019983
0 0.906875 0.371774 0.006000 0.020983
0 0.935625 0.373855 0.007500 0.027977
0 0.917500 0.385928 0.034500 0.056953
0 0.899687 0.367610 0.008250 0.012989
0 0.150750 0.578684 0.301500 0.519567
0 0.025500 0.393006 0.051000 0.073938
0 0.132500 0.372190 0.028500 0.025978
0 0.585313 0.391757 0.074250 0.076936
0 0.009750 0.370108 0.019500 0.024979
0 0.964375 0.373022 0.016500 0.035970
0 0.716250 0.367610 0.013500 0.026978
0 0.979062 0.367194 0.027750 0.029975
0 0.737187 0.392590 0.074250 0.092923
0 0.245625 0.363447 0.018000 0.022981
0 0.988750 0.358451 0.009000 0.016986
0 0.926562 0.355121 0.011250 0.014988
0 0.172187 0.363863 0.029250 0.035970
0 0.310000 0.358035 0.016500 0.023980
0 0.176563 0.370941 0.038250 0.056953
0 0.492500 0.349292 0.009000 0.008993
0 0.380625 0.360949 0.031500 0.036969
0 0.201563 0.362198 0.018750 0.041965
0 0.100500 0.462115 0.201000 0.283764
0 0.320937 0.348876 0.009750 0.015987
0 0.281250 0.350958 0.015000 0.020983
0 0.874062 0.355121 0.035250 0.036969
0 0.673438 0.381765 0.081750 0.100916
0 0.623437 0.346378 0.012750 0.015987
0 0.884062 0.345545 0.020250 0.015987
0 0.338125 0.382182 0.118500 0.103913
0 0.900312 0.377186 0.051750 0.093922
0 0.255000 0.349709 0.024000 0.027977
0 0.636250 0.358868 0.052500 0.051957
0 0.579063 0.342215 0.012750 0.011990
0 0.785625 0.385512 0.057000 0.117902
0 0.612187 0.343880 0.005250 0.017985
0 0.138437 0.342631 0.011250 0.016986
0 0.916562 0.340133 0.014250 0.014988
0 0.715313 0.337219 0.005250 0.013988
0 0.106563 0.337219 0.014250 0.013988
0 0.267500 0.338884 0.015000 0.019983
0 0.747500 0.339301 0.012000 0.022981
0 0.600313 0.345129 0.036750 0.038968
0 0.971562 0.341799 0.033750 0.032973
0 0.949688 0.345962 0.042750 0.042964
0 0.636250 0.336803 0.022500 0.020983
0 0.368125 0.333472 0.009000 0.014988
0 0.198125 0.332223 0.012000 0.013988
0 0.063437 0.336386 0.012750 0.025978
0 0.981250 0.331807 0.006000 0.018984
0 0.386562 0.328476 0.008250 0.010991
0 0.730313 0.341382 0.032250 0.043963
0 0.850000 0.326811 0.013500 0.010991
0 0.316563 0.336386 0.017250 0.033972
0 0.705313 0.327644 0.017250 0.016986
0 0.331250 0.327644 0.012000 0.020983
0 0.155312 0.317652 0.011250 0.006994
0 0.624375 0.325146 0.024000 0.028976
0 0.604375 0.317652 0.010500 0.014988
0 0.846250 0.317652 0.013500 0.018984
0 0.491563 0.315570 0.026250 0.017985
0 0.325000 0.313905 0.013500 0.013988
0 0.565312 0.337635 0.068250 0.072939
0 0.005625 0.314321 0.011250 0.016986
0 0.516875 0.354288 0.075000 0.114904
0 0.669063 0.311823 0.006750 0.016986
0 0.571875 0.320566 0.037500 0.037968
0 0.919375 0.309326 0.007500 0.012989
0 0.830937 0.346378 0.065250 0.101915
0 0.522500 0.305162 0.010500 0.018984
0 0.289687 0.344296 0.060750 0.116903
0 0.270937 0.308493 0.012750 0.030974
0 0.865000 0.335554 0.057000 0.097918
0 0.510312 0.315154 0.023250 0.048959
0 0.767188 0.297252 0.008250 0.007993
0 0.833125 0.308077 0.018000 0.037968
0 0.636563 0.300999 0.023250 0.024979
0 0.476875 0.520816 0.313500 0.554538
0 0.762500 0.313905 0.052500 0.059950
0 0.650000 0.294754 0.007500 0.013988
0 0.761563 0.290175 0.011250 0.012989
0 0.698750 0.292256 0.013500 0.017985
0 0.642188 0.289342 0.008250 0.012989
0 0.655312 0.306411 0.026250 0.055953
0 0.461875 0.288093 0.010500 0.011990
0 0.419687 0.295587 0.038250 0.029975
0 0.837812 0.288093 0.006750 0.013988
0 0.472187 0.295587 0.035250 0.039967
0 0.473125 0.285179 0.010500 0.014988
0 0.688125 0.323897 0.067500 0.113905
0 0.079375 0.310158 0.072000 0.082931
0 0.560937 0.287677 0.020250 0.034971
0 0.444688 0.288926 0.026250 0.037968
0 0.694688 0.277269 0.009750 0.011990
0 0.665312 0.278102 0.012750 0.013988
0 0.058438 0.282681 0.017250 0.024979
0 0.325937 0.276020 0.011250 0.018984
0 0.730000 0.305162 0.072000 0.090924
0 0.486875 0.278934 0.010500 0.027977
0 0.282187 0.271440 0.011250 0.013988
0 0.834063 0.282681 0.050250 0.042964
0 0.886875 0.303081 0.082500 0.093922
0 0.363750 0.273106 0.016500 0.023980
0 0.480938 0.268110 0.008250 0.013988
0 0.381875 0.273938 0.027000 0.027977
0 0.880313 0.268110 0.012750 0.015987
0 0.677188 0.268526 0.015750 0.016986
0 0.727500 0.266028 0.006000 0.014988
0 0.611875 0.268110 0.013500 0.019983
0 0.263125 0.266445 0.013500 0.015987
0 0.940625 0.268110 0.015000 0.021982
0 0.820625 0.267277 0.013500 0.019983
0 0.867188 0.263947 0.014250 0.013988
0 0.135625 0.263114 0.013500 0.011990
0 0.945625 0.298918 0.079500 0.101915
0 0.850000 0.284346 0.033000 0.066944
0 0.453125 0.266445 0.033000 0.027977
0 0.848437 0.258535 0.017250 0.012989
0 0.663438 0.260200 0.012750 0.016986
0 0.643437 0.270608 0.044250 0.041965
0 0.796562 0.256453 0.011250 0.009992
0 0.574063 0.256869 0.009750 0.010991
0 0.932187 0.273938 0.029250 0.059950
0 0.909375 0.253122 0.009000 0.009992
0 0.345000 0.305162 0.087000 0.136886
0 0.584688 0.258118 0.023250 0.027977
0 0.878437 0.253539 0.017250 0.018984
0 0.167500 0.256869 0.022500 0.026978
0 0.447813 0.249376 0.011250 0.010991
0 0.805937 0.259367 0.020250 0.036969
0 0.652500 0.246878 0.010500 0.006994
0 0.914687 0.249792 0.012750 0.019983
0 0.413438 0.246045 0.011250 0.012989
0 0.337187 0.245629 0.011250 0.011990
0 0.989688 0.245629 0.020250 0.013988
0 0.855625 0.243963 0.009000 0.009992
0 0.864688 0.248127 0.023250 0.021982
0 0.817500 0.247294 0.007500 0.019983
0 0.638437 0.246461 0.006750 0.017985
0 0.008250 0.245629 0.016500 0.015987
0 0.040938 0.245212 0.008250 0.016986
0 0.577500 0.241465 0.006000 0.009992
0 0.903750 0.241465 0.012000 0.011990
0 0.385937 0.248959 0.026250 0.029975
0 0.669063 0.247710 0.033750 0.030974
0 0.082187 0.240216 0.014250 0.014988
0 0.735313 0.238551 0.008250 0.012989
0 0.807187 0.240216 0.018750 0.018984
0 0.671562 0.235637 0.014250 0.013988
0 0.646563 0.240216 0.017250 0.024979
0 0.597187 0.246461 0.023250 0.039967
0 0.185938 0.238551 0.011250 0.020983
0 0.525000 0.248127 0.019500 0.045962
0 0.620313 0.243131 0.033750 0.039967
0 0.840938 0.229808 0.011250 0.011990
0 0.996250 0.233972 0.007500 0.023980
0 0.284062 0.228143 0.009750 0.009992
0 0.625938 0.228976 0.014250 0.015987
0 0.006000 0.226894 0.012000 0.010991
0 0.444688 0.226478 0.009750 0.013988
0 0.460938 0.249792 0.032250 0.071940
0 0.866563 0.231890 0.018750 0.032973
0 0.668125 0.223980 0.022500 0.019983
0 0.936562 0.220649 0.018750 0.013988
0 0.304688 0.257286 0.071250 0.101915
0 0.839688 0.241882 0.050250 0.066944
0 0.852187 0.221898 0.011250 0.022981
0 0.773125 0.279351 0.099000 0.160866
0 0.762500 0.224813 0.027000 0.031973
0 0.483438 0.230641 0.024750 0.045962
0 0.227813 0.223147 0.015750 0.029975
0 0.425938 0.212323 0.014250 0.007993
0 0.896250 0.210658 0.012000 0.011990
0 0.795312 0.212739 0.026250 0.016986
0 0.252188 0.213572 0.017250 0.022981
0 0.396250 0.206495 0.013500 0.009992
0 0.411875 0.221066 0.022500 0.050958
0 0.231563 0.208993 0.018750 0.021982
0 0.139063 0.205662 0.011250 0.013988
0 0.717500 0.213988 0.039000 0.035970
0 0.664375 0.205662 0.013500 0.017985
0 0.297500 0.206078 0.031500 0.018984
0 0.705937 0.235637 0.081750 0.095920
0 0.550000 0.201082 0.007500 0.012989
0 0.678125 0.201082 0.007500 0.014988
0 0.918750 0.201082 0.016500 0.020983
0 0.706562 0.206911 0.030750 0.034971
0 0.550000 0.262698 0.183000 0.170858
0 0.790312 0.199833 0.026250 0.021982
0 0.534375 0.197336 0.012000 0.015987
0 0.988750 0.194421 0.010500 0.010991
0 0.583125 0.211907 0.051000 0.052956
0 0.586250 0.201082 0.010500 0.030974
0 0.491250 0.197336 0.018000 0.027977
0 0.384375 0.191923 0.022500 0.018984
0 0.225938 0.189842 0.009750 0.015987
0 0.071875 0.189009 0.006000 0.013988
0 0.770000 0.186095 0.012000 0.008993
0 0.306875 0.188593 0.016500 0.016986
0 0.499375 0.192756 0.021000 0.028976
0 0.753750 0.203580 0.058500 0.058951
0 0.808438 0.203997 0.033750 0.067943
0 0.085000 0.181099 0.015000 0.016986
0 0.742500 0.177352 0.013500 0.009992
0 0.686562 0.182764 0.015750 0.022981
0 0.497812 0.176520 0.012750 0.009992
0 0.074063 0.176936 0.009750 0.012989
0 0.851562 0.176520 0.011250 0.013988
0 0.826875 0.176103 0.012000 0.012989
0 0.642188 0.180266 0.021750 0.022981
0 0.225000 0.278934 0.154500 0.263780
0 0.241563 0.187344 0.024750 0.045962
0 0.086250 0.171940 0.010500 0.010991
0 0.715313 0.170275 0.008250 0.012989
0 0.167500 0.211490 0.057000 0.113905
0 0.780625 0.177352 0.046500 0.033972
0 0.200000 0.189425 0.039000 0.062948
0 0.829063 0.165279 0.012750 0.008993
0 0.809375 0.168193 0.016500 0.015987
0 0.094687 0.167361 0.006750 0.013988
0 0.005313 0.165695 0.009750 0.013988
0 0.721250 0.175687 0.066000 0.039967
0 0.301875 0.162781 0.012000 0.012989
0 0.166875 0.170275 0.012000 0.032973
0 0.898750 0.164030 0.010500 0.019983
0 0.257188 0.168609 0.011250 0.032973
0 0.038125 0.160699 0.013500 0.015987
0 0.010875 0.169858 0.021750 0.037968
0 0.707812 0.165279 0.015750 0.028976
0 0.815937 0.168609 0.017250 0.040966
0 0.450313 0.157785 0.012750 0.014988
0 0.762500 0.166944 0.037500 0.038968
0 0.393750 0.154871 0.009000 0.009992
0 0.506875 0.169442 0.054000 0.046961
0 0.157500 0.155704 0.013500 0.021982
0 0.693125 0.159867 0.034500 0.033972
0 0.478438 0.169026 0.032250 0.063947
0 0.198437 0.155704 0.027750 0.031973
0 0.770938 0.147377 0.012750 0.015987
0 0.514375 0.146545 0.009000 0.013988
0 0.656875 0.189842 0.064500 0.119900
0 0.299375 0.148210 0.007500 0.019983
0 0.021875 0.152789 0.022500 0.032973
0 0.787500 0.145712 0.009000 0.017985
0 0.496563 0.144463 0.015750 0.016986
0 0.352500 0.149875 0.018000 0.029975
0 0.654062 0.143214 0.012750 0.017985
0 0.175937 0.150291 0.030750 0.036969
0 0.425312 0.214405 0.140250 0.192839
0 0.007875 0.141132 0.015750 0.022981
0 0.974375 0.136969 0.012000 0.014988
0 0.780937 0.144047 0.009750 0.031973
0 0.407187 0.149459 0.039750 0.048959
0 0.656250 0.132806 0.007500 0.012989
0 0.364063 0.135304 0.017250 0.020983
0 0.489375 0.132390 0.031500 0.015987
0 0.015312 0.130308 0.008250 0.010991
0 0.061250 0.130724 0.007500 0.021982
0 0.520000 0.121565 0.006000 0.017985
0 0.577187 0.168609 0.150750 0.138884
0 0.010500 0.123647 0.021000 0.032973
0 0.450937 0.114488 0.008250 0.012989
0 0.808438 0.113239 0.020250 0.011990
0 0.919063 0.114488 0.015750 0.016986
0 0.554375 0.114072 0.015000 0.015987
0 0.437188 0.138634 0.072750 0.082931
0 0.570625 0.108243 0.022500 0.011990
0 0.461250 0.119067 0.010500 0.037968
0 0.993125 0.109076 0.006000 0.015987
0 0.392188 0.111157 0.018750 0.026978
0 0.604062 0.105745 0.015750 0.015987
0 0.347187 0.104080 0.012750 0.015987
0 0.945312 0.100749 0.012750 0.017985
0 0.802188 0.099084 0.014250 0.013988
0 0.012750 0.098668 0.025500 0.012989
0 0.333125 0.109492 0.027000 0.040966
0 0.395937 0.093256 0.017250 0.011990
0 0.896250 0.096170 0.016500 0.020983
0 0.808438 0.099500 0.017250 0.028976
0 0.291563 0.090758 0.009750 0.011990
0 0.595000 0.089925 0.012000 0.011990
0 0.088438 0.103664 0.032250 0.046961
0 0.484687 0.087843 0.012750 0.010991
0 0.197500 0.088260 0.010500 0.011990
0 0.573750 0.084513 0.012000 0.008993
0 0.575313 0.094088 0.051750 0.031973
0 0.400938 0.082015 0.008250 0.012989
0 0.060000 0.082431 0.012000 0.013988
0 0.600000 0.088676 0.022500 0.030974
0 0.485625 0.080350 0.015000 0.010991
0 0.401250 0.110325 0.037500 0.084929
0 0.987812 0.087011 0.015750 0.030974
0 0.780625 0.084929 0.010500 0.025978
0 0.995875 0.079933 0.008250 0.017985
0 0.475313 0.079101 0.012750 0.017985
0 0.430000 0.094505 0.037500 0.056953
0 0.513750 0.077019 0.019500 0.020983
0 0.120625 0.075770 0.015000 0.017985
0 0.392500 0.074521 0.006000 0.018984
0 0.238750 0.074105 0.021000 0.019983
0 0.199375 0.070358 0.012000 0.012989
0 0.168437 0.087011 0.033750 0.052956
0 0.187500 0.079101 0.028500 0.035970
0 0.052812 0.070774 0.021750 0.017985
0 0.498125 0.069525 0.028500 0.022981
0 0.396250 0.074938 0.015000 0.035970
0 0.173437 0.065779 0.006750 0.013988
0 0.558438 0.063281 0.008250 0.011990
0 0.107500 0.066195 0.015000 0.020983
0 0.631250 0.070774 0.028500 0.033972
0 0.408125 0.064530 0.009000 0.020983
0 0.272813 0.061199 0.014250 0.012989
0 0.984375 0.058701 0.010500 0.008993
0 0.082812 0.070774 0.048750 0.039967
0 0.204063 0.062864 0.011250 0.022981
0 0.167500 0.061615 0.006000 0.019983
0 0.328437 0.170275 0.186750 0.282764
0 0.117500 0.057868 0.009000 0.020983
0 0.395937 0.057036 0.027750 0.020983
0 0.668750 0.052873 0.009000 0.014988
0 0.335938 0.052456 0.008250 0.013988
0 0.515312 0.052873 0.014250 0.016986
0 0.110937 0.053705 0.012750 0.018984
0 0.055625 0.052456 0.007500 0.019983
0 0.029687 0.044963 0.012750 0.005995
0 0.889687 0.059534 0.024750 0.048959
0 0.996625 0.044546 0.006750 0.020983
0 0.085000 0.040383 0.010500 0.010991
0 0.654375 0.040383 0.010500 0.014988
0 0.507812 0.042048 0.012750 0.018984
0 0.250000 0.037052 0.012000 0.012989
0 0.008125 0.044963 0.012000 0.031973
0 0.944688 0.037885 0.012750 0.016986
0 0.937500 0.037052 0.007500 0.014988
0 0.264688 0.048709 0.042750 0.042964
0 0.027813 0.036220 0.012750 0.012989
0 0.360938 0.070358 0.068250 0.096919
0 0.900625 0.042048 0.015000 0.030974
0 0.152812 0.033306 0.014250 0.009992
0 0.990938 0.036220 0.012750 0.018984
0 0.284375 0.034971 0.010500 0.015987
0 0.091563 0.041216 0.021750 0.032973
0 0.031125 0.058701 0.062250 0.080933
0 0.748437 0.029559 0.006750 0.012989
0 0.950000 0.028726 0.009000 0.012989
0 0.665312 0.032889 0.024750 0.030974
0 0.294375 0.032889 0.012000 0.030974
0 0.541875 0.060783 0.055500 0.099917
0 0.988000 0.022898 0.024000 0.012989
0 0.594063 0.025396 0.009750 0.024979
0 0.740000 0.020816 0.009000 0.015987
0 0.435937 0.019151 0.018750 0.013988
0 0.142500 0.036220 0.057000 0.054954
0 0.635625 0.019983 0.010500 0.019983
0 0.435625 0.047877 0.063000 0.088926
0 0.611875 0.015404 0.015000 0.012989
0 0.407500 0.029975 0.048000 0.047960
0 0.290625 0.015404 0.010500 0.012989
0 0.119688 0.031224 0.044250 0.052956
0 0.334375 0.013739 0.007500 0.012989
0 0.256875 0.024563 0.057000 0.040966
0 0.075000 0.013739 0.019500 0.018984
0 0.943750 0.016653 0.025500 0.027977
0 0.616250 0.026478 0.033000 0.052956
0 0.589688 0.009159 0.011250 0.013988
0 0.442500 0.007494 0.009000 0.011990
0 0.989125 0.010491 0.021750 0.020983
0 0.980938 0.010991 0.015750 0.021982
0 0.970938 0.008993 0.006750 0.017985
0 0.971125 0.081432 0.057750 0.162864
0 0.841750 0.184346 0.316500 0.368693
0 0.673750 0.105412 0.259500 0.210824
0 0.639062 0.037469 0.057750 0.074938
0 0.602500 0.015987 0.022500 0.031973
0 0.582187 0.006495 0.006750 0.012989
0 0.554375 0.033972 0.043500 0.067943
0 0.538750 0.022481 0.036000 0.044963
0 0.493750 0.085928 0.139500 0.171857
0 0.484375 0.016986 0.027000 0.033972
0 0.467187 0.009492 0.012750 0.018984
0 0.453125 0.005995 0.015000 0.011990
0 0.435937 0.007993 0.006750 0.015987
0 0.259500 0.266278 0.519000 0.532556
0 0.314375 0.024979 0.025500 0.049958
0 0.285313 0.008493 0.038250 0.016986
0 0.255312 0.007494 0.027750 0.014988
0 0.221562 0.009992 0.027750 0.019983
0 0.176563 0.005495 0.011250 0.010991
0 0.151250 0.019484 0.042000 0.038968
0 0.081875 0.040966 0.073500 0.081932
0 0.060937 0.010991 0.011250 0.021982
0 0.043125 0.017985 0.030000 0.035970
0 0.037187 0.010491 0.012750 0.020983
0 0.018750 0.023980 0.037500 0.047960
