0 0.913405 0.894375 0.033972 0.013500
0 0.830142 0.905312 0.043963 0.054750
0 0.614488 0.884375 0.015987 0.010500
0 0.524147 0.880313 0.042964 0.014250
0 0.474604 0.867188 0.021982 0.015750
0 0.913405 0.875625 0.063947 0.040500
0 0.374688 0.872500 0.071940 0.036000
0 0.267277 0.881250 0.063947 0.072000
0 0.590341 0.856563 0.019983 0.014250
0 0.248959 0.861563 0.037968 0.032250
0 0.572440 0.880000 0.094921 0.079500
0 0.266445 0.849063 0.017985 0.006750
0 0.669442 0.850313 0.035970 0.015750
0 0.321815 0.858437 0.064946 0.035250
0 0.732306 0.844688 0.006994 0.015750
0 0.511657 0.850938 0.028976 0.041250
0 0.527477 0.838750 0.012989 0.018000
0 0.273938 0.836875 0.031973 0.013500
0 0.422981 0.836250 0.007993 0.013500
0 0.768110 0.840938 0.030974 0.027750
0 0.166944 0.836250 0.018984 0.019500
0 0.926311 0.844063 0.022981 0.039750
0 0.793505 0.843125 0.051957 0.039000
0 0.682764 0.830937 0.035970 0.009750
0 0.578684 0.834063 0.011990 0.020250
0 0.486678 0.849688 0.048959 0.065250
0 0.172773 0.836562 0.056953 0.042750
0 0.727727 0.819063 0.037968 0.020250
0 0.390924 0.854688 0.182848 0.116250
0 0.618651 0.812813 0.015987 0.023250
0 0.657785 0.813125 0.029975 0.028500
0 0.351374 0.812813 0.033972 0.027750
0 0.544130 0.828438 0.080933 0.072750
0 0.236470 0.807500 0.039967 0.030000
0 0.339301 0.797188 0.034971 0.011250
0 0.208576 0.797500 0.024979 0.016500
0 0.398002 0.795312 0.015987 0.020250
0 0.551207 0.792500 0.029975 0.018000
0 0.660699 0.791875 0.046961 0.019500
0 0.628643 0.836562 0.095920 0.126750
0 0.203580 0.787188 0.014988 0.008250
0 0.274355 0.785625 0.022981 0.007500
0 0.723980 0.830625 0.116903 0.132000
0 0.658201 0.780000 0.010991 0.016500
0 0.488343 0.794375 0.104913 0.063000
0 0.087011 0.788125 0.052956 0.052500
0 0.809742 0.796875 0.078934 0.075000
0 0.480433 0.768437 0.013988 0.017250
0 0.459201 0.772188 0.028976 0.026250
0 0.407993 0.759062 0.017985 0.011250
0 0.228976 0.792188 0.103913 0.096750
0 0.170691 0.771563 0.053955 0.051750
0 0.741465 0.756250 0.018984 0.022500
0 0.845962 0.761250 0.019983 0.042000
0 0.664863 0.752812 0.020983 0.035250
0 0.477102 0.747812 0.041965 0.024750
0 0.835137 0.741563 0.031973 0.011250
0 0.722731 0.759687 0.115903 0.060750
0 0.182764 0.740938 0.014988 0.017250
0 0.918818 0.745625 0.034971 0.034500
0 0.773522 0.752812 0.057952 0.054750
0 0.506661 0.730625 0.026978 0.018000
0 0.588260 0.728750 0.020983 0.015000
0 0.385512 0.763750 0.129892 0.100500
0 0.547877 0.752500 0.079933 0.075000
0 0.934638 0.736875 0.056953 0.045000
0 0.216486 0.727187 0.049958 0.027750
0 0.797252 0.734688 0.050958 0.050250
0 0.611157 0.715313 0.017985 0.006750
0 0.499167 0.717187 0.012989 0.012750
0 0.440883 0.739375 0.054954 0.069000
0 0.619484 0.724375 0.029975 0.039000
0 0.507077 0.706875 0.013988 0.010500
0 0.176936 0.719063 0.060949 0.042750
0 0.549958 0.702500 0.018984 0.009000
0 0.233139 0.702187 0.017985 0.014250
0 0.270192 0.724063 0.070941 0.077250
0 0.398834 0.695625 0.025978 0.015000
0 0.937968 0.703750 0.018984 0.037500
0 0.183597 0.688438 0.040966 0.011250
0 0.567444 0.687813 0.024979 0.011250
0 0.844296 0.687813 0.079933 0.024750
0 0.649459 0.742500 0.201832 0.159000
0 0.212323 0.687813 0.027977 0.038250
0 0.142381 0.689375 0.055953 0.048000
0 0.744796 0.671562 0.010991 0.012750
0 0.272273 0.679688 0.031973 0.032250
0 0.241882 0.676250 0.038968 0.036000
0 0.736886 0.678750 0.059950 0.049500
0 0.956536 0.665312 0.086928 0.042750
0 0.889675 0.660000 0.022981 0.037500
0 0.774355 0.651875 0.019983 0.018000
0 0.511657 0.651875 0.030974 0.018000
0 0.578268 0.651563 0.038968 0.024750
0 0.258951 0.649062 0.015987 0.026250
0 0.474188 0.646250 0.012989 0.021000
0 0.593256 0.687500 0.118901 0.121500
0 0.552456 0.666562 0.070941 0.074250
0 0.435470 0.680937 0.095920 0.110250
0 0.025479 0.649062 0.050958 0.033750
0 0.124063 0.647813 0.039967 0.032250
0 0.955037 0.640625 0.061948 0.018000
0 0.164446 0.642500 0.022981 0.025500
0 0.589925 0.634375 0.026978 0.012000
0 0.410908 0.634062 0.010991 0.011250
0 0.667777 0.638437 0.027977 0.023250
0 0.516236 0.626250 0.011990 0.006000
0 0.548709 0.627500 0.013988 0.010500
0 0.785595 0.627812 0.014988 0.017250
0 0.754371 0.632188 0.051957 0.029250
0 0.344713 0.635625 0.031973 0.037500
0 0.323064 0.723750 0.193838 0.261000
0 0.654871 0.620938 0.032973 0.017250
0 0.907577 0.648125 0.069942 0.085500
0 0.794754 0.645625 0.066944 0.082500
0 0.325146 0.616250 0.026978 0.018000
0 0.385512 0.609688 0.027977 0.009750
0 0.577019 0.619062 0.051957 0.038250
0 0.892173 0.605313 0.018984 0.006750
0 0.338468 0.608125 0.018984 0.015000
0 0.296420 0.617188 0.053955 0.039750
0 0.718984 0.608750 0.022981 0.021000
0 0.716070 0.613125 0.057952 0.045000
0 0.666528 0.599688 0.008993 0.018750
0 0.160699 0.595625 0.011990 0.015000
0 0.355537 0.603437 0.043963 0.038250
0 0.170691 0.606875 0.045962 0.049500
0 0.208993 0.596875 0.035970 0.027000
0 0.127394 0.607812 0.053955 0.056250
0 0.822231 0.629375 0.136886 0.109500
0 0.739384 0.590000 0.013988 0.016500
0 0.355537 0.586875 0.021982 0.010500
0 0.412989 0.623750 0.071940 0.103500
0 0.151957 0.579375 0.020983 0.012000
0 0.924230 0.576562 0.009992 0.012750
0 0.229808 0.578125 0.011990 0.019500
0 0.911740 0.590938 0.111907 0.051750
0 0.213988 0.572812 0.017985 0.011250
0 0.758535 0.574688 0.017985 0.021750
0 0.163614 0.567187 0.008993 0.011250
0 0.328476 0.578438 0.036969 0.039750
0 0.688593 0.617500 0.107910 0.144000
0 0.643214 0.565000 0.010991 0.021000
0 0.622814 0.603125 0.067943 0.121500
0 0.958784 0.556562 0.054954 0.018750
0 0.154038 0.553125 0.019983 0.013500
0 0.174438 0.551250 0.014988 0.010500
0 0.889675 0.564375 0.134888 0.049500
0 0.501665 0.554063 0.040966 0.035250
0 0.234804 0.603125 0.181848 0.172500
0 0.333888 0.545625 0.061948 0.045000
0 0.656953 0.559375 0.061948 0.081000
0 0.130724 0.535312 0.013988 0.027750
0 0.189842 0.553125 0.035970 0.075000
0 0.569525 0.525000 0.037968 0.010500
0 0.904246 0.517813 0.007993 0.014250
0 0.693589 0.515625 0.029975 0.021000
0 0.097419 0.515312 0.047960 0.023250
0 0.155704 0.525312 0.039967 0.048750
0 0.950042 0.523125 0.057952 0.048000
0 0.308909 0.506563 0.015987 0.009750
0 0.385512 0.546875 0.103913 0.108000
0 0.808493 0.502188 0.017985 0.011250
0 0.500416 0.505000 0.027977 0.018000
0 0.578268 0.502500 0.050958 0.015000
0 0.547460 0.500938 0.020983 0.015750
0 0.378018 0.494375 0.019983 0.013500
0 0.696087 0.489375 0.005995 0.012000
0 0.549958 0.490000 0.018984 0.015000
0 0.270192 0.509375 0.112906 0.063000
0 0.198585 0.498125 0.054954 0.036000
0 0.946295 0.484375 0.012989 0.010500
0 0.713988 0.482500 0.014988 0.019500
0 0.906328 0.478438 0.014988 0.024750
0 0.287677 0.480312 0.026978 0.029250
0 0.860949 0.505938 0.103913 0.093750
0 0.171940 0.487500 0.058951 0.052500
0 0.256037 0.471562 0.044963 0.018750
0 0.019484 0.485000 0.038968 0.054000
0 0.345545 0.476875 0.065945 0.036000
0 0.750208 0.522188 0.179850 0.149250
0 0.913405 0.455625 0.023980 0.010500
0 0.773522 0.456562 0.015987 0.012750
0 0.373022 0.455937 0.055953 0.015750
0 0.273522 0.456875 0.028976 0.021000
0 0.524979 0.449688 0.032973 0.014250
0 0.987927 0.449375 0.022981 0.015000
0 0.478768 0.461250 0.045962 0.054000
0 0.218568 0.462187 0.050958 0.057750
0 0.636553 0.440000 0.016986 0.006000
0 0.165695 0.457813 0.061948 0.054750
0 0.247294 0.439063 0.029975 0.020250
0 0.139467 0.444375 0.030974 0.034500
0 0.315154 0.448750 0.072939 0.046500
0 0.342631 0.433750 0.034971 0.018000
0 0.753955 0.429688 0.020983 0.017250
0 0.536636 0.424375 0.022981 0.006000
0 0.155704 0.425938 0.007993 0.011250
0 0.326811 0.429688 0.030974 0.023250
0 0.988010 0.422187 0.023980 0.009750
0 0.579933 0.424375 0.026978 0.019500
0 0.454205 0.523125 0.190841 0.258000
0 0.544546 0.430000 0.049958 0.043500
0 0.919234 0.414375 0.027977 0.009000
0 0.932556 0.475625 0.134888 0.162000
0 0.647794 0.412813 0.007993 0.012750
0 0.878851 0.446875 0.076936 0.096000
0 0.157785 0.406250 0.010991 0.007500
0 0.281016 0.407500 0.050958 0.018000
0 0.725229 0.402187 0.015987 0.011250
0 0.310991 0.400938 0.014988 0.008250
0 0.563281 0.447813 0.186844 0.123750
0 0.829725 0.399062 0.008993 0.012750
0 0.389259 0.399062 0.010991 0.012750
0 0.877186 0.395937 0.048959 0.014250
0 0.340550 0.416250 0.101915 0.078000
0 0.927560 0.392500 0.041965 0.027000
0 0.584097 0.395625 0.034971 0.046500
0 0.296836 0.387813 0.020983 0.027750
0 0.176936 0.409375 0.090924 0.087000
0 0.564530 0.375937 0.011990 0.021750
0 0.694838 0.372500 0.008993 0.015000
0 0.854704 0.369063 0.010991 0.009750
0 0.420483 0.387500 0.075937 0.055500
0 0.838468 0.365000 0.019983 0.009000
0 0.220233 0.396250 0.052956 0.090000
0 0.590341 0.364687 0.009992 0.021750
0 0.513322 0.406875 0.128893 0.123000
0 0.314321 0.376875 0.034971 0.051000
0 0.863031 0.384375 0.106911 0.076500
0 0.174438 0.365625 0.064946 0.036000
0 0.388843 0.366875 0.075937 0.048000
0 0.690258 0.354375 0.051957 0.024000
0 0.426728 0.353750 0.040966 0.025500
0 0.822648 0.350000 0.011990 0.019500
0 0.679850 0.345938 0.034971 0.012750
0 0.346794 0.346250 0.012989 0.016500
0 0.611574 0.345938 0.016986 0.017250
0 0.546211 0.342187 0.015987 0.008250
0 0.866361 0.350625 0.044963 0.030000
0 0.271440 0.360312 0.059950 0.056250
0 0.696087 0.336250 0.025978 0.010500
0 0.346794 0.351562 0.040966 0.050250
0 0.911740 0.345000 0.041965 0.040500
0 0.286844 0.332500 0.010991 0.016500
0 0.229392 0.328750 0.028976 0.019500
0 0.622814 0.324688 0.019983 0.011250
0 0.180683 0.327500 0.011990 0.025500
0 0.452540 0.340313 0.064946 0.059250
0 0.172356 0.320312 0.015987 0.015750
0 0.738968 0.318750 0.022981 0.013500
0 0.787677 0.317500 0.015987 0.012000
0 0.495420 0.330937 0.025978 0.044250
0 0.933805 0.318437 0.018984 0.020250
0 0.144463 0.328125 0.042964 0.052500
0 0.226478 0.312500 0.021982 0.016500
0 0.795587 0.315000 0.020983 0.025500
0 0.574105 0.343438 0.116903 0.099750
0 0.489592 0.303438 0.033972 0.011250
0 0.732723 0.301250 0.013988 0.012000
0 0.720233 0.297187 0.007993 0.011250
0 0.286428 0.300312 0.049958 0.023250
0 0.569525 0.314063 0.043963 0.062250
0 0.396336 0.326875 0.093922 0.093000
0 0.754788 0.291875 0.008993 0.012000
0 0.903081 0.354687 0.193838 0.165750
0 0.791007 0.390937 0.207827 0.254250
0 0.743963 0.286562 0.012989 0.008250
0 0.907993 0.289687 0.022981 0.017250
0 0.620733 0.450625 0.232806 0.408000
0 0.804330 0.279375 0.017985 0.009000
0 0.782681 0.280000 0.027977 0.010500
0 0.475021 0.280625 0.008993 0.012000
0 0.532889 0.309375 0.049958 0.088500
0 0.212323 0.279062 0.007993 0.017250
0 0.916320 0.274687 0.020983 0.012750
0 0.272689 0.321250 0.170858 0.127500
0 0.696503 0.285625 0.040966 0.045000
0 0.193589 0.272500 0.028976 0.013500
0 0.268526 0.275313 0.028976 0.023250
0 0.760616 0.273438 0.016986 0.024750
0 0.659034 0.266562 0.014988 0.011250
0 0.841799 0.285000 0.109908 0.057000
0 0.904663 0.267813 0.028976 0.017250
0 0.368027 0.260625 0.009992 0.009000
0 0.950874 0.267500 0.013988 0.030000
0 0.645712 0.264062 0.010991 0.021750
0 0.726478 0.272500 0.082931 0.043500
0 0.344713 0.259375 0.007993 0.013500
0 0.456286 0.264062 0.023980 0.029250
0 0.611574 0.265313 0.034971 0.033750
0 0.362614 0.279062 0.062948 0.069750
0 0.183597 0.255000 0.012989 0.013500
0 0.786844 0.246875 0.017985 0.004500
0 0.169026 0.299375 0.111907 0.130500
0 0.638634 0.248438 0.019983 0.012750
0 0.369276 0.245938 0.014988 0.008250
0 0.236886 0.275000 0.058951 0.079500
0 0.431307 0.279062 0.095920 0.090750
0 0.534971 0.245312 0.012989 0.012750
0 0.918818 0.243125 0.018984 0.009000
0 0.900083 0.249688 0.019983 0.026250
0 0.939217 0.251250 0.051957 0.037500
0 0.746461 0.244688 0.018984 0.023250
0 0.481266 0.252812 0.045962 0.044250
0 0.802248 0.242500 0.012989 0.022500
0 0.590758 0.260000 0.086928 0.066000
0 0.725645 0.232187 0.024979 0.012750
0 0.888426 0.230000 0.035970 0.010500
0 0.523314 0.232500 0.016986 0.016500
0 0.839301 0.251875 0.077935 0.064500
0 0.526228 0.240937 0.059950 0.053250
0 0.450458 0.230937 0.021982 0.033750
0 0.924230 0.224688 0.039967 0.020250
0 0.429642 0.221875 0.011990 0.015000
0 0.717319 0.218438 0.010991 0.009750
0 0.761865 0.221250 0.029975 0.021000
0 0.316819 0.216250 0.008993 0.012000
0 0.232723 0.214375 0.036969 0.024000
0 0.430891 0.220938 0.042964 0.044250
0 0.546628 0.205313 0.010991 0.009750
0 0.584097 0.221562 0.084929 0.053250
0 0.192756 0.223750 0.048959 0.060000
0 0.654038 0.220938 0.060949 0.059250
0 0.855121 0.209063 0.035970 0.033750
0 0.602415 0.193438 0.022981 0.006750
0 0.632806 0.194688 0.015987 0.012750
0 0.291424 0.240625 0.175853 0.123000
0 0.749376 0.208750 0.055953 0.049500
0 0.334305 0.189062 0.020983 0.006750
0 0.497086 0.206250 0.103913 0.061500
0 0.450874 0.191562 0.050958 0.038250
0 0.619900 0.179063 0.012989 0.026250
0 0.579101 0.175625 0.028976 0.021000
0 0.358868 0.187812 0.031973 0.051750
0 0.699001 0.173437 0.020983 0.024750
0 0.284763 0.173437 0.021982 0.039750
0 0.901749 0.169375 0.077935 0.037500
0 0.689842 0.209063 0.090924 0.132750
0 0.795587 0.200625 0.100916 0.114000
0 0.632390 0.156875 0.016986 0.010500
0 0.312240 0.168437 0.045962 0.038250
0 0.758118 0.171250 0.070941 0.048000
0 0.416736 0.155312 0.024979 0.015750
0 0.644463 0.158750 0.043963 0.036000
0 0.742714 0.144375 0.011990 0.007500
0 0.594505 0.162812 0.045962 0.068250
0 0.444213 0.149688 0.032973 0.036750
0 0.634471 0.134375 0.011990 0.021000
0 0.617818 0.132500 0.017985 0.021000
0 0.676103 0.160625 0.059950 0.090000
0 0.589925 0.128125 0.012989 0.015000
0 0.711074 0.135000 0.051957 0.046500
0 0.388010 0.122813 0.027977 0.017250
0 0.574105 0.133437 0.026978 0.051750
0 0.616986 0.117188 0.021982 0.015750
0 0.652789 0.116875 0.043963 0.016500
0 0.345129 0.130938 0.050958 0.059250
0 0.517485 0.158438 0.136886 0.129750
0 0.601166 0.107813 0.011990 0.009750
0 0.960866 0.120000 0.063947 0.042000
0 0.656120 0.103125 0.025978 0.013500
0 0.533722 0.100312 0.011990 0.006750
0 0.576187 0.102188 0.025978 0.012750
0 0.406328 0.102188 0.029975 0.014250
0 0.616986 0.099375 0.017985 0.018000
0 0.505412 0.093438 0.011990 0.014250
0 0.634471 0.091875 0.021982 0.015000
0 0.464197 0.091563 0.020983 0.014250
0 0.514155 0.105000 0.026978 0.051000
0 0.669442 0.089063 0.011990 0.023250
0 0.504163 0.074063 0.024979 0.014250
0 0.620733 0.076563 0.014988 0.026250
0 0.544546 0.083750 0.045962 0.048000
0 0.416736 0.137813 0.142881 0.182250
0 0.638634 0.060937 0.015987 0.006750
0 0.373855 0.080937 0.043963 0.057750
0 0.472107 0.082187 0.047960 0.065250
0 0.587011 0.076250 0.041965 0.067500
0 0.902165 0.047813 0.024979 0.021750
0 0.925062 0.054688 0.043963 0.044250
0 0.639467 0.053437 0.061948 0.056250
0 0.420067 0.053437 0.058951 0.063750
0 0.509159 0.034063 0.074938 0.036750
