0 0.533722 0.668438 0.021982 0.033750
0 0.434638 0.654062 0.029975 0.026250
0 0.539134 0.632188 0.030974 0.021750
0 0.484180 0.610625 0.020983 0.010500
0 0.476270 0.606875 0.021982 0.022500
0 0.492923 0.596250 0.027977 0.028500
0 0.633222 0.597500 0.020983 0.034500
0 0.661948 0.589375 0.029975 0.025500
0 0.599084 0.583125 0.028976 0.018000
0 0.312240 0.581562 0.021982 0.023250
0 0.583680 0.569375 0.015987 0.015000
0 0.492923 0.562187 0.007993 0.008250
0 0.539967 0.558750 0.018984 0.012000
0 0.660699 0.553125 0.014988 0.009000
0 0.711907 0.559063 0.033972 0.024750
0 0.408826 0.559063 0.025978 0.026250
0 0.627810 0.560937 0.075937 0.036750
0 0.774355 0.552500 0.033972 0.019500
0 0.606994 0.551250 0.007993 0.016500
0 0.562448 0.555312 0.022981 0.026250
0 0.652789 0.548125 0.011990 0.010500
0 0.743131 0.553750 0.030974 0.025500
0 0.542048 0.543125 0.017985 0.015000
0 0.757286 0.539062 0.012989 0.009750
0 0.723147 0.538125 0.014988 0.007500
0 0.800167 0.543750 0.033972 0.022500
0 0.644463 0.537500 0.013988 0.013500
0 0.621982 0.538750 0.029975 0.016500
0 0.699001 0.540937 0.032973 0.023250
0 0.558285 0.536563 0.014988 0.017250
0 0.514155 0.539687 0.052956 0.032250
0 0.585762 0.547500 0.050958 0.057000
0 0.490841 0.532500 0.012989 0.024000
0 0.784763 0.527188 0.034971 0.015750
0 0.685262 0.525937 0.025978 0.014250
0 0.610325 0.524687 0.035970 0.017250
0 0.454205 0.524375 0.032973 0.024000
0 0.664030 0.540937 0.060949 0.066750
0 0.778934 0.520938 0.072939 0.036750
0 0.634055 0.510625 0.024979 0.012000
0 0.537885 0.516250 0.055953 0.028500
0 0.753122 0.513125 0.020983 0.022500
0 0.496253 0.513125 0.035970 0.025500
0 0.726478 0.516875 0.052956 0.040500
0 0.827227 0.511563 0.028976 0.029250
0 0.468360 0.507188 0.024979 0.020250
0 0.807660 0.504062 0.007993 0.014250
0 0.558701 0.499063 0.009992 0.011250
0 0.767277 0.500313 0.008993 0.015750
0 0.447127 0.498437 0.007993 0.012750
0 0.480017 0.495625 0.012989 0.010500
0 0.594505 0.494688 0.021982 0.009750
0 0.731057 0.498750 0.037968 0.021000
0 0.794754 0.493125 0.026978 0.010500
0 0.550791 0.490312 0.016986 0.009750
0 0.355121 0.495625 0.026978 0.025500
0 0.756037 0.491875 0.013988 0.021000
0 0.625312 0.484063 0.007993 0.015750
0 0.599084 0.497500 0.086928 0.052500
0 0.828476 0.479687 0.019983 0.012750
0 0.808909 0.480938 0.034971 0.020250
0 0.660283 0.495937 0.073938 0.056250
0 0.614488 0.483750 0.017985 0.027000
0 0.594921 0.478750 0.026978 0.019500
0 0.636969 0.473125 0.017985 0.009000
0 0.532473 0.489687 0.034971 0.050250
0 0.411324 0.488438 0.037968 0.050250
0 0.684846 0.484687 0.044963 0.050250
0 0.771857 0.477187 0.037968 0.033750
0 0.711074 0.469687 0.025978 0.015750
0 0.816403 0.466875 0.008993 0.010500
0 0.736470 0.474062 0.038968 0.033750
0 0.378435 0.467187 0.010991 0.017250
0 0.569942 0.469687 0.020983 0.024750
0 0.730225 0.463125 0.019983 0.012000
0 0.465862 0.473750 0.090924 0.042000
0 0.383847 0.466875 0.023980 0.028500
0 0.794754 0.461875 0.022981 0.018000
0 0.603664 0.457813 0.029975 0.008250
0 0.415903 0.456250 0.008993 0.012000
0 0.688177 0.455625 0.008993 0.013500
0 0.662781 0.459375 0.031973 0.024000
0 0.633222 0.457813 0.030974 0.020250
0 0.755620 0.452813 0.016986 0.012750
0 0.494172 0.451875 0.022981 0.010500
0 0.515820 0.453437 0.012989 0.018750
0 0.588260 0.452500 0.020983 0.018000
0 0.533306 0.455937 0.018984 0.026250
0 0.552873 0.453437 0.017985 0.023250
0 0.454205 0.456250 0.030974 0.031500
0 0.353039 0.448750 0.019983 0.015000
0 0.847627 0.456562 0.025978 0.035250
0 0.674854 0.446250 0.024979 0.013500
0 0.719400 0.449375 0.037968 0.022500
0 0.375520 0.447500 0.017985 0.018000
0 0.771440 0.446250 0.012989 0.021000
0 0.390508 0.442500 0.015987 0.018000
0 0.835970 0.437500 0.011990 0.009000
0 0.402165 0.445625 0.021982 0.031500
0 0.491674 0.439063 0.024979 0.017250
0 0.611990 0.439063 0.021982 0.018750
0 0.793089 0.446250 0.046961 0.039000
0 0.512490 0.435937 0.020983 0.015750
0 0.758118 0.434375 0.022981 0.016500
0 0.593256 0.429688 0.020983 0.005250
0 0.434221 0.441250 0.016986 0.037500
0 0.817236 0.432188 0.014988 0.029250
0 0.636969 0.431563 0.021982 0.027750
0 0.612823 0.426875 0.007993 0.016500
0 0.692340 0.430625 0.046961 0.027000
0 0.694838 0.421875 0.024979 0.013500
0 0.388426 0.425000 0.028976 0.022500
0 0.802664 0.424687 0.021982 0.024750
0 0.729392 0.426250 0.043963 0.031500
0 0.780183 0.420625 0.019983 0.019500
0 0.507077 0.419375 0.013988 0.018000
0 0.603664 0.415000 0.017985 0.009000
0 0.589092 0.417812 0.014988 0.017250
0 0.479600 0.418125 0.027977 0.028500
0 0.446711 0.430625 0.070941 0.063000
0 0.405912 0.409062 0.024979 0.011250
0 0.762281 0.414062 0.050958 0.024750
0 0.700250 0.410313 0.031973 0.015750
0 0.383430 0.405625 0.006994 0.013500
0 0.818068 0.409687 0.024979 0.029250
0 0.338468 0.403750 0.018984 0.016500
0 0.659034 0.398750 0.014988 0.006000
0 0.793922 0.399062 0.030974 0.011250
0 0.464613 0.400938 0.027977 0.015750
0 0.672356 0.397500 0.014988 0.010500
0 0.549126 0.400313 0.034971 0.017250
0 0.352623 0.404687 0.034971 0.027750
0 0.391757 0.399375 0.010991 0.016500
0 0.763530 0.396250 0.037968 0.018000
0 0.822648 0.392500 0.009992 0.012000
0 0.572440 0.415312 0.126894 0.072750
0 0.649875 0.413125 0.078934 0.069000
0 0.374688 0.391562 0.015987 0.018750
0 0.563697 0.390937 0.021982 0.018750
0 0.626145 0.380000 0.023980 0.010500
0 0.456703 0.382500 0.028976 0.021000
0 0.660283 0.381563 0.027977 0.021750
0 0.742714 0.378125 0.019983 0.015000
0 0.814321 0.381563 0.035970 0.024750
0 0.788926 0.380000 0.034971 0.024000
0 0.519983 0.381250 0.066944 0.027000
0 0.495004 0.390313 0.060949 0.048750
0 0.458784 0.370625 0.041965 0.015000
0 0.683597 0.370000 0.027977 0.015000
0 0.641132 0.369375 0.021982 0.013500
0 0.768110 0.368750 0.038968 0.024000
0 0.600333 0.361563 0.017985 0.008250
0 0.427560 0.386562 0.040966 0.069750
0 0.716486 0.390625 0.048959 0.082500
0 0.809742 0.363125 0.058951 0.019500
0 0.502914 0.361250 0.017985 0.015000
0 0.479600 0.362187 0.029975 0.018750
0 0.751457 0.358125 0.006994 0.012000
0 0.380933 0.362187 0.018984 0.023250
0 0.567027 0.366563 0.063947 0.039750
0 0.403414 0.370000 0.030974 0.051000
0 0.810575 0.350625 0.032973 0.009000
0 0.908826 0.350313 0.030974 0.021750
0 0.405079 0.347187 0.042964 0.014250
0 0.755204 0.342500 0.017985 0.007500
0 0.649875 0.335000 0.018984 0.006000
0 0.815987 0.337500 0.023980 0.015000
0 0.792673 0.340625 0.023980 0.022500
0 0.658201 0.349062 0.026978 0.042750
0 0.535803 0.346562 0.056953 0.036750
0 0.763114 0.334375 0.010991 0.010500
0 0.391341 0.331250 0.027977 0.018000
0 0.786012 0.335313 0.055953 0.033750
0 0.592839 0.334375 0.037968 0.036000
0 0.626145 0.339687 0.047960 0.053250
0 0.434221 0.318750 0.012989 0.006000
0 0.505828 0.320937 0.020983 0.012750
0 0.767277 0.321562 0.012989 0.015750
0 0.689425 0.340313 0.031973 0.062250
0 0.845962 0.327500 0.021982 0.033000
0 0.412573 0.326250 0.034971 0.033000
0 0.479184 0.327188 0.038968 0.038250
0 0.783930 0.320625 0.026978 0.024000
0 0.883847 0.315937 0.030974 0.021750
0 0.549126 0.329062 0.102914 0.054750
0 0.823897 0.308125 0.010991 0.009000
0 0.569109 0.311875 0.016986 0.021000
0 0.700250 0.305937 0.021982 0.008250
0 0.551624 0.301563 0.038968 0.017250
0 0.804746 0.307812 0.028976 0.038250
0 0.523314 0.296875 0.012989 0.015000
0 0.602415 0.305312 0.058951 0.038250
0 0.507077 0.297187 0.019983 0.023250
0 0.813905 0.295938 0.028976 0.023250
0 0.682764 0.297500 0.053955 0.027000
0 0.582015 0.293125 0.031973 0.018000
0 0.448376 0.288750 0.012989 0.009000
0 0.626978 0.293750 0.017985 0.022500
0 0.807244 0.285313 0.014988 0.006750
0 0.609908 0.286250 0.012989 0.009000
0 0.912573 0.291250 0.021982 0.025500
0 0.534555 0.287500 0.031973 0.022500
0 0.656953 0.303125 0.043963 0.061500
0 0.671524 0.280000 0.020983 0.012000
0 0.758535 0.276562 0.013988 0.005250
0 0.645296 0.279062 0.021982 0.017250
0 0.483764 0.275313 0.039967 0.021750
0 0.412573 0.270625 0.018984 0.013500
0 0.693172 0.274375 0.040966 0.024000
0 0.443797 0.312812 0.077935 0.117750
0 0.626561 0.272188 0.028976 0.021750
0 0.554954 0.269688 0.032973 0.023250
0 0.439634 0.274062 0.027977 0.035250
0 0.523730 0.271250 0.033972 0.045000
0 0.667361 0.264375 0.024979 0.030000
0 0.747710 0.308125 0.119900 0.136500
0 0.592839 0.264375 0.045962 0.036000
0 0.437552 0.254063 0.020983 0.011250
0 0.738968 0.275313 0.078934 0.065250
0 0.483764 0.255625 0.017985 0.019500
0 0.683181 0.251563 0.030974 0.021750
0 0.531640 0.245000 0.008993 0.016500
0 0.446711 0.242188 0.016986 0.015750
0 0.516236 0.246875 0.019983 0.031500
0 0.581599 0.245625 0.044963 0.031500
0 0.636137 0.235000 0.015987 0.021000
0 0.743131 0.239063 0.030974 0.032250
0 0.490841 0.233437 0.022981 0.021750
0 0.465029 0.237187 0.022981 0.032250
0 0.616153 0.240000 0.043963 0.040500
0 0.541632 0.233750 0.026978 0.025500
0 0.716070 0.221250 0.015987 0.009000
0 0.633639 0.220000 0.013988 0.009000
0 0.581599 0.223438 0.008993 0.020250
0 0.796003 0.222812 0.023980 0.030750
0 0.685679 0.240625 0.120899 0.075000
0 0.535803 0.213750 0.026978 0.019500
0 0.670275 0.211875 0.019983 0.016500
0 0.644463 0.209375 0.025978 0.010500
0 0.622814 0.210000 0.007993 0.013500
0 0.613239 0.210938 0.008993 0.015750
0 0.487094 0.211562 0.031973 0.024750
0 0.516236 0.212188 0.025978 0.030750
0 0.592007 0.200625 0.009992 0.010500
0 0.624480 0.193750 0.011990 0.018000
0 0.590341 0.189062 0.017985 0.012750
0 0.577019 0.187500 0.015987 0.012000
0 0.577435 0.177500 0.008993 0.010500
0 0.562864 0.181250 0.023980 0.021000
0 0.461699 0.181250 0.028976 0.021000
0 0.512490 0.165625 0.018984 0.031500
0 0.492090 0.155625 0.023980 0.031500
0 0.844629 0.073500 0.310741 0.147000
0 0.467111 0.600000 0.879267 1.000000
