0 0.846094 0.993750 0.018750 0.012500
0 0.677344 0.993750 0.020625 0.012500
0 0.249609 0.992500 0.008437 0.015000
0 0.016016 0.992500 0.008437 0.015000
0 0.777734 0.991875 0.023438 0.016250
0 0.098437 0.991875 0.024375 0.016250
0 0.490234 0.991250 0.010312 0.017500
0 0.187109 0.991250 0.014063 0.017500
0 0.908984 0.990625 0.021562 0.018750
0 0.200781 0.990625 0.015000 0.018750
0 0.121875 0.990625 0.007500 0.015000
0 0.114844 0.990625 0.007500 0.015000
0 0.060937 0.990625 0.009375 0.018750
0 0.823438 0.990000 0.013125 0.020000
0 0.736719 0.990000 0.015000 0.020000
0 0.896875 0.988021 0.007500 0.016250
0 0.462500 0.986979 0.015000 0.013750
0 0.375781 0.988125 0.030000 0.023750
0 0.076563 0.988125 0.007500 0.023750
0 0.412500 0.987500 0.030000 0.022500
0 0.398828 0.986250 0.012188 0.027500
0 0.871484 0.983854 0.012188 0.021250
0 0.358203 0.983854 0.010312 0.021250
0 0.348438 0.984896 0.011250 0.026250
0 0.218359 0.984375 0.017813 0.031250
0 0.154688 0.984375 0.065625 0.031250
0 0.385937 0.979688 0.011250 0.016250
0 0.888672 0.983125 0.023438 0.033750
0 0.270313 0.983333 0.015000 0.027500
0 0.254688 0.979688 0.011250 0.023750
0 0.237109 0.981875 0.027187 0.036250
0 0.617578 0.974479 0.010312 0.013750
0 0.089453 0.980625 0.017813 0.038750
0 0.548438 0.973437 0.020625 0.016250
0 0.878125 0.968229 0.009375 0.013750
0 0.708984 0.975521 0.017813 0.031250
0 0.327344 0.977500 0.045000 0.045000
0 0.101172 0.972917 0.010312 0.025000
0 0.004687 0.977604 0.009375 0.036250
0 0.799609 0.976875 0.027187 0.046250
0 0.284375 0.976250 0.026250 0.047500
0 0.109375 0.969271 0.007500 0.021250
0 0.955469 0.966667 0.013125 0.020000
0 0.476562 0.966146 0.016875 0.018750
0 0.151562 0.968229 0.016875 0.023750
0 0.083594 0.966667 0.009375 0.020000
0 0.618750 0.962500 0.015000 0.012500
0 0.537500 0.961979 0.011250 0.011250
0 0.070312 0.973958 0.022500 0.040000
0 0.735156 0.973125 0.058125 0.053750
0 0.398438 0.965104 0.015000 0.023750
0 0.046094 0.966667 0.031875 0.035000
0 0.967187 0.954688 0.015000 0.008750
0 0.857422 0.969271 0.045937 0.046250
0 0.832812 0.961979 0.041250 0.031250
0 0.482422 0.969375 0.030937 0.061250
0 0.231641 0.959896 0.017813 0.026250
0 0.843359 0.952604 0.014063 0.011250
0 0.778516 0.952083 0.015938 0.010000
0 0.283203 0.956250 0.017813 0.022500
0 0.140625 0.954167 0.009375 0.017500
0 0.123828 0.962500 0.029062 0.037500
0 0.534375 0.954688 0.024375 0.021250
0 0.008984 0.951562 0.010312 0.016250
0 0.558984 0.956250 0.030937 0.035000
0 0.307422 0.964375 0.036562 0.071250
0 0.026172 0.963542 0.032813 0.055000
0 0.022266 0.946875 0.014063 0.020000
0 0.120703 0.945833 0.010312 0.020000
0 0.814453 0.946875 0.012188 0.025000
0 0.430859 0.961875 0.029062 0.076250
0 0.512891 0.939583 0.017813 0.010000
0 0.101953 0.945833 0.027187 0.027500
0 0.733203 0.952604 0.044062 0.046250
0 0.446875 0.946875 0.015000 0.032500
0 0.200781 0.957292 0.050625 0.060000
0 0.170703 0.953125 0.032813 0.050000
0 0.069141 0.945833 0.019688 0.035000
0 0.499609 0.941667 0.019688 0.027500
0 0.323047 0.933333 0.012188 0.010000
0 0.180469 0.936979 0.016875 0.018750
0 0.283203 0.936979 0.017813 0.021250
0 0.084375 0.937500 0.009375 0.022500
0 0.964844 0.956250 0.070312 0.087500
0 0.930078 0.933333 0.012188 0.015000
0 0.832812 0.935417 0.009375 0.027500
0 0.587500 0.931250 0.011250 0.017500
0 0.107031 0.928646 0.011250 0.011250
0 0.515234 0.925521 0.015938 0.011250
0 0.187109 0.930208 0.017813 0.022500
0 0.124219 0.926042 0.011250 0.012500
0 0.153516 0.935937 0.015938 0.038750
0 0.050391 0.934375 0.029062 0.035000
0 0.460938 0.944271 0.056250 0.063750
0 0.410156 0.925521 0.015000 0.018750
0 0.066406 0.924479 0.007500 0.016250
0 0.056641 0.926042 0.010312 0.020000
0 0.821484 0.934375 0.017813 0.042500
0 0.577734 0.938542 0.023438 0.052500
0 0.387109 0.923438 0.010312 0.016250
0 0.307812 0.921354 0.013125 0.011250
0 0.423438 0.919792 0.013125 0.010000
0 0.336328 0.939583 0.034687 0.057500
0 0.988672 0.919271 0.014063 0.016250
0 0.376563 0.921354 0.016875 0.021250
0 0.234375 0.919792 0.015000 0.017500
0 0.940234 0.923958 0.027187 0.030000
0 0.221484 0.929167 0.034687 0.045000
0 0.041016 0.917708 0.017813 0.017500
0 0.916016 0.917708 0.025312 0.020000
0 0.137109 0.925000 0.021562 0.037500
0 0.203906 0.924479 0.013125 0.038750
0 0.867578 0.914062 0.017813 0.016250
0 0.833984 0.911979 0.012188 0.013750
0 0.960156 0.925000 0.026250 0.047500
0 0.151562 0.911458 0.011250 0.015000
0 0.055078 0.909896 0.010312 0.016250
0 0.309375 0.925000 0.061875 0.055000
0 0.188672 0.910937 0.014063 0.021250
0 0.727734 0.906250 0.010312 0.017500
0 0.314844 0.902604 0.009375 0.011250
0 0.965234 0.904167 0.014063 0.017500
0 0.616797 0.903125 0.023438 0.017500
0 0.021094 0.906771 0.026250 0.026250
0 0.085156 0.902604 0.011250 0.018750
0 0.171094 0.909896 0.031875 0.038750
0 0.953906 0.898438 0.013125 0.016250
0 0.908984 0.902604 0.021562 0.026250
0 0.385937 0.933854 0.093750 0.101250
0 0.812109 0.904167 0.045937 0.032500
0 0.532422 0.900000 0.014063 0.022500
0 0.455469 0.898438 0.009375 0.021250
0 0.141797 0.897917 0.021562 0.022500
0 0.256641 0.927604 0.038437 0.096250
0 0.224609 0.898958 0.025312 0.030000
0 0.897656 0.932500 0.142500 0.135000
0 0.943359 0.890104 0.014063 0.016250
0 0.932031 0.896875 0.031875 0.032500
0 0.079297 0.889583 0.017813 0.017500
0 0.045312 0.886458 0.016875 0.012500
0 0.534766 0.931250 0.096562 0.122500
0 0.225391 0.879167 0.008437 0.015000
0 0.242578 0.882292 0.030937 0.025000
0 0.020313 0.886979 0.037500 0.036250
0 0.203906 0.889583 0.024375 0.045000
0 0.989219 0.883333 0.021562 0.035000
0 0.176172 0.882812 0.023438 0.033750
0 0.836719 0.879687 0.013125 0.028750
0 0.924219 0.877604 0.033750 0.028750
0 0.866797 0.895312 0.072187 0.071250
0 0.481250 0.872917 0.011250 0.017500
0 0.097266 0.894792 0.075938 0.075000
0 0.830859 0.867188 0.014063 0.011250
0 0.207813 0.866146 0.016875 0.013750
0 0.682422 0.870833 0.036562 0.027500
0 0.144531 0.872917 0.013125 0.032500
0 0.491406 0.897917 0.078750 0.097500
0 0.020703 0.867188 0.017813 0.023750
0 0.991094 0.868750 0.017813 0.030000
0 0.510547 0.863542 0.021562 0.017500
0 0.271094 0.871875 0.043125 0.037500
0 0.008203 0.866146 0.010312 0.031250
0 0.356250 0.864062 0.016875 0.028750
0 0.082422 0.865104 0.025312 0.031250
0 0.050391 0.872396 0.040313 0.048750
0 0.534766 0.871875 0.042188 0.050000
0 0.787109 0.912500 0.090937 0.175000
0 0.783594 0.859375 0.018750 0.022500
0 0.176172 0.859896 0.021562 0.023750
0 0.093750 0.858333 0.011250 0.020000
0 0.883594 0.854688 0.016875 0.013750
0 0.052344 0.857292 0.007500 0.020000
0 0.443359 0.894792 0.079687 0.115000
0 0.591406 0.854688 0.009375 0.021250
0 0.869141 0.864062 0.023438 0.046250
0 0.967187 0.851042 0.013125 0.017500
0 0.285938 0.874479 0.039375 0.073750
0 0.701953 0.848958 0.015938 0.015000
0 0.212500 0.854688 0.026250 0.028750
0 0.163672 0.866146 0.025312 0.056250
0 0.040625 0.846875 0.016875 0.015000
0 0.801562 0.846875 0.020625 0.017500
0 0.913672 0.851562 0.038437 0.031250
0 0.955469 0.844271 0.011250 0.016250
0 0.565234 0.850000 0.032813 0.030000
0 0.192969 0.851042 0.015000 0.032500
0 0.771094 0.838021 0.022500 0.011250
0 0.934766 0.838021 0.010312 0.013750
0 0.182422 0.839063 0.012188 0.021250
0 0.822266 0.833333 0.014063 0.012500
0 0.686328 0.832812 0.012188 0.011250
0 0.502344 0.832812 0.015000 0.011250
0 0.536719 0.842187 0.035625 0.036250
0 0.950781 0.862500 0.061875 0.087500
0 0.161328 0.834896 0.029062 0.021250
0 0.923438 0.830729 0.020625 0.016250
0 0.059766 0.845833 0.034687 0.055000
0 0.019141 0.834375 0.015938 0.027500
0 0.443359 0.826042 0.017813 0.017500
0 0.704688 0.829167 0.024375 0.030000
0 0.857422 0.843229 0.034687 0.071250
0 0.946875 0.821354 0.011250 0.026250
0 0.871484 0.821354 0.014063 0.028750
0 0.797266 0.824479 0.040313 0.038750
0 0.565625 0.819271 0.022500 0.026250
0 0.987813 0.817708 0.024375 0.025000
0 0.081641 0.831250 0.023438 0.060000
0 0.023828 0.818229 0.023438 0.028750
0 0.051172 0.816146 0.015938 0.026250
0 0.836719 0.832812 0.045000 0.071250
0 0.822266 0.816146 0.029062 0.033750
0 0.498047 0.814063 0.021562 0.028750
0 0.405469 0.811979 0.022500 0.023750
0 0.735547 0.813021 0.030937 0.031250
0 0.034375 0.815625 0.020625 0.037500
0 0.717578 0.823438 0.027187 0.058750
0 0.013672 0.806771 0.014063 0.023750
0 0.807422 0.804688 0.014063 0.021250
0 0.882422 0.803646 0.017813 0.023750
0 0.973828 0.798958 0.012188 0.020000
0 0.123047 0.826042 0.049687 0.085000
0 0.990156 0.800000 0.019688 0.025000
0 0.696094 0.808854 0.016875 0.046250
0 0.253125 0.797396 0.013125 0.018750
0 0.727344 0.796875 0.022500 0.025000
0 0.519531 0.792188 0.013125 0.013750
0 0.779687 0.790625 0.016875 0.012500
0 0.050781 0.796354 0.033750 0.026250
0 0.139844 0.794271 0.020625 0.028750
0 0.663672 0.790625 0.023438 0.022500
0 0.555859 0.787500 0.010312 0.017500
0 0.506250 0.789583 0.011250 0.022500
0 0.580859 0.858854 0.068437 0.191250
0 0.636328 0.853125 0.119063 0.182500
0 0.123828 0.784375 0.021562 0.022500
0 0.110937 0.782813 0.007500 0.018750
0 0.036328 0.781771 0.019688 0.018750
0 0.088281 0.804167 0.054375 0.077500
0 0.178516 0.783333 0.032813 0.037500
0 0.750781 0.789062 0.028125 0.053750
0 0.603516 0.775521 0.015938 0.021250
0 0.986875 0.778125 0.026250 0.030000
0 0.343750 0.772396 0.018750 0.016250
0 0.884375 0.773438 0.011250 0.021250
0 0.530859 0.769792 0.008437 0.015000
0 0.152734 0.775000 0.023438 0.027500
0 0.065234 0.774479 0.025312 0.026250
0 0.767578 0.782813 0.032813 0.048750
0 0.436719 0.771875 0.015000 0.025000
0 0.142578 0.769792 0.014063 0.022500
0 0.807422 0.766146 0.025312 0.016250
0 0.019141 0.778646 0.025312 0.048750
0 0.514844 0.771875 0.018750 0.035000
0 0.400781 0.763542 0.016875 0.015000
0 0.089063 0.768750 0.018750 0.027500
0 0.005859 0.765625 0.010312 0.020000
0 0.789453 0.759375 0.014063 0.015000
0 0.307422 0.760938 0.023438 0.018750
0 0.319531 0.777604 0.031875 0.061250
0 0.180078 0.761458 0.017813 0.022500
0 0.034766 0.764583 0.029062 0.030000
0 0.583984 0.759375 0.010312 0.020000
0 0.822266 0.755729 0.008437 0.013750
0 0.336328 0.757812 0.012188 0.023750
0 0.591406 0.757812 0.011250 0.026250
0 0.641016 0.768229 0.023438 0.058750
0 0.486328 0.753125 0.021562 0.022500
0 0.154297 0.751563 0.017813 0.018750
0 0.091406 0.750521 0.007500 0.016250
0 0.735156 0.756250 0.013125 0.032500
0 0.363281 0.756771 0.026250 0.033750
0 0.408203 0.746875 0.014063 0.015000
0 0.938672 0.750000 0.015938 0.030000
0 0.110156 0.758333 0.031875 0.050000
0 0.808594 0.744271 0.022500 0.023750
0 0.222266 0.801562 0.197813 0.161250
0 0.631641 0.741146 0.015938 0.018750
0 0.386719 0.743750 0.031875 0.025000
0 0.769141 0.746875 0.032813 0.035000
0 0.960938 0.744271 0.026250 0.031250
0 0.789453 0.743229 0.010312 0.028750
0 0.533594 0.744792 0.015000 0.037500
0 0.833203 0.741146 0.040313 0.031250
0 0.517188 0.746354 0.020625 0.043750
0 0.689063 0.733854 0.018750 0.018750
0 0.085156 0.733333 0.013125 0.017500
0 0.426953 0.745833 0.040313 0.055000
0 0.977031 0.750000 0.045937 0.072500
0 0.384375 0.819271 0.288750 0.238750
0 0.956641 0.723958 0.014063 0.012500
0 0.029297 0.728125 0.012188 0.027500
0 0.840234 0.722917 0.019688 0.017500
0 0.613672 0.723958 0.010312 0.022500
0 0.800781 0.719792 0.016875 0.015000
0 0.600781 0.725000 0.018750 0.027500
0 0.324219 0.723958 0.020625 0.027500
0 0.469531 0.715625 0.013125 0.010000
0 0.652734 0.718750 0.019688 0.020000
0 0.225781 0.718750 0.015000 0.020000
0 0.085547 0.718750 0.021562 0.022500
0 0.775781 0.721354 0.037500 0.031250
0 0.772266 0.715625 0.012188 0.017500
0 0.100781 0.721875 0.011250 0.032500
0 0.337891 0.714063 0.014063 0.016250
0 0.813672 0.716146 0.023438 0.026250
0 0.568750 0.709896 0.009375 0.013750
0 0.499219 0.716146 0.011250 0.028750
0 0.875781 0.713021 0.013125 0.023750
0 0.974219 0.709375 0.016875 0.022500
0 0.166016 0.705729 0.017813 0.013750
0 0.828516 0.711458 0.010312 0.030000
0 0.480859 0.718229 0.027187 0.046250
0 0.020625 0.726562 0.041250 0.066250
0 0.926562 0.716667 0.026250 0.045000
0 0.153125 0.723437 0.084375 0.063750
0 0.944922 0.714063 0.029062 0.046250
0 0.858203 0.698438 0.012188 0.013750
0 0.530078 0.708854 0.015938 0.038750
0 0.015469 0.703125 0.030937 0.025000
0 0.764453 0.698958 0.010312 0.017500
0 0.855078 0.706250 0.051562 0.047500
0 0.313672 0.700521 0.012188 0.033750
0 0.334766 0.691667 0.015938 0.017500
0 0.105469 0.692187 0.015000 0.018750
0 0.855469 0.689583 0.026250 0.015000
0 0.095703 0.694792 0.012188 0.032500
0 0.573047 0.683854 0.012188 0.008750
0 0.512891 0.713021 0.047812 0.078750
0 0.068359 0.689583 0.030937 0.025000
0 0.128906 0.705208 0.060000 0.067500
0 0.121875 0.690625 0.016875 0.032500
0 0.583984 0.680208 0.012188 0.012500
0 0.515625 0.684375 0.011250 0.022500
0 0.173047 0.686458 0.036562 0.030000
0 0.830469 0.679167 0.011250 0.015000
0 0.688672 0.680208 0.019688 0.017500
0 0.165625 0.680208 0.011250 0.020000
0 0.393359 0.677604 0.008437 0.016250
0 0.048828 0.721354 0.066562 0.121250
0 0.803125 0.678646 0.013125 0.021250
0 0.445703 0.676562 0.014063 0.016250
0 0.102734 0.675521 0.010312 0.013750
0 0.200391 0.678646 0.027187 0.023750
0 0.883594 0.680729 0.041250 0.031250
0 0.573438 0.670833 0.011250 0.015000
0 0.094141 0.670312 0.008437 0.013750
0 0.994375 0.675000 0.011250 0.027500
0 0.973828 0.673958 0.015938 0.027500
0 0.016406 0.667708 0.011250 0.012500
0 0.258594 0.670833 0.009375 0.022500
0 0.529687 0.673438 0.020625 0.031250
0 0.298828 0.672396 0.017813 0.028750
0 0.848047 0.671875 0.021562 0.032500
0 0.798828 0.681771 0.072187 0.058750
0 0.359375 0.661979 0.016875 0.013750
0 0.326172 0.671354 0.017813 0.036250
0 0.081641 0.667708 0.014063 0.027500
0 0.698828 0.663021 0.021562 0.018750
0 0.696719 0.792500 0.606563 0.415000
0 0.908203 0.670312 0.042188 0.041250
0 0.622656 0.669271 0.015000 0.038750
0 0.515234 0.658854 0.021562 0.028750
0 0.871484 0.662500 0.034687 0.040000
0 0.139453 0.652083 0.012188 0.015000
0 0.094922 0.653646 0.010312 0.018750
0 0.850000 0.650000 0.011250 0.017500
0 0.897656 0.648438 0.009375 0.016250
0 0.800391 0.648438 0.015938 0.016250
0 0.835547 0.656250 0.023438 0.040000
0 0.421094 0.653125 0.011250 0.032500
0 0.272656 0.704688 0.114375 0.156250
0 0.018750 0.646354 0.013125 0.016250
0 0.941797 0.648438 0.010312 0.023750
0 0.169531 0.646354 0.011250 0.021250
0 0.083594 0.643750 0.009375 0.015000
0 0.908203 0.652604 0.019688 0.041250
0 0.005156 0.642188 0.010312 0.016250
0 0.658203 0.642708 0.019688 0.022500
0 0.770312 0.641667 0.024375 0.025000
0 0.144922 0.635417 0.012188 0.017500
0 0.047266 0.635938 0.012188 0.018750
0 0.979844 0.645833 0.040313 0.045000
0 0.709766 0.710417 0.150938 0.202500
0 0.291797 0.632292 0.019688 0.015000
0 0.627344 0.630729 0.011250 0.013750
0 0.589453 0.632292 0.012188 0.017500
0 0.974609 0.632812 0.015938 0.023750
0 0.013594 0.629687 0.027187 0.016250
0 0.318359 0.630729 0.023438 0.021250
0 0.733594 0.628646 0.016875 0.018750
0 0.376953 0.628125 0.010312 0.020000
0 0.048828 0.622917 0.012188 0.007500
0 0.952734 0.635417 0.040313 0.042500
0 0.064062 0.651042 0.033750 0.082500
0 0.035937 0.643229 0.039375 0.063750
0 0.315625 0.617708 0.011250 0.010000
0 0.750781 0.630208 0.026250 0.042500
0 0.571875 0.624479 0.024375 0.028750
0 0.819531 0.634896 0.026250 0.058750
0 0.369922 0.679167 0.120937 0.172500
0 0.085547 0.621875 0.032813 0.035000
0 0.632031 0.613021 0.016875 0.018750
0 0.837109 0.622917 0.021562 0.045000
0 0.850000 0.613021 0.016875 0.023750
0 0.960156 0.609375 0.030000 0.017500
0 0.903125 0.605729 0.013125 0.011250
0 0.321094 0.607292 0.020625 0.015000
0 0.124609 0.634375 0.053437 0.092500
0 0.867969 0.622396 0.035625 0.068750
0 0.442969 0.607812 0.030000 0.033750
0 0.979844 0.608854 0.040313 0.043750
0 0.885938 0.598437 0.015000 0.018750
0 0.916797 0.614062 0.089063 0.063750
0 0.796875 0.621875 0.045000 0.087500
0 0.659375 0.590625 0.009375 0.017500
0 0.066406 0.586979 0.013125 0.008750
0 0.458203 0.593750 0.017813 0.027500
0 0.760547 0.594792 0.017813 0.032500
0 0.232031 0.588542 0.013125 0.020000
0 0.160547 0.589583 0.014063 0.022500
0 0.442969 0.585938 0.018750 0.016250
0 0.566016 0.585417 0.021562 0.017500
0 0.430859 0.584896 0.010312 0.016250
0 0.006250 0.593750 0.011250 0.040000
0 0.958594 0.588021 0.016875 0.031250
0 0.721094 0.585938 0.022500 0.026250
0 0.480859 0.582812 0.023438 0.018750
0 0.464453 0.579167 0.017813 0.015000
0 0.843359 0.586458 0.023438 0.035000
0 0.500781 0.581250 0.005625 0.022500
0 0.077344 0.589063 0.016875 0.041250
0 0.855469 0.580729 0.024375 0.023750
0 0.894141 0.577083 0.012188 0.017500
0 0.211328 0.580729 0.019688 0.028750
0 0.968750 0.575000 0.011250 0.022500
0 0.778906 0.572917 0.007500 0.017500
0 0.131641 0.572917 0.010312 0.020000
0 0.811328 0.566667 0.014063 0.012500
0 0.408984 0.569271 0.015938 0.018750
0 0.067578 0.566146 0.010312 0.011250
0 0.987344 0.579167 0.025312 0.050000
0 0.038672 0.586979 0.044062 0.076250
0 0.594922 0.560937 0.017813 0.023750
0 0.080078 0.561979 0.017813 0.026250
0 0.027344 0.557813 0.013125 0.016250
0 0.585156 0.555208 0.013125 0.012500
0 0.954688 0.560417 0.015000 0.027500
0 0.880859 0.566667 0.032813 0.050000
0 0.681641 0.550521 0.010312 0.011250
0 0.260156 0.551562 0.013125 0.013750
0 0.172266 0.603125 0.068437 0.137500
0 0.004219 0.554167 0.008437 0.020000
0 0.810547 0.549479 0.025312 0.018750
0 0.065234 0.551042 0.021562 0.022500
0 0.849609 0.554688 0.032813 0.033750
0 0.878906 0.547917 0.016875 0.020000
0 0.298047 0.548438 0.008437 0.026250
0 0.952734 0.545312 0.015938 0.026250
0 0.401953 0.610417 0.150938 0.182500
0 0.271484 0.539062 0.017813 0.016250
0 0.082422 0.541146 0.029062 0.021250
0 0.841016 0.538021 0.021562 0.016250
0 0.676172 0.537500 0.021562 0.017500
0 0.322266 0.534375 0.012188 0.010000
0 0.017578 0.536458 0.008437 0.015000
0 0.978438 0.553646 0.043125 0.061250
0 0.487500 0.532813 0.009375 0.011250
0 0.007969 0.534896 0.015938 0.023750
0 0.277734 0.649479 0.306562 0.308750
0 0.951562 0.530208 0.026250 0.030000
0 0.878906 0.522396 0.013125 0.013750
0 0.197266 0.522396 0.012188 0.016250
0 0.027734 0.522396 0.017813 0.016250
0 0.721094 0.523958 0.030000 0.025000
0 0.571484 0.521875 0.017813 0.022500
0 0.053125 0.532292 0.048750 0.047500
0 0.014063 0.517708 0.011250 0.017500
0 0.330469 0.517708 0.011250 0.022500
0 0.308203 0.522396 0.025312 0.033750
0 0.813281 0.525521 0.020625 0.046250
0 0.975391 0.519271 0.019688 0.033750
0 0.881250 0.513021 0.011250 0.018750
0 0.042969 0.510938 0.024375 0.013750
0 0.867969 0.514583 0.016875 0.025000
0 0.940234 0.514062 0.019688 0.028750
0 0.794141 0.516146 0.025312 0.033750
0 0.006094 0.510938 0.012188 0.021250
0 0.841406 0.504687 0.013125 0.013750
0 0.654297 0.503646 0.015938 0.018750
0 0.205859 0.504167 0.017813 0.020000
0 0.731250 0.505729 0.024375 0.028750
0 0.080859 0.511458 0.053437 0.042500
0 0.324219 0.502604 0.015000 0.031250
0 0.126953 0.496875 0.034687 0.020000
0 0.054297 0.495312 0.008437 0.018750
0 0.041016 0.496354 0.021562 0.023750
0 0.856641 0.494271 0.014063 0.021250
0 0.826953 0.504687 0.025312 0.048750
0 0.427344 0.491667 0.022500 0.017500
0 0.085156 0.492708 0.013125 0.020000
0 0.305859 0.490625 0.021562 0.017500
0 0.791797 0.488542 0.010312 0.015000
0 0.810156 0.487500 0.011250 0.017500
0 0.776563 0.485938 0.024375 0.013750
0 0.596484 0.670312 0.321562 0.461250
0 0.383203 0.487500 0.027187 0.022500
0 0.135547 0.482292 0.017813 0.012500
0 0.988281 0.503646 0.023438 0.066250
0 0.430078 0.515625 0.062812 0.095000
0 0.017969 0.491146 0.035625 0.038750
0 0.235937 0.480729 0.020625 0.021250
0 0.210547 0.486458 0.023438 0.037500
0 0.987109 0.475000 0.019688 0.015000
0 0.802344 0.479167 0.013125 0.025000
0 0.969922 0.488542 0.023438 0.055000
0 0.088281 0.477083 0.018750 0.027500
0 0.638281 0.475521 0.013125 0.026250
0 0.876563 0.480208 0.035625 0.042500
0 0.931250 0.470313 0.016875 0.023750
0 0.956250 0.463542 0.013125 0.012500
0 0.789453 0.463542 0.015938 0.012500
0 0.054297 0.475000 0.034687 0.042500
0 0.029687 0.463542 0.015000 0.017500
0 0.956250 0.476042 0.031875 0.050000
0 0.069141 0.457813 0.014063 0.011250
0 0.637891 0.456771 0.019688 0.011250
0 0.312109 0.458854 0.010312 0.016250
0 0.928516 0.457813 0.012188 0.018750
0 0.273438 0.461979 0.026250 0.038750
0 0.042969 0.452083 0.013125 0.015000
0 0.903516 0.530208 0.124687 0.205000
0 0.082031 0.453646 0.016875 0.021250
0 0.200000 0.450000 0.013125 0.020000
0 0.062109 0.447396 0.015938 0.013750
0 0.155469 0.449479 0.015000 0.021250
0 0.988281 0.448958 0.023438 0.030000
0 0.848047 0.464583 0.062812 0.067500
0 0.473828 0.465625 0.044062 0.070000
0 0.047266 0.441146 0.014063 0.013750
0 0.799609 0.441667 0.015938 0.025000
0 0.887109 0.444792 0.017813 0.035000
0 0.829297 0.436979 0.010312 0.018750
0 0.923828 0.436979 0.012188 0.021250
0 0.895312 0.436458 0.015000 0.022500
0 0.152344 0.516667 0.159375 0.215000
0 0.971484 0.433854 0.010312 0.018750
0 0.810937 0.449479 0.043125 0.056250
0 0.807813 0.433854 0.011250 0.018750
0 0.420312 0.431250 0.016875 0.012500
0 0.837891 0.430729 0.014063 0.013750
0 0.405078 0.467708 0.057188 0.102500
0 0.871875 0.435417 0.015000 0.030000
0 0.767188 0.439063 0.041250 0.038750
0 0.789453 0.427604 0.012188 0.016250
0 0.371484 0.427604 0.021562 0.016250
0 0.653516 0.432812 0.010312 0.031250
0 0.915625 0.428125 0.009375 0.022500
0 0.937109 0.441146 0.032813 0.056250
0 0.182812 0.426563 0.009375 0.023750
0 0.072266 0.421354 0.021562 0.011250
0 0.259766 0.424479 0.021562 0.021250
0 0.096094 0.430729 0.030000 0.036250
0 0.122266 0.448958 0.075938 0.082500
0 0.925391 0.418750 0.014063 0.012500
0 0.810156 0.423438 0.015000 0.026250
0 0.424609 0.419271 0.023438 0.016250
0 0.194531 0.418750 0.022500 0.015000
0 0.085547 0.420833 0.015938 0.020000
0 0.953125 0.421354 0.020625 0.023750
0 0.633203 0.416146 0.014063 0.013750
0 0.006094 0.417187 0.012188 0.023750
0 0.605859 0.411458 0.012188 0.015000
0 0.034766 0.410938 0.017813 0.018750
0 0.806250 0.408333 0.011250 0.017500
0 0.973437 0.433333 0.048750 0.080000
0 0.415234 0.411979 0.034687 0.028750
0 0.399609 0.406771 0.008437 0.021250
0 0.545312 0.402083 0.015000 0.012500
0 0.006563 0.400521 0.013125 0.008750
0 0.389453 0.405208 0.015938 0.022500
0 0.351562 0.401562 0.015000 0.013750
0 0.133203 0.413021 0.032813 0.041250
0 0.785547 0.406771 0.034687 0.028750
0 0.773828 0.402604 0.019688 0.018750
0 0.846875 0.410417 0.022500 0.042500
0 0.830078 0.403646 0.014063 0.026250
0 0.817969 0.399479 0.013125 0.018750
0 0.466406 0.396354 0.016875 0.011250
0 0.252734 0.403646 0.015938 0.028750
0 0.113672 0.408854 0.030937 0.041250
0 0.150391 0.396875 0.019688 0.015000
0 0.950391 0.394792 0.008437 0.017500
0 0.211719 0.393750 0.016875 0.020000
0 0.862109 0.406250 0.032813 0.052500
0 0.284766 0.389062 0.017813 0.011250
0 0.268359 0.392708 0.019688 0.020000
0 0.193750 0.398438 0.026250 0.033750
0 0.910547 0.408333 0.094687 0.062500
0 0.914844 0.385417 0.015000 0.017500
0 0.789062 0.384375 0.018750 0.015000
0 0.762500 0.386979 0.028125 0.021250
0 0.700781 0.383854 0.011250 0.016250
0 0.421875 0.379688 0.016875 0.013750
0 0.503125 0.381250 0.013125 0.020000
0 0.856641 0.377083 0.017813 0.015000
0 0.776953 0.378125 0.015938 0.020000
0 0.148828 0.377604 0.010312 0.018750
0 0.132031 0.381771 0.026250 0.031250
0 0.262891 0.376042 0.012188 0.022500
0 0.234766 0.460417 0.120937 0.225000
0 0.757812 0.370833 0.009375 0.012500
0 0.173828 0.398438 0.045937 0.078750
0 0.952734 0.371354 0.012188 0.016250
0 0.810937 0.376042 0.028125 0.032500
0 0.916016 0.371354 0.017813 0.026250
0 0.869531 0.364583 0.015000 0.015000
0 0.231250 0.367188 0.018750 0.021250
0 0.990156 0.378646 0.019688 0.051250
0 0.731250 0.365104 0.007500 0.018750
0 0.791016 0.365104 0.017813 0.028750
0 0.152344 0.357292 0.011250 0.010000
0 0.247266 0.360417 0.014063 0.020000
0 0.492578 0.416146 0.171563 0.156250
0 0.778516 0.356771 0.012188 0.016250
0 0.176563 0.360417 0.018750 0.025000
0 0.208984 0.365625 0.036562 0.042500
0 0.207813 0.355729 0.013125 0.018750
0 0.972656 0.380208 0.050625 0.080000
0 0.939063 0.371354 0.035625 0.061250
0 0.837500 0.354167 0.011250 0.020000
0 0.759375 0.355729 0.026250 0.036250
0 0.733594 0.346875 0.011250 0.015000
0 0.700391 0.348958 0.014063 0.020000
0 0.521484 0.348958 0.014063 0.020000
0 0.467969 0.345833 0.015000 0.012500
0 0.887109 0.371354 0.070312 0.078750
0 0.190234 0.345833 0.017813 0.017500
0 0.023906 0.356771 0.047812 0.046250
0 0.982187 0.352083 0.035625 0.037500
0 0.789453 0.342187 0.019688 0.013750
0 0.021094 0.344792 0.015000 0.025000
0 0.945312 0.341667 0.011250 0.020000
0 0.751563 0.338542 0.009375 0.017500
0 0.171484 0.346354 0.023438 0.038750
0 0.829688 0.340625 0.018750 0.027500
0 0.705078 0.353646 0.042188 0.061250
0 0.432812 0.333333 0.013125 0.015000
0 0.206250 0.335938 0.015000 0.021250
0 0.264062 0.331250 0.013125 0.012500
0 0.188281 0.331771 0.011250 0.013750
0 0.819141 0.345313 0.015938 0.051250
0 0.991406 0.330729 0.016875 0.021250
0 0.913672 0.335938 0.036562 0.036250
0 0.975000 0.332292 0.026250 0.030000
0 0.490234 0.336979 0.036562 0.041250
0 0.234375 0.327083 0.018750 0.022500
0 0.556250 0.323958 0.011250 0.020000
0 0.856250 0.319271 0.015000 0.011250
0 0.448047 0.321354 0.008437 0.016250
0 0.987813 0.320312 0.024375 0.021250
0 0.215234 0.318229 0.019688 0.016250
0 0.966797 0.318229 0.008437 0.021250
0 0.817969 0.316146 0.020625 0.018750
0 0.793750 0.313542 0.015000 0.022500
0 0.436719 0.317188 0.009375 0.033750
0 0.015234 0.317708 0.023438 0.037500
0 0.004687 0.309896 0.009375 0.018750
0 0.254297 0.313542 0.034687 0.030000
0 0.523047 0.314583 0.030937 0.035000
0 0.226953 0.303125 0.014063 0.010000
0 0.854688 0.328646 0.063750 0.073750
0 0.604688 0.305208 0.013125 0.017500
0 0.810547 0.304167 0.023438 0.025000
0 0.726953 0.318229 0.057188 0.061250
0 0.629297 0.327083 0.079687 0.082500
0 0.757422 0.304688 0.030937 0.031250
0 0.844141 0.301563 0.012188 0.028750
0 0.986328 0.295833 0.021562 0.017500
0 0.562500 0.303125 0.011250 0.035000
0 0.791016 0.295312 0.019688 0.018750
0 0.826953 0.295312 0.010312 0.021250
0 0.779687 0.322917 0.069375 0.087500
0 0.822266 0.289583 0.008437 0.015000
0 0.906641 0.314583 0.135937 0.080000
0 0.692187 0.286458 0.011250 0.012500
0 0.481250 0.288542 0.013125 0.017500
0 0.294922 0.295312 0.014063 0.033750
0 0.617188 0.286979 0.013125 0.016250
0 0.242969 0.290625 0.028125 0.025000
0 0.320703 0.285417 0.021562 0.020000
0 0.039844 0.327604 0.079687 0.121250
0 0.603906 0.508333 0.476250 0.557500
0 0.914844 0.281250 0.013125 0.015000
0 0.843359 0.280208 0.014063 0.015000
0 0.316406 0.274479 0.011250 0.008750
0 0.632031 0.287500 0.054375 0.042500
0 0.093359 0.279167 0.017813 0.022500
0 0.575781 0.288021 0.018750 0.046250
0 0.969922 0.273438 0.015938 0.016250
0 0.883203 0.283854 0.027187 0.041250
0 0.935156 0.273958 0.018750 0.022500
0 0.796094 0.274479 0.016875 0.023750
0 0.413672 0.319271 0.055313 0.131250
0 0.770703 0.273438 0.044062 0.028750
0 0.508594 0.271875 0.007500 0.025000
0 0.962500 0.284896 0.045000 0.058750
0 0.567969 0.268750 0.024375 0.022500
0 0.276562 0.271875 0.016875 0.030000
0 0.916016 0.269271 0.029062 0.026250
0 0.720703 0.277604 0.015938 0.046250
0 0.670312 0.272396 0.033750 0.036250
0 0.342969 0.263021 0.007500 0.013750
0 0.161719 0.263542 0.013125 0.015000
0 0.814063 0.273438 0.020625 0.041250
0 0.801953 0.261979 0.017813 0.013750
0 0.704688 0.266146 0.020625 0.023750
0 0.582812 0.261979 0.015000 0.013750
0 0.073047 0.276042 0.032813 0.047500
0 0.046875 0.263542 0.013125 0.020000
0 0.476562 0.259896 0.015000 0.016250
0 0.855859 0.270833 0.023438 0.045000
0 0.741406 0.263542 0.018750 0.027500
0 0.293750 0.263542 0.018750 0.030000
0 0.432031 0.258333 0.015000 0.020000
0 0.958203 0.253125 0.014063 0.012500
0 0.753906 0.254167 0.007500 0.022500
0 0.307031 0.251042 0.016875 0.015000
0 0.147266 0.270833 0.045937 0.062500
0 0.101562 0.251042 0.015000 0.020000
0 0.900391 0.248438 0.012188 0.016250
0 0.732812 0.251563 0.020625 0.023750
0 0.201563 0.252083 0.028125 0.025000
0 0.945312 0.248438 0.016875 0.018750
0 0.919141 0.243229 0.008437 0.011250
0 0.805469 0.247917 0.018750 0.022500
0 0.034687 0.266667 0.069375 0.067500
0 0.979844 0.258333 0.040313 0.050000
0 0.929297 0.249479 0.019688 0.028750
0 0.726562 0.244792 0.024375 0.020000
0 0.702734 0.243750 0.015938 0.017500
0 0.912500 0.249479 0.013125 0.033750
0 0.293359 0.242188 0.015938 0.016250
0 0.317188 0.239583 0.009375 0.015000
0 0.869141 0.244792 0.019688 0.030000
0 0.147266 0.236979 0.015938 0.011250
0 0.011328 0.238021 0.012188 0.016250
0 0.159766 0.235417 0.012188 0.012500
0 0.887109 0.248958 0.019688 0.050000
0 0.838672 0.258854 0.029062 0.078750
0 0.758594 0.239063 0.016875 0.031250
0 0.943750 0.232292 0.030000 0.017500
0 0.485938 0.230208 0.011250 0.012500
0 0.966016 0.234896 0.036562 0.028750
0 0.741797 0.234375 0.029062 0.032500
0 0.791797 0.236458 0.032813 0.042500
0 0.666016 0.244792 0.053437 0.062500
0 0.137891 0.227604 0.017813 0.021250
0 0.320703 0.225000 0.010312 0.017500
0 0.625000 0.242188 0.050625 0.061250
0 0.376953 0.223958 0.008437 0.017500
0 0.828516 0.220833 0.012188 0.012500
0 0.594922 0.252083 0.075938 0.087500
0 0.784375 0.223438 0.009375 0.021250
0 0.549609 0.237500 0.036562 0.055000
0 0.210547 0.229687 0.023438 0.041250
0 0.978906 0.218750 0.013125 0.017500
0 0.816016 0.229167 0.021562 0.042500
0 0.745313 0.219792 0.013125 0.020000
0 0.145313 0.219792 0.013125 0.020000
0 0.126953 0.221354 0.012188 0.026250
0 0.946484 0.216667 0.015938 0.020000
0 0.908594 0.223438 0.026250 0.036250
0 0.866016 0.230729 0.040313 0.053750
0 0.723047 0.220312 0.017813 0.031250
0 0.245312 0.219792 0.048750 0.032500
0 0.688281 0.211979 0.024375 0.016250
0 0.490625 0.211979 0.018750 0.018750
0 0.161719 0.210417 0.013125 0.017500
0 0.025781 0.227604 0.051562 0.058750
0 0.842187 0.210938 0.013125 0.021250
0 0.832031 0.208854 0.020625 0.016250
0 0.803516 0.211458 0.006563 0.022500
0 0.067578 0.238021 0.072187 0.088750
0 0.783203 0.208854 0.021562 0.021250
0 0.884766 0.214062 0.042188 0.036250
0 0.173047 0.206771 0.012188 0.018750
0 0.021875 0.206771 0.011250 0.018750
0 0.588672 0.204687 0.008437 0.016250
0 0.121094 0.206771 0.018750 0.021250
0 0.798828 0.207813 0.014063 0.026250
0 0.737891 0.207292 0.019688 0.027500
0 0.390234 0.202604 0.017813 0.016250
0 0.031250 0.202083 0.015000 0.015000
0 0.789844 0.199479 0.009375 0.011250
0 0.069922 0.209896 0.027187 0.038750
0 0.930078 0.214583 0.030937 0.052500
0 0.820703 0.203646 0.014063 0.026250
0 0.433203 0.202083 0.014063 0.022500
0 0.349609 0.203125 0.015938 0.027500
0 0.247656 0.197396 0.016875 0.016250
0 0.913672 0.197917 0.025312 0.020000
0 0.857031 0.198437 0.022500 0.021250
0 0.673047 0.200000 0.017813 0.025000
0 0.568750 0.202604 0.033750 0.031250
0 0.550000 0.199479 0.009375 0.023750
0 0.466016 0.196875 0.023438 0.017500
0 0.967969 0.206250 0.022500 0.042500
0 0.884375 0.195312 0.018750 0.016250
0 0.703125 0.215104 0.039375 0.066250
0 0.100391 0.221875 0.064687 0.082500
0 0.896484 0.196354 0.006563 0.023750
0 0.618359 0.205729 0.053437 0.046250
0 0.275391 0.191667 0.012188 0.012500
0 0.812500 0.195312 0.011250 0.023750
0 0.502344 0.245833 0.118125 0.145000
0 0.351953 0.376563 0.325313 0.461250
0 0.658594 0.194792 0.015000 0.027500
0 0.043359 0.192708 0.032813 0.022500
0 0.011250 0.192188 0.022500 0.021250
0 0.587891 0.191667 0.027187 0.022500
0 0.411719 0.195312 0.037500 0.031250
0 0.951562 0.194792 0.018750 0.032500
0 0.382422 0.191667 0.030937 0.027500
0 0.760156 0.200000 0.035625 0.052500
0 0.829688 0.188542 0.016875 0.030000
0 0.215234 0.193229 0.027187 0.043750
0 0.802344 0.180729 0.020625 0.016250
0 0.694141 0.189062 0.032813 0.036250
0 0.787109 0.179167 0.014063 0.015000
0 0.372656 0.180208 0.007500 0.017500
0 0.575781 0.176563 0.013125 0.011250
0 0.058594 0.179688 0.018750 0.018750
0 0.738281 0.179167 0.016875 0.020000
0 0.675000 0.180208 0.024375 0.025000
0 0.421484 0.177604 0.023438 0.021250
0 0.237891 0.195833 0.040313 0.065000
0 0.008594 0.175000 0.015000 0.015000
0 0.859766 0.181250 0.030937 0.032500
0 0.637891 0.183854 0.029062 0.038750
0 0.531250 0.176042 0.020625 0.020000
0 0.482422 0.198437 0.072187 0.078750
0 0.263281 0.180208 0.015000 0.040000
0 0.119531 0.171354 0.013125 0.021250
0 0.039453 0.168750 0.017813 0.015000
0 0.719922 0.172396 0.023438 0.026250
0 0.693750 0.166146 0.011250 0.011250
0 0.526953 0.165625 0.010312 0.012500
0 0.458984 0.172917 0.025312 0.030000
0 0.023828 0.178646 0.021562 0.043750
0 0.823047 0.166667 0.023438 0.020000
0 0.792578 0.167708 0.032813 0.022500
0 0.758203 0.168750 0.030937 0.025000
0 0.876172 0.172396 0.012188 0.038750
0 0.610547 0.171354 0.038437 0.036250
0 0.768750 0.160938 0.018750 0.013750
0 0.902734 0.173958 0.025312 0.050000
0 0.847656 0.160938 0.020625 0.018750
0 0.271875 0.163542 0.016875 0.025000
0 0.886719 0.161979 0.015000 0.023750
0 0.712109 0.161979 0.012188 0.023750
0 0.930469 0.173958 0.028125 0.055000
0 0.649609 0.164062 0.036562 0.031250
0 0.734375 0.157812 0.024375 0.021250
0 0.578516 0.163021 0.030937 0.033750
0 0.914453 0.155208 0.017813 0.017500
0 0.861328 0.156771 0.010312 0.021250
0 0.809375 0.158854 0.013125 0.026250
0 0.478125 0.151042 0.013125 0.007500
0 0.794922 0.152604 0.015938 0.013750
0 0.195312 0.156771 0.007500 0.023750
0 0.136328 0.179688 0.055313 0.078750
0 0.591797 0.156771 0.025312 0.026250
0 0.013672 0.157812 0.014063 0.031250
0 0.408203 0.157812 0.014063 0.033750
0 0.495703 0.151042 0.017813 0.020000
0 0.544922 0.154167 0.036562 0.030000
0 0.258984 0.155208 0.015938 0.032500
0 0.837500 0.148438 0.018750 0.021250
0 0.819922 0.148438 0.015938 0.021250
0 0.457422 0.151042 0.034687 0.032500
0 0.439063 0.144792 0.013125 0.017500
0 0.244922 0.150000 0.019688 0.030000
0 0.231250 0.156250 0.016875 0.045000
0 0.519922 0.153125 0.030937 0.040000
0 0.273047 0.143229 0.025312 0.016250
0 0.751563 0.144792 0.020625 0.025000
0 0.634766 0.141667 0.015938 0.017500
0 0.422656 0.142708 0.013125 0.020000
0 0.651563 0.141667 0.022500 0.020000
0 0.623047 0.147396 0.014063 0.033750
0 0.107422 0.157292 0.047812 0.065000
0 0.671875 0.140625 0.018750 0.027500
0 0.360547 0.133854 0.015938 0.011250
0 0.801172 0.138021 0.021562 0.023750
0 0.778125 0.141667 0.037500 0.032500
0 0.530859 0.132292 0.014063 0.010000
0 0.223438 0.130729 0.013125 0.011250
0 0.911328 0.137500 0.027187 0.032500
0 0.836328 0.132292 0.027187 0.022500
0 0.007031 0.143229 0.014063 0.051250
0 0.459375 0.129688 0.022500 0.021250
0 0.694141 0.137500 0.040313 0.042500
0 0.540625 0.125521 0.011250 0.016250
0 0.791016 0.123438 0.021562 0.013750
0 0.381250 0.123438 0.011250 0.013750
0 0.725781 0.133333 0.050625 0.042500
0 0.516797 0.125521 0.012188 0.023750
0 0.644531 0.125521 0.024375 0.028750
0 0.471484 0.122917 0.014063 0.022500
0 0.992031 0.122917 0.015938 0.025000
0 0.851953 0.124479 0.014063 0.031250
0 0.841797 0.117708 0.017813 0.015000
0 0.815625 0.118229 0.009375 0.016250
0 0.626563 0.122917 0.030000 0.027500
0 0.092969 0.124479 0.039375 0.036250
0 0.381250 0.111979 0.013125 0.011250
0 0.667578 0.112500 0.010312 0.015000
0 0.938672 0.142187 0.047812 0.088750
0 0.878516 0.130729 0.049687 0.061250
0 0.408203 0.112500 0.006563 0.017500
0 0.224219 0.110937 0.007500 0.021250
0 0.709375 0.109375 0.024375 0.020000
0 0.569531 0.127604 0.041250 0.063750
0 0.352344 0.122396 0.054375 0.051250
0 0.008437 0.110937 0.016875 0.023750
0 0.725000 0.106771 0.011250 0.016250
0 0.119922 0.106771 0.010312 0.016250
0 0.841797 0.104688 0.015938 0.013750
0 0.784375 0.108854 0.013125 0.023750
0 0.827734 0.109375 0.014063 0.032500
0 0.815234 0.103125 0.010312 0.017500
0 0.157031 0.110417 0.033750 0.035000
0 0.139844 0.105208 0.013125 0.022500
0 0.626563 0.105208 0.020625 0.025000
0 0.691406 0.100000 0.015000 0.015000
0 0.530469 0.103125 0.020625 0.022500
0 0.469922 0.102083 0.014063 0.020000
0 0.050781 0.143229 0.097500 0.121250
0 0.983594 0.106771 0.016875 0.036250
0 0.640234 0.098437 0.014063 0.018750
0 0.485938 0.102083 0.022500 0.032500
0 0.750391 0.102604 0.014063 0.036250
0 0.715625 0.093229 0.018750 0.013750
0 0.036719 0.093750 0.013125 0.015000
0 0.492969 0.116667 0.039375 0.072500
0 0.914062 0.095312 0.015000 0.023750
0 0.967187 0.093229 0.024375 0.021250
0 0.988281 0.101042 0.023438 0.042500
0 0.900781 0.098437 0.018750 0.036250
0 0.169531 0.092708 0.016875 0.022500
0 0.016797 0.091146 0.006563 0.018750
0 0.734766 0.093750 0.023438 0.027500
0 0.648438 0.089063 0.009375 0.021250
0 0.240234 0.086458 0.012188 0.015000
0 0.131250 0.093750 0.011250 0.035000
0 0.851562 0.086979 0.015000 0.021250
0 0.717969 0.082812 0.009375 0.011250
0 0.808594 0.101042 0.041250 0.057500
0 0.404297 0.086458 0.012188 0.022500
0 0.046875 0.083854 0.013125 0.021250
0 0.878516 0.090625 0.042188 0.040000
0 0.638281 0.085938 0.020625 0.028750
0 0.603906 0.109375 0.041250 0.092500
0 0.583984 0.084375 0.019688 0.032500
0 0.657031 0.072917 0.009375 0.015000
0 0.622656 0.076563 0.011250 0.023750
0 0.591797 0.075000 0.014063 0.020000
0 0.410547 0.075000 0.025312 0.020000
0 0.666406 0.096354 0.043125 0.073750
0 0.560547 0.095833 0.042188 0.072500
0 0.507422 0.078646 0.019688 0.031250
0 0.326172 0.075000 0.014063 0.027500
0 0.029297 0.077083 0.019688 0.032500
0 0.054297 0.067708 0.019688 0.012500
0 0.006563 0.066667 0.013125 0.010000
0 0.840234 0.079167 0.062812 0.045000
0 0.528906 0.066667 0.015000 0.017500
0 0.405469 0.061458 0.009375 0.010000
0 0.202734 0.066146 0.010312 0.021250
0 0.766016 0.092188 0.044062 0.086250
0 0.868359 0.064062 0.014063 0.021250
0 0.558203 0.058854 0.017813 0.008750
0 0.801562 0.072396 0.039375 0.043750
0 0.717578 0.065104 0.019688 0.026250
0 0.631641 0.063021 0.015938 0.021250
0 0.364453 0.062500 0.012188 0.020000
0 0.901953 0.066146 0.021562 0.031250
0 0.253516 0.064583 0.008437 0.032500
0 0.033203 0.057292 0.019688 0.015000
0 0.684375 0.061458 0.026250 0.027500
0 0.619922 0.056250 0.006563 0.015000
0 0.650391 0.058854 0.017813 0.023750
0 0.546875 0.056771 0.005625 0.021250
0 0.960156 0.057813 0.013125 0.026250
0 0.695703 0.066146 0.036562 0.046250
0 0.607422 0.055208 0.014063 0.020000
0 0.467969 0.053646 0.011250 0.016250
0 0.408594 0.052604 0.013125 0.016250
0 0.532422 0.050521 0.015938 0.013750
0 0.079687 0.087500 0.099375 0.102500
0 0.880469 0.060937 0.013125 0.041250
0 0.735547 0.062500 0.029062 0.045000
0 0.667578 0.059375 0.010312 0.037500
0 0.217188 0.049479 0.022500 0.016250
0 0.894531 0.044271 0.024375 0.011250
0 0.854688 0.048958 0.016875 0.022500
0 0.772656 0.048958 0.022500 0.022500
0 0.694922 0.043750 0.012188 0.015000
0 0.682813 0.043750 0.018750 0.015000
0 0.969531 0.057813 0.046875 0.056250
0 0.867969 0.043750 0.016875 0.022500
0 0.637500 0.042708 0.018750 0.020000
0 0.177344 0.044792 0.022500 0.025000
0 0.810547 0.043229 0.008437 0.026250
0 0.583594 0.050521 0.054375 0.043750
0 0.103125 0.034375 0.015000 0.010000
0 0.470703 0.039062 0.036562 0.023750
0 0.011250 0.034896 0.022500 0.013750
0 0.888281 0.035417 0.020625 0.017500
0 0.800391 0.032813 0.014063 0.011250
0 0.743359 0.041146 0.015938 0.031250
0 0.117188 0.037500 0.024375 0.022500
0 0.618750 0.040104 0.043125 0.031250
0 0.769141 0.037500 0.025312 0.027500
0 0.756250 0.035937 0.016875 0.026250
0 0.652344 0.034375 0.016875 0.027500
0 0.495703 0.031771 0.010312 0.021250
0 0.723828 0.030729 0.014063 0.021250
0 0.738281 0.030208 0.015000 0.025000
0 0.991563 0.027083 0.016875 0.020000
0 0.982187 0.035417 0.035625 0.040000
0 0.154688 0.048958 0.054375 0.072500
0 0.008984 0.022917 0.017813 0.010000
0 0.947656 0.027604 0.015000 0.026250
0 0.676172 0.025521 0.012188 0.021250
0 0.663672 0.026562 0.010312 0.023750
0 0.961328 0.023958 0.017813 0.020000
0 0.617969 0.020313 0.013125 0.011250
0 0.088672 0.016667 0.014063 0.012500
0 0.019922 0.021875 0.008437 0.025000
0 0.598437 0.017188 0.011250 0.016250
0 0.350391 0.021875 0.023438 0.030000
0 0.846484 0.014583 0.012188 0.015000
0 0.053906 0.016146 0.015000 0.018750
0 0.007812 0.011458 0.011250 0.010000
0 0.428125 0.016667 0.015000 0.025000
0 0.109766 0.013542 0.014063 0.017500
0 0.937500 0.018750 0.016875 0.032500
0 0.151953 0.010417 0.014063 0.015000
0 0.446484 0.015625 0.023438 0.030000
0 0.783203 0.026250 0.032813 0.052500
0 0.509375 0.021875 0.020625 0.043750
0 0.975000 0.009375 0.026250 0.018750
0 0.956641 0.009375 0.019688 0.018750
0 0.933906 0.145000 0.132187 0.290000
0 0.866016 0.023750 0.036562 0.047500
0 0.853906 0.005000 0.018750 0.010000
0 0.825000 0.037500 0.067500 0.075000
0 0.755859 0.014375 0.030937 0.028750
0 0.701172 0.030625 0.045937 0.061250
0 0.643750 0.019375 0.020625 0.038750
0 0.549219 0.010625 0.041250 0.021250
0 0.521094 0.015000 0.022500 0.030000
0 0.476562 0.017500 0.035625 0.035000
0 0.456641 0.014375 0.014063 0.028750
0 0.416016 0.016250 0.012188 0.032500
0 0.346875 0.280625 0.693750 0.561250
0 0.395313 0.006875 0.011250 0.013750
0 0.366797 0.023750 0.029062 0.047500
0 0.300781 0.069375 0.146250 0.138750
0 0.280859 0.026250 0.075938 0.052500
0 0.237109 0.031875 0.068437 0.063750
0 0.219141 0.008125 0.027187 0.016250
0 0.185547 0.146875 0.165938 0.293750
0 0.146875 0.032500 0.054375 0.065000
0 0.141797 0.008125 0.014063 0.016250
0 0.118359 0.016250 0.012188 0.032500
0 0.053906 0.048125 0.107813 0.096250
0 0.047266 0.014375 0.012188 0.028750
0 0.039062 0.008750 0.007500 0.017500
0 0.017188 0.008125 0.024375 0.016250
