0 0.936250 0.986500 0.033000 0.027000
0 0.410000 0.982000 0.048000 0.036000
0 0.542500 0.972500 0.030000 0.048000
0 0.600000 0.962500 0.090000 0.075000
0 0.965500 0.961000 0.069000 0.078000
0 0.057000 0.958750 0.114000 0.063000
0 0.768750 0.956500 0.075000 0.087000
0 0.203750 0.935000 0.027000 0.042000
0 0.690000 0.941500 0.174000 0.117000
0 0.966250 0.897500 0.057000 0.030000
0 0.621250 0.891250 0.045000 0.075000
0 0.712500 0.887500 0.150000 0.078000
0 0.061500 0.893750 0.123000 0.093000
0 0.888750 0.861250 0.051000 0.027000
0 0.688750 0.843750 0.039000 0.045000
0 0.540000 0.885000 0.096000 0.144000
0 0.770000 0.853750 0.114000 0.099000
0 0.656250 0.822500 0.045000 0.072000
0 0.115000 0.813750 0.072000 0.063000
0 0.600000 0.821250 0.072000 0.087000
0 0.455000 0.802500 0.048000 0.048000
0 0.546250 0.795000 0.045000 0.048000
0 0.416250 0.798750 0.033000 0.057000
0 0.020000 0.771250 0.036000 0.027000
0 0.146250 0.761250 0.081000 0.051000
0 0.087500 0.746250 0.048000 0.021000
0 0.582500 0.753750 0.072000 0.057000
0 0.197500 0.763750 0.144000 0.099000
0 0.651250 0.743750 0.057000 0.057000
0 0.721250 0.780000 0.261000 0.180000
0 0.470000 0.761250 0.222000 0.135000
0 0.420000 0.712500 0.030000 0.024000
0 0.701250 0.726250 0.075000 0.063000
0 0.373750 0.711250 0.051000 0.045000
0 0.267500 0.708750 0.072000 0.039000
0 0.067500 0.758750 0.135000 0.165000
0 0.806250 0.710000 0.105000 0.096000
0 0.160000 0.677500 0.048000 0.024000
0 0.630000 0.695000 0.090000 0.072000
0 0.582500 0.685000 0.036000 0.054000
0 0.497500 0.693750 0.162000 0.123000
0 0.540000 0.658750 0.054000 0.051000
0 0.911250 0.646250 0.039000 0.045000
0 0.490000 0.636250 0.072000 0.039000
0 0.422500 0.640000 0.024000 0.054000
0 0.716250 0.645000 0.135000 0.102000
0 0.955000 0.677500 0.090000 0.192000
0 0.393750 0.643750 0.081000 0.111000
0 0.157500 0.667500 0.315000 0.180000
0 0.862500 0.600000 0.036000 0.042000
0 0.133750 0.595000 0.033000 0.072000
0 0.857500 0.571250 0.030000 0.033000
0 0.476250 0.571250 0.051000 0.039000
0 0.283500 0.733000 0.567000 0.534000
0 0.070000 0.561250 0.054000 0.039000
0 0.630000 0.550000 0.048000 0.042000
0 0.453750 0.582500 0.099000 0.126000
0 0.386250 0.566250 0.069000 0.087000
0 0.718750 0.536250 0.039000 0.093000
0 0.326250 0.525000 0.045000 0.066000
0 0.870000 0.523750 0.060000 0.069000
0 0.467500 0.503750 0.048000 0.039000
0 0.288750 0.510000 0.033000 0.060000
0 0.390000 0.507500 0.072000 0.072000
0 0.511250 0.498750 0.075000 0.069000
0 0.223750 0.550000 0.165000 0.210000
0 0.500000 0.462500 0.048000 0.024000
0 0.672500 0.458750 0.042000 0.057000
0 0.701250 0.457500 0.051000 0.060000
0 0.383750 0.457500 0.105000 0.066000
0 0.652500 0.436250 0.036000 0.057000
0 0.456250 0.430000 0.081000 0.090000
0 0.156250 0.482500 0.099000 0.222000
0 0.693750 0.405000 0.051000 0.060000
0 0.680000 0.526250 0.438000 0.357000
0 0.782500 0.415000 0.156000 0.096000
0 0.315000 0.423750 0.096000 0.129000
0 0.390000 0.400000 0.072000 0.078000
0 0.647500 0.380000 0.042000 0.048000
0 0.552500 0.378750 0.036000 0.045000
0 0.591250 0.366250 0.039000 0.027000
0 0.242500 0.401250 0.114000 0.123000
0 0.506250 0.375000 0.075000 0.096000
0 0.842500 0.357500 0.048000 0.060000
0 0.236250 0.336250 0.039000 0.027000
0 0.528750 0.320000 0.057000 0.042000
0 0.291250 0.321250 0.075000 0.057000
0 0.712500 0.328750 0.138000 0.147000
0 0.072500 0.281250 0.042000 0.033000
0 0.412500 0.282500 0.114000 0.048000
0 0.846250 0.281250 0.033000 0.051000
0 0.133750 0.281250 0.051000 0.051000
0 0.407500 0.318750 0.246000 0.153000
0 0.847500 0.408750 0.192000 0.399000
0 0.129000 0.440000 0.258000 0.486000
0 0.278750 0.268750 0.135000 0.087000
0 0.087500 0.255000 0.048000 0.060000
0 0.443750 0.245000 0.075000 0.048000
0 0.330000 0.236250 0.054000 0.033000
0 0.797500 0.246250 0.054000 0.063000
0 0.210000 0.262500 0.072000 0.120000
0 0.748750 0.230000 0.063000 0.066000
0 0.265000 0.217500 0.066000 0.042000
0 0.076250 0.218750 0.123000 0.045000
0 0.897500 0.235000 0.126000 0.126000
0 0.308750 0.193750 0.039000 0.033000
0 0.506250 0.220000 0.117000 0.114000
0 0.058750 0.180000 0.069000 0.030000
0 0.626250 0.257500 0.213000 0.246000
0 0.337500 0.165000 0.042000 0.036000
0 0.225000 0.171250 0.078000 0.063000
0 0.840000 0.146250 0.030000 0.039000
0 0.951250 0.166250 0.039000 0.099000
0 0.295000 0.158750 0.090000 0.081000
0 0.395000 0.180000 0.144000 0.138000
0 0.728750 0.168750 0.111000 0.129000
0 0.540000 0.148750 0.114000 0.081000
0 0.237500 0.138750 0.042000 0.057000
0 0.083750 0.141250 0.039000 0.063000
0 0.037500 0.136250 0.060000 0.063000
0 0.273750 0.118750 0.051000 0.033000
0 0.767500 0.121250 0.048000 0.051000
0 0.437500 0.101250 0.030000 0.045000
0 0.483750 0.096250 0.063000 0.045000
0 0.645000 0.145000 0.204000 0.174000
0 0.330000 0.095000 0.078000 0.054000
0 0.820000 0.133750 0.132000 0.207000
0 0.851250 0.046250 0.039000 0.039000
0 0.457500 0.051250 0.036000 0.057000
0 0.615000 0.055000 0.114000 0.078000
0 0.618750 0.041250 0.033000 0.045000
0 0.889000 0.114000 0.222000 0.228000
0 0.747500 0.048000 0.192000 0.096000
0 0.677500 0.019500 0.042000 0.039000
0 0.567500 0.061500 0.144000 0.123000
0 0.495000 0.045000 0.048000 0.090000
0 0.433750 0.015000 0.045000 0.030000
0 0.363750 0.069000 0.201000 0.138000
0 0.222500 0.015000 0.042000 0.030000
0 0.187500 0.019500 0.048000 0.039000
0 0.157500 0.160500 0.315000 0.321000
0 0.052500 0.031500 0.090000 0.063000
