0 0.766016 0.968229 0.008437 0.026250
0 0.524219 0.947917 0.015000 0.015000
0 0.605859 0.859896 0.034687 0.048750
0 0.741406 0.829688 0.037500 0.041250
0 0.630469 0.804167 0.037500 0.035000
0 0.694531 0.741146 0.046875 0.063750
0 0.499219 0.714063 0.009375 0.018750
0 0.531250 0.736979 0.061875 0.091250
0 0.492578 0.728646 0.044062 0.081250
0 0.572266 0.690104 0.023438 0.013750
0 0.505078 0.692187 0.029062 0.021250
0 0.451953 0.695312 0.036562 0.038750
0 0.891406 0.691146 0.026250 0.038750
0 0.417578 0.692187 0.034687 0.046250
0 0.590234 0.689583 0.025312 0.050000
0 0.571484 0.675521 0.014063 0.016250
0 0.356641 0.682292 0.038437 0.037500
0 0.515625 0.673958 0.022500 0.022500
0 0.879063 0.796250 0.241875 0.407500
0 0.788281 0.660937 0.028125 0.043750
0 0.639453 0.648438 0.014063 0.021250
0 0.611328 0.644792 0.010312 0.012500
0 0.396094 0.639583 0.016875 0.017500
0 0.459375 0.640104 0.020625 0.021250
0 0.477734 0.656771 0.070312 0.068750
0 0.624609 0.656250 0.064687 0.080000
0 0.617188 0.629167 0.009375 0.020000
0 0.373047 0.660937 0.064687 0.113750
0 0.440625 0.638542 0.022500 0.062500
0 0.453125 0.618750 0.018750 0.022500
0 0.330078 0.627604 0.030937 0.043750
0 0.412109 0.642708 0.049687 0.087500
0 0.662109 0.641667 0.089063 0.102500
0 0.692187 0.618750 0.037500 0.067500
0 0.615234 0.605208 0.025312 0.035000
0 0.497656 0.612500 0.045000 0.077500
0 0.410547 0.591667 0.032813 0.047500
0 0.560547 0.653646 0.107813 0.198750
0 0.352344 0.597917 0.033750 0.065000
0 0.719531 0.588542 0.033750 0.047500
0 0.540234 0.575000 0.017813 0.017500
0 0.458594 0.587500 0.018750 0.047500
0 0.401953 0.571354 0.025312 0.016250
0 0.525781 0.572396 0.009375 0.021250
0 0.628125 0.578125 0.054375 0.055000
0 0.741797 0.565104 0.019688 0.028750
0 0.384375 0.558854 0.028125 0.016250
0 0.717578 0.559896 0.030937 0.026250
0 0.337109 0.566146 0.027187 0.041250
0 0.508203 0.550000 0.012188 0.017500
0 0.566016 0.562500 0.053437 0.065000
0 0.488672 0.569271 0.074063 0.081250
0 0.859375 0.548958 0.033750 0.042500
0 0.703125 0.541146 0.011250 0.026250
0 0.667969 0.542708 0.009375 0.037500
0 0.722266 0.531250 0.008437 0.015000
0 0.775781 0.533854 0.022500 0.051250
0 0.728516 0.514062 0.012188 0.008750
0 0.314453 0.534896 0.025312 0.058750
0 0.715234 0.518229 0.017813 0.023750
0 0.400391 0.558333 0.137813 0.130000
0 0.408984 0.514062 0.012188 0.033750
0 0.337109 0.521875 0.019688 0.055000
0 0.549609 0.527604 0.051562 0.088750
0 0.519141 0.498437 0.012188 0.018750
0 0.837500 0.503125 0.016875 0.035000
0 0.827734 0.505208 0.019688 0.042500
0 0.725781 0.497396 0.009375 0.023750
0 0.550000 0.491146 0.020625 0.018750
0 0.429297 0.501042 0.036562 0.042500
0 0.358594 0.495312 0.030000 0.038750
0 0.455469 0.478125 0.015000 0.010000
0 0.782422 0.492708 0.027187 0.065000
0 0.872266 0.473958 0.034687 0.032500
0 0.481641 0.502083 0.105937 0.107500
0 0.750781 0.538542 0.054375 0.205000
0 0.605078 0.508854 0.075938 0.141250
0 0.532422 0.468229 0.027187 0.043750
0 0.667969 0.526042 0.112500 0.185000
0 0.789453 0.456250 0.032813 0.025000
0 0.638672 0.452604 0.025312 0.018750
0 0.444531 0.448437 0.016875 0.013750
0 0.660547 0.453646 0.027187 0.041250
0 0.427734 0.446354 0.017813 0.023750
0 0.850391 0.447396 0.015938 0.031250
0 0.380859 0.468750 0.074063 0.082500
0 0.838672 0.444271 0.010312 0.031250
0 0.523438 0.441146 0.041250 0.028750
0 0.634766 0.434375 0.010312 0.020000
0 0.703125 0.460417 0.075000 0.085000
0 0.775781 0.442188 0.061875 0.043750
0 0.551562 0.450000 0.018750 0.070000
0 0.397266 0.428125 0.025312 0.017500
0 0.412891 0.425521 0.014063 0.013750
0 0.487109 0.454688 0.083437 0.086250
0 0.804297 0.493750 0.062812 0.202500
0 0.519141 0.417708 0.029062 0.030000
0 0.800391 0.410417 0.012188 0.025000
0 0.614453 0.414583 0.034687 0.037500
0 0.515625 0.405208 0.018750 0.015000
0 0.491406 0.414583 0.033750 0.047500
0 0.444531 0.417708 0.020625 0.057500
0 0.758594 0.412500 0.030000 0.047500
0 0.739453 0.415104 0.044062 0.056250
0 0.398047 0.405208 0.038437 0.032500
0 0.716406 0.396875 0.011250 0.020000
0 0.651953 0.411979 0.040313 0.061250
0 0.870313 0.405208 0.022500 0.052500
0 0.652734 0.386979 0.017813 0.016250
0 0.541016 0.398438 0.017813 0.053750
0 0.484766 0.385417 0.012188 0.025000
0 0.889062 0.388542 0.031875 0.035000
0 0.559375 0.385937 0.020625 0.028750
0 0.529297 0.377604 0.014063 0.011250
0 0.717969 0.414583 0.050625 0.102500
0 0.843750 0.400521 0.033750 0.071250
0 0.423438 0.393750 0.043125 0.060000
0 0.834375 0.427604 0.046875 0.143750
0 0.734766 0.385937 0.030937 0.043750
0 0.470703 0.377604 0.019688 0.023750
0 0.784766 0.394271 0.029062 0.068750
0 0.680078 0.392708 0.042188 0.070000
0 0.507031 0.379167 0.028125 0.042500
0 0.805469 0.379167 0.018750 0.047500
0 0.587109 0.423438 0.090937 0.156250
0 0.372656 0.395833 0.061875 0.100000
0 0.526953 0.361979 0.017813 0.021250
0 0.435156 0.358333 0.011250 0.012500
0 0.273438 0.368229 0.031875 0.036250
0 0.764844 0.367188 0.018750 0.046250
0 0.858203 0.364583 0.015938 0.045000
0 0.848828 0.353125 0.008437 0.025000
0 0.553125 0.356771 0.050625 0.038750
0 0.777344 0.348438 0.020625 0.021250
0 0.741797 0.346354 0.027187 0.023750
0 0.866016 0.337500 0.008437 0.017500
0 0.375000 0.339583 0.020625 0.032500
0 0.475781 0.335938 0.007500 0.026250
0 0.857812 0.323958 0.024375 0.035000
0 0.639844 0.346354 0.088125 0.088750
0 0.826172 0.335417 0.036562 0.080000
0 0.346875 0.320833 0.028125 0.052500
0 0.305859 0.307812 0.032813 0.036250
0 0.616406 0.328125 0.105000 0.105000
0 0.560156 0.310937 0.041250 0.063750
0 0.584375 0.304688 0.016875 0.051250
0 0.519531 0.313021 0.054375 0.078750
0 0.682813 0.317188 0.043125 0.116250
0 0.488672 0.274479 0.025312 0.021250
0 0.848828 0.284896 0.034687 0.051250
0 0.481250 0.353646 0.103125 0.216250
0 0.539844 0.266146 0.011250 0.016250
0 0.735156 0.264062 0.015000 0.013750
0 0.622656 0.260417 0.015000 0.017500
0 0.565234 0.264062 0.030937 0.033750
0 0.280078 0.272396 0.027187 0.053750
0 0.390234 0.302604 0.045937 0.131250
0 0.522656 0.265625 0.067500 0.052500
0 0.696484 0.302083 0.087188 0.160000
0 0.636719 0.246354 0.018750 0.036250
0 0.539844 0.245312 0.028125 0.033750
0 0.444922 0.267708 0.023438 0.087500
0 0.656641 0.254688 0.017813 0.058750
0 0.545312 0.231771 0.018750 0.008750
0 0.616016 0.257812 0.077812 0.081250
0 0.567187 0.232813 0.028125 0.033750
0 0.710938 0.245833 0.046875 0.067500
0 0.798828 0.230208 0.010312 0.032500
0 0.729297 0.228125 0.015938 0.030000
0 0.791797 0.209375 0.010312 0.015000
0 0.512891 0.219792 0.070312 0.047500
0 0.595313 0.206771 0.033750 0.036250
0 0.550391 0.202604 0.017813 0.038750
0 0.643750 0.202083 0.028125 0.040000
0 0.761328 0.191667 0.008437 0.017500
0 0.525000 0.193229 0.022500 0.023750
0 0.696094 0.208854 0.035625 0.071250
0 0.571094 0.195833 0.016875 0.052500
0 0.667969 0.190104 0.058125 0.046250
0 0.496484 0.181250 0.040313 0.042500
0 0.612500 0.205729 0.076875 0.106250
0 0.661328 0.170313 0.023438 0.023750
0 0.445703 0.266667 0.135937 0.257500
0 0.546875 0.171875 0.045000 0.035000
0 0.575391 0.165104 0.014063 0.023750
0 0.483984 0.152083 0.023438 0.027500
0 0.621094 0.152604 0.018750 0.033750
0 0.507422 0.149479 0.025312 0.053750
0 0.634375 0.132812 0.011250 0.016250
0 0.422656 0.143229 0.028125 0.053750
0 0.694531 0.135417 0.018750 0.037500
0 0.798438 0.131771 0.024375 0.036250
0 0.772656 0.131250 0.033750 0.050000
0 0.772266 0.236979 0.167812 0.303750
0 0.653516 0.138021 0.051562 0.073750
0 0.780469 0.106771 0.018750 0.018750
0 0.540625 0.139063 0.073125 0.096250
0 0.587891 0.130208 0.049687 0.077500
0 0.761719 0.089063 0.035625 0.038750
0 0.720703 0.104167 0.059062 0.075000
0 0.657422 0.073958 0.029062 0.040000
0 0.680469 0.053125 0.035625 0.040000
0 0.632031 0.084896 0.052500 0.121250
0 0.795703 0.037500 0.032813 0.037500
0 0.743750 0.021875 0.024375 0.043750
0 0.887031 0.266875 0.225937 0.533750
0 0.759375 0.011875 0.015000 0.023750
0 0.343359 0.600000 0.492188 1.000000
