0 0.723750 0.982000 0.069000 0.036000
0 0.956250 0.977500 0.033000 0.045000
0 0.772500 0.973000 0.054000 0.054000
0 0.143750 0.900000 0.039000 0.042000
0 0.750000 0.912500 0.066000 0.084000
0 0.854500 0.922000 0.291000 0.156000
0 0.805000 0.861250 0.060000 0.069000
0 0.880000 0.803750 0.174000 0.159000
0 0.902500 0.763750 0.060000 0.081000
0 0.886250 0.717500 0.165000 0.132000
0 0.845000 0.613750 0.042000 0.099000
0 0.918750 0.625000 0.129000 0.168000
0 0.871250 0.545000 0.057000 0.102000
0 0.979000 0.510000 0.042000 0.030000
0 0.950500 0.492500 0.099000 0.168000
0 0.358500 0.600000 0.717000 1.000000
