0 0.436328 0.976562 0.030937 0.043750
0 0.696094 0.938542 0.009375 0.015000
0 0.594141 0.941146 0.017813 0.031250
0 0.622266 0.944271 0.049687 0.043750
0 0.569531 0.933854 0.030000 0.023750
0 0.657813 0.939063 0.020625 0.041250
0 0.684766 0.923958 0.029062 0.017500
0 0.763281 0.922396 0.011250 0.018750
0 0.733984 0.918750 0.012188 0.010000
0 0.547656 0.919271 0.016875 0.013750
0 0.635547 0.922917 0.025312 0.025000
0 0.521484 0.920833 0.044062 0.030000
0 0.460547 0.921875 0.042188 0.040000
0 0.717578 0.910937 0.017813 0.021250
0 0.746094 0.905729 0.015000 0.013750
0 0.500000 0.900521 0.013125 0.011250
0 0.692578 0.893750 0.019688 0.015000
0 0.478906 0.888542 0.015000 0.012500
0 0.491797 0.886458 0.008437 0.022500
0 0.675391 0.888021 0.017813 0.028750
0 0.631641 0.891667 0.042188 0.040000
0 0.740625 0.891146 0.091875 0.046250
0 0.649609 0.886458 0.021562 0.042500
0 0.587109 0.895833 0.062812 0.072500
0 0.456641 0.861979 0.021562 0.013750
0 0.432812 0.867188 0.037500 0.036250
0 0.548438 0.868750 0.048750 0.047500
0 0.616797 0.848437 0.017813 0.013750
0 0.497266 0.874479 0.072187 0.076250
0 0.724219 0.846875 0.076875 0.040000
0 0.776172 0.845833 0.044062 0.040000
0 0.521094 0.833854 0.013125 0.016250
0 0.541016 0.834896 0.027187 0.033750
0 0.433984 0.835417 0.036562 0.037500
0 0.587109 0.831250 0.021562 0.030000
0 0.664844 0.821354 0.007500 0.013750
0 0.681250 0.832292 0.018750 0.042500
0 0.726562 0.819271 0.015000 0.013750
0 0.743359 0.814063 0.014063 0.018750
0 0.703906 0.814583 0.033750 0.020000
0 0.414453 0.812500 0.008437 0.015000
0 0.533594 0.809896 0.016875 0.016250
0 0.620313 0.810937 0.035625 0.028750
0 0.599609 0.805729 0.010312 0.018750
0 0.568750 0.811458 0.041250 0.035000
0 0.807031 0.803646 0.031875 0.018750
0 0.769531 0.800000 0.015000 0.017500
0 0.516406 0.783333 0.015000 0.010000
0 0.671875 0.792188 0.020625 0.033750
0 0.751563 0.789583 0.026250 0.035000
0 0.401172 0.788021 0.025312 0.043750
0 0.502344 0.776042 0.016875 0.017500
0 0.639062 0.797917 0.052500 0.072500
0 0.836719 0.786458 0.028125 0.050000
0 0.348828 0.783333 0.036562 0.045000
0 0.795312 0.775000 0.020625 0.027500
0 0.822656 0.762500 0.020625 0.017500
0 0.547266 0.772396 0.030937 0.043750
0 0.398438 0.757812 0.015000 0.013750
0 0.770703 0.765625 0.019688 0.040000
0 0.689063 0.761979 0.031875 0.036250
0 0.755078 0.751042 0.012188 0.017500
0 0.728125 0.765625 0.031875 0.057500
0 0.467187 0.791146 0.108750 0.126250
0 0.856641 0.743229 0.040313 0.026250
0 0.789062 0.741146 0.009375 0.023750
0 0.590625 0.754167 0.097500 0.055000
0 0.661328 0.737500 0.019688 0.017500
0 0.635547 0.739062 0.008437 0.026250
0 0.860156 0.732292 0.022500 0.025000
0 0.539844 0.727604 0.016875 0.026250
0 0.595313 0.722396 0.015000 0.016250
0 0.474219 0.745833 0.082500 0.075000
0 0.832422 0.721354 0.029062 0.018750
0 0.445312 0.726562 0.061875 0.043750
0 0.689063 0.728646 0.054375 0.051250
0 0.639844 0.713542 0.013125 0.015000
0 0.478125 0.716146 0.007500 0.021250
0 0.399219 0.735417 0.046875 0.067500
0 0.805469 0.724479 0.035625 0.043750
0 0.583594 0.706250 0.013125 0.012500
0 0.547266 0.710938 0.023438 0.023750
0 0.524219 0.706771 0.018750 0.021250
0 0.375391 0.702083 0.019688 0.022500
0 0.559766 0.703646 0.014063 0.038750
0 0.456250 0.696354 0.009375 0.021250
0 0.708203 0.695833 0.012188 0.030000
0 0.483203 0.693229 0.017813 0.023750
0 0.686719 0.692708 0.035625 0.025000
0 0.428906 0.686979 0.015000 0.021250
0 0.407422 0.685937 0.025312 0.023750
0 0.661328 0.685937 0.019688 0.026250
0 0.618359 0.696875 0.029062 0.052500
0 0.543750 0.681250 0.013125 0.017500
0 0.639062 0.685937 0.030000 0.033750
0 0.715234 0.674479 0.019688 0.013750
0 0.808203 0.675000 0.019688 0.020000
0 0.816797 0.688021 0.040313 0.053750
0 0.700000 0.672396 0.009375 0.023750
0 0.509766 0.671875 0.036562 0.022500
0 0.460938 0.672917 0.020625 0.027500
0 0.851953 0.673958 0.023438 0.050000
0 0.600391 0.660937 0.012188 0.021250
0 0.537500 0.659896 0.020625 0.018750
0 0.422656 0.663542 0.013125 0.030000
0 0.682031 0.663542 0.028125 0.032500
0 0.768359 0.667708 0.017813 0.045000
0 0.582422 0.659375 0.027187 0.025000
0 0.442188 0.666146 0.022500 0.041250
0 0.383594 0.665104 0.039375 0.043750
0 0.743750 0.691146 0.073125 0.108750
0 0.637109 0.656250 0.045937 0.030000
0 0.557813 0.651042 0.015000 0.022500
0 0.621094 0.643750 0.018750 0.010000
0 0.972656 0.655208 0.031875 0.040000
0 0.490234 0.646875 0.030937 0.030000
0 0.833594 0.643229 0.018750 0.026250
0 0.426563 0.641146 0.016875 0.021250
0 0.799609 0.638021 0.012188 0.016250
0 0.785547 0.653646 0.034687 0.053750
0 0.967969 0.634375 0.013125 0.017500
0 0.841016 0.639062 0.015938 0.028750
0 0.462500 0.637500 0.031875 0.030000
0 0.477734 0.626563 0.014063 0.013750
0 0.608203 0.632292 0.010312 0.030000
0 0.507812 0.622917 0.018750 0.020000
0 0.675000 0.616667 0.020625 0.015000
0 0.933984 0.617708 0.025312 0.022500
0 0.377734 0.623958 0.038437 0.040000
0 0.756250 0.620313 0.052500 0.046250
0 0.441406 0.612500 0.033750 0.027500
0 0.535937 0.618229 0.039375 0.043750
0 0.405859 0.631771 0.040313 0.076250
0 0.649219 0.601562 0.026250 0.023750
0 0.664844 0.598437 0.013125 0.018750
0 0.639453 0.619271 0.062812 0.068750
0 0.794141 0.604167 0.029062 0.040000
0 0.498828 0.598437 0.010312 0.026250
0 0.838672 0.603125 0.012188 0.040000
0 0.391797 0.606771 0.034687 0.048750
0 0.817187 0.589583 0.037500 0.017500
0 0.425391 0.589583 0.008437 0.017500
0 0.943750 0.588021 0.007500 0.016250
0 0.485938 0.590625 0.018750 0.027500
0 0.380859 0.585938 0.036562 0.021250
0 0.596094 0.584896 0.020625 0.023750
0 0.450781 0.591667 0.060000 0.045000
0 0.562891 0.608854 0.117188 0.088750
0 0.726562 0.573958 0.026250 0.012500
0 0.706641 0.593229 0.059062 0.058750
0 0.750781 0.580729 0.024375 0.041250
0 0.425000 0.565625 0.011250 0.010000
0 0.792969 0.570312 0.026250 0.026250
0 0.616797 0.568229 0.010312 0.021250
0 0.816016 0.560937 0.008437 0.016250
0 0.564453 0.561458 0.010312 0.017500
0 0.838672 0.569271 0.021562 0.038750
0 0.517578 0.558333 0.014063 0.015000
0 0.582031 0.552604 0.028125 0.023750
0 0.532422 0.551562 0.019688 0.028750
0 0.764453 0.548438 0.044062 0.028750
0 0.491406 0.557292 0.041250 0.050000
0 0.648438 0.551562 0.037500 0.038750
0 0.816016 0.538542 0.029062 0.027500
0 0.703125 0.529687 0.030000 0.023750
0 0.594922 0.533854 0.034687 0.033750
0 0.663672 0.542188 0.051562 0.056250
0 0.794141 0.527604 0.015938 0.023750
0 0.448828 0.543229 0.045937 0.066250
0 0.389844 0.546354 0.041250 0.073750
0 0.407422 0.529167 0.040313 0.040000
0 0.542578 0.529167 0.029062 0.045000
0 0.821094 0.518750 0.030000 0.025000
0 0.560156 0.518229 0.020625 0.023750
0 0.847266 0.514062 0.025312 0.023750
0 0.517188 0.521354 0.028125 0.041250
0 0.925000 0.509896 0.016875 0.018750
0 0.798438 0.508333 0.016875 0.015000
0 0.526953 0.505208 0.010312 0.010000
0 0.576562 0.508854 0.016875 0.026250
0 0.653125 0.507812 0.015000 0.026250
0 0.393359 0.501042 0.036562 0.017500
0 0.673828 0.501563 0.027187 0.026250
0 0.627344 0.505208 0.039375 0.042500
0 0.476562 0.515625 0.084375 0.070000
0 0.499609 0.494792 0.032813 0.022500
0 0.421875 0.498437 0.031875 0.031250
0 0.905859 0.504167 0.027187 0.057500
0 0.825000 0.493229 0.035625 0.031250
0 0.864062 0.484896 0.011250 0.013750
0 0.742188 0.508333 0.101250 0.070000
0 0.687891 0.486979 0.023438 0.036250
0 0.549609 0.486979 0.023438 0.036250
0 0.926562 0.485417 0.024375 0.035000
0 0.796875 0.479167 0.026250 0.035000
0 0.620703 0.472396 0.025312 0.018750
0 0.453516 0.466667 0.014063 0.007500
0 0.643359 0.470313 0.025312 0.021250
0 0.515625 0.466146 0.041250 0.018750
0 0.827734 0.468750 0.021562 0.030000
0 0.596875 0.480208 0.026250 0.057500
0 0.433984 0.469271 0.025312 0.033750
0 0.579297 0.464062 0.038437 0.028750
0 0.371094 0.473958 0.080625 0.055000
0 0.663672 0.458333 0.023438 0.032500
0 0.993906 0.452604 0.012188 0.033750
0 0.612500 0.439583 0.009375 0.015000
0 0.780469 0.430729 0.018750 0.016250
0 0.753125 0.440625 0.033750 0.042500
0 0.379297 0.433854 0.021562 0.036250
0 0.422266 0.430208 0.045937 0.037500
0 0.805859 0.426042 0.032813 0.030000
0 0.654297 0.426042 0.021562 0.030000
0 0.698438 0.433333 0.058125 0.060000
0 0.826172 0.414062 0.027187 0.023750
0 0.759766 0.413021 0.012188 0.021250
0 0.583984 0.416667 0.057188 0.037500
0 0.478125 0.422917 0.030000 0.052500
0 0.788281 0.403646 0.015000 0.011250
0 0.501563 0.410938 0.018750 0.028750
0 0.365625 0.405729 0.028125 0.016250
0 0.554688 0.427083 0.118125 0.075000
0 0.695312 0.398958 0.018750 0.017500
0 0.607031 0.403646 0.033750 0.036250
0 0.518359 0.390625 0.017813 0.020000
0 0.438281 0.390625 0.026250 0.020000
0 0.486328 0.386458 0.029062 0.015000
0 0.723047 0.382812 0.030937 0.013750
0 0.750391 0.385417 0.032813 0.022500
0 0.560156 0.382292 0.016875 0.015000
0 0.625000 0.383333 0.013125 0.025000
0 0.646484 0.382812 0.032813 0.028750
0 0.453906 0.373437 0.018750 0.011250
0 0.366797 0.382812 0.029062 0.033750
0 0.583203 0.376563 0.034687 0.023750
0 0.680859 0.376042 0.029062 0.025000
0 0.812891 0.374479 0.055313 0.031250
0 0.417578 0.368750 0.027187 0.025000
0 0.492969 0.367708 0.043125 0.025000
0 0.762109 0.370833 0.059062 0.035000
0 0.523438 0.358333 0.020625 0.020000
0 0.880859 0.353125 0.025312 0.015000
0 0.789062 0.349479 0.016875 0.008750
0 0.628516 0.356771 0.014063 0.028750
0 0.543359 0.381250 0.040313 0.092500
0 0.729688 0.346875 0.009375 0.022500
0 0.608984 0.354167 0.027187 0.042500
0 0.428516 0.342708 0.017813 0.017500
0 0.669922 0.338021 0.012188 0.013750
0 0.455859 0.349479 0.038437 0.046250
0 0.889844 0.339062 0.030000 0.031250
0 0.693750 0.343750 0.056250 0.045000
0 0.583984 0.337500 0.045937 0.035000
0 0.764062 0.332813 0.039375 0.043750
0 0.531250 0.326042 0.043125 0.035000
0 0.464844 0.331250 0.048750 0.047500
0 0.775781 0.314063 0.015000 0.018750
0 0.611719 0.317188 0.016875 0.026250
0 0.577734 0.314063 0.017813 0.018750
0 0.644922 0.322917 0.029062 0.042500
0 0.625391 0.319792 0.015938 0.035000
0 0.736719 0.318229 0.026250 0.038750
0 0.805469 0.320833 0.037500 0.047500
0 0.412109 0.316146 0.023438 0.036250
0 0.716406 0.309896 0.020625 0.031250
0 0.478125 0.303646 0.024375 0.016250
0 0.458203 0.303125 0.017813 0.017500
0 0.635547 0.295312 0.015938 0.018750
0 0.757031 0.292708 0.030000 0.017500
0 0.790234 0.289062 0.014063 0.026250
0 0.362109 0.291146 0.036562 0.038750
0 0.610938 0.285417 0.031875 0.027500
0 0.695703 0.293750 0.023438 0.060000
0 0.657422 0.292187 0.087188 0.068750
0 0.450000 0.275000 0.016875 0.027500
0 0.512500 0.283333 0.056250 0.052500
0 0.425781 0.278646 0.030000 0.061250
0 0.551953 0.248958 0.021562 0.010000
0 0.464453 0.257292 0.034687 0.040000
0 0.746875 0.242708 0.033750 0.020000
0 0.354297 0.253125 0.036562 0.050000
0 0.784375 0.248958 0.018750 0.045000
0 0.576953 0.274479 0.104062 0.106250
0 0.475781 0.236458 0.016875 0.022500
0 0.702344 0.238021 0.071250 0.033750
0 0.772266 0.241146 0.017813 0.046250
0 0.594531 0.229167 0.016875 0.017500
0 0.738672 0.226562 0.029062 0.018750
0 0.686719 0.221875 0.022500 0.020000
0 0.475000 0.217708 0.018750 0.010000
0 0.651953 0.240104 0.074063 0.083750
0 0.395313 0.220833 0.022500 0.037500
0 0.503906 0.210938 0.016875 0.018750
0 0.614844 0.211458 0.007500 0.022500
0 0.747656 0.203646 0.009375 0.011250
0 0.711328 0.202604 0.044062 0.023750
0 0.825781 0.213542 0.030000 0.055000
0 0.392188 0.196354 0.011250 0.013750
0 0.539062 0.198437 0.016875 0.021250
0 0.665625 0.193229 0.018750 0.016250
0 0.690625 0.188021 0.007500 0.013750
0 0.769922 0.191146 0.027187 0.026250
0 0.952734 0.190104 0.032813 0.038750
0 0.519141 0.188542 0.014063 0.035000
0 0.646094 0.180729 0.030000 0.018750
0 0.678125 0.173958 0.018750 0.012500
0 0.619531 0.179167 0.028125 0.032500
0 0.716406 0.172917 0.043125 0.025000
0 0.661719 0.163542 0.009375 0.015000
0 0.602344 0.170833 0.015000 0.032500
0 0.710547 0.136979 0.030937 0.046250
0 0.535312 0.575625 1.000000 1.000000
