0 0.417569 0.766250 0.042964 0.019500
0 0.470025 0.760625 0.108909 0.046500
0 0.412157 0.740313 0.033972 0.014250
0 0.381765 0.742812 0.026978 0.020250
0 0.353872 0.743125 0.029975 0.027000
0 0.433805 0.731563 0.013988 0.009750
0 0.469192 0.731563 0.024979 0.011250
0 0.375104 0.722500 0.018984 0.007500
0 0.358451 0.727500 0.030974 0.024000
0 0.564946 0.723437 0.042964 0.020250
0 0.509159 0.730938 0.080933 0.048750
0 0.461282 0.716875 0.023980 0.015000
0 0.406744 0.712500 0.022981 0.012000
0 0.395920 0.719063 0.032973 0.032250
0 0.428809 0.708750 0.009992 0.012000
0 0.433389 0.716875 0.054954 0.033000
0 0.209825 0.711250 0.037968 0.019500
0 0.606578 0.708125 0.044963 0.016500
0 0.467111 0.705625 0.019983 0.016500
0 0.556203 0.700000 0.015987 0.006000
0 0.540383 0.707812 0.091923 0.027750
0 0.492506 0.700937 0.034971 0.011250
0 0.538718 0.697812 0.015987 0.008250
0 0.520400 0.700625 0.021982 0.018000
0 0.418401 0.697500 0.066944 0.021000
0 0.639883 0.705000 0.038968 0.046500
0 0.338052 0.695625 0.023980 0.025500
0 0.412989 0.686562 0.019983 0.015750
0 0.106578 0.683438 0.009992 0.011250
0 0.576603 0.680937 0.020983 0.006750
0 0.359700 0.693125 0.043963 0.039000
0 0.467111 0.685625 0.065945 0.024000
0 0.608243 0.685312 0.026978 0.032250
0 0.388010 0.682500 0.035970 0.028500
0 0.323064 0.676562 0.043963 0.017250
0 0.206911 0.676562 0.038968 0.017250
0 0.828893 0.678750 0.036969 0.025500
0 0.160699 0.678125 0.027977 0.025500
0 0.651957 0.686250 0.073938 0.051000
0 0.421316 0.670625 0.061948 0.018000
0 0.462531 0.669687 0.026978 0.020250
0 0.665695 0.665937 0.054954 0.015750
0 0.352206 0.665625 0.019983 0.015000
0 0.377186 0.662813 0.017985 0.012750
0 0.521649 0.675312 0.056953 0.044250
0 0.694005 0.665312 0.028976 0.024750
0 0.570358 0.667813 0.063947 0.039750
0 0.342631 0.659062 0.042964 0.018750
0 0.793505 0.660312 0.037968 0.023250
0 0.393838 0.655312 0.021982 0.014250
0 0.248959 0.656875 0.039967 0.019500
0 0.437136 0.655000 0.049958 0.019500
0 0.307660 0.661875 0.048959 0.036000
0 0.543297 0.649687 0.022981 0.012750
0 0.411324 0.646250 0.019983 0.007500
0 0.283097 0.647813 0.025978 0.014250
0 0.504163 0.657500 0.058951 0.039000
0 0.480017 0.653438 0.060949 0.036750
0 0.377602 0.642188 0.008993 0.011250
0 0.558285 0.640625 0.010991 0.009000
0 0.349292 0.641875 0.054954 0.019500
0 0.581599 0.644375 0.052956 0.030000
0 0.475437 0.635938 0.017985 0.011250
0 0.629475 0.650000 0.091923 0.046500
0 0.390924 0.637500 0.042964 0.016500
0 0.574938 0.634062 0.012989 0.014250
0 0.332223 0.632188 0.033972 0.015750
0 0.358035 0.628750 0.015987 0.010500
0 0.640716 0.626875 0.020983 0.007500
0 0.547877 0.627812 0.029975 0.009750
0 0.660699 0.628750 0.010991 0.013500
0 0.311407 0.624375 0.015987 0.007500
0 0.691923 0.640000 0.065945 0.048000
0 0.571191 0.621875 0.035970 0.009000
0 0.617402 0.625938 0.028976 0.020250
0 0.356370 0.621250 0.029975 0.010500
0 0.506245 0.620625 0.019983 0.012000
0 0.451291 0.629687 0.065945 0.033750
0 0.440883 0.621875 0.036969 0.016500
0 0.277269 0.628750 0.093922 0.037500
0 0.669442 0.617812 0.009992 0.015750
0 0.487927 0.615938 0.023980 0.014250
0 0.405495 0.620000 0.053955 0.024000
0 0.325978 0.614375 0.036969 0.012000
0 0.530391 0.612500 0.023980 0.010500
0 0.435054 0.609688 0.044963 0.014250
0 0.709825 0.610938 0.062948 0.020250
0 0.509992 0.607187 0.028976 0.011250
0 0.411324 0.604062 0.019983 0.006750
0 0.708576 0.602500 0.007993 0.012000
0 0.532057 0.602187 0.007993 0.012750
0 0.579101 0.609688 0.086928 0.033750
0 0.600000 0.769000 1.000000 0.462000
0 0.496253 0.600313 0.015987 0.014250
0 0.831807 0.604062 0.033972 0.027750
0 0.917569 0.604688 0.029975 0.030750
0 0.338468 0.599688 0.030974 0.018750
0 0.479600 0.602500 0.033972 0.027000
0 0.372606 0.605625 0.052956 0.034500
0 0.449625 0.594063 0.019983 0.009750
0 0.293505 0.599688 0.040966 0.023250
0 0.808077 0.602500 0.024979 0.031500
0 0.400916 0.594375 0.008993 0.015000
0 0.466278 0.591875 0.009992 0.012000
0 0.512490 0.590313 0.042964 0.012750
0 0.420067 0.589688 0.028976 0.011250
0 0.263114 0.600625 0.041965 0.040500
0 0.631973 0.599375 0.095920 0.040500
0 0.328893 0.586562 0.043963 0.015750
0 0.400500 0.581562 0.025978 0.008250
0 0.532889 0.584688 0.021982 0.020250
0 0.303913 0.588437 0.045962 0.032250
0 0.445462 0.575937 0.013988 0.008250
0 0.502498 0.577500 0.054954 0.016500
0 0.716903 0.586562 0.155870 0.041250
0 0.431724 0.576250 0.012989 0.016500
0 0.370525 0.583750 0.055953 0.037500
0 0.411740 0.572500 0.036969 0.013500
0 0.459201 0.571875 0.010991 0.013500
0 0.249376 0.577187 0.016986 0.026250
0 0.565779 0.570625 0.048959 0.013500
0 0.278102 0.570937 0.039967 0.021750
0 0.406328 0.562813 0.021982 0.006750
0 0.475437 0.564063 0.023980 0.011250
0 0.344296 0.568750 0.026978 0.022500
0 0.751457 0.568750 0.024979 0.024000
0 0.368859 0.561562 0.023980 0.009750
0 0.727311 0.562187 0.022981 0.012750
0 0.589925 0.571875 0.110908 0.040500
0 0.748127 0.557500 0.014988 0.012000
0 0.444629 0.557187 0.065945 0.020250
0 0.315154 0.563438 0.064946 0.035250
0 0.209409 0.560625 0.028976 0.028500
0 0.670275 0.553750 0.019983 0.013500
0 0.512073 0.559063 0.063947 0.027750
0 0.398418 0.553125 0.038968 0.015000
0 0.559950 0.558750 0.044963 0.030000
0 0.701915 0.560312 0.117902 0.042750
0 0.356370 0.550000 0.025978 0.018000
0 0.585762 0.544375 0.014988 0.006000
0 0.598668 0.549375 0.031973 0.022500
0 0.758118 0.540937 0.014988 0.008250
0 0.291007 0.543125 0.006994 0.013500
0 0.272689 0.553125 0.036969 0.037500
0 0.736886 0.538438 0.017985 0.008250
0 0.501249 0.542500 0.063947 0.019500
0 0.650291 0.542188 0.029975 0.020250
0 0.547044 0.541875 0.039967 0.019500
0 0.574105 0.535625 0.016986 0.007500
0 0.388010 0.533750 0.011990 0.006000
0 0.327644 0.538438 0.070941 0.021750
0 0.748959 0.530625 0.008993 0.013500
0 0.678601 0.537188 0.061948 0.032250
0 0.267277 0.529687 0.023980 0.015750
0 0.631973 0.540312 0.039967 0.045750
0 0.383430 0.532500 0.054954 0.028500
0 0.325562 0.523125 0.015987 0.006000
0 0.294338 0.523438 0.012989 0.008250
0 0.347211 0.525000 0.031973 0.018000
0 0.609076 0.527188 0.024979 0.024750
0 0.855121 0.523438 0.041965 0.018750
0 0.336803 0.519062 0.008993 0.009750
0 0.586595 0.521250 0.032973 0.018000
0 0.435887 0.530937 0.060949 0.042750
0 0.412157 0.520312 0.021982 0.018750
0 0.480849 0.525937 0.054954 0.036750
0 0.673189 0.513125 0.026978 0.009000
0 0.641965 0.516250 0.043963 0.016500
0 0.568276 0.515938 0.038968 0.020250
0 0.395087 0.511875 0.030974 0.010500
0 0.703164 0.515938 0.028976 0.021750
0 0.284763 0.514062 0.025978 0.021750
0 0.697336 0.505625 0.012989 0.009000
0 0.749792 0.521875 0.124896 0.049500
0 0.361366 0.508437 0.025978 0.017250
0 0.336386 0.500000 0.047960 0.019500
0 0.629892 0.491563 0.024979 0.006750
0 0.372190 0.495312 0.031973 0.017250
0 0.630724 0.502812 0.148876 0.039750
0 0.438801 0.499375 0.059950 0.031500
0 0.329725 0.490625 0.013988 0.012000
0 0.310991 0.495625 0.026978 0.024000
0 0.601582 0.490938 0.026978 0.014250
0 0.771857 0.491875 0.023980 0.018000
0 0.753955 0.489063 0.010991 0.011250
0 0.303497 0.502812 0.036969 0.044250
0 0.718984 0.495000 0.084929 0.039000
0 0.532057 0.505000 0.075937 0.064500
0 0.615321 0.482187 0.019983 0.012750
0 0.483764 0.482500 0.029975 0.016500
0 0.721482 0.478438 0.014988 0.012750
0 0.629059 0.477812 0.012989 0.011250
0 0.500000 0.491875 0.050958 0.046500
0 0.669442 0.475000 0.033972 0.012000
0 0.660283 0.480625 0.039967 0.028500
0 0.971690 0.475000 0.037968 0.016500
0 0.320150 0.475625 0.028976 0.022500
0 0.787261 0.482187 0.046961 0.042750
0 0.557036 0.473750 0.069942 0.025500
0 0.516653 0.468750 0.026978 0.015000
0 0.746878 0.472813 0.039967 0.026250
0 0.465862 0.479375 0.034971 0.049500
0 0.639467 0.467500 0.027977 0.022500
0 0.679017 0.461250 0.042964 0.012000
0 0.728560 0.459062 0.019983 0.011250
0 0.365945 0.463125 0.028976 0.021000
0 0.589092 0.469062 0.090924 0.036750
0 0.402581 0.474062 0.122898 0.053250
0 0.442964 0.454688 0.037968 0.014250
0 0.344296 0.468125 0.036969 0.049500
0 0.616153 0.450313 0.015987 0.008250
0 0.517902 0.459062 0.085928 0.038250
0 0.707744 0.460000 0.051957 0.042000
0 0.655704 0.442500 0.034971 0.009000
0 0.378851 0.448125 0.063947 0.027000
0 0.854288 0.447500 0.029975 0.028500
0 0.392590 0.438125 0.012989 0.007500
0 0.438801 0.439688 0.029975 0.024750
0 0.733972 0.434063 0.014988 0.014250
0 0.691507 0.440312 0.042964 0.032250
0 0.469609 0.433750 0.037968 0.022500
0 0.776020 0.443750 0.087927 0.052500
0 0.545795 0.436563 0.070941 0.035250
0 0.654871 0.424063 0.012989 0.008250
0 0.363863 0.426875 0.071940 0.024000
0 0.776853 0.419375 0.027977 0.012000
0 0.723564 0.418438 0.033972 0.009750
0 0.416320 0.431563 0.041965 0.042750
0 0.496669 0.427812 0.038968 0.035250
0 0.705662 0.425312 0.046961 0.033750
0 0.537469 0.416250 0.016986 0.015000
0 0.596170 0.416875 0.043963 0.021000
0 0.819734 0.415312 0.036969 0.023250
0 0.348043 0.413125 0.037968 0.021000
0 0.617402 0.427187 0.158868 0.056250
0 0.451291 0.405938 0.023980 0.018750
0 0.378851 0.406875 0.025978 0.024000
0 0.671524 0.397813 0.022981 0.011250
0 0.726478 0.390000 0.016986 0.006000
0 0.778102 0.394688 0.026978 0.018750
0 0.763114 0.390625 0.008993 0.012000
0 0.603664 0.400000 0.143880 0.040500
0 0.701499 0.394688 0.052956 0.033750
0 0.744796 0.388437 0.028976 0.023250
0 0.459201 0.382188 0.014988 0.012750
0 0.383847 0.385625 0.039967 0.022500
0 0.440466 0.385625 0.023980 0.027000
0 0.535803 0.380625 0.042964 0.018000
0 0.504996 0.395000 0.104913 0.060000
0 0.604496 0.375312 0.011990 0.014250
0 0.595337 0.377188 0.009992 0.018750
0 0.781432 0.376563 0.038968 0.018750
0 0.717735 0.374688 0.041965 0.015750
0 0.552456 0.373125 0.026978 0.019500
0 0.651124 0.366563 0.017985 0.009750
0 0.636969 0.374375 0.037968 0.034500
0 0.458784 0.367188 0.025978 0.018750
0 0.618235 0.363125 0.014988 0.010500
0 0.551207 0.357812 0.015987 0.005250
0 0.525396 0.360938 0.011990 0.014250
0 0.686511 0.363125 0.036969 0.021000
0 0.633222 0.357500 0.028976 0.009000
0 0.511241 0.355000 0.037968 0.022500
0 0.483764 0.353438 0.027977 0.027750
0 0.540799 0.346562 0.034971 0.018750
0 0.589092 0.351562 0.074938 0.041250
0 0.425895 0.338750 0.028976 0.027000
0 0.430891 0.321250 0.024979 0.027000
0 0.480433 0.316563 0.023980 0.027750
