0 0.181515 0.997375 0.017985 0.005250
0 0.787261 0.996625 0.014988 0.006750
0 0.514571 0.995938 0.015987 0.006750
0 0.329725 0.995500 0.023980 0.009000
0 0.297669 0.995313 0.008993 0.008250
0 0.189009 0.993750 0.011990 0.009000
0 0.884679 0.993625 0.020983 0.012750
0 0.750208 0.993750 0.007993 0.010500
0 0.263530 0.993625 0.014988 0.012750
0 0.980433 0.993250 0.020983 0.013500
0 0.965029 0.991875 0.013988 0.007500
0 0.454205 0.993250 0.026978 0.013500
0 0.437136 0.992812 0.011990 0.009750
0 0.398834 0.993125 0.019983 0.010500
0 0.358451 0.992500 0.016986 0.009000
0 0.235221 0.993250 0.012989 0.013500
0 0.738135 0.992500 0.016986 0.015000
0 0.713156 0.992500 0.022981 0.015000
0 0.539550 0.991875 0.013988 0.010500
0 0.276020 0.991563 0.012989 0.009750
0 0.933805 0.992125 0.034971 0.015750
0 0.415487 0.991750 0.013988 0.016500
0 0.131557 0.991250 0.029975 0.012000
0 0.153622 0.991375 0.024979 0.017250
0 0.450874 0.988125 0.016986 0.007500
0 0.032057 0.988437 0.012989 0.008250
0 0.009492 0.991563 0.018984 0.015750
0 0.843464 0.989375 0.019983 0.012000
0 0.206495 0.990938 0.021982 0.017250
0 0.913405 0.986563 0.019983 0.008250
0 0.517902 0.987500 0.013988 0.012000
0 0.502498 0.987812 0.018984 0.012750
0 0.317652 0.986250 0.020983 0.009000
0 0.229808 0.987500 0.039967 0.013500
0 0.818485 0.984688 0.009992 0.008250
0 0.480017 0.987500 0.028976 0.015000
0 0.100333 0.989500 0.022981 0.021000
0 0.169442 0.986563 0.022981 0.015750
0 0.936719 0.983750 0.013988 0.012000
0 0.746878 0.983750 0.011990 0.012000
0 0.109908 0.983437 0.009992 0.011250
0 0.775187 0.984688 0.013988 0.015750
0 0.186928 0.982812 0.010991 0.012750
0 0.305579 0.980625 0.017985 0.009000
0 0.249376 0.981250 0.008993 0.010500
0 0.140716 0.981563 0.019983 0.011250
0 0.264779 0.982500 0.013988 0.015000
0 0.763114 0.979062 0.014988 0.008250
0 0.736886 0.980938 0.007993 0.014250
0 0.345129 0.982187 0.016986 0.017250
0 0.238135 0.977500 0.011990 0.006000
0 0.984180 0.979062 0.017985 0.011250
0 0.396336 0.982187 0.025978 0.018750
0 0.823064 0.981875 0.026978 0.019500
0 0.642381 0.977812 0.012989 0.011250
0 0.113655 0.978750 0.016986 0.013500
0 0.633222 0.983500 0.082931 0.033000
0 0.585762 0.980313 0.052956 0.018750
0 0.424646 0.980000 0.033972 0.018000
0 0.743963 0.975000 0.012989 0.009000
0 0.659450 0.975625 0.015987 0.010500
0 0.070774 0.982187 0.025978 0.026250
0 0.857619 0.975313 0.013988 0.011250
0 0.606994 0.975000 0.027977 0.012000
0 0.019983 0.974688 0.013988 0.011250
0 0.811407 0.971875 0.012989 0.006000
0 0.452123 0.978437 0.037968 0.021750
0 0.319734 0.975625 0.009992 0.015000
0 0.099500 0.973750 0.010991 0.010500
0 0.033722 0.977500 0.028976 0.022500
0 0.497086 0.972812 0.021982 0.012750
0 0.936303 0.977187 0.038968 0.024750
0 0.552040 0.974063 0.019983 0.017250
0 0.262698 0.973437 0.022981 0.017250
0 0.611990 0.970625 0.021982 0.012000
0 0.817652 0.969063 0.017985 0.009750
0 0.702331 0.977187 0.024979 0.029250
0 0.391341 0.968750 0.013988 0.009000
0 0.198168 0.973437 0.023980 0.021750
0 0.812656 0.977875 0.077935 0.044250
0 0.676520 0.977875 0.046961 0.044250
0 0.481266 0.967500 0.021982 0.010500
0 0.280600 0.974375 0.019983 0.027000
0 0.153206 0.967187 0.011990 0.009750
0 0.654038 0.967187 0.014988 0.011250
0 0.671940 0.967500 0.021982 0.015000
0 0.987510 0.969375 0.024979 0.021000
0 0.375104 0.977125 0.032973 0.045750
0 0.140300 0.967187 0.014988 0.018750
0 0.336803 0.970000 0.026978 0.028500
0 0.407161 0.966250 0.025978 0.022500
0 0.079517 0.964688 0.030974 0.018750
0 0.699001 0.960313 0.010991 0.009750
0 0.296420 0.961250 0.009992 0.012000
0 0.267277 0.962187 0.011990 0.014250
0 0.669026 0.959375 0.012989 0.009000
0 0.611574 0.961250 0.012989 0.013500
0 0.655704 0.958125 0.010991 0.007500
0 0.098668 0.959063 0.016986 0.009750
0 0.250624 0.964063 0.025978 0.023250
0 0.972107 0.965000 0.016986 0.027000
0 0.383014 0.958750 0.025978 0.013500
0 0.173189 0.966562 0.037968 0.032250
0 0.015820 0.961250 0.019983 0.019500
0 0.635304 0.963750 0.027977 0.027000
0 0.986678 0.955625 0.017985 0.012000
0 0.685262 0.955313 0.029975 0.012750
0 0.151957 0.955000 0.024979 0.012000
0 0.955454 0.960625 0.034971 0.030000
0 0.055371 0.953750 0.028976 0.013500
0 0.705662 0.953750 0.012989 0.015000
0 0.531640 0.958125 0.030974 0.025500
0 0.734388 0.969375 0.071940 0.054000
0 0.029559 0.954688 0.032973 0.020250
0 0.190258 0.950937 0.010991 0.012750
0 0.261865 0.949375 0.020983 0.010500
0 0.296836 0.948125 0.016986 0.010500
0 0.425062 0.948125 0.008993 0.012000
0 0.349292 0.946250 0.010991 0.010500
0 0.201082 0.946562 0.014988 0.011250
0 0.527893 0.944375 0.019983 0.009000
0 0.880516 0.946875 0.024979 0.018000
0 0.721066 0.949063 0.033972 0.023250
0 0.111157 0.955937 0.042964 0.039750
0 0.932140 0.943750 0.014988 0.012000
0 0.384679 0.941875 0.017985 0.007500
0 0.178185 0.942500 0.015987 0.009000
0 0.009992 0.941562 0.019983 0.008250
0 0.416320 0.943750 0.013988 0.015000
0 0.219400 0.951250 0.052956 0.036000
0 0.497086 0.942500 0.021982 0.016500
0 0.038301 0.938125 0.021982 0.006000
0 0.649875 0.939688 0.010991 0.011250
0 0.846794 0.953125 0.081932 0.045000
0 0.432140 0.937500 0.015987 0.009000
0 0.798501 0.948438 0.035970 0.036750
0 0.482515 0.938125 0.010991 0.012000
0 0.361782 0.939063 0.012989 0.014250
0 0.987011 0.942813 0.025978 0.026250
0 0.886761 0.938438 0.019983 0.015750
0 0.542465 0.936875 0.032973 0.012000
0 0.054122 0.935625 0.009992 0.012000
0 0.094088 0.934688 0.011990 0.011250
0 0.234804 0.937187 0.023980 0.018750
0 0.324729 0.940000 0.043963 0.027000
0 0.824313 0.937187 0.021982 0.021750
0 0.971274 0.939688 0.026978 0.029250
0 0.161532 0.936250 0.019983 0.022500
0 0.066611 0.930000 0.015987 0.007500
0 0.582431 0.950313 0.114904 0.057750
0 0.931307 0.928438 0.008993 0.008250
0 0.345545 0.932500 0.017985 0.018000
0 0.182348 0.930000 0.007993 0.012000
0 0.026228 0.929063 0.014988 0.009750
0 0.384679 0.928125 0.009992 0.009000
0 0.513739 0.936250 0.033972 0.030000
0 0.144047 0.929375 0.013988 0.013500
0 0.337635 0.927813 0.012989 0.011250
0 0.900083 0.926562 0.023980 0.009750
0 0.013739 0.929063 0.016986 0.015750
0 0.869276 0.928125 0.029975 0.015000
0 0.664863 0.930625 0.020983 0.021000
0 0.408410 0.927500 0.012989 0.013500
0 0.954621 0.926250 0.012989 0.013500
0 0.943381 0.927188 0.013988 0.017250
0 0.499584 0.924687 0.015987 0.014250
0 0.834721 0.927500 0.026978 0.024000
0 0.532473 0.925000 0.042964 0.018000
0 0.281432 0.927500 0.029975 0.024000
0 0.805995 0.924375 0.015987 0.018000
0 0.215654 0.923125 0.037968 0.015000
0 0.783930 0.919063 0.014988 0.006750
0 0.318901 0.922188 0.025978 0.014250
0 0.101582 0.920000 0.017985 0.010500
0 0.049126 0.925000 0.037968 0.022500
0 0.149042 0.921562 0.015987 0.015750
0 0.073272 0.920937 0.021982 0.014250
0 0.569942 0.918750 0.012989 0.010500
0 0.895087 0.919063 0.017985 0.014250
0 0.599084 0.921250 0.014988 0.019500
0 0.384679 0.918438 0.011990 0.012750
0 0.244796 0.919687 0.015987 0.015750
0 0.135720 0.918750 0.013988 0.013500
0 0.617818 0.921250 0.033972 0.021000
0 0.949625 0.916562 0.014988 0.011250
0 0.792256 0.918438 0.014988 0.018750
0 0.715237 0.931562 0.099917 0.050250
0 0.370941 0.918438 0.020983 0.018750
0 0.164863 0.916562 0.019983 0.014250
0 0.909242 0.917500 0.009992 0.018000
0 0.560366 0.915312 0.011990 0.012750
0 0.024563 0.915000 0.016986 0.012000
0 0.012073 0.914687 0.010991 0.014250
0 0.069525 0.910937 0.018984 0.006750
0 0.967111 0.910625 0.024979 0.009000
0 0.272273 0.910312 0.013988 0.008250
0 0.437136 0.913438 0.017985 0.017250
0 0.124063 0.909687 0.027977 0.012750
0 0.294338 0.910937 0.032973 0.017250
0 0.108659 0.909375 0.006994 0.013500
0 0.796836 0.908125 0.011990 0.012000
0 0.470025 0.916875 0.034971 0.037500
0 0.218984 0.906563 0.011990 0.015750
0 0.426728 0.905625 0.020983 0.015000
0 0.266028 0.902500 0.016986 0.007500
0 0.228976 0.903750 0.013988 0.010500
0 0.166528 0.904375 0.015987 0.012000
0 0.972939 0.902500 0.016986 0.009000
0 0.411324 0.902188 0.013988 0.009750
0 0.325978 0.909687 0.040966 0.027750
0 0.099500 0.902188 0.010991 0.009750
0 0.242298 0.902813 0.011990 0.012750
0 0.366361 0.904062 0.017985 0.017250
0 0.349292 0.903438 0.024979 0.015750
0 0.153206 0.898438 0.019983 0.005250
0 0.959617 0.900312 0.012989 0.011250
0 0.875104 0.917188 0.083930 0.051750
0 0.498335 0.912500 0.044963 0.040500
0 0.197336 0.907813 0.039967 0.029250
0 0.304330 0.895312 0.010991 0.005250
0 0.083680 0.901563 0.014988 0.020250
0 0.037885 0.901875 0.066944 0.024000
0 0.417152 0.895312 0.011990 0.009750
0 0.009992 0.895312 0.019983 0.011250
0 0.497502 0.894375 0.012989 0.010500
0 0.250208 0.894375 0.012989 0.012000
0 0.219817 0.891250 0.017985 0.004500
0 0.992506 0.892500 0.014988 0.009000
0 0.406744 0.891563 0.010991 0.011250
0 0.970858 0.889375 0.013988 0.007500
0 0.684430 0.893750 0.017985 0.018000
0 0.659450 0.892500 0.021982 0.015000
0 0.189425 0.896250 0.032973 0.025500
0 0.694421 0.905000 0.035970 0.048000
0 0.426728 0.888437 0.008993 0.008250
0 0.988343 0.886875 0.009992 0.009000
0 0.637802 0.920625 0.097918 0.090000
0 0.098668 0.890625 0.022981 0.018000
0 0.674022 0.895625 0.024979 0.031500
0 0.520400 0.884375 0.009992 0.007500
0 0.294754 0.891563 0.017985 0.024750
0 0.587843 0.900000 0.077935 0.046500
0 0.585346 0.884062 0.011990 0.009750
0 0.207744 0.886563 0.008993 0.015750
0 0.143630 0.882500 0.018984 0.006000
0 0.169858 0.888125 0.025978 0.022500
0 0.091590 0.883750 0.007993 0.012000
0 0.813072 0.886250 0.018984 0.021000
0 0.265612 0.880938 0.011990 0.008250
0 0.683597 0.881563 0.011990 0.011250
0 0.217735 0.881250 0.014988 0.012000
0 0.116153 0.888125 0.022981 0.030000
0 0.084929 0.877812 0.015987 0.008250
0 0.055371 0.883750 0.024979 0.022500
0 0.907577 0.878750 0.017985 0.012000
0 0.158201 0.879687 0.009992 0.014250
0 0.871774 0.875625 0.013988 0.006000
0 0.531640 0.897500 0.066944 0.060000
0 0.497502 0.875938 0.014988 0.008250
0 0.994505 0.876875 0.010991 0.013500
0 0.517485 0.876563 0.022981 0.014250
0 0.106162 0.877500 0.022981 0.016500
0 0.814738 0.872812 0.012989 0.008250
0 0.696503 0.872500 0.012989 0.009000
0 0.196503 0.874062 0.015987 0.014250
0 0.592007 0.877812 0.031973 0.027750
0 0.233972 0.872812 0.011990 0.015750
0 0.181515 0.876875 0.019983 0.025500
0 0.287261 0.873437 0.027977 0.018750
0 0.028476 0.879375 0.056953 0.033000
0 0.893838 0.869062 0.016986 0.012750
0 0.788510 0.886875 0.053955 0.055500
0 0.767277 0.920625 0.082931 0.136500
0 0.628226 0.875625 0.024979 0.028500
0 0.515404 0.869062 0.023980 0.012750
0 0.241882 0.878437 0.036969 0.035250
0 0.164446 0.869687 0.012989 0.014250
0 0.017485 0.866563 0.021982 0.009750
0 0.958784 0.867812 0.008993 0.014250
0 0.873022 0.867188 0.014988 0.012750
0 0.613239 0.865938 0.020983 0.009750
0 0.445878 0.890625 0.072939 0.070500
0 0.431724 0.864688 0.008993 0.008250
0 0.189842 0.865938 0.011990 0.011250
0 0.926728 0.885938 0.059950 0.060750
0 0.409242 0.870938 0.042964 0.026250
0 0.843464 0.892813 0.139883 0.080250
0 0.808909 0.864375 0.044963 0.012000
0 0.599917 0.864062 0.012989 0.011250
0 0.092839 0.866563 0.026978 0.017250
0 0.585762 0.862500 0.016986 0.009000
0 0.069942 0.868437 0.023980 0.023250
0 0.669026 0.861875 0.008993 0.010500
0 0.212739 0.863750 0.016986 0.015000
0 0.733972 0.869375 0.020983 0.030000
0 0.988759 0.862812 0.014988 0.015750
0 0.661948 0.869375 0.057952 0.031500
0 0.139883 0.866250 0.019983 0.024000
0 0.899251 0.858750 0.015987 0.007500
0 0.780600 0.859062 0.018984 0.008250
0 0.869276 0.858750 0.011990 0.009000
0 0.266861 0.867500 0.034971 0.030000
0 0.064113 0.861875 0.015987 0.016500
0 0.967111 0.858437 0.014988 0.011250
0 0.529975 0.862500 0.032973 0.021000
0 0.744796 0.861875 0.028976 0.021000
0 0.710658 0.858750 0.028976 0.013500
0 0.118651 0.858125 0.016986 0.012000
0 0.916320 0.858125 0.012989 0.013500
0 0.223980 0.863750 0.019983 0.030000
0 0.019567 0.855938 0.018984 0.011250
0 0.934221 0.857187 0.031973 0.015750
0 0.353872 0.867812 0.053955 0.041250
0 0.252290 0.856250 0.023980 0.013500
0 0.199417 0.857812 0.016986 0.018750
0 0.106994 0.856875 0.016986 0.016500
0 0.439217 0.854375 0.012989 0.012000
0 0.375104 0.870313 0.058951 0.050250
0 0.476270 0.852812 0.017985 0.009750
0 0.375520 0.849688 0.011990 0.006750
0 0.042465 0.857187 0.023980 0.024750
0 0.590341 0.849688 0.017985 0.009750
0 0.097835 0.851250 0.016986 0.013500
0 0.905912 0.849688 0.019983 0.011250
0 0.825978 0.852812 0.017985 0.018750
0 0.275187 0.852812 0.016986 0.018750
0 0.162781 0.848750 0.016986 0.009000
0 0.948376 0.852187 0.013988 0.018750
0 0.936719 0.847500 0.011990 0.007500
0 0.428809 0.851875 0.013988 0.018000
0 0.305995 0.846875 0.012989 0.006000
0 0.892590 0.851250 0.013988 0.018000
0 0.121149 0.847500 0.008993 0.009000
0 0.402165 0.855000 0.045962 0.028500
0 0.494172 0.867812 0.108909 0.065250
0 0.225645 0.845625 0.013988 0.012000
0 0.146545 0.845938 0.011990 0.012750
0 0.035803 0.848750 0.009992 0.019500
0 0.254371 0.845313 0.018984 0.015750
0 0.133222 0.848125 0.011990 0.022500
0 0.056619 0.841562 0.015987 0.008250
0 0.979600 0.843750 0.012989 0.015000
0 0.890092 0.840000 0.015987 0.007500
0 0.664863 0.846875 0.012989 0.024000
0 0.490008 0.844375 0.026978 0.018000
0 0.466694 0.840000 0.022981 0.007500
0 0.304330 0.840313 0.014988 0.008250
0 0.083264 0.845313 0.027977 0.020250
0 0.909575 0.901750 0.180849 0.196500
0 0.745629 0.838750 0.014988 0.006000
0 0.353039 0.842812 0.031973 0.017250
0 0.182348 0.841250 0.019983 0.013500
0 0.712739 0.843125 0.023980 0.019500
0 0.710658 0.877500 0.098918 0.106500
0 0.060366 0.837187 0.012989 0.009750
0 0.785179 0.835938 0.013988 0.008250
0 0.020400 0.840000 0.028976 0.018000
0 0.902998 0.834375 0.016986 0.009000
0 0.470441 0.834688 0.031973 0.009750
0 0.110741 0.834375 0.017985 0.009000
0 0.073689 0.839375 0.018984 0.021000
0 0.044130 0.832812 0.009992 0.006750
0 0.783514 0.844688 0.099917 0.036750
0 0.405912 0.834375 0.020983 0.012000
0 0.767277 0.831875 0.014988 0.012000
0 0.331391 0.840313 0.049958 0.032250
0 0.708160 0.833438 0.020983 0.017250
0 0.844296 0.827812 0.013988 0.006750
0 0.968360 0.828438 0.023980 0.009750
0 0.864280 0.855625 0.053955 0.075000
0 0.799750 0.827187 0.018984 0.009750
0 0.429226 0.830313 0.026978 0.017250
0 0.276436 0.830625 0.033972 0.018000
0 0.009992 0.833438 0.019983 0.024750
0 0.368027 0.829063 0.019983 0.015750
0 0.287677 0.828125 0.014988 0.013500
0 0.095754 0.825313 0.017985 0.006750
0 0.722315 0.836875 0.018984 0.036000
0 0.207327 0.827187 0.009992 0.014250
0 0.075354 0.826250 0.008993 0.012000
0 0.988510 0.831250 0.022981 0.025500
0 0.386345 0.835000 0.033972 0.034500
0 0.296420 0.824063 0.017985 0.009750
0 0.170275 0.823750 0.012989 0.009000
0 0.066611 0.824375 0.009992 0.010500
0 0.588676 0.828125 0.025978 0.022500
0 0.144463 0.823750 0.010991 0.012000
0 0.636137 0.823125 0.013988 0.013500
0 0.337219 0.821562 0.015987 0.009750
0 0.196503 0.829063 0.023980 0.032250
0 0.432556 0.819688 0.018984 0.011250
0 0.650291 0.820312 0.021982 0.014250
0 0.310991 0.828750 0.046961 0.034500
0 0.790175 0.819063 0.013988 0.012750
0 0.131973 0.818438 0.018984 0.011250
0 0.178601 0.817813 0.018984 0.011250
0 0.300999 0.816562 0.010991 0.011250
0 0.085346 0.816250 0.010991 0.012000
0 0.639883 0.815625 0.008993 0.012000
0 0.575354 0.825000 0.019983 0.037500
0 0.435054 0.828750 0.066944 0.046500
0 0.105329 0.813438 0.010991 0.011250
0 0.157369 0.821875 0.023980 0.034500
0 0.126145 0.810625 0.010991 0.007500
0 0.240633 0.813750 0.029975 0.019500
0 0.743963 0.810937 0.020983 0.014250
0 0.987510 0.806875 0.017985 0.009000
0 0.009492 0.809063 0.018984 0.017250
0 0.484180 0.815312 0.072939 0.035250
0 0.311823 0.806875 0.026978 0.015000
0 0.181099 0.805937 0.010991 0.012750
0 0.417152 0.805000 0.009992 0.013500
0 0.034138 0.812187 0.047960 0.030750
0 0.170691 0.803125 0.013988 0.010500
0 0.760616 0.804688 0.018984 0.015750
0 0.989009 0.800625 0.021982 0.009000
0 0.105329 0.800937 0.012989 0.011250
0 0.064113 0.809063 0.029975 0.030750
0 0.807660 0.800625 0.017985 0.012000
0 0.892173 0.799063 0.014988 0.009750
0 0.158201 0.800937 0.017985 0.014250
0 0.084929 0.800312 0.011990 0.012750
0 0.886345 0.811250 0.074938 0.042000
0 0.344296 0.796875 0.014988 0.007500
0 0.295171 0.804375 0.056953 0.030000
0 0.703997 0.793750 0.008993 0.010500
0 0.439217 0.799063 0.040966 0.024750
0 0.404663 0.792500 0.013988 0.010500
0 0.885928 0.790312 0.007993 0.008250
0 0.116986 0.796250 0.026978 0.022500
0 0.308077 0.789375 0.019983 0.009000
0 0.257286 0.790312 0.009992 0.011250
0 0.194838 0.790937 0.013988 0.012750
0 0.246045 0.805625 0.068943 0.049500
0 0.139883 0.793750 0.027977 0.021000
0 0.832223 0.788125 0.010991 0.009000
0 0.820983 0.805625 0.081932 0.051000
0 0.689842 0.788750 0.008993 0.010500
0 0.378851 0.790937 0.025978 0.015750
0 0.982931 0.791875 0.030974 0.019500
0 0.392590 0.807500 0.072939 0.058500
0 0.181099 0.785312 0.014988 0.008250
0 0.011657 0.787188 0.013988 0.015750
0 0.123231 0.784375 0.013988 0.010500
0 0.962531 0.782188 0.015987 0.006750
0 0.365529 0.785000 0.013988 0.013500
0 0.357202 0.783438 0.009992 0.009750
0 0.074938 0.792813 0.059950 0.035250
0 0.417985 0.787813 0.039967 0.027750
0 0.281432 0.788125 0.047960 0.028500
0 0.886761 0.783438 0.023980 0.018750
0 0.249792 0.780625 0.023980 0.015000
0 0.581182 0.779375 0.011990 0.013500
0 0.194421 0.778438 0.008993 0.011250
0 0.013739 0.776875 0.024979 0.007500
0 0.676103 0.777813 0.015987 0.012750
0 0.239384 0.776250 0.024979 0.012000
0 0.984596 0.778125 0.026978 0.018000
0 0.962948 0.774375 0.016986 0.009000
0 0.384679 0.778125 0.029975 0.018000
0 0.876769 0.773438 0.013988 0.009750
0 0.489176 0.776563 0.020983 0.020250
0 0.364280 0.772813 0.014988 0.012750
0 0.345962 0.795312 0.054954 0.066750
0 0.306411 0.775625 0.013988 0.021000
0 0.868027 0.771875 0.018984 0.013500
0 0.115321 0.773438 0.010991 0.017250
0 0.041216 0.784687 0.032973 0.044250
0 0.340966 0.770000 0.014988 0.012000
0 0.177769 0.773125 0.030974 0.019500
0 0.811407 0.773125 0.034971 0.021000
0 0.288926 0.774375 0.023980 0.024000
0 0.192756 0.768750 0.008993 0.010500
0 0.022065 0.770000 0.014988 0.013500
0 0.216486 0.780937 0.041965 0.042750
0 0.643630 0.770625 0.025978 0.019500
0 0.089092 0.769375 0.011990 0.016500
0 0.775604 0.770938 0.034971 0.021750
0 0.201915 0.765625 0.010991 0.009000
0 0.622814 0.782813 0.049958 0.053250
0 0.072023 0.771875 0.022981 0.028500
0 0.943797 0.765625 0.036969 0.015000
0 0.753955 0.760625 0.016986 0.009000
0 0.420899 0.760625 0.020983 0.012000
0 0.251873 0.762188 0.024979 0.015750
0 0.236886 0.761563 0.008993 0.014250
0 0.056619 0.761250 0.007993 0.015000
0 0.641549 0.758125 0.012989 0.009000
0 0.274355 0.763750 0.042964 0.024000
0 0.136969 0.758750 0.014988 0.015000
0 0.041632 0.756250 0.015987 0.009000
0 0.984013 0.763750 0.031973 0.028500
0 0.910908 0.756563 0.031973 0.012750
0 0.280183 0.752188 0.020983 0.008250
0 0.223980 0.756250 0.025978 0.018000
0 0.430891 0.755625 0.016986 0.018000
0 0.021649 0.750625 0.011990 0.009000
0 0.889675 0.749375 0.012989 0.009000
0 0.563281 0.756250 0.028976 0.027000
0 0.315987 0.757500 0.046961 0.034500
0 0.185262 0.746875 0.016986 0.010500
0 0.908826 0.745625 0.010991 0.009000
0 0.039550 0.749687 0.028976 0.018750
0 0.345129 0.744375 0.014988 0.007500
0 0.352206 0.771875 0.095920 0.075000
0 0.226478 0.742188 0.013988 0.009750
0 0.281432 0.742812 0.021982 0.012750
0 0.796003 0.740625 0.009992 0.009000
0 0.195670 0.740313 0.013988 0.009750
0 0.665695 0.737812 0.010991 0.005250
0 0.594505 0.746563 0.043963 0.029250
0 0.366361 0.741875 0.025978 0.018000
0 0.012073 0.738437 0.014988 0.009750
0 0.145712 0.750625 0.097918 0.042000
0 0.096170 0.736875 0.012989 0.009000
0 0.213572 0.735938 0.016986 0.008250
0 0.781016 0.734375 0.015987 0.006000
0 0.031640 0.738437 0.025978 0.015750
0 0.149459 0.732500 0.012989 0.010500
0 0.101998 0.731563 0.016986 0.009750
0 0.042465 0.733125 0.011990 0.015000
0 0.119900 0.728750 0.017985 0.009000
0 0.681515 0.730000 0.028976 0.016500
0 0.659867 0.725625 0.014988 0.006000
0 0.018734 0.727812 0.016986 0.011250
0 0.393838 0.733125 0.021982 0.025500
0 0.897169 0.725313 0.014988 0.008250
0 0.721482 0.726250 0.010991 0.010500
0 0.706078 0.725938 0.021982 0.009750
0 0.131141 0.726875 0.014988 0.012000
0 0.473772 0.727500 0.021982 0.015000
0 0.305162 0.724375 0.020983 0.010500
0 0.650708 0.723750 0.010991 0.010500
0 0.425479 0.720938 0.011990 0.006750
0 0.756037 0.719688 0.011990 0.008250
0 0.904663 0.723125 0.024979 0.019500
0 0.732723 0.725313 0.041965 0.035250
0 0.671107 0.716250 0.023980 0.013500
0 0.214405 0.715625 0.010991 0.012000
0 0.646961 0.716250 0.031973 0.016500
0 0.196087 0.727812 0.060949 0.045750
0 0.167361 0.713437 0.017985 0.011250
0 0.475021 0.713125 0.012989 0.013500
0 0.467111 0.711562 0.011990 0.009750
0 0.487510 0.712500 0.010991 0.015000
0 0.130308 0.707500 0.018984 0.007500
0 0.147377 0.722812 0.069942 0.047250
0 0.464613 0.705937 0.017985 0.008250
0 0.429642 0.739688 0.121898 0.090750
0 0.291007 0.709063 0.016986 0.017250
0 0.143214 0.703750 0.011990 0.007500
0 0.272273 0.707500 0.025978 0.022500
0 0.248543 0.707187 0.024979 0.021750
0 0.223564 0.703125 0.024979 0.013500
0 0.165279 0.701250 0.012989 0.009000
0 0.044130 0.701875 0.009992 0.010500
0 0.351207 0.817750 0.702415 0.364500
0 0.076187 0.713437 0.106911 0.044250
0 0.173605 0.695937 0.014988 0.006750
0 0.022065 0.698438 0.030974 0.012750
0 0.087843 0.697500 0.010991 0.012000
0 0.490841 0.694688 0.026978 0.014250
0 0.755620 0.698438 0.036969 0.026250
0 0.860949 0.697187 0.045962 0.026250
0 0.151540 0.690937 0.021982 0.012750
0 0.106162 0.692500 0.016986 0.021000
0 0.420483 0.693125 0.011990 0.024000
0 0.051624 0.690312 0.055953 0.021750
0 0.082431 0.681875 0.015987 0.010500
0 0.895920 0.680312 0.017985 0.008250
0 0.420899 0.679688 0.010991 0.006750
0 0.276020 0.678438 0.018984 0.006750
0 0.256453 0.678750 0.013988 0.007500
0 0.471274 0.677188 0.013988 0.005250
0 0.243131 0.682813 0.009992 0.018750
0 0.075770 0.677813 0.015987 0.006750
0 0.477102 0.687187 0.045962 0.030750
0 0.187760 0.680937 0.030974 0.021750
0 0.201499 0.695937 0.083930 0.060750
0 0.095337 0.682187 0.022981 0.027750
0 0.322231 0.711875 0.237802 0.102000
0 0.109076 0.676250 0.011990 0.018000
0 0.482515 0.674375 0.014988 0.015000
0 0.249376 0.671250 0.018984 0.007500
0 0.127810 0.685312 0.036969 0.041250
0 0.071607 0.668125 0.015987 0.007500
0 0.388843 0.669375 0.009992 0.012000
0 0.165695 0.666875 0.011990 0.013500
0 0.086595 0.667188 0.035970 0.015750
0 0.236886 0.665312 0.032973 0.015750
0 0.014488 0.674687 0.028976 0.039750
0 0.843047 0.661563 0.014988 0.009750
0 0.310575 0.660937 0.015987 0.011250
0 0.238135 0.655312 0.015987 0.005250
0 0.009159 0.654687 0.017985 0.012750
0 0.731057 0.651875 0.009992 0.012000
0 0.091590 0.653750 0.035970 0.021000
0 0.965029 0.642813 0.011990 0.006750
0 0.006994 0.645000 0.013988 0.012000
0 0.202331 0.648750 0.021982 0.027000
0 0.728143 0.640000 0.016986 0.007500
0 0.094921 0.642188 0.019983 0.014250
0 0.434221 0.638437 0.012989 0.011250
0 0.080350 0.638125 0.014988 0.010500
0 0.421732 0.637813 0.008993 0.011250
0 0.805995 0.639375 0.011990 0.021000
0 0.038301 0.634062 0.023980 0.008250
0 0.056203 0.646875 0.052956 0.045000
0 0.402998 0.654062 0.073938 0.063750
0 0.837635 0.628750 0.011990 0.007500
0 0.480017 0.632812 0.044963 0.017250
0 0.037885 0.653750 0.062948 0.072000
0 0.442132 0.625938 0.011990 0.011250
0 0.743131 0.629062 0.026978 0.021750
0 0.039134 0.623125 0.013988 0.007500
0 0.005495 0.623750 0.010991 0.009000
0 0.724396 0.627188 0.023980 0.020250
0 0.208576 0.621563 0.018984 0.008250
0 0.178601 0.625313 0.032973 0.017250
0 0.800583 0.623437 0.014988 0.014250
0 0.408826 0.623437 0.025978 0.014250
0 0.761449 0.620625 0.014988 0.010500
0 0.049958 0.619375 0.011990 0.015000
0 0.193589 0.615313 0.028976 0.009750
0 0.686511 0.612500 0.016986 0.012000
0 0.221898 0.609688 0.018984 0.015750
0 0.752290 0.606250 0.016986 0.012000
0 0.984013 0.617500 0.031973 0.040500
0 0.813072 0.605938 0.018984 0.015750
0 0.743547 0.609375 0.033972 0.024000
0 0.718984 0.614062 0.040966 0.035250
0 0.232306 0.616875 0.049958 0.042000
0 0.004496 0.603750 0.008993 0.010500
0 0.797669 0.601875 0.013988 0.012000
0 0.336386 0.601562 0.017985 0.014250
0 0.992007 0.600000 0.015987 0.015000
0 0.816819 0.595938 0.021982 0.011250
0 0.054538 0.602187 0.020983 0.027750
0 0.794338 0.594375 0.023980 0.012000
0 0.398002 0.602500 0.047960 0.034500
0 0.868027 0.591875 0.018984 0.012000
0 0.602831 0.592187 0.019983 0.014250
0 0.351790 0.587812 0.014988 0.008250
0 0.843047 0.613125 0.140883 0.073500
0 0.328893 0.587812 0.013988 0.012750
0 0.651124 0.584063 0.015987 0.006750
0 0.706078 0.589063 0.033972 0.023250
0 0.563697 0.584375 0.015987 0.012000
0 0.867194 0.583438 0.026978 0.011250
0 0.579517 0.584063 0.017985 0.015750
0 0.447544 0.578438 0.014988 0.008250
0 0.027977 0.596875 0.055953 0.061500
0 0.892590 0.650625 0.214821 0.199500
0 0.010408 0.577187 0.018984 0.023250
0 0.868443 0.574063 0.039967 0.017250
0 0.781432 0.571562 0.018984 0.014250
0 0.846794 0.570937 0.009992 0.014250
0 0.435054 0.572812 0.010991 0.018750
0 0.040799 0.566875 0.019983 0.009000
0 0.353872 0.572500 0.015987 0.024000
0 0.383014 0.567813 0.011990 0.018750
0 0.396336 0.564063 0.019983 0.011250
0 0.052873 0.558750 0.018984 0.009000
0 0.490841 0.560625 0.024979 0.015000
0 0.355953 0.611250 0.092923 0.142500
0 0.502498 0.554688 0.014988 0.014250
0 0.788093 0.557187 0.016986 0.023250
0 0.485845 0.552500 0.022981 0.012000
0 0.673605 0.554375 0.047960 0.018000
0 0.564946 0.552500 0.024979 0.015000
0 0.067860 0.550937 0.018984 0.012750
0 0.053705 0.550312 0.014988 0.014250
0 0.738135 0.544375 0.010991 0.007500
0 0.989509 0.545312 0.020983 0.017250
0 0.825562 0.547188 0.016986 0.021750
0 0.567444 0.541562 0.008993 0.009750
0 0.439217 0.548438 0.050958 0.027750
0 0.873855 0.536250 0.008993 0.009000
0 0.831391 0.538125 0.014988 0.013500
0 0.816819 0.536563 0.011990 0.014250
0 0.952540 0.533438 0.033972 0.018750
0 0.375104 0.528125 0.012989 0.009000
0 0.847211 0.531563 0.012989 0.018750
0 0.960033 0.522500 0.011990 0.007500
0 0.937968 0.525000 0.034971 0.013500
0 0.794338 0.525312 0.013988 0.014250
0 0.428393 0.522188 0.030974 0.008250
0 0.189842 0.525625 0.021982 0.016500
0 0.391341 0.527813 0.023980 0.023250
0 0.695254 0.522813 0.019983 0.012750
0 0.548293 0.522813 0.018984 0.014250
0 0.203164 0.521875 0.009992 0.015000
0 0.670275 0.525937 0.029975 0.027750
0 0.766445 0.531875 0.026978 0.043500
0 0.708993 0.520000 0.016986 0.015000
0 0.016236 0.518125 0.016986 0.010500
0 0.952956 0.515938 0.020983 0.008250
0 0.427144 0.513750 0.009992 0.009000
0 0.475437 0.524687 0.033972 0.036750
0 0.973356 0.516875 0.019983 0.019500
0 0.013489 0.510312 0.026978 0.006750
0 0.555371 0.510312 0.011990 0.011250
0 0.390508 0.532188 0.077935 0.063750
0 0.501665 0.507500 0.008993 0.007500
0 0.907161 0.502188 0.014988 0.008250
0 0.514155 0.503437 0.018984 0.011250
0 0.666944 0.509062 0.063947 0.026250
0 0.542465 0.503750 0.022981 0.013500
0 0.326811 0.495937 0.010991 0.006750
0 0.707327 0.503437 0.030974 0.026250
0 0.447960 0.496250 0.017985 0.009000
0 0.697336 0.495625 0.018984 0.015000
0 0.654871 0.496250 0.028976 0.016500
0 0.493339 0.495312 0.034971 0.014250
0 0.110325 0.500938 0.048959 0.027750
0 0.020400 0.493125 0.012989 0.009000
0 0.975437 0.491563 0.008993 0.011250
0 0.880516 0.491250 0.032973 0.013500
0 0.606578 0.488750 0.018984 0.007500
0 0.658201 0.484687 0.016986 0.008250
0 0.459617 0.486563 0.029975 0.015750
0 0.287261 0.481875 0.041965 0.013500
0 0.103247 0.478438 0.019983 0.008250
0 0.715654 0.482500 0.018984 0.021000
0 0.006495 0.475938 0.012989 0.008250
0 0.581599 0.481250 0.022981 0.022500
0 0.420067 0.475000 0.022981 0.009000
0 0.871357 0.471250 0.014988 0.007500
0 0.128226 0.474687 0.021982 0.015750
0 0.278102 0.471562 0.015987 0.009750
0 0.848043 0.469062 0.016986 0.008250
0 0.748127 0.469062 0.010991 0.011250
0 0.862198 0.467187 0.010991 0.008250
0 0.428809 0.468750 0.021982 0.013500
0 0.526228 0.470313 0.013988 0.020250
0 0.471690 0.465313 0.012989 0.012750
0 0.954538 0.472500 0.090924 0.045000
0 0.933805 0.457188 0.012989 0.009750
0 0.738551 0.458125 0.017985 0.012000
0 0.681932 0.458437 0.013988 0.012750
0 0.514155 0.456875 0.016986 0.010500
0 0.447960 0.467813 0.045962 0.038250
0 0.420899 0.457813 0.016986 0.015750
0 0.245629 0.459062 0.031973 0.018750
0 0.836386 0.457188 0.028976 0.023250
0 0.569525 0.483750 0.147877 0.097500
0 0.178185 0.452188 0.029975 0.021750
0 0.040383 0.450625 0.030974 0.018000
0 0.892590 0.515625 0.214821 0.175500
0 0.524147 0.445312 0.006994 0.009750
0 0.427144 0.445312 0.015987 0.009750
0 0.798085 0.445312 0.026978 0.023250
0 0.542048 0.447500 0.039967 0.030000
0 0.136137 0.445312 0.026978 0.027750
0 0.730641 0.438750 0.014988 0.016500
0 0.208576 0.439063 0.016986 0.017250
0 0.224813 0.439063 0.019983 0.018750
0 0.529559 0.434375 0.011990 0.010500
0 0.511657 0.441563 0.030974 0.027750
0 0.574105 0.440000 0.032973 0.031500
0 0.127810 0.434375 0.010991 0.018000
0 0.750208 0.431250 0.017985 0.012000
0 0.793922 0.430000 0.014988 0.012000
0 0.955037 0.430000 0.013988 0.013500
0 0.243547 0.432188 0.036969 0.029250
0 0.966278 0.416875 0.010991 0.009000
0 0.950458 0.417500 0.016986 0.015000
0 0.024147 0.415938 0.013988 0.023250
0 0.950458 0.408438 0.010991 0.008250
0 0.957535 0.408125 0.011990 0.013500
0 0.042048 0.405000 0.016986 0.010500
0 0.228560 0.406250 0.018984 0.015000
0 0.989509 0.405000 0.020983 0.016500
0 0.154455 0.402187 0.012989 0.014250
0 0.293505 0.405938 0.044963 0.024750
0 0.410075 0.402500 0.012989 0.021000
0 0.415487 0.390937 0.027977 0.020250
0 0.158618 0.386875 0.012989 0.012000
0 0.052456 0.380625 0.013988 0.015000
0 0.277269 0.379063 0.017985 0.015750
0 0.040799 0.376563 0.015987 0.011250
0 0.935054 0.380000 0.011990 0.021000
0 0.186928 0.377812 0.032973 0.015750
0 0.981016 0.383125 0.037968 0.031500
0 0.336803 0.379063 0.030974 0.024750
0 0.348460 0.371250 0.016986 0.010500
0 0.048293 0.370000 0.015987 0.010500
0 0.268943 0.367812 0.011990 0.009750
0 0.059117 0.365625 0.013988 0.006000
0 0.380516 0.369688 0.021982 0.020250
0 0.308493 0.373125 0.036969 0.028500
0 0.505828 0.370937 0.032973 0.024750
0 0.442964 0.361250 0.017985 0.007500
0 0.022065 0.359687 0.012989 0.011250
0 0.506245 0.357812 0.019983 0.011250
0 0.810575 0.359063 0.036969 0.021750
0 0.883014 0.358125 0.040966 0.022500
0 0.486678 0.356563 0.016986 0.018750
0 0.934638 0.352500 0.018984 0.010500
0 0.985012 0.363438 0.023980 0.041250
0 0.138218 0.357500 0.037968 0.027000
0 0.362198 0.349062 0.019983 0.008250
0 0.243131 0.363438 0.063947 0.047250
0 0.251457 0.345938 0.013988 0.009750
0 0.008493 0.341562 0.016986 0.006750
0 0.362614 0.339687 0.016986 0.011250
0 0.350541 0.340313 0.013988 0.012750
0 0.184430 0.336875 0.012989 0.007500
0 0.493755 0.340000 0.035970 0.018000
0 0.905079 0.338125 0.009992 0.019500
0 0.293505 0.338750 0.036969 0.022500
0 0.748959 0.336875 0.046961 0.022500
0 0.490008 0.331562 0.010991 0.011250
0 0.394255 0.331562 0.012989 0.011250
0 0.137802 0.328437 0.012989 0.012750
0 0.955870 0.328750 0.017985 0.015000
0 0.992506 0.325000 0.014988 0.007500
0 0.457119 0.325313 0.007993 0.011250
0 0.041632 0.322813 0.013988 0.014250
0 0.800583 0.320625 0.012989 0.015000
0 0.221898 0.321250 0.028976 0.016500
0 0.749376 0.310937 0.017985 0.008250
0 0.446295 0.319063 0.015987 0.032250
0 0.627810 0.311563 0.027977 0.017250
0 0.217319 0.308125 0.017985 0.015000
0 0.640716 0.307188 0.016986 0.015750
0 0.851790 0.305625 0.011990 0.013500
0 0.870525 0.314063 0.032973 0.039750
0 0.504996 0.303125 0.034971 0.013500
0 0.386761 0.298750 0.012989 0.010500
0 0.007993 0.296875 0.015987 0.012000
0 0.732723 0.292500 0.017985 0.007500
0 0.820983 0.295938 0.037968 0.018750
0 0.023730 0.294687 0.026978 0.017250
0 0.420899 0.289375 0.018984 0.007500
0 0.174438 0.290625 0.014988 0.013500
0 0.163614 0.288750 0.012989 0.010500
0 0.707744 0.285938 0.005995 0.012750
0 0.356370 0.286250 0.015987 0.015000
0 0.009492 0.284687 0.018984 0.011250
0 0.334305 0.284062 0.008993 0.012750
0 0.568276 0.282813 0.008993 0.014250
0 0.051207 0.286562 0.042964 0.023250
0 0.486678 0.294063 0.046961 0.047250
0 0.345129 0.280313 0.010991 0.014250
0 0.029975 0.277813 0.013988 0.008250
0 0.717319 0.277500 0.014988 0.009000
0 0.733139 0.276562 0.010991 0.012750
0 0.093256 0.276250 0.011990 0.013500
0 0.881765 0.275313 0.013988 0.012750
0 0.044963 0.273750 0.019983 0.010500
0 0.440466 0.274375 0.015987 0.013500
0 0.151957 0.271250 0.008993 0.009000
0 0.467111 0.278125 0.033972 0.030000
0 0.449625 0.269062 0.011990 0.009750
0 0.513739 0.270937 0.027977 0.015750
0 0.985512 0.277187 0.028976 0.032250
0 0.912157 0.267500 0.012989 0.009000
0 0.956703 0.267188 0.025978 0.009750
0 0.066195 0.270625 0.022981 0.018000
0 0.885928 0.264375 0.007993 0.010500
0 0.465862 0.262500 0.014988 0.006000
0 0.075770 0.278750 0.029975 0.045000
0 0.878018 0.264375 0.008993 0.015000
0 0.991507 0.260625 0.016986 0.007500
0 0.765196 0.267813 0.025978 0.024750
0 0.190674 0.267188 0.045962 0.033750
0 0.033722 0.255625 0.028976 0.007500
0 0.260200 0.256563 0.016986 0.014250
0 0.104080 0.254375 0.013988 0.012000
0 0.060366 0.256875 0.024979 0.018000
0 0.376769 0.250312 0.014988 0.006750
0 0.964613 0.251875 0.012989 0.012000
0 0.786012 0.250312 0.007993 0.009750
0 0.269775 0.252812 0.015987 0.015750
0 0.169858 0.279687 0.069942 0.083250
0 0.845545 0.250625 0.018984 0.015000
0 0.063697 0.245625 0.016986 0.007500
0 0.634471 0.250625 0.043963 0.025500
0 0.250624 0.244375 0.009992 0.010500
0 0.285179 0.243125 0.030974 0.010500
0 0.778102 0.240937 0.014988 0.008250
0 0.960033 0.248750 0.079933 0.030000
0 0.739800 0.245312 0.032973 0.021750
0 0.985429 0.238125 0.020983 0.006000
0 0.857619 0.240937 0.039967 0.017250
0 0.815154 0.239687 0.025978 0.024750
0 0.953789 0.232500 0.010991 0.010500
0 0.923397 0.226875 0.023980 0.009000
0 0.027977 0.250937 0.055953 0.068250
0 0.080350 0.225312 0.022981 0.008250
0 0.992506 0.228437 0.014988 0.017250
0 0.449209 0.227187 0.018984 0.014250
0 0.888010 0.226875 0.028976 0.018000
0 0.832223 0.236250 0.022981 0.043500
0 0.963780 0.225625 0.012989 0.021000
0 0.636137 0.222500 0.021982 0.015000
0 0.950874 0.220312 0.019983 0.011250
0 0.044546 0.221562 0.026978 0.018750
0 0.427977 0.219375 0.035970 0.018000
0 0.063697 0.240000 0.094921 0.069000
0 0.440883 0.214688 0.012989 0.012750
0 0.164863 0.214375 0.025978 0.012000
0 0.913822 0.209375 0.018984 0.006000
0 0.990425 0.208750 0.012989 0.007500
0 0.596586 0.207187 0.010991 0.008250
0 0.932973 0.208125 0.018984 0.012000
0 0.406744 0.209375 0.012989 0.015000
0 0.022981 0.211562 0.045962 0.021750
0 0.462115 0.209375 0.035970 0.019500
0 0.256869 0.205937 0.020983 0.020250
0 0.435054 0.206875 0.044963 0.024000
0 0.882182 0.204375 0.034971 0.021000
0 0.558701 0.207187 0.019983 0.030750
0 0.616153 0.210313 0.035970 0.044250
0 0.146128 0.197187 0.012989 0.012750
0 0.457952 0.195625 0.021982 0.010500
0 0.203580 0.198125 0.012989 0.016500
0 0.046628 0.196563 0.015987 0.012750
0 0.873439 0.195312 0.015987 0.012750
0 0.021482 0.200313 0.042964 0.024750
0 0.625312 0.195312 0.013988 0.015750
0 0.656120 0.192500 0.023980 0.010500
0 0.753122 0.223438 0.162864 0.090750
0 0.985845 0.192500 0.023980 0.019500
0 0.004496 0.189375 0.008993 0.015000
0 0.385928 0.185000 0.008993 0.007500
0 0.846378 0.200625 0.050958 0.046500
0 0.488343 0.224062 0.188843 0.102750
0 0.281432 0.185000 0.015987 0.009000
0 0.748543 0.184375 0.021982 0.009000
0 0.231474 0.183750 0.013988 0.009000
0 0.459201 0.184688 0.026978 0.012750
0 0.532057 0.186562 0.027977 0.018750
0 0.175271 0.190000 0.050958 0.027000
0 0.097419 0.195937 0.047960 0.041250
0 0.960450 0.187188 0.032973 0.021750
0 0.648210 0.180312 0.014988 0.006750
0 0.125312 0.184688 0.016986 0.017250
0 0.071191 0.194688 0.046961 0.042750
0 0.956286 0.182188 0.012989 0.014250
0 0.686511 0.185312 0.016986 0.021750
0 0.018734 0.182188 0.024979 0.014250
0 0.983764 0.181562 0.014988 0.015750
0 0.929642 0.190312 0.032973 0.036750
0 0.659867 0.181250 0.014988 0.015000
0 0.947127 0.179688 0.008993 0.012750
0 0.912157 0.177187 0.010991 0.008250
0 0.808909 0.179688 0.020983 0.014250
0 0.866361 0.180000 0.024979 0.016500
0 0.742298 0.177813 0.012989 0.011250
0 0.885928 0.178437 0.031973 0.014250
0 0.089925 0.177500 0.031973 0.015000
0 0.358868 0.176563 0.011990 0.014250
0 0.237302 0.174063 0.009992 0.008250
0 0.407577 0.177813 0.018984 0.018750
0 0.281432 0.176250 0.041965 0.016500
0 0.713572 0.183750 0.049958 0.036000
0 0.995004 0.172500 0.009992 0.010500
0 0.734388 0.172187 0.013988 0.009750
0 0.866778 0.169375 0.021982 0.006000
0 0.848876 0.171250 0.014988 0.013500
0 0.104496 0.169687 0.026978 0.009750
0 0.691091 0.168750 0.011990 0.009000
0 0.472107 0.179375 0.065945 0.039000
0 0.124480 0.166250 0.020983 0.007500
0 0.378851 0.175000 0.043963 0.030000
0 0.790591 0.165625 0.016986 0.009000
0 0.810991 0.167813 0.023980 0.015750
0 0.167361 0.168437 0.013988 0.018750
0 0.827227 0.162812 0.016986 0.008250
0 0.512490 0.176250 0.030974 0.042000
0 0.692756 0.163125 0.017985 0.012000
0 0.442548 0.164062 0.026978 0.014250
0 0.137802 0.174375 0.054954 0.048000
0 0.097419 0.158750 0.029975 0.015000
0 0.980516 0.162500 0.038968 0.025500
0 0.074521 0.155625 0.014988 0.009000
0 0.044963 0.175937 0.089925 0.057750
0 0.802664 0.156562 0.027977 0.012750
0 0.696919 0.156250 0.011990 0.012000
0 0.165695 0.156250 0.009992 0.012000
0 0.870108 0.155938 0.031973 0.014250
0 0.019567 0.156562 0.026978 0.015750
0 0.277685 0.152188 0.014988 0.008250
0 0.906744 0.153125 0.017985 0.013500
0 0.439217 0.152188 0.008993 0.011250
0 0.923397 0.152812 0.009992 0.014250
0 0.896753 0.156875 0.013988 0.024000
0 0.684846 0.159062 0.022981 0.030750
0 0.452540 0.152812 0.016986 0.015750
0 0.814738 0.152188 0.014988 0.015750
0 0.258951 0.155000 0.027977 0.022500
0 0.062032 0.152188 0.020983 0.015750
0 0.151540 0.150312 0.023980 0.012750
0 0.990425 0.146875 0.016986 0.006000
0 0.873855 0.147187 0.010991 0.006750
0 0.824313 0.146563 0.017985 0.011250
0 0.623231 0.151562 0.016986 0.023250
0 0.731890 0.144375 0.017985 0.009000
0 0.462115 0.147813 0.021982 0.017250
0 0.354704 0.144375 0.009992 0.009000
0 0.950874 0.156250 0.059950 0.039000
0 0.859700 0.143750 0.014988 0.010500
0 0.162365 0.142187 0.011990 0.006750
0 0.658618 0.152500 0.045962 0.033000
0 0.963364 0.147500 0.013988 0.022500
0 0.980017 0.140313 0.019983 0.011250
0 0.895920 0.141875 0.011990 0.015000
0 0.398834 0.145625 0.039967 0.024000
0 0.790175 0.144687 0.019983 0.026250
0 0.768943 0.139063 0.014988 0.012750
0 0.924230 0.139063 0.011990 0.014250
0 0.659034 0.136250 0.014988 0.007500
0 0.225229 0.139687 0.016986 0.015750
0 0.490008 0.149062 0.050958 0.039750
0 0.647377 0.135625 0.010991 0.009000
0 0.832639 0.137500 0.023980 0.015000
0 0.868443 0.136563 0.013988 0.014250
0 0.603664 0.133750 0.021982 0.009000
0 0.992007 0.134687 0.015987 0.012750
0 0.740216 0.134375 0.013988 0.012000
0 0.260200 0.132188 0.018984 0.006750
0 0.885096 0.132500 0.025978 0.009000
0 0.094088 0.140000 0.033972 0.028500
0 0.165695 0.133125 0.027977 0.013500
0 0.348043 0.129062 0.011990 0.008250
0 0.955870 0.131875 0.035970 0.016500
0 0.726062 0.132812 0.021982 0.018750
0 0.797669 0.133437 0.023980 0.021750
0 0.242714 0.130312 0.014988 0.014250
0 0.253539 0.126250 0.012989 0.007500
0 0.075354 0.125938 0.012989 0.006750
0 0.982515 0.128438 0.025978 0.014250
0 0.862614 0.128438 0.019983 0.018750
0 0.411740 0.162188 0.080933 0.099750
0 0.109076 0.129688 0.013988 0.021750
0 0.009492 0.128438 0.018984 0.018750
0 0.751457 0.126562 0.022981 0.015750
0 0.149875 0.125938 0.017985 0.014250
0 0.934221 0.123750 0.019983 0.013500
0 0.845129 0.128125 0.017985 0.025500
0 0.672773 0.120938 0.017985 0.008250
0 0.277685 0.121875 0.008993 0.010500
0 0.209825 0.150312 0.113905 0.078750
0 0.976686 0.120000 0.023980 0.009000
0 0.737302 0.119688 0.008993 0.008250
0 0.416736 0.122188 0.010991 0.014250
0 0.240633 0.120000 0.011990 0.009000
0 0.907161 0.119063 0.012989 0.008250
0 0.523314 0.127188 0.030974 0.027750
0 0.793922 0.120625 0.016986 0.016500
0 0.920483 0.120313 0.016986 0.017250
0 0.505412 0.116875 0.013988 0.009000
0 0.211074 0.120625 0.032973 0.021000
0 0.135304 0.137500 0.046961 0.061500
0 0.470025 0.126250 0.054954 0.037500
0 0.620733 0.115312 0.014988 0.012750
0 0.032473 0.112500 0.021982 0.006000
0 0.403414 0.114687 0.016986 0.012750
0 0.959201 0.110625 0.013988 0.006000
0 0.362198 0.135000 0.053955 0.064500
0 0.789759 0.114062 0.012989 0.015750
0 0.013739 0.111250 0.012989 0.009000
0 0.976270 0.112187 0.020983 0.012750
0 0.326811 0.111250 0.012989 0.010500
0 0.175687 0.112812 0.029975 0.014250
0 0.732306 0.110312 0.014988 0.009750
0 0.708576 0.118438 0.047960 0.029250
0 0.823480 0.110625 0.007993 0.012000
0 0.332223 0.396875 0.664446 0.699000
0 0.388010 0.113125 0.017985 0.019500
0 0.608243 0.109687 0.018984 0.012750
0 0.904663 0.109063 0.012989 0.014250
0 0.429226 0.123438 0.048959 0.048750
0 0.743131 0.107188 0.012989 0.011250
0 0.860533 0.110937 0.030974 0.023250
0 0.604496 0.128750 0.093922 0.067500
0 0.476270 0.104375 0.023980 0.009000
0 0.148210 0.110000 0.013988 0.022500
0 0.030808 0.105000 0.013988 0.010500
0 0.408826 0.103750 0.015987 0.009000
0 0.380933 0.106250 0.016986 0.015000
0 0.841382 0.111250 0.026978 0.028500
0 0.313072 0.104375 0.009992 0.012000
0 0.806411 0.111875 0.030974 0.033000
0 0.719400 0.103125 0.037968 0.012000
0 0.049958 0.125000 0.069942 0.064500
0 0.492090 0.100312 0.017985 0.006750
0 0.220233 0.101562 0.010991 0.009750
0 0.537052 0.101250 0.015987 0.010500
0 0.348043 0.101562 0.011990 0.011250
0 0.289342 0.102188 0.014988 0.012750
0 0.126978 0.100312 0.018984 0.008250
0 0.786428 0.100312 0.010991 0.009750
0 0.759784 0.107813 0.032973 0.027750
0 0.681515 0.100625 0.012989 0.012000
0 0.439217 0.099062 0.018984 0.008250
0 0.278934 0.098125 0.019983 0.006000
0 0.934221 0.098437 0.017985 0.011250
0 0.594088 0.097500 0.010991 0.009000
0 0.140716 0.097812 0.011990 0.009750
0 0.917152 0.100937 0.018984 0.020250
0 0.011241 0.095937 0.014988 0.011250
0 0.848460 0.094687 0.015987 0.009750
0 0.427560 0.096562 0.024979 0.014250
0 0.862614 0.095000 0.011990 0.012000
0 0.128226 0.092813 0.021982 0.008250
0 0.977935 0.097812 0.040966 0.021750
0 0.957952 0.094062 0.012989 0.012750
0 0.760616 0.092188 0.020983 0.009750
0 0.888010 0.097187 0.018984 0.023250
0 0.823064 0.096875 0.030974 0.024000
0 0.402165 0.095000 0.025978 0.021000
0 0.180683 0.103750 0.091923 0.042000
0 0.755204 0.194375 0.489592 0.261000
0 0.900916 0.094375 0.019983 0.022500
0 0.365945 0.097500 0.040966 0.030000
0 0.939217 0.089063 0.015987 0.014250
0 0.659450 0.091250 0.021982 0.019500
0 0.246461 0.104063 0.057952 0.050250
0 0.807660 0.091875 0.035970 0.022500
0 0.415487 0.087188 0.025978 0.012750
0 0.924230 0.085938 0.015987 0.011250
0 0.622398 0.086563 0.012989 0.012750
0 0.633805 0.481250 0.732390 0.960000
0 0.178185 0.084375 0.011990 0.007500
0 0.452956 0.087188 0.019983 0.015750
0 0.696503 0.088750 0.016986 0.021000
0 0.424646 0.084375 0.029975 0.012000
0 0.318068 0.083125 0.013988 0.009000
0 0.725645 0.085000 0.016986 0.015000
0 0.627394 0.083750 0.012989 0.012000
0 0.033722 0.089688 0.038968 0.026250
0 0.853872 0.081875 0.010991 0.009000
0 0.054122 0.081562 0.021982 0.009750
0 0.013739 0.082187 0.006994 0.011250
0 0.708576 0.087188 0.021982 0.024750
0 0.394255 0.082500 0.018984 0.013500
0 0.090341 0.078125 0.010991 0.009000
0 0.794338 0.078437 0.013988 0.011250
0 0.737302 0.082187 0.024979 0.020250
0 0.493339 0.077813 0.014988 0.009750
0 0.873022 0.079687 0.028976 0.015750
0 0.608243 0.077188 0.010991 0.009750
0 0.036636 0.076875 0.017985 0.009000
0 0.784346 0.079062 0.011990 0.015750
0 0.680683 0.083750 0.028976 0.028500
0 0.957535 0.075938 0.013988 0.011250
0 0.906328 0.079687 0.012989 0.020250
0 0.012906 0.074063 0.010991 0.006750
0 0.647794 0.075938 0.017985 0.015750
0 0.254371 0.073438 0.018984 0.009750
0 0.592839 0.073438 0.021982 0.011250
0 0.533306 0.084687 0.064946 0.038250
0 0.384679 0.083125 0.029975 0.034500
0 0.338052 0.073750 0.011990 0.012000
0 0.951707 0.071250 0.013988 0.009000
0 0.497502 0.071563 0.016986 0.009750
0 0.864696 0.071563 0.018984 0.011250
0 0.663614 0.070938 0.011990 0.009750
0 0.637802 0.075000 0.013988 0.019500
0 0.823897 0.072813 0.018984 0.015750
0 0.743963 0.070000 0.014988 0.009000
0 0.223147 0.069687 0.013988 0.008250
0 0.807244 0.074375 0.014988 0.021000
0 0.753955 0.074688 0.012989 0.021750
0 0.701499 0.070312 0.020983 0.011250
0 0.110741 0.100625 0.095920 0.084000
0 0.917152 0.070312 0.014988 0.014250
0 0.139467 0.070000 0.014988 0.013500
0 0.977519 0.070000 0.019983 0.016500
0 0.171107 0.078125 0.048959 0.036000
0 0.021649 0.070000 0.009992 0.016500
0 0.774355 0.065625 0.017985 0.010500
0 0.833056 0.064375 0.016986 0.009000
0 0.684430 0.065312 0.009992 0.011250
0 0.201082 0.065312 0.016986 0.011250
0 0.149459 0.066562 0.012989 0.014250
0 0.057452 0.064687 0.019983 0.011250
0 0.733139 0.062812 0.012989 0.009750
0 0.034971 0.061250 0.011990 0.007500
0 0.800167 0.064062 0.017985 0.015750
0 0.868027 0.060937 0.016986 0.012750
0 0.517485 0.064687 0.022981 0.021750
0 0.640300 0.060000 0.031973 0.012000
0 0.302248 0.057813 0.021982 0.009750
0 0.061615 0.056250 0.013988 0.006000
0 0.904663 0.062187 0.024979 0.021750
0 0.579517 0.062812 0.013988 0.023250
0 0.177352 0.058438 0.013988 0.012750
0 0.856786 0.057500 0.007993 0.012000
0 0.817652 0.057188 0.015987 0.011250
0 0.779767 0.058750 0.018984 0.015000
0 0.751873 0.057188 0.009992 0.012750
0 0.457535 0.070938 0.078934 0.045750
0 0.135304 0.057188 0.028976 0.012750
0 0.795171 0.055000 0.011990 0.010500
0 0.763530 0.058125 0.013988 0.018000
0 0.839301 0.054375 0.025978 0.010500
0 0.620316 0.053125 0.021982 0.007500
0 0.049542 0.052812 0.012989 0.006750
0 0.993505 0.054375 0.012989 0.012000
0 0.962948 0.052187 0.014988 0.011250
0 0.879684 0.053750 0.024979 0.015000
0 0.562864 0.054688 0.011990 0.017250
0 0.499167 0.052812 0.018984 0.012750
0 0.392590 0.052187 0.014988 0.011250
0 0.150291 0.048438 0.018984 0.005250
0 0.599917 0.055938 0.026978 0.024750
0 0.363447 0.050937 0.012989 0.014250
0 0.010491 0.057500 0.020983 0.030000
0 0.809326 0.050625 0.023980 0.015000
0 0.660283 0.049063 0.015987 0.011250
0 0.758951 0.047500 0.012989 0.009000
0 0.954621 0.048750 0.006994 0.013500
0 0.541216 0.050000 0.027977 0.016500
0 0.036636 0.048125 0.019983 0.013500
0 0.921316 0.055313 0.024979 0.032250
0 0.851790 0.046562 0.013988 0.012750
0 0.863447 0.045000 0.009992 0.010500
0 0.785595 0.044687 0.020983 0.009750
0 0.941299 0.056563 0.034971 0.039750
0 0.725229 0.048750 0.047960 0.021000
0 0.675271 0.050625 0.023980 0.025500
0 0.588676 0.047188 0.017985 0.017250
0 0.620733 0.044375 0.022981 0.012000
0 0.353872 0.043750 0.019983 0.010500
0 0.970025 0.043125 0.013988 0.010500
0 0.835554 0.042188 0.008993 0.008250
0 0.075770 0.049375 0.037968 0.025500
0 0.649875 0.042500 0.012989 0.010500
0 0.169026 0.043125 0.023980 0.013500
0 0.989592 0.043437 0.014988 0.015750
0 0.816403 0.042813 0.016986 0.014250
0 0.557452 0.039062 0.010991 0.006750
0 0.262698 0.065312 0.174854 0.071250
0 0.130724 0.046562 0.049958 0.026250
0 0.184430 0.053750 0.082931 0.046500
0 0.012073 0.036875 0.014988 0.006000
0 0.752290 0.039062 0.026978 0.012750
0 0.690674 0.042500 0.014988 0.021000
0 0.778934 0.037500 0.034971 0.010500
0 0.522481 0.038437 0.010991 0.012750
0 0.948793 0.033438 0.016986 0.005250
0 0.901749 0.035937 0.015987 0.011250
0 0.099917 0.037500 0.009992 0.015000
0 0.816403 0.036875 0.016986 0.015000
0 0.240633 0.035625 0.017985 0.012000
0 0.032057 0.041563 0.032973 0.027750
0 0.800999 0.036250 0.013988 0.016500
0 0.634055 0.032188 0.012989 0.006750
0 0.358868 0.067812 0.087927 0.093750
0 0.084929 0.033750 0.011990 0.012000
0 0.728560 0.035625 0.021982 0.018000
0 0.888426 0.040000 0.033972 0.030000
0 0.710241 0.050000 0.059950 0.054000
0 0.138634 0.031563 0.014988 0.009750
0 0.502914 0.029063 0.015987 0.006750
0 0.925479 0.029687 0.014988 0.009750
0 0.667361 0.032500 0.020983 0.018000
0 0.602831 0.031250 0.017985 0.015000
0 0.249376 0.030937 0.024979 0.014250
0 0.594088 0.027500 0.014988 0.009000
0 0.782681 0.028125 0.021982 0.012000
0 0.989176 0.026562 0.013988 0.009750
0 0.753955 0.027187 0.018984 0.011250
0 0.825562 0.025313 0.016986 0.008250
0 0.967111 0.026250 0.022981 0.012000
0 0.387594 0.034375 0.044963 0.031500
0 0.287677 0.024688 0.008993 0.009750
0 0.229808 0.033750 0.019983 0.031500
0 0.623647 0.024063 0.011990 0.009750
0 0.898834 0.024375 0.034971 0.012000
0 0.854704 0.029687 0.020983 0.027750
0 0.352206 0.021250 0.017985 0.007500
0 0.861782 0.021562 0.009992 0.011250
0 0.684013 0.022500 0.014988 0.015000
0 0.546211 0.024688 0.035970 0.020250
0 0.570774 0.025937 0.022981 0.024750
0 0.049958 0.021875 0.023980 0.015000
0 0.161532 0.019062 0.007993 0.009750
0 0.092839 0.019375 0.018984 0.010500
0 0.070358 0.020625 0.020983 0.013500
0 0.835970 0.020000 0.015987 0.015000
0 0.162365 0.022500 0.059950 0.021000
0 0.710658 0.020313 0.020983 0.017250
0 0.668609 0.018437 0.027977 0.012750
0 0.632390 0.017500 0.012989 0.010500
0 0.511241 0.018125 0.021982 0.012000
0 0.284763 0.015938 0.023980 0.006750
0 0.027893 0.019062 0.016986 0.014250
0 0.700666 0.017500 0.018984 0.012000
0 0.146128 0.016875 0.010991 0.010500
0 0.793922 0.017500 0.010991 0.013500
0 0.524563 0.017188 0.023980 0.012750
0 0.916320 0.015938 0.014988 0.011250
0 0.727311 0.015625 0.014988 0.010500
0 0.356370 0.015000 0.009992 0.010500
0 0.106578 0.012812 0.017985 0.006750
0 0.955037 0.012812 0.029975 0.008250
0 0.934638 0.020625 0.016986 0.030000
0 0.859700 0.013437 0.036969 0.012750
0 0.020983 0.014063 0.041965 0.017250
0 0.972939 0.013125 0.012989 0.018000
0 0.900916 0.010000 0.019983 0.010500
0 0.623647 0.009062 0.011990 0.008250
0 0.043297 0.009062 0.011990 0.008250
0 0.003997 0.008438 0.007993 0.008250
0 0.682348 0.010625 0.032973 0.015000
0 0.662365 0.009062 0.008993 0.011250
0 0.797252 0.007500 0.034971 0.009000
0 0.077435 0.007188 0.009992 0.009750
0 0.611990 0.008750 0.019983 0.015000
0 0.754371 0.013125 0.039967 0.026250
0 0.336386 0.005000 0.013988 0.007500
0 0.957952 0.005313 0.016986 0.009750
0 0.238135 0.008250 0.013988 0.016500
0 0.205662 0.007875 0.017985 0.015750
0 0.877602 0.006000 0.013988 0.012000
0 0.845129 0.005625 0.019983 0.011250
0 0.730225 0.003750 0.013988 0.007500
0 0.704413 0.007125 0.021982 0.014250
0 0.644047 0.009750 0.018984 0.019500
0 0.592423 0.013875 0.030974 0.027750
0 0.567860 0.008625 0.023980 0.017250
0 0.527477 0.009750 0.042964 0.019500
0 0.481266 0.005625 0.011990 0.011250
0 0.505412 0.075375 0.207827 0.150750
0 0.434221 0.048750 0.174854 0.097500
0 0.352623 0.005625 0.010991 0.011250
0 0.305579 0.037875 0.095920 0.075750
0 0.276020 0.020250 0.034971 0.040500
0 0.252706 0.011625 0.018984 0.023250
0 0.196919 0.025875 0.106911 0.051750
0 0.154871 0.009000 0.013988 0.018000
0 0.090924 0.098250 0.181848 0.196500
