0 0.484375 0.938021 0.011250 0.013750
0 0.456641 0.920312 0.014063 0.016250
0 0.492578 0.898438 0.014063 0.011250
0 0.426563 0.875521 0.016875 0.018750
0 0.461719 0.880208 0.018750 0.032500
0 0.392969 0.873437 0.015000 0.016250
0 0.446484 0.868750 0.027187 0.032500
0 0.448828 0.845833 0.014063 0.012500
0 0.405469 0.848437 0.028125 0.018750
0 0.470313 0.847917 0.035625 0.020000
0 0.523047 0.850521 0.023438 0.036250
0 0.446875 0.839583 0.048750 0.042500
0 0.529687 0.826562 0.015000 0.018750
0 0.345703 0.823438 0.021562 0.013750
0 0.547656 0.827604 0.020625 0.026250
0 0.487891 0.819271 0.015938 0.021250
0 0.330859 0.808333 0.029062 0.015000
0 0.541406 0.805208 0.041250 0.022500
0 0.457031 0.807813 0.056250 0.038750
0 0.469531 0.794792 0.013125 0.017500
0 0.291406 0.793229 0.024375 0.018750
0 0.400391 0.811458 0.085312 0.067500
0 0.360938 0.788021 0.013125 0.011250
0 0.541797 0.789062 0.019688 0.023750
0 0.559766 0.782292 0.014063 0.012500
0 0.512500 0.794271 0.026250 0.051250
0 0.492578 0.776563 0.042188 0.018750
0 0.345313 0.789062 0.030000 0.048750
0 0.529297 0.770833 0.014063 0.012500
0 0.325000 0.769792 0.015000 0.012500
0 0.298047 0.769792 0.019688 0.017500
0 0.557422 0.772396 0.023438 0.026250
0 0.365625 0.764062 0.013125 0.023750
0 0.546094 0.760417 0.015000 0.017500
0 0.310156 0.757812 0.020625 0.016250
0 0.418359 0.772396 0.051562 0.053750
0 0.452344 0.756250 0.009375 0.020000
0 0.335938 0.754687 0.020625 0.018750
0 0.574219 0.752604 0.013125 0.018750
0 0.415234 0.744792 0.027187 0.012500
0 0.556641 0.742708 0.014063 0.010000
0 0.485938 0.743750 0.007500 0.015000
0 0.322266 0.741667 0.014063 0.010000
0 0.507422 0.741146 0.017813 0.023750
0 0.393750 0.756771 0.060000 0.068750
0 0.379688 0.735417 0.020625 0.017500
0 0.303516 0.735938 0.023438 0.018750
0 0.495312 0.732292 0.013125 0.012500
0 0.348438 0.740625 0.022500 0.032500
0 0.275781 0.737500 0.024375 0.025000
0 0.584375 0.732292 0.018750 0.020000
0 0.530859 0.738542 0.038437 0.040000
0 0.467969 0.729688 0.028125 0.021250
0 0.573828 0.730208 0.021562 0.032500
0 0.552344 0.725000 0.026250 0.022500
0 0.354297 0.723437 0.015938 0.023750
0 0.442188 0.733333 0.091875 0.062500
0 0.344922 0.715625 0.019688 0.020000
0 0.587500 0.713021 0.015000 0.016250
0 0.598828 0.716146 0.014063 0.033750
0 0.501953 0.706771 0.025312 0.016250
0 0.370703 0.708854 0.030937 0.021250
0 0.439844 0.711979 0.035625 0.033750
0 0.540625 0.703125 0.020625 0.015000
0 0.611719 0.701562 0.013125 0.013750
0 0.341406 0.700000 0.011250 0.010000
0 0.393359 0.706250 0.021562 0.040000
0 0.563672 0.702083 0.030937 0.032500
0 0.376953 0.691667 0.021562 0.012500
0 0.410938 0.693229 0.011250 0.018750
0 0.357812 0.693750 0.018750 0.025000
0 0.312891 0.709896 0.059062 0.068750
0 0.532813 0.685937 0.015000 0.018750
0 0.333984 0.684375 0.015938 0.020000
0 0.260156 0.689583 0.016875 0.032500
0 0.578906 0.679688 0.035625 0.018750
0 0.431250 0.677083 0.020625 0.012500
0 0.649609 0.681250 0.008437 0.025000
0 0.392188 0.679688 0.043125 0.021250
0 0.457422 0.686979 0.036562 0.043750
0 0.368359 0.675521 0.008437 0.016250
0 0.554297 0.680208 0.017813 0.030000
0 0.324609 0.670833 0.015938 0.015000
0 0.644922 0.672396 0.010312 0.021250
0 0.608203 0.679167 0.021562 0.037500
0 0.422266 0.671875 0.019688 0.027500
0 0.309375 0.669792 0.024375 0.022500
0 0.565625 0.664583 0.013125 0.012500
0 0.391797 0.662500 0.025312 0.012500
0 0.616797 0.661979 0.010312 0.013750
0 0.350781 0.663021 0.035625 0.016250
0 0.475781 0.685937 0.046875 0.076250
0 0.468359 0.661458 0.036562 0.022500
0 0.444531 0.660417 0.022500 0.020000
0 0.411328 0.658854 0.019688 0.023750
0 0.434375 0.648958 0.020625 0.012500
0 0.526172 0.670833 0.070312 0.070000
0 0.321094 0.645833 0.015000 0.010000
0 0.378125 0.650521 0.022500 0.023750
0 0.597656 0.653125 0.056250 0.035000
0 0.476953 0.642708 0.015938 0.012500
0 0.626953 0.642188 0.010312 0.013750
0 0.306250 0.646875 0.015000 0.027500
0 0.536328 0.636458 0.023438 0.012500
0 0.340234 0.641667 0.036562 0.025000
0 0.371094 0.630208 0.009375 0.012500
0 0.460938 0.632292 0.024375 0.020000
0 0.416016 0.631250 0.034687 0.017500
0 0.194922 0.629167 0.023438 0.020000
0 0.606250 0.632292 0.018750 0.032500
0 0.541797 0.624479 0.015938 0.016250
0 0.493359 0.631771 0.038437 0.041250
0 0.548828 0.614583 0.014063 0.010000
0 0.516016 0.629167 0.029062 0.047500
0 0.381250 0.615104 0.020625 0.018750
0 0.357812 0.612500 0.030000 0.015000
0 0.431250 0.611979 0.020625 0.016250
0 0.564063 0.620313 0.033750 0.038750
0 0.607812 0.608333 0.015000 0.017500
0 0.401953 0.610417 0.015938 0.022500
0 0.624219 0.616667 0.026250 0.042500
0 0.581641 0.625000 0.032813 0.065000
0 0.417578 0.607292 0.014063 0.025000
0 0.537500 0.609896 0.020625 0.033750
0 0.491406 0.606250 0.060000 0.035000
0 0.378125 0.600521 0.013125 0.021250
0 0.446875 0.599479 0.050625 0.028750
0 0.528516 0.591667 0.023438 0.012500
0 0.339844 0.595313 0.011250 0.021250
0 0.595313 0.592708 0.020625 0.017500
0 0.327344 0.606250 0.045000 0.050000
0 0.278125 0.592187 0.024375 0.023750
0 0.394922 0.586458 0.017813 0.025000
0 0.485547 0.581250 0.049687 0.025000
0 0.451953 0.578646 0.025312 0.018750
0 0.537109 0.577604 0.023438 0.018750
0 0.619531 0.580729 0.046875 0.028750
0 0.519531 0.582292 0.016875 0.035000
0 0.359766 0.570312 0.014063 0.013750
0 0.573828 0.586458 0.059062 0.055000
0 0.559375 0.573958 0.016875 0.025000
0 0.383594 0.573958 0.018750 0.032500
0 0.611719 0.564063 0.018750 0.013750
0 0.546875 0.561458 0.016875 0.020000
0 0.623047 0.558333 0.012188 0.015000
0 0.499219 0.560417 0.030000 0.020000
0 0.531250 0.556250 0.015000 0.012500
0 0.346875 0.563021 0.011250 0.031250
0 0.641797 0.556771 0.021562 0.023750
0 0.483203 0.556250 0.010312 0.030000
0 0.450781 0.561458 0.067500 0.047500
0 0.406641 0.555208 0.038437 0.037500
0 0.667188 0.541146 0.020625 0.016250
0 0.595703 0.545312 0.062812 0.043750
0 0.475781 0.530729 0.016875 0.016250
0 0.414453 0.535417 0.034687 0.027500
0 0.364063 0.542708 0.078750 0.045000
0 0.455469 0.530729 0.035625 0.021250
0 0.585938 0.527604 0.015000 0.018750
0 0.493359 0.525000 0.027187 0.015000
0 0.562109 0.533854 0.042188 0.041250
0 0.612109 0.526042 0.029062 0.035000
0 0.467187 0.514062 0.020625 0.016250
0 0.521484 0.544271 0.053437 0.093750
0 0.438672 0.522396 0.023438 0.051250
0 0.482422 0.503646 0.014063 0.011250
0 0.671094 0.497396 0.020625 0.016250
0 0.452734 0.502083 0.019688 0.027500
0 0.382422 0.506771 0.042188 0.043750
0 0.527344 0.497396 0.013125 0.023750
0 0.320312 0.503646 0.016875 0.038750
0 0.504297 0.500000 0.036562 0.032500
0 0.307812 0.496354 0.018750 0.031250
0 0.600391 0.499479 0.015938 0.046250
0 0.558203 0.486458 0.006563 0.020000
0 0.462891 0.487500 0.019688 0.032500
0 0.529297 0.477604 0.029062 0.021250
0 0.404687 0.478125 0.033750 0.027500
0 0.521094 0.472917 0.015000 0.022500
0 0.507031 0.467708 0.011250 0.017500
0 0.481250 0.472917 0.046875 0.030000
0 0.432422 0.491146 0.053437 0.073750
0 0.255859 0.470833 0.019688 0.025000
0 0.414844 0.459375 0.031875 0.015000
0 0.587891 0.457292 0.010312 0.015000
0 0.566797 0.469271 0.066562 0.043750
0 0.518359 0.458854 0.019688 0.021250
0 0.399219 0.452604 0.018750 0.026250
0 0.435937 0.452604 0.015000 0.031250
0 0.596094 0.449479 0.015000 0.026250
0 0.505859 0.446354 0.019688 0.028750
0 0.535156 0.441667 0.015000 0.020000
0 0.562500 0.447917 0.050625 0.055000
0 0.341797 0.433333 0.017813 0.020000
0 0.496875 0.438021 0.018750 0.033750
0 0.467969 0.441146 0.054375 0.048750
0 0.604297 0.433854 0.015938 0.033750
0 0.874375 0.651250 0.251250 0.697500
0 0.570312 0.423438 0.018750 0.011250
0 0.584766 0.426042 0.014063 0.022500
0 0.522266 0.430729 0.017813 0.033750
0 0.419141 0.431771 0.023438 0.043750
0 0.445703 0.422917 0.053437 0.027500
0 0.509375 0.416146 0.013125 0.016250
0 0.560937 0.414062 0.007500 0.016250
0 0.419531 0.414062 0.013125 0.023750
0 0.482422 0.410938 0.025312 0.021250
0 0.525781 0.406250 0.020625 0.017500
0 0.441406 0.405729 0.016875 0.031250
0 0.544531 0.408854 0.037500 0.043750
0 0.570703 0.393750 0.023438 0.020000
0 0.503906 0.398958 0.016875 0.035000
0 0.340234 0.396354 0.017813 0.036250
0 0.533203 0.385937 0.044062 0.046250
0 0.127031 0.352500 0.254062 0.705000
