0 0.087500 0.979000 0.072000 0.042000
0 0.036250 0.976000 0.039000 0.048000
0 0.178750 0.974500 0.099000 0.051000
0 0.280000 0.968500 0.030000 0.063000
0 0.298750 0.953500 0.075000 0.093000
0 0.237500 0.949000 0.054000 0.102000
0 0.067500 0.946250 0.135000 0.105000
0 0.123750 0.887500 0.135000 0.174000
0 0.165000 0.838750 0.078000 0.081000
0 0.051000 0.767500 0.102000 0.066000
0 0.122500 0.766250 0.090000 0.093000
0 0.055000 0.712500 0.030000 0.036000
0 0.131250 0.705000 0.087000 0.072000
0 0.082500 0.670000 0.090000 0.054000
0 0.091250 0.621250 0.051000 0.063000
0 0.035000 0.630000 0.060000 0.096000
0 0.380000 0.596250 0.084000 0.081000
0 0.166250 0.566250 0.075000 0.105000
0 0.054000 0.567500 0.108000 0.210000
0 0.276250 0.510000 0.087000 0.078000
0 0.039000 0.495000 0.078000 0.102000
0 0.338750 0.420000 0.075000 0.096000
