0 0.030000 0.890092 0.060000 0.219817
0 0.701500 0.856120 0.597000 0.287760
0 0.359063 0.724813 0.018750 0.030974
0 0.315000 0.714405 0.025500 0.025978
0 0.445937 0.689842 0.027750 0.024979
0 0.334375 0.689842 0.018000 0.030974
0 0.491875 0.681932 0.022500 0.029975
0 0.460938 0.671107 0.018750 0.025978
0 0.440000 0.668193 0.027000 0.018984
0 0.473438 0.657369 0.012750 0.026978
0 0.343750 0.651540 0.025500 0.026978
0 0.410938 0.645712 0.020250 0.024979
0 0.478750 0.636137 0.006000 0.013988
0 0.426875 0.638634 0.028500 0.025978
0 0.375937 0.635720 0.017250 0.030974
0 0.453750 0.630308 0.009000 0.021982
0 0.391250 0.632806 0.021000 0.031973
0 0.485312 0.626145 0.008250 0.021982
0 0.355000 0.624480 0.015000 0.017985
0 0.507812 0.644879 0.063750 0.070941
0 0.496563 0.616570 0.012750 0.012989
0 0.463438 0.615321 0.006750 0.013988
0 0.512500 0.615321 0.022500 0.021982
0 0.370625 0.619484 0.021000 0.031973
0 0.409687 0.619067 0.015750 0.036969
0 0.483125 0.608243 0.016500 0.012989
0 0.456875 0.629475 0.043500 0.079933
0 0.501563 0.601582 0.024750 0.016986
0 0.441875 0.598251 0.016500 0.012989
0 0.376875 0.597835 0.006000 0.013988
0 0.389062 0.604913 0.014250 0.034971
0 0.342500 0.607410 0.054000 0.044963
0 0.496563 0.593256 0.017250 0.014988
0 0.475938 0.589092 0.009750 0.008993
0 0.426250 0.604496 0.018000 0.049958
0 0.518125 0.592423 0.010500 0.024979
0 0.530312 0.596586 0.018750 0.036969
0 0.450000 0.602831 0.030000 0.057952
0 0.388125 0.587427 0.022500 0.020983
0 0.319688 0.596586 0.036750 0.052956
0 0.363125 0.581599 0.028500 0.020983
0 0.487500 0.576187 0.016500 0.027977
0 0.437188 0.577852 0.026250 0.035970
0 0.329062 0.570774 0.030750 0.018984
0 0.378437 0.570774 0.008250 0.022981
0 0.426875 0.563697 0.013500 0.011990
0 0.352812 0.568693 0.020250 0.023980
0 0.476562 0.568693 0.008250 0.027977
0 0.265000 0.568693 0.024000 0.029975
0 0.402813 0.559117 0.020250 0.014988
0 0.373437 0.561199 0.011250 0.019983
0 0.295625 0.565779 0.018000 0.030974
0 0.469375 0.571607 0.016500 0.046961
0 0.508750 0.565779 0.030000 0.036969
0 0.449062 0.553705 0.009750 0.009992
0 0.536250 0.562864 0.019500 0.037968
0 0.454688 0.557868 0.017250 0.025978
0 0.326875 0.554538 0.040500 0.021982
0 0.509687 0.549126 0.008250 0.012989
0 0.486250 0.551624 0.016500 0.022981
0 0.438125 0.550791 0.009000 0.032973
0 0.293125 0.542881 0.016500 0.021982
0 0.304375 0.545795 0.009000 0.032973
0 0.390000 0.535803 0.009000 0.028976
0 0.335938 0.532473 0.023250 0.032973
0 0.548125 0.526644 0.022500 0.032973
0 0.294375 0.522481 0.012000 0.038968
0 0.370937 0.531640 0.054750 0.066944
0 0.333750 0.509575 0.010500 0.023980
0 0.279687 0.514988 0.027750 0.036969
0 0.405000 0.510824 0.021000 0.030974
0 0.539375 0.507494 0.010500 0.032973
0 0.314375 0.517069 0.033000 0.055953
0 0.370000 0.497086 0.015000 0.017985
0 0.476562 0.519983 0.041250 0.074938
0 0.520938 0.524147 0.033750 0.090924
0 0.341562 0.492923 0.009750 0.019983
0 0.560312 0.507494 0.029250 0.058951
0 0.354063 0.510824 0.024750 0.066944
0 0.453750 0.515404 0.039000 0.079933
0 0.289687 0.497086 0.023250 0.037968
0 0.434063 0.492506 0.017250 0.028976
0 0.573750 0.486261 0.025500 0.017985
0 0.484063 0.482515 0.008250 0.008993
0 0.446562 0.483764 0.008250 0.011990
0 0.400625 0.485429 0.007500 0.017985
0 0.326875 0.488343 0.012000 0.026978
0 0.371875 0.481266 0.016500 0.013988
0 0.507500 0.502498 0.049500 0.066944
0 0.274687 0.484596 0.026250 0.025978
0 0.407813 0.483764 0.011250 0.029975
0 0.384062 0.486678 0.012750 0.042964
0 0.469687 0.472939 0.018750 0.011990
0 0.310000 0.487510 0.022500 0.052956
0 0.283750 0.473772 0.016500 0.019983
0 0.387813 0.470441 0.006750 0.013988
0 0.415312 0.503331 0.050250 0.098918
0 0.437812 0.470025 0.012750 0.020983
0 0.365000 0.470858 0.022500 0.024979
0 0.487812 0.467111 0.008250 0.017985
0 0.450937 0.465862 0.012750 0.016986
0 0.349687 0.467943 0.017250 0.029975
0 0.309375 0.465862 0.013500 0.030974
0 0.399687 0.460033 0.026250 0.018984
0 0.477500 0.456703 0.022500 0.018984
0 0.267188 0.459617 0.021750 0.025978
0 0.429063 0.452540 0.027750 0.014988
0 0.337500 0.459617 0.019500 0.031973
0 0.325000 0.454621 0.016500 0.025978
0 0.509062 0.466278 0.050250 0.059950
0 0.548438 0.445046 0.008250 0.012989
0 0.548750 0.452540 0.024000 0.036969
0 0.286562 0.449625 0.012750 0.029975
0 0.550625 0.463780 0.070500 0.065945
0 0.304375 0.443797 0.019500 0.017985
0 0.395313 0.442964 0.012750 0.017985
0 0.380937 0.444629 0.015750 0.037968
0 0.564688 0.441299 0.011250 0.035970
0 0.525937 0.432556 0.014250 0.018984
0 0.504062 0.436303 0.012750 0.031973
0 0.514687 0.426311 0.011250 0.009992
0 0.436563 0.432973 0.018750 0.025978
0 0.302187 0.423813 0.023250 0.013988
0 0.269062 0.441715 0.032250 0.056953
0 0.321875 0.428393 0.016500 0.026978
0 0.489687 0.425062 0.015750 0.020983
0 0.525312 0.417985 0.011250 0.011990
0 0.359063 0.431724 0.032250 0.052956
0 0.290312 0.416320 0.012750 0.015987
0 0.414375 0.428393 0.028500 0.064946
0 0.523125 0.403414 0.010500 0.012989
0 0.475313 0.427144 0.050250 0.069942
0 0.442812 0.404246 0.021750 0.038968
0 0.396875 0.409659 0.034500 0.051957
0 0.336250 0.413822 0.040500 0.065945
0 0.545000 0.407577 0.031500 0.060949
0 0.511250 0.393422 0.013500 0.026978
0 0.311563 0.397169 0.018750 0.035970
0 0.270313 0.406328 0.032250 0.057952
0 0.329062 0.384263 0.011250 0.006994
0 0.280625 0.392173 0.018000 0.025978
0 0.375000 0.400083 0.019500 0.050958
0 0.415312 0.388426 0.018750 0.026978
0 0.497812 0.398418 0.035250 0.052956
0 0.430937 0.391341 0.017250 0.035970
0 0.640625 0.387594 0.027000 0.028976
0 0.609375 0.385096 0.016500 0.038968
0 0.417500 0.374688 0.010500 0.013988
0 0.469375 0.396753 0.061500 0.070941
0 0.435937 0.368859 0.008250 0.011990
0 0.532500 0.367610 0.009000 0.014988
0 0.426875 0.365112 0.010500 0.008993
0 0.275625 0.370108 0.043500 0.022981
0 0.538125 0.374688 0.033000 0.041965
0 0.302187 0.385096 0.029250 0.066944
0 0.499375 0.363863 0.028500 0.023980
0 0.339375 0.371357 0.030000 0.045962
0 0.320000 0.366361 0.010500 0.033972
0 0.447188 0.366778 0.012750 0.036969
0 0.277187 0.353455 0.008250 0.010991
0 0.350313 0.356786 0.014250 0.024979
0 0.486250 0.346794 0.025500 0.014988
0 0.240313 0.348460 0.026250 0.024979
0 0.312188 0.346794 0.021750 0.028976
0 0.256875 0.354288 0.034500 0.050958
0 0.364375 0.357619 0.028500 0.060949
0 0.331875 0.340550 0.012000 0.019983
0 0.484063 0.335137 0.015750 0.008993
0 0.416563 0.345962 0.033750 0.038968
0 0.344687 0.335970 0.017250 0.016986
0 0.438750 0.338884 0.018000 0.027977
0 0.500625 0.340966 0.018000 0.036969
0 0.302812 0.336803 0.011250 0.026978
0 0.466562 0.334721 0.023250 0.023980
0 0.356563 0.323897 0.020250 0.011990
0 0.384688 0.356786 0.041250 0.092923
0 0.298438 0.323897 0.011250 0.013988
0 0.250937 0.328893 0.018750 0.029975
0 0.281250 0.335554 0.034500 0.053955
0 0.405313 0.321399 0.020250 0.027977
0 0.533750 0.345129 0.054000 0.092923
0 0.582812 0.318901 0.021750 0.037968
0 0.476875 0.311407 0.045000 0.027977
0 0.489063 0.301415 0.009750 0.007993
0 0.533750 0.311407 0.010500 0.035970
0 0.312188 0.311823 0.018750 0.036969
0 0.518750 0.308909 0.019500 0.035970
0 0.378437 0.306828 0.047250 0.030974
0 0.593437 0.308493 0.017250 0.038968
0 0.242188 0.303913 0.018750 0.037968
0 0.509062 0.305579 0.024750 0.045962
0 0.285313 0.293089 0.017250 0.017985
0 0.425312 0.291007 0.012750 0.018984
0 0.476562 0.286428 0.011250 0.015987
0 0.425938 0.304746 0.062250 0.061948
0 0.346875 0.288510 0.012000 0.024979
0 0.320625 0.292256 0.034500 0.035970
0 0.412187 0.285179 0.015750 0.022981
0 0.497500 0.283514 0.015000 0.032973
0 0.513437 0.275187 0.021750 0.020983
0 0.470625 0.272273 0.016500 0.015987
0 0.439063 0.273522 0.020250 0.020983
0 0.454062 0.314321 0.035250 0.122898
0 0.269688 0.274771 0.017250 0.035970
0 0.365938 0.293922 0.084750 0.083930
0 0.275313 0.263530 0.012750 0.010991
0 0.425938 0.263530 0.011250 0.024979
0 0.334062 0.258535 0.012750 0.014988
0 0.635938 0.266445 0.018750 0.039967
0 0.502500 0.258535 0.015000 0.020983
0 0.344375 0.269775 0.027000 0.049958
0 0.458437 0.253539 0.026250 0.016986
0 0.433750 0.254371 0.015000 0.024979
0 0.393437 0.250208 0.008250 0.024979
0 0.483438 0.249792 0.029250 0.027977
0 0.264375 0.247294 0.016500 0.023980
0 0.501875 0.238135 0.010500 0.011990
0 0.460625 0.232723 0.010500 0.016986
0 0.230625 0.236470 0.025500 0.025978
0 0.518750 0.248543 0.034500 0.060949
0 0.473125 0.233139 0.018000 0.023980
0 0.407187 0.226894 0.020250 0.018984
0 0.490938 0.221482 0.026250 0.023980
0 0.295000 0.235221 0.045000 0.056953
0 0.374375 0.211907 0.015000 0.012989
0 0.267500 0.221066 0.018000 0.038968
0 0.396562 0.207327 0.006750 0.009992
0 0.471562 0.211907 0.030750 0.026978
0 0.313437 0.206911 0.023250 0.014988
0 0.223750 0.211490 0.024000 0.027977
0 0.556250 0.211074 0.024000 0.028976
0 0.420938 0.207744 0.033750 0.028976
0 0.289687 0.209409 0.026250 0.036969
0 0.427812 0.231474 0.057750 0.099917
0 0.452813 0.202748 0.012750 0.032973
0 0.399375 0.192756 0.021000 0.010991
0 0.497812 0.199001 0.039750 0.047960
0 0.342187 0.187760 0.015750 0.024979
0 0.421250 0.184430 0.033000 0.026978
0 0.292187 0.183597 0.018750 0.026978
0 0.245625 0.183181 0.016500 0.035970
0 0.387813 0.172356 0.011250 0.021982
0 0.314375 0.176936 0.033000 0.034971
0 0.462813 0.179017 0.053250 0.043963
0 0.425312 0.167361 0.021750 0.017985
0 0.334375 0.169026 0.024000 0.021982
0 0.397813 0.159867 0.039750 0.037968
0 0.340313 0.213572 0.128250 0.170858
0 0.324375 0.149875 0.024000 0.029975
0 0.463750 0.153622 0.066000 0.046961
0 0.430937 0.142381 0.038250 0.027977
0 0.415000 0.127810 0.021000 0.016986
0 0.373750 0.130308 0.025500 0.026978
0 0.507188 0.132806 0.020250 0.036969
0 0.393750 0.126978 0.016500 0.024979
0 0.401250 0.118235 0.009000 0.009992
0 0.428438 0.119067 0.008250 0.013988
0 0.440312 0.116570 0.015750 0.023980
0 0.470625 0.115737 0.016500 0.037968
0 0.583125 0.100749 0.021000 0.025978
0 0.429688 0.096170 0.018750 0.034971
0 0.943375 0.207327 0.113250 0.414654
0 0.021375 0.010491 0.042750 0.020983
