0 0.231250 0.893838 0.027000 0.026978
0 0.365625 0.885928 0.031500 0.037968
0 0.192812 0.843880 0.009750 0.024979
0 0.235313 0.848043 0.017250 0.036969
0 0.401250 0.832639 0.009000 0.029975
0 0.197813 0.827227 0.017250 0.022981
0 0.295938 0.821815 0.030750 0.037968
0 0.444688 0.810991 0.029250 0.021982
0 0.256250 0.809326 0.019500 0.045962
0 0.550625 0.792256 0.007500 0.020983
0 0.341250 0.807244 0.091500 0.080933
0 0.577500 0.759367 0.010500 0.015987
0 0.319063 0.758951 0.011250 0.022981
0 0.536875 0.769359 0.036000 0.053955
0 0.431563 0.747710 0.020250 0.009992
0 0.361250 0.768110 0.058500 0.058951
0 0.473438 0.753122 0.015750 0.028976
0 0.253437 0.756037 0.041250 0.037968
0 0.484375 0.736053 0.018000 0.019983
0 0.569688 0.736886 0.057750 0.025978
0 0.278125 0.726894 0.010500 0.009992
0 0.524062 0.744796 0.051750 0.054954
0 0.332188 0.739384 0.054750 0.059950
0 0.434375 0.728143 0.045000 0.040966
0 0.467500 0.718152 0.030000 0.028976
0 0.370000 0.719817 0.030000 0.044963
0 0.666250 0.710658 0.031500 0.028976
0 0.442188 0.767694 0.147750 0.165862
0 0.504375 0.710241 0.028500 0.033972
0 0.639375 0.705662 0.021000 0.024979
0 0.246562 0.714405 0.054750 0.065945
0 0.234063 0.693589 0.012750 0.017985
0 0.528438 0.689842 0.047250 0.030974
0 0.470625 0.692756 0.055500 0.041965
0 0.468125 0.676936 0.013500 0.007993
0 0.288750 0.737719 0.063000 0.155870
0 0.440937 0.681932 0.026250 0.025978
0 0.495937 0.671524 0.017250 0.010991
0 0.171563 0.671524 0.047250 0.036969
0 0.306250 0.669026 0.036000 0.036969
0 0.369375 0.664030 0.009000 0.026978
0 0.405313 0.686095 0.074250 0.081932
0 0.217188 0.682764 0.029250 0.077935
0 0.386875 0.651124 0.009000 0.007993
0 0.578125 0.667361 0.060000 0.048959
0 0.193125 0.655704 0.024000 0.020983
0 0.609688 0.657369 0.020250 0.036969
0 0.675000 0.653206 0.033000 0.028976
0 0.284062 0.650291 0.027750 0.027977
0 0.434063 0.641132 0.006750 0.009992
0 0.485625 0.652373 0.052500 0.040966
0 0.339687 0.679017 0.096750 0.106911
0 0.453125 0.654871 0.018000 0.056953
0 0.169063 0.639051 0.033750 0.024979
0 0.244688 0.657369 0.063750 0.070941
0 0.520312 0.648626 0.033750 0.085928
0 0.473125 0.622398 0.052500 0.036969
0 0.545000 0.612823 0.012000 0.031973
0 0.474687 0.602831 0.026250 0.021982
0 0.580937 0.597835 0.009750 0.021982
0 0.340938 0.602831 0.023250 0.039967
0 0.612812 0.594088 0.029250 0.020983
0 0.493750 0.594921 0.034500 0.040966
0 0.142187 0.594921 0.021750 0.044963
0 0.600938 0.615321 0.098250 0.095920
0 0.168750 0.585762 0.030000 0.028976
0 0.164687 0.565362 0.008250 0.009992
0 0.637813 0.574521 0.024750 0.037968
0 0.598437 0.567860 0.015750 0.033972
0 0.554375 0.582015 0.082500 0.067943
0 0.156562 0.562032 0.024750 0.027977
0 0.438437 0.549126 0.009750 0.022981
0 0.180000 0.547044 0.009000 0.017985
0 0.486250 0.567027 0.112500 0.075937
0 0.230625 0.547044 0.027000 0.033972
0 0.616250 0.554538 0.028500 0.053955
0 0.421563 0.548709 0.026250 0.041965
0 0.275625 0.547877 0.036000 0.041965
0 0.556250 0.544130 0.019500 0.036969
0 0.453125 0.537469 0.021000 0.020983
0 0.641250 0.536636 0.012000 0.026978
0 0.299063 0.533722 0.030750 0.019983
0 0.138125 0.541216 0.025500 0.041965
0 0.543438 0.523730 0.014250 0.013988
0 0.246250 0.522065 0.007500 0.017985
0 0.161875 0.531640 0.030000 0.042964
0 0.485312 0.509159 0.005250 0.016986
0 0.398438 0.512906 0.021750 0.039967
0 0.278125 0.521649 0.081000 0.060949
0 0.151250 0.506661 0.031500 0.034971
0 0.474375 0.524563 0.120000 0.081932
0 0.201875 0.569109 0.096000 0.188843
0 0.398438 0.581599 0.125250 0.222814
0 0.252500 0.493339 0.028500 0.022981
0 0.343750 0.495837 0.022500 0.032973
0 0.404375 0.485845 0.012000 0.014988
0 0.481875 0.494588 0.030000 0.037968
0 0.421563 0.484596 0.008250 0.015987
0 0.615313 0.480849 0.009750 0.016986
0 0.431563 0.493339 0.026250 0.048959
0 0.455625 0.485429 0.025500 0.033972
0 0.209375 0.478351 0.028500 0.016986
0 0.296875 0.540383 0.138000 0.173855
0 0.484375 0.472523 0.013500 0.014988
0 0.237500 0.473356 0.007500 0.018984
0 0.180938 0.503331 0.053250 0.090924
0 0.227813 0.468776 0.009750 0.019983
0 0.402500 0.470025 0.045000 0.036969
0 0.302187 0.462115 0.029250 0.033972
0 0.616563 0.460033 0.039750 0.036969
0 0.280313 0.449625 0.021750 0.027977
0 0.615938 0.437968 0.018750 0.021982
0 0.190312 0.443381 0.023250 0.042964
0 0.327188 0.456703 0.086250 0.082931
0 0.340313 0.428809 0.008250 0.019983
0 0.548438 0.431724 0.032250 0.028976
0 0.535937 0.422981 0.014250 0.007993
0 0.609688 0.423397 0.006750 0.010991
0 0.327813 0.429642 0.020250 0.037968
0 0.237813 0.439217 0.078750 0.064946
0 0.600938 0.414654 0.017250 0.011990
0 0.544687 0.417985 0.012750 0.019983
0 0.282813 0.421316 0.017250 0.041965
0 0.614375 0.411324 0.013500 0.025978
0 0.263750 0.416736 0.024000 0.042964
0 0.371250 0.436303 0.090000 0.101915
0 0.236875 0.402165 0.030000 0.023980
0 0.539687 0.469192 0.279750 0.200833
0 0.213750 0.404663 0.028500 0.053955
0 0.409687 0.412989 0.066750 0.081932
0 0.617812 0.393422 0.042750 0.042964
0 0.324062 0.392590 0.023250 0.046961
0 0.382188 0.380933 0.020250 0.024979
0 0.349375 0.382182 0.015000 0.039967
0 0.384062 0.369276 0.029250 0.032973
0 0.303125 0.362614 0.006000 0.018984
0 0.241250 0.376353 0.045000 0.055953
0 0.206875 0.365112 0.036000 0.028976
0 0.359063 0.366361 0.027750 0.045962
0 0.532500 0.369276 0.081000 0.060949
0 0.612187 0.352623 0.015750 0.044963
0 0.577500 0.371357 0.067500 0.089925
0 0.265625 0.365945 0.064500 0.088926
0 0.287500 0.370108 0.075000 0.112906
0 0.223438 0.334305 0.030750 0.038968
0 0.595000 0.327644 0.028500 0.030974
0 0.424375 0.323480 0.024000 0.020983
0 0.337500 0.331807 0.042000 0.042964
0 0.291250 0.328060 0.040500 0.041965
0 0.407500 0.317236 0.015000 0.027977
0 0.259375 0.316403 0.030000 0.029975
0 0.336250 0.311407 0.006000 0.019983
0 0.354687 0.308077 0.008250 0.015987
0 0.566562 0.326395 0.036750 0.063947
0 0.470938 0.314738 0.030750 0.037968
0 0.574375 0.300999 0.009000 0.014988
0 0.318750 0.337635 0.055500 0.136886
0 0.355312 0.299334 0.039750 0.068943
0 0.405313 0.307244 0.105750 0.107910
0 0.563750 0.280600 0.051000 0.047960
0 0.600625 0.280183 0.049500 0.048959
0 0.474375 0.338884 0.190500 0.213822
0 0.370625 0.253955 0.036000 0.047960
0 0.420312 0.244380 0.035250 0.030974
0 0.531875 0.243963 0.052500 0.041965
0 0.467500 0.268526 0.084000 0.102914
0 0.444688 0.240216 0.020250 0.038968
0 0.564375 0.227727 0.025500 0.044963
0 0.268125 0.205662 0.027000 0.041965
0 0.429063 0.179434 0.009750 0.014988
0 0.525000 0.179850 0.034500 0.035970
0 0.335000 0.184846 0.036000 0.061948
0 0.247812 0.161532 0.029250 0.045962
0 0.431563 0.155287 0.021750 0.038968
0 0.335625 0.074938 0.036000 0.029975
0 0.495625 0.039550 0.019500 0.048959
