0 0.423047 0.869792 0.023438 0.035000
0 0.371094 0.856250 0.028125 0.030000
0 0.525391 0.835938 0.030937 0.028750
0 0.396094 0.829688 0.022500 0.036250
0 0.581250 0.824479 0.026250 0.033750
0 0.546094 0.812500 0.022500 0.030000
0 0.521875 0.808854 0.030000 0.021250
0 0.569531 0.797396 0.033750 0.033750
0 0.616016 0.798438 0.019688 0.043750
0 0.743594 0.866250 0.512813 0.267500
0 0.411328 0.784896 0.030937 0.031250
0 0.512109 0.783333 0.023438 0.032500
0 0.491016 0.779167 0.023438 0.030000
0 0.610547 0.777604 0.029062 0.038750
0 0.592187 0.783854 0.016875 0.056250
0 0.457031 0.773438 0.037500 0.038750
0 0.535547 0.764583 0.023438 0.025000
0 0.476953 0.766146 0.008437 0.031250
0 0.451562 0.759896 0.015000 0.016250
0 0.628516 0.769271 0.015938 0.043750
0 0.553125 0.776042 0.069375 0.060000
0 0.426563 0.755208 0.018750 0.020000
0 0.589844 0.752083 0.013125 0.015000
0 0.608984 0.751563 0.030937 0.021250
0 0.532813 0.752604 0.033750 0.033750
0 0.389062 0.745833 0.028125 0.025000
0 0.576562 0.741146 0.018750 0.016250
0 0.445703 0.751563 0.027187 0.041250
0 0.560937 0.740625 0.011250 0.027500
0 0.480078 0.738542 0.010312 0.022500
0 0.428125 0.733854 0.026250 0.021250
0 0.502734 0.748437 0.049687 0.058750
0 0.528125 0.727083 0.013125 0.010000
0 0.417187 0.730729 0.045000 0.031250
0 0.603516 0.728646 0.045937 0.028750
0 0.569922 0.719792 0.012188 0.010000
0 0.632812 0.731250 0.020625 0.040000
0 0.495703 0.707292 0.012188 0.012500
0 0.599219 0.706250 0.016875 0.012500
0 0.386719 0.716146 0.037500 0.043750
0 0.582812 0.705729 0.016875 0.033750
0 0.526563 0.705208 0.028125 0.037500
0 0.467187 0.719271 0.031875 0.078750
0 0.514062 0.690104 0.016875 0.011250
0 0.400781 0.694271 0.035625 0.021250
0 0.435547 0.699479 0.040313 0.041250
0 0.558594 0.708333 0.037500 0.070000
0 0.639844 0.693750 0.022500 0.040000
0 0.326172 0.690625 0.027187 0.032500
0 0.451953 0.685937 0.014063 0.023750
0 0.482422 0.683333 0.032813 0.020000
0 0.610938 0.679167 0.013125 0.017500
0 0.580859 0.678646 0.023438 0.018750
0 0.400391 0.675521 0.045937 0.023750
0 0.527734 0.677083 0.012188 0.035000
0 0.362500 0.663021 0.018750 0.021250
0 0.654687 0.660937 0.024375 0.021250
0 0.621094 0.679688 0.035625 0.068750
0 0.367188 0.676562 0.030000 0.061250
0 0.603906 0.653125 0.016875 0.015000
0 0.411719 0.655208 0.028125 0.027500
0 0.572656 0.658333 0.048750 0.045000
0 0.543750 0.665625 0.028125 0.070000
0 0.631250 0.642708 0.020625 0.020000
0 0.472266 0.638021 0.014063 0.011250
0 0.674609 0.647917 0.021562 0.037500
0 0.534375 0.641667 0.016875 0.025000
0 0.065625 0.776875 0.131250 0.446250
0 0.587109 0.633854 0.014063 0.016250
0 0.441016 0.654167 0.045937 0.072500
0 0.646484 0.634896 0.012188 0.031250
0 0.547656 0.626563 0.016875 0.011250
0 0.607031 0.635938 0.033750 0.036250
0 0.491406 0.632812 0.026250 0.033750
0 0.411719 0.626042 0.013125 0.027500
0 0.364453 0.636458 0.070312 0.052500
0 0.577344 0.625521 0.015000 0.031250
0 0.638281 0.619792 0.007500 0.020000
0 0.452734 0.617188 0.017813 0.016250
0 0.397656 0.634896 0.016875 0.058750
0 0.468750 0.616146 0.016875 0.021250
0 0.559375 0.628646 0.018750 0.058750
0 0.499609 0.637500 0.085312 0.080000
0 0.422266 0.610938 0.010312 0.018750
0 0.541797 0.606250 0.010312 0.010000
0 0.436719 0.630208 0.030000 0.072500
0 0.488672 0.606250 0.010312 0.017500
0 0.362109 0.613021 0.027187 0.038750
0 0.648047 0.606771 0.025312 0.026250
0 0.457031 0.599479 0.013125 0.016250
0 0.405469 0.604167 0.015000 0.027500
0 0.568359 0.594792 0.021562 0.012500
0 0.497656 0.595833 0.009375 0.015000
0 0.467969 0.596354 0.007500 0.021250
0 0.346094 0.598958 0.028125 0.027500
0 0.603516 0.591146 0.025312 0.013750
0 0.444922 0.591667 0.014063 0.015000
0 0.547266 0.589583 0.015938 0.012500
0 0.514453 0.599479 0.017813 0.038750
0 0.385937 0.603125 0.026250 0.052500
0 0.676953 0.607812 0.049687 0.066250
0 0.530859 0.590625 0.015938 0.025000
0 0.432422 0.585417 0.019688 0.032500
0 0.490234 0.577083 0.029062 0.020000
0 0.414844 0.576562 0.011250 0.023750
0 0.388281 0.573438 0.013125 0.016250
0 0.405469 0.570312 0.020625 0.026250
0 0.485938 0.561979 0.015000 0.011250
0 0.558203 0.566146 0.027187 0.028750
0 0.616016 0.567708 0.032813 0.035000
0 0.584766 0.567187 0.038437 0.038750
0 0.533984 0.555729 0.021562 0.013750
0 0.665234 0.570312 0.044062 0.051250
0 0.389062 0.555729 0.009375 0.016250
0 0.362891 0.562500 0.017813 0.032500
0 0.508984 0.557292 0.034687 0.030000
0 0.470313 0.559896 0.016875 0.046250
0 0.631641 0.568229 0.032813 0.068750
0 0.444531 0.550521 0.035625 0.036250
0 0.418750 0.540104 0.013125 0.013750
0 0.660156 0.546875 0.028125 0.035000
0 0.404687 0.540625 0.018750 0.027500
0 0.383203 0.534896 0.025312 0.013750
0 0.346875 0.563021 0.043125 0.081250
0 0.531641 0.532813 0.014063 0.011250
0 0.631250 0.536979 0.022500 0.026250
0 0.515625 0.531771 0.018750 0.023750
0 0.490625 0.533333 0.037500 0.030000
0 0.369141 0.527083 0.010312 0.015000
0 0.759375 0.535937 0.024375 0.038750
0 0.445703 0.525521 0.027187 0.018750
0 0.633203 0.523438 0.017813 0.016250
0 0.583594 0.526563 0.026250 0.023750
0 0.380859 0.513021 0.006563 0.021250
0 0.653516 0.517708 0.027187 0.035000
0 0.496484 0.510938 0.008437 0.023750
0 0.605078 0.528125 0.049687 0.067500
0 0.423438 0.512500 0.045000 0.032500
0 0.563672 0.520833 0.062812 0.057500
0 0.347656 0.517708 0.033750 0.057500
0 0.529297 0.505729 0.019688 0.031250
0 0.394141 0.507812 0.017813 0.036250
0 0.467578 0.513542 0.023438 0.052500
0 0.361328 0.502083 0.021562 0.027500
0 0.731641 0.506250 0.017813 0.040000
0 0.512109 0.501042 0.021562 0.037500
0 0.555469 0.503646 0.026250 0.048750
0 0.576953 0.488542 0.021562 0.015000
0 0.434766 0.486458 0.019688 0.022500
0 0.650781 0.494271 0.037500 0.043750
0 0.526172 0.480208 0.012188 0.012500
0 0.628516 0.488021 0.017813 0.033750
0 0.605469 0.495833 0.031875 0.055000
0 0.423047 0.468750 0.017813 0.015000
0 0.387891 0.481771 0.060937 0.046250
0 0.564453 0.470833 0.017813 0.030000
0 0.442969 0.466667 0.015000 0.022500
0 0.591797 0.450521 0.017813 0.008750
0 0.639062 0.462500 0.041250 0.040000
0 0.457422 0.473438 0.030937 0.066250
0 0.600781 0.459896 0.043125 0.036250
0 0.400781 0.455208 0.022500 0.027500
0 0.541406 0.454167 0.018750 0.027500
0 0.333594 0.464062 0.063750 0.056250
0 0.469141 0.443750 0.014063 0.012500
0 0.566797 0.448958 0.038437 0.037500
0 0.629687 0.435937 0.018750 0.013750
0 0.387109 0.433854 0.014063 0.018750
0 0.655078 0.443750 0.047812 0.045000
0 0.702734 0.439063 0.021562 0.038750
0 0.366797 0.443229 0.036562 0.056250
0 0.333594 0.433854 0.020625 0.036250
0 0.534766 0.428646 0.012188 0.026250
0 0.585547 0.428125 0.051562 0.027500
0 0.553516 0.427083 0.025312 0.025000
0 0.502734 0.461458 0.068437 0.112500
0 0.714844 0.430208 0.018750 0.040000
0 0.644141 0.429167 0.021562 0.037500
0 0.507812 0.416667 0.016875 0.012500
0 0.469922 0.425000 0.066562 0.035000
0 0.440625 0.424479 0.041250 0.038750
0 0.617578 0.430208 0.034687 0.057500
0 0.398438 0.430729 0.031875 0.061250
0 0.469141 0.408333 0.025312 0.020000
0 0.529687 0.405208 0.015000 0.017500
0 0.514062 0.402083 0.020625 0.015000
0 0.374609 0.401042 0.017813 0.017500
0 0.325391 0.409375 0.021562 0.037500
0 0.548047 0.404167 0.029062 0.027500
0 0.586719 0.399479 0.011250 0.018750
0 0.413672 0.404167 0.036562 0.035000
0 0.604297 0.402604 0.029062 0.038750
0 0.627344 0.393229 0.022500 0.021250
0 0.435937 0.396354 0.031875 0.031250
0 0.567578 0.395313 0.014063 0.038750
0 0.764453 0.389583 0.019688 0.040000
0 0.491797 0.391146 0.030937 0.043750
0 0.446875 0.377604 0.013125 0.013750
0 0.545703 0.383333 0.023438 0.030000
0 0.360938 0.382292 0.024375 0.035000
0 0.617188 0.375000 0.015000 0.020000
0 0.366406 0.370312 0.011250 0.011250
0 0.567578 0.369271 0.029062 0.016250
0 0.431250 0.369271 0.013125 0.016250
0 0.496484 0.367708 0.010312 0.015000
0 0.519531 0.372396 0.015000 0.031250
0 0.473047 0.374479 0.044062 0.038750
0 0.450781 0.364063 0.009375 0.013750
0 0.537500 0.372396 0.024375 0.036250
0 0.355078 0.354167 0.017813 0.025000
0 0.630859 0.366667 0.044062 0.060000
0 0.593750 0.358333 0.041250 0.045000
0 0.539062 0.348958 0.020625 0.030000
0 0.612109 0.341146 0.012188 0.016250
0 0.514453 0.339583 0.023438 0.017500
0 0.555859 0.345313 0.015938 0.033750
0 0.583984 0.331771 0.034687 0.016250
0 0.403906 0.332292 0.016875 0.027500
0 0.481250 0.324479 0.011250 0.011250
0 0.677344 0.330208 0.026250 0.030000
0 0.563672 0.325521 0.010312 0.018750
0 0.530469 0.322917 0.033750 0.025000
0 0.408984 0.352083 0.104062 0.100000
0 0.391797 0.315625 0.015938 0.012500
0 0.361328 0.327083 0.019688 0.040000
0 0.410938 0.313542 0.022500 0.012500
0 0.551953 0.317188 0.012188 0.028750
0 0.506641 0.308333 0.021562 0.010000
0 0.379297 0.317708 0.014063 0.035000
0 0.315625 0.328125 0.033750 0.060000
0 0.479297 0.331771 0.049687 0.076250
0 0.613281 0.316667 0.043125 0.047500
0 0.588281 0.303125 0.030000 0.022500
0 0.526172 0.296875 0.021562 0.017500
0 0.544922 0.298958 0.017813 0.025000
0 0.471094 0.298958 0.043125 0.040000
0 0.390234 0.290625 0.021562 0.025000
0 0.571484 0.290104 0.044062 0.028750
0 0.495312 0.286458 0.013125 0.020000
0 0.537109 0.281771 0.025312 0.016250
0 0.339844 0.288021 0.016875 0.036250
0 0.568359 0.265625 0.015938 0.012500
0 0.507422 0.275000 0.042188 0.037500
0 0.466016 0.260937 0.010312 0.013750
0 0.579297 0.271354 0.070312 0.046250
0 0.430469 0.275000 0.073125 0.062500
0 0.571094 0.253646 0.015000 0.013750
0 0.546094 0.258854 0.037500 0.031250
0 0.628125 0.250521 0.020625 0.036250
0 0.528516 0.241667 0.023438 0.017500
0 0.483594 0.243229 0.028125 0.026250
0 0.507812 0.239583 0.024375 0.027500
0 0.551562 0.231771 0.028125 0.023750
0 0.589453 0.233333 0.017813 0.037500
0 0.711719 0.223958 0.022500 0.027500
0 0.546484 0.210938 0.019688 0.033750
0 0.934375 0.223125 0.131250 0.446250
0 0.256875 0.133750 0.513750 0.267500
