0 0.058750 0.989500 0.045000 0.021000
0 0.562500 0.976000 0.060000 0.048000
0 0.416250 0.968750 0.051000 0.033000
0 0.227500 0.971250 0.048000 0.039000
0 0.950000 0.972500 0.042000 0.054000
0 0.085000 0.957500 0.084000 0.048000
0 0.822500 0.958000 0.102000 0.084000
0 0.668750 0.953500 0.165000 0.093000
0 0.672500 0.938750 0.042000 0.045000
0 0.155000 0.947500 0.090000 0.105000
0 0.771250 0.912500 0.075000 0.030000
0 0.311250 0.935500 0.201000 0.129000
0 0.605000 0.906250 0.168000 0.075000
0 0.207500 0.893750 0.030000 0.045000
0 0.979000 0.901250 0.042000 0.081000
0 0.027000 0.875000 0.054000 0.060000
0 0.477500 0.853750 0.054000 0.027000
0 0.971500 0.842500 0.057000 0.024000
0 0.922500 0.883750 0.102000 0.135000
0 0.328750 0.827500 0.153000 0.066000
0 0.470000 0.886250 0.192000 0.219000
0 0.537500 0.825000 0.060000 0.114000
0 0.292500 0.821250 0.168000 0.141000
0 0.776500 0.822500 0.447000 0.198000
0 0.917500 0.708750 0.162000 0.069000
0 0.115000 0.717500 0.114000 0.144000
0 0.191250 0.775000 0.309000 0.288000
0 0.912500 0.655000 0.090000 0.054000
0 0.381250 0.643750 0.057000 0.027000
0 0.783750 0.681250 0.153000 0.147000
0 0.541250 0.645000 0.093000 0.192000
0 0.968500 0.565000 0.063000 0.024000
0 0.911250 0.580000 0.027000 0.060000
0 0.455000 0.582500 0.030000 0.066000
0 0.305000 0.588750 0.180000 0.159000
0 0.663750 0.540000 0.081000 0.054000
0 0.705000 0.663750 0.276000 0.351000
0 0.167500 0.580000 0.174000 0.162000
0 0.957500 0.521250 0.084000 0.045000
0 0.422500 0.567500 0.192000 0.174000
0 0.823750 0.562500 0.159000 0.180000
0 0.337500 0.493750 0.066000 0.039000
0 0.926250 0.492500 0.033000 0.054000
0 0.491250 0.498750 0.075000 0.069000
0 0.767500 0.533750 0.096000 0.177000
0 0.268750 0.478750 0.051000 0.063000
0 0.558750 0.471250 0.207000 0.099000
0 0.141250 0.476250 0.159000 0.123000
0 0.670000 0.436250 0.282000 0.123000
0 0.871250 0.427500 0.171000 0.120000
0 0.212500 0.410000 0.162000 0.084000
0 0.697500 0.392500 0.042000 0.084000
0 0.433750 0.366250 0.021000 0.063000
0 0.944500 0.400000 0.111000 0.162000
0 0.626250 0.345000 0.045000 0.048000
0 0.881250 0.342500 0.045000 0.048000
0 0.183750 0.332500 0.093000 0.108000
0 0.710000 0.311250 0.156000 0.093000
0 0.563750 0.321250 0.159000 0.135000
0 0.943000 0.301250 0.114000 0.111000
0 0.788750 0.321250 0.171000 0.171000
0 0.480000 0.312500 0.096000 0.156000
0 0.052500 0.286250 0.105000 0.093000
0 0.383750 0.340000 0.159000 0.342000
0 0.746250 0.212500 0.159000 0.066000
0 0.838750 0.225000 0.111000 0.108000
0 0.034500 0.193750 0.069000 0.033000
0 0.705000 0.168750 0.024000 0.039000
0 0.623750 0.206250 0.135000 0.189000
0 0.391250 0.118750 0.039000 0.039000
0 0.877000 0.176250 0.246000 0.189000
0 0.974500 0.096250 0.051000 0.057000
0 0.263750 0.237500 0.255000 0.396000
0 0.770000 0.065000 0.048000 0.054000
0 0.217500 0.052500 0.054000 0.042000
0 0.316250 0.105000 0.171000 0.204000
0 0.625000 0.032500 0.030000 0.042000
0 0.480000 0.144000 0.192000 0.288000
0 0.775000 0.031250 0.036000 0.051000
0 0.932500 0.033000 0.135000 0.066000
0 0.882500 0.052500 0.198000 0.105000
0 0.702500 0.087000 0.276000 0.174000
