0 0.814155 0.913750 0.371690 0.172500
0 0.520400 0.774687 0.021982 0.024750
0 0.681932 0.717500 0.037968 0.021000
0 0.457535 0.702812 0.036969 0.020250
0 0.560783 0.690625 0.024979 0.028500
0 0.407993 0.685937 0.025978 0.026250
0 0.445878 0.667813 0.036969 0.018750
0 0.348043 0.667188 0.023980 0.026250
0 0.371774 0.661875 0.024979 0.018000
0 0.661948 0.661563 0.033972 0.023250
0 0.405495 0.657813 0.015987 0.017250
0 0.362198 0.653125 0.015987 0.006000
0 0.421732 0.657500 0.022981 0.034500
0 0.491257 0.653438 0.057952 0.027750
0 0.656120 0.646250 0.041965 0.018000
0 0.763114 0.646250 0.036969 0.022500
0 0.354704 0.641875 0.033972 0.013500
0 0.499584 0.641563 0.021982 0.015750
0 0.408410 0.643125 0.020983 0.025500
0 0.724813 0.635000 0.012989 0.009000
0 0.443381 0.645312 0.052956 0.033750
0 0.539550 0.644062 0.069942 0.032250
0 0.492090 0.630313 0.015987 0.006750
0 0.382182 0.642188 0.025978 0.036750
0 0.414654 0.627500 0.017985 0.010500
0 0.562448 0.624687 0.010991 0.009750
0 0.469192 0.628750 0.036969 0.024000
0 0.547044 0.620000 0.019983 0.006000
0 0.532889 0.625000 0.009992 0.019500
0 0.730225 0.624375 0.027977 0.019500
0 0.330558 0.623437 0.021982 0.020250
0 0.445046 0.619375 0.014988 0.013500
0 0.390092 0.622812 0.018984 0.021750
0 0.582015 0.615000 0.013988 0.010500
0 0.193838 0.764500 0.387677 0.471000
0 0.597835 0.615000 0.027977 0.019500
0 0.490008 0.615313 0.064946 0.029250
0 0.540799 0.608437 0.014988 0.018750
0 0.393422 0.607812 0.042964 0.021750
0 0.308909 0.607812 0.031973 0.023250
0 0.569525 0.607812 0.011990 0.026250
0 0.351790 0.611563 0.048959 0.035250
0 0.584097 0.600938 0.018984 0.014250
0 0.412573 0.600000 0.046961 0.024000
0 0.443797 0.605625 0.047960 0.040500
0 0.502914 0.591250 0.015987 0.007500
0 0.544963 0.593125 0.008993 0.015000
0 0.352623 0.592812 0.012989 0.015750
0 0.479184 0.596250 0.030974 0.025500
0 0.569525 0.590313 0.011990 0.012750
0 0.521232 0.588750 0.017985 0.009000
0 0.377602 0.589375 0.024979 0.016500
0 0.305995 0.585313 0.012989 0.011250
0 0.633222 0.581875 0.014988 0.006000
0 0.439634 0.586562 0.015987 0.027750
0 0.384263 0.577812 0.010991 0.006750
0 0.495837 0.578750 0.008993 0.010500
0 0.290175 0.575000 0.016986 0.016500
0 0.409242 0.574688 0.016986 0.021750
0 0.646545 0.581562 0.026978 0.041250
0 0.314738 0.573125 0.049958 0.022500
0 0.560366 0.565625 0.019983 0.010500
0 0.452956 0.574375 0.023980 0.031500
0 0.611157 0.596875 0.047960 0.087000
0 0.471690 0.570000 0.014988 0.024000
0 0.293505 0.563438 0.016986 0.008250
0 0.689425 0.564688 0.023980 0.012750
0 0.539550 0.572187 0.053955 0.033750
0 0.365945 0.560625 0.012989 0.013500
0 0.714821 0.561562 0.028976 0.020250
0 0.268943 0.560312 0.037968 0.018750
0 0.439217 0.560312 0.026978 0.020250
0 0.594505 0.558438 0.035970 0.021750
0 0.485429 0.562187 0.015987 0.030750
0 0.312656 0.552188 0.030974 0.008250
0 0.562032 0.565625 0.081932 0.045000
0 0.676103 0.565937 0.039967 0.047250
0 0.291007 0.551562 0.012989 0.015750
0 0.750624 0.546250 0.022981 0.006000
0 0.698585 0.548750 0.021982 0.012000
0 0.659034 0.545937 0.016986 0.005250
0 0.410908 0.547500 0.008993 0.010500
0 0.504580 0.553750 0.019983 0.027000
0 0.467943 0.549687 0.009992 0.017250
0 0.728560 0.546250 0.023980 0.010500
0 0.453372 0.542500 0.018984 0.012000
0 0.666944 0.538438 0.017985 0.006750
0 0.754371 0.540625 0.035970 0.016500
0 0.606994 0.543125 0.031973 0.028500
0 0.537052 0.542500 0.053955 0.030000
0 0.653206 0.533750 0.010991 0.012000
0 0.709409 0.543125 0.015987 0.036000
0 0.274355 0.536875 0.048959 0.024000
0 0.363447 0.536250 0.016986 0.024000
0 0.512073 0.529375 0.031973 0.015000
0 0.674854 0.527500 0.012989 0.028500
0 0.607827 0.523125 0.009992 0.019500
0 0.364696 0.520000 0.009992 0.013500
0 0.690674 0.530625 0.020983 0.040500
0 0.718984 0.527188 0.044963 0.033750
0 0.292673 0.520000 0.028976 0.016500
0 0.647377 0.518750 0.024979 0.019500
0 0.539550 0.519687 0.025978 0.023250
0 0.756869 0.520938 0.059950 0.027750
0 0.472939 0.528438 0.073938 0.047250
0 0.625729 0.533125 0.030974 0.060000
0 0.333888 0.548125 0.049958 0.096000
0 0.598668 0.510938 0.011990 0.008250
0 0.530391 0.511563 0.007993 0.009750
0 0.378018 0.545937 0.061948 0.092250
0 0.256037 0.516875 0.024979 0.022500
0 0.499584 0.516250 0.017985 0.024000
0 0.516653 0.506250 0.010991 0.009000
0 0.714405 0.505625 0.017985 0.010500
0 0.271024 0.503750 0.020983 0.006000
0 0.347627 0.502188 0.020983 0.009750
0 0.330142 0.505313 0.012989 0.017250
0 0.694838 0.504062 0.018984 0.021750
0 0.487927 0.505625 0.025978 0.027000
0 0.730225 0.501875 0.025978 0.019500
0 0.514155 0.495000 0.008993 0.010500
0 0.383430 0.494063 0.024979 0.014250
0 0.428809 0.505938 0.047960 0.044250
0 0.577019 0.513437 0.037968 0.063750
0 0.559950 0.497812 0.012989 0.026250
0 0.367194 0.499688 0.015987 0.033750
0 0.755204 0.497812 0.019983 0.030750
0 0.648210 0.489063 0.016986 0.009750
0 0.721482 0.489687 0.022981 0.012750
0 0.260200 0.495312 0.026978 0.026250
0 0.437136 0.486875 0.017985 0.009000
0 0.535387 0.494063 0.017985 0.029250
0 0.293505 0.497812 0.036969 0.041250
0 0.630308 0.489375 0.017985 0.022500
0 0.665279 0.492500 0.031973 0.037500
0 0.517902 0.485625 0.025978 0.024000
0 0.301415 0.485312 0.027977 0.023250
0 0.654038 0.477812 0.012989 0.006750
0 0.202748 0.482187 0.034971 0.017250
0 0.619484 0.494688 0.047960 0.050250
0 0.413405 0.480312 0.024979 0.015750
0 0.251873 0.478125 0.034971 0.021000
0 0.364696 0.475625 0.025978 0.018000
0 0.633639 0.473125 0.015987 0.018000
0 0.573272 0.470938 0.030974 0.012750
0 0.542881 0.472187 0.023980 0.015750
0 0.343047 0.471562 0.019983 0.015750
0 0.720233 0.473750 0.019983 0.024000
0 0.686511 0.482187 0.044963 0.044250
0 0.703580 0.468438 0.017985 0.014250
0 0.287261 0.471250 0.017985 0.021000
0 0.408410 0.507500 0.070941 0.112500
0 0.662781 0.466562 0.013988 0.015750
0 0.609076 0.465000 0.016986 0.015000
0 0.408410 0.464687 0.022981 0.017250
0 0.766861 0.468438 0.023980 0.029250
0 0.741882 0.468438 0.025978 0.029250
0 0.425062 0.459375 0.018984 0.009000
0 0.325562 0.476562 0.055953 0.050250
0 0.286844 0.457188 0.016986 0.008250
0 0.265612 0.459688 0.025978 0.017250
0 0.727311 0.455625 0.012989 0.010500
0 0.441299 0.466250 0.055953 0.036000
0 0.638218 0.457188 0.018984 0.018750
0 0.614488 0.449062 0.011990 0.008250
0 0.684430 0.455625 0.031973 0.025500
0 0.527477 0.455937 0.018984 0.026250
0 0.598251 0.452500 0.012989 0.019500
0 0.397169 0.451250 0.013988 0.016500
0 0.356370 0.455000 0.025978 0.027000
0 0.198585 0.449375 0.038968 0.016500
0 0.315154 0.448125 0.026978 0.015000
0 0.564946 0.453125 0.050958 0.034500
0 0.726478 0.443750 0.022981 0.015000
0 0.287261 0.445312 0.033972 0.018750
0 0.633639 0.442500 0.015987 0.015000
0 0.411740 0.442188 0.022981 0.015750
0 0.779351 0.443437 0.039967 0.020250
0 0.219817 0.442812 0.037968 0.018750
0 0.433805 0.441250 0.027977 0.016500
0 0.687760 0.437812 0.011990 0.012750
0 0.703997 0.438750 0.024979 0.016500
0 0.478768 0.468750 0.093922 0.091500
0 0.606162 0.436563 0.019983 0.015750
0 0.533306 0.436563 0.014988 0.015750
0 0.380516 0.437500 0.019983 0.018000
0 0.740633 0.441875 0.030974 0.030000
0 0.763114 0.435625 0.018984 0.016500
0 0.554538 0.432500 0.011990 0.018000
0 0.358035 0.434063 0.029975 0.021750
0 0.585762 0.434063 0.030974 0.024750
0 0.567444 0.425625 0.016986 0.007500
0 0.664446 0.437500 0.045962 0.037500
0 0.540383 0.425000 0.017985 0.007500
0 0.628226 0.425000 0.010991 0.012000
0 0.471274 0.426875 0.025978 0.018000
0 0.720649 0.424375 0.010991 0.024000
0 0.746461 0.420000 0.036969 0.022500
0 0.341799 0.422500 0.056953 0.028500
0 0.567860 0.415000 0.009992 0.013500
0 0.646545 0.425625 0.038968 0.042000
0 0.437136 0.423750 0.047960 0.037500
0 0.772689 0.417812 0.015987 0.026250
0 0.663197 0.408750 0.018984 0.006000
0 0.757702 0.408125 0.015987 0.006000
0 0.720649 0.407813 0.022981 0.011250
0 0.672356 0.410625 0.026978 0.018000
0 0.539967 0.406562 0.020983 0.011250
0 0.345962 0.404375 0.008993 0.007500
0 0.519983 0.416563 0.020983 0.039750
0 0.489176 0.411562 0.040966 0.030750
0 0.696503 0.413750 0.028976 0.037500
0 0.457119 0.404062 0.013988 0.014250
0 0.734804 0.402500 0.022981 0.012000
0 0.398418 0.417812 0.070941 0.051750
0 0.687760 0.401875 0.007993 0.015000
0 0.748543 0.400000 0.011990 0.012000
0 0.603247 0.404687 0.020983 0.023250
0 0.412157 0.403438 0.025978 0.021750
0 0.649459 0.402187 0.021982 0.021750
0 0.288926 0.405938 0.061948 0.030750
0 0.618651 0.410000 0.041965 0.045000
0 0.584513 0.403125 0.013988 0.030000
0 0.771440 0.397188 0.010991 0.020250
0 0.555787 0.396875 0.014988 0.019500
0 0.328476 0.397500 0.028976 0.025500
0 0.515820 0.392188 0.012989 0.014250
0 0.531640 0.394375 0.020983 0.022500
0 0.442132 0.393437 0.017985 0.021750
0 0.402998 0.390313 0.017985 0.014250
0 0.644047 0.387500 0.020983 0.009000
0 0.572440 0.388437 0.012989 0.012750
0 0.557452 0.383750 0.020983 0.006000
0 0.717735 0.382500 0.015987 0.007500
0 0.539967 0.385625 0.014988 0.016500
0 0.502498 0.389062 0.016986 0.026250
0 0.355537 0.394375 0.045962 0.039000
0 0.748543 0.381563 0.011990 0.009750
0 0.629892 0.381563 0.006994 0.012750
0 0.374271 0.382812 0.028976 0.018750
0 0.789759 0.401875 0.070941 0.069000
0 0.418818 0.381250 0.025978 0.019500
0 0.667777 0.385625 0.019983 0.036000
0 0.684846 0.375625 0.022981 0.013500
0 0.399251 0.374688 0.008993 0.011250
0 0.304330 0.380000 0.028976 0.024000
0 0.730225 0.384375 0.035970 0.039000
0 0.471690 0.382812 0.040966 0.035250
0 0.325146 0.379375 0.018984 0.027000
0 0.595337 0.380312 0.035970 0.035250
0 0.433389 0.372188 0.026978 0.017250
0 0.616570 0.372500 0.020983 0.019500
0 0.638634 0.368750 0.015987 0.015000
0 0.507494 0.368125 0.008993 0.016500
0 0.717735 0.367188 0.011990 0.015750
0 0.699001 0.377188 0.030974 0.044250
0 0.580350 0.363750 0.013988 0.012000
0 0.375937 0.367500 0.064946 0.021000
0 0.616153 0.359687 0.015987 0.005250
0 0.486261 0.362500 0.021982 0.018000
0 0.790591 0.365000 0.024979 0.028500
0 0.723564 0.358750 0.047960 0.018000
0 0.644879 0.356563 0.012989 0.012750
0 0.452540 0.360312 0.018984 0.021750
0 0.532057 0.366563 0.033972 0.039750
0 0.672773 0.359375 0.033972 0.025500
0 0.565779 0.363125 0.024979 0.036000
0 0.595337 0.349687 0.013988 0.009750
0 0.512906 0.348750 0.011990 0.012000
0 0.443381 0.350625 0.014988 0.016500
0 0.417152 0.357500 0.021982 0.033000
0 0.387177 0.351250 0.047960 0.019500
0 0.582431 0.349687 0.010991 0.018750
0 0.724813 0.344687 0.008993 0.012750
0 0.753955 0.346562 0.026978 0.018750
0 0.644879 0.339062 0.010991 0.012750
0 0.405912 0.341250 0.030974 0.018000
0 0.681099 0.343125 0.057952 0.031500
0 0.413405 0.335938 0.060949 0.020250
0 0.541216 0.339062 0.053955 0.029250
0 0.615737 0.341250 0.022981 0.036000
0 0.726894 0.332813 0.035970 0.018750
0 0.593256 0.333125 0.022981 0.021000
0 0.632390 0.334688 0.020983 0.029250
0 0.440883 0.326250 0.008993 0.009000
0 0.566195 0.331250 0.019983 0.024000
0 0.746461 0.327500 0.038968 0.018000
0 0.680266 0.325625 0.035970 0.015000
0 0.465445 0.320625 0.017985 0.004500
0 0.498751 0.334688 0.041965 0.042750
0 0.579101 0.320625 0.008993 0.010500
0 0.424646 0.322188 0.029975 0.017250
0 0.480017 0.312812 0.020983 0.011250
0 0.653622 0.319063 0.019983 0.029250
0 0.532057 0.317500 0.059950 0.034500
0 0.462948 0.306250 0.025978 0.012000
0 0.444213 0.306563 0.016986 0.012750
0 0.594505 0.310937 0.023980 0.026250
0 0.500416 0.309375 0.023980 0.024000
0 0.627810 0.312500 0.043963 0.033000
0 0.523314 0.300625 0.018984 0.006000
0 0.485012 0.300938 0.024979 0.012750
0 0.606578 0.297812 0.016986 0.015750
0 0.502914 0.289062 0.033972 0.012750
0 0.549126 0.296563 0.070941 0.039750
0 0.556203 0.277500 0.017985 0.007500
0 0.576187 0.298125 0.035970 0.058500
0 0.608659 0.273750 0.027977 0.025500
0 0.472107 0.265313 0.039967 0.018750
0 0.625729 0.243438 0.022981 0.026250
0 0.674022 0.239375 0.024979 0.025500
0 0.619067 0.213125 0.036969 0.016500
0 0.806162 0.235500 0.387677 0.471000
0 0.185845 0.086250 0.371690 0.172500
