0 0.760000 0.974500 0.018000 0.051000
0 0.405000 0.970000 0.132000 0.060000
0 0.287500 0.963750 0.066000 0.045000
0 0.082500 0.967000 0.156000 0.066000
0 0.974500 0.902500 0.051000 0.048000
0 0.882500 0.880000 0.048000 0.066000
0 0.707500 0.916000 0.216000 0.168000
0 0.091250 0.888750 0.069000 0.111000
0 0.950500 0.861250 0.099000 0.081000
0 0.222500 0.846250 0.168000 0.081000
0 0.515000 0.877000 0.234000 0.246000
0 0.823750 0.874000 0.339000 0.252000
0 0.607500 0.780000 0.228000 0.150000
0 0.830500 0.738750 0.339000 0.171000
0 0.965500 0.661250 0.069000 0.045000
0 0.686250 0.677500 0.093000 0.102000
0 0.452500 0.636250 0.048000 0.105000
0 0.508750 0.595000 0.123000 0.066000
0 0.582500 0.621250 0.126000 0.273000
0 0.931000 0.575000 0.138000 0.186000
0 0.871250 0.516250 0.117000 0.051000
0 0.199500 0.672500 0.399000 0.432000
0 0.048750 0.462500 0.051000 0.060000
0 0.328750 0.617500 0.447000 0.444000
0 0.869500 0.526250 0.261000 0.267000
0 0.690000 0.452500 0.078000 0.102000
0 0.638750 0.503750 0.159000 0.225000
0 0.666250 0.411250 0.063000 0.105000
0 0.488750 0.420000 0.147000 0.180000
0 0.740000 0.478750 0.342000 0.489000
0 0.445000 0.313750 0.150000 0.129000
0 0.028500 0.292500 0.057000 0.126000
0 0.776250 0.251250 0.063000 0.033000
0 0.234000 0.346250 0.468000 0.273000
0 0.717500 0.200000 0.036000 0.072000
0 0.370000 0.158750 0.072000 0.033000
0 0.965500 0.141250 0.069000 0.057000
0 0.915000 0.097500 0.042000 0.042000
0 0.832000 0.237500 0.336000 0.408000
0 0.859000 0.069000 0.282000 0.138000
0 0.727500 0.033000 0.066000 0.066000
0 0.540000 0.049500 0.120000 0.099000
0 0.428750 0.016500 0.057000 0.033000
0 0.362500 0.019500 0.036000 0.039000
0 0.302500 0.022500 0.036000 0.045000
0 0.424500 0.204000 0.849000 0.408000
0 0.156250 0.042000 0.033000 0.084000
