0 0.948750 0.986500 0.051000 0.027000
0 0.611250 0.986500 0.051000 0.027000
0 0.353750 0.985000 0.081000 0.030000
0 0.842500 0.973000 0.054000 0.054000
0 0.970000 0.970000 0.060000 0.054000
0 0.841250 0.936250 0.045000 0.027000
0 0.902500 0.956500 0.066000 0.087000
0 0.043500 0.952000 0.087000 0.096000
0 0.880000 0.931250 0.048000 0.033000
0 0.625000 0.951250 0.066000 0.087000
0 0.931250 0.911250 0.051000 0.027000
0 0.959500 0.925000 0.081000 0.072000
0 0.646250 0.902500 0.039000 0.024000
0 0.901250 0.898750 0.045000 0.057000
0 0.947500 0.892500 0.042000 0.060000
0 0.865000 0.888750 0.036000 0.051000
0 0.756250 0.919000 0.237000 0.162000
0 0.676250 0.866250 0.033000 0.027000
0 0.362500 0.872500 0.048000 0.048000
0 0.121250 0.890000 0.051000 0.090000
0 0.647500 0.861250 0.054000 0.063000
0 0.841250 0.856250 0.057000 0.063000
0 0.572500 0.853750 0.078000 0.075000
0 0.982000 0.832500 0.036000 0.042000
0 0.686250 0.830000 0.051000 0.060000
0 0.261250 0.826250 0.093000 0.081000
0 0.761250 0.836250 0.129000 0.117000
0 0.211250 0.866500 0.297000 0.267000
0 0.748750 0.785000 0.045000 0.024000
0 0.332500 0.782500 0.042000 0.036000
0 0.811250 0.772500 0.081000 0.048000
0 0.985000 0.778750 0.030000 0.069000
0 0.558750 0.755000 0.081000 0.042000
0 0.495000 0.755000 0.054000 0.054000
0 0.910000 0.806250 0.168000 0.207000
0 0.810000 0.737500 0.042000 0.048000
0 0.977500 0.718750 0.045000 0.033000
0 0.675000 0.768750 0.186000 0.153000
0 0.763750 0.723750 0.081000 0.093000
0 0.491250 0.683750 0.051000 0.033000
0 0.735000 0.692500 0.054000 0.060000
0 0.901250 0.691250 0.087000 0.069000
0 0.820000 0.688750 0.060000 0.069000
0 0.763750 0.675000 0.045000 0.036000
0 0.911250 0.656250 0.057000 0.027000
0 0.021000 0.671250 0.042000 0.069000
0 0.370500 0.776500 0.741000 0.447000
0 0.671250 0.633750 0.063000 0.027000
0 0.947500 0.652500 0.105000 0.114000
0 0.732500 0.630000 0.048000 0.084000
0 0.186250 0.670000 0.123000 0.186000
0 0.080000 0.630000 0.060000 0.108000
0 0.085500 0.656250 0.171000 0.171000
0 0.293750 0.595000 0.033000 0.048000
0 0.235000 0.581250 0.042000 0.021000
0 0.126250 0.620000 0.087000 0.114000
0 0.165000 0.591250 0.078000 0.087000
0 0.061250 0.563750 0.039000 0.033000
0 0.521250 0.578750 0.057000 0.075000
0 0.552500 0.558750 0.066000 0.033000
0 0.983500 0.561250 0.033000 0.051000
0 0.485000 0.550000 0.036000 0.036000
0 0.388750 0.543750 0.051000 0.033000
0 0.103750 0.551250 0.057000 0.051000
0 0.827500 0.602500 0.174000 0.180000
0 0.390000 0.645000 0.246000 0.300000
0 0.262500 0.536250 0.120000 0.075000
0 0.846250 0.547500 0.099000 0.126000
0 0.600000 0.618750 0.246000 0.309000
0 0.561250 0.520000 0.063000 0.078000
0 0.503750 0.516250 0.069000 0.069000
0 0.157500 0.520000 0.126000 0.114000
0 0.051250 0.497500 0.051000 0.060000
0 0.616250 0.480000 0.081000 0.048000
0 0.024000 0.502500 0.048000 0.114000
0 0.067500 0.471250 0.042000 0.081000
0 0.457500 0.546250 0.150000 0.291000
0 0.250000 0.458750 0.060000 0.093000
0 0.731250 0.500000 0.153000 0.234000
0 0.648750 0.441250 0.057000 0.099000
0 0.862500 0.416250 0.042000 0.045000
0 0.082500 0.462500 0.165000 0.156000
0 0.576250 0.420000 0.105000 0.084000
0 0.886000 0.503750 0.228000 0.291000
0 0.431250 0.471250 0.099000 0.225000
0 0.597500 0.383750 0.054000 0.021000
0 0.906250 0.378750 0.039000 0.027000
0 0.633750 0.386250 0.069000 0.051000
0 0.471250 0.382500 0.033000 0.048000
0 0.745000 0.406250 0.078000 0.111000
0 0.415000 0.368750 0.054000 0.033000
0 0.285000 0.370000 0.036000 0.036000
0 0.128750 0.386250 0.051000 0.087000
0 0.530000 0.417500 0.108000 0.168000
0 0.098750 0.376250 0.069000 0.075000
0 0.698750 0.360000 0.027000 0.054000
0 0.613750 0.340000 0.045000 0.030000
0 0.198750 0.423750 0.153000 0.237000
0 0.535000 0.347500 0.072000 0.072000
0 0.896250 0.327500 0.051000 0.030000
0 0.049500 0.360000 0.099000 0.114000
0 0.666250 0.356250 0.087000 0.117000
0 0.485000 0.328750 0.048000 0.063000
0 0.701250 0.315000 0.045000 0.048000
0 0.940000 0.392500 0.120000 0.240000
0 0.823750 0.300000 0.027000 0.036000
0 0.420000 0.326250 0.120000 0.105000
0 0.596250 0.295000 0.027000 0.048000
0 0.442500 0.292500 0.060000 0.042000
0 0.562500 0.288750 0.030000 0.045000
0 0.836250 0.271250 0.033000 0.027000
0 0.803750 0.337500 0.183000 0.210000
0 0.478750 0.262500 0.057000 0.036000
0 0.553750 0.253750 0.039000 0.033000
0 0.865000 0.265000 0.042000 0.072000
0 0.420000 0.257500 0.060000 0.054000
0 0.631250 0.268750 0.093000 0.087000
0 0.012000 0.248750 0.024000 0.045000
0 0.961000 0.260000 0.078000 0.084000
0 0.767500 0.233750 0.042000 0.027000
0 0.810000 0.238750 0.072000 0.051000
0 0.511250 0.261250 0.063000 0.129000
0 0.822500 0.196250 0.036000 0.033000
0 0.662500 0.217500 0.066000 0.096000
0 0.323750 0.343750 0.195000 0.435000
0 0.593750 0.215000 0.111000 0.132000
0 0.485000 0.181250 0.108000 0.081000
0 0.024000 0.181250 0.048000 0.081000
0 0.365000 0.172500 0.144000 0.132000
0 0.175000 0.122500 0.096000 0.054000
0 0.158750 0.225000 0.261000 0.306000
0 0.637500 0.112500 0.030000 0.048000
0 0.899500 0.201250 0.201000 0.273000
0 0.632500 0.071250 0.048000 0.045000
0 0.476250 0.077500 0.051000 0.066000
0 0.056250 0.156250 0.099000 0.255000
0 0.418750 0.045000 0.051000 0.024000
0 0.899500 0.080000 0.201000 0.144000
0 0.944500 0.034500 0.111000 0.069000
0 0.747500 0.181500 0.216000 0.363000
0 0.726250 0.075000 0.123000 0.150000
0 0.666250 0.049500 0.063000 0.099000
0 0.621250 0.027000 0.045000 0.054000
0 0.531250 0.105000 0.225000 0.210000
0 0.406250 0.019500 0.045000 0.039000
0 0.255000 0.039000 0.114000 0.078000
0 0.325000 0.118500 0.510000 0.237000
0 0.093750 0.037500 0.123000 0.075000
0 0.034500 0.045000 0.069000 0.090000
