0 0.745625 0.879531 0.508750 0.240937
0 0.273958 0.729297 0.030000 0.025312
0 0.509896 0.726953 0.021250 0.023438
0 0.502604 0.709375 0.048750 0.020625
0 0.442188 0.707812 0.021250 0.031875
0 0.384896 0.697266 0.033750 0.030937
0 0.493750 0.690234 0.040000 0.017813
0 0.585417 0.685937 0.057500 0.026250
0 0.592708 0.676953 0.017500 0.006563
0 0.464062 0.684375 0.023750 0.024375
0 0.513021 0.668359 0.021250 0.010312
0 0.521354 0.684375 0.106250 0.048750
0 0.630208 0.668359 0.025000 0.014063
0 0.426563 0.676172 0.053750 0.038437
0 0.610417 0.666016 0.015000 0.017813
0 0.589063 0.664844 0.026250 0.016875
0 0.665625 0.663281 0.042500 0.030000
0 0.419271 0.653516 0.021250 0.019688
0 0.465625 0.658203 0.087500 0.040313
0 0.632812 0.641406 0.018750 0.005625
0 0.671354 0.646094 0.066250 0.030000
0 0.385937 0.637109 0.061250 0.038437
0 0.296354 0.633203 0.033750 0.029062
0 0.415104 0.628516 0.031250 0.025312
0 0.785417 0.629687 0.032500 0.030000
0 0.388542 0.621484 0.027500 0.015938
0 0.537500 0.615625 0.017500 0.024375
0 0.552604 0.637500 0.058750 0.078750
0 0.436979 0.592187 0.036250 0.020625
0 0.166146 0.593750 0.028750 0.035625
0 0.344271 0.598828 0.048750 0.049687
0 0.399479 0.581250 0.016250 0.009375
0 0.804167 0.593359 0.062500 0.047812
0 0.734375 0.583984 0.037500 0.027187
0 0.683333 0.564453 0.037500 0.019688
0 0.379167 0.563281 0.045000 0.026250
0 0.509896 0.588281 0.053750 0.091875
0 0.319375 0.729531 0.638750 0.540937
0 0.708854 0.584766 0.106250 0.089063
0 0.467187 0.564063 0.061250 0.041250
0 0.224479 0.555078 0.026250 0.034687
0 0.397396 0.592187 0.221250 0.135000
0 0.242188 0.542188 0.013750 0.015000
0 0.289583 0.544531 0.027500 0.024375
0 0.483854 0.612891 0.178750 0.190312
0 0.398438 0.555078 0.068750 0.051562
0 0.239583 0.546875 0.035000 0.031875
0 0.709375 0.551172 0.060000 0.044062
0 0.597917 0.543750 0.025000 0.026250
0 0.608333 0.531641 0.020000 0.015938
0 0.517708 0.536328 0.055000 0.049687
0 0.495833 0.534766 0.077500 0.055313
0 0.357812 0.530469 0.028750 0.046875
0 0.383333 0.512891 0.025000 0.010312
0 0.599479 0.514453 0.041250 0.019688
0 0.749479 0.518359 0.053750 0.053437
0 0.426042 0.523828 0.147500 0.066562
0 0.308854 0.516406 0.076250 0.048750
0 0.356250 0.501953 0.040000 0.019688
0 0.490104 0.504297 0.018750 0.030937
0 0.314063 0.504297 0.046250 0.040313
0 0.535417 0.500000 0.022500 0.033750
0 0.672917 0.512500 0.082500 0.065625
0 0.186979 0.496484 0.023750 0.032813
0 0.357812 0.487891 0.028750 0.017813
0 0.456771 0.493359 0.031250 0.040313
0 0.284375 0.483984 0.027500 0.025312
0 0.329688 0.480859 0.076250 0.019688
0 0.626042 0.488672 0.047500 0.044062
0 0.472396 0.478125 0.016250 0.020625
0 0.400521 0.474219 0.043750 0.015000
0 0.425521 0.487500 0.046250 0.052500
0 0.739062 0.481641 0.043750 0.040313
0 0.144271 0.478516 0.031250 0.034687
0 0.383854 0.479297 0.048750 0.042188
0 0.510417 0.474219 0.042500 0.031875
0 0.590104 0.464844 0.018750 0.015000
0 0.278125 0.462891 0.052500 0.021562
0 0.544792 0.452734 0.012500 0.012188
0 0.319271 0.457031 0.098750 0.035625
0 0.483854 0.447656 0.031250 0.026250
0 0.264062 0.443750 0.023750 0.024375
0 0.457813 0.433984 0.023750 0.029062
0 0.260417 0.439453 0.055000 0.042188
0 0.356771 0.442578 0.173750 0.055313
0 0.490104 0.428516 0.043750 0.038437
0 0.275521 0.411719 0.036250 0.022500
0 0.638021 0.409375 0.018750 0.018750
0 0.421875 0.437109 0.140000 0.085312
0 0.233333 0.396875 0.055000 0.060000
0 0.675000 0.377734 0.025000 0.015938
0 0.307292 0.397656 0.157500 0.080625
0 0.343750 0.373437 0.022500 0.026250
0 0.300000 0.368750 0.062500 0.033750
0 0.666146 0.357812 0.016250 0.015000
0 0.299479 0.348047 0.028750 0.025312
0 0.269792 0.347266 0.035000 0.030937
0 0.290104 0.330469 0.083750 0.054375
0 0.666146 0.310547 0.038750 0.023438
0 0.597917 0.303516 0.015000 0.010312
0 0.536979 0.291016 0.038750 0.021562
0 0.355729 0.291406 0.028750 0.022500
0 0.439583 0.287891 0.010000 0.017813
0 0.266146 0.292969 0.021250 0.033750
0 0.302083 0.299609 0.065000 0.064687
0 0.513542 0.280078 0.037500 0.027187
0 0.521875 0.465625 0.485000 0.474375
0 0.464062 0.278125 0.036250 0.028125
0 0.325521 0.268750 0.016250 0.009375
0 0.401042 0.268359 0.032500 0.014063
0 0.273958 0.271875 0.025000 0.031875
0 0.345833 0.270703 0.025000 0.032813
0 0.486458 0.267578 0.022500 0.027187
0 0.387500 0.255469 0.035000 0.016875
0 0.531771 0.255859 0.033750 0.023438
0 0.395833 0.275781 0.125000 0.073125
0 0.319792 0.262500 0.055000 0.054375
0 0.377604 0.236328 0.038750 0.021562
0 0.538021 0.225781 0.021250 0.024375
0 0.492188 0.205469 0.021250 0.015000
0 0.560937 0.203906 0.033750 0.018750
0 0.495833 0.194922 0.020000 0.014063
0 0.739375 0.242344 0.521250 0.484687
0 0.010625 0.007031 0.021250 0.014063
