0 0.517969 0.748437 0.016875 0.023750
0 0.432812 0.747396 0.015000 0.026250
0 0.643750 0.746875 0.022500 0.027500
0 0.557422 0.729167 0.008437 0.015000
0 0.545703 0.730729 0.017813 0.023750
0 0.400391 0.734375 0.015938 0.035000
0 0.480859 0.728125 0.019688 0.025000
0 0.500781 0.728125 0.022500 0.030000
0 0.644531 0.722396 0.028125 0.021250
0 0.621875 0.721875 0.015000 0.022500
0 0.590625 0.732292 0.056250 0.047500
0 0.462109 0.703125 0.014063 0.017500
0 0.405078 0.706250 0.021562 0.025000
0 0.526172 0.710417 0.062812 0.037500
0 0.678125 0.701042 0.018750 0.020000
0 0.446484 0.705729 0.017813 0.038750
0 0.468750 0.688021 0.022500 0.021250
0 0.619922 0.679688 0.025312 0.013750
0 0.484375 0.681771 0.016875 0.023750
0 0.433594 0.681771 0.015000 0.023750
0 0.600391 0.689583 0.060937 0.067500
0 0.797266 0.668750 0.025312 0.022500
0 0.583203 0.669271 0.025312 0.023750
0 0.712500 0.674479 0.020625 0.038750
0 0.441016 0.662500 0.010312 0.015000
0 0.656250 0.672396 0.058125 0.043750
0 0.646875 0.659375 0.045000 0.020000
0 0.483594 0.650521 0.013125 0.016250
0 0.501563 0.658333 0.043125 0.037500
0 0.432422 0.647396 0.021562 0.018750
0 0.619922 0.646875 0.014063 0.045000
0 0.604297 0.643750 0.025312 0.040000
0 0.442188 0.629687 0.016875 0.018750
0 0.474219 0.621875 0.020625 0.017500
0 0.395313 0.634896 0.022500 0.051250
0 0.555078 0.617708 0.017813 0.020000
0 0.529687 0.666667 0.157500 0.140000
0 0.469531 0.643229 0.069375 0.088750
0 0.537500 0.613021 0.024375 0.018750
0 0.612109 0.610417 0.040313 0.025000
0 0.397656 0.609896 0.018750 0.023750
0 0.637500 0.622917 0.028125 0.057500
0 0.678125 0.619271 0.046875 0.061250
0 0.483203 0.603646 0.017813 0.023750
0 0.512891 0.616146 0.030937 0.058750
0 0.426953 0.603125 0.029062 0.027500
0 0.665234 0.608854 0.036562 0.046250
0 0.601172 0.593229 0.021562 0.016250
0 0.580859 0.592187 0.012188 0.013750
0 0.464062 0.600521 0.022500 0.033750
0 0.391797 0.591146 0.053437 0.046250
0 0.439063 0.579167 0.035625 0.027500
0 0.738281 0.577083 0.028125 0.030000
0 0.647656 0.582812 0.075000 0.043750
0 0.608203 0.560937 0.044062 0.028750
0 0.524609 0.552083 0.023438 0.015000
0 0.671875 0.551562 0.018750 0.031250
0 0.551953 0.546875 0.015938 0.025000
0 0.691016 0.557813 0.027187 0.053750
0 0.660547 0.539583 0.014063 0.010000
0 0.504297 0.545312 0.014063 0.028750
0 0.566016 0.544271 0.015938 0.028750
0 0.582422 0.541667 0.017813 0.030000
0 0.406250 0.542708 0.028125 0.032500
0 0.680469 0.537500 0.013125 0.022500
0 0.643750 0.538021 0.022500 0.033750
0 0.490234 0.530729 0.010312 0.021250
0 0.507422 0.519792 0.014063 0.010000
0 0.393359 0.531771 0.023438 0.048750
0 0.417578 0.515625 0.023438 0.017500
0 0.594531 0.522396 0.013125 0.036250
0 0.437500 0.518750 0.018750 0.027500
0 0.583594 0.515625 0.015000 0.025000
0 0.383594 0.510938 0.026250 0.016250
0 0.625391 0.522917 0.075938 0.052500
0 0.555078 0.513021 0.034687 0.038750
0 0.441406 0.534896 0.118125 0.091250
0 0.687891 0.502604 0.012188 0.031250
0 0.523438 0.522917 0.046875 0.085000
0 0.675781 0.500521 0.037500 0.046250
0 0.600391 0.488542 0.019688 0.020000
0 0.708984 0.485938 0.010312 0.016250
0 0.433984 0.493750 0.045937 0.037500
0 0.467969 0.501042 0.045000 0.057500
0 0.427734 0.481771 0.017813 0.018750
0 0.803906 0.486979 0.016875 0.036250
0 0.626172 0.495833 0.059062 0.062500
0 0.559766 0.483333 0.027187 0.032500
0 0.578125 0.483854 0.018750 0.041250
0 0.526953 0.477604 0.019688 0.028750
0 0.687891 0.471875 0.044062 0.025000
0 0.750781 0.470833 0.018750 0.037500
0 0.389062 0.475521 0.048750 0.051250
0 0.671484 0.465625 0.038437 0.032500
0 0.435156 0.464583 0.028125 0.030000
0 0.371484 0.461458 0.010312 0.022500
0 0.460156 0.470833 0.018750 0.047500
0 0.734766 0.467708 0.015938 0.042500
0 0.480078 0.461979 0.023438 0.031250
0 0.554297 0.458333 0.008437 0.027500
0 0.567969 0.454167 0.007500 0.025000
0 0.380859 0.446875 0.017813 0.015000
0 0.626953 0.444271 0.019688 0.028750
0 0.415625 0.444271 0.011250 0.028750
0 0.393359 0.440104 0.023438 0.021250
0 0.594141 0.444271 0.053437 0.046250
0 0.577734 0.429688 0.014063 0.011250
0 0.406250 0.430729 0.011250 0.021250
0 0.658984 0.447396 0.079687 0.063750
0 0.525781 0.453125 0.091875 0.087500
0 0.420312 0.421875 0.009375 0.015000
0 0.515625 0.418750 0.018750 0.012500
0 0.442188 0.419792 0.016875 0.017500
0 0.429688 0.427604 0.018750 0.041250
0 0.648828 0.420312 0.025312 0.031250
0 0.544531 0.415104 0.030000 0.018750
0 0.466406 0.421875 0.041250 0.035000
0 0.619141 0.418750 0.053437 0.032500
0 0.679688 0.410417 0.011250 0.020000
0 0.751953 0.402604 0.008437 0.013750
0 0.427344 0.401562 0.016875 0.013750
0 0.491406 0.405208 0.016875 0.042500
0 0.539844 0.395313 0.024375 0.026250
0 0.675000 0.388542 0.022500 0.022500
0 0.744922 0.390625 0.021562 0.030000
0 0.468359 0.397396 0.021562 0.048750
0 0.531641 0.385417 0.029062 0.030000
0 0.507422 0.379167 0.015938 0.015000
0 0.445703 0.386458 0.030937 0.047500
0 0.342578 0.381250 0.021562 0.035000
0 0.647656 0.385937 0.033750 0.053750
0 0.375391 0.366146 0.014063 0.021250
0 0.630859 0.378646 0.017813 0.053750
0 0.551953 0.361458 0.014063 0.025000
0 0.684375 0.363542 0.016875 0.035000
0 0.450391 0.356771 0.029062 0.018750
0 0.504297 0.363542 0.062812 0.045000
0 0.658203 0.359375 0.027187 0.040000
0 0.585156 0.378125 0.086250 0.085000
0 0.766016 0.356250 0.023438 0.040000
0 0.468750 0.359896 0.030000 0.048750
0 0.627734 0.341667 0.019688 0.017500
0 0.461328 0.336979 0.017813 0.026250
0 0.403906 0.381771 0.099375 0.143750
0 0.517188 0.315625 0.024375 0.022500
0 0.673047 0.323958 0.042188 0.045000
0 0.572656 0.326562 0.031875 0.051250
0 0.396094 0.306771 0.033750 0.018750
0 0.618750 0.314583 0.024375 0.040000
0 0.643750 0.326042 0.031875 0.070000
0 0.473438 0.315625 0.061875 0.047500
0 0.539453 0.305208 0.021562 0.027500
0 0.541797 0.314063 0.092812 0.063750
0 0.514453 0.287500 0.021562 0.012500
0 0.641406 0.283333 0.022500 0.015000
0 0.660156 0.294792 0.024375 0.050000
0 0.431250 0.293229 0.046875 0.061250
0 0.581250 0.314063 0.093750 0.136250
0 0.400781 0.267188 0.028125 0.023750
0 0.615625 0.264062 0.026250 0.041250
0 0.520703 0.254688 0.034687 0.026250
0 0.550391 0.248438 0.027187 0.026250
0 0.515234 0.233333 0.017813 0.017500
0 0.378906 0.234896 0.022500 0.028750
0 0.466406 0.259896 0.090000 0.096250
0 0.545312 0.225521 0.024375 0.021250
0 0.351562 0.219271 0.022500 0.026250
0 0.503125 0.227604 0.033750 0.048750
0 0.527344 0.216667 0.016875 0.037500
0 0.539062 0.203125 0.007500 0.022500
0 0.588281 0.223958 0.060000 0.087500
0 0.595703 0.200000 0.017813 0.040000
0 0.553906 0.194271 0.022500 0.031250
0 0.501172 0.198958 0.047812 0.045000
0 0.394141 0.185938 0.023438 0.016250
0 0.550391 0.175521 0.010312 0.016250
0 0.491016 0.180729 0.027187 0.031250
0 0.577734 0.175000 0.021562 0.025000
0 0.537500 0.167187 0.018750 0.021250
