0 0.682813 0.983514 0.008250 0.032973
0 0.623750 0.979517 0.025500 0.040966
0 0.608750 0.978018 0.027000 0.043963
0 0.699688 0.977019 0.029250 0.045962
0 0.422500 0.957952 0.031500 0.054954
0 0.641563 0.955454 0.033750 0.050958
0 0.626250 0.934638 0.009000 0.016986
0 0.710313 0.938385 0.023250 0.027977
0 0.607500 0.943797 0.043500 0.040966
0 0.688438 0.930475 0.026250 0.022981
0 0.617188 0.922565 0.012750 0.027977
0 0.701562 0.896753 0.015750 0.015987
0 0.716562 0.898002 0.014250 0.038968
0 0.687500 0.887177 0.016500 0.016986
0 0.675625 0.893006 0.009000 0.032973
0 0.558438 0.894671 0.035250 0.050958
0 0.755313 0.879684 0.006750 0.018984
0 0.603437 0.873855 0.011250 0.006994
0 0.746563 0.922981 0.062250 0.128893
0 0.442812 0.887594 0.044250 0.047960
0 0.692813 0.867610 0.006750 0.019983
0 0.641250 0.905079 0.082500 0.115903
0 0.709688 0.858451 0.009750 0.009992
0 0.500000 0.868859 0.031500 0.054954
0 0.526875 0.866361 0.039000 0.064946
0 0.686562 0.845129 0.029250 0.025978
0 0.651563 0.848876 0.012750 0.036969
0 0.465000 0.838468 0.027000 0.035970
0 0.574063 0.873022 0.071250 0.124896
0 0.621875 0.820150 0.015000 0.015987
0 0.587187 0.837635 0.036750 0.057952
0 0.484375 0.836386 0.022500 0.054954
0 0.502188 0.819734 0.015750 0.018984
0 0.726875 0.846794 0.069000 0.089925
0 0.662813 0.814738 0.008250 0.012989
0 0.768750 0.836803 0.030000 0.069942
0 0.624687 0.835970 0.045750 0.075937
0 0.750000 0.813072 0.012000 0.024979
0 0.682813 0.817652 0.032250 0.037968
0 0.540312 0.819734 0.014250 0.048959
0 0.589375 0.817652 0.016500 0.051957
0 0.625313 0.800583 0.008250 0.022981
0 0.506250 0.797252 0.009000 0.020983
0 0.525000 0.813489 0.027000 0.061948
0 0.546562 0.796836 0.011250 0.037968
0 0.636563 0.785595 0.015750 0.016986
0 0.438125 0.804746 0.109500 0.074938
0 0.742812 0.796003 0.030750 0.059950
0 0.653438 0.803081 0.036750 0.076936
0 0.598125 0.770192 0.006000 0.021982
0 0.607812 0.767694 0.008250 0.023980
0 0.691562 0.762698 0.009750 0.013988
0 0.606563 0.776436 0.056250 0.064946
0 0.782188 0.776020 0.035250 0.065945
0 0.721250 0.772689 0.025500 0.065945
0 0.527500 0.768943 0.043500 0.064946
0 0.405625 0.768526 0.064500 0.071940
0 0.675000 0.764363 0.027000 0.065945
0 0.738750 0.745629 0.018000 0.026978
0 0.592187 0.746045 0.027750 0.027977
0 0.750938 0.740633 0.006750 0.020983
0 0.510625 0.738968 0.016500 0.028976
0 0.547813 0.731057 0.047250 0.033972
0 0.475313 0.749376 0.087750 0.085928
0 0.763750 0.741882 0.030000 0.069942
0 0.602187 0.718984 0.005250 0.018984
0 0.694375 0.758951 0.036000 0.118901
0 0.545000 0.704413 0.012000 0.005995
0 0.612812 0.726478 0.020250 0.062948
0 0.578125 0.700666 0.012000 0.020983
0 0.366250 0.716070 0.027000 0.061948
0 0.312812 0.714405 0.039750 0.059950
0 0.467813 0.703997 0.033750 0.040966
0 0.420938 0.718568 0.072750 0.079933
0 0.806250 0.709409 0.039000 0.061948
0 0.750938 0.682764 0.012750 0.007993
0 0.528125 0.690258 0.024000 0.043963
0 0.475313 0.678601 0.012750 0.019983
0 0.836875 0.698585 0.028500 0.069942
0 0.524687 0.681099 0.011250 0.029975
0 0.818125 0.673189 0.022500 0.018984
0 0.694375 0.669026 0.007500 0.016986
0 0.539375 0.664446 0.009000 0.013988
0 0.384375 0.690674 0.022500 0.080933
0 0.492500 0.659867 0.010500 0.010991
0 0.398750 0.657785 0.009000 0.009992
0 0.617500 0.664863 0.009000 0.030974
0 0.440937 0.671940 0.047250 0.047960
0 0.681875 0.688177 0.072000 0.114904
0 0.766875 0.646545 0.013500 0.016986
0 0.641563 0.699833 0.045750 0.156869
0 0.433125 0.637802 0.009000 0.007993
0 0.827812 0.651540 0.021750 0.042964
0 0.777813 0.666528 0.053250 0.078934
0 0.365938 0.659867 0.030750 0.072939
0 0.497500 0.668193 0.033000 0.104913
0 0.687813 0.641132 0.027750 0.043963
0 0.352187 0.635304 0.032250 0.029975
0 0.524375 0.639467 0.043500 0.041965
0 0.560625 0.643630 0.039000 0.053955
0 0.662500 0.627810 0.028500 0.025978
0 0.358750 0.619067 0.012000 0.010991
0 0.741875 0.621149 0.013500 0.023980
0 0.825000 0.618651 0.034500 0.023980
0 0.797500 0.626978 0.040500 0.045962
0 0.738750 0.664446 0.088500 0.137885
0 0.804063 0.614072 0.011250 0.018984
0 0.525937 0.615321 0.030750 0.027977
0 0.367812 0.615321 0.015750 0.031973
0 0.636875 0.605329 0.016500 0.017985
0 0.333125 0.609076 0.019500 0.028976
0 0.761563 0.599500 0.011250 0.007993
0 0.400625 0.599917 0.015000 0.012989
0 0.613125 0.607827 0.036000 0.037968
0 0.402187 0.632806 0.060750 0.101915
0 0.538438 0.591174 0.015750 0.007993
0 0.849375 0.622814 0.054000 0.087927
0 0.333750 0.592007 0.009000 0.015987
0 0.556875 0.597002 0.013500 0.029975
0 0.676562 0.590341 0.029250 0.023980
0 0.478750 0.583680 0.012000 0.021982
0 0.516875 0.578684 0.012000 0.013988
0 0.463438 0.621565 0.060750 0.116903
0 0.499688 0.594921 0.029250 0.060949
0 0.707187 0.584097 0.011250 0.040966
0 0.640312 0.576603 0.017250 0.022981
0 0.566875 0.581599 0.019500 0.038968
0 0.762813 0.571191 0.015750 0.017985
0 0.427812 0.580766 0.023250 0.044963
0 0.390313 0.589092 0.032250 0.064946
0 0.622188 0.577852 0.020250 0.041965
0 0.606563 0.571191 0.017250 0.025978
0 0.524687 0.572023 0.008250 0.027977
0 0.724375 0.594088 0.081000 0.088926
0 0.362812 0.584929 0.041250 0.066944
0 0.576250 0.633639 0.091500 0.185845
0 0.810312 0.563281 0.006750 0.022981
0 0.488750 0.565362 0.027000 0.027977
0 0.691562 0.564530 0.039750 0.029975
0 0.533438 0.562032 0.017250 0.033972
0 0.809375 0.544546 0.004500 0.013988
0 0.338438 0.559950 0.042750 0.052956
0 0.637813 0.550375 0.011250 0.033972
0 0.831562 0.560366 0.045750 0.071940
0 0.395313 0.543297 0.012750 0.036969
0 0.582187 0.537052 0.012750 0.023980
0 0.608437 0.539134 0.048750 0.030974
0 0.379375 0.537469 0.022500 0.038968
0 0.406875 0.524563 0.007500 0.009992
0 0.702500 0.532473 0.051000 0.034971
0 0.488125 0.522481 0.012000 0.010991
0 0.790937 0.561615 0.062250 0.106911
0 0.663125 0.537469 0.040500 0.048959
0 0.558438 0.538718 0.047250 0.055953
0 0.758125 0.520400 0.024000 0.021982
0 0.740625 0.533722 0.036000 0.071940
0 0.621250 0.514571 0.037500 0.031973
0 0.437812 0.526644 0.060750 0.068943
0 0.549063 0.512490 0.024750 0.036969
0 0.777188 0.507494 0.015750 0.030974
0 0.660937 0.502498 0.011250 0.018984
0 0.339687 0.525812 0.065250 0.082931
0 0.578750 0.489592 0.006000 0.013988
0 0.396562 0.493339 0.026250 0.028976
0 0.515625 0.515820 0.051000 0.090924
0 0.338125 0.502498 0.027000 0.058951
0 0.960313 0.475853 0.005250 0.018984
0 0.774687 0.477935 0.021750 0.027977
0 0.790937 0.467943 0.011250 0.009992
0 0.349062 0.485845 0.017250 0.054954
0 0.977187 0.480017 0.042750 0.054954
0 0.366563 0.488759 0.036750 0.075937
0 0.447500 0.473356 0.022500 0.054954
0 0.564375 0.471690 0.036000 0.052956
0 0.423750 0.468776 0.033000 0.047960
0 0.391250 0.456286 0.040500 0.021982
0 0.810625 0.492090 0.054000 0.109908
0 0.771563 0.448793 0.011250 0.005995
0 0.592812 0.488343 0.030750 0.108909
0 0.580625 0.448376 0.007500 0.016986
0 0.923750 0.468360 0.027000 0.068943
0 0.398438 0.440050 0.012750 0.010991
0 0.740938 0.480017 0.056250 0.108909
0 0.329062 0.452540 0.041250 0.046961
0 0.629062 0.436303 0.005250 0.017985
0 0.627188 0.457119 0.056250 0.069942
0 0.367188 0.438385 0.011250 0.024979
0 0.729062 0.442964 0.033750 0.055953
0 0.717812 0.434638 0.027750 0.037968
0 0.515312 0.493339 0.137250 0.184846
0 0.766563 0.425895 0.024750 0.034971
0 0.490312 0.417985 0.014250 0.021982
0 0.617812 0.416736 0.027750 0.032973
0 0.795937 0.414654 0.017250 0.029975
0 0.801875 0.428393 0.058500 0.074938
0 0.679063 0.460450 0.104250 0.151873
0 0.665312 0.400500 0.017250 0.019983
0 0.457188 0.398418 0.012750 0.014988
0 0.535625 0.393838 0.010500 0.013988
0 0.375937 0.395504 0.008250 0.019983
0 0.762500 0.394671 0.010500 0.019983
0 0.590000 0.412573 0.033000 0.062948
0 0.627500 0.389675 0.012000 0.021982
0 0.808125 0.387177 0.009000 0.021982
0 0.736563 0.397169 0.045750 0.045962
0 0.613125 0.382598 0.021000 0.020983
0 0.335938 0.410908 0.047250 0.090924
0 0.351562 0.388843 0.044250 0.051957
0 0.398750 0.400500 0.058500 0.091923
0 0.453437 0.403830 0.068250 0.105912
0 0.645312 0.388010 0.024750 0.069942
0 0.442188 0.363447 0.014250 0.024979
0 0.714688 0.362614 0.042750 0.028976
0 0.477187 0.353455 0.008250 0.016986
0 0.788125 0.383014 0.067500 0.107910
0 0.715000 0.344296 0.034500 0.026978
0 0.488750 0.336803 0.012000 0.008993
0 0.886250 0.350125 0.030000 0.042964
0 0.369063 0.348043 0.029250 0.037968
0 0.447813 0.350125 0.023250 0.044963
0 0.741563 0.356786 0.029250 0.070941
0 0.337187 0.345129 0.042750 0.042964
0 0.788438 0.332223 0.009750 0.015987
0 0.802500 0.331807 0.009000 0.018984
0 0.477812 0.332223 0.012750 0.025978
0 0.416875 0.355953 0.078000 0.090924
0 0.595313 0.341382 0.059250 0.067943
0 0.671250 0.351790 0.066000 0.094921
0 0.356563 0.320983 0.015750 0.022981
0 0.882812 0.317652 0.027750 0.022981
0 0.823125 0.330142 0.039000 0.052956
0 0.820000 0.311407 0.016500 0.009992
0 0.635625 0.332223 0.030000 0.059950
0 0.632188 0.305995 0.011250 0.016986
0 0.659375 0.303497 0.007500 0.018984
0 0.447500 0.311407 0.025500 0.041965
0 0.416563 0.317652 0.041250 0.056953
0 0.903438 0.323480 0.027750 0.072939
0 0.643437 0.298501 0.014250 0.032973
0 0.529062 0.299334 0.038250 0.034971
0 0.801562 0.303497 0.015750 0.046961
0 0.726250 0.282681 0.012000 0.006994
0 0.547188 0.363863 0.054750 0.201832
0 0.308437 0.312656 0.086250 0.088926
0 0.662813 0.282681 0.018750 0.022981
0 0.590625 0.279767 0.004500 0.015987
0 0.744375 0.272689 0.013500 0.010991
0 0.623750 0.287261 0.021000 0.049958
0 0.650937 0.276020 0.008250 0.024979
0 0.702500 0.291007 0.079500 0.064946
0 0.715938 0.271024 0.006750 0.018984
0 0.691562 0.268526 0.009750 0.012989
0 0.733750 0.266445 0.004500 0.017985
0 0.396875 0.285595 0.028500 0.065945
0 0.764062 0.292256 0.062250 0.087927
0 0.602500 0.282265 0.028500 0.077935
0 0.756563 0.259784 0.009750 0.031973
0 0.363750 0.286012 0.058500 0.100916
0 0.663438 0.251873 0.006750 0.020983
0 0.311250 0.266028 0.031500 0.054954
0 0.544375 0.276853 0.112500 0.094921
0 0.776250 0.245629 0.018000 0.023980
0 0.615625 0.244380 0.024000 0.030974
0 0.721250 0.235221 0.012000 0.012989
0 0.705625 0.246045 0.018000 0.038968
0 0.596875 0.238551 0.018000 0.022981
0 0.979375 0.257702 0.028500 0.072939
0 0.645312 0.246045 0.041250 0.050958
0 0.742188 0.240633 0.021750 0.041965
0 0.577812 0.246461 0.032250 0.059950
0 0.419063 0.250624 0.032250 0.069942
0 0.759687 0.231474 0.012750 0.029975
0 0.690312 0.219817 0.018750 0.015987
0 0.474687 0.220649 0.005250 0.019983
0 0.446875 0.227311 0.030000 0.045962
0 0.705313 0.217319 0.008250 0.023980
0 0.769687 0.211907 0.014250 0.014988
0 0.623125 0.206911 0.012000 0.016986
0 0.605000 0.203997 0.009000 0.011990
0 0.517813 0.201499 0.020250 0.009992
0 0.484375 0.218984 0.016500 0.055953
0 0.373437 0.206078 0.030750 0.038968
0 0.752500 0.203164 0.025500 0.037968
0 0.299063 0.215654 0.033750 0.067943
0 0.424375 0.197752 0.030000 0.034971
0 0.641563 0.206495 0.035250 0.057952
0 0.446250 0.192340 0.022500 0.027977
0 0.617188 0.188593 0.008250 0.028976
0 0.389688 0.186095 0.026250 0.022981
0 0.679063 0.183181 0.038250 0.031973
0 0.660625 0.179850 0.009000 0.023980
0 0.515625 0.289759 0.156000 0.287760
0 0.475625 0.189842 0.046500 0.069942
0 0.362187 0.168609 0.017250 0.018984
0 0.593125 0.191507 0.028500 0.077935
0 0.633437 0.177352 0.029250 0.045962
0 0.372188 0.166112 0.008250 0.022981
0 0.673438 0.160283 0.015750 0.010991
0 0.499375 0.151540 0.010500 0.015987
0 0.774375 0.191507 0.069000 0.113905
0 0.460938 0.157369 0.023250 0.031973
0 0.564063 0.159867 0.017250 0.041965
0 0.348125 0.167777 0.028500 0.070941
0 0.359687 0.148210 0.020250 0.025978
0 0.683125 0.145296 0.015000 0.032973
0 0.715938 0.167361 0.065250 0.089925
0 0.735313 0.134055 0.044250 0.043963
0 0.848125 0.132390 0.039000 0.049958
0 0.590625 0.121565 0.036000 0.027977
0 0.394688 0.132390 0.059250 0.053955
0 0.533750 0.151540 0.096000 0.117902
0 0.713125 0.115737 0.025500 0.033972
0 0.500313 0.106578 0.009750 0.011990
0 0.347813 0.118235 0.041250 0.043963
0 0.385000 0.099917 0.013500 0.015987
0 0.438125 0.089092 0.010500 0.011990
0 0.690625 0.105329 0.027000 0.056953
0 0.668438 0.097835 0.020250 0.038968
0 0.574375 0.082015 0.013500 0.020983
0 0.526875 0.106578 0.052500 0.089925
0 0.679375 0.074521 0.007500 0.014988
0 0.514687 0.072440 0.006750 0.017985
0 0.611250 0.089925 0.067500 0.061948
0 0.285313 0.085762 0.042750 0.051957
0 0.635938 0.113239 0.074250 0.127893
0 0.418750 0.084929 0.049500 0.059950
0 0.748125 0.094921 0.067500 0.093922
0 0.579375 0.056203 0.036000 0.018984
0 0.655000 0.051207 0.009000 0.012989
0 0.716250 0.063697 0.028500 0.044963
0 0.350938 0.069942 0.030750 0.071940
0 0.376875 0.059534 0.019500 0.050958
0 0.430625 0.052040 0.034500 0.040966
0 0.628750 0.050375 0.028500 0.046961
0 0.585000 0.037052 0.013500 0.022981
0 0.650625 0.034971 0.009000 0.025978
0 0.607812 0.036636 0.032250 0.045962
0 0.415625 0.025396 0.012000 0.018984
0 0.274375 0.039967 0.040500 0.053955
0 0.557187 0.023730 0.011250 0.016986
0 0.688438 0.048709 0.050250 0.082931
0 0.473750 0.029142 0.030000 0.037968
0 0.480000 0.019151 0.022500 0.027977
0 0.715625 0.019567 0.012000 0.034971
0 0.655937 0.011657 0.017250 0.017985
0 0.628437 0.015404 0.039750 0.026978
0 0.731250 0.024979 0.021000 0.049958
0 0.778750 0.002998 0.012000 0.005995
0 0.686250 0.014488 0.055500 0.028976
0 0.587812 0.013988 0.036750 0.027977
0 0.530312 0.007494 0.017250 0.014988
0 0.475313 0.109908 0.225750 0.219817
0 0.462813 0.004996 0.018750 0.009992
0 0.436563 0.017985 0.053250 0.035970
0 0.401250 0.017985 0.019500 0.035970
0 0.383750 0.037968 0.052500 0.075937
0 0.316250 0.012490 0.024000 0.024979
