0 0.185262 0.992188 0.010991 0.012750
0 0.296420 0.990625 0.017985 0.018750
0 0.198585 0.986500 0.024979 0.027000
0 0.368027 0.982500 0.023980 0.025500
0 0.317652 0.976875 0.008993 0.013500
0 0.462531 0.978750 0.016986 0.033000
0 0.396336 0.975313 0.033972 0.027750
0 0.299750 0.957500 0.031973 0.009000
0 0.460866 0.955937 0.012989 0.014250
0 0.243131 0.958125 0.021982 0.021000
0 0.500416 0.954063 0.017985 0.012750
0 0.476686 0.955625 0.018984 0.018000
0 0.108659 0.966562 0.042964 0.044250
0 0.598668 0.958125 0.023980 0.031500
0 0.356370 0.957500 0.039967 0.033000
0 0.234804 0.947812 0.015987 0.021750
0 0.611157 0.940000 0.015987 0.013500
0 0.563697 0.942813 0.023980 0.024750
0 0.271440 0.946875 0.027977 0.057000
0 0.358868 0.930625 0.031973 0.030000
0 0.285595 0.921875 0.021982 0.009000
0 0.245212 0.927188 0.048959 0.026250
0 0.538718 0.927813 0.031973 0.033750
0 0.484180 0.933438 0.034971 0.047250
0 0.398002 0.929375 0.057952 0.037500
0 0.588260 0.917500 0.016986 0.010500
0 0.512073 0.930625 0.025978 0.042000
0 0.434221 0.949063 0.052956 0.096750
0 0.648626 0.920625 0.033972 0.037500
0 0.233555 0.916250 0.052956 0.031500
0 0.432973 0.910625 0.023980 0.022500
0 0.568693 0.913125 0.017985 0.030000
0 0.306828 0.902813 0.018984 0.009750
0 0.266861 0.903125 0.026978 0.022500
0 0.522481 0.901250 0.014988 0.019500
0 0.288926 0.896875 0.023980 0.009000
0 0.576603 0.899062 0.010991 0.015750
0 0.368859 0.903750 0.057952 0.036000
0 0.652373 0.897188 0.060949 0.021750
0 0.609076 0.899687 0.040966 0.029250
0 0.695254 0.890625 0.019983 0.009000
0 0.595337 0.888437 0.019983 0.026250
0 0.173189 0.884687 0.009992 0.020250
0 0.196919 0.886875 0.046961 0.030000
0 0.543714 0.896250 0.041965 0.054000
0 0.239800 0.879687 0.023980 0.018750
0 0.416320 0.882188 0.065945 0.035250
0 0.470025 0.868125 0.010991 0.009000
0 0.586595 0.866250 0.010991 0.012000
0 0.692756 0.864688 0.017985 0.009750
0 0.201915 0.866563 0.034971 0.014250
0 0.380100 0.875625 0.026978 0.048000
0 0.298085 0.860625 0.027977 0.021000
0 0.482931 0.858437 0.013988 0.018750
0 0.649042 0.856875 0.020983 0.016500
0 0.498751 0.880625 0.079933 0.076500
0 0.246045 0.850625 0.016986 0.010500
0 0.353872 0.854062 0.031973 0.020250
0 0.040383 0.854375 0.030974 0.024000
0 0.621565 0.864688 0.036969 0.054750
0 0.159450 0.858750 0.052956 0.040500
0 0.273106 0.864062 0.025978 0.056250
0 0.720233 0.850313 0.033972 0.026250
0 0.266028 0.842500 0.030974 0.019500
0 0.054122 0.838125 0.015987 0.010500
0 0.475853 0.839688 0.026978 0.020250
0 0.226478 0.842187 0.025978 0.032250
0 0.656120 0.837812 0.041965 0.023250
0 0.420483 0.825625 0.039967 0.019500
0 0.245629 0.822500 0.013988 0.019500
0 0.778934 0.818125 0.016986 0.013500
0 0.507494 0.818750 0.024979 0.015000
0 0.316819 0.825937 0.018984 0.036750
0 0.285179 0.821875 0.022981 0.028500
0 0.674022 0.817500 0.020983 0.024000
0 0.370108 0.823750 0.056953 0.040500
0 0.720649 0.832187 0.098918 0.062250
0 0.446711 0.837500 0.048959 0.075000
0 0.549542 0.835938 0.071940 0.086250
0 0.712739 0.802500 0.019983 0.007500
0 0.690258 0.802500 0.017985 0.010500
0 0.405079 0.805937 0.024979 0.018750
0 0.508326 0.792188 0.012989 0.009750
0 0.264363 0.798750 0.026978 0.034500
0 0.309742 0.798438 0.069942 0.035250
0 0.798085 0.792813 0.020983 0.026250
0 0.733555 0.787500 0.013988 0.013500
0 0.222731 0.804375 0.074938 0.057000
0 0.350125 0.866875 0.108909 0.210000
0 0.422148 0.784375 0.011990 0.016500
0 0.550375 0.778750 0.015987 0.006000
0 0.725645 0.789375 0.044963 0.042000
0 0.448376 0.794063 0.034971 0.056250
0 0.739384 0.789375 0.049958 0.048000
0 0.298501 0.767813 0.026978 0.008250
0 0.374271 0.777500 0.038968 0.033000
0 0.537885 0.770938 0.023980 0.018750
0 0.149042 0.784687 0.041965 0.056250
0 0.569942 0.786875 0.062948 0.064500
0 0.774771 0.777500 0.024979 0.043500
0 0.753955 0.761250 0.032973 0.012000
0 0.487510 0.759687 0.020983 0.009750
0 0.836386 0.762500 0.008993 0.019500
0 0.565779 0.760000 0.022981 0.013500
0 0.385928 0.756875 0.016986 0.015000
0 0.495837 0.789687 0.062948 0.095250
0 0.187344 0.765938 0.039967 0.039750
0 0.818901 0.750000 0.018984 0.006000
0 0.622814 0.806562 0.135887 0.143250
0 0.169026 0.750625 0.019983 0.012000
0 0.701915 0.760312 0.055953 0.039750
0 0.228143 0.745000 0.021982 0.007500
0 0.334721 0.748125 0.023980 0.016500
0 0.530808 0.742812 0.012989 0.011250
0 0.463780 0.757500 0.033972 0.049500
0 0.321399 0.747188 0.017985 0.029250
0 0.790591 0.752500 0.036969 0.046500
0 0.401332 0.739375 0.017985 0.025500
0 0.513322 0.734375 0.028976 0.015000
0 0.346794 0.735313 0.018984 0.018750
0 0.721066 0.730313 0.031973 0.009750
0 0.449209 0.728125 0.018984 0.009000
0 0.679850 0.743437 0.040966 0.053250
0 0.578684 0.725625 0.031973 0.012000
0 0.266861 0.751875 0.060949 0.076500
0 0.557868 0.737500 0.053955 0.058500
0 0.709409 0.720938 0.009992 0.020250
0 0.360949 0.744062 0.046961 0.083250
0 0.041216 0.706250 0.018984 0.010500
0 0.305995 0.717187 0.032973 0.047250
0 0.906328 0.700937 0.006994 0.015750
0 0.337635 0.709063 0.034971 0.035250
0 0.412157 0.705000 0.023980 0.027000
0 0.286428 0.701562 0.027977 0.018750
0 0.425062 0.733750 0.050958 0.106500
0 0.744380 0.706250 0.019983 0.042000
0 0.205662 0.716250 0.031973 0.069000
0 0.248959 0.703750 0.055953 0.040500
0 0.665695 0.690937 0.018984 0.011250
0 0.566195 0.697812 0.055953 0.029250
0 0.338468 0.687813 0.020983 0.005250
0 0.831391 0.696250 0.074938 0.030000
0 0.174438 0.690937 0.030974 0.027750
0 0.495004 0.716875 0.040966 0.091500
0 0.925062 0.682500 0.007993 0.016500
0 0.591174 0.680000 0.007993 0.012000
0 0.663614 0.702812 0.055953 0.069750
0 0.149459 0.681562 0.014988 0.020250
0 0.479600 0.675000 0.019983 0.007500
0 0.040383 0.686562 0.032973 0.039750
0 0.904663 0.671250 0.018984 0.007500
0 0.651540 0.673125 0.026978 0.015000
0 0.696503 0.670625 0.026978 0.013500
0 0.353039 0.674687 0.033972 0.036750
0 0.674438 0.665000 0.027977 0.016500
0 0.151124 0.663125 0.016986 0.013500
0 0.794338 0.675937 0.037968 0.047250
0 0.415487 0.669687 0.041965 0.050250
0 0.208576 0.663750 0.060949 0.037500
0 0.750624 0.661250 0.034971 0.033000
0 0.721066 0.655000 0.015987 0.018000
0 0.707744 0.652500 0.011990 0.015000
0 0.461282 0.667188 0.047960 0.060750
0 0.193589 0.652188 0.040966 0.033750
0 0.835970 0.661250 0.061948 0.057000
0 0.281848 0.658750 0.106911 0.055500
0 0.646128 0.641563 0.007993 0.015750
0 0.502914 0.645625 0.037968 0.028500
0 0.726062 0.639375 0.013988 0.016500
0 0.384679 0.665000 0.067943 0.090000
0 0.730641 0.625938 0.012989 0.012750
0 0.231890 0.632812 0.036969 0.029250
0 0.619067 0.665000 0.062948 0.114000
0 0.639051 0.623125 0.008993 0.016500
0 0.937136 0.626250 0.058951 0.028500
0 0.297669 0.621250 0.022981 0.019500
0 0.895504 0.638750 0.070941 0.069000
0 0.783097 0.627188 0.062948 0.042750
0 0.556619 0.648438 0.076936 0.093750
0 0.189009 0.622188 0.041965 0.030750
0 0.545379 0.609688 0.009992 0.015750
0 0.840966 0.619687 0.057952 0.048750
0 0.278518 0.604375 0.010991 0.012000
0 0.749376 0.607187 0.017985 0.020250
0 0.241882 0.609062 0.024979 0.026250
0 0.705662 0.627500 0.046961 0.072000
0 0.172356 0.600313 0.007993 0.011250
0 0.371774 0.604375 0.020983 0.028500
0 0.622814 0.597500 0.037968 0.022500
0 0.900083 0.595938 0.017985 0.027750
0 0.216486 0.596562 0.027977 0.029250
0 0.319734 0.595938 0.083930 0.036750
0 0.651540 0.609375 0.058951 0.072000
0 0.527893 0.589063 0.013988 0.026250
0 0.458784 0.617812 0.081932 0.098250
0 0.369692 0.582812 0.027977 0.017250
0 0.415487 0.594063 0.023980 0.045750
0 0.310158 0.581875 0.044963 0.019500
0 0.874271 0.586875 0.053955 0.033000
0 0.601582 0.587500 0.022981 0.034500
0 0.694005 0.576562 0.010991 0.009750
0 0.718152 0.592187 0.112906 0.054750
0 0.577435 0.578438 0.046961 0.021750
0 0.907577 0.571250 0.009992 0.013500
0 0.796836 0.586250 0.039967 0.051000
0 0.684013 0.567813 0.020983 0.014250
0 0.924230 0.578750 0.037968 0.046500
0 0.554954 0.560625 0.020983 0.006000
0 0.695254 0.557813 0.007993 0.008250
0 0.826395 0.554063 0.024979 0.009750
0 0.873855 0.573125 0.126894 0.057000
0 0.188593 0.571875 0.074938 0.057000
0 0.528726 0.560312 0.037968 0.036750
0 0.291840 0.554688 0.048959 0.026250
0 0.900500 0.546250 0.010991 0.007500
0 0.481266 0.560625 0.041965 0.045000
0 0.622814 0.564063 0.025978 0.056250
0 0.451707 0.549063 0.018984 0.024750
0 0.347211 0.540937 0.019983 0.006750
0 0.737719 0.553438 0.045962 0.039750
0 0.525396 0.539687 0.029975 0.009750
0 0.856786 0.543438 0.035970 0.024750
0 0.788510 0.553750 0.053955 0.052500
0 0.185679 0.537813 0.007993 0.014250
0 0.956703 0.538750 0.013988 0.018000
0 0.761032 0.540312 0.011990 0.024750
0 0.406744 0.558750 0.074938 0.075000
0 0.204829 0.530312 0.013988 0.012750
0 0.180683 0.539375 0.039967 0.034500
0 0.581599 0.541562 0.040966 0.041250
0 0.351790 0.550937 0.104913 0.065250
0 0.459617 0.529687 0.015987 0.020250
0 0.803081 0.526563 0.028976 0.014250
0 0.706495 0.528125 0.014988 0.022500
0 0.565362 0.525625 0.045962 0.033000
0 0.236886 0.548125 0.056953 0.102000
0 0.632390 0.504375 0.016986 0.007500
0 0.611157 0.520000 0.027977 0.045000
0 0.538718 0.505313 0.033972 0.009750
0 0.738551 0.535937 0.137885 0.086250
0 0.318068 0.521875 0.045962 0.058500
0 0.412157 0.502500 0.023980 0.015000
0 0.582431 0.501563 0.014988 0.017250
0 0.552873 0.512813 0.025978 0.044250
0 0.932140 0.512500 0.054954 0.054000
0 0.237302 0.494375 0.015987 0.012000
0 0.196503 0.499375 0.011990 0.025500
0 0.320566 0.491563 0.027977 0.008250
0 0.286012 0.510000 0.048959 0.055500
0 0.167361 0.507812 0.025978 0.050250
0 0.968360 0.492500 0.019983 0.016500
0 0.554538 0.488438 0.025978 0.008250
0 0.763530 0.489063 0.015987 0.011250
0 0.249376 0.487500 0.018984 0.007500
0 0.728143 0.497812 0.046961 0.035250
0 0.393006 0.496875 0.065945 0.037500
0 0.853872 0.506563 0.082931 0.074250
0 0.439217 0.498437 0.040966 0.057750
0 0.890508 0.480625 0.012989 0.022500
0 0.411324 0.475938 0.013988 0.012750
0 0.242714 0.475000 0.014988 0.012000
0 0.267277 0.485625 0.053955 0.051000
0 0.423813 0.466875 0.019983 0.009000
0 0.355121 0.485000 0.038968 0.052500
0 0.612823 0.480938 0.057952 0.044250
0 0.743963 0.468125 0.018984 0.019500
0 0.581599 0.474062 0.032973 0.044250
0 0.898418 0.457188 0.025978 0.008250
0 0.692340 0.462813 0.034971 0.026250
0 0.626145 0.457500 0.045962 0.015000
0 0.339717 0.468750 0.029975 0.043500
0 0.445046 0.461250 0.032973 0.027000
0 0.159450 0.450313 0.032973 0.021750
0 0.786428 0.480000 0.106911 0.094500
0 0.684013 0.444063 0.008993 0.008250
0 0.208160 0.444063 0.025978 0.008250
0 0.297252 0.450625 0.045962 0.028500
0 0.742298 0.460313 0.048959 0.053250
0 0.674854 0.513750 0.096919 0.181500
0 0.830142 0.477187 0.075937 0.095250
0 0.638218 0.441250 0.024979 0.009000
0 0.945462 0.439063 0.016986 0.006750
0 0.864280 0.464062 0.071940 0.083250
0 0.171940 0.444688 0.052956 0.036750
0 0.374271 0.431875 0.018984 0.007500
0 0.311823 0.431875 0.010991 0.012000
0 0.688177 0.425938 0.006994 0.014250
0 0.789759 0.435937 0.024979 0.039750
0 0.924646 0.480625 0.122898 0.150000
0 0.455870 0.423125 0.030974 0.013500
0 0.606994 0.420625 0.011990 0.012000
0 0.400083 0.455000 0.082931 0.094500
0 0.316819 0.420000 0.010991 0.012000
0 0.497918 0.430625 0.021982 0.045000
0 0.876353 0.424063 0.036969 0.030750
0 0.959201 0.421875 0.043963 0.027000
0 0.419234 0.413125 0.024979 0.010500
0 0.323064 0.439375 0.049958 0.073500
0 0.202331 0.414375 0.021982 0.015000
0 0.249792 0.437500 0.055953 0.072000
0 0.456286 0.411562 0.009992 0.015750
0 0.856786 0.409687 0.033972 0.017250
0 0.917985 0.415312 0.040966 0.032250
0 0.495837 0.405313 0.020983 0.011250
0 0.699833 0.403750 0.010991 0.016500
0 0.286844 0.394062 0.012989 0.008250
0 0.343464 0.392500 0.018984 0.013500
0 0.539967 0.463125 0.186844 0.196500
0 0.369692 0.412187 0.059950 0.077250
0 0.323480 0.397188 0.022981 0.041250
0 0.957535 0.396875 0.047960 0.043500
0 0.911324 0.392188 0.038968 0.033750
0 0.569109 0.398750 0.038968 0.055500
0 0.276020 0.405000 0.036969 0.081000
0 0.458368 0.377812 0.018984 0.020250
0 0.417152 0.387188 0.045962 0.054750
0 0.451291 0.389688 0.053955 0.062250
0 0.361782 0.375000 0.024979 0.027000
0 0.534138 0.401250 0.044963 0.093000
0 0.847627 0.398750 0.097918 0.090000
0 0.639051 0.400000 0.080933 0.094500
0 0.278934 0.364375 0.015987 0.012000
0 0.813905 0.366563 0.012989 0.018750
0 0.863447 0.362812 0.037968 0.014250
0 0.333056 0.365312 0.045962 0.020250
0 0.813905 0.387188 0.066944 0.075750
0 0.776853 0.349375 0.015987 0.006000
0 0.902581 0.355625 0.019983 0.022500
0 0.623231 0.365312 0.078934 0.045750
0 0.948376 0.349687 0.009992 0.012750
0 0.490841 0.357500 0.026978 0.042000
0 0.890508 0.339687 0.024979 0.006750
0 0.835554 0.338750 0.020983 0.006000
0 0.293922 0.339687 0.015987 0.008250
0 0.785595 0.338438 0.018984 0.009750
0 0.785595 0.387813 0.088926 0.131250
0 0.457119 0.343750 0.015987 0.025500
0 0.938385 0.356563 0.065945 0.057750
0 0.690674 0.342813 0.036969 0.029250
0 0.531640 0.336250 0.018984 0.016500
0 0.735221 0.331250 0.011990 0.009000
0 0.608243 0.338750 0.032973 0.033000
0 0.527061 0.343438 0.055953 0.047250
0 0.435887 0.336250 0.038968 0.030000
0 0.640716 0.329062 0.008993 0.014250
0 0.741049 0.383125 0.105912 0.150000
0 0.570774 0.343750 0.040966 0.057000
0 0.916736 0.320312 0.007993 0.011250
0 0.806411 0.317188 0.026978 0.009750
0 0.604496 0.317812 0.043963 0.011250
0 0.772689 0.314688 0.025978 0.008250
0 0.752290 0.313437 0.012989 0.015750
0 0.965029 0.322813 0.025978 0.042750
0 0.329309 0.315625 0.024979 0.037500
0 0.671940 0.310937 0.025978 0.027750
0 0.718152 0.313437 0.078934 0.041250
0 0.417152 0.314063 0.037968 0.047250
0 0.453789 0.305625 0.047960 0.043500
0 0.499167 0.313437 0.098918 0.063750
0 0.898002 0.319688 0.158868 0.080250
0 0.738968 0.290938 0.020983 0.024750
0 0.590758 0.298438 0.056953 0.050250
0 0.900500 0.280313 0.018984 0.008250
0 0.718152 0.280938 0.022981 0.009750
0 0.828893 0.303750 0.098918 0.066000
0 0.754788 0.281562 0.024979 0.014250
0 0.790175 0.276875 0.009992 0.016500
0 0.709825 0.270313 0.010991 0.009750
0 0.650291 0.288438 0.055953 0.068250
0 0.361782 0.274687 0.028976 0.044250
0 0.576603 0.261250 0.026978 0.013500
0 0.448793 0.268750 0.029975 0.034500
0 0.773522 0.262813 0.027977 0.029250
0 0.887594 0.266562 0.023980 0.044250
0 0.594505 0.260313 0.035970 0.032250
0 0.821815 0.280313 0.085928 0.083250
0 0.394671 0.253750 0.025978 0.021000
0 0.478351 0.248750 0.032973 0.012000
0 0.820150 0.244688 0.019983 0.006750
0 0.716070 0.248125 0.007993 0.015000
0 0.873022 0.244375 0.034971 0.013500
0 0.740633 0.257812 0.052956 0.047250
0 0.921732 0.254688 0.049958 0.041250
0 0.703997 0.263437 0.050958 0.084750
0 0.510824 0.255000 0.070941 0.067500
0 0.414238 0.230000 0.024979 0.016500
0 0.422565 0.284687 0.134888 0.150750
0 0.905495 0.226250 0.022981 0.012000
0 0.543714 0.260937 0.069942 0.096750
0 0.708160 0.226250 0.006994 0.015000
0 0.639467 0.232187 0.041965 0.033750
0 0.843464 0.229375 0.029975 0.036000
0 0.430475 0.219062 0.009992 0.017250
0 0.805579 0.235625 0.044963 0.060000
0 0.704829 0.214062 0.016986 0.009750
0 0.746045 0.224062 0.061948 0.038250
0 0.602831 0.224062 0.043963 0.051750
0 0.468776 0.206250 0.015987 0.012000
0 0.572440 0.220938 0.024979 0.051750
0 0.552456 0.206563 0.012989 0.017250
0 0.767277 0.195625 0.016986 0.009000
0 0.614488 0.196563 0.019983 0.011250
0 0.688593 0.200625 0.011990 0.024000
0 0.660283 0.229687 0.055953 0.095250
0 0.793505 0.218438 0.033972 0.072750
0 0.637802 0.192812 0.017985 0.011250
0 0.574938 0.190938 0.024979 0.017250
0 0.514988 0.205000 0.026978 0.052500
0 0.441715 0.209375 0.030974 0.063000
0 0.425062 0.191250 0.022981 0.021000
0 0.656536 0.184375 0.018984 0.013500
0 0.703580 0.190312 0.047960 0.032250
0 0.611157 0.180000 0.009992 0.012000
0 0.532057 0.178750 0.015987 0.013500
0 0.592423 0.177813 0.022981 0.020250
0 0.477935 0.195000 0.037968 0.061500
0 0.908826 0.180312 0.020983 0.027750
0 0.651124 0.172500 0.023980 0.012000
0 0.873439 0.179063 0.043963 0.030750
0 0.443381 0.170937 0.010991 0.021750
0 0.663197 0.157500 0.010991 0.019500
0 0.617402 0.156250 0.012989 0.025500
0 0.577435 0.143125 0.020983 0.012000
0 0.492506 0.147500 0.028976 0.027000
0 0.925479 0.135937 0.016986 0.009750
0 0.530391 0.136250 0.019983 0.031500
0 0.642381 0.132188 0.040966 0.033750
0 0.633639 0.112812 0.033972 0.011250
0 0.579017 0.577125 1.000000 1.000000
