0 0.576172 0.885417 0.017813 0.030000
0 0.510547 0.825000 0.023438 0.027500
0 0.472656 0.819271 0.016875 0.033750
0 0.428516 0.816146 0.017813 0.033750
0 0.443359 0.803125 0.014063 0.020000
0 0.461719 0.793750 0.015000 0.015000
0 0.460938 0.781771 0.015000 0.011250
0 0.484766 0.787500 0.040313 0.035000
0 0.573438 0.779167 0.020625 0.032500
0 0.440625 0.778125 0.028125 0.037500
0 0.414062 0.775521 0.046875 0.031250
0 0.663672 0.773958 0.023438 0.032500
0 0.458203 0.766667 0.021562 0.015000
0 0.382422 0.759896 0.025312 0.023750
0 0.488672 0.760417 0.023438 0.030000
0 0.468750 0.763021 0.041250 0.041250
0 0.437500 0.753125 0.024375 0.022500
0 0.515234 0.754687 0.042188 0.051250
0 0.408984 0.746875 0.038437 0.040000
0 0.433594 0.733854 0.022500 0.016250
0 0.492578 0.733854 0.029062 0.021250
0 0.472266 0.730208 0.008437 0.017500
0 0.404297 0.729688 0.010312 0.018750
0 0.335938 0.718229 0.018750 0.023750
0 0.532031 0.713021 0.011250 0.021250
0 0.521484 0.725521 0.096562 0.058750
0 0.545312 0.704167 0.024375 0.012500
0 0.422656 0.705208 0.015000 0.015000
0 0.624609 0.709375 0.034687 0.047500
0 0.476562 0.714583 0.050625 0.065000
0 0.432812 0.694271 0.020625 0.023750
0 0.502734 0.687500 0.015938 0.015000
0 0.446484 0.704688 0.042188 0.058750
0 0.571484 0.686979 0.015938 0.018750
0 0.345313 0.707812 0.061875 0.068750
0 0.512500 0.675521 0.011250 0.011250
0 0.528906 0.683333 0.022500 0.037500
0 0.315234 0.676042 0.017813 0.022500
0 0.558203 0.670833 0.015938 0.017500
0 0.472656 0.671354 0.016875 0.033750
0 0.456250 0.675521 0.031875 0.043750
0 0.494922 0.671354 0.015938 0.036250
0 0.428516 0.661458 0.014063 0.015000
0 0.407031 0.686979 0.048750 0.088750
0 0.664844 0.659896 0.018750 0.036250
0 0.478516 0.656250 0.021562 0.035000
0 0.269531 0.652083 0.020625 0.027500
0 0.576562 0.667708 0.046875 0.072500
0 0.454297 0.646875 0.032813 0.022500
0 0.336719 0.647917 0.011250 0.027500
0 0.529297 0.639062 0.017813 0.008750
0 0.695312 0.646875 0.026250 0.030000
0 0.316016 0.647917 0.029062 0.035000
0 0.489063 0.639583 0.018750 0.030000
0 0.403906 0.641146 0.026250 0.038750
0 0.369141 0.628646 0.014063 0.008750
0 0.427734 0.642188 0.029062 0.043750
0 0.528125 0.658333 0.067500 0.087500
0 0.297656 0.631771 0.020625 0.031250
0 0.570312 0.624479 0.018750 0.028750
0 0.475781 0.625000 0.013125 0.037500
0 0.487891 0.608854 0.014063 0.016250
0 0.382812 0.625521 0.028125 0.056250
0 0.457031 0.617188 0.041250 0.043750
0 0.300391 0.606250 0.017813 0.020000
0 0.591406 0.623437 0.041250 0.063750
0 0.525781 0.598958 0.018750 0.015000
0 0.325391 0.613021 0.040313 0.048750
0 0.880078 0.755000 0.239063 0.490000
0 0.401953 0.606771 0.049687 0.038750
0 0.259766 0.607812 0.040313 0.043750
0 0.616016 0.596875 0.015938 0.020000
0 0.228281 0.753125 0.456562 0.493750
0 0.362891 0.592187 0.036562 0.023750
0 0.606250 0.590625 0.007500 0.025000
0 0.489844 0.588542 0.007500 0.020000
0 0.417187 0.603125 0.054375 0.060000
0 0.631250 0.584896 0.016875 0.031250
0 0.311719 0.582812 0.022500 0.028750
0 0.359766 0.649479 0.094687 0.191250
0 0.419922 0.578646 0.015938 0.023750
0 0.385156 0.578646 0.016875 0.026250
0 0.412500 0.564583 0.015000 0.012500
0 0.546484 0.593229 0.034687 0.083750
0 0.437500 0.579167 0.022500 0.057500
0 0.389844 0.565625 0.028125 0.025000
0 0.620313 0.566667 0.018750 0.042500
0 0.561719 0.579167 0.030000 0.075000
0 0.462891 0.576042 0.036562 0.075000
0 0.347656 0.553646 0.011250 0.021250
0 0.401172 0.551042 0.010312 0.022500
0 0.471875 0.556250 0.016875 0.042500
0 0.366797 0.545833 0.014063 0.020000
0 0.357812 0.561458 0.018750 0.060000
0 0.386719 0.542188 0.011250 0.016250
0 0.516016 0.585938 0.057188 0.126250
0 0.580469 0.547917 0.031875 0.037500
0 0.461328 0.541667 0.008437 0.022500
0 0.420703 0.550521 0.027187 0.043750
0 0.631250 0.547917 0.060000 0.050000
0 0.491797 0.551562 0.034687 0.061250
0 0.574609 0.531250 0.021562 0.025000
0 0.333203 0.539062 0.038437 0.046250
0 0.553516 0.536458 0.029062 0.045000
0 0.295312 0.538542 0.035625 0.052500
0 0.401953 0.527083 0.019688 0.030000
0 0.529687 0.526563 0.026250 0.031250
0 0.587109 0.546875 0.049687 0.105000
0 0.544922 0.507292 0.017813 0.017500
0 0.443750 0.521354 0.078750 0.058750
0 0.527344 0.501563 0.018750 0.013750
0 0.500391 0.505729 0.025312 0.026250
0 0.365625 0.519271 0.037500 0.058750
0 0.397266 0.509375 0.040313 0.040000
0 0.464844 0.495312 0.013125 0.013750
0 0.616406 0.505729 0.030000 0.041250
0 0.336719 0.503125 0.048750 0.035000
0 0.511328 0.493750 0.014063 0.025000
0 0.645703 0.517708 0.042188 0.085000
0 0.373047 0.491667 0.017813 0.022500
0 0.305469 0.506250 0.048750 0.057500
0 0.542969 0.488021 0.028125 0.021250
0 0.525000 0.483333 0.011250 0.010000
0 0.560937 0.487500 0.011250 0.027500
0 0.487891 0.502604 0.062812 0.066250
0 0.343750 0.484896 0.018750 0.023750
0 0.450781 0.488542 0.016875 0.040000
0 0.589063 0.488542 0.026250 0.045000
0 0.571484 0.480729 0.010312 0.026250
0 0.403516 0.478646 0.014063 0.021250
0 0.606641 0.476042 0.027187 0.025000
0 0.534766 0.470833 0.014063 0.012500
0 0.428516 0.479167 0.030937 0.035000
0 0.369531 0.470833 0.022500 0.020000
0 0.513672 0.469792 0.017813 0.022500
0 0.389453 0.473438 0.014063 0.031250
0 0.496875 0.475521 0.016875 0.041250
0 0.485938 0.467187 0.015000 0.023750
0 0.336328 0.470313 0.040313 0.043750
0 0.554688 0.464583 0.031875 0.032500
0 0.479687 0.459375 0.007500 0.020000
0 0.573828 0.459896 0.019688 0.023750
0 0.603906 0.455729 0.013125 0.016250
0 0.453125 0.454167 0.022500 0.025000
0 0.376953 0.452083 0.015938 0.020000
0 0.632812 0.458854 0.018750 0.038750
0 0.398047 0.449479 0.014063 0.028750
0 0.576953 0.444792 0.023438 0.020000
0 0.433594 0.452604 0.033750 0.038750
0 0.616406 0.454167 0.022500 0.050000
0 0.334375 0.442708 0.026250 0.022500
0 0.465625 0.444792 0.015000 0.030000
0 0.599609 0.434375 0.015938 0.027500
0 0.453125 0.431250 0.018750 0.025000
0 0.360156 0.439583 0.013125 0.045000
0 0.535547 0.441146 0.032813 0.051250
0 0.473047 0.426042 0.010312 0.015000
0 0.383984 0.432812 0.012188 0.031250
0 0.502734 0.439583 0.053437 0.052500
0 0.422656 0.425000 0.007500 0.020000
0 0.550000 0.420312 0.018750 0.018750
0 0.407031 0.425000 0.016875 0.030000
0 0.635156 0.423958 0.026250 0.030000
0 0.434766 0.422917 0.017813 0.027500
0 0.585547 0.420833 0.010312 0.030000
0 0.342578 0.428646 0.027187 0.048750
0 0.361328 0.412500 0.015938 0.020000
0 0.598828 0.410938 0.017813 0.018750
0 0.554688 0.405729 0.015000 0.018750
0 0.525391 0.413542 0.025312 0.037500
0 0.488281 0.410417 0.028125 0.030000
0 0.610547 0.411979 0.036562 0.036250
0 0.389844 0.412500 0.018750 0.052500
0 0.623437 0.398438 0.016875 0.021250
0 0.353906 0.395833 0.028125 0.025000
0 0.585156 0.395833 0.026250 0.027500
0 0.494141 0.391146 0.027187 0.028750
0 0.536719 0.386458 0.016875 0.025000
0 0.371875 0.393750 0.016875 0.045000
0 0.544531 0.377083 0.013125 0.010000
0 0.510156 0.378646 0.011250 0.013750
0 0.432422 0.392188 0.038437 0.053750
0 0.475000 0.372396 0.009375 0.013750
0 0.455469 0.392188 0.033750 0.061250
0 0.466797 0.376042 0.010312 0.025000
0 0.387500 0.385417 0.084375 0.065000
0 0.632812 0.375521 0.039375 0.073750
0 0.612500 0.361458 0.026250 0.050000
0 0.561719 0.394792 0.039375 0.135000
0 0.462891 0.350521 0.027187 0.028750
0 0.421875 0.344271 0.039375 0.023750
0 0.388672 0.350000 0.030937 0.045000
0 0.487891 0.353646 0.029062 0.066250
0 0.597656 0.334896 0.026250 0.033750
0 0.576953 0.347917 0.053437 0.080000
0 0.530078 0.343750 0.049687 0.075000
0 0.525391 0.315625 0.025312 0.017500
0 0.613281 0.322396 0.020625 0.036250
0 0.582812 0.314583 0.020625 0.025000
0 0.407422 0.321875 0.060937 0.045000
0 0.360156 0.311458 0.028125 0.025000
0 0.477734 0.318750 0.015938 0.045000
0 0.558984 0.304688 0.029062 0.018750
0 0.463281 0.304167 0.016875 0.020000
0 0.496875 0.310417 0.039375 0.052500
0 0.446875 0.314063 0.054375 0.063750
0 0.568359 0.286458 0.030937 0.025000
0 0.456641 0.273438 0.025312 0.031250
0 0.710938 0.240625 0.031875 0.040000
0 0.455078 0.229687 0.017813 0.036250
0 0.489844 0.207813 0.018750 0.033750
0 0.440625 0.194271 0.028125 0.023750
0 0.541016 0.109375 0.293437 0.218750
0 0.124687 0.219375 0.249375 0.438750
