0 0.489453 0.989375 0.015938 0.021250
0 0.444531 0.979375 0.028125 0.041250
0 0.503516 0.974375 0.025312 0.051250
0 0.489453 0.909896 0.023438 0.038750
0 0.410547 0.898958 0.030937 0.035000
0 0.485156 0.884375 0.016875 0.012500
0 0.410547 0.877083 0.015938 0.012500
0 0.450000 0.905729 0.060000 0.083750
0 0.566016 0.902604 0.053437 0.078750
0 0.458594 0.874479 0.024375 0.021250
0 0.604297 0.887500 0.032813 0.060000
0 0.512891 0.883333 0.032813 0.050000
0 0.358203 0.864062 0.030937 0.051250
0 0.599219 0.858854 0.067500 0.051250
0 0.465234 0.860417 0.034687 0.060000
0 0.516406 0.850000 0.020625 0.037500
0 0.436719 0.849479 0.035625 0.036250
0 0.417969 0.854167 0.018750 0.052500
0 0.582031 0.825000 0.013125 0.015000
0 0.377344 0.810937 0.015000 0.023750
0 0.557422 0.827083 0.047812 0.077500
0 0.411328 0.810937 0.036562 0.043750
0 0.597266 0.819271 0.045937 0.073750
0 0.490625 0.801562 0.020625 0.031250
0 0.480078 0.826562 0.060937 0.096250
0 0.664453 0.800000 0.025312 0.042500
0 0.529297 0.794271 0.068437 0.046250
0 0.305859 0.782813 0.015938 0.018750
0 0.452734 0.782813 0.012188 0.031250
0 0.301172 0.789583 0.029062 0.047500
0 0.629297 0.804167 0.057188 0.085000
0 0.419922 0.789062 0.079687 0.056250
0 0.633594 0.766146 0.016875 0.013750
0 0.494141 0.770833 0.021562 0.037500
0 0.547656 0.766667 0.030000 0.035000
0 0.454297 0.761979 0.070312 0.046250
0 0.284375 0.755729 0.028125 0.031250
0 0.662500 0.751042 0.052500 0.027500
0 0.904375 0.842500 0.191250 0.315000
0 0.362500 0.814583 0.091875 0.192500
0 0.584375 0.760938 0.088125 0.073750
0 0.735938 0.737500 0.026250 0.022500
0 0.617188 0.738021 0.007500 0.023750
0 0.600000 0.740625 0.031875 0.037500
0 0.469922 0.736979 0.019688 0.031250
0 0.283203 0.728646 0.015938 0.026250
0 0.689844 0.756771 0.082500 0.108750
0 0.544531 0.723437 0.022500 0.028750
0 0.644141 0.712500 0.017813 0.012500
0 0.309766 0.734375 0.044062 0.072500
0 0.518359 0.725000 0.032813 0.052500
0 0.327344 0.722917 0.016875 0.050000
0 0.364063 0.725521 0.045000 0.058750
0 0.230469 0.714063 0.037500 0.033750
0 0.667969 0.704688 0.030000 0.023750
0 0.803516 0.717187 0.027187 0.056250
0 0.398047 0.725000 0.062812 0.075000
0 0.621875 0.726042 0.039375 0.080000
0 0.526172 0.702604 0.010312 0.023750
0 0.337891 0.707812 0.029062 0.041250
0 0.425781 0.716146 0.061875 0.063750
0 0.555078 0.701042 0.017813 0.032500
0 0.354297 0.697917 0.019688 0.025000
0 0.548438 0.683854 0.018750 0.016250
0 0.686328 0.688021 0.059062 0.038750
0 0.645703 0.679688 0.034687 0.023750
0 0.609375 0.679167 0.016875 0.022500
0 0.244531 0.689583 0.028125 0.047500
0 0.489063 0.670833 0.016875 0.025000
0 0.299219 0.676562 0.026250 0.038750
0 0.271875 0.679688 0.046875 0.048750
0 0.638281 0.663542 0.015000 0.015000
0 0.366797 0.671354 0.027187 0.033750
0 0.576953 0.690625 0.045937 0.090000
0 0.750000 0.659896 0.041250 0.031250
0 0.671484 0.658333 0.029062 0.027500
0 0.321875 0.674479 0.020625 0.068750
0 0.758203 0.685937 0.066562 0.098750
0 0.708203 0.664583 0.057188 0.050000
0 0.641406 0.655729 0.041250 0.031250
0 0.470313 0.680208 0.075000 0.097500
0 0.642188 0.635417 0.016875 0.007500
0 0.250391 0.643229 0.017813 0.031250
0 0.262891 0.640104 0.015938 0.028750
0 0.712109 0.634896 0.042188 0.018750
0 0.392969 0.638542 0.030000 0.037500
0 0.407422 0.627083 0.010312 0.017500
0 0.457813 0.683333 0.144375 0.167500
0 0.223438 0.627604 0.028125 0.033750
0 0.505859 0.655729 0.090937 0.103750
0 0.686719 0.626563 0.026250 0.038750
0 0.242969 0.619792 0.011250 0.022500
0 0.608203 0.628646 0.036562 0.053750
0 0.219844 0.763125 0.439687 0.473750
0 0.713281 0.610417 0.037500 0.040000
0 0.807813 0.599479 0.011250 0.018750
0 0.645703 0.618750 0.074063 0.070000
0 0.738281 0.617188 0.028125 0.081250
0 0.371875 0.590104 0.009375 0.016250
0 0.687891 0.590104 0.032813 0.018750
0 0.258594 0.590625 0.015000 0.022500
0 0.751172 0.605208 0.025312 0.065000
0 0.265234 0.614062 0.057188 0.106250
0 0.591797 0.584896 0.051562 0.041250
0 0.333594 0.575521 0.013125 0.021250
0 0.805078 0.577083 0.023438 0.032500
0 0.282422 0.607812 0.053437 0.106250
0 0.256250 0.570833 0.016875 0.017500
0 0.666016 0.585938 0.042188 0.063750
0 0.514453 0.567708 0.029062 0.022500
0 0.414453 0.601562 0.134063 0.103750
0 0.640234 0.576562 0.029062 0.048750
0 0.425000 0.560417 0.016875 0.010000
0 0.779687 0.596354 0.050625 0.108750
0 0.572266 0.559896 0.023438 0.021250
0 0.519922 0.609896 0.167812 0.143750
0 0.730859 0.562500 0.036562 0.035000
0 0.507031 0.558333 0.033750 0.027500
0 0.337500 0.616667 0.093750 0.170000
0 0.310156 0.569792 0.028125 0.057500
0 0.654297 0.564063 0.025312 0.053750
0 0.698438 0.563021 0.078750 0.061250
0 0.641016 0.546875 0.025312 0.025000
0 0.207031 0.555729 0.028125 0.048750
0 0.450781 0.551562 0.020625 0.043750
0 0.513281 0.536458 0.015000 0.015000
0 0.482812 0.545833 0.022500 0.040000
0 0.311719 0.539062 0.007500 0.023750
0 0.569922 0.536979 0.025312 0.021250
0 0.591406 0.546354 0.028125 0.046250
0 0.362109 0.544271 0.027187 0.048750
0 0.494922 0.535417 0.023438 0.030000
0 0.657031 0.529167 0.015000 0.020000
0 0.617578 0.523958 0.021562 0.015000
0 0.912500 0.536458 0.026250 0.055000
0 0.773438 0.549479 0.054375 0.086250
0 0.504297 0.519792 0.017813 0.017500
0 0.297656 0.522917 0.022500 0.030000
0 0.558203 0.520312 0.021562 0.026250
0 0.789844 0.519271 0.022500 0.026250
0 0.740234 0.531250 0.036562 0.055000
0 0.824219 0.525521 0.035625 0.046250
0 0.379297 0.516667 0.027187 0.025000
0 0.332813 0.534375 0.039375 0.070000
0 0.871484 0.516667 0.038437 0.032500
0 0.609766 0.515625 0.027187 0.042500
0 0.528516 0.522917 0.045937 0.062500
0 0.306641 0.504687 0.019688 0.021250
0 0.279687 0.532813 0.039375 0.088750
0 0.412500 0.529167 0.091875 0.085000
0 0.771875 0.497396 0.048750 0.026250
0 0.464844 0.507812 0.063750 0.051250
0 0.375781 0.491667 0.007500 0.027500
0 0.562891 0.495833 0.030937 0.042500
0 0.326953 0.486458 0.027187 0.020000
0 0.541016 0.494792 0.015938 0.045000
0 0.704688 0.482292 0.009375 0.022500
0 0.775000 0.481250 0.016875 0.025000
0 0.354297 0.476562 0.036562 0.031250
0 0.689844 0.480729 0.033750 0.046250
0 0.352734 0.465104 0.019688 0.008750
0 0.575000 0.478646 0.028125 0.043750
0 0.338281 0.470313 0.011250 0.023750
0 0.733594 0.489063 0.061875 0.078750
0 0.595313 0.477604 0.041250 0.071250
0 0.737109 0.452604 0.025312 0.018750
0 0.420703 0.483854 0.034687 0.093750
0 0.335156 0.447917 0.015000 0.020000
0 0.688672 0.448437 0.042188 0.023750
0 0.586719 0.445312 0.020625 0.018750
0 0.887891 0.448437 0.038437 0.036250
0 0.653906 0.480208 0.095625 0.112500
0 0.307031 0.464583 0.050625 0.077500
0 0.623828 0.439063 0.023438 0.018750
0 0.128906 0.443229 0.033750 0.031250
0 0.657031 0.436458 0.016875 0.017500
0 0.775391 0.456771 0.060937 0.073750
0 0.380078 0.478125 0.089063 0.137500
0 0.485938 0.462500 0.088125 0.102500
0 0.370312 0.427604 0.020625 0.031250
0 0.247656 0.422396 0.035625 0.036250
0 0.655469 0.426563 0.050625 0.048750
0 0.585547 0.415104 0.053437 0.046250
0 0.495312 0.405208 0.030000 0.032500
0 0.350781 0.410417 0.018750 0.047500
0 0.626953 0.406250 0.047812 0.045000
0 0.678125 0.398438 0.046875 0.028750
0 0.716016 0.395313 0.040313 0.023750
0 0.765234 0.405729 0.019688 0.051250
0 0.521094 0.403125 0.048750 0.050000
0 0.534766 0.385937 0.015938 0.021250
0 0.544141 0.419271 0.060937 0.106250
0 0.644531 0.385417 0.026250 0.042500
0 0.569922 0.375521 0.025312 0.018750
0 0.739453 0.402083 0.047812 0.095000
0 0.694531 0.378125 0.011250 0.037500
0 0.662500 0.372396 0.022500 0.026250
0 0.606250 0.381771 0.061875 0.048750
0 0.408203 0.405208 0.175313 0.112500
0 0.406250 0.366146 0.011250 0.023750
0 0.723828 0.361979 0.025312 0.026250
0 0.521484 0.363542 0.030937 0.050000
0 0.428906 0.358333 0.018750 0.037500
0 0.541016 0.356250 0.029062 0.035000
0 0.460547 0.358854 0.012188 0.043750
0 0.719531 0.341667 0.028125 0.020000
0 0.701562 0.356771 0.020625 0.058750
0 0.594141 0.346354 0.023438 0.033750
0 0.506641 0.341146 0.027187 0.023750
0 0.658594 0.347396 0.078750 0.041250
0 0.769531 0.340625 0.022500 0.055000
0 0.507422 0.323958 0.015938 0.015000
0 0.615625 0.336979 0.024375 0.048750
0 0.416406 0.336458 0.071250 0.050000
0 0.562109 0.337500 0.057188 0.072500
0 0.522656 0.321354 0.024375 0.043750
0 0.692578 0.308854 0.014063 0.016250
0 0.786328 0.317708 0.027187 0.057500
0 0.464453 0.303646 0.029062 0.033750
0 0.670703 0.303125 0.015938 0.035000
0 0.447656 0.303125 0.033750 0.040000
0 0.316406 0.309375 0.052500 0.065000
0 0.754297 0.297917 0.027187 0.040000
0 0.712109 0.313021 0.109688 0.108750
0 0.507422 0.283333 0.025312 0.052500
0 0.612500 0.271875 0.020625 0.027500
0 0.558984 0.283333 0.047812 0.062500
0 0.729688 0.276042 0.039375 0.047500
0 0.530078 0.277083 0.023438 0.050000
0 0.689844 0.264062 0.033750 0.028750
0 0.475000 0.316146 0.086250 0.153750
0 0.614062 0.288542 0.093750 0.092500
0 0.492188 0.260417 0.016875 0.037500
0 0.703906 0.253125 0.011250 0.022500
0 0.648828 0.287500 0.044062 0.110000
0 0.708203 0.242188 0.027187 0.028750
0 0.239063 0.250521 0.031875 0.048750
0 0.739062 0.243229 0.039375 0.036250
0 0.660156 0.250000 0.031875 0.052500
0 0.589063 0.235417 0.041250 0.035000
0 0.619141 0.232813 0.012188 0.033750
0 0.365234 0.221875 0.038437 0.037500
0 0.633594 0.220312 0.013125 0.043750
0 0.498047 0.234375 0.068437 0.082500
0 0.538672 0.223438 0.060937 0.071250
0 0.693359 0.203646 0.042188 0.036250
0 0.672266 0.218750 0.062812 0.072500
0 0.374219 0.164062 0.030000 0.053750
0 0.780156 0.236875 0.439687 0.473750
0 0.095625 0.157500 0.191250 0.315000
