0 0.460547 0.989375 0.008437 0.021250
0 0.477734 0.988125 0.021562 0.023750
0 0.566406 0.986458 0.016875 0.022500
0 0.787891 0.982292 0.017813 0.022500
0 0.453125 0.975000 0.011250 0.010000
0 0.382031 0.976250 0.030000 0.047500
0 0.428125 0.974479 0.013125 0.041250
0 0.805469 0.971875 0.022500 0.040000
0 0.513281 0.960417 0.016875 0.012500
0 0.492969 0.961458 0.018750 0.017500
0 0.405469 0.959375 0.016875 0.015000
0 0.390625 0.949479 0.018750 0.016250
0 0.757812 0.953646 0.024375 0.028750
0 0.419141 0.948438 0.014063 0.018750
0 0.742188 0.949479 0.013125 0.023750
0 0.471484 0.951042 0.027187 0.035000
0 0.433984 0.939583 0.023438 0.012500
0 0.541016 0.956771 0.079687 0.061250
0 0.517188 0.939063 0.031875 0.028750
0 0.740234 0.931771 0.014063 0.013750
0 0.357031 0.930208 0.015000 0.020000
0 0.368359 0.935937 0.036562 0.058750
0 0.418750 0.918750 0.043125 0.032500
0 0.394922 0.917188 0.019688 0.033750
0 0.616406 0.909896 0.018750 0.021250
0 0.458203 0.911458 0.044062 0.040000
0 0.651953 0.905729 0.030937 0.031250
0 0.718359 0.897917 0.040313 0.020000
0 0.594531 0.893750 0.007500 0.022500
0 0.733594 0.882292 0.011250 0.015000
0 0.493359 0.896875 0.029062 0.055000
0 0.706250 0.879167 0.026250 0.025000
0 0.666406 0.873958 0.018750 0.015000
0 0.551953 0.903646 0.132187 0.101250
0 0.348047 0.884896 0.045937 0.058750
0 0.468359 0.867188 0.017813 0.018750
0 0.564063 0.864062 0.007500 0.018750
0 0.392969 0.870313 0.018750 0.041250
0 0.413672 0.867708 0.025312 0.042500
0 0.682031 0.855208 0.033750 0.027500
0 0.442578 0.864062 0.047812 0.051250
0 0.603125 0.848958 0.009375 0.025000
0 0.571875 0.846354 0.007500 0.018750
0 0.528516 0.844792 0.025312 0.015000
0 0.399219 0.842708 0.018750 0.012500
0 0.309766 0.846354 0.030937 0.023750
0 0.610156 0.850000 0.063750 0.057500
0 0.504687 0.838542 0.024375 0.040000
0 0.271094 0.840625 0.030000 0.047500
0 0.454688 0.829688 0.015000 0.028750
0 0.423047 0.830208 0.036562 0.032500
0 0.260547 0.826042 0.008437 0.027500
0 0.710156 0.817187 0.024375 0.018750
0 0.558594 0.821354 0.022500 0.033750
0 0.589844 0.813542 0.011250 0.020000
0 0.483984 0.819271 0.023438 0.033750
0 0.339453 0.807813 0.008437 0.016250
0 0.440625 0.807292 0.011250 0.017500
0 0.737500 0.816667 0.039375 0.050000
0 0.281250 0.803646 0.024375 0.018750
0 0.455078 0.804167 0.019688 0.022500
0 0.413672 0.802083 0.015938 0.017500
0 0.313281 0.814063 0.028125 0.048750
0 0.266016 0.797396 0.014063 0.016250
0 0.610156 0.804688 0.031875 0.036250
0 0.381250 0.794271 0.016875 0.013750
0 0.664062 0.836458 0.090000 0.132500
0 0.525781 0.798958 0.045000 0.045000
0 0.375000 0.807292 0.048750 0.065000
0 0.460156 0.785417 0.013125 0.017500
0 0.740234 0.785937 0.021562 0.026250
0 0.706250 0.781771 0.018750 0.016250
0 0.239844 0.790625 0.043125 0.037500
0 0.612109 0.778646 0.027187 0.018750
0 0.576172 0.788542 0.053437 0.042500
0 0.344141 0.784375 0.012188 0.035000
0 0.723437 0.777604 0.028125 0.026250
0 0.235156 0.778125 0.020625 0.032500
0 0.357812 0.771875 0.015000 0.020000
0 0.743359 0.766667 0.012188 0.015000
0 0.314844 0.771354 0.016875 0.028750
0 0.537500 0.763021 0.009375 0.016250
0 0.491406 0.777083 0.060000 0.060000
0 0.265234 0.759375 0.032813 0.027500
0 0.431250 0.764583 0.033750 0.050000
0 0.750391 0.748958 0.006563 0.020000
0 0.242969 0.747396 0.007500 0.026250
0 0.331641 0.742708 0.036562 0.025000
0 0.623047 0.740625 0.032813 0.022500
0 0.296094 0.754167 0.035625 0.055000
0 0.645312 0.733333 0.016875 0.012500
0 0.591797 0.748958 0.029062 0.050000
0 0.489063 0.731771 0.009375 0.021250
0 0.558984 0.738021 0.047812 0.038750
0 0.761719 0.727083 0.024375 0.025000
0 0.099219 0.723437 0.031875 0.038750
0 0.085547 0.715104 0.012188 0.033750
0 0.460156 0.718750 0.018750 0.047500
0 0.604688 0.709896 0.011250 0.028750
0 0.541406 0.723958 0.108750 0.062500
0 0.616797 0.701042 0.012188 0.010000
0 0.278906 0.718750 0.048750 0.055000
0 0.239844 0.715104 0.015000 0.046250
0 0.416797 0.735938 0.081562 0.101250
0 0.314063 0.701042 0.013125 0.017500
0 0.479687 0.696354 0.018750 0.016250
0 0.100000 0.697396 0.016875 0.021250
0 0.460938 0.691146 0.011250 0.008750
0 0.227734 0.700521 0.010312 0.033750
0 0.630469 0.688542 0.022500 0.015000
0 0.299609 0.688542 0.021562 0.015000
0 0.535156 0.692187 0.028125 0.026250
0 0.821094 0.698958 0.039375 0.050000
0 0.688281 0.728125 0.121875 0.125000
0 0.684766 0.692187 0.064687 0.056250
0 0.594922 0.683854 0.015938 0.036250
0 0.130078 0.673438 0.019688 0.016250
0 0.647656 0.692708 0.030000 0.065000
0 0.570703 0.674479 0.014063 0.021250
0 0.543359 0.671354 0.023438 0.013750
0 0.141797 0.671354 0.008437 0.013750
0 0.753906 0.676042 0.035625 0.035000
0 0.586719 0.668229 0.018750 0.031250
0 0.450781 0.669792 0.020625 0.035000
0 0.251563 0.667708 0.026250 0.037500
0 0.329688 0.668750 0.016875 0.042500
0 0.380859 0.700000 0.109688 0.120000
0 0.241016 0.664583 0.015938 0.035000
0 0.615234 0.657813 0.032813 0.026250
0 0.489063 0.671875 0.061875 0.065000
0 0.417578 0.655208 0.044062 0.025000
0 0.522656 0.647396 0.013125 0.011250
0 0.640625 0.649479 0.015000 0.018750
0 0.391406 0.648438 0.013125 0.016250
0 0.680859 0.654687 0.055313 0.036250
0 0.368750 0.642188 0.015000 0.008750
0 0.307812 0.658333 0.028125 0.050000
0 0.287500 0.648958 0.016875 0.037500
0 0.556250 0.635417 0.011250 0.010000
0 0.383984 0.633854 0.014063 0.013750
0 0.739062 0.651042 0.086250 0.060000
0 0.573047 0.648438 0.045937 0.056250
0 0.735547 0.629687 0.015938 0.016250
0 0.653906 0.629167 0.016875 0.030000
0 0.429297 0.628646 0.015938 0.028750
0 0.351172 0.628646 0.017813 0.028750
0 0.684375 0.625000 0.009375 0.025000
0 0.472656 0.628646 0.052500 0.036250
0 0.394922 0.618750 0.019688 0.017500
0 0.500781 0.617188 0.011250 0.018750
0 0.490234 0.610938 0.021562 0.013750
0 0.777344 0.611458 0.022500 0.020000
0 0.529297 0.618229 0.045937 0.038750
0 0.619141 0.618750 0.060937 0.047500
0 0.325391 0.614583 0.057188 0.045000
0 0.713281 0.611458 0.016875 0.040000
0 0.410156 0.600521 0.009375 0.013750
0 0.422266 0.597917 0.017813 0.012500
0 0.694922 0.600000 0.014063 0.020000
0 0.575781 0.602083 0.050625 0.027500
0 0.254688 0.617188 0.056250 0.063750
0 0.284375 0.615104 0.046875 0.061250
0 0.658984 0.597917 0.015938 0.022500
0 0.676172 0.601562 0.021562 0.036250
0 0.435547 0.598437 0.014063 0.031250
0 0.735156 0.598958 0.039375 0.045000
0 0.756250 0.586458 0.028125 0.025000
0 0.500000 0.591146 0.022500 0.038750
0 0.444531 0.578646 0.011250 0.008750
0 0.233203 0.587500 0.027187 0.035000
0 0.337500 0.583854 0.037500 0.033750
0 0.775781 0.573958 0.013125 0.020000
0 0.636719 0.580208 0.041250 0.035000
0 0.431641 0.571354 0.019688 0.021250
0 0.257812 0.568229 0.009375 0.021250
0 0.317578 0.568750 0.021562 0.025000
0 0.285156 0.571875 0.028125 0.037500
0 0.457031 0.565625 0.016875 0.027500
0 0.338672 0.561458 0.015938 0.017500
0 0.775391 0.553125 0.010312 0.012500
0 0.465625 0.586979 0.061875 0.096250
0 0.678516 0.567187 0.060937 0.056250
0 0.649609 0.551042 0.017813 0.017500
0 0.613672 0.552604 0.019688 0.021250
0 0.389062 0.573958 0.060000 0.080000
0 0.125781 0.542188 0.020625 0.016250
0 0.379297 0.539062 0.010312 0.021250
0 0.298828 0.525521 0.014063 0.013750
0 0.276953 0.526563 0.017813 0.021250
0 0.249609 0.538542 0.044062 0.050000
0 0.547656 0.521875 0.009375 0.012500
0 0.483594 0.523958 0.011250 0.020000
0 0.752734 0.517708 0.014063 0.010000
0 0.673828 0.525000 0.019688 0.030000
0 0.149609 0.534375 0.027187 0.052500
0 0.767188 0.525000 0.031875 0.042500
0 0.409766 0.520833 0.019688 0.032500
0 0.694141 0.521354 0.021562 0.036250
0 0.653516 0.517188 0.017813 0.028750
0 0.727344 0.538542 0.061875 0.085000
0 0.494922 0.514062 0.010312 0.026250
0 0.442188 0.518750 0.031875 0.037500
0 0.150781 0.504687 0.011250 0.011250
0 0.271094 0.505729 0.024375 0.018750
0 0.630078 0.517708 0.030937 0.050000
0 0.118750 0.504167 0.018750 0.017500
0 0.551953 0.546875 0.139687 0.130000
0 0.192969 0.495833 0.013125 0.015000
0 0.379688 0.501563 0.031875 0.033750
0 0.702344 0.493750 0.009375 0.025000
0 0.524609 0.494792 0.049687 0.027500
0 0.735938 0.505729 0.024375 0.056250
0 0.432422 0.492708 0.038437 0.032500
0 0.302344 0.483333 0.013125 0.012500
0 0.226562 0.504687 0.063750 0.066250
0 0.033203 0.496875 0.030937 0.052500
0 0.677344 0.492708 0.056250 0.045000
0 0.595703 0.481771 0.023438 0.018750
0 0.709375 0.475521 0.011250 0.016250
0 0.391797 0.475000 0.008437 0.017500
0 0.752734 0.474479 0.042188 0.028750
0 0.027344 0.466667 0.011250 0.015000
0 0.504297 0.474479 0.032813 0.038750
0 0.696484 0.463542 0.019688 0.015000
0 0.433203 0.461979 0.019688 0.023750
0 0.660937 0.466667 0.031875 0.037500
0 0.232813 0.458333 0.020625 0.022500
0 0.623828 0.472396 0.040313 0.066250
0 0.515625 0.450521 0.018750 0.013750
0 0.264062 0.465104 0.035625 0.051250
0 0.340625 0.480729 0.088125 0.091250
0 0.407813 0.454688 0.030000 0.043750
0 0.463281 0.453125 0.048750 0.042500
0 0.389844 0.446875 0.020625 0.042500
0 0.324219 0.451562 0.097500 0.061250
0 0.298438 0.432292 0.009375 0.015000
0 0.601562 0.460938 0.080625 0.086250
0 0.524219 0.432292 0.009375 0.025000
0 0.495312 0.429688 0.026250 0.026250
0 0.626953 0.420833 0.014063 0.012500
0 0.736719 0.443229 0.043125 0.068750
0 0.308594 0.421354 0.009375 0.018750
0 0.557031 0.445833 0.065625 0.085000
0 0.362109 0.416667 0.008437 0.015000
0 0.537500 0.417187 0.024375 0.026250
0 0.332813 0.414583 0.015000 0.020000
0 0.380859 0.410417 0.014063 0.012500
0 0.277734 0.409375 0.021562 0.015000
0 0.464062 0.409896 0.028125 0.026250
0 0.714453 0.418229 0.045937 0.056250
0 0.402734 0.404167 0.010312 0.022500
0 0.248438 0.411979 0.035625 0.043750
0 0.551562 0.401562 0.011250 0.021250
0 0.603906 0.406771 0.039375 0.036250
0 0.426563 0.411979 0.058125 0.053750
0 0.504297 0.396875 0.057188 0.042500
0 0.228516 0.396875 0.042188 0.045000
0 0.208984 0.385417 0.006563 0.017500
0 0.661719 0.407292 0.065625 0.075000
0 0.308594 0.392708 0.039375 0.047500
0 0.265625 0.380208 0.018750 0.017500
0 0.691797 0.387500 0.036562 0.045000
0 0.725000 0.380208 0.039375 0.030000
0 0.435547 0.375521 0.021562 0.018750
0 0.251953 0.373437 0.012188 0.018750
0 0.459375 0.371875 0.031875 0.020000
0 0.367969 0.378125 0.075000 0.042500
0 0.326172 0.365104 0.014063 0.011250
0 0.399609 0.363542 0.012188 0.015000
0 0.543359 0.365625 0.036562 0.022500
0 0.652344 0.357812 0.015000 0.008750
0 0.417969 0.365625 0.024375 0.032500
0 0.749609 0.357292 0.044062 0.025000
0 0.580078 0.366146 0.055313 0.053750
0 0.367969 0.349479 0.022500 0.013750
0 0.298047 0.352083 0.040313 0.020000
0 0.639844 0.348958 0.013125 0.020000
0 0.150391 0.347396 0.036562 0.023750
0 0.674609 0.354167 0.025312 0.045000
0 0.718750 0.348438 0.030000 0.038750
0 0.231641 0.353646 0.059062 0.051250
0 0.458203 0.340104 0.014063 0.026250
0 0.445703 0.335417 0.010312 0.022500
0 0.141406 0.325000 0.026250 0.012500
0 0.287500 0.334375 0.067500 0.047500
0 0.757031 0.328125 0.060000 0.040000
0 0.333984 0.328125 0.049687 0.040000
0 0.466016 0.317188 0.045937 0.021250
0 0.379688 0.318229 0.037500 0.028750
0 0.732422 0.309896 0.023438 0.013750
0 0.419922 0.316146 0.038437 0.038750
0 0.588281 0.309375 0.020625 0.030000
0 0.263672 0.309375 0.045937 0.030000
0 0.683203 0.310417 0.051562 0.047500
0 0.617969 0.314063 0.039375 0.058750
0 0.516016 0.296354 0.015938 0.016250
0 0.319922 0.301042 0.014063 0.030000
0 0.378125 0.294792 0.035625 0.025000
0 0.439063 0.286458 0.015000 0.020000
0 0.492188 0.289583 0.041250 0.032500
0 0.347266 0.290625 0.032813 0.042500
0 0.261719 0.277083 0.020625 0.012500
0 0.283594 0.280729 0.033750 0.031250
0 0.568359 0.282813 0.025312 0.038750
0 0.602344 0.275521 0.033750 0.023750
0 0.232422 0.289583 0.040313 0.057500
0 0.386719 0.270833 0.013125 0.015000
0 0.357812 0.273958 0.011250 0.027500
0 0.656250 0.265625 0.030000 0.025000
0 0.741406 0.263021 0.031875 0.021250
0 0.460156 0.272396 0.030000 0.053750
0 0.526172 0.310937 0.137813 0.161250
0 0.348828 0.251563 0.012188 0.021250
0 0.309766 0.265625 0.027187 0.055000
0 0.554297 0.251563 0.027187 0.026250
0 0.590625 0.252083 0.052500 0.032500
0 0.244531 0.250000 0.015000 0.030000
0 0.330469 0.251563 0.020625 0.036250
0 0.483594 0.248958 0.056250 0.032500
0 0.282422 0.241146 0.036562 0.023750
0 0.409375 0.246875 0.043125 0.047500
0 0.676562 0.234375 0.033750 0.027500
0 0.728906 0.236979 0.013125 0.038750
0 0.431641 0.232813 0.012188 0.033750
0 0.543359 0.229167 0.049687 0.027500
0 0.449219 0.229167 0.022500 0.030000
0 0.587891 0.225521 0.017813 0.031250
0 0.488672 0.223958 0.025312 0.037500
0 0.377344 0.233854 0.048750 0.066250
0 0.630078 0.229167 0.038437 0.065000
0 0.420312 0.211458 0.016875 0.022500
0 0.350000 0.218750 0.022500 0.052500
0 0.282031 0.206771 0.035625 0.026250
0 0.659766 0.206250 0.019688 0.027500
0 0.250391 0.206771 0.032813 0.033750
0 0.320312 0.203125 0.050625 0.030000
0 0.571484 0.194271 0.006563 0.023750
0 0.436719 0.194792 0.009375 0.035000
0 0.618359 0.206250 0.066562 0.070000
0 0.587500 0.181771 0.028125 0.018750
0 0.413281 0.187500 0.043125 0.037500
0 0.258984 0.177604 0.014063 0.028750
0 0.608594 0.170833 0.020625 0.015000
0 0.046484 0.180729 0.042188 0.041250
0 0.675781 0.176042 0.024375 0.035000
0 0.670312 0.161458 0.026250 0.015000
0 0.623828 0.166146 0.014063 0.026250
0 0.193359 0.177604 0.030937 0.053750
0 0.521484 0.168229 0.027187 0.038750
0 0.385937 0.176042 0.058125 0.062500
0 0.481250 0.182292 0.093750 0.080000
0 0.293359 0.160417 0.034687 0.032500
0 0.448047 0.151562 0.014063 0.016250
0 0.188672 0.159896 0.029062 0.036250
0 0.280078 0.138021 0.012188 0.013750
0 0.562891 0.162500 0.075938 0.080000
0 0.507031 0.134375 0.028125 0.012500
0 0.530469 0.134375 0.011250 0.015000
0 0.437109 0.139063 0.014063 0.026250
0 0.651953 0.143229 0.034687 0.048750
0 0.625781 0.136979 0.022500 0.033750
0 0.726953 0.134896 0.038437 0.033750
0 0.256250 0.127083 0.020625 0.035000
0 0.496875 0.116667 0.030000 0.020000
0 0.349219 0.147917 0.193125 0.102500
0 0.468750 0.130208 0.052500 0.062500
0 0.654687 0.112500 0.026250 0.022500
0 0.367969 0.105208 0.015000 0.015000
0 0.606641 0.120833 0.038437 0.057500
0 0.344141 0.102604 0.015938 0.018750
0 0.593359 0.101562 0.029062 0.018750
0 0.239453 0.098958 0.010312 0.015000
0 0.479687 0.095833 0.011250 0.010000
0 0.542969 0.109896 0.078750 0.063750
0 0.731641 0.095312 0.040313 0.036250
0 0.560547 0.091146 0.010312 0.026250
0 0.309375 0.093750 0.050625 0.037500
0 0.458594 0.080208 0.007500 0.015000
0 0.355469 0.081771 0.020625 0.018750
0 0.590625 0.079687 0.026250 0.021250
0 0.389453 0.079687 0.034687 0.026250
0 0.515625 0.070312 0.022500 0.016250
0 0.369922 0.068229 0.014063 0.018750
0 0.421094 0.072917 0.039375 0.035000
0 0.440625 0.065625 0.013125 0.020000
0 0.735156 0.066667 0.026250 0.025000
0 0.427344 0.047396 0.015000 0.008750
0 0.678516 0.058854 0.025312 0.041250
0 0.311328 0.054688 0.040313 0.036250
0 0.533203 0.054688 0.021562 0.046250
0 0.302734 0.033333 0.015938 0.012500
0 0.679297 0.027604 0.014063 0.016250
