0 0.612109 0.976250 0.014063 0.047500
0 0.586328 0.965104 0.030937 0.016250
0 0.644531 0.971875 0.020625 0.042500
0 0.554688 0.968229 0.045000 0.036250
0 0.512109 0.963021 0.051562 0.043750
0 0.910156 0.965104 0.043125 0.051250
0 0.602734 0.950521 0.008437 0.018750
0 0.687891 0.958333 0.017813 0.055000
0 0.703125 0.962500 0.018750 0.072500
0 0.455469 0.938542 0.033750 0.015000
0 0.479297 0.936458 0.015938 0.012500
0 0.644922 0.938542 0.012188 0.022500
0 0.671484 0.933854 0.010312 0.016250
0 0.410156 0.938542 0.041250 0.047500
0 0.690234 0.924479 0.021562 0.016250
0 0.379688 0.908854 0.039375 0.023750
0 0.762891 0.926562 0.038437 0.071250
0 0.345313 0.886458 0.037500 0.040000
0 0.258984 0.894792 0.030937 0.067500
0 0.712109 0.886979 0.034687 0.066250
0 0.319141 0.854688 0.025312 0.033750
0 0.228125 0.835417 0.007500 0.022500
0 0.725000 0.834896 0.018750 0.031250
0 0.292969 0.835417 0.030000 0.037500
0 0.543359 0.818750 0.015938 0.017500
0 0.289453 0.806250 0.017813 0.027500
0 0.217969 0.825521 0.060000 0.111250
0 0.748437 0.796875 0.035625 0.060000
0 0.281641 0.776042 0.025312 0.042500
0 0.655078 0.764062 0.014063 0.021250
0 0.839844 0.775521 0.046875 0.056250
0 0.287109 0.715625 0.027187 0.045000
0 0.361719 0.693229 0.009375 0.021250
0 0.769141 0.717708 0.045937 0.107500
0 0.234766 0.690625 0.036562 0.042500
0 0.312500 0.684375 0.024375 0.030000
0 0.428125 0.673958 0.007500 0.030000
0 0.223438 0.659896 0.013125 0.028750
0 0.364453 0.663021 0.036562 0.038750
0 0.304688 0.647917 0.037500 0.025000
0 0.976562 0.650000 0.028125 0.042500
0 0.280859 0.634896 0.010312 0.016250
0 0.256641 0.641667 0.012188 0.037500
0 0.595313 0.631771 0.007500 0.023750
0 0.400781 0.624479 0.007500 0.021250
0 0.778906 0.622917 0.028125 0.035000
0 0.866797 0.609375 0.017813 0.012500
0 0.371484 0.605729 0.017813 0.016250
0 0.394531 0.604167 0.015000 0.017500
0 0.810937 0.604688 0.039375 0.023750
0 0.217969 0.602083 0.037500 0.050000
0 0.687500 0.581771 0.024375 0.013750
0 0.812891 0.578646 0.014063 0.016250
0 0.748047 0.576562 0.017813 0.013750
0 0.892188 0.597917 0.037500 0.072500
0 0.868750 0.580729 0.037500 0.068750
0 0.235547 0.563021 0.029062 0.031250
0 0.677734 0.550521 0.023438 0.021250
0 0.258594 0.547396 0.015000 0.018750
0 0.542969 0.544271 0.026250 0.013750
0 0.687891 0.516667 0.008437 0.015000
0 0.542969 0.516667 0.018750 0.015000
0 0.662109 0.517708 0.027187 0.022500
0 0.800391 0.509896 0.015938 0.046250
0 0.255078 0.506771 0.021562 0.066250
0 0.916016 0.485938 0.019688 0.023750
0 0.247656 0.468750 0.018750 0.015000
0 0.800000 0.471875 0.007500 0.025000
0 0.919531 0.449479 0.015000 0.028750
0 0.902734 0.458854 0.019688 0.058750
0 0.246875 0.442708 0.018750 0.020000
0 0.802734 0.426563 0.017813 0.018750
0 0.959766 0.421354 0.034687 0.056250
0 0.244141 0.407292 0.014063 0.037500
0 0.947656 0.411458 0.030000 0.065000
0 0.819531 0.377083 0.020625 0.067500
0 0.252344 0.357292 0.018750 0.047500
0 0.831641 0.309375 0.025312 0.030000
0 0.255859 0.312500 0.015938 0.042500
0 0.837500 0.287500 0.020625 0.020000
0 0.281250 0.250521 0.009375 0.028750
0 0.810937 0.252083 0.016875 0.040000
0 0.807031 0.223438 0.030000 0.026250
0 0.225391 0.222917 0.029062 0.025000
0 0.745313 0.151042 0.030000 0.017500
0 0.323437 0.118229 0.018750 0.038750
0 0.385937 0.090104 0.013125 0.026250
0 0.351562 0.005000 0.018750 0.010000
