0 0.530937 0.736053 0.023250 0.023980
0 0.573125 0.724396 0.022500 0.027977
0 0.660312 0.718568 0.020250 0.023980
0 0.553750 0.716070 0.007500 0.023980
0 0.541875 0.707744 0.016500 0.021982
0 0.507188 0.718152 0.063750 0.054954
0 0.574688 0.700250 0.021750 0.033972
0 0.499375 0.690674 0.027000 0.014988
0 0.696562 0.692340 0.020250 0.026978
0 0.510312 0.685679 0.008250 0.012989
0 0.558438 0.689425 0.029250 0.031973
0 0.673125 0.681515 0.019500 0.022981
0 0.552500 0.679017 0.010500 0.016986
0 0.490938 0.681099 0.029250 0.023980
0 0.475938 0.682348 0.012750 0.034971
0 0.521250 0.672773 0.015000 0.013988
0 0.595313 0.674854 0.015750 0.026978
0 0.580937 0.673605 0.026250 0.025978
0 0.507500 0.664446 0.021000 0.011990
0 0.537188 0.676520 0.020250 0.046961
0 0.551562 0.660699 0.024750 0.020983
0 0.521563 0.657785 0.014250 0.015987
0 0.588125 0.656953 0.022500 0.017985
0 0.609062 0.656120 0.023250 0.023980
0 0.463438 0.657369 0.021750 0.028976
0 0.655000 0.652373 0.024000 0.020983
0 0.555000 0.648626 0.016500 0.015987
0 0.570000 0.650291 0.015000 0.035970
0 0.639687 0.636969 0.014250 0.009992
0 0.558438 0.635720 0.021750 0.010991
0 0.480312 0.637386 0.018750 0.016986
0 0.624062 0.645296 0.024750 0.043963
0 0.444375 0.634055 0.024000 0.016986
0 0.604375 0.632806 0.019500 0.025978
0 0.595313 0.619900 0.018750 0.012989
0 0.459688 0.616570 0.011250 0.006994
0 0.577500 0.619900 0.012000 0.016986
0 0.534062 0.621149 0.014250 0.021982
0 0.610000 0.618651 0.015000 0.019983
0 0.449062 0.611990 0.012750 0.027977
0 0.431250 0.621982 0.028500 0.055953
0 0.580937 0.601582 0.018750 0.010991
0 0.604062 0.597835 0.009750 0.013988
0 0.451562 0.602415 0.009750 0.024979
0 0.417500 0.602831 0.034500 0.035970
0 0.510000 0.623231 0.076500 0.090924
0 0.607500 0.590341 0.013500 0.015987
0 0.626250 0.589509 0.021000 0.017985
0 0.520000 0.590758 0.006000 0.020983
0 0.643750 0.585762 0.015000 0.010991
0 0.545000 0.600333 0.049500 0.045962
0 0.477500 0.616153 0.036000 0.083930
0 0.413125 0.592839 0.016500 0.033972
0 0.536563 0.579933 0.011250 0.012989
0 0.523750 0.575354 0.016500 0.011990
0 0.658750 0.574521 0.015000 0.013988
0 0.476875 0.576187 0.027000 0.017985
0 0.578750 0.577019 0.030000 0.021982
0 0.642500 0.572440 0.024000 0.014988
0 0.496563 0.591590 0.020250 0.062948
0 0.510938 0.569109 0.015750 0.016986
0 0.426563 0.575770 0.029250 0.036969
0 0.582812 0.560783 0.011250 0.006994
0 0.500313 0.557868 0.017250 0.007993
0 0.409062 0.567860 0.012750 0.031973
0 0.653125 0.559117 0.018000 0.014988
0 0.523750 0.556203 0.007500 0.009992
0 0.568125 0.561199 0.024000 0.023980
0 0.478750 0.559950 0.015000 0.020983
0 0.549687 0.573689 0.041250 0.057952
0 0.608437 0.563281 0.044250 0.044963
0 0.329062 0.554122 0.023250 0.026978
0 0.705937 0.554954 0.018750 0.030974
0 0.515938 0.545795 0.011250 0.008993
0 0.490000 0.546628 0.022500 0.010991
0 0.606563 0.548293 0.006750 0.016986
0 0.549063 0.548709 0.009750 0.017985
0 0.667500 0.579101 0.039000 0.092923
0 0.528125 0.543297 0.013500 0.014988
0 0.595625 0.537885 0.015000 0.009992
0 0.644687 0.543297 0.017250 0.024979
0 0.464687 0.544963 0.020250 0.034971
0 0.654062 0.537469 0.023250 0.018984
0 0.448750 0.565779 0.040500 0.088926
0 0.355625 0.540799 0.018000 0.030974
0 0.480312 0.535387 0.026250 0.023980
0 0.628437 0.532473 0.006750 0.020983
0 0.667813 0.531640 0.008250 0.026978
0 0.614688 0.542881 0.072750 0.055953
0 0.619375 0.523730 0.010500 0.011990
0 0.582500 0.532473 0.015000 0.038968
0 0.556250 0.520816 0.015000 0.010991
0 0.643125 0.523730 0.016500 0.019983
0 0.572812 0.520816 0.008250 0.016986
0 0.597812 0.516653 0.012750 0.008993
0 0.630000 0.514155 0.012000 0.020983
0 0.495312 0.522481 0.039750 0.042964
0 0.680625 0.516653 0.021000 0.036969
0 0.541875 0.511241 0.031500 0.023980
0 0.515938 0.510824 0.030750 0.026978
0 0.605938 0.506245 0.018750 0.021982
0 0.559688 0.502914 0.014250 0.013988
0 0.667188 0.505828 0.029250 0.022981
0 0.579375 0.502914 0.031500 0.023980
0 0.418438 0.523314 0.038250 0.076936
0 0.616563 0.495837 0.015750 0.012989
0 0.435312 0.497086 0.011250 0.015987
0 0.584688 0.490841 0.012750 0.010991
0 0.529062 0.492090 0.009750 0.017985
0 0.647813 0.489176 0.008250 0.020983
0 0.666562 0.485429 0.015750 0.015987
0 0.679688 0.488343 0.014250 0.024979
0 0.640000 0.482515 0.012000 0.012989
0 0.548125 0.487094 0.022500 0.025978
0 0.640312 0.497918 0.054750 0.055953
0 0.572812 0.474604 0.012750 0.009992
0 0.397500 0.469192 0.015000 0.006994
0 0.515625 0.481266 0.021000 0.039967
0 0.476562 0.497918 0.090750 0.079933
0 0.498750 0.467943 0.007500 0.013988
0 0.552500 0.473772 0.033000 0.031973
0 0.640000 0.467111 0.016500 0.017985
0 0.420000 0.479184 0.031500 0.050958
0 0.411562 0.469192 0.023250 0.028976
0 0.356875 0.473772 0.030000 0.039967
0 0.620625 0.463364 0.016500 0.018984
0 0.657500 0.465445 0.016500 0.025978
0 0.388437 0.457952 0.006750 0.011990
0 0.674063 0.465029 0.024750 0.030974
0 0.527813 0.463780 0.020250 0.027977
0 0.455937 0.459201 0.021750 0.016986
0 0.607812 0.465029 0.014250 0.032973
0 0.564688 0.460450 0.017250 0.021982
0 0.634687 0.452540 0.014250 0.010991
0 0.491875 0.457535 0.006000 0.022981
0 0.513437 0.449625 0.009750 0.011990
0 0.420312 0.448793 0.015750 0.011990
0 0.438437 0.457952 0.020250 0.041965
0 0.303438 0.454205 0.015750 0.036969
0 0.404375 0.446711 0.006000 0.022981
0 0.670937 0.439217 0.020250 0.022981
0 0.596562 0.462115 0.042750 0.077935
0 0.625938 0.435887 0.009750 0.020983
0 0.638750 0.432556 0.013500 0.020983
0 0.495625 0.434638 0.015000 0.027977
0 0.421563 0.431724 0.020250 0.020983
0 0.469687 0.444213 0.048750 0.054954
0 0.520312 0.431307 0.026250 0.029975
0 0.456250 0.428809 0.040500 0.031973
0 0.626563 0.424230 0.027750 0.038968
0 0.477500 0.413822 0.013500 0.013988
0 0.650000 0.416736 0.018000 0.026978
0 0.590938 0.420483 0.023250 0.035970
0 0.577187 0.410075 0.011250 0.012989
0 0.663125 0.430475 0.021000 0.063947
0 0.429688 0.410075 0.014250 0.016986
0 0.450313 0.407993 0.009750 0.013988
0 0.414062 0.412157 0.017250 0.023980
0 0.567187 0.410491 0.009750 0.021982
0 0.607187 0.412573 0.014250 0.028976
0 0.565000 0.420483 0.021000 0.051957
0 0.549063 0.403830 0.020250 0.013988
0 0.543750 0.427977 0.025500 0.075937
0 0.637813 0.400500 0.015750 0.015987
0 0.509687 0.413822 0.045750 0.055953
0 0.476562 0.398834 0.039750 0.021982
0 0.591562 0.395087 0.009750 0.018984
0 0.655000 0.396336 0.024000 0.023980
0 0.606875 0.389259 0.015000 0.016986
0 0.563125 0.392173 0.054000 0.025978
0 0.532188 0.388010 0.018750 0.017985
0 0.476250 0.381765 0.013500 0.010991
0 0.500313 0.384679 0.023250 0.025978
0 0.415625 0.377186 0.013500 0.009992
0 0.616250 0.379267 0.013500 0.020983
0 0.404062 0.393422 0.024750 0.054954
0 0.579688 0.377602 0.020250 0.018984
0 0.493125 0.372606 0.015000 0.012989
0 0.361563 0.376769 0.023250 0.022981
0 0.617188 0.368027 0.012750 0.013988
0 0.662188 0.374688 0.038250 0.033972
0 0.481563 0.365112 0.021750 0.016986
0 0.675000 0.365529 0.024000 0.023980
0 0.445937 0.371774 0.054750 0.044963
0 0.416563 0.360949 0.012750 0.020983
0 0.539687 0.366778 0.074250 0.036969
0 0.635000 0.371357 0.027000 0.049958
0 0.601562 0.362614 0.018750 0.030974
0 0.566875 0.359284 0.009000 0.022981
0 0.430625 0.356786 0.013500 0.022981
0 0.404375 0.354288 0.016500 0.026978
0 0.480625 0.347211 0.028500 0.019983
0 0.660000 0.351374 0.015000 0.031973
0 0.541875 0.346378 0.034500 0.019983
0 0.516250 0.343464 0.009000 0.020983
0 0.523125 0.340133 0.009000 0.016986
0 0.442500 0.341799 0.013500 0.022981
0 0.574688 0.346794 0.062250 0.046961
0 0.451875 0.333472 0.010500 0.016986
0 0.662813 0.328893 0.020250 0.029975
0 0.472500 0.325146 0.022500 0.026978
0 0.464687 0.338052 0.021750 0.057952
0 0.599375 0.324729 0.055500 0.029975
0 0.540312 0.319734 0.014250 0.021982
0 0.487187 0.315987 0.009750 0.014988
0 0.502188 0.311407 0.006750 0.009992
0 0.620625 0.313072 0.015000 0.021982
0 0.625938 0.323480 0.027750 0.050958
0 0.524062 0.307244 0.026250 0.011990
0 0.470938 0.305162 0.012750 0.014988
0 0.459062 0.303497 0.012750 0.012989
0 0.311250 0.298501 0.021000 0.020983
0 0.514375 0.312656 0.063000 0.056953
0 0.466875 0.290591 0.021000 0.009992
0 0.605313 0.298501 0.041250 0.030974
0 0.628437 0.292256 0.014250 0.021982
0 0.585000 0.290175 0.016500 0.024979
0 0.385313 0.294338 0.017250 0.034971
0 0.542813 0.304330 0.084750 0.072939
0 0.432188 0.311823 0.059250 0.090924
0 0.575625 0.277685 0.016500 0.018984
0 0.544687 0.275604 0.009750 0.019983
0 0.591250 0.270608 0.015000 0.013988
0 0.654687 0.268526 0.020250 0.026978
0 0.619062 0.271857 0.015750 0.034971
0 0.487187 0.279767 0.035250 0.055953
0 0.602812 0.267277 0.017250 0.029975
0 0.414062 0.265612 0.017250 0.029975
0 0.442188 0.256037 0.015750 0.010991
0 0.528750 0.256869 0.021000 0.028976
0 0.466250 0.253122 0.015000 0.019983
0 0.523125 0.248127 0.010500 0.011990
0 0.589375 0.251041 0.019500 0.022981
0 0.558750 0.252706 0.048000 0.034971
0 0.534062 0.241882 0.017250 0.008993
0 0.482812 0.244380 0.023250 0.018984
0 0.656563 0.246878 0.018750 0.028976
0 0.505938 0.237719 0.015750 0.022981
0 0.551875 0.234388 0.019500 0.026978
0 0.446250 0.232306 0.019500 0.025978
0 0.630313 0.231057 0.012750 0.032973
