0 0.114062 0.981771 0.007500 0.023750
0 0.993750 0.955208 0.009375 0.030000
0 0.990156 0.911458 0.019688 0.012500
0 0.992969 0.880208 0.014063 0.020000
0 0.457813 0.829167 0.030000 0.030000
0 0.509375 0.819271 0.028125 0.031250
0 0.605859 0.808854 0.023438 0.028750
0 0.404687 0.800000 0.018750 0.040000
0 0.413672 0.777604 0.019688 0.016250
0 0.648438 0.778125 0.022500 0.032500
0 0.484766 0.766667 0.019688 0.017500
0 0.621484 0.765104 0.023438 0.028750
0 0.450000 0.746354 0.028125 0.038750
0 0.599219 0.731250 0.028125 0.027500
0 0.382812 0.735417 0.031875 0.042500
0 0.358594 0.715625 0.022500 0.017500
0 0.482812 0.707292 0.030000 0.027500
0 0.340234 0.705208 0.025312 0.050000
0 0.381250 0.678125 0.024375 0.057500
0 0.426953 0.670833 0.032813 0.055000
0 0.466406 0.640625 0.005625 0.022500
0 0.448047 0.638542 0.014063 0.025000
0 0.234766 0.643750 0.025312 0.040000
0 0.316016 0.636458 0.017813 0.035000
0 0.657422 0.618229 0.021562 0.036250
0 0.328125 0.611458 0.030000 0.022500
0 0.491797 0.613542 0.019688 0.035000
0 0.347266 0.600521 0.008437 0.021250
0 0.253906 0.606771 0.022500 0.036250
0 0.485938 0.594792 0.011250 0.010000
0 0.487891 0.577604 0.027187 0.023750
0 0.356250 0.635938 0.112500 0.163750
0 0.508203 0.693229 0.310312 0.341250
0 0.581250 0.566667 0.045000 0.057500
0 0.434375 0.546354 0.015000 0.028750
0 0.444531 0.540104 0.011250 0.031250
0 0.408984 0.551042 0.066562 0.060000
0 0.344531 0.561979 0.088125 0.093750
0 0.328516 0.534375 0.038437 0.032500
0 0.310937 0.527604 0.046875 0.026250
0 0.454688 0.521875 0.020625 0.017500
0 0.264844 0.533333 0.016875 0.045000
0 0.249219 0.530208 0.020625 0.040000
0 0.583984 0.517708 0.008437 0.020000
0 0.568359 0.528646 0.036562 0.046250
0 0.294141 0.511458 0.017813 0.017500
0 0.440625 0.516667 0.028125 0.032500
0 0.611719 0.534896 0.050625 0.083750
0 0.422266 0.516146 0.019688 0.041250
0 0.400000 0.506771 0.020625 0.031250
0 0.193750 0.512500 0.022500 0.045000
0 0.312891 0.497396 0.015938 0.033750
0 0.371484 0.504167 0.064687 0.062500
0 0.582422 0.483854 0.023438 0.018750
0 0.616406 0.485417 0.026250 0.025000
0 0.416016 0.484375 0.015938 0.025000
0 0.444141 0.487500 0.044062 0.040000
0 0.558984 0.507292 0.064687 0.102500
0 0.324219 0.492188 0.039375 0.066250
0 0.405469 0.477604 0.013125 0.036250
0 0.606250 0.466146 0.024375 0.053750
0 0.593750 0.457813 0.030000 0.033750
0 0.325000 0.454167 0.026250 0.045000
0 0.432422 0.452604 0.053437 0.043750
0 0.547266 0.442708 0.012188 0.027500
0 0.368750 0.464583 0.084375 0.082500
0 0.308984 0.439063 0.027187 0.061250
0 0.261328 0.422396 0.029062 0.028750
0 0.395703 0.418229 0.025312 0.023750
0 0.398828 0.406771 0.021562 0.016250
0 0.350391 0.417187 0.079687 0.043750
0 0.416797 0.403125 0.017813 0.025000
0 0.485938 0.548958 0.292500 0.392500
0 0.392578 0.390104 0.051562 0.026250
0 0.608203 0.402083 0.053437 0.062500
0 0.467187 0.383854 0.035625 0.026250
0 0.557422 0.370312 0.017813 0.018750
0 0.451172 0.413542 0.186562 0.130000
0 0.330469 0.380208 0.067500 0.072500
0 0.363281 0.375521 0.030000 0.063750
0 0.604688 0.365625 0.022500 0.052500
0 0.566797 0.345313 0.023438 0.036250
0 0.318750 0.340625 0.013125 0.030000
0 0.498047 0.344271 0.044062 0.046250
0 0.203125 0.331771 0.026250 0.023750
0 0.379688 0.346354 0.114375 0.063750
0 0.380078 0.320833 0.025312 0.015000
0 0.287500 0.325000 0.020625 0.037500
0 0.536719 0.357812 0.086250 0.118750
0 0.524609 0.315625 0.038437 0.030000
0 0.341797 0.305208 0.014063 0.012500
0 0.469531 0.298438 0.015000 0.011250
0 0.553516 0.294792 0.017813 0.040000
0 0.320703 0.292708 0.021562 0.035000
0 0.355469 0.277604 0.028125 0.021250
0 0.519922 0.271875 0.021562 0.025000
0 0.432031 0.325000 0.270000 0.160000
0 0.451172 0.271354 0.029062 0.031250
0 0.596484 0.277604 0.025312 0.063750
0 0.402344 0.267708 0.073125 0.047500
0 0.480078 0.251563 0.021562 0.023750
0 0.356250 0.252604 0.022500 0.028750
0 0.567187 0.247396 0.015000 0.038750
