0 0.508594 0.724479 0.020625 0.021250
0 0.600781 0.721875 0.018750 0.022500
0 0.595703 0.694271 0.014063 0.023750
0 0.433203 0.683333 0.012188 0.010000
0 0.451953 0.679167 0.017813 0.017500
0 0.621094 0.681250 0.015000 0.025000
0 0.435547 0.672917 0.012188 0.012500
0 0.467969 0.681771 0.018750 0.036250
0 0.387891 0.674479 0.027187 0.033750
0 0.577734 0.671354 0.014063 0.028750
0 0.496484 0.678646 0.051562 0.056250
0 0.524219 0.661979 0.018750 0.018750
0 0.366406 0.659375 0.039375 0.025000
0 0.434766 0.661458 0.060937 0.035000
0 0.404687 0.655208 0.011250 0.027500
0 0.296875 0.650521 0.013125 0.016250
0 0.530469 0.669792 0.071250 0.067500
0 0.390625 0.650521 0.020625 0.021250
0 0.498437 0.646875 0.024375 0.015000
0 0.420703 0.648958 0.017813 0.020000
0 0.481641 0.651563 0.023438 0.033750
0 0.314844 0.646875 0.024375 0.022500
0 0.561328 0.644271 0.008437 0.021250
0 0.512891 0.635938 0.025312 0.018750
0 0.463672 0.658854 0.051562 0.076250
0 0.540234 0.635417 0.010312 0.022500
0 0.467969 0.628646 0.013125 0.018750
0 0.396094 0.629687 0.046875 0.031250
0 0.351562 0.622917 0.020625 0.015000
0 0.433203 0.619792 0.019688 0.015000
0 0.454297 0.619271 0.014063 0.018750
0 0.573828 0.634375 0.044062 0.060000
0 0.421484 0.622917 0.012188 0.032500
0 0.290625 0.615104 0.022500 0.016250
0 0.439844 0.609896 0.018750 0.016250
0 0.511719 0.614583 0.030000 0.030000
0 0.460156 0.605729 0.016875 0.013750
0 0.320703 0.604167 0.023438 0.020000
0 0.594141 0.605208 0.029062 0.025000
0 0.533984 0.611458 0.051562 0.047500
0 0.565625 0.605729 0.031875 0.036250
0 0.400781 0.602604 0.015000 0.028750
0 0.363281 0.603646 0.020625 0.033750
0 0.536328 0.591667 0.019688 0.017500
0 0.499609 0.591667 0.008437 0.020000
0 0.350391 0.588542 0.014063 0.017500
0 0.418750 0.593229 0.020625 0.031250
0 0.386719 0.591146 0.018750 0.026250
0 0.342578 0.600000 0.032813 0.057500
0 0.635547 0.585417 0.017813 0.027500
0 0.605469 0.582292 0.015000 0.022500
0 0.621094 0.582292 0.016875 0.025000
0 0.506641 0.580208 0.023438 0.020000
0 0.466406 0.593229 0.061875 0.053750
0 0.372266 0.579167 0.010312 0.020000
0 0.559766 0.578125 0.025312 0.025000
0 0.318750 0.580208 0.020625 0.035000
0 0.428516 0.576042 0.027187 0.040000
0 0.526563 0.567187 0.015000 0.023750
0 0.483984 0.573958 0.029062 0.040000
0 0.464453 0.564583 0.010312 0.017500
0 0.308594 0.566667 0.016875 0.022500
0 0.631250 0.563021 0.015000 0.018750
0 0.384766 0.565625 0.017813 0.027500
0 0.335156 0.559375 0.011250 0.020000
0 0.358984 0.563542 0.025312 0.037500
0 0.324219 0.554167 0.015000 0.020000
0 0.580469 0.565104 0.031875 0.061250
0 0.438672 0.551042 0.025312 0.027500
0 0.399609 0.555729 0.012188 0.046250
0 0.539844 0.549479 0.063750 0.043750
0 0.422656 0.542188 0.016875 0.031250
0 0.380469 0.544792 0.033750 0.045000
0 0.543750 0.530729 0.011250 0.013750
0 0.463672 0.541146 0.042188 0.041250
0 0.600391 0.543750 0.051562 0.065000
0 0.301953 0.535417 0.025312 0.045000
0 0.556250 0.526042 0.045000 0.025000
0 0.399219 0.525521 0.015000 0.023750
0 0.449219 0.527083 0.022500 0.035000
0 0.637109 0.532292 0.036562 0.050000
0 0.431250 0.524479 0.037500 0.031250
0 0.517578 0.517188 0.010312 0.018750
0 0.488672 0.533854 0.032813 0.066250
0 0.622656 0.514583 0.011250 0.025000
0 0.394141 0.511979 0.014063 0.021250
0 0.366406 0.517708 0.048750 0.040000
0 0.382422 0.508333 0.008437 0.020000
0 0.463672 0.507812 0.017813 0.021250
0 0.517188 0.502083 0.018750 0.012500
0 0.557813 0.504687 0.028125 0.036250
0 0.544922 0.501563 0.027187 0.028750
0 0.400391 0.494792 0.012188 0.015000
0 0.320312 0.523438 0.031875 0.083750
0 0.482031 0.494271 0.018750 0.016250
0 0.433984 0.498437 0.036562 0.028750
0 0.366016 0.500000 0.017813 0.035000
0 0.605078 0.495312 0.017813 0.026250
0 0.469922 0.494271 0.012188 0.026250
0 0.380469 0.486979 0.016875 0.013750
0 0.426953 0.481250 0.019688 0.017500
0 0.325391 0.483854 0.010312 0.023750
0 0.550781 0.479687 0.016875 0.016250
0 0.634375 0.489583 0.043125 0.045000
0 0.343750 0.507292 0.031875 0.090000
0 0.492188 0.486458 0.037500 0.062500
0 0.413672 0.470833 0.010312 0.030000
0 0.616797 0.465104 0.023438 0.018750
0 0.324609 0.458333 0.010312 0.012500
0 0.574609 0.492188 0.070312 0.096250
0 0.401172 0.463021 0.015938 0.026250
0 0.374609 0.461458 0.006563 0.025000
0 0.500391 0.473438 0.044062 0.056250
0 0.351562 0.468229 0.048750 0.046250
0 0.307031 0.461979 0.022500 0.033750
0 0.543750 0.451562 0.022500 0.021250
0 0.476172 0.445312 0.010312 0.018750
0 0.601172 0.447917 0.017813 0.030000
0 0.426172 0.453646 0.023438 0.048750
0 0.407813 0.445833 0.013125 0.030000
0 0.398047 0.442188 0.012188 0.021250
0 0.452734 0.456771 0.059062 0.068750
0 0.385156 0.438021 0.013125 0.026250
0 0.325391 0.439583 0.045937 0.045000
0 0.581250 0.445833 0.035625 0.067500
0 0.360547 0.428125 0.040313 0.040000
0 0.380469 0.419271 0.039375 0.023750
0 0.319141 0.415625 0.015938 0.017500
0 0.414062 0.415625 0.037500 0.042500
0 0.376172 0.404167 0.017813 0.020000
0 0.385937 0.394792 0.016875 0.015000
0 0.400391 0.392708 0.012188 0.015000
0 0.332813 0.394792 0.009375 0.025000
0 0.546875 0.391146 0.018750 0.028750
0 0.439063 0.396354 0.018750 0.046250
0 0.319922 0.389062 0.014063 0.028750
0 0.304297 0.388542 0.017813 0.027500
0 0.573828 0.402604 0.057188 0.076250
0 0.339844 0.376042 0.009375 0.015000
0 0.546094 0.372396 0.020625 0.016250
0 0.527734 0.407813 0.092812 0.118750
0 0.424609 0.370312 0.019688 0.028750
0 0.460547 0.359375 0.019688 0.015000
0 0.360938 0.370312 0.045000 0.056250
0 0.332031 0.352083 0.022500 0.022500
0 0.390234 0.358333 0.034687 0.042500
0 0.453906 0.388021 0.106875 0.133750
0 0.354687 0.317188 0.024375 0.021250
0 0.485547 0.308333 0.025312 0.020000
0 0.532422 0.303646 0.021562 0.023750
0 0.485156 0.292187 0.024375 0.018750
0 0.416797 0.297396 0.015938 0.031250
0 0.555469 0.287500 0.024375 0.022500
0 0.477734 0.229687 0.025312 0.021250
0 0.363672 0.223438 0.015938 0.028750
