0 0.616797 0.967187 0.017813 0.046250
0 0.352734 0.961979 0.027187 0.036250
0 0.433594 0.952083 0.031875 0.035000
0 0.494141 0.945312 0.036562 0.026250
0 0.556250 0.936979 0.024375 0.031250
0 0.350781 0.934375 0.031875 0.030000
0 0.392188 0.926042 0.022500 0.017500
0 0.391797 0.936979 0.062812 0.043750
0 0.439844 0.925521 0.011250 0.026250
0 0.494141 0.905208 0.021562 0.012500
0 0.364844 0.908333 0.050625 0.025000
0 0.523047 0.903125 0.012188 0.015000
0 0.654297 0.929167 0.030937 0.080000
0 0.307812 0.912500 0.022500 0.042500
0 0.599609 0.908333 0.023438 0.050000
0 0.430859 0.896354 0.017813 0.026250
0 0.410547 0.904687 0.055313 0.051250
0 0.337500 0.890104 0.026250 0.033750
0 0.493750 0.924479 0.131250 0.118750
0 0.419531 0.875521 0.009375 0.016250
0 0.265625 0.873437 0.022500 0.046250
0 0.162500 0.866146 0.028125 0.028750
0 0.399609 0.866667 0.027187 0.032500
0 0.542188 0.857812 0.007500 0.028750
0 0.346484 0.867188 0.117188 0.068750
0 0.606641 0.863021 0.038437 0.066250
0 0.431250 0.844271 0.011250 0.026250
0 0.528125 0.826042 0.015000 0.025000
0 0.424609 0.821875 0.032813 0.017500
0 0.382812 0.829167 0.086250 0.055000
0 0.558203 0.868229 0.164062 0.153750
0 0.441797 0.811979 0.008437 0.021250
0 0.663672 0.822396 0.029062 0.053750
0 0.562891 0.808333 0.025312 0.022500
0 0.448828 0.803125 0.021562 0.035000
0 0.459375 0.832812 0.110625 0.113750
0 0.376953 0.796354 0.021562 0.043750
0 0.658984 0.791146 0.021562 0.036250
0 0.487109 0.781250 0.017813 0.012500
0 0.334375 0.820833 0.123750 0.115000
0 0.336328 0.795833 0.045937 0.060000
0 0.528125 0.797917 0.075000 0.072500
0 0.308984 0.778646 0.017813 0.028750
0 0.574219 0.776563 0.026250 0.043750
0 0.367578 0.763021 0.036562 0.028750
0 0.428906 0.756771 0.013125 0.016250
0 0.231250 0.755208 0.031875 0.032500
0 0.596094 0.758333 0.020625 0.042500
0 0.667578 0.763542 0.068437 0.057500
0 0.633594 0.745833 0.011250 0.015000
0 0.498828 0.763542 0.132187 0.060000
0 0.622656 0.764062 0.037500 0.071250
0 0.415625 0.769792 0.078750 0.100000
0 0.312109 0.731771 0.023438 0.021250
0 0.547266 0.730729 0.042188 0.023750
0 0.375781 0.736458 0.015000 0.037500
0 0.585938 0.733854 0.030000 0.036250
0 0.642578 0.728125 0.057188 0.037500
0 0.376953 0.715625 0.014063 0.010000
0 0.562891 0.711458 0.025312 0.022500
0 0.358984 0.720313 0.029062 0.048750
0 0.318359 0.746354 0.102187 0.111250
0 0.646484 0.702083 0.030937 0.040000
0 0.406250 0.712500 0.056250 0.065000
0 0.334375 0.703125 0.039375 0.052500
0 0.308984 0.698958 0.034687 0.050000
0 0.465625 0.684375 0.016875 0.017500
0 0.601562 0.695833 0.073125 0.087500
0 0.676172 0.664583 0.029062 0.032500
0 0.561328 0.681250 0.074063 0.090000
0 0.445312 0.647396 0.015000 0.016250
0 0.469531 0.688021 0.095625 0.126250
0 0.294922 0.654687 0.023438 0.051250
0 0.046875 0.632812 0.020625 0.016250
0 0.146094 0.644271 0.022500 0.051250
0 0.602734 0.632812 0.032813 0.031250
0 0.444531 0.622917 0.022500 0.020000
0 0.422266 0.633333 0.029062 0.050000
0 0.585156 0.623958 0.018750 0.037500
0 0.467187 0.626563 0.031875 0.046250
0 0.456250 0.609896 0.011250 0.018750
0 0.614453 0.613021 0.008437 0.031250
0 0.221484 0.617708 0.042188 0.055000
0 0.608594 0.601042 0.030000 0.030000
0 0.594922 0.592187 0.012188 0.013750
0 0.299219 0.612500 0.093750 0.090000
0 0.308594 0.584375 0.009375 0.022500
0 0.654687 0.646354 0.103125 0.173750
0 0.591797 0.585938 0.036562 0.033750
0 0.345703 0.570312 0.017813 0.031250
0 0.655859 0.578646 0.081562 0.078750
0 0.403125 0.629687 0.241875 0.201250
0 0.605859 0.552604 0.006563 0.021250
0 0.667578 0.550000 0.012188 0.022500
0 0.615234 0.554688 0.019688 0.036250
0 0.516016 0.551042 0.045937 0.035000
0 0.473047 0.547917 0.045937 0.027500
0 0.598047 0.544271 0.017813 0.023750
0 0.311719 0.560417 0.065625 0.075000
0 0.403125 0.555208 0.065625 0.072500
0 0.611719 0.531771 0.011250 0.031250
0 0.429688 0.532292 0.031875 0.035000
0 0.536328 0.621354 0.132187 0.258750
0 0.525000 0.521354 0.026250 0.028750
0 0.541406 0.518750 0.033750 0.032500
0 0.215625 0.522917 0.022500 0.045000
0 0.507031 0.516146 0.011250 0.043750
0 0.310937 0.507292 0.043125 0.045000
0 0.434375 0.514583 0.052500 0.067500
0 0.532813 0.497396 0.007500 0.028750
0 0.547266 0.488542 0.017813 0.015000
0 0.401562 0.492708 0.007500 0.025000
0 0.621875 0.493750 0.037500 0.030000
0 0.460547 0.489583 0.015938 0.025000
0 0.312891 0.491146 0.014063 0.031250
0 0.729688 0.493750 0.028125 0.045000
0 0.409766 0.477083 0.012188 0.015000
0 0.558984 0.476562 0.008437 0.033750
0 0.291797 0.480729 0.017813 0.046250
0 0.191797 0.478125 0.025312 0.050000
0 0.587109 0.502604 0.074063 0.111250
0 0.541016 0.457292 0.045937 0.040000
0 0.498828 0.485417 0.098437 0.122500
0 0.579688 0.448437 0.030000 0.036250
0 0.359766 0.526563 0.147187 0.233750
0 0.547266 0.430729 0.040313 0.021250
0 0.522266 0.425000 0.023438 0.025000
0 0.644922 0.491667 0.139687 0.192500
0 0.308594 0.435937 0.060000 0.071250
0 0.398828 0.436979 0.068437 0.078750
0 0.673438 0.410938 0.018750 0.018750
0 0.503516 0.418750 0.040313 0.042500
0 0.347656 0.421875 0.018750 0.055000
0 0.333594 0.400000 0.009375 0.012500
0 0.536328 0.402604 0.015938 0.026250
0 0.666016 0.396875 0.025312 0.017500
0 0.449219 0.438021 0.090000 0.121250
0 0.432422 0.392708 0.025312 0.032500
0 0.544531 0.384375 0.009375 0.025000
0 0.631250 0.393229 0.058125 0.063750
0 0.332031 0.385937 0.056250 0.048750
0 0.476953 0.373437 0.025312 0.021250
0 0.573828 0.400521 0.049687 0.096250
0 0.493750 0.365625 0.009375 0.020000
0 0.399219 0.372396 0.018750 0.036250
0 0.296875 0.364063 0.007500 0.026250
0 0.604688 0.370312 0.039375 0.046250
0 0.503516 0.358333 0.019688 0.022500
0 0.417187 0.366667 0.022500 0.045000
0 0.436328 0.362500 0.023438 0.037500
0 0.381250 0.386979 0.061875 0.103750
0 0.652344 0.349479 0.035625 0.033750
0 0.369141 0.348958 0.030937 0.042500
0 0.476562 0.363542 0.084375 0.087500
0 0.595703 0.341146 0.045937 0.038750
0 0.573438 0.341667 0.015000 0.040000
0 0.470703 0.332813 0.017813 0.028750
0 0.516797 0.327083 0.019688 0.017500
0 0.453125 0.334896 0.022500 0.048750
0 0.528516 0.352083 0.102187 0.120000
0 0.442188 0.304167 0.018750 0.020000
0 0.680469 0.303646 0.030000 0.036250
0 0.410156 0.316667 0.075000 0.067500
0 0.489063 0.298438 0.090000 0.063750
0 0.716406 0.285938 0.030000 0.041250
0 0.532031 0.273438 0.031875 0.033750
0 0.466016 0.266146 0.017813 0.021250
0 0.483594 0.267708 0.026250 0.037500
0 0.506641 0.256250 0.025312 0.037500
0 0.659766 0.248958 0.030937 0.037500
0 0.533984 0.239583 0.034687 0.037500
0 0.425391 0.267188 0.081562 0.108750
0 0.467187 0.229167 0.033750 0.037500
0 0.560156 0.542500 1.000000 1.000000
