0 0.980500 0.982000 0.039000 0.036000
0 0.752500 0.976000 0.036000 0.048000
0 0.013500 0.967500 0.027000 0.048000
0 0.974500 0.842500 0.051000 0.078000
0 0.943000 0.743750 0.114000 0.105000
0 0.260000 0.685000 0.060000 0.030000
0 0.102000 0.725000 0.204000 0.156000
0 0.081250 0.670000 0.033000 0.036000
0 0.290000 0.606250 0.048000 0.033000
0 0.337500 0.612500 0.060000 0.078000
0 0.883750 0.606250 0.123000 0.117000
0 0.368750 0.576250 0.075000 0.057000
0 0.655000 0.565000 0.060000 0.042000
0 0.120000 0.551250 0.030000 0.033000
0 0.811250 0.556250 0.087000 0.051000
0 0.111250 0.511250 0.063000 0.123000
0 0.052500 0.308750 0.105000 0.159000
0 0.952000 0.236250 0.096000 0.087000
0 0.560000 0.211250 0.090000 0.069000
0 0.460000 0.173750 0.048000 0.069000
0 0.580000 0.143750 0.084000 0.087000
0 0.245000 0.105000 0.042000 0.036000
0 0.365000 0.102500 0.054000 0.060000
0 0.695000 0.070000 0.042000 0.030000
0 0.637500 0.107500 0.126000 0.138000
0 0.973000 0.075000 0.054000 0.066000
0 0.968500 0.025500 0.063000 0.051000
0 0.746250 0.018000 0.057000 0.036000
0 0.708750 0.078000 0.171000 0.156000
0 0.600000 0.600000 1.000000 1.000000
