0 0.556203 0.670937 0.027977 0.029250
0 0.554954 0.640938 0.034971 0.020250
0 0.669442 0.639062 0.033972 0.026250
0 0.421732 0.628125 0.036969 0.025500
0 0.453372 0.629062 0.022981 0.030750
0 0.298501 0.618125 0.038968 0.021000
0 0.470025 0.614375 0.014988 0.015000
0 0.271024 0.616250 0.038968 0.021000
0 0.368859 0.612187 0.037968 0.021750
0 0.492923 0.610000 0.033972 0.018000
0 0.334721 0.613125 0.035970 0.025500
0 0.320150 0.603750 0.012989 0.006000
0 0.624063 0.606563 0.034971 0.021750
0 0.357202 0.596250 0.013988 0.006000
0 0.290175 0.599063 0.040966 0.020250
0 0.476270 0.598750 0.053955 0.022500
0 0.611574 0.599688 0.032973 0.027750
0 0.417569 0.600938 0.058951 0.033750
0 0.384679 0.592812 0.037968 0.018750
0 0.243547 0.593437 0.030974 0.021750
0 0.445878 0.599063 0.048959 0.039750
0 0.512073 0.591562 0.025978 0.023250
0 0.416736 0.587187 0.016986 0.021750
0 0.396753 0.578125 0.016986 0.009000
0 0.440466 0.578750 0.029975 0.013500
0 0.327227 0.579375 0.023980 0.016500
0 0.562448 0.576562 0.020983 0.012750
0 0.294338 0.585313 0.084929 0.041250
0 0.312240 0.572187 0.007993 0.012750
0 0.246045 0.565937 0.022981 0.014250
0 0.436719 0.567500 0.042964 0.021000
0 0.567027 0.562813 0.031973 0.015750
0 0.392173 0.559375 0.015987 0.007500
0 0.543714 0.562187 0.017985 0.015750
0 0.327644 0.562500 0.012989 0.016500
0 0.355953 0.574375 0.058951 0.046500
0 0.486261 0.562187 0.039967 0.018750
0 0.418401 0.562813 0.052956 0.021750
0 0.502498 0.570625 0.106911 0.043500
0 0.461282 0.554688 0.027977 0.008250
0 0.266028 0.553125 0.020983 0.010500
0 0.375937 0.549063 0.018984 0.009750
0 0.815987 0.551875 0.023980 0.018000
0 0.286012 0.548125 0.026978 0.009000
0 0.710241 0.551875 0.027977 0.019500
0 0.594088 0.558125 0.058951 0.037500
0 0.400916 0.548125 0.036969 0.015000
0 0.437968 0.548438 0.043963 0.020250
0 0.289342 0.556875 0.092923 0.040500
0 0.600000 0.730000 1.000000 0.540000
0 0.621149 0.544063 0.015987 0.024750
0 0.340966 0.539687 0.014988 0.014250
0 0.275604 0.539062 0.021982 0.021750
0 0.455454 0.533750 0.033972 0.012000
0 0.365112 0.542500 0.060949 0.033000
0 0.358868 0.532813 0.021982 0.011250
0 0.235637 0.545312 0.049958 0.044250
0 0.475021 0.529375 0.008993 0.012000
0 0.331807 0.528125 0.018984 0.009000
0 0.641132 0.528750 0.009992 0.013500
0 0.296003 0.532500 0.026978 0.022500
0 0.408826 0.533125 0.053955 0.025500
0 0.663197 0.530312 0.036969 0.023250
0 0.462115 0.523125 0.019983 0.009000
0 0.616986 0.528750 0.043963 0.027000
0 0.315154 0.521875 0.014988 0.010500
0 0.557868 0.522813 0.021982 0.014250
0 0.369276 0.518437 0.018984 0.009750
0 0.528726 0.535000 0.159867 0.051000
0 0.336803 0.516250 0.038968 0.010500
0 0.648626 0.516563 0.025978 0.012750
0 0.263947 0.517813 0.015987 0.020250
0 0.636137 0.510625 0.013988 0.009000
0 0.687344 0.515625 0.014988 0.022500
0 0.504580 0.514062 0.041965 0.018750
0 0.469609 0.509687 0.031973 0.018750
0 0.427144 0.504062 0.017985 0.006750
0 0.293922 0.511563 0.053955 0.027750
0 0.538718 0.506250 0.021982 0.021000
0 0.578684 0.515938 0.035970 0.045750
0 0.346794 0.503750 0.008993 0.019500
0 0.507494 0.498437 0.048959 0.023250
0 0.262698 0.490938 0.010991 0.009750
0 0.281016 0.500313 0.068943 0.038250
0 0.646545 0.485938 0.020983 0.005250
0 0.608659 0.505000 0.029975 0.051000
0 0.389675 0.501563 0.089925 0.042750
0 0.495837 0.488438 0.024979 0.020250
0 0.581599 0.487187 0.022981 0.024750
0 0.777685 0.486250 0.029975 0.024000
0 0.440883 0.498125 0.054954 0.055500
0 0.408410 0.477187 0.020983 0.005250
0 0.663614 0.478750 0.021982 0.010500
0 0.714821 0.492188 0.044963 0.045750
0 0.517902 0.476250 0.021982 0.007500
0 0.495004 0.478125 0.006994 0.013500
0 0.619900 0.480000 0.060949 0.021000
0 0.273106 0.478438 0.039967 0.017250
0 0.474188 0.482812 0.038968 0.032250
0 0.656953 0.485000 0.101915 0.043500
0 0.328893 0.486563 0.055953 0.047250
0 0.170275 0.470313 0.034971 0.018750
0 0.507077 0.465625 0.017985 0.009000
0 0.412157 0.466875 0.017985 0.012000
0 0.433389 0.464375 0.010991 0.009000
0 0.626561 0.465313 0.018984 0.012750
0 0.714405 0.463750 0.009992 0.010500
0 0.676103 0.466250 0.015987 0.016500
0 0.522898 0.465000 0.017985 0.016500
0 0.460866 0.465625 0.050958 0.019500
0 0.372606 0.477187 0.050958 0.047250
0 0.354288 0.463438 0.022981 0.015750
0 0.571607 0.475938 0.106911 0.051750
0 0.545379 0.458437 0.049958 0.018750
0 0.280600 0.461250 0.067943 0.030000
0 0.315987 0.464062 0.076936 0.038250
0 0.476686 0.450937 0.020983 0.011250
0 0.430475 0.450625 0.011990 0.013500
0 0.761449 0.448437 0.016986 0.014250
0 0.592423 0.448125 0.018984 0.015000
0 0.740633 0.459375 0.046961 0.043500
0 0.694421 0.455000 0.021982 0.034500
0 0.788926 0.447500 0.032973 0.018000
0 0.395504 0.443437 0.015987 0.015750
0 0.276020 0.441563 0.024979 0.012750
0 0.502498 0.445000 0.068943 0.022500
0 0.718152 0.439688 0.014988 0.011250
0 0.641965 0.439063 0.019983 0.014250
0 0.570358 0.442188 0.041965 0.021750
0 0.298085 0.438437 0.013988 0.012750
0 0.611157 0.437188 0.021982 0.014250
0 0.554954 0.436875 0.024979 0.018000
0 0.202331 0.436563 0.033972 0.017250
0 0.242298 0.438750 0.027977 0.027000
0 0.310158 0.432812 0.060949 0.021750
0 0.753539 0.431250 0.035970 0.021000
0 0.665279 0.426563 0.029975 0.009750
0 0.545795 0.427187 0.020983 0.012750
0 0.681932 0.447500 0.087927 0.064500
0 0.415071 0.439063 0.048959 0.044250
0 0.392173 0.425938 0.021982 0.015750
0 0.730225 0.420938 0.025978 0.006750
0 0.565362 0.419375 0.019983 0.009000
0 0.587843 0.424063 0.037968 0.024750
0 0.333056 0.418438 0.013988 0.012750
0 0.314738 0.419687 0.029975 0.018750
0 0.172773 0.420312 0.026978 0.021750
0 0.783930 0.417500 0.020983 0.018000
0 0.757286 0.415625 0.006994 0.013500
0 0.415071 0.415312 0.024979 0.017250
0 0.270192 0.414062 0.012989 0.015750
0 0.614904 0.417812 0.022981 0.026250
0 0.296420 0.410938 0.021982 0.011250
0 0.746878 0.411875 0.013988 0.015000
0 0.515820 0.414062 0.016986 0.020250
0 0.641549 0.418750 0.044963 0.037500
0 0.547877 0.418438 0.073938 0.039750
0 0.676520 0.407187 0.032973 0.018750
0 0.794754 0.403438 0.048959 0.020250
0 0.626561 0.400313 0.020983 0.012750
0 0.648210 0.397813 0.022981 0.014250
0 0.285179 0.402500 0.034971 0.025500
0 0.677352 0.396250 0.040966 0.012000
0 0.447960 0.397188 0.025978 0.014250
0 0.424646 0.400625 0.027977 0.022500
0 0.770608 0.397188 0.012989 0.024750
0 0.413822 0.391562 0.035970 0.012750
0 0.707327 0.408125 0.050958 0.063000
0 0.592007 0.392813 0.065945 0.029250
0 0.529142 0.390625 0.040966 0.031500
0 0.443381 0.382188 0.032973 0.015750
0 0.347211 0.378437 0.017985 0.008250
0 0.412989 0.379688 0.017985 0.015750
0 0.472523 0.414375 0.090924 0.103500
0 0.356786 0.411562 0.128893 0.098250
0 0.737302 0.386562 0.032973 0.044250
0 0.723980 0.372188 0.016986 0.009750
0 0.767694 0.376250 0.029975 0.021000
0 0.557868 0.370312 0.013988 0.015750
0 0.602415 0.367812 0.016986 0.011250
0 0.659867 0.371563 0.034971 0.021750
0 0.739800 0.365312 0.016986 0.008250
0 0.328476 0.365000 0.038968 0.012000
0 0.360949 0.373125 0.104913 0.046500
0 0.515820 0.370625 0.082931 0.042000
0 0.666112 0.356250 0.017985 0.013500
0 0.400083 0.359687 0.036969 0.021750
0 0.467943 0.362187 0.039967 0.029250
0 0.734388 0.355625 0.035970 0.022500
0 0.757286 0.354687 0.036969 0.026250
0 0.609492 0.347813 0.011990 0.012750
0 0.740216 0.342813 0.017985 0.008250
0 0.497086 0.344062 0.033972 0.011250
0 0.587011 0.372812 0.141882 0.083250
0 0.541216 0.341250 0.035970 0.016500
0 0.645712 0.343125 0.026978 0.028500
0 0.311823 0.339375 0.028976 0.028500
0 0.739800 0.329688 0.012989 0.012750
0 0.712323 0.329062 0.016986 0.011250
0 0.695670 0.326250 0.014988 0.007500
0 0.578268 0.330625 0.036969 0.019500
0 0.640716 0.324688 0.016986 0.017250
0 0.733139 0.320937 0.020983 0.017250
0 0.662365 0.320625 0.034971 0.018000
0 0.494172 0.316563 0.024979 0.018750
0 0.561199 0.315625 0.023980 0.018000
0 0.461282 0.340625 0.143880 0.081000
0 0.423813 0.314063 0.021982 0.017250
0 0.606578 0.304688 0.008993 0.014250
0 0.734804 0.305312 0.030974 0.017250
0 0.454205 0.304375 0.022981 0.015000
0 0.659867 0.305625 0.022981 0.019500
0 0.425479 0.324688 0.169858 0.075750
0 0.609076 0.321250 0.054954 0.070500
0 0.567027 0.300625 0.009992 0.021000
0 0.696087 0.341250 0.087927 0.123000
0 0.536220 0.317500 0.053955 0.067500
0 0.594088 0.297500 0.022981 0.022500
0 0.507910 0.295625 0.009992 0.018000
0 0.617402 0.291875 0.022981 0.010500
0 0.637386 0.299063 0.016986 0.032250
0 0.656953 0.287813 0.029975 0.020250
0 0.690674 0.286562 0.046961 0.029250
0 0.542881 0.276875 0.011990 0.010500
0 0.521232 0.284687 0.041965 0.029250
0 0.606162 0.279375 0.031973 0.019500
0 0.548293 0.267500 0.016986 0.010500
0 0.631141 0.271250 0.025978 0.021000
0 0.660699 0.267188 0.036969 0.021750
0 0.572440 0.260000 0.042964 0.025500
0 0.693589 0.236250 0.033972 0.021000
0 0.638218 0.232500 0.022981 0.028500
0 0.661948 0.220938 0.027977 0.027750
0 0.948043 0.038250 0.103913 0.076500
0 0.397669 0.245625 0.795337 0.491250
