0 0.597835 0.881563 0.035970 0.021750
0 0.574938 0.894062 0.040966 0.062250
0 0.665695 0.878437 0.038968 0.039750
0 0.540383 0.866250 0.049958 0.019500
0 0.352706 0.911500 0.705412 0.177000
0 0.496253 0.866875 0.053955 0.036000
0 0.746878 0.856563 0.045962 0.039750
0 0.439217 0.848125 0.012989 0.019500
0 0.376353 0.844688 0.041965 0.012750
0 0.422981 0.845000 0.013988 0.015000
0 0.467111 0.840938 0.011990 0.006750
0 0.478351 0.842500 0.012989 0.021000
0 0.404663 0.841250 0.025978 0.021000
0 0.627394 0.843437 0.022981 0.027750
0 0.589092 0.845000 0.054954 0.034500
0 0.649042 0.838750 0.042964 0.034500
0 0.341799 0.840000 0.088926 0.045000
0 0.398834 0.824688 0.009992 0.014250
0 0.646128 0.826875 0.035970 0.022500
0 0.603247 0.818125 0.014988 0.007500
0 0.430058 0.817187 0.028976 0.012750
0 0.547877 0.814063 0.021982 0.006750
0 0.687344 0.826250 0.052956 0.037500
0 0.510824 0.832812 0.078934 0.056250
0 0.648626 0.809688 0.017985 0.006750
0 0.445462 0.842812 0.059950 0.086250
0 0.286428 0.816562 0.041965 0.029250
0 0.334305 0.805000 0.006994 0.009000
0 0.666112 0.812187 0.021982 0.035250
0 0.504580 0.802813 0.017985 0.012750
0 0.400916 0.800000 0.010991 0.010500
0 0.598668 0.800312 0.031973 0.012750
0 0.444213 0.801875 0.016986 0.019500
0 0.550791 0.795000 0.026978 0.009000
0 0.455037 0.794375 0.024979 0.010500
0 0.276853 0.795312 0.024979 0.014250
0 0.137386 0.807500 0.037968 0.043500
0 0.363447 0.803750 0.036969 0.040500
0 0.241049 0.801562 0.060949 0.039750
0 0.341382 0.785625 0.013988 0.010500
0 0.661116 0.784062 0.025978 0.015750
0 0.566611 0.810000 0.044963 0.081000
0 0.533722 0.785312 0.011990 0.024750
0 0.303497 0.777500 0.026978 0.009000
0 0.209409 0.777813 0.012989 0.015750
0 0.544963 0.770625 0.014988 0.009000
0 0.452956 0.778750 0.061948 0.031500
0 0.404246 0.775312 0.028976 0.023250
0 0.388843 0.770938 0.017985 0.015750
0 0.298918 0.769687 0.027977 0.012750
0 0.505828 0.789375 0.076936 0.061500
0 0.454621 0.768437 0.017985 0.020250
0 0.420899 0.761875 0.010991 0.007500
0 0.082015 0.772813 0.058951 0.035250
0 0.707744 0.759375 0.029975 0.007500
0 0.566611 0.761875 0.030974 0.013500
0 0.720649 0.778438 0.092923 0.059250
0 0.325978 0.761875 0.032973 0.022500
0 0.490841 0.762813 0.020983 0.030750
0 0.459617 0.749687 0.011990 0.009750
0 0.229808 0.750938 0.007993 0.015750
0 0.347627 0.751563 0.022981 0.018750
0 0.676103 0.754062 0.043963 0.026250
0 0.725229 0.747188 0.011990 0.014250
0 0.185262 0.760625 0.038968 0.046500
0 0.495004 0.744062 0.018984 0.009750
0 0.297669 0.746563 0.018984 0.017250
0 0.278934 0.742188 0.019983 0.008250
0 0.417985 0.745000 0.007993 0.016500
0 0.393422 0.750000 0.040966 0.030000
0 0.199001 0.738750 0.009992 0.009000
0 0.445046 0.736250 0.014988 0.009000
0 0.670275 0.741250 0.021982 0.022500
0 0.331391 0.736875 0.009992 0.012000
0 0.763530 0.739688 0.039967 0.021750
0 0.481682 0.738125 0.010991 0.021000
0 0.097835 0.741875 0.058951 0.031500
0 0.629892 0.759375 0.068943 0.075000
0 0.370941 0.726875 0.014988 0.012000
0 0.465029 0.731875 0.016986 0.027000
0 0.426728 0.723125 0.024979 0.009000
0 0.699833 0.731250 0.046961 0.030000
0 0.313489 0.724063 0.016986 0.012750
0 0.539967 0.724688 0.018984 0.015750
0 0.291840 0.723125 0.016986 0.015000
0 0.179017 0.726875 0.043963 0.030000
0 0.733555 0.722187 0.059950 0.023250
0 0.452956 0.712812 0.011990 0.008250
0 0.664863 0.719688 0.018984 0.027750
0 0.636969 0.715938 0.035970 0.020250
0 0.241882 0.709063 0.016986 0.008250
0 0.473772 0.712500 0.025978 0.018000
0 0.397585 0.713437 0.042964 0.041250
0 0.462115 0.697500 0.017985 0.015000
0 0.206495 0.692813 0.013988 0.006750
0 0.778518 0.708125 0.043963 0.046500
0 0.431724 0.695000 0.014988 0.015000
0 0.207744 0.700937 0.048959 0.032250
0 0.406744 0.695312 0.042964 0.021750
0 0.602415 0.692500 0.024979 0.024000
0 0.243963 0.687187 0.027977 0.011250
0 0.410908 0.686562 0.016986 0.011250
0 0.743963 0.697812 0.034971 0.045750
0 0.572023 0.725313 0.095920 0.113250
0 0.768110 0.680937 0.014988 0.011250
0 0.182764 0.693438 0.036969 0.042750
0 0.506661 0.682813 0.036969 0.033750
0 0.218984 0.676875 0.045962 0.030000
0 0.615737 0.667813 0.010991 0.014250
0 0.467943 0.668438 0.021982 0.018750
0 0.721482 0.662813 0.014988 0.006750
0 0.718152 0.675000 0.026978 0.039000
0 0.527893 0.661250 0.015987 0.007500
0 0.573272 0.667188 0.034971 0.023250
0 0.423813 0.671562 0.035970 0.033750
0 0.776020 0.659687 0.017985 0.008250
0 0.293922 0.680000 0.105912 0.060000
0 0.526228 0.710625 0.071940 0.138000
0 0.503747 0.654062 0.011990 0.008250
0 0.465862 0.648125 0.020983 0.007500
0 0.609076 0.647813 0.014988 0.008250
0 0.796420 0.650937 0.022981 0.020250
0 0.131973 0.647188 0.016986 0.014250
0 0.394671 0.644375 0.013988 0.009000
0 0.115321 0.658438 0.042964 0.045750
0 0.610325 0.636875 0.007993 0.012000
0 0.750208 0.652813 0.043963 0.056250
0 0.674438 0.670312 0.147877 0.099750
0 0.283930 0.646875 0.043963 0.045000
0 0.348460 0.631875 0.018984 0.012000
0 0.201499 0.623750 0.015987 0.004500
0 0.491674 0.655312 0.056953 0.081750
0 0.145712 0.630938 0.015987 0.023250
0 0.433389 0.639687 0.046961 0.051750
0 0.646128 0.624375 0.037968 0.016500
0 0.264779 0.620625 0.009992 0.016500
0 0.367610 0.617188 0.020983 0.014250
0 0.408826 0.617812 0.013988 0.018750
0 0.106162 0.612500 0.026978 0.007500
0 0.635304 0.618750 0.047960 0.030000
0 0.218568 0.623437 0.106911 0.051750
0 0.140300 0.608125 0.020983 0.018000
0 0.771024 0.624687 0.067943 0.066750
0 0.288510 0.606563 0.038968 0.027750
0 0.263530 0.598750 0.014988 0.010500
0 0.165279 0.607187 0.034971 0.036750
0 0.381349 0.593750 0.011990 0.010500
0 0.100749 0.596250 0.043963 0.018000
0 0.697752 0.606563 0.095920 0.045750
0 0.211490 0.605938 0.051957 0.047250
0 0.508326 0.594688 0.036969 0.023250
0 0.603247 0.628125 0.098918 0.114000
0 0.598668 0.585625 0.023980 0.025500
0 0.311823 0.578438 0.014988 0.009750
0 0.295171 0.578750 0.008993 0.013500
0 0.387177 0.611250 0.103913 0.096000
0 0.394671 0.576562 0.013988 0.012750
0 0.700250 0.581875 0.031973 0.028500
0 0.128643 0.577187 0.040966 0.021750
0 0.808077 0.606563 0.096919 0.096750
0 0.824313 0.576562 0.023980 0.027750
0 0.621982 0.570312 0.021982 0.012750
0 0.171524 0.576562 0.057952 0.029250
0 0.721066 0.561562 0.011990 0.012750
0 0.572023 0.561562 0.005995 0.012750
0 0.336386 0.587812 0.071940 0.075750
0 0.251041 0.578750 0.136886 0.054000
0 0.816403 0.560937 0.010991 0.012750
0 0.464613 0.559063 0.023980 0.011250
0 0.906744 0.661250 0.117902 0.261000
0 0.655287 0.563750 0.051957 0.027000
0 0.526228 0.557187 0.015987 0.017250
0 0.754371 0.571250 0.099917 0.058500
0 0.532057 0.546875 0.015987 0.015000
0 0.950458 0.546875 0.010991 0.019500
0 0.688593 0.553438 0.063947 0.036750
0 0.406744 0.631250 0.202831 0.229500
0 0.199001 0.548750 0.045962 0.033000
0 0.323480 0.543750 0.064946 0.027000
0 0.474604 0.540000 0.057952 0.019500
0 0.563697 0.592812 0.149875 0.152250
0 0.174022 0.533750 0.007993 0.012000
0 0.784763 0.533125 0.012989 0.021000
0 0.684430 0.530625 0.017985 0.021000
0 0.253539 0.520000 0.022981 0.007500
0 0.708160 0.525625 0.070941 0.027000
0 0.606578 0.518750 0.028976 0.012000
0 0.813072 0.534687 0.052956 0.051750
0 0.727727 0.522188 0.035970 0.021750
0 0.557452 0.527188 0.046961 0.038250
0 0.405912 0.528750 0.084929 0.045000
0 0.680683 0.510625 0.020983 0.007500
0 0.341382 0.520625 0.065945 0.034500
0 0.270608 0.535000 0.059950 0.069000
0 0.272689 0.515312 0.014988 0.027750
0 0.623231 0.515312 0.020983 0.035250
0 0.268526 0.504375 0.016986 0.012000
0 0.251041 0.501563 0.024979 0.008250
0 0.824313 0.509375 0.053955 0.031500
0 0.722315 0.503750 0.024979 0.018000
0 0.644463 0.495625 0.011990 0.010500
0 0.589925 0.521875 0.048959 0.076500
0 0.660699 0.514687 0.068943 0.060750
0 0.511657 0.495000 0.012989 0.022500
0 0.313072 0.501563 0.045962 0.038250
0 0.802248 0.483438 0.018984 0.006750
0 0.564113 0.500000 0.064946 0.048000
0 0.384679 0.494375 0.021982 0.037500
0 0.639467 0.480312 0.015987 0.012750
0 0.798501 0.474062 0.009992 0.009750
0 0.611990 0.483125 0.025978 0.031500
0 0.191507 0.515312 0.125895 0.111750
0 0.858035 0.485625 0.032973 0.042000
0 0.723564 0.470625 0.021982 0.007500
0 0.375104 0.475625 0.032973 0.019500
0 0.279767 0.478750 0.021982 0.027000
0 0.193589 0.475313 0.010991 0.018750
0 0.753955 0.510938 0.066944 0.111750
0 0.592423 0.468750 0.012989 0.021000
0 0.621982 0.463750 0.025978 0.012000
0 0.207744 0.458125 0.014988 0.016500
0 0.584097 0.455625 0.012989 0.012000
0 0.853872 0.457500 0.030974 0.019500
0 0.640300 0.451250 0.019983 0.009000
0 0.975021 0.494063 0.049958 0.113250
0 0.356370 0.450937 0.009992 0.014250
0 0.497086 0.456875 0.023980 0.034500
0 0.758118 0.462187 0.084929 0.050250
0 0.819734 0.468125 0.064946 0.069000
0 0.225645 0.441250 0.017985 0.006000
0 0.519567 0.445000 0.011990 0.016500
0 0.463780 0.442812 0.035970 0.012750
0 0.699833 0.475000 0.070941 0.091500
0 0.623647 0.445312 0.033972 0.023250
0 0.116570 0.513750 0.083930 0.187500
0 0.163614 0.454688 0.050958 0.048750
0 0.441299 0.441875 0.015987 0.019500
0 0.716070 0.450000 0.035970 0.040500
0 0.463364 0.485312 0.172856 0.129750
0 0.841382 0.433125 0.020983 0.006000
0 0.759784 0.438125 0.034971 0.022500
0 0.368443 0.432500 0.026978 0.021000
0 0.876769 0.434688 0.063947 0.030750
0 0.360949 0.427812 0.010991 0.014250
0 0.604080 0.434375 0.032973 0.043500
0 0.376353 0.430312 0.033972 0.036750
0 0.752706 0.419375 0.011990 0.018000
0 0.420483 0.416563 0.009992 0.011250
0 0.224396 0.415312 0.012989 0.008250
0 0.569525 0.412813 0.009992 0.014250
0 0.473772 0.417187 0.061948 0.026250
0 0.586178 0.421563 0.021982 0.038250
0 0.177352 0.414375 0.033972 0.021000
0 0.400500 0.409375 0.033972 0.012000
0 0.161116 0.412813 0.010991 0.020250
0 0.806411 0.428125 0.064946 0.058500
0 0.253955 0.415312 0.023980 0.027750
0 0.790591 0.413750 0.042964 0.037500
0 0.788510 0.408750 0.017985 0.025500
0 0.602415 0.401562 0.026978 0.009750
0 0.281016 0.411250 0.076936 0.034500
0 0.241049 0.398125 0.012989 0.009000
0 0.429642 0.402187 0.041965 0.021750
0 0.641549 0.397813 0.024979 0.018750
0 0.300999 0.439063 0.096919 0.123750
0 0.287677 0.397500 0.034971 0.027000
0 0.553289 0.388437 0.008993 0.009750
0 0.702331 0.393125 0.038968 0.036000
0 0.534555 0.433125 0.107910 0.132000
0 0.855121 0.395625 0.043963 0.046500
0 0.341382 0.388750 0.027977 0.037500
0 0.829309 0.380312 0.021982 0.023250
0 0.679850 0.425938 0.148876 0.138750
0 0.642798 0.376563 0.015987 0.020250
0 0.733555 0.381875 0.029975 0.034500
0 0.684013 0.380000 0.022981 0.031500
0 0.419650 0.374688 0.011990 0.020250
0 0.577019 0.374375 0.019983 0.024000
0 0.315570 0.374688 0.021982 0.032250
0 0.404663 0.365938 0.013988 0.012750
0 0.436719 0.375625 0.032973 0.039000
0 0.764363 0.362812 0.007993 0.014250
0 0.440466 0.351250 0.015987 0.004500
0 0.626978 0.364687 0.039967 0.038250
0 0.342215 0.359063 0.019983 0.030750
0 0.788926 0.376563 0.112906 0.077250
0 0.271024 0.346562 0.020983 0.005250
0 0.655704 0.354687 0.024979 0.027750
0 0.294338 0.346562 0.022981 0.011250
0 0.231890 0.346250 0.010991 0.010500
0 0.400916 0.344062 0.008993 0.006750
0 0.460866 0.352812 0.028976 0.029250
0 0.745212 0.349687 0.013988 0.023250
0 0.591590 0.345000 0.020983 0.012000
0 0.761449 0.341562 0.016986 0.005250
0 0.411740 0.340938 0.008993 0.008250
0 0.494172 0.376250 0.104913 0.096000
0 0.371774 0.404687 0.076936 0.165750
0 0.577852 0.347187 0.015987 0.029250
0 0.497086 0.338750 0.007993 0.012000
0 0.601166 0.348438 0.035970 0.047250
0 0.207327 0.338438 0.011990 0.023250
0 0.669858 0.334688 0.020983 0.018750
0 0.470441 0.330625 0.031973 0.018000
0 0.443381 0.325313 0.042964 0.015750
0 0.402581 0.327500 0.010991 0.021000
0 0.746461 0.327188 0.018984 0.023250
0 0.788510 0.334375 0.047960 0.043500
0 0.417569 0.327500 0.016986 0.034500
0 0.621149 0.327188 0.077935 0.051750
0 0.237302 0.309063 0.049958 0.023250
0 0.559950 0.320312 0.058951 0.053250
0 0.539967 0.363750 0.080933 0.157500
0 0.363031 0.305625 0.027977 0.019500
0 0.450874 0.296250 0.022981 0.018000
0 0.382182 0.295625 0.007993 0.018000
0 0.581182 0.302187 0.023980 0.038250
0 0.498335 0.297500 0.018984 0.036000
0 0.361366 0.285938 0.023980 0.011250
0 0.578268 0.284687 0.022981 0.009750
0 0.696503 0.291875 0.044963 0.028500
0 0.407161 0.290312 0.027977 0.029250
0 0.771440 0.294687 0.044963 0.044250
0 0.742714 0.279062 0.017985 0.018750
0 0.535803 0.282500 0.034971 0.027000
0 0.667361 0.275938 0.030974 0.012750
0 0.339301 0.274687 0.014988 0.009750
0 0.291840 0.282187 0.036969 0.027750
0 0.458784 0.274062 0.007993 0.009750
0 0.655287 0.285938 0.041965 0.041250
0 0.634888 0.270000 0.010991 0.007500
0 0.428393 0.279375 0.022981 0.031500
0 0.319734 0.270000 0.027977 0.012000
0 0.263947 0.278750 0.021982 0.046500
0 0.734388 0.260937 0.023980 0.012750
0 0.510408 0.272813 0.023980 0.044250
0 0.485429 0.260937 0.009992 0.021750
0 0.289759 0.259688 0.037968 0.020250
0 0.529559 0.262188 0.029975 0.027750
0 0.625729 0.284687 0.064946 0.086250
0 0.355121 0.258125 0.028976 0.030000
0 0.583680 0.245938 0.015987 0.009750
0 0.693589 0.241250 0.015987 0.010500
0 0.592007 0.256563 0.029975 0.053250
0 0.564530 0.263125 0.033972 0.076500
0 0.548709 0.240000 0.009992 0.022500
0 0.764363 0.249688 0.035970 0.048750
0 0.649459 0.243750 0.017985 0.034500
0 0.439217 0.247188 0.046961 0.047250
0 0.456703 0.232813 0.018984 0.014250
0 0.393838 0.247188 0.055953 0.054750
0 0.603664 0.228125 0.017985 0.013500
0 0.714821 0.243438 0.024979 0.051750
0 0.700250 0.227813 0.009992 0.018750
0 0.517902 0.231563 0.041965 0.033750
0 0.485012 0.264688 0.058951 0.117750
0 0.573272 0.218125 0.010991 0.015000
0 0.694005 0.287500 0.104913 0.183000
0 0.330142 0.217812 0.062948 0.032250
0 0.629892 0.225938 0.048959 0.057750
0 0.741049 0.216562 0.041965 0.045750
0 0.547044 0.205313 0.035970 0.027750
0 0.589092 0.211250 0.036969 0.048000
0 0.596586 0.190000 0.014988 0.007500
0 0.615321 0.198125 0.023980 0.031500
0 0.676936 0.188438 0.055953 0.035250
0 0.569525 0.176563 0.061948 0.038250
0 0.300167 0.170000 0.042964 0.039000
0 0.358451 0.124688 0.042964 0.038250
0 0.502914 0.238750 0.994172 0.411000
