0 0.321094 0.991875 0.018750 0.016250
0 0.252734 0.989375 0.021562 0.021250
0 0.970000 0.985625 0.060000 0.028750
0 0.809766 0.982292 0.008437 0.017500
0 0.491797 0.984896 0.006563 0.023750
0 0.724609 0.983333 0.027187 0.022500
0 0.775781 0.983125 0.013125 0.033750
0 0.610156 0.976042 0.013125 0.015000
0 0.271875 0.976042 0.015000 0.017500
0 0.350391 0.980000 0.042188 0.040000
0 0.299609 0.970313 0.021562 0.016250
0 0.594531 0.965104 0.015000 0.008750
0 0.640234 0.973437 0.021562 0.031250
0 0.323437 0.968750 0.024375 0.020000
0 0.415625 0.968229 0.020625 0.026250
0 0.689063 0.957292 0.016875 0.012500
0 0.284375 0.955729 0.018750 0.011250
0 0.360156 0.946875 0.016875 0.017500
0 0.598047 0.947396 0.032813 0.021250
0 0.549609 0.942187 0.014063 0.013750
0 0.575391 0.940104 0.008437 0.016250
0 0.562109 0.942187 0.008437 0.021250
0 0.252344 0.953646 0.043125 0.048750
0 0.362891 0.927083 0.014063 0.010000
0 0.340625 0.930729 0.026250 0.036250
0 0.262109 0.922917 0.015938 0.017500
0 0.248047 0.926042 0.014063 0.025000
0 0.314453 0.916667 0.021562 0.015000
0 0.741797 0.921875 0.014063 0.035000
0 0.287109 0.906250 0.015938 0.012500
0 0.452344 0.910937 0.054375 0.038750
0 0.410938 0.900000 0.028125 0.027500
0 0.240625 0.895833 0.035625 0.027500
0 0.378125 0.894792 0.007500 0.030000
0 0.745703 0.890104 0.038437 0.021250
0 0.271094 0.875000 0.013125 0.022500
0 0.386719 0.868229 0.016875 0.013750
0 0.314453 0.869271 0.017813 0.021250
0 0.251172 0.868229 0.012188 0.018750
0 0.328516 0.869271 0.008437 0.023750
0 0.581641 0.861458 0.014063 0.012500
0 0.630859 0.862500 0.008437 0.022500
0 0.772656 0.862500 0.026250 0.040000
0 0.449219 0.859375 0.015000 0.035000
0 0.291406 0.849479 0.013125 0.016250
0 0.231250 0.845833 0.011250 0.010000
0 0.679297 0.849479 0.014063 0.021250
0 0.497266 0.845313 0.019688 0.011250
0 0.665234 0.847396 0.017813 0.023750
0 0.545703 0.838021 0.012188 0.011250
0 0.739844 0.840625 0.007500 0.025000
0 0.629687 0.840625 0.007500 0.025000
0 0.647656 0.846354 0.020625 0.043750
0 0.782031 0.823958 0.016875 0.017500
0 0.705469 0.830208 0.013125 0.032500
0 0.264844 0.824479 0.022500 0.023750
0 0.730859 0.821354 0.014063 0.018750
0 0.314063 0.819271 0.020625 0.013750
0 0.215234 0.818750 0.017813 0.017500
0 0.229297 0.817187 0.014063 0.021250
0 0.675391 0.811979 0.012188 0.011250
0 0.289844 0.821875 0.033750 0.045000
0 0.380859 0.807813 0.017813 0.018750
0 0.689453 0.803125 0.017813 0.012500
0 0.787500 0.802083 0.011250 0.020000
0 0.641797 0.805208 0.023438 0.027500
0 0.667969 0.794792 0.020625 0.022500
0 0.123281 0.871250 0.246562 0.257500
0 0.627344 0.789062 0.007500 0.026250
0 0.262891 0.789062 0.034687 0.026250
0 0.412891 0.786979 0.021562 0.023750
0 0.183203 0.788542 0.040313 0.035000
0 0.236328 0.788021 0.030937 0.041250
0 0.358203 0.777604 0.025312 0.021250
0 0.326953 0.773438 0.008437 0.023750
0 0.294141 0.770312 0.012188 0.016250
0 0.441797 0.763542 0.015938 0.025000
0 0.791016 0.765104 0.038437 0.033750
0 0.180469 0.761979 0.022500 0.036250
0 0.371875 0.756771 0.011250 0.026250
0 0.651172 0.764062 0.015938 0.046250
0 0.213281 0.752083 0.015000 0.017500
0 0.677344 0.750521 0.011250 0.018750
0 0.423438 0.745833 0.011250 0.012500
0 0.313281 0.746354 0.011250 0.013750
0 0.400000 0.755208 0.028125 0.037500
0 0.228906 0.752083 0.009375 0.030000
0 0.782813 0.746354 0.011250 0.018750
0 0.761328 0.733854 0.008437 0.026250
0 0.278906 0.726042 0.013125 0.010000
0 0.251953 0.733333 0.010312 0.030000
0 0.714063 0.725521 0.016875 0.016250
0 0.553516 0.721875 0.017813 0.010000
0 0.417578 0.724479 0.017813 0.016250
0 0.630859 0.734896 0.014063 0.046250
0 0.376563 0.720833 0.026250 0.015000
0 0.453125 0.732812 0.052500 0.051250
0 0.529687 0.716146 0.020625 0.026250
0 0.164453 0.715625 0.047812 0.025000
0 0.655078 0.713542 0.010312 0.025000
0 0.498828 0.708333 0.008437 0.032500
0 0.469922 0.698958 0.015938 0.012500
0 0.201172 0.694271 0.032813 0.016250
0 0.787500 0.702083 0.046875 0.042500
0 0.807422 0.688021 0.008437 0.011250
0 0.317969 0.695312 0.037500 0.028750
0 0.164062 0.692187 0.033750 0.026250
0 0.671484 0.688542 0.015938 0.025000
0 0.653906 0.674479 0.018750 0.008750
0 0.574609 0.678125 0.008437 0.017500
0 0.311719 0.673958 0.009375 0.017500
0 0.411719 0.664583 0.009375 0.017500
0 0.182422 0.665625 0.012188 0.032500
0 0.360938 0.655208 0.015000 0.012500
0 0.219141 0.670312 0.036562 0.051250
0 0.780469 0.660937 0.061875 0.046250
0 0.734766 0.650000 0.025312 0.022500
0 0.362109 0.637500 0.014063 0.010000
0 0.720313 0.639583 0.007500 0.022500
0 0.330078 0.642188 0.053437 0.041250
0 0.219922 0.638021 0.014063 0.031250
0 0.707422 0.634896 0.014063 0.028750
0 0.498047 0.628125 0.008437 0.015000
0 0.463281 0.629167 0.007500 0.025000
0 0.766406 0.625000 0.045000 0.030000
0 0.586328 0.626042 0.015938 0.035000
0 0.377344 0.621875 0.018750 0.027500
0 0.188672 0.628646 0.025312 0.046250
0 0.483203 0.619792 0.032813 0.030000
0 0.746484 0.619271 0.008437 0.031250
0 0.798828 0.614062 0.017813 0.021250
0 0.689063 0.625000 0.015000 0.047500
0 0.413281 0.620313 0.045000 0.036250
0 0.178516 0.616146 0.010312 0.033750
0 0.450391 0.607292 0.036562 0.025000
0 0.332813 0.600000 0.013125 0.007500
0 0.784766 0.603646 0.012188 0.018750
0 0.669531 0.608333 0.024375 0.035000
0 0.727734 0.599479 0.027187 0.026250
0 0.426172 0.596875 0.012188 0.025000
0 0.360547 0.594792 0.027187 0.020000
0 0.262109 0.589063 0.006563 0.021250
0 0.603516 0.593229 0.027187 0.033750
0 0.208594 0.588021 0.031875 0.023750
0 0.789062 0.584896 0.043125 0.021250
0 0.518750 0.597396 0.026250 0.058750
0 0.824219 0.582812 0.033750 0.026250
0 0.493750 0.579688 0.024375 0.018750
0 0.650781 0.582292 0.069375 0.032500
0 0.401953 0.574479 0.014063 0.013750
0 0.328516 0.578646 0.010312 0.033750
0 0.286719 0.578125 0.024375 0.032500
0 0.536719 0.572917 0.030000 0.025000
0 0.206641 0.568229 0.021562 0.018750
0 0.255469 0.564063 0.015000 0.011250
0 0.583203 0.567187 0.012188 0.026250
0 0.792578 0.559375 0.014063 0.017500
0 0.411328 0.559896 0.008437 0.018750
0 0.293750 0.555729 0.013125 0.016250
0 0.751563 0.566146 0.041250 0.043750
0 0.027734 0.551042 0.008437 0.017500
0 0.398047 0.551562 0.014063 0.026250
0 0.714063 0.578646 0.037500 0.096250
0 0.458203 0.548958 0.030937 0.027500
0 0.605859 0.544792 0.019688 0.020000
0 0.044531 0.550521 0.033750 0.041250
0 0.835547 0.545833 0.072187 0.032500
0 0.765234 0.532813 0.017813 0.013750
0 0.580859 0.543229 0.038437 0.038750
0 0.533984 0.540104 0.040313 0.031250
0 0.275000 0.546875 0.030000 0.047500
0 0.382031 0.530208 0.011250 0.012500
0 0.477344 0.528125 0.013125 0.012500
0 0.740625 0.529687 0.028125 0.021250
0 0.358984 0.531771 0.032813 0.028750
0 0.621875 0.527604 0.020625 0.021250
0 0.256250 0.523958 0.018750 0.017500
0 0.423047 0.525000 0.023438 0.022500
0 0.334375 0.519271 0.015000 0.023750
0 0.035547 0.517708 0.021562 0.022500
0 0.718750 0.510417 0.018750 0.012500
0 0.754687 0.515625 0.009375 0.027500
0 0.050781 0.518750 0.015000 0.037500
0 0.308594 0.511458 0.009375 0.025000
0 0.092578 0.511458 0.029062 0.025000
0 0.589844 0.507812 0.011250 0.018750
0 0.451953 0.511458 0.045937 0.030000
0 0.816797 0.508333 0.027187 0.027500
0 0.362891 0.503125 0.017813 0.015000
0 0.503906 0.504687 0.035625 0.023750
0 0.277344 0.504687 0.033750 0.026250
0 0.333984 0.498958 0.017813 0.017500
0 0.477734 0.491146 0.010312 0.013750
0 0.604297 0.490625 0.012188 0.020000
0 0.580078 0.492188 0.012188 0.023750
0 0.396875 0.491146 0.037500 0.028750
0 0.708984 0.490625 0.008437 0.030000
0 0.532031 0.489063 0.018750 0.028750
0 0.658203 0.483333 0.015938 0.020000
0 0.631641 0.481250 0.034687 0.020000
0 0.307031 0.487500 0.037500 0.037500
0 0.335156 0.479167 0.015000 0.022500
0 0.250391 0.478125 0.012188 0.025000
0 0.828516 0.473438 0.008437 0.021250
0 0.090234 0.470833 0.014063 0.015000
0 0.462500 0.479167 0.016875 0.037500
0 0.219141 0.483333 0.021562 0.055000
0 0.483594 0.469792 0.007500 0.027500
0 0.416406 0.465104 0.007500 0.023750
0 0.087891 0.459375 0.010312 0.012500
0 0.838281 0.466667 0.039375 0.032500
0 0.305859 0.459896 0.015938 0.016250
0 0.437891 0.464583 0.034687 0.030000
0 0.763672 0.473438 0.059062 0.058750
0 0.606641 0.449479 0.044062 0.026250
0 0.284766 0.447917 0.019688 0.022500
0 0.556250 0.452083 0.063750 0.047500
0 0.262500 0.439583 0.018750 0.025000
0 0.853125 0.437500 0.007500 0.022500
0 0.246484 0.428646 0.014063 0.011250
0 0.496094 0.439063 0.069375 0.041250
0 0.365625 0.443750 0.090000 0.057500
0 0.628906 0.431250 0.033750 0.030000
0 0.428906 0.430208 0.015000 0.027500
0 0.403125 0.425521 0.011250 0.021250
0 0.667578 0.421875 0.025312 0.020000
0 0.837500 0.428125 0.028125 0.037500
0 0.447656 0.415104 0.015000 0.011250
0 0.265625 0.416667 0.011250 0.015000
0 0.303906 0.429688 0.015000 0.051250
0 0.696484 0.440625 0.038437 0.080000
0 0.555078 0.420833 0.053437 0.032500
0 0.321094 0.416146 0.013125 0.021250
0 0.282422 0.419792 0.021562 0.035000
0 0.750391 0.414583 0.034687 0.027500
0 0.388672 0.401562 0.029062 0.018750
0 0.525391 0.403125 0.010312 0.025000
0 0.467578 0.405208 0.012188 0.030000
0 0.361328 0.397396 0.015938 0.011250
0 0.575781 0.397396 0.018750 0.013750
0 0.314844 0.395833 0.022500 0.017500
0 0.448437 0.396875 0.007500 0.027500
0 0.423828 0.391146 0.014063 0.016250
0 0.285547 0.390104 0.029062 0.016250
0 0.211719 0.389583 0.013125 0.017500
0 0.692578 0.389583 0.036562 0.020000
0 0.494141 0.390625 0.010312 0.022500
0 0.732422 0.384896 0.023438 0.013750
0 0.513672 0.390104 0.030937 0.028750
0 0.621875 0.397396 0.037500 0.048750
0 0.375781 0.388021 0.009375 0.026250
0 0.146875 0.386458 0.033750 0.027500
0 0.403906 0.383333 0.009375 0.022500
0 0.782031 0.390625 0.033750 0.042500
0 0.244531 0.395833 0.063750 0.057500
0 0.549219 0.387500 0.033750 0.042500
0 0.651563 0.381250 0.022500 0.030000
0 0.556641 0.369792 0.010312 0.025000
0 0.702734 0.361458 0.014063 0.007500
0 0.124219 0.366146 0.024375 0.026250
0 0.527344 0.363021 0.007500 0.028750
0 0.208984 0.358854 0.023438 0.021250
0 0.475781 0.367188 0.028125 0.043750
0 0.374219 0.357292 0.013125 0.025000
0 0.776172 0.353125 0.014063 0.020000
0 0.598828 0.352083 0.019688 0.017500
0 0.538672 0.350521 0.017813 0.013750
0 0.291016 0.359896 0.029062 0.041250
0 0.457031 0.351042 0.011250 0.022500
0 0.507031 0.353125 0.028125 0.030000
0 0.123828 0.348958 0.008437 0.020000
0 0.257812 0.343750 0.022500 0.017500
0 0.157812 0.341667 0.016875 0.012500
0 0.739062 0.343750 0.026250 0.020000
0 0.390625 0.341146 0.009375 0.018750
0 0.727344 0.333333 0.015000 0.015000
0 0.447656 0.330208 0.013125 0.017500
0 0.430469 0.349479 0.041250 0.063750
0 0.650391 0.335938 0.029062 0.043750
0 0.516406 0.322396 0.009375 0.013750
0 0.395703 0.323437 0.006563 0.018750
0 0.796875 0.327083 0.031875 0.032500
0 0.126172 0.316667 0.021562 0.012500
0 0.317188 0.319792 0.018750 0.027500
0 0.493359 0.313542 0.044062 0.027500
0 0.429297 0.314063 0.021562 0.028750
0 0.277344 0.310417 0.018750 0.022500
0 0.552734 0.303646 0.014063 0.011250
0 0.381250 0.303125 0.016875 0.010000
0 0.864062 0.313021 0.046875 0.043750
0 0.691406 0.308333 0.026250 0.032500
0 0.608984 0.301563 0.008437 0.018750
0 0.517578 0.297396 0.012188 0.011250
0 0.300391 0.301042 0.012188 0.022500
0 0.884375 0.294792 0.007500 0.025000
0 0.665234 0.283333 0.006563 0.020000
0 0.730078 0.289583 0.053437 0.037500
0 0.788672 0.286458 0.027187 0.035000
0 0.262891 0.281771 0.029062 0.028750
0 0.358203 0.276042 0.042188 0.020000
0 0.451953 0.286979 0.036562 0.048750
0 0.391016 0.276562 0.034687 0.023750
0 0.285938 0.270313 0.022500 0.011250
0 0.880469 0.271354 0.048750 0.026250
0 0.480859 0.269271 0.014063 0.026250
0 0.310156 0.268229 0.031875 0.041250
0 0.610156 0.255208 0.016875 0.015000
0 0.427344 0.254688 0.024375 0.018750
0 0.455859 0.263021 0.029062 0.043750
0 0.253516 0.249479 0.008437 0.021250
0 0.514062 0.249479 0.026250 0.023750
0 0.323047 0.244792 0.014063 0.015000
0 0.041406 0.258854 0.039375 0.051250
0 0.890234 0.247396 0.029062 0.028750
0 0.793750 0.246354 0.024375 0.033750
0 0.726172 0.235417 0.014063 0.012500
0 0.676953 0.230729 0.019688 0.013750
0 0.716406 0.223438 0.018750 0.013750
0 0.355078 0.223958 0.014063 0.017500
0 0.477344 0.232292 0.030000 0.045000
0 0.393750 0.227604 0.016875 0.033750
0 0.440625 0.223438 0.007500 0.026250
0 0.285547 0.231250 0.072187 0.045000
0 0.043359 0.216146 0.014063 0.011250
0 0.650781 0.214062 0.009375 0.018750
0 0.590625 0.220833 0.024375 0.037500
0 0.753516 0.211458 0.029062 0.020000
0 0.833203 0.210417 0.027187 0.032500
0 0.381250 0.202083 0.011250 0.012500
0 0.334375 0.207813 0.050625 0.028750
0 0.733594 0.197917 0.015000 0.015000
0 0.524219 0.197917 0.016875 0.022500
0 0.396484 0.199479 0.015938 0.026250
0 0.416406 0.195833 0.020625 0.025000
0 0.569922 0.189062 0.036562 0.016250
0 0.494141 0.185938 0.014063 0.018750
0 0.361719 0.187500 0.039375 0.025000
0 0.726562 0.182812 0.007500 0.016250
0 0.544922 0.190625 0.019688 0.035000
0 0.637500 0.171354 0.018750 0.008750
0 0.207031 0.174479 0.033750 0.021250
0 0.342969 0.170313 0.020625 0.016250
0 0.843750 0.170313 0.015000 0.018750
0 0.709375 0.171875 0.028125 0.027500
0 0.524219 0.170313 0.054375 0.028750
0 0.735938 0.163542 0.026250 0.017500
0 0.604297 0.162500 0.008437 0.015000
0 0.667969 0.155208 0.007500 0.022500
0 0.480078 0.152083 0.029062 0.015000
0 0.568750 0.152604 0.011250 0.021250
0 0.402344 0.149479 0.009375 0.013750
0 0.457422 0.153646 0.017813 0.036250
0 0.307422 0.163021 0.049687 0.061250
0 0.369922 0.146875 0.034687 0.027500
0 0.199609 0.140104 0.030937 0.023750
0 0.519141 0.128125 0.023438 0.012500
0 0.496484 0.132812 0.023438 0.033750
0 0.440234 0.123438 0.017813 0.023750
0 0.331641 0.124479 0.019688 0.033750
0 0.684766 0.116667 0.019688 0.027500
0 0.662500 0.107813 0.026250 0.028750
0 0.617578 0.105729 0.014063 0.026250
0 0.692187 0.093750 0.009375 0.020000
0 0.383203 0.099479 0.032813 0.041250
0 0.493359 0.096875 0.015938 0.042500
0 0.343750 0.087500 0.022500 0.027500
0 0.602344 0.080729 0.009375 0.013750
0 0.360547 0.084375 0.014063 0.022500
0 0.591016 0.086979 0.010312 0.031250
0 0.562891 0.089583 0.010312 0.037500
0 0.451953 0.095312 0.081562 0.066250
0 0.394141 0.082812 0.032813 0.038750
0 0.519141 0.086458 0.045937 0.050000
0 0.500781 0.051562 0.015000 0.016250
0 0.399219 0.057813 0.013125 0.031250
0 0.368750 0.058333 0.016875 0.037500
0 0.565234 0.057292 0.030937 0.042500
0 0.554688 0.032292 0.011250 0.015000
0 0.528125 0.039583 0.030000 0.035000
0 0.446484 0.044271 0.057188 0.051250
0 0.476172 0.029687 0.017813 0.018750
0 0.583203 0.043750 0.029062 0.055000
0 0.400391 0.029167 0.014063 0.020000
0 0.495312 0.016146 0.024375 0.011250
0 0.516016 0.011979 0.017813 0.023750
0 0.780625 0.139375 0.438750 0.278750
0 0.376953 0.011875 0.023438 0.023750
0 0.219375 0.153125 0.438750 0.306250
