0 0.527734 0.986875 0.034687 0.026250
0 0.183594 0.977083 0.024375 0.012500
0 0.606641 0.979375 0.025312 0.041250
0 0.526172 0.965104 0.008437 0.016250
0 0.485156 0.963542 0.011250 0.012500
0 0.540234 0.963542 0.012188 0.015000
0 0.496484 0.964063 0.014063 0.016250
0 0.170703 0.964063 0.012188 0.021250
0 0.337109 0.964063 0.032813 0.031250
0 0.586328 0.967187 0.045937 0.048750
0 0.475781 0.943750 0.018750 0.030000
0 0.498047 0.948958 0.029062 0.045000
0 0.179688 0.946875 0.046875 0.040000
0 0.337109 0.937500 0.034687 0.030000
0 0.623828 0.929688 0.021562 0.016250
0 0.603125 0.926562 0.016875 0.018750
0 0.473828 0.911979 0.008437 0.026250
0 0.622656 0.905729 0.026250 0.026250
0 0.648828 0.908854 0.030937 0.058750
0 0.435547 0.906250 0.070312 0.060000
0 0.682422 0.886458 0.010312 0.017500
0 0.455078 0.880729 0.017813 0.018750
0 0.486719 0.889583 0.031875 0.042500
0 0.509375 0.870313 0.016875 0.013750
0 0.523438 0.897917 0.071250 0.087500
0 0.692578 0.871875 0.019688 0.045000
0 0.357812 0.856771 0.011250 0.016250
0 0.673438 0.871875 0.020625 0.057500
0 0.233594 0.858333 0.024375 0.025000
0 0.467969 0.857812 0.039375 0.026250
0 0.438281 0.856771 0.041250 0.041250
0 0.389062 0.860417 0.061875 0.052500
0 0.554297 0.848958 0.023438 0.027500
0 0.221875 0.843750 0.020625 0.025000
0 0.660547 0.842187 0.019688 0.033750
0 0.252344 0.828125 0.015000 0.012500
0 0.541797 0.828646 0.017813 0.023750
0 0.367578 0.830729 0.049687 0.028750
0 0.720313 0.817187 0.016875 0.021250
0 0.504687 0.833333 0.073125 0.060000
0 0.235156 0.813542 0.009375 0.012500
0 0.702734 0.812500 0.010312 0.037500
0 0.373828 0.801042 0.042188 0.025000
0 0.232422 0.816146 0.057188 0.063750
0 0.606250 0.802083 0.046875 0.032500
0 0.558984 0.798438 0.062812 0.033750
0 0.291016 0.793750 0.019688 0.022500
0 0.100781 0.869375 0.201563 0.261250
0 0.668750 0.786458 0.011250 0.012500
0 0.439063 0.810417 0.120000 0.072500
0 0.737500 0.787500 0.030000 0.022500
0 0.334766 0.780208 0.025312 0.027500
0 0.393359 0.776563 0.014063 0.028750
0 0.762109 0.779687 0.025312 0.048750
0 0.491016 0.768229 0.010312 0.023750
0 0.470703 0.774479 0.034687 0.038750
0 0.161328 0.765625 0.014063 0.022500
0 0.450781 0.759896 0.015000 0.011250
0 0.376563 0.757812 0.011250 0.016250
0 0.151172 0.752083 0.019688 0.017500
0 0.515625 0.777604 0.050625 0.091250
0 0.700781 0.751563 0.020625 0.033750
0 0.171094 0.743229 0.009375 0.018750
0 0.105078 0.744271 0.038437 0.028750
0 0.543359 0.742188 0.010312 0.026250
0 0.324609 0.754687 0.107813 0.058750
0 0.572656 0.757292 0.078750 0.070000
0 0.514844 0.744271 0.028125 0.046250
0 0.761719 0.731250 0.022500 0.022500
0 0.448047 0.727083 0.012188 0.015000
0 0.609766 0.731250 0.025312 0.027500
0 0.717969 0.726562 0.009375 0.018750
0 0.488281 0.734896 0.013125 0.038750
0 0.154688 0.728125 0.030000 0.030000
0 0.583984 0.719271 0.014063 0.018750
0 0.420312 0.745833 0.048750 0.090000
0 0.744531 0.739062 0.075000 0.076250
0 0.288672 0.717187 0.010312 0.023750
0 0.099219 0.721875 0.039375 0.035000
0 0.501172 0.709375 0.010312 0.015000
0 0.337109 0.715104 0.012188 0.036250
0 0.550781 0.711979 0.067500 0.041250
0 0.462500 0.705729 0.009375 0.026250
0 0.307812 0.713021 0.045000 0.051250
0 0.792578 0.690625 0.014063 0.010000
0 0.328516 0.692708 0.025312 0.015000
0 0.758594 0.692708 0.018750 0.020000
0 0.502344 0.690625 0.007500 0.020000
0 0.589063 0.698958 0.033750 0.047500
0 0.784766 0.697917 0.032813 0.047500
0 0.560547 0.683854 0.008437 0.016250
0 0.286719 0.684896 0.028125 0.018750
0 0.451562 0.687500 0.015000 0.027500
0 0.476172 0.713542 0.051562 0.092500
0 0.403516 0.716146 0.094687 0.101250
0 0.269141 0.695312 0.023438 0.051250
0 0.060937 0.669271 0.015000 0.013750
0 0.530859 0.672396 0.064687 0.028750
0 0.725781 0.668750 0.015000 0.025000
0 0.621094 0.663542 0.022500 0.017500
0 0.877734 0.655729 0.015938 0.018750
0 0.608984 0.657813 0.034687 0.038750
0 0.391797 0.677604 0.120937 0.086250
0 0.679688 0.652083 0.056250 0.045000
0 0.348438 0.647396 0.052500 0.048750
0 0.337109 0.632812 0.010312 0.021250
0 0.285938 0.652083 0.095625 0.067500
0 0.624219 0.629687 0.022500 0.018750
0 0.861328 0.638021 0.029062 0.043750
0 0.656641 0.787500 0.347812 0.402500
0 0.699219 0.629167 0.030000 0.025000
0 0.324609 0.623958 0.010312 0.017500
0 0.453125 0.647917 0.046875 0.082500
0 0.234766 0.625000 0.034687 0.035000
0 0.285547 0.622396 0.059062 0.031250
0 0.717969 0.621354 0.015000 0.038750
0 0.703906 0.609896 0.016875 0.011250
0 0.458594 0.614583 0.031875 0.027500
0 0.354297 0.611458 0.008437 0.025000
0 0.416016 0.613542 0.034687 0.042500
0 0.248438 0.602083 0.011250 0.017500
0 0.805469 0.619792 0.043125 0.080000
0 0.340625 0.604167 0.041250 0.042500
0 0.271484 0.596875 0.030937 0.025000
0 0.203516 0.607292 0.030937 0.055000
0 0.392969 0.589063 0.016875 0.013750
0 0.474609 0.590104 0.010312 0.033750
0 0.662109 0.583333 0.021562 0.025000
0 0.796094 0.576562 0.024375 0.011250
0 0.892578 0.573958 0.012188 0.015000
0 0.896875 0.576042 0.024375 0.032500
0 0.443359 0.577083 0.070312 0.042500
0 0.723437 0.608854 0.121875 0.123750
0 0.346875 0.567708 0.011250 0.025000
0 0.376563 0.580729 0.037500 0.063750
0 0.358203 0.566146 0.008437 0.028750
0 0.796875 0.559375 0.033750 0.027500
0 0.692578 0.557813 0.030937 0.031250
0 0.769531 0.552604 0.026250 0.021250
0 0.503125 0.606250 0.080625 0.150000
0 0.245312 0.561458 0.018750 0.047500
0 0.881250 0.558854 0.041250 0.043750
0 0.604688 0.552083 0.035625 0.032500
0 0.552344 0.565625 0.067500 0.067500
0 0.739453 0.545833 0.040313 0.022500
0 0.664844 0.548438 0.026250 0.028750
0 0.783984 0.539583 0.010312 0.010000
0 0.795156 0.720000 0.409687 0.560000
0 0.289062 0.545833 0.022500 0.035000
0 0.209766 0.557292 0.072187 0.065000
0 0.455469 0.541667 0.052500 0.030000
0 0.164844 0.546354 0.050625 0.043750
0 0.858203 0.542708 0.049687 0.042500
0 0.276172 0.552083 0.057188 0.065000
0 0.381641 0.548958 0.079687 0.060000
0 0.471875 0.529687 0.005625 0.021250
0 0.315234 0.561979 0.057188 0.101250
0 0.250781 0.522396 0.020625 0.016250
0 0.546875 0.522396 0.033750 0.026250
0 0.446875 0.518229 0.016875 0.018750
0 0.345703 0.515625 0.015938 0.017500
0 0.420312 0.523438 0.031875 0.041250
0 0.362109 0.518229 0.017813 0.028750
0 0.176172 0.516146 0.008437 0.023750
0 0.581641 0.520833 0.036562 0.037500
0 0.264453 0.513021 0.012188 0.021250
0 0.766406 0.521354 0.030000 0.048750
0 0.735938 0.513542 0.033750 0.030000
0 0.218359 0.514583 0.051562 0.037500
0 0.516406 0.501042 0.016875 0.020000
0 0.471875 0.510938 0.031875 0.043750
0 0.599219 0.582812 0.204375 0.218750
0 0.681641 0.516146 0.034687 0.066250
0 0.433203 0.500000 0.042188 0.027500
0 0.353516 0.495312 0.010312 0.023750
0 0.172266 0.494792 0.060937 0.030000
0 0.252734 0.494271 0.034687 0.036250
0 0.394922 0.500521 0.034687 0.053750
0 0.539844 0.481250 0.015000 0.012500
0 0.204297 0.483333 0.014063 0.022500
0 0.659766 0.479687 0.023438 0.016250
0 0.215234 0.480208 0.017813 0.022500
0 0.156250 0.476042 0.039375 0.025000
0 0.381641 0.478125 0.010312 0.035000
0 0.576953 0.484375 0.074063 0.055000
0 0.803516 0.466146 0.030937 0.023750
0 0.635156 0.465104 0.028125 0.031250
0 0.616406 0.467708 0.016875 0.037500
0 0.520312 0.495833 0.045000 0.105000
0 0.682031 0.464583 0.016875 0.042500
0 0.068750 0.449479 0.013125 0.008750
0 0.504297 0.447396 0.014063 0.013750
0 0.210547 0.470313 0.051562 0.068750
0 0.383203 0.448958 0.019688 0.022500
0 0.252344 0.446875 0.015000 0.020000
0 0.809766 0.446354 0.017813 0.026250
0 0.720703 0.459896 0.060937 0.058750
0 0.227344 0.447917 0.043125 0.040000
0 0.178906 0.441146 0.033750 0.033750
0 0.784375 0.432812 0.011250 0.016250
0 0.435156 0.458333 0.106875 0.080000
0 0.700781 0.433333 0.037500 0.032500
0 0.330469 0.478646 0.148125 0.146250
0 0.796875 0.435417 0.030000 0.045000
0 0.418750 0.432812 0.060000 0.058750
0 0.214844 0.414583 0.024375 0.015000
0 0.714453 0.411458 0.015938 0.020000
0 0.258594 0.416667 0.016875 0.032500
0 0.765625 0.417187 0.020625 0.041250
0 0.180078 0.407813 0.021562 0.018750
0 0.368359 0.402083 0.014063 0.015000
0 0.213672 0.403125 0.014063 0.017500
0 0.099219 0.399479 0.015000 0.011250
0 0.783984 0.392708 0.014063 0.012500
0 0.401562 0.395313 0.016875 0.018750
0 0.697656 0.398438 0.039375 0.038750
0 0.380859 0.382292 0.010312 0.025000
0 0.555859 0.378646 0.010312 0.021250
0 0.457813 0.389583 0.046875 0.047500
0 0.436719 0.375000 0.013125 0.012500
0 0.355859 0.380208 0.038437 0.032500
0 0.311328 0.379688 0.045937 0.031250
0 0.275391 0.377083 0.023438 0.025000
0 0.228516 0.375521 0.017813 0.028750
0 0.690234 0.367708 0.017813 0.012500
0 0.401953 0.389062 0.049687 0.068750
0 0.189453 0.376563 0.057188 0.043750
0 0.564844 0.431250 0.286875 0.177500
0 0.722266 0.368229 0.038437 0.036250
0 0.633984 0.372396 0.030937 0.046250
0 0.505469 0.358333 0.007500 0.017500
0 0.244531 0.355729 0.013125 0.021250
0 0.468359 0.356250 0.014063 0.027500
0 0.551172 0.351562 0.023438 0.018750
0 0.580859 0.363542 0.040313 0.050000
0 0.371875 0.353125 0.022500 0.025000
0 0.758594 0.379167 0.091875 0.095000
0 0.474219 0.341667 0.013125 0.012500
0 0.292969 0.343750 0.007500 0.020000
0 0.698438 0.351562 0.067500 0.043750
0 0.436719 0.345313 0.011250 0.028750
0 0.269531 0.344792 0.039375 0.032500
0 0.167187 0.336458 0.015000 0.022500
0 0.654297 0.344271 0.023438 0.043750
0 0.309375 0.343229 0.033750 0.053750
0 0.623047 0.336979 0.072187 0.046250
0 0.579297 0.326562 0.017813 0.026250
0 0.228906 0.340104 0.060000 0.058750
0 0.420312 0.331771 0.024375 0.046250
0 0.537500 0.315625 0.007500 0.025000
0 0.609766 0.314063 0.015938 0.033750
0 0.318359 0.304167 0.017813 0.012500
0 0.696875 0.317708 0.073125 0.047500
0 0.501563 0.306250 0.011250 0.027500
0 0.556250 0.316146 0.033750 0.053750
0 0.623047 0.295312 0.034687 0.018750
0 0.333203 0.310417 0.079687 0.065000
0 0.373828 0.288542 0.012188 0.015000
0 0.230078 0.295312 0.025312 0.033750
0 0.186719 0.290104 0.026250 0.021250
0 0.492188 0.285417 0.026250 0.015000
0 0.410156 0.308333 0.105000 0.077500
0 0.384375 0.278125 0.013125 0.007500
0 0.467578 0.302604 0.062812 0.076250
0 0.182812 0.308854 0.080625 0.091250
0 0.555859 0.280208 0.012188 0.030000
0 0.188281 0.270833 0.015000 0.015000
0 0.503125 0.269271 0.016875 0.018750
0 0.298828 0.269792 0.017813 0.020000
0 0.413672 0.273438 0.051562 0.038750
0 0.539062 0.259896 0.026250 0.016250
0 0.270703 0.290625 0.060937 0.090000
0 0.356641 0.273438 0.055313 0.053750
0 0.510938 0.315625 0.075000 0.157500
0 0.873437 0.255729 0.011250 0.018750
0 0.440625 0.255208 0.016875 0.017500
0 0.567969 0.258333 0.030000 0.027500
0 0.269141 0.265625 0.019688 0.045000
0 0.460547 0.253125 0.019688 0.027500
0 0.375000 0.244271 0.013125 0.011250
0 0.587891 0.273958 0.038437 0.090000
0 0.482812 0.244792 0.035625 0.035000
0 0.562500 0.236979 0.016875 0.021250
0 0.246875 0.247396 0.041250 0.046250
0 0.464453 0.235417 0.008437 0.027500
0 0.223438 0.231250 0.011250 0.027500
0 0.608203 0.226562 0.006563 0.018750
0 0.332813 0.229687 0.018750 0.026250
0 0.656641 0.270313 0.115312 0.128750
0 0.991797 0.222396 0.014063 0.018750
0 0.295703 0.246354 0.070312 0.081250
0 0.360547 0.222396 0.038437 0.036250
0 0.204297 0.237500 0.044062 0.072500
0 0.416016 0.229687 0.079687 0.056250
0 0.571094 0.218229 0.016875 0.036250
0 0.592187 0.217708 0.024375 0.037500
0 0.440234 0.208333 0.010312 0.017500
0 0.662109 0.197917 0.010312 0.017500
0 0.468359 0.211979 0.045937 0.053750
0 0.613672 0.203125 0.019688 0.035000
0 0.393750 0.195833 0.009375 0.022500
0 0.429297 0.194271 0.021562 0.023750
0 0.447266 0.187500 0.010312 0.012500
0 0.364063 0.191146 0.009375 0.021250
0 0.640625 0.196875 0.045000 0.037500
0 0.599609 0.184896 0.015938 0.021250
0 0.283203 0.170833 0.019688 0.010000
0 0.274609 0.187500 0.014063 0.050000
0 0.222266 0.175521 0.015938 0.023750
0 0.620703 0.172917 0.010312 0.020000
0 0.264062 0.166146 0.013125 0.021250
0 0.457813 0.159375 0.016875 0.012500
0 0.413672 0.171354 0.036562 0.043750
0 0.794141 0.159375 0.014063 0.020000
0 0.385156 0.159896 0.015000 0.021250
0 0.633594 0.165625 0.022500 0.047500
0 0.873437 0.150521 0.016875 0.016250
0 0.551172 0.183333 0.173437 0.157500
0 0.389844 0.152604 0.054375 0.086250
0 0.578125 0.111979 0.015000 0.008750
0 0.294922 0.164583 0.165938 0.155000
0 0.360938 0.106250 0.020625 0.022500
0 0.579688 0.101562 0.011250 0.013750
0 0.284766 0.101562 0.030937 0.026250
0 0.561719 0.090104 0.028125 0.018750
0 0.371094 0.085938 0.016875 0.016250
0 0.533594 0.091667 0.031875 0.037500
0 0.413672 0.082292 0.021562 0.022500
0 0.478906 0.077083 0.028125 0.027500
0 0.482812 0.126562 0.219375 0.156250
0 0.437500 0.079687 0.033750 0.048750
0 0.389453 0.071354 0.036562 0.031250
0 0.862891 0.061979 0.010312 0.021250
0 0.617578 0.057292 0.049687 0.047500
0 0.496484 0.050521 0.049687 0.033750
0 0.899219 0.130625 0.201563 0.261250
0 0.628516 0.006250 0.010312 0.012500
0 0.444531 0.028750 0.043125 0.057500
0 0.204844 0.280000 0.409687 0.560000
