0 0.416797 0.876563 0.017813 0.026250
0 0.100312 0.890625 0.200625 0.218750
0 0.476172 0.795833 0.015938 0.010000
0 0.517578 0.784375 0.012188 0.020000
0 0.564453 0.777604 0.012188 0.028750
0 0.548438 0.767708 0.011250 0.020000
0 0.307031 0.762500 0.018750 0.010000
0 0.407031 0.759896 0.018750 0.028750
0 0.527734 0.748958 0.015938 0.012500
0 0.548828 0.741667 0.025312 0.042500
0 0.522266 0.745833 0.036562 0.052500
0 0.456250 0.733854 0.018750 0.023750
0 0.489844 0.732292 0.009375 0.025000
0 0.589063 0.727083 0.013125 0.022500
0 0.476172 0.732292 0.015938 0.037500
0 0.500000 0.725521 0.009375 0.026250
0 0.515234 0.728646 0.032813 0.048750
0 0.548438 0.713542 0.016875 0.025000
0 0.441016 0.708854 0.032813 0.028750
0 0.488672 0.702083 0.029062 0.025000
0 0.509766 0.694792 0.008437 0.017500
0 0.419922 0.694271 0.014063 0.018750
0 0.579688 0.703125 0.039375 0.042500
0 0.551953 0.691146 0.023438 0.013750
0 0.520703 0.693229 0.008437 0.028750
0 0.443359 0.684896 0.010312 0.021250
0 0.582422 0.682292 0.010312 0.020000
0 0.480469 0.682292 0.016875 0.020000
0 0.340625 0.679688 0.015000 0.013750
0 0.532813 0.680208 0.022500 0.020000
0 0.463672 0.681250 0.021562 0.030000
0 0.565234 0.672396 0.019688 0.016250
0 0.505859 0.666146 0.012188 0.021250
0 0.441016 0.659896 0.010312 0.018750
0 0.490625 0.659896 0.026250 0.023750
0 0.580078 0.658854 0.021562 0.026250
0 0.378125 0.661458 0.013125 0.037500
0 0.521484 0.657813 0.014063 0.036250
0 0.546094 0.648958 0.016875 0.027500
0 0.410547 0.642708 0.014063 0.020000
0 0.601953 0.655729 0.030937 0.058750
0 0.291797 0.637500 0.012188 0.015000
0 0.261328 0.636979 0.029062 0.028750
0 0.514844 0.635938 0.016875 0.031250
0 0.388672 0.633333 0.027187 0.025000
0 0.637891 0.642708 0.049687 0.057500
0 0.422266 0.639583 0.015938 0.060000
0 0.526953 0.620833 0.014063 0.022500
0 0.392578 0.615625 0.030937 0.015000
0 0.443750 0.620313 0.030000 0.028750
0 0.493750 0.615625 0.016875 0.037500
0 0.479687 0.605729 0.013125 0.016250
0 0.642969 0.603125 0.028125 0.012500
0 0.618750 0.613542 0.024375 0.040000
0 0.412891 0.605729 0.008437 0.021250
0 0.363281 0.608854 0.009375 0.028750
0 0.576953 0.619792 0.040313 0.060000
0 0.519141 0.600521 0.032813 0.026250
0 0.666797 0.589583 0.021562 0.010000
0 0.603516 0.601042 0.010312 0.037500
0 0.432031 0.594792 0.022500 0.022500
0 0.389062 0.589063 0.013125 0.016250
0 0.373047 0.586979 0.015938 0.011250
0 0.452734 0.588021 0.017813 0.018750
0 0.495703 0.584375 0.008437 0.025000
0 0.471094 0.582812 0.009375 0.021250
0 0.524609 0.579167 0.014063 0.017500
0 0.644531 0.583333 0.009375 0.030000
0 0.411719 0.582812 0.022500 0.028750
0 0.358203 0.586458 0.019688 0.042500
0 0.571875 0.586458 0.024375 0.045000
0 0.616016 0.576562 0.019688 0.023750
0 0.670703 0.573958 0.006563 0.022500
0 0.504297 0.567708 0.010312 0.017500
0 0.390625 0.567708 0.011250 0.025000
0 0.477734 0.563542 0.012188 0.017500
0 0.553516 0.582812 0.040313 0.071250
0 0.342969 0.565625 0.022500 0.032500
0 0.411719 0.565104 0.018750 0.033750
0 0.515625 0.556771 0.013125 0.021250
0 0.317969 0.557813 0.009375 0.023750
0 0.454297 0.557292 0.019688 0.030000
0 0.429688 0.549479 0.020625 0.021250
0 0.594922 0.565625 0.017813 0.062500
0 0.396875 0.545312 0.024375 0.026250
0 0.575391 0.541667 0.015938 0.025000
0 0.631250 0.542708 0.046875 0.030000
0 0.653125 0.548438 0.035625 0.046250
0 0.498828 0.541667 0.025312 0.045000
0 0.619922 0.529167 0.015938 0.017500
0 0.417578 0.531771 0.019688 0.031250
0 0.332422 0.538542 0.015938 0.047500
0 0.599609 0.525521 0.012188 0.018750
0 0.557422 0.536458 0.040313 0.045000
0 0.641406 0.522396 0.013125 0.016250
0 0.296875 0.521875 0.028125 0.017500
0 0.472266 0.520312 0.012188 0.018750
0 0.364453 0.515625 0.012188 0.012500
0 0.321094 0.519792 0.026250 0.022500
0 0.711719 0.516667 0.015000 0.017500
0 0.378906 0.515625 0.018750 0.015000
0 0.401562 0.520312 0.011250 0.028750
0 0.585938 0.516667 0.016875 0.030000
0 0.361719 0.525000 0.046875 0.052500
0 0.553125 0.508333 0.015000 0.020000
0 0.525781 0.517708 0.013125 0.045000
0 0.644141 0.503125 0.012188 0.015000
0 0.331250 0.502604 0.028125 0.016250
0 0.440625 0.516667 0.031875 0.055000
0 0.577734 0.502604 0.025312 0.026250
0 0.610547 0.502083 0.010312 0.032500
0 0.309375 0.499479 0.015000 0.028750
0 0.539062 0.496875 0.013125 0.025000
0 0.293359 0.491667 0.017813 0.017500
0 0.376172 0.492188 0.023438 0.026250
0 0.546094 0.481250 0.016875 0.010000
0 0.473438 0.484375 0.016875 0.022500
0 0.807813 0.684375 0.384375 0.631250
0 0.400781 0.494792 0.024375 0.050000
0 0.578906 0.475521 0.011250 0.018750
0 0.421875 0.481250 0.022500 0.035000
0 0.363281 0.481771 0.045000 0.043750
0 0.641406 0.467708 0.022500 0.027500
0 0.405469 0.462500 0.015000 0.020000
0 0.331641 0.464062 0.012188 0.023750
0 0.495703 0.462500 0.019688 0.025000
0 0.306641 0.462500 0.017813 0.030000
0 0.586719 0.460417 0.009375 0.027500
0 0.425000 0.454167 0.011250 0.015000
0 0.622656 0.454167 0.011250 0.020000
0 0.452734 0.454688 0.025312 0.031250
0 0.460547 0.459896 0.047812 0.051250
0 0.356250 0.451562 0.024375 0.041250
0 0.439063 0.443750 0.013125 0.025000
0 0.525781 0.447396 0.052500 0.038750
0 0.405078 0.440625 0.014063 0.022500
0 0.489453 0.436979 0.014063 0.016250
0 0.353125 0.436458 0.013125 0.017500
0 0.564844 0.444792 0.039375 0.040000
0 0.336328 0.438021 0.025312 0.028750
0 0.621094 0.433854 0.013125 0.021250
0 0.601172 0.436979 0.023438 0.038750
0 0.479297 0.427083 0.019688 0.027500
0 0.318359 0.424479 0.012188 0.026250
0 0.520312 0.419271 0.015000 0.018750
0 0.366016 0.420833 0.012188 0.022500
0 0.501953 0.425000 0.014063 0.035000
0 0.585156 0.418750 0.011250 0.022500
0 0.450781 0.416146 0.013125 0.018750
0 0.672656 0.418229 0.024375 0.026250
0 0.639453 0.419271 0.023438 0.028750
0 0.303516 0.421354 0.015938 0.036250
0 0.414062 0.416146 0.018750 0.026250
0 0.553125 0.409375 0.015000 0.020000
0 0.657422 0.410938 0.015938 0.031250
0 0.533203 0.410417 0.014063 0.030000
0 0.617969 0.403646 0.016875 0.018750
0 0.325000 0.400000 0.013125 0.017500
0 0.569141 0.402604 0.014063 0.028750
0 0.362109 0.396875 0.021562 0.015000
0 0.589063 0.394271 0.024375 0.021250
0 0.384766 0.393229 0.017813 0.021250
0 0.497266 0.386458 0.023438 0.012500
0 0.337109 0.386979 0.014063 0.016250
0 0.514062 0.383333 0.011250 0.017500
0 0.626953 0.384375 0.008437 0.025000
0 0.297266 0.385937 0.025312 0.028750
0 0.395703 0.397917 0.040313 0.065000
0 0.483203 0.379167 0.012188 0.025000
0 0.525391 0.381771 0.014063 0.036250
0 0.446484 0.377604 0.019688 0.031250
0 0.556250 0.376042 0.011250 0.032500
0 0.458203 0.378646 0.014063 0.041250
0 0.388672 0.368750 0.015938 0.017500
0 0.351172 0.375000 0.008437 0.032500
0 0.494922 0.365625 0.019688 0.025000
0 0.472656 0.361979 0.011250 0.016250
0 0.428906 0.381250 0.024375 0.062500
0 0.326562 0.368750 0.041250 0.040000
0 0.620313 0.358333 0.016875 0.022500
0 0.545312 0.352083 0.009375 0.017500
0 0.513281 0.354687 0.016875 0.026250
0 0.454297 0.353646 0.027187 0.023750
0 0.569531 0.355208 0.011250 0.032500
0 0.595703 0.354687 0.014063 0.033750
0 0.310937 0.353125 0.022500 0.032500
0 0.369922 0.362500 0.021562 0.062500
0 0.344922 0.342187 0.019688 0.013750
0 0.464453 0.337500 0.014063 0.012500
0 0.607812 0.338021 0.016875 0.033750
0 0.443359 0.331771 0.019688 0.023750
0 0.590625 0.330208 0.015000 0.022500
0 0.506641 0.331771 0.008437 0.031250
0 0.399609 0.335938 0.015938 0.041250
0 0.294141 0.340104 0.036562 0.063750
0 0.559375 0.334896 0.016875 0.058750
0 0.483984 0.323958 0.021562 0.037500
0 0.473828 0.317188 0.010312 0.026250
0 0.377734 0.311979 0.025312 0.021250
0 0.600391 0.309375 0.021562 0.022500
0 0.287109 0.317708 0.019688 0.042500
0 0.496875 0.303125 0.009375 0.020000
0 0.518359 0.301042 0.019688 0.020000
0 0.464453 0.301563 0.010312 0.021250
0 0.312109 0.315104 0.021562 0.053750
0 0.540234 0.314063 0.021562 0.053750
0 0.396875 0.298958 0.011250 0.040000
0 0.382812 0.290625 0.007500 0.025000
0 0.369922 0.291146 0.017813 0.033750
0 0.532813 0.281771 0.020625 0.016250
0 0.563281 0.295312 0.050625 0.053750
0 0.491406 0.285938 0.016875 0.031250
0 0.514844 0.282813 0.026250 0.028750
0 0.428906 0.277604 0.005625 0.018750
0 0.328125 0.283333 0.024375 0.040000
0 0.475391 0.278125 0.029062 0.035000
0 0.409766 0.276562 0.030937 0.036250
0 0.557031 0.266667 0.013125 0.017500
0 0.546484 0.273438 0.014063 0.038750
0 0.446484 0.286458 0.030937 0.070000
0 0.386328 0.267708 0.017813 0.027500
0 0.352344 0.292187 0.050625 0.088750
0 0.310156 0.272396 0.020625 0.041250
0 0.341406 0.258333 0.020625 0.027500
0 0.403906 0.250000 0.028125 0.017500
0 0.420312 0.252083 0.009375 0.025000
0 0.474609 0.250521 0.021562 0.031250
0 0.446484 0.242708 0.012188 0.017500
0 0.366406 0.243750 0.030000 0.022500
0 0.485938 0.247396 0.028125 0.051250
0 0.455469 0.246354 0.015000 0.048750
0 0.515234 0.237500 0.027187 0.042500
0 0.468750 0.228646 0.015000 0.021250
0 0.432812 0.235417 0.024375 0.045000
0 0.353906 0.226042 0.031875 0.027500
0 0.578516 0.215104 0.027187 0.016250
0 0.500391 0.213542 0.014063 0.020000
0 0.469531 0.193750 0.016875 0.035000
0 0.467578 0.145313 0.015938 0.038750
0 0.428906 0.126042 0.016875 0.037500
0 0.480078 0.101562 0.029062 0.018750
0 0.899687 0.108750 0.200625 0.217500
0 0.192656 0.315625 0.385313 0.631250
