0 0.537109 0.989062 0.012188 0.013750
0 0.515234 0.981250 0.008437 0.020000
0 0.535156 0.961458 0.031875 0.017500
0 0.478906 0.942708 0.048750 0.032500
0 0.587109 0.938021 0.036562 0.028750
0 0.537109 0.931250 0.015938 0.015000
0 0.563672 0.922917 0.015938 0.020000
0 0.550781 0.919792 0.011250 0.020000
0 0.500781 0.917708 0.026250 0.017500
0 0.462109 0.919792 0.027187 0.025000
0 0.621484 0.907813 0.019688 0.013750
0 0.357812 0.917708 0.048750 0.047500
0 0.455078 0.900000 0.060937 0.030000
0 0.414844 0.893229 0.031875 0.018750
0 0.567969 0.890104 0.031875 0.033750
0 0.530078 0.890104 0.057188 0.053750
0 0.710156 0.879167 0.061875 0.035000
0 0.588672 0.871354 0.032813 0.041250
0 0.397266 0.856250 0.019688 0.012500
0 0.725391 0.859375 0.015938 0.022500
0 0.515625 0.865625 0.058125 0.052500
0 0.739453 0.851042 0.030937 0.045000
0 0.555469 0.837500 0.015000 0.012500
0 0.713672 0.841146 0.019688 0.036250
0 0.609375 0.846354 0.024375 0.053750
0 0.575391 0.828646 0.034687 0.033750
0 0.349219 0.818750 0.022500 0.017500
0 0.758594 0.817708 0.024375 0.020000
0 0.539062 0.809896 0.013125 0.013750
0 0.470703 0.837500 0.143437 0.085000
0 0.594922 0.809896 0.006563 0.023750
0 0.669922 0.857292 0.104062 0.140000
0 0.776953 0.809896 0.021562 0.033750
0 0.668750 0.801042 0.011250 0.022500
0 0.390625 0.821354 0.076875 0.076250
0 0.595313 0.791667 0.015000 0.015000
0 0.557031 0.800000 0.022500 0.047500
0 0.456641 0.795833 0.055313 0.047500
0 0.703516 0.793750 0.057188 0.045000
0 0.661328 0.782813 0.021562 0.023750
0 0.624219 0.786458 0.028125 0.035000
0 0.589844 0.776563 0.037500 0.026250
0 0.793359 0.785417 0.030937 0.052500
0 0.523438 0.782292 0.046875 0.045000
0 0.750391 0.779167 0.040313 0.040000
0 0.440625 0.784375 0.041250 0.062500
0 0.342578 0.772917 0.047812 0.035000
0 0.606641 0.759896 0.008437 0.016250
0 0.323047 0.762500 0.010312 0.022500
0 0.395703 0.756771 0.023438 0.016250
0 0.557422 0.758333 0.034687 0.025000
0 0.843750 0.748437 0.020625 0.018750
0 0.513672 0.745313 0.025312 0.011250
0 0.096094 0.844375 0.192188 0.311250
0 0.462500 0.748958 0.013125 0.025000
0 0.637500 0.747917 0.050625 0.025000
0 0.817969 0.744792 0.016875 0.020000
0 0.428125 0.745313 0.016875 0.023750
0 0.535156 0.742188 0.016875 0.036250
0 0.491016 0.765104 0.049687 0.091250
0 0.330859 0.728646 0.017813 0.011250
0 0.312891 0.733854 0.042188 0.033750
0 0.786719 0.739062 0.058125 0.048750
0 0.454688 0.725000 0.022500 0.017500
0 0.321484 0.721875 0.014063 0.010000
0 0.532422 0.719271 0.019688 0.011250
0 0.490625 0.720833 0.011250 0.017500
0 0.423047 0.716667 0.030937 0.022500
0 0.746875 0.721354 0.024375 0.038750
0 0.372656 0.709375 0.022500 0.017500
0 0.503125 0.706771 0.026250 0.013750
0 0.578125 0.720833 0.067500 0.052500
0 0.719531 0.725000 0.035625 0.065000
0 0.764062 0.703125 0.028125 0.020000
0 0.400391 0.718229 0.032813 0.056250
0 0.733594 0.704688 0.013125 0.028750
0 0.832422 0.711979 0.047812 0.048750
0 0.696875 0.690104 0.022500 0.016250
0 0.529297 0.698438 0.030937 0.038750
0 0.663281 0.704688 0.071250 0.068750
0 0.785156 0.690104 0.026250 0.038750
0 0.371094 0.679167 0.018750 0.012500
0 0.302734 0.686458 0.038437 0.040000
0 0.734766 0.679167 0.038437 0.027500
0 0.624609 0.679688 0.023438 0.028750
0 0.472266 0.691667 0.040313 0.062500
0 0.764453 0.669792 0.023438 0.022500
0 0.605469 0.675000 0.020625 0.042500
0 0.531641 0.672917 0.059062 0.037500
0 0.398828 0.673958 0.038437 0.052500
0 0.580078 0.661979 0.025312 0.026250
0 0.563672 0.657292 0.012188 0.017500
0 0.418359 0.654687 0.014063 0.016250
0 0.446484 0.662500 0.015938 0.037500
0 0.632031 0.654687 0.016875 0.023750
0 0.351562 0.716667 0.075000 0.172500
0 0.776172 0.651042 0.014063 0.025000
0 0.828125 0.657813 0.039375 0.043750
0 0.493750 0.645312 0.026250 0.021250
0 0.296484 0.645833 0.068437 0.037500
0 0.694531 0.638021 0.045000 0.021250
0 0.338281 0.633854 0.011250 0.011250
0 0.658203 0.636458 0.025312 0.020000
0 0.448047 0.631250 0.025312 0.015000
0 0.512891 0.628125 0.021562 0.015000
0 0.374219 0.634896 0.075000 0.038750
0 0.624609 0.623958 0.012188 0.022500
0 0.273438 0.619792 0.015000 0.022500
0 0.795312 0.614062 0.020625 0.011250
0 0.539844 0.614583 0.031875 0.020000
0 0.347656 0.617188 0.013125 0.026250
0 0.774219 0.621354 0.033750 0.041250
0 0.430078 0.619271 0.015938 0.036250
0 0.413281 0.613021 0.026250 0.028750
0 0.781094 0.760000 0.437812 0.480000
0 0.284766 0.606771 0.008437 0.021250
0 0.827344 0.600000 0.015000 0.015000
0 0.307422 0.609375 0.044062 0.042500
0 0.736719 0.610938 0.052500 0.048750
0 0.682813 0.602083 0.067500 0.030000
0 0.603906 0.612500 0.052500 0.070000
0 0.841406 0.588542 0.016875 0.025000
0 0.277344 0.590104 0.043125 0.028750
0 0.364453 0.598958 0.034687 0.052500
0 0.334375 0.581771 0.022500 0.016250
0 0.630469 0.578646 0.018750 0.016250
0 0.759766 0.575521 0.015938 0.021250
0 0.782813 0.579688 0.031875 0.033750
0 0.400391 0.577083 0.055313 0.037500
0 0.230078 0.586458 0.070312 0.060000
0 0.496875 0.592708 0.097500 0.085000
0 0.805469 0.567708 0.020625 0.027500
0 0.353516 0.572917 0.015938 0.040000
0 0.860938 0.559375 0.039375 0.027500
0 0.557813 0.563021 0.009375 0.036250
0 0.305859 0.561458 0.034687 0.040000
0 0.464062 0.563542 0.095625 0.047500
0 0.428125 0.551562 0.015000 0.021250
0 0.392578 0.547396 0.051562 0.023750
0 0.287109 0.545312 0.015938 0.018750
0 0.267578 0.556771 0.017813 0.056250
0 0.646875 0.540625 0.030000 0.022500
0 0.831250 0.536979 0.022500 0.018750
0 0.442969 0.536979 0.028125 0.018750
0 0.218750 0.536458 0.015000 0.020000
0 0.858984 0.536458 0.027187 0.022500
0 0.789844 0.539583 0.011250 0.030000
0 0.665234 0.529167 0.008437 0.020000
0 0.762891 0.530208 0.038437 0.030000
0 0.683984 0.526042 0.019688 0.025000
0 0.478125 0.522917 0.016875 0.017500
0 0.303516 0.528125 0.036562 0.030000
0 0.236328 0.532813 0.019688 0.043750
0 0.417187 0.523958 0.033750 0.025000
0 0.581250 0.547917 0.090000 0.085000
0 0.844531 0.517708 0.007500 0.022500
0 0.535156 0.532813 0.052500 0.061250
0 0.808203 0.516667 0.032813 0.025000
0 0.324219 0.508854 0.015000 0.011250
0 0.609375 0.511979 0.013125 0.023750
0 0.378516 0.508333 0.029062 0.017500
0 0.205469 0.511979 0.031875 0.033750
0 0.786328 0.509896 0.017813 0.031250
0 0.584375 0.500521 0.033750 0.016250
0 0.442578 0.505729 0.045937 0.028750
0 0.707812 0.525000 0.091875 0.080000
0 0.617578 0.495833 0.025312 0.012500
0 0.745703 0.490104 0.014063 0.008750
0 0.494141 0.500000 0.034687 0.032500
0 0.394141 0.492188 0.014063 0.013750
0 0.413672 0.490104 0.021562 0.011250
0 0.329297 0.490625 0.006563 0.022500
0 0.859375 0.492188 0.048750 0.028750
0 0.535547 0.487500 0.019688 0.025000
0 0.658203 0.484375 0.008437 0.020000
0 0.711328 0.484375 0.027187 0.022500
0 0.598437 0.484375 0.016875 0.022500
0 0.757031 0.482292 0.007500 0.020000
0 0.279687 0.494792 0.052500 0.060000
0 0.203906 0.479687 0.026250 0.028750
0 0.455859 0.480729 0.023438 0.033750
0 0.731641 0.473438 0.017813 0.031250
0 0.629297 0.477083 0.015938 0.040000
0 0.507812 0.470313 0.009375 0.026250
0 0.490625 0.467187 0.028125 0.021250
0 0.330078 0.465625 0.014063 0.017500
0 0.689063 0.461458 0.016875 0.020000
0 0.388672 0.462500 0.042188 0.027500
0 0.467969 0.459375 0.033750 0.027500
0 0.421875 0.454688 0.015000 0.016250
0 0.661719 0.456250 0.028125 0.027500
0 0.779297 0.452604 0.017813 0.026250
0 0.807031 0.468750 0.060000 0.067500
0 0.438281 0.454167 0.022500 0.037500
0 0.561328 0.451042 0.051562 0.032500
0 0.745703 0.453125 0.055313 0.042500
0 0.648047 0.438542 0.006563 0.022500
0 0.623828 0.444271 0.044062 0.038750
0 0.273438 0.439063 0.028125 0.028750
0 0.510938 0.432812 0.041250 0.018750
0 0.696875 0.441146 0.035625 0.046250
0 0.755859 0.425000 0.017813 0.010000
0 0.328125 0.436458 0.033750 0.050000
0 0.240234 0.430208 0.034687 0.040000
0 0.721484 0.424479 0.019688 0.038750
0 0.574609 0.421354 0.068437 0.038750
0 0.347266 0.414583 0.029062 0.027500
0 0.682813 0.409375 0.035625 0.017500
0 0.792578 0.406250 0.027187 0.015000
0 0.280469 0.408854 0.020625 0.021250
0 0.650391 0.410938 0.027187 0.031250
0 0.823047 0.420833 0.030937 0.057500
0 0.481250 0.419792 0.028125 0.055000
0 0.451953 0.410938 0.042188 0.046250
0 0.529687 0.404687 0.020625 0.033750
0 0.321094 0.401042 0.031875 0.030000
0 0.766797 0.392188 0.027187 0.013750
0 0.242969 0.395313 0.024375 0.021250
0 0.796875 0.393750 0.026250 0.025000
0 0.668750 0.392188 0.009375 0.023750
0 0.642578 0.386979 0.023438 0.011250
0 0.545312 0.397396 0.011250 0.038750
0 0.150000 0.396354 0.050625 0.036250
0 0.496875 0.386458 0.030000 0.022500
0 0.607422 0.385417 0.034687 0.027500
0 0.730078 0.389062 0.053437 0.041250
0 0.453906 0.378646 0.030000 0.023750
0 0.276172 0.382812 0.051562 0.033750
0 0.691406 0.376042 0.005625 0.022500
0 0.355078 0.377083 0.019688 0.025000
0 0.563281 0.376563 0.033750 0.028750
0 0.216016 0.380208 0.032813 0.042500
0 0.519141 0.366667 0.030937 0.027500
0 0.137891 0.365104 0.023438 0.026250
0 0.747656 0.361979 0.035625 0.021250
0 0.318750 0.367188 0.058125 0.038750
0 0.717187 0.359375 0.033750 0.025000
0 0.478906 0.356771 0.016875 0.028750
0 0.572656 0.359375 0.037500 0.047500
0 0.116406 0.359375 0.026250 0.047500
0 0.777734 0.357812 0.015938 0.046250
0 0.679297 0.358854 0.051562 0.048750
0 0.408203 0.394271 0.120937 0.146250
0 0.437109 0.346354 0.012188 0.031250
0 0.345703 0.338542 0.025312 0.015000
0 0.760547 0.337500 0.015938 0.015000
0 0.269922 0.352083 0.057188 0.050000
0 0.394531 0.335938 0.020625 0.018750
0 0.603125 0.341146 0.045000 0.033750
0 0.742188 0.329167 0.022500 0.017500
0 0.306250 0.334896 0.026250 0.038750
0 0.536328 0.336979 0.038437 0.051250
0 0.236719 0.315625 0.015000 0.022500
0 0.210156 0.331771 0.039375 0.063750
0 0.480469 0.310937 0.030000 0.018750
0 0.510938 0.313542 0.028125 0.030000
0 0.728125 0.309375 0.037500 0.022500
0 0.280859 0.313021 0.038437 0.031250
0 0.766797 0.315104 0.015938 0.038750
0 0.413281 0.310937 0.035625 0.036250
0 0.659766 0.303646 0.008437 0.023750
0 0.325000 0.303646 0.011250 0.026250
0 0.883594 0.303125 0.030000 0.027500
0 0.580078 0.299479 0.006563 0.021250
0 0.655469 0.321354 0.078750 0.076250
0 0.939063 0.309375 0.037500 0.055000
0 0.345313 0.305208 0.048750 0.045000
0 0.156641 0.300000 0.029062 0.032500
0 0.525781 0.293229 0.007500 0.018750
0 0.925391 0.291146 0.012188 0.023750
0 0.724609 0.289062 0.038437 0.023750
0 0.700781 0.299479 0.028125 0.053750
0 0.451172 0.306771 0.044062 0.073750
0 0.395703 0.285417 0.036562 0.027500
0 0.245703 0.281250 0.042188 0.022500
0 0.140625 0.273438 0.013125 0.013750
0 0.626563 0.292708 0.101250 0.065000
0 0.600000 0.275521 0.009375 0.028750
0 0.437109 0.276562 0.032813 0.031250
0 0.456641 0.267708 0.019688 0.012500
0 0.485156 0.268750 0.046875 0.027500
0 0.880469 0.264062 0.013125 0.021250
0 0.302734 0.267188 0.077812 0.036250
0 0.681641 0.261979 0.038437 0.031250
0 0.410156 0.260417 0.013125 0.030000
0 0.361328 0.259375 0.023438 0.027500
0 0.723047 0.262500 0.057188 0.045000
0 0.554297 0.290625 0.057188 0.112500
0 0.542969 0.252604 0.018750 0.033750
0 0.752344 0.244271 0.011250 0.016250
0 0.247656 0.248438 0.009375 0.033750
0 0.437891 0.239063 0.010312 0.023750
0 0.419141 0.234896 0.025312 0.028750
0 0.641406 0.227083 0.013125 0.015000
0 0.617188 0.241667 0.043125 0.052500
0 0.377734 0.232292 0.027187 0.032500
0 0.515234 0.236458 0.027187 0.045000
0 0.703906 0.223438 0.020625 0.023750
0 0.752734 0.213542 0.012188 0.012500
0 0.542969 0.216667 0.009375 0.020000
0 0.437891 0.216667 0.017813 0.025000
0 0.564844 0.213021 0.028125 0.018750
0 0.400391 0.215625 0.014063 0.025000
0 0.806250 0.215625 0.037500 0.032500
0 0.486719 0.208854 0.016875 0.016250
0 0.501172 0.220312 0.038437 0.046250
0 0.591406 0.203125 0.020625 0.012500
0 0.452734 0.215104 0.025312 0.041250
0 0.327734 0.205208 0.023438 0.022500
0 0.474609 0.198958 0.010312 0.015000
0 0.665625 0.198437 0.043125 0.021250
0 0.793359 0.187500 0.017813 0.012500
0 0.435937 0.190104 0.020625 0.021250
0 0.637500 0.185938 0.020625 0.013750
0 0.283984 0.210417 0.079687 0.077500
0 0.511719 0.186458 0.016875 0.027500
0 0.326562 0.181771 0.033750 0.018750
0 0.825781 0.184375 0.020625 0.045000
0 0.530859 0.186979 0.025312 0.056250
0 0.555859 0.170313 0.015938 0.023750
0 0.341797 0.169792 0.027187 0.027500
0 0.371484 0.210417 0.124687 0.127500
0 0.673828 0.168750 0.051562 0.032500
0 0.265625 0.167708 0.018750 0.037500
0 0.816016 0.160417 0.029062 0.022500
0 0.508594 0.159896 0.015000 0.021250
0 0.291797 0.159896 0.027187 0.023750
0 0.330469 0.147917 0.009375 0.017500
0 0.494922 0.145833 0.014063 0.020000
0 0.523047 0.147396 0.029062 0.026250
0 0.595703 0.141667 0.023438 0.017500
0 0.548438 0.139583 0.041250 0.035000
0 0.318750 0.130208 0.024375 0.012500
0 0.653516 0.140104 0.059062 0.038750
0 0.574609 0.127083 0.036562 0.022500
0 0.453906 0.132292 0.046875 0.037500
0 0.614844 0.127604 0.020625 0.028750
0 0.483203 0.125000 0.015938 0.030000
0 0.660156 0.115625 0.020625 0.020000
0 0.376563 0.118229 0.013125 0.026250
0 0.587891 0.108854 0.017813 0.013750
0 0.555859 0.097396 0.034687 0.028750
0 0.507422 0.093229 0.044062 0.041250
0 0.412891 0.115104 0.077812 0.096250
0 0.344922 0.086458 0.017813 0.035000
0 0.620313 0.089063 0.048750 0.048750
0 0.876953 0.080729 0.030937 0.033750
0 0.457422 0.070833 0.029062 0.020000
0 0.366797 0.077604 0.021562 0.041250
0 0.710547 0.068229 0.023438 0.021250
0 0.479297 0.085938 0.075938 0.063750
0 0.592578 0.065104 0.017813 0.026250
0 0.418359 0.061458 0.023438 0.017500
0 0.392578 0.060937 0.034687 0.036250
0 0.539453 0.062500 0.029062 0.045000
0 0.704297 0.045312 0.008437 0.028750
0 0.525000 0.050000 0.028125 0.045000
0 0.507812 0.041146 0.028125 0.026250
0 0.430859 0.034896 0.042188 0.018750
0 0.401562 0.033854 0.013125 0.018750
0 0.717969 0.035937 0.022500 0.026250
0 0.469531 0.024479 0.016875 0.011250
0 0.471094 0.038021 0.041250 0.053750
0 0.551953 0.030729 0.030937 0.046250
0 0.567969 0.024479 0.028125 0.036250
0 0.509375 0.010937 0.011250 0.018750
0 0.903906 0.155625 0.192188 0.311250
0 0.457031 0.011250 0.043125 0.022500
0 0.218906 0.240000 0.437812 0.480000
