0 0.099000 0.959500 0.198000 0.081000
0 0.797500 0.763750 0.102000 0.075000
0 0.332500 0.701250 0.096000 0.081000
0 0.979000 0.662500 0.042000 0.072000
0 0.790000 0.628750 0.162000 0.111000
0 0.366250 0.613750 0.081000 0.075000
0 0.953750 0.622500 0.075000 0.102000
0 0.672500 0.576250 0.132000 0.135000
0 0.238750 0.552500 0.081000 0.078000
0 0.466250 0.548750 0.075000 0.093000
0 0.943000 0.551250 0.114000 0.105000
0 0.881250 0.606250 0.207000 0.243000
0 0.733750 0.532500 0.147000 0.132000
0 0.918750 0.487500 0.063000 0.048000
0 0.516250 0.491250 0.039000 0.057000
0 0.857500 0.483750 0.060000 0.045000
0 0.780000 0.492500 0.066000 0.090000
0 0.565000 0.477500 0.048000 0.084000
0 0.883750 0.442500 0.039000 0.036000
0 0.668750 0.458750 0.057000 0.075000
0 0.510000 0.450000 0.090000 0.054000
0 0.842500 0.438750 0.048000 0.051000
0 0.783750 0.431250 0.099000 0.051000
0 0.971500 0.435000 0.057000 0.078000
0 0.480000 0.418750 0.042000 0.045000
0 0.598750 0.511250 0.105000 0.285000
0 0.531250 0.407500 0.039000 0.036000
0 0.846250 0.400000 0.045000 0.048000
0 0.792500 0.387500 0.072000 0.030000
0 0.665000 0.387500 0.054000 0.054000
0 0.437500 0.406250 0.084000 0.117000
0 0.983500 0.371250 0.033000 0.045000
0 0.928750 0.390000 0.087000 0.096000
0 0.735000 0.413750 0.102000 0.159000
0 0.435000 0.348750 0.090000 0.033000
0 0.817500 0.356250 0.078000 0.057000
0 0.722500 0.331250 0.072000 0.027000
0 0.925000 0.335000 0.030000 0.042000
0 0.873750 0.347500 0.051000 0.072000
0 0.495000 0.328750 0.048000 0.033000
0 0.981250 0.328750 0.021000 0.051000
0 0.568750 0.358750 0.207000 0.123000
0 0.757500 0.306250 0.030000 0.045000
0 0.381250 0.311250 0.093000 0.063000
0 0.821250 0.305000 0.063000 0.060000
0 0.940000 0.283750 0.120000 0.069000
0 0.562500 0.263750 0.054000 0.039000
0 0.668750 0.288750 0.147000 0.123000
0 0.817500 0.250000 0.042000 0.054000
0 0.942500 0.233750 0.054000 0.045000
0 0.750000 0.247500 0.072000 0.090000
0 0.622500 0.222500 0.030000 0.036000
0 0.401250 0.261250 0.219000 0.153000
0 0.273750 0.231250 0.081000 0.087000
0 0.197500 0.232500 0.090000 0.090000
0 0.893750 0.226250 0.063000 0.081000
0 0.722500 0.222500 0.084000 0.084000
0 0.393750 0.203750 0.039000 0.051000
0 0.596250 0.185000 0.087000 0.096000
0 0.460000 0.170000 0.054000 0.060000
0 0.350000 0.176250 0.078000 0.075000
0 0.526250 0.176250 0.075000 0.093000
0 0.230000 0.165000 0.084000 0.066000
0 0.705000 0.176250 0.174000 0.141000
0 0.417500 0.153750 0.066000 0.093000
0 0.967000 0.170000 0.066000 0.198000
0 0.802500 0.137500 0.120000 0.120000
0 0.866250 0.123750 0.033000 0.099000
0 0.756250 0.087500 0.033000 0.030000
0 0.397500 0.087500 0.060000 0.042000
0 0.901250 0.133750 0.081000 0.177000
0 0.959500 0.065000 0.081000 0.048000
0 0.790000 0.062500 0.036000 0.048000
0 0.255000 0.087500 0.084000 0.108000
0 0.437500 0.051250 0.024000 0.039000
0 0.335000 0.126250 0.144000 0.225000
0 0.162500 0.060000 0.084000 0.084000
0 0.497500 0.071250 0.114000 0.117000
0 0.390000 0.040000 0.084000 0.054000
0 0.715000 0.038750 0.054000 0.063000
0 0.968500 0.025500 0.063000 0.051000
0 0.920000 0.045000 0.048000 0.090000
0 0.831250 0.031500 0.063000 0.063000
0 0.613750 0.088500 0.243000 0.177000
0 0.448750 0.018000 0.057000 0.036000
0 0.250000 0.018000 0.072000 0.036000
0 0.207500 0.024000 0.048000 0.048000
