0 0.213750 0.842031 0.427500 0.315937
0 0.245833 0.744531 0.042500 0.022500
0 0.235417 0.714844 0.042500 0.016875
0 0.550000 0.711719 0.042500 0.016875
0 0.391667 0.711719 0.032500 0.024375
0 0.353646 0.709375 0.018750 0.026250
0 0.103125 0.705078 0.042500 0.023438
0 0.450521 0.699219 0.043750 0.018750
0 0.369271 0.703516 0.018750 0.029062
0 0.529167 0.698438 0.062500 0.050625
0 0.486458 0.694922 0.032500 0.045937
0 0.326562 0.680469 0.031250 0.011250
0 0.456250 0.675391 0.020000 0.014063
0 0.369792 0.678516 0.025000 0.025312
0 0.329688 0.683594 0.061250 0.037500
0 0.170833 0.676953 0.042500 0.021562
0 0.504167 0.683594 0.030000 0.041250
0 0.576042 0.669922 0.032500 0.010312
0 0.469271 0.668750 0.023750 0.015000
0 0.301563 0.670703 0.013750 0.019688
0 0.187500 0.669531 0.037500 0.024375
0 0.430729 0.674219 0.031250 0.043125
0 0.311458 0.659375 0.017500 0.018750
0 0.281250 0.657422 0.030000 0.017813
0 0.626042 0.655469 0.030000 0.024375
0 0.255729 0.650000 0.023750 0.016875
0 0.432292 0.642188 0.012500 0.011250
0 0.488021 0.644922 0.023750 0.019688
0 0.603125 0.645703 0.020000 0.023438
0 0.587500 0.653516 0.047500 0.047812
0 0.201042 0.638281 0.025000 0.016875
0 0.228125 0.634375 0.017500 0.015000
0 0.594792 0.632031 0.022500 0.015000
0 0.266146 0.633984 0.053750 0.032813
0 0.398958 0.663281 0.072500 0.114375
0 0.300000 0.632422 0.022500 0.042188
0 0.337500 0.641406 0.062500 0.067500
0 0.241146 0.623047 0.028750 0.025312
0 0.460417 0.623828 0.040000 0.030937
0 0.089583 0.615625 0.035000 0.016875
0 0.592708 0.618750 0.047500 0.033750
0 0.402083 0.614453 0.025000 0.027187
0 0.302604 0.606641 0.018750 0.008437
0 0.427604 0.617578 0.061250 0.045937
0 0.281771 0.607812 0.031250 0.024375
0 0.565104 0.602734 0.013750 0.014063
0 0.240104 0.603125 0.063750 0.020625
0 0.434375 0.600391 0.027500 0.029062
0 0.709896 0.591406 0.041250 0.015000
0 0.588542 0.592969 0.057500 0.024375
0 0.348438 0.611328 0.031250 0.070312
0 0.317188 0.594922 0.046250 0.036562
0 0.332292 0.586719 0.025000 0.026250
0 0.620833 0.580859 0.032500 0.017813
0 0.152083 0.591016 0.057500 0.042188
0 0.209896 0.578906 0.023750 0.030000
0 0.578646 0.574219 0.053750 0.037500
0 0.693229 0.558984 0.041250 0.014063
0 0.135417 0.560156 0.020000 0.018750
0 0.400000 0.558984 0.032500 0.017813
0 0.317188 0.566016 0.048750 0.034687
0 0.613542 0.560937 0.040000 0.024375
0 0.504687 0.623828 0.241250 0.179062
0 0.293750 0.563281 0.025000 0.035625
0 0.268229 0.573438 0.031250 0.061875
0 0.650521 0.555078 0.038750 0.019688
0 0.456250 0.552734 0.017500 0.017813
0 0.374479 0.598047 0.066250 0.130312
0 0.115625 0.558594 0.040000 0.041250
0 0.728646 0.548438 0.028750 0.024375
0 0.321875 0.547656 0.047500 0.026250
0 0.347396 0.541016 0.026250 0.012188
0 0.038021 0.545312 0.036250 0.024375
0 0.136458 0.542188 0.027500 0.022500
0 0.463021 0.538672 0.013750 0.015938
0 0.388542 0.540625 0.027500 0.024375
0 0.189062 0.537891 0.023750 0.021562
0 0.417708 0.542188 0.042500 0.033750
0 0.104167 0.533203 0.017500 0.015938
0 0.295833 0.532031 0.015000 0.015000
0 0.503125 0.555469 0.087500 0.078750
0 0.478125 0.537109 0.025000 0.036562
0 0.366667 0.526172 0.017500 0.014063
0 0.237500 0.530859 0.030000 0.027187
0 0.319792 0.526563 0.042500 0.020625
0 0.270313 0.531250 0.036250 0.037500
0 0.617188 0.533984 0.056250 0.045937
0 0.301563 0.512109 0.018750 0.012188
0 0.228646 0.513672 0.016250 0.015938
0 0.078646 0.523438 0.036250 0.039375
0 0.356771 0.513672 0.023750 0.019688
0 0.505208 0.519141 0.057500 0.036562
0 0.276562 0.514062 0.031250 0.033750
0 0.043750 0.506641 0.042500 0.015938
0 0.481771 0.498047 0.013750 0.012188
0 0.161458 0.508984 0.080000 0.040313
0 0.080729 0.498828 0.033750 0.015938
0 0.541146 0.499219 0.031250 0.018750
0 0.338021 0.496875 0.041250 0.016875
0 0.159375 0.559766 0.175000 0.167812
0 0.265625 0.494141 0.012500 0.012188
0 0.282292 0.498437 0.022500 0.035625
0 0.514062 0.493750 0.031250 0.031875
0 0.375521 0.493359 0.018750 0.030937
0 0.229687 0.494531 0.076250 0.041250
0 0.351562 0.479297 0.018750 0.014063
0 0.177083 0.479687 0.012500 0.015000
0 0.432292 0.485938 0.030000 0.039375
0 0.079687 0.478516 0.018750 0.027187
0 0.435417 0.505469 0.137500 0.097500
0 0.183333 0.467578 0.012500 0.010312
0 0.401562 0.468359 0.018750 0.017813
0 0.433333 0.464062 0.027500 0.015000
0 0.046354 0.466797 0.046250 0.036562
0 0.622396 0.459375 0.031250 0.026250
0 0.560417 0.448047 0.025000 0.008437
0 0.367188 0.461328 0.041250 0.040313
0 0.338021 0.453125 0.021250 0.028125
0 0.332813 0.469141 0.083750 0.066562
0 0.321354 0.444531 0.026250 0.011250
0 0.176042 0.515625 0.187500 0.181875
0 0.281771 0.441797 0.018750 0.012188
0 0.169271 0.452734 0.091250 0.047812
0 0.103646 0.459375 0.056250 0.071250
0 0.481771 0.441406 0.063750 0.030000
0 0.458854 0.452734 0.141250 0.070312
0 0.143229 0.426172 0.016250 0.017813
0 0.263021 0.429688 0.023750 0.031875
0 0.454167 0.422656 0.017500 0.016875
0 0.350000 0.417969 0.067500 0.022500
0 0.316146 0.413281 0.018750 0.015000
0 0.147917 0.411719 0.022500 0.011250
0 0.116146 0.423047 0.031250 0.038437
0 0.294271 0.410938 0.023750 0.033750
0 0.518229 0.482031 0.221250 0.206250
0 0.269271 0.407813 0.053750 0.031875
0 0.251042 0.455469 0.220000 0.153750
0 0.150521 0.399219 0.016250 0.018750
0 0.425521 0.398047 0.033750 0.021562
0 0.389583 0.421875 0.075000 0.090000
0 0.272917 0.390234 0.025000 0.015938
0 0.400000 0.387500 0.030000 0.018750
0 0.299479 0.390234 0.021250 0.027187
0 0.312500 0.384766 0.027500 0.029062
0 0.216667 0.382031 0.020000 0.026250
0 0.165625 0.377734 0.027500 0.029062
0 0.263542 0.373828 0.035000 0.021562
0 0.192188 0.379297 0.033750 0.044062
0 0.328646 0.376953 0.043750 0.044062
0 0.427083 0.372266 0.050000 0.036562
0 0.431250 0.362891 0.012500 0.015938
0 0.227083 0.392969 0.080000 0.101250
0 0.378125 0.360156 0.055000 0.041250
0 0.278125 0.356250 0.090000 0.046875
0 0.250000 0.311328 0.035000 0.025312
0 0.302083 0.308594 0.052500 0.046875
0 0.585000 0.583594 1.000000 1.000000
