0 0.446250 0.845000 0.063000 0.042000
0 0.463750 0.830000 0.087000 0.060000
0 0.796250 0.753750 0.093000 0.075000
0 0.031250 0.742500 0.057000 0.078000
0 0.716250 0.676250 0.093000 0.069000
0 0.532500 0.662500 0.096000 0.066000
0 0.545000 0.615000 0.096000 0.060000
0 0.275000 0.586250 0.066000 0.087000
0 0.506250 0.516250 0.027000 0.057000
0 0.815000 0.498750 0.066000 0.033000
0 0.830000 0.482500 0.066000 0.036000
0 0.702500 0.462500 0.066000 0.036000
0 0.057500 0.466250 0.090000 0.069000
0 0.763750 0.457500 0.051000 0.060000
0 0.477500 0.448750 0.054000 0.045000
0 0.385000 0.451250 0.048000 0.063000
0 0.835000 0.433750 0.066000 0.033000
0 0.915000 0.472500 0.108000 0.144000
0 0.548750 0.463750 0.075000 0.141000
0 0.968500 0.435000 0.063000 0.084000
0 0.728750 0.420000 0.033000 0.048000
0 0.401250 0.406250 0.057000 0.069000
0 0.865000 0.403750 0.036000 0.075000
0 0.210000 0.407500 0.126000 0.096000
0 0.571250 0.403750 0.099000 0.105000
0 0.493750 0.401250 0.099000 0.099000
0 0.357500 0.381250 0.042000 0.051000
0 0.112500 0.373750 0.072000 0.039000
0 0.922000 0.376250 0.156000 0.093000
0 0.536250 0.345000 0.051000 0.018000
0 0.215000 0.355000 0.030000 0.042000
0 0.408750 0.350000 0.027000 0.042000
0 0.018000 0.347500 0.036000 0.060000
0 0.697500 0.353750 0.072000 0.087000
0 0.812500 0.316250 0.066000 0.069000
0 0.180000 0.317500 0.030000 0.084000
0 0.635000 0.377500 0.132000 0.270000
0 0.958000 0.292500 0.084000 0.078000
0 0.653750 0.273750 0.069000 0.051000
0 0.760000 0.325000 0.168000 0.210000
0 0.090000 0.287500 0.090000 0.192000
0 0.222500 0.281250 0.132000 0.189000
0 0.841250 0.261250 0.183000 0.189000
0 0.938500 0.216250 0.123000 0.093000
0 0.027500 0.218750 0.036000 0.099000
0 0.531250 0.257500 0.129000 0.210000
0 0.168750 0.178750 0.105000 0.045000
0 0.333750 0.170000 0.057000 0.042000
0 0.562500 0.176250 0.042000 0.063000
0 0.447500 0.251250 0.144000 0.243000
0 0.090000 0.170000 0.036000 0.084000
0 0.480000 0.145000 0.090000 0.048000
0 0.387500 0.172500 0.060000 0.132000
0 0.257500 0.170000 0.066000 0.126000
0 0.307500 0.140000 0.042000 0.066000
0 0.677500 0.175000 0.108000 0.174000
0 0.946250 0.127500 0.075000 0.066000
0 0.806250 0.150000 0.123000 0.138000
0 0.510000 0.113750 0.048000 0.057000
0 0.578750 0.107500 0.087000 0.060000
0 0.887500 0.127500 0.102000 0.114000
0 0.441250 0.098750 0.063000 0.057000
0 0.675000 0.077500 0.042000 0.048000
0 0.320000 0.077500 0.030000 0.048000
0 0.816250 0.080000 0.051000 0.066000
0 0.905000 0.070000 0.030000 0.048000
0 0.197500 0.073750 0.102000 0.087000
0 0.600000 0.061250 0.048000 0.063000
0 0.656250 0.041250 0.063000 0.033000
0 0.051250 0.083750 0.081000 0.141000
0 0.195000 0.028750 0.048000 0.021000
0 0.167500 0.095000 0.126000 0.180000
0 0.102500 0.086250 0.090000 0.159000
0 0.432500 0.042500 0.096000 0.072000
0 0.971500 0.049500 0.057000 0.099000
0 0.813750 0.030000 0.057000 0.060000
0 0.762500 0.039000 0.048000 0.078000
0 0.712500 0.051000 0.096000 0.102000
0 0.523750 0.049500 0.093000 0.099000
0 0.361250 0.072000 0.087000 0.144000
0 0.228750 0.013500 0.063000 0.027000
0 0.151250 0.015000 0.051000 0.030000
