0 0.200000 0.979000 0.024000 0.042000
0 0.331250 0.974500 0.081000 0.051000
0 0.883750 0.937500 0.051000 0.030000
0 0.770000 0.938750 0.096000 0.087000
0 0.880000 0.916250 0.144000 0.105000
0 0.253750 0.875000 0.111000 0.042000
0 0.608750 0.913000 0.327000 0.174000
0 0.986500 0.848750 0.027000 0.045000
0 0.030000 0.842500 0.060000 0.042000
0 0.417500 0.855000 0.186000 0.120000
0 0.541250 0.817500 0.129000 0.078000
0 0.979000 0.795000 0.042000 0.060000
0 0.020000 0.770000 0.024000 0.060000
0 0.878750 0.798750 0.201000 0.147000
0 0.982000 0.731250 0.036000 0.045000
0 0.216250 0.730000 0.087000 0.060000
0 0.356250 0.755000 0.321000 0.174000
0 0.528750 0.722500 0.057000 0.132000
0 0.777500 0.682500 0.042000 0.048000
0 0.126000 0.791250 0.252000 0.327000
0 0.743750 0.665000 0.045000 0.036000
0 0.874000 0.678750 0.252000 0.159000
0 0.958750 0.577500 0.057000 0.048000
0 0.617500 0.592500 0.042000 0.090000
0 0.482500 0.616250 0.144000 0.153000
0 0.722500 0.575000 0.054000 0.066000
0 0.130500 0.601250 0.261000 0.129000
0 0.806250 0.555000 0.075000 0.054000
0 0.431250 0.543750 0.063000 0.027000
0 0.703750 0.480000 0.027000 0.072000
0 0.027000 0.450000 0.054000 0.024000
0 0.801250 0.480000 0.069000 0.114000
0 0.720000 0.566250 0.264000 0.339000
0 0.201250 0.476250 0.351000 0.147000
0 0.040000 0.418750 0.054000 0.033000
0 0.347500 0.501250 0.234000 0.237000
0 0.588750 0.412500 0.075000 0.030000
0 0.396250 0.417500 0.105000 0.102000
0 0.899500 0.482500 0.201000 0.270000
0 0.033750 0.377500 0.039000 0.042000
0 0.143750 0.397500 0.153000 0.108000
0 0.411250 0.350000 0.051000 0.048000
0 0.979000 0.347500 0.042000 0.054000
0 0.677500 0.310000 0.042000 0.042000
0 0.561250 0.310000 0.045000 0.066000
0 0.651250 0.321250 0.159000 0.135000
0 0.770000 0.335000 0.168000 0.174000
0 0.535000 0.316250 0.216000 0.183000
0 0.392500 0.305000 0.210000 0.192000
0 0.791250 0.200000 0.033000 0.048000
0 0.477500 0.193750 0.054000 0.033000
0 0.265000 0.191250 0.042000 0.057000
0 0.904000 0.271250 0.192000 0.273000
0 0.873750 0.183750 0.069000 0.105000
0 0.623750 0.156250 0.081000 0.075000
0 0.347500 0.125000 0.054000 0.054000
0 0.493750 0.178750 0.495000 0.207000
0 0.033000 0.126250 0.066000 0.129000
0 0.572500 0.093750 0.060000 0.057000
0 0.263750 0.112500 0.141000 0.120000
0 0.072500 0.048750 0.042000 0.039000
0 0.803750 0.135000 0.333000 0.270000
0 0.538750 0.033000 0.105000 0.066000
0 0.242500 0.166500 0.426000 0.333000
0 0.180000 0.016500 0.084000 0.033000
0 0.150000 0.049500 0.090000 0.099000
