0 0.193750 0.986500 0.039000 0.027000
0 0.325000 0.953500 0.042000 0.093000
0 0.226250 0.947500 0.057000 0.105000
0 0.057000 0.905500 0.114000 0.189000
0 0.351250 0.860000 0.075000 0.054000
0 0.305000 0.832500 0.024000 0.054000
0 0.088500 0.782500 0.177000 0.102000
0 0.473750 0.766250 0.381000 0.231000
0 0.442500 0.677500 0.048000 0.042000
0 0.407500 0.661250 0.030000 0.039000
0 0.301250 0.793000 0.441000 0.414000
0 0.398750 0.646250 0.075000 0.093000
0 0.173750 0.621250 0.039000 0.033000
0 0.502500 0.620000 0.054000 0.072000
0 0.312500 0.603750 0.090000 0.063000
0 0.180000 0.657500 0.360000 0.210000
0 0.631250 0.587500 0.249000 0.180000
0 0.048750 0.542500 0.087000 0.096000
0 0.236250 0.573750 0.141000 0.201000
0 0.016500 0.481250 0.033000 0.045000
0 0.907500 0.495000 0.180000 0.126000
0 0.798750 0.445000 0.033000 0.072000
0 0.067500 0.465000 0.135000 0.120000
0 0.232500 0.435000 0.126000 0.078000
0 0.817500 0.395000 0.036000 0.060000
0 0.371250 0.450000 0.363000 0.228000
0 0.155000 0.447500 0.144000 0.222000
0 0.891250 0.398750 0.153000 0.129000
0 0.675000 0.453750 0.372000 0.261000
0 0.216000 0.348750 0.432000 0.165000
0 0.540000 0.338750 0.126000 0.183000
0 0.125000 0.265000 0.084000 0.030000
0 0.916250 0.177500 0.093000 0.036000
0 0.848750 0.253750 0.273000 0.255000
0 0.856250 0.162500 0.027000 0.060000
0 0.083750 0.155000 0.045000 0.048000
0 0.846250 0.116250 0.045000 0.039000
0 0.037500 0.160000 0.075000 0.162000
0 0.276250 0.198750 0.411000 0.273000
0 0.925000 0.112500 0.126000 0.078000
0 0.988000 0.070000 0.024000 0.054000
0 0.795000 0.092500 0.042000 0.108000
0 0.213750 0.065000 0.039000 0.042000
0 0.207500 0.087500 0.168000 0.144000
0 0.886250 0.033750 0.045000 0.051000
0 0.827500 0.022500 0.072000 0.045000
0 0.705000 0.120000 0.210000 0.240000
0 0.626250 0.211500 0.237000 0.423000
0 0.465000 0.090000 0.120000 0.180000
0 0.362500 0.052500 0.168000 0.105000
0 0.246250 0.021000 0.099000 0.042000
0 0.113750 0.082500 0.057000 0.165000
0 0.061250 0.040500 0.117000 0.081000
