0 0.347187 0.995504 0.014250 0.008993
0 0.628437 0.995004 0.011250 0.009992
0 0.205937 0.995004 0.009750 0.009992
0 0.065000 0.995004 0.009000 0.009992
0 0.493750 0.994505 0.019500 0.010991
0 0.426875 0.994505 0.009000 0.010991
0 0.283750 0.994005 0.015000 0.011990
0 0.749062 0.993505 0.018750 0.012989
0 0.901250 0.992007 0.015000 0.015987
0 0.407813 0.991507 0.035250 0.016986
0 0.850625 0.990508 0.016500 0.018984
0 0.336250 0.989009 0.010500 0.021982
0 0.362500 0.984596 0.009000 0.012989
0 0.120938 0.987510 0.026250 0.024979
0 0.369688 0.987011 0.017250 0.025978
0 0.227500 0.982931 0.010500 0.010991
0 0.157812 0.981266 0.011250 0.008993
0 0.729688 0.985512 0.032250 0.028976
0 0.389375 0.985012 0.034500 0.029975
0 0.970625 0.982098 0.015000 0.018984
0 0.274375 0.985012 0.027000 0.027977
0 0.650312 0.980017 0.011250 0.019983
0 0.240313 0.982515 0.020250 0.034971
0 0.896563 0.979184 0.020250 0.021982
0 0.108750 0.973772 0.007500 0.012989
0 0.321875 0.979517 0.022500 0.040966
0 0.119375 0.975021 0.016500 0.023980
0 0.629062 0.967527 0.012750 0.011990
0 0.369375 0.969192 0.022500 0.021982
0 0.660312 0.963364 0.008250 0.009992
0 0.301875 0.974022 0.042000 0.051957
0 0.653750 0.958368 0.010500 0.011990
0 0.463750 0.962948 0.013500 0.034971
0 0.281250 0.950874 0.013500 0.015987
0 0.218750 0.947544 0.007500 0.013988
0 0.147500 0.963530 0.052500 0.072939
0 0.385000 0.959201 0.021000 0.051957
0 0.096250 0.940883 0.013500 0.009992
0 0.005250 0.945878 0.010500 0.021982
0 0.347813 0.940050 0.011250 0.013988
0 0.293750 0.944213 0.012000 0.023980
0 0.502188 0.943381 0.020250 0.023980
0 0.270313 0.940883 0.014250 0.019983
0 0.012812 0.940050 0.012750 0.017985
0 0.635312 0.957036 0.042750 0.085928
0 0.515938 0.937136 0.012750 0.020983
0 0.994750 0.933389 0.010500 0.015987
0 0.453750 0.932140 0.012000 0.012989
0 0.404687 0.955454 0.042750 0.068943
0 0.331562 0.934638 0.014250 0.018984
0 0.702812 0.927560 0.011250 0.007993
0 0.281250 0.933389 0.010500 0.021982
0 0.422812 0.937136 0.017250 0.040966
0 0.110937 0.942548 0.029250 0.053955
0 0.438125 0.954538 0.049500 0.090924
0 0.612187 0.922565 0.008250 0.019983
0 0.528438 0.926311 0.015750 0.028976
0 0.390000 0.925895 0.021000 0.029975
0 0.089688 0.918401 0.015750 0.015987
0 0.418438 0.912573 0.009750 0.009992
0 0.292500 0.912989 0.021000 0.012989
0 0.554063 0.914238 0.014250 0.017985
0 0.703125 0.915487 0.015000 0.022981
0 0.375312 0.915487 0.023250 0.024979
0 0.250937 0.943047 0.068250 0.113905
0 0.297812 0.919650 0.023250 0.036969
0 0.276875 0.914238 0.016500 0.023980
0 0.445312 0.910908 0.014250 0.021982
0 0.360625 0.918401 0.036000 0.039967
0 0.466562 0.928809 0.039750 0.066944
0 0.565625 0.908410 0.009000 0.021982
0 0.548125 0.905912 0.009000 0.015987
0 0.425000 0.904246 0.018000 0.017985
0 0.346250 0.900500 0.009000 0.012989
0 0.405625 0.898002 0.007500 0.010991
0 0.458750 0.906744 0.024000 0.051957
0 0.075625 0.886761 0.010500 0.013988
0 0.453750 0.890924 0.021000 0.025978
0 0.716875 0.902998 0.028500 0.058951
0 0.397500 0.901332 0.061500 0.070941
0 0.560625 0.883847 0.024000 0.034971
0 0.430625 0.892590 0.031500 0.057952
0 0.077813 0.873439 0.009750 0.015987
0 0.580937 0.868027 0.011250 0.014988
0 0.360625 0.866361 0.006000 0.018984
0 0.091875 0.883014 0.028500 0.062948
0 0.585938 0.860117 0.009750 0.013988
0 0.588125 0.880100 0.054000 0.065945
0 0.382812 0.863031 0.015750 0.024979
0 0.107188 0.853872 0.015750 0.010991
0 0.403125 0.862198 0.034500 0.032973
0 0.304063 0.853872 0.009750 0.012989
0 0.213438 0.854288 0.014250 0.015987
0 0.388125 0.850541 0.012000 0.012989
0 0.221562 0.848460 0.012750 0.007993
0 0.566250 0.855537 0.010500 0.026978
0 0.096562 0.850125 0.011250 0.013988
0 0.238750 0.852623 0.025500 0.023980
0 0.734688 0.859284 0.051750 0.041965
0 0.010313 0.845545 0.012750 0.012989
0 0.200625 0.841799 0.009000 0.005995
0 0.178437 0.843047 0.009750 0.010991
0 0.988750 0.842631 0.013500 0.013988
0 0.602187 0.850125 0.023250 0.031973
0 0.561875 0.843047 0.021000 0.024979
0 0.327500 0.901582 0.124500 0.196836
0 0.215312 0.838468 0.011250 0.019983
0 0.578750 0.845129 0.022500 0.037968
0 0.188750 0.841799 0.015000 0.031973
0 0.699063 0.831807 0.011250 0.009992
0 0.086875 0.831391 0.012000 0.010991
0 0.065000 0.826395 0.007500 0.014988
0 0.072813 0.849709 0.036750 0.076936
0 0.469062 0.819317 0.008250 0.011990
0 0.701562 0.820150 0.008250 0.017985
0 0.593437 0.825146 0.045750 0.035970
0 0.427187 0.815570 0.008250 0.012989
0 0.370000 0.833472 0.030000 0.055953
0 0.091563 0.813905 0.012750 0.020983
0 0.079375 0.812656 0.015000 0.019983
0 0.476562 0.808493 0.011250 0.015987
0 0.388750 0.822231 0.036000 0.052956
0 0.702187 0.803497 0.009750 0.015987
0 0.747812 0.800583 0.011250 0.012989
0 0.200625 0.799334 0.009000 0.011990
0 0.575313 0.807244 0.036750 0.036969
0 0.174687 0.790591 0.011250 0.008993
0 0.669375 0.787261 0.012000 0.010991
0 0.193438 0.790591 0.009750 0.020983
0 0.566875 0.785595 0.013500 0.014988
0 0.308750 0.784346 0.009000 0.013988
0 0.225312 0.813489 0.083250 0.083930
0 0.745625 0.786428 0.024000 0.024979
0 0.222188 0.781848 0.011250 0.017985
0 0.231563 0.778102 0.008250 0.010991
0 0.112812 0.781848 0.012750 0.021982
0 0.041563 0.776020 0.008250 0.011990
0 0.033438 0.780183 0.009750 0.023980
0 0.380000 0.780600 0.024000 0.028976
0 0.008125 0.773938 0.010500 0.012989
0 0.565000 0.771024 0.013500 0.011990
0 0.641563 0.827227 0.143250 0.148876
0 0.691875 0.773938 0.042000 0.026978
0 0.765312 0.767694 0.024750 0.015987
0 0.401875 0.805579 0.066000 0.110908
0 0.226250 0.764363 0.006000 0.011990
0 0.218750 0.766861 0.013500 0.017985
0 0.106563 0.762698 0.009750 0.009992
0 0.375000 0.763947 0.006000 0.014988
0 0.155938 0.762698 0.011250 0.011990
0 0.981875 0.755204 0.013500 0.011990
0 0.473750 0.766028 0.033000 0.041965
0 0.390313 0.754371 0.018750 0.019983
0 0.590313 0.748959 0.011250 0.016986
0 0.488438 0.752290 0.009750 0.026978
0 0.827812 0.746461 0.021750 0.014988
0 0.635312 0.741882 0.012750 0.007993
0 0.989062 0.741465 0.008250 0.008993
0 0.405625 0.743963 0.021000 0.014988
0 0.661875 0.743131 0.027000 0.026978
0 0.416875 0.737302 0.006000 0.012989
0 0.015625 0.736886 0.009000 0.011990
0 0.391875 0.737719 0.012000 0.015987
0 0.743125 0.730641 0.009000 0.016986
0 0.751875 0.753122 0.051000 0.072939
0 0.674687 0.753122 0.038250 0.074938
0 0.615000 0.739384 0.016500 0.041965
0 0.992125 0.728143 0.015750 0.016986
0 0.857500 0.726894 0.015000 0.013988
0 0.463750 0.731474 0.013500 0.024979
0 0.759687 0.722731 0.015750 0.011990
0 0.588750 0.757702 0.066000 0.099917
0 0.859375 0.718152 0.009000 0.008993
0 0.842812 0.727727 0.017250 0.033972
0 0.030000 0.723564 0.010500 0.027977
0 0.475625 0.734388 0.016500 0.055953
0 0.727500 0.717319 0.010500 0.016986
0 0.067125 0.826145 0.134250 0.347710
0 0.410000 0.713572 0.006000 0.011990
0 0.864062 0.711074 0.008250 0.009992
0 0.280000 0.709825 0.007500 0.008993
0 0.594375 0.711074 0.012000 0.013988
0 0.483125 0.721898 0.019500 0.039967
0 0.430000 0.708993 0.013500 0.008993
0 0.607187 0.703580 0.006750 0.011990
0 0.487500 0.831391 0.193500 0.320733
0 0.711875 0.762281 0.066000 0.158868
0 0.390313 0.715237 0.042750 0.047960
0 0.018437 0.706078 0.023250 0.025978
0 0.328125 0.704829 0.030000 0.024979
0 0.694063 0.700666 0.021750 0.016986
0 0.898750 0.696087 0.016500 0.013988
0 0.495312 0.693172 0.008250 0.008993
0 0.326875 0.694005 0.016500 0.014988
0 0.005250 0.693589 0.010500 0.013988
0 0.730000 0.699417 0.013500 0.031973
0 0.301250 0.691507 0.012000 0.012989
0 0.760938 0.691923 0.012750 0.017985
0 0.697500 0.689009 0.010500 0.012989
0 0.501875 0.691091 0.009000 0.017985
0 0.511250 0.689842 0.013500 0.018984
0 0.430937 0.690258 0.012750 0.019983
0 0.418750 0.691923 0.025500 0.027977
0 0.929063 0.681932 0.015750 0.009992
0 0.225938 0.683597 0.011250 0.017985
0 0.993250 0.684013 0.013500 0.020983
0 0.422187 0.679850 0.012750 0.012989
0 0.443437 0.684013 0.014250 0.024979
0 0.722187 0.675271 0.011250 0.009992
0 0.338438 0.676936 0.012750 0.017985
0 0.431563 0.675687 0.012750 0.016986
0 0.452188 0.674438 0.017250 0.015987
0 0.663750 0.669442 0.012000 0.013988
0 0.230625 0.667361 0.010500 0.012989
0 0.437500 0.667777 0.007500 0.015987
0 0.184062 0.663197 0.006750 0.018984
0 0.165937 0.659867 0.017250 0.016986
0 0.854375 0.657785 0.010500 0.013988
0 0.224688 0.659450 0.011250 0.017985
0 0.190000 0.660283 0.006000 0.019983
0 0.216875 0.664863 0.025500 0.032973
0 0.809688 0.655287 0.012750 0.013988
0 0.129062 0.660699 0.011250 0.028976
0 0.177813 0.653206 0.009750 0.014988
0 0.699688 0.654455 0.009750 0.019983
0 0.378750 0.649459 0.010500 0.009992
0 0.853437 0.648626 0.017250 0.009992
0 0.659875 0.785679 0.680250 0.428643
0 0.111875 0.662781 0.043500 0.047960
0 0.510000 0.646961 0.012000 0.011990
0 0.289687 0.651957 0.009750 0.023980
0 0.942187 0.659867 0.045750 0.044963
0 0.614688 0.651957 0.018750 0.025978
0 0.520312 0.669442 0.047250 0.067943
0 0.563750 0.691923 0.087000 0.123897
0 0.217188 0.644463 0.011250 0.015987
0 0.788438 0.636553 0.015750 0.012989
0 0.120000 0.636553 0.015000 0.012989
0 0.577500 0.643214 0.025500 0.030974
0 0.935000 0.639883 0.031500 0.024979
0 0.544063 0.636969 0.012750 0.019983
0 0.592500 0.630724 0.010500 0.006994
0 0.109063 0.633222 0.008250 0.016986
0 0.870313 0.630308 0.008250 0.011990
0 0.525000 0.635304 0.033000 0.023980
0 0.553125 0.628226 0.028500 0.024979
0 0.650625 0.636969 0.072000 0.047960
0 0.118438 0.623231 0.012750 0.014988
0 0.724688 0.624063 0.008250 0.022981
0 0.642813 0.616986 0.008250 0.007993
0 0.974688 0.625729 0.018750 0.030974
0 0.966250 0.618651 0.006000 0.017985
0 0.983437 0.620733 0.015750 0.024979
0 0.942187 0.617402 0.006750 0.018984
0 0.163125 0.615737 0.009000 0.014988
0 0.261875 0.611574 0.012000 0.010991
0 0.702187 0.614072 0.017250 0.020983
0 0.532813 0.616986 0.029250 0.027977
0 0.618750 0.606994 0.009000 0.009992
0 0.959375 0.629892 0.037500 0.068943
0 0.981250 0.605329 0.012000 0.015987
0 0.964063 0.605329 0.024750 0.015987
0 0.009375 0.615321 0.018750 0.039967
0 0.148750 0.604080 0.016500 0.014988
0 0.679375 0.601582 0.010500 0.010991
0 0.101250 0.600749 0.019500 0.008993
0 0.185625 0.600333 0.012000 0.009992
0 0.811562 0.600749 0.012750 0.012989
0 0.006250 0.598251 0.010500 0.008993
0 0.933125 0.611574 0.025500 0.044963
0 0.169687 0.604496 0.021750 0.029975
0 0.872188 0.600333 0.015750 0.021982
0 0.121563 0.595754 0.014250 0.012989
0 0.153125 0.598251 0.025500 0.024979
0 0.836250 0.604080 0.022500 0.040966
0 0.283125 0.604080 0.031500 0.042964
0 0.895312 0.648626 0.089250 0.151873
0 0.735938 0.592423 0.018750 0.020983
0 0.860000 0.597835 0.028500 0.035970
0 0.674063 0.676103 0.197250 0.225812
0 0.767813 0.590341 0.012750 0.023980
0 0.823438 0.594088 0.014250 0.034971
0 0.335938 0.583264 0.008250 0.014988
0 0.008625 0.585346 0.017250 0.019983
0 0.448125 0.578684 0.015000 0.015987
0 0.477812 0.578268 0.014250 0.022981
0 0.166563 0.581599 0.072750 0.040966
0 0.270625 0.562864 0.010500 0.007993
0 0.183438 0.563281 0.009750 0.016986
0 0.133125 0.573272 0.040500 0.046961
0 0.669375 0.559534 0.009000 0.017985
0 0.994375 0.552456 0.011250 0.008993
0 0.152812 0.559117 0.018750 0.024979
0 0.820000 0.552040 0.010500 0.017985
0 0.788438 0.553705 0.026250 0.023980
0 0.794063 0.543297 0.014250 0.008993
0 0.943125 0.547460 0.025500 0.020983
0 0.232813 0.540383 0.011250 0.007993
0 0.250000 0.544546 0.028500 0.021982
0 0.686250 0.537469 0.012000 0.016986
0 0.004125 0.534138 0.008250 0.012989
0 0.940625 0.529559 0.007500 0.009992
0 0.268750 0.532473 0.009000 0.016986
0 0.280938 0.532057 0.017250 0.025978
0 0.848750 0.531224 0.015000 0.027977
0 0.992125 0.532473 0.015750 0.036969
0 0.970000 0.522481 0.018000 0.020983
0 0.761875 0.537052 0.039000 0.057952
0 0.840938 0.524979 0.021750 0.038968
0 0.967812 0.507077 0.009750 0.013988
0 0.309063 0.512490 0.015750 0.030974
0 0.132188 0.498751 0.011250 0.015987
0 0.940625 0.500416 0.022500 0.025978
0 0.702187 0.494172 0.012750 0.010991
0 0.691250 0.494172 0.007500 0.016986
0 0.951562 0.479600 0.006750 0.013988
0 0.731875 0.477935 0.009000 0.011990
0 0.958438 0.475853 0.011250 0.010991
0 0.338125 0.467943 0.007500 0.017985
0 0.015938 0.457535 0.006750 0.012989
0 0.319375 0.466694 0.018000 0.042964
0 0.308750 0.439634 0.012000 0.015987
0 0.933438 0.437968 0.018750 0.017985
0 0.920000 0.436719 0.012000 0.022981
0 0.945000 0.430891 0.007500 0.014988
0 0.918438 0.420899 0.009750 0.018984
0 0.006375 0.413405 0.012750 0.014988
0 0.004125 0.373022 0.008250 0.021982
0 0.024000 0.385096 0.048000 0.062948
0 0.985750 0.376769 0.028500 0.044963
0 0.944375 0.358451 0.013500 0.020983
0 0.952187 0.358451 0.011250 0.034971
0 0.920000 0.344296 0.007500 0.010991
0 0.994750 0.337219 0.010500 0.013988
0 0.939688 0.331391 0.006750 0.015987
0 0.932187 0.322648 0.008250 0.012989
0 0.945312 0.324313 0.012750 0.018984
0 0.961250 0.320150 0.010500 0.022981
0 0.903125 0.315987 0.015000 0.024979
0 0.967187 0.305995 0.009750 0.012989
0 0.150000 0.296003 0.018000 0.016986
0 0.974500 0.293089 0.051000 0.049958
0 0.967812 0.263947 0.011250 0.021982
0 0.933438 0.253539 0.011250 0.014988
0 0.064375 0.244380 0.016500 0.016986
0 0.126250 0.234388 0.024000 0.026978
0 0.994375 0.230225 0.011250 0.028976
0 0.011250 0.213572 0.012000 0.016986
0 0.970625 0.197336 0.009000 0.011990
0 0.006750 0.199001 0.013500 0.031973
0 0.006000 0.183597 0.012000 0.014988
0 0.060937 0.181932 0.014250 0.014988
0 0.017188 0.186928 0.021750 0.038968
0 0.037500 0.201499 0.052500 0.109908
0 0.073125 0.173189 0.051000 0.051957
0 0.936250 0.153622 0.012000 0.026978
0 0.996625 0.148210 0.006750 0.015987
0 0.930312 0.149042 0.012750 0.019983
0 0.941562 0.137386 0.008250 0.017985
0 0.020938 0.153206 0.035250 0.055953
0 0.981875 0.127394 0.010500 0.013988
0 0.933438 0.126561 0.009750 0.019983
0 0.015000 0.149459 0.030000 0.084929
0 0.917813 0.118235 0.006750 0.011990
0 0.979062 0.114904 0.011250 0.013988
0 0.042188 0.109492 0.011250 0.016986
0 0.031563 0.121149 0.024750 0.050958
0 0.023750 0.095754 0.022500 0.029975
0 0.926250 0.104496 0.048000 0.058951
0 0.671875 0.065362 0.009000 0.016986
0 0.921875 0.056619 0.016500 0.013988
0 0.354063 0.051207 0.011250 0.010991
0 0.169063 0.045795 0.017250 0.009992
0 0.335938 0.045379 0.024750 0.026978
0 0.866250 0.037052 0.007500 0.012989
0 0.643750 0.032889 0.010500 0.010991
0 0.650625 0.029142 0.010500 0.013988
0 0.993125 0.029975 0.009000 0.021982
0 0.553438 0.023730 0.020250 0.012989
0 0.559063 0.016653 0.009750 0.015987
0 0.739062 0.013739 0.011250 0.016986
0 0.086250 0.010408 0.010500 0.016986
0 0.397188 0.012073 0.017250 0.022981
0 0.968125 0.009492 0.015000 0.018984
0 0.950125 0.066445 0.099750 0.132889
0 0.930625 0.007494 0.010500 0.014988
0 0.913438 0.018984 0.024750 0.037968
0 0.900312 0.014988 0.014250 0.029975
0 0.855313 0.020983 0.026250 0.041965
0 0.819063 0.005995 0.018750 0.011990
0 0.805625 0.008493 0.009000 0.016986
0 0.666250 0.015987 0.019500 0.031973
0 0.555937 0.005495 0.008250 0.010991
0 0.429688 0.006994 0.011250 0.013988
0 0.349687 0.028476 0.057750 0.056953
0 0.310312 0.022981 0.048750 0.045962
0 0.600000 0.600000 1.000000 1.000000
