0 0.288926 0.690312 0.017985 0.005250
0 0.333056 0.695000 0.021982 0.028500
0 0.450458 0.690625 0.023980 0.021000
0 0.530391 0.686250 0.027977 0.019500
0 0.405912 0.679063 0.014988 0.012750
0 0.540799 0.680000 0.020983 0.016500
0 0.469192 0.680312 0.012989 0.017250
0 0.422148 0.679688 0.015987 0.017250
0 0.563281 0.678750 0.030974 0.018000
0 0.290591 0.679375 0.031973 0.019500
0 0.620733 0.683125 0.032973 0.036000
0 0.592007 0.671562 0.025978 0.017250
0 0.582848 0.665312 0.015987 0.006750
0 0.676103 0.664687 0.011990 0.011250
0 0.432973 0.671875 0.059950 0.030000
0 0.465445 0.665000 0.007993 0.015000
0 0.511657 0.667188 0.018984 0.029250
0 0.393422 0.662813 0.042964 0.024750
0 0.607410 0.655312 0.022981 0.008250
0 0.293505 0.662188 0.032973 0.024750
0 0.668609 0.659375 0.025978 0.019500
0 0.451291 0.655625 0.013988 0.012000
0 0.498751 0.665312 0.027977 0.038250
0 0.528310 0.653438 0.006994 0.014250
0 0.592839 0.650000 0.013988 0.009000
0 0.553289 0.656563 0.036969 0.029250
0 0.576603 0.651563 0.014988 0.021750
0 0.655287 0.644375 0.017985 0.009000
0 0.353872 0.655312 0.029975 0.039750
0 0.399251 0.642500 0.020983 0.022500
0 0.624480 0.645000 0.015987 0.030000
0 0.822648 0.631250 0.031973 0.015000
0 0.470858 0.651563 0.120899 0.063750
0 0.713156 0.635625 0.026978 0.027000
0 0.417569 0.636563 0.026978 0.030750
0 0.337219 0.636250 0.025978 0.031500
0 0.669026 0.629062 0.024979 0.021750
0 0.470025 0.625313 0.020983 0.014250
0 0.355537 0.624375 0.013988 0.012000
0 0.639051 0.627500 0.038968 0.022500
0 0.674022 0.621563 0.018984 0.012750
0 0.436303 0.621250 0.017985 0.015000
0 0.450874 0.613750 0.014988 0.006000
0 0.559117 0.627500 0.062948 0.040500
0 0.518734 0.622500 0.023980 0.030000
0 0.328476 0.618125 0.016986 0.021000
0 0.380516 0.635312 0.039967 0.063750
0 0.364696 0.608750 0.021982 0.009000
0 0.640716 0.606563 0.008993 0.008250
0 0.580766 0.606563 0.016986 0.011250
0 0.484180 0.612500 0.034971 0.025500
0 0.281432 0.610625 0.033972 0.025500
0 0.531224 0.612500 0.025978 0.031500
0 0.544963 0.608125 0.020983 0.025500
0 0.349292 0.605938 0.026978 0.021750
0 0.432556 0.607187 0.028976 0.030750
0 0.401332 0.607187 0.043963 0.033750
0 0.284763 0.597500 0.015987 0.016500
0 0.619067 0.598125 0.034971 0.027000
0 0.569109 0.593125 0.036969 0.015000
0 0.424646 0.591875 0.015987 0.012000
0 0.512490 0.597812 0.012989 0.027750
0 0.481266 0.585938 0.009992 0.008250
0 0.574105 0.585625 0.034971 0.015000
0 0.407993 0.587187 0.025978 0.021750
0 0.644879 0.586562 0.022981 0.021750
0 0.528310 0.587500 0.012989 0.027000
0 0.675687 0.592500 0.050958 0.042000
0 0.617818 0.580937 0.013988 0.015750
0 0.387177 0.580000 0.015987 0.019500
0 0.498335 0.578750 0.016986 0.018000
0 0.377602 0.579375 0.022981 0.025500
0 0.263530 0.573750 0.042964 0.016500
0 0.544546 0.571875 0.023980 0.013500
0 0.597002 0.579688 0.053955 0.038250
0 0.566195 0.570937 0.017985 0.017250
0 0.629059 0.566562 0.014988 0.015750
0 0.751873 0.564375 0.035970 0.018000
0 0.281432 0.565625 0.057952 0.024000
0 0.472523 0.566562 0.042964 0.036750
0 0.554538 0.551250 0.007993 0.012000
0 0.410075 0.548750 0.012989 0.007500
0 0.460033 0.547188 0.018984 0.015750
0 0.521232 0.545625 0.009992 0.013500
0 0.591590 0.550625 0.024979 0.028500
0 0.384263 0.544375 0.012989 0.019500
0 0.350958 0.560937 0.074938 0.068250
0 0.651124 0.535312 0.017985 0.008250
0 0.511657 0.556562 0.036969 0.059250
0 0.693172 0.543750 0.026978 0.030000
0 0.668193 0.540000 0.016986 0.021000
0 0.680266 0.529375 0.009992 0.007500
0 0.659034 0.552188 0.106911 0.063750
0 0.512073 0.528125 0.015987 0.006000
0 0.312656 0.544375 0.054954 0.045000
0 0.485845 0.530625 0.006994 0.015000
0 0.275187 0.533438 0.018984 0.023250
0 0.585346 0.528125 0.007993 0.015000
0 0.370525 0.526563 0.009992 0.011250
0 0.430475 0.557500 0.093922 0.103500
0 0.308493 0.526563 0.016986 0.035250
0 0.345962 0.521250 0.026978 0.024000
0 0.283930 0.517500 0.037968 0.015000
0 0.259784 0.516250 0.011990 0.012000
0 0.523730 0.524687 0.023980 0.035250
0 0.500833 0.516250 0.018984 0.016500
0 0.484596 0.515625 0.013988 0.018000
0 0.683597 0.512813 0.023980 0.012750
0 0.626561 0.516250 0.050958 0.028500
0 0.583680 0.511563 0.021982 0.023250
0 0.399251 0.523750 0.090924 0.052500
0 0.661116 0.515312 0.017985 0.038250
0 0.472107 0.520312 0.039967 0.053250
0 0.448376 0.502188 0.020983 0.017250
0 0.383847 0.499063 0.017985 0.011250
0 0.714821 0.495312 0.010991 0.009750
0 0.442548 0.495000 0.010991 0.010500
0 0.557868 0.527188 0.059950 0.092250
0 0.271857 0.500938 0.028976 0.033750
0 0.838884 0.498750 0.024979 0.030000
0 0.461282 0.489687 0.023980 0.008250
0 0.252706 0.488750 0.012989 0.019500
0 0.620316 0.492812 0.057952 0.032250
0 0.612823 0.480938 0.015987 0.015750
0 0.769359 0.484687 0.025978 0.029250
0 0.507077 0.494063 0.065945 0.051750
0 0.581182 0.477500 0.031973 0.015000
0 0.751457 0.480938 0.022981 0.027750
0 0.525396 0.475000 0.015987 0.018000
0 0.679017 0.484687 0.048959 0.042750
0 0.400916 0.472500 0.012989 0.016500
0 0.269775 0.476562 0.023980 0.026250
0 0.313489 0.472187 0.022981 0.023250
0 0.367610 0.479375 0.056953 0.043500
0 0.489176 0.462813 0.014988 0.006750
0 0.620733 0.463750 0.010991 0.010500
0 0.253539 0.467500 0.020983 0.021000
0 0.670275 0.465625 0.015987 0.018000
0 0.411324 0.484375 0.067943 0.063000
0 0.631973 0.476250 0.079933 0.046500
0 0.344713 0.464062 0.037968 0.021750
0 0.457535 0.466875 0.048959 0.031500
0 0.688593 0.458125 0.013988 0.013500
0 0.498335 0.455937 0.010991 0.011250
0 0.526644 0.457500 0.012989 0.019500
0 0.325978 0.467500 0.038968 0.045000
0 0.332223 0.452500 0.015987 0.013500
0 0.654871 0.453437 0.014988 0.017250
0 0.424646 0.451562 0.013988 0.012750
0 0.300583 0.455313 0.021982 0.023250
0 0.576187 0.453125 0.019983 0.019500
0 0.547044 0.473125 0.039967 0.072000
0 0.295171 0.476250 0.132889 0.084000
0 0.368443 0.449375 0.012989 0.024000
0 0.479600 0.449688 0.025978 0.026250
0 0.446295 0.444688 0.039967 0.018750
0 0.510824 0.443750 0.026978 0.019500
0 0.672773 0.438437 0.035970 0.020250
0 0.403830 0.438437 0.025978 0.020250
0 0.257702 0.437188 0.022981 0.020250
0 0.574105 0.431563 0.026978 0.008250
0 0.458368 0.432812 0.020983 0.020250
0 0.667777 0.425938 0.007993 0.011250
0 0.533306 0.431563 0.014988 0.026250
0 0.315987 0.431250 0.052956 0.031500
0 0.419650 0.424687 0.013988 0.017250
0 0.605745 0.440937 0.056953 0.062250
0 0.764779 0.424687 0.028976 0.024750
0 0.560366 0.421563 0.033972 0.018750
0 0.468360 0.415312 0.012989 0.006750
0 0.380100 0.430937 0.026978 0.045750
0 0.672356 0.418750 0.026978 0.018000
0 0.491257 0.430312 0.035970 0.045750
0 0.580766 0.416250 0.018984 0.015000
0 0.404246 0.414375 0.026978 0.010500
0 0.286844 0.411562 0.010991 0.012750
0 0.804330 0.413750 0.037968 0.021000
0 0.336386 0.419375 0.041965 0.036000
0 0.273106 0.418438 0.047960 0.048750
0 0.549126 0.405938 0.024979 0.020250
0 0.641965 0.399062 0.013988 0.011250
0 0.211074 0.405938 0.030974 0.027750
0 0.521649 0.406250 0.016986 0.030000
0 0.256869 0.405000 0.020983 0.027000
0 0.633222 0.422500 0.060949 0.070500
0 0.504580 0.401250 0.011990 0.022500
0 0.685262 0.400000 0.021982 0.027000
0 0.384263 0.395625 0.020983 0.019500
0 0.504163 0.387813 0.016986 0.005250
0 0.451707 0.395000 0.016986 0.025500
0 0.538718 0.390000 0.007993 0.015000
0 0.571607 0.392188 0.036969 0.029250
0 0.468360 0.392500 0.022981 0.031500
0 0.277269 0.386562 0.053955 0.017250
0 0.368443 0.382188 0.012989 0.008250
0 0.343464 0.382500 0.014988 0.009000
0 0.612406 0.382500 0.024979 0.016500
0 0.665279 0.393437 0.039967 0.045750
0 0.431724 0.393125 0.050958 0.057000
0 0.404246 0.376875 0.012989 0.018000
0 0.593672 0.390313 0.025978 0.051750
0 0.322648 0.376563 0.038968 0.029250
0 0.384263 0.371250 0.040966 0.022500
0 0.271440 0.368125 0.007993 0.015000
0 0.537052 0.375312 0.047960 0.042750
0 0.682348 0.366563 0.034971 0.023250
0 0.568276 0.369375 0.018984 0.031500
0 0.638634 0.372500 0.031973 0.040500
0 0.414654 0.359063 0.021982 0.014250
0 0.510408 0.360938 0.019983 0.021750
0 0.370941 0.356563 0.022981 0.011250
0 0.294338 0.362500 0.016986 0.025500
0 0.277269 0.359687 0.027977 0.020250
0 0.452540 0.353438 0.020983 0.006750
0 0.478351 0.378125 0.052956 0.067500
0 0.582848 0.355625 0.023980 0.019500
0 0.337219 0.393750 0.089925 0.112500
0 0.490425 0.349062 0.023980 0.014250
0 0.284763 0.345625 0.019983 0.009000
0 0.381349 0.346250 0.025978 0.013500
0 0.426728 0.351875 0.022981 0.036000
0 0.613655 0.356250 0.043963 0.051000
0 0.660699 0.347813 0.024979 0.035250
0 0.452956 0.342187 0.031973 0.021750
0 0.323897 0.338125 0.025978 0.018000
0 0.491674 0.334062 0.024979 0.009750
0 0.591590 0.339375 0.030974 0.024000
0 0.516236 0.342187 0.031973 0.036750
0 0.425895 0.329062 0.024979 0.011250
0 0.338052 0.335938 0.021982 0.027750
0 0.472523 0.333125 0.018984 0.025500
0 0.532057 0.331875 0.035970 0.025500
0 0.574521 0.319063 0.013988 0.006750
0 0.371774 0.325313 0.046961 0.027750
0 0.349709 0.330937 0.027977 0.051750
0 0.296003 0.318125 0.040966 0.021000
0 0.604080 0.319688 0.034971 0.026250
0 0.375104 0.306875 0.012989 0.009000
0 0.436303 0.315937 0.075937 0.035250
0 0.536220 0.308125 0.027977 0.018000
0 0.515404 0.301875 0.017985 0.009000
0 0.560366 0.293750 0.013988 0.009000
0 0.497918 0.306563 0.057952 0.041250
0 0.464613 0.296563 0.013988 0.020250
0 0.545379 0.314375 0.071940 0.064500
0 0.582848 0.297812 0.025978 0.030750
0 0.265612 0.292500 0.031973 0.022500
0 0.564113 0.281875 0.008993 0.012000
0 0.448793 0.288750 0.025978 0.034500
0 0.223980 0.281562 0.023980 0.023250
0 0.421316 0.285938 0.031973 0.036750
0 0.497918 0.280000 0.017985 0.034500
0 0.443797 0.270000 0.009992 0.013500
0 0.475021 0.273438 0.012989 0.024750
0 0.535387 0.276250 0.015987 0.033000
0 0.564530 0.267500 0.013988 0.018000
0 0.516653 0.272188 0.020983 0.032250
0 0.287677 0.258437 0.030974 0.023250
0 0.431307 0.257812 0.031973 0.029250
0 0.544130 0.255937 0.030974 0.027750
0 0.498335 0.248438 0.038968 0.020250
