0 0.512906 0.967812 0.017985 0.023250
0 0.593672 0.955937 0.013988 0.008250
0 0.570774 0.953750 0.018984 0.012000
0 0.543297 0.955937 0.034971 0.018750
0 0.508326 0.948438 0.006994 0.015750
0 0.639051 0.944688 0.008993 0.012750
0 0.654871 0.940312 0.016986 0.011250
0 0.457535 0.933438 0.030974 0.009750
0 0.455037 0.951875 0.076936 0.061500
0 0.590758 0.931250 0.018984 0.013500
0 0.606578 0.928750 0.008993 0.013500
0 0.553289 0.933125 0.018984 0.033000
0 0.747710 0.921875 0.009992 0.013500
0 0.517069 0.929375 0.065945 0.033000
0 0.682348 0.919063 0.012989 0.012750
0 0.497918 0.912813 0.033972 0.021750
0 0.697752 0.905312 0.015987 0.011250
0 0.468776 0.907813 0.033972 0.021750
0 0.415903 0.914062 0.052956 0.041250
0 0.738551 0.904062 0.033972 0.020250
0 0.596586 0.907188 0.022981 0.035250
0 0.691507 0.896875 0.012989 0.015000
0 0.801415 0.897188 0.018984 0.021750
0 0.681515 0.886250 0.010991 0.010500
0 0.501249 0.891250 0.027977 0.024000
0 0.598668 0.881250 0.011990 0.007500
0 0.796003 0.880625 0.019983 0.015000
0 0.959201 0.877188 0.017985 0.012750
0 0.670275 0.878437 0.041965 0.015750
0 0.582015 0.879375 0.029975 0.018000
0 0.667361 0.904375 0.150874 0.079500
0 0.967111 0.871875 0.010991 0.019500
0 0.725229 0.881563 0.093922 0.056250
0 0.440883 0.878750 0.030974 0.052500
0 0.808493 0.852187 0.015987 0.011250
0 0.834305 0.862812 0.051957 0.038250
0 0.373855 0.851875 0.007993 0.015000
0 0.303913 0.847812 0.021982 0.011250
0 0.478768 0.859062 0.021982 0.048750
0 0.907993 0.858437 0.034971 0.048750
0 0.345545 0.848125 0.025978 0.034500
0 0.834305 0.838437 0.035970 0.015750
0 0.330142 0.839063 0.018984 0.020250
0 0.731474 0.831562 0.018984 0.006750
0 0.391757 0.866875 0.064946 0.093000
0 0.984596 0.830937 0.024979 0.011250
0 0.632390 0.851875 0.066944 0.069000
0 0.471690 0.823750 0.012989 0.006000
0 0.920899 0.842812 0.057952 0.059250
0 0.389675 0.825313 0.015987 0.020250
0 0.533306 0.852812 0.076936 0.089250
0 0.343464 0.822187 0.022981 0.023250
0 0.396336 0.816562 0.015987 0.011250
0 0.988010 0.814063 0.023980 0.009750
0 0.286428 0.824063 0.025978 0.036750
0 0.478351 0.835000 0.066944 0.066000
0 0.737302 0.816562 0.014988 0.027750
0 0.801415 0.822500 0.046961 0.048000
0 0.685679 0.835625 0.082931 0.084000
0 0.866778 0.824063 0.055953 0.057750
0 0.327227 0.805312 0.029975 0.017250
0 0.279767 0.800937 0.031973 0.015750
0 0.349709 0.795312 0.019983 0.008250
0 0.624063 0.798750 0.042964 0.018000
0 0.249792 0.802813 0.017985 0.027750
0 0.724813 0.796562 0.018984 0.017250
0 0.605745 0.817813 0.128893 0.080250
0 0.338884 0.788750 0.009992 0.012000
0 0.235221 0.786563 0.014988 0.009750
0 0.253955 0.789687 0.019983 0.018750
0 0.772689 0.826562 0.079933 0.113250
0 0.930058 0.780000 0.015987 0.010500
0 0.659034 0.780000 0.018984 0.010500
0 0.353872 0.775937 0.011990 0.014250
0 0.826811 0.783125 0.085928 0.046500
0 0.653622 0.766563 0.011990 0.006750
0 0.586178 0.766563 0.011990 0.008250
0 0.270192 0.772500 0.014988 0.022500
0 0.229808 0.768125 0.059950 0.025500
0 0.371774 0.759687 0.014988 0.006750
0 0.304746 0.783125 0.063947 0.069000
0 0.330974 0.757500 0.012989 0.010500
0 0.539134 0.756250 0.016986 0.022500
0 0.266028 0.751250 0.044963 0.012000
0 0.827644 0.751563 0.041965 0.014250
0 0.690674 0.765000 0.058951 0.051000
0 0.744796 0.760625 0.054954 0.043500
0 0.636969 0.762500 0.033972 0.049500
0 0.653622 0.746875 0.031973 0.015000
0 0.557452 0.774687 0.128893 0.084750
0 0.504580 0.745313 0.035970 0.017250
0 0.200666 0.748125 0.033972 0.030000
0 0.268110 0.740313 0.011990 0.012750
0 0.414238 0.738750 0.024979 0.012000
0 0.391341 0.739062 0.013988 0.012750
0 0.321399 0.743750 0.039967 0.028500
0 0.463364 0.793438 0.260783 0.149250
0 0.922565 0.750313 0.049958 0.048750
0 0.871357 0.763437 0.068943 0.080250
0 0.220233 0.734688 0.028976 0.018750
0 0.993006 0.735000 0.013988 0.022500
0 0.310991 0.730938 0.010991 0.014250
0 0.824313 0.725000 0.019983 0.007500
0 0.763947 0.725313 0.020983 0.008250
0 0.789342 0.740000 0.049958 0.046500
0 0.435887 0.723750 0.020983 0.007500
0 0.168609 0.723437 0.016986 0.006750
0 0.735637 0.721562 0.026978 0.006750
0 0.562032 0.723125 0.021982 0.022500
0 0.475021 0.716562 0.012989 0.009750
0 0.265612 0.715938 0.019983 0.008250
0 0.765196 0.714063 0.019983 0.005250
0 0.148626 0.715938 0.022981 0.009750
0 0.747710 0.717187 0.013988 0.014250
0 0.415071 0.719375 0.024979 0.027000
0 0.600749 0.724375 0.060949 0.042000
0 0.217735 0.717187 0.050958 0.024750
0 0.592423 0.710938 0.018984 0.014250
0 0.248127 0.711875 0.011990 0.018000
0 0.495004 0.715938 0.028976 0.033750
0 0.851374 0.709688 0.020983 0.021750
0 0.865945 0.719063 0.067943 0.050250
0 0.751041 0.699688 0.027977 0.009750
0 0.964530 0.707187 0.070941 0.036750
0 0.139883 0.700625 0.019983 0.022500
0 0.716903 0.695625 0.037968 0.015000
0 0.602831 0.693125 0.021982 0.009000
0 0.766028 0.691875 0.029975 0.009000
0 0.628226 0.691250 0.012989 0.007500
0 0.978018 0.691562 0.043963 0.014250
0 0.815570 0.701250 0.042964 0.042000
0 0.643630 0.707812 0.095920 0.059250
0 0.138218 0.685937 0.015987 0.011250
0 0.114072 0.682500 0.019983 0.009000
0 0.345962 0.681250 0.010991 0.010500
0 0.175271 0.692500 0.042964 0.040500
0 0.787677 0.681875 0.019983 0.021000
0 0.259367 0.686875 0.042964 0.033000
0 0.641549 0.678750 0.024979 0.016500
0 0.956286 0.676562 0.012989 0.023250
0 0.224813 0.685000 0.047960 0.045000
0 0.773106 0.671562 0.020983 0.020250
0 0.196919 0.668750 0.012989 0.015000
0 0.371774 0.663750 0.016986 0.004500
0 0.389259 0.664687 0.018984 0.020250
0 0.755204 0.660937 0.019983 0.012750
0 0.310991 0.688438 0.076936 0.080250
0 0.133222 0.666250 0.065945 0.028500
0 0.693172 0.696250 0.072939 0.106500
0 0.981682 0.654062 0.027977 0.008250
0 0.785595 0.658438 0.020983 0.020250
0 0.873855 0.672813 0.056953 0.056250
0 0.728976 0.670937 0.046961 0.053250
0 0.436303 0.666562 0.027977 0.042750
0 0.968526 0.656563 0.062948 0.026250
0 0.476686 0.685312 0.386678 0.102750
0 0.762698 0.645000 0.029975 0.024000
0 0.796836 0.640625 0.043963 0.016500
0 0.198585 0.630000 0.020983 0.007500
0 0.459617 0.650000 0.059950 0.057000
0 0.988759 0.633125 0.016986 0.018000
0 0.962032 0.638437 0.075937 0.033750
0 0.794754 0.629687 0.026978 0.012750
0 0.302248 0.640938 0.077935 0.039750
0 0.575354 0.634687 0.067943 0.029250
0 0.713572 0.628125 0.015987 0.015000
0 0.678601 0.643750 0.097918 0.055500
0 0.258118 0.626875 0.041965 0.018000
0 0.516653 0.635625 0.064946 0.048000
0 0.425062 0.627188 0.058951 0.033750
0 0.591174 0.616563 0.015987 0.009750
0 0.388010 0.615625 0.023980 0.010500
0 0.851790 0.614688 0.009992 0.011250
0 0.508743 0.615313 0.017985 0.012750
0 0.757286 0.620938 0.014988 0.027750
0 0.966278 0.613437 0.010991 0.011250
0 0.464613 0.616563 0.027977 0.020250
0 0.180683 0.620000 0.059950 0.030000
0 0.633222 0.620313 0.042964 0.038250
0 0.077852 0.615000 0.016986 0.025500
0 0.600000 0.762250 1.000000 0.475500
0 0.602831 0.605313 0.027977 0.015750
0 0.043297 0.618750 0.063947 0.048000
0 0.204413 0.621250 0.052956 0.055500
0 0.979184 0.600313 0.025978 0.018750
0 0.366361 0.596875 0.025978 0.012000
0 0.126145 0.619375 0.064946 0.066000
0 0.953372 0.590938 0.033972 0.011250
0 0.301832 0.602187 0.074938 0.041250
0 0.797669 0.609062 0.091923 0.059250
0 0.683181 0.600625 0.074938 0.042000
0 0.352206 0.630000 0.087927 0.112500
0 0.030808 0.588437 0.045962 0.012750
0 0.441715 0.588125 0.026978 0.016500
0 0.823064 0.587500 0.056953 0.018000
0 0.890924 0.619375 0.103913 0.096000
0 0.490008 0.597500 0.022981 0.048000
0 0.736470 0.595000 0.048959 0.051000
0 0.185262 0.587500 0.060949 0.033000
0 0.137386 0.583125 0.045962 0.027000
0 0.596170 0.579375 0.009992 0.022500
0 0.569525 0.589063 0.025978 0.051750
0 0.411324 0.588437 0.059950 0.050250
0 0.718984 0.572500 0.022981 0.013500
0 0.260200 0.576875 0.024979 0.027000
0 0.992090 0.566250 0.014988 0.009000
0 0.550791 0.564063 0.018984 0.006750
0 0.141549 0.566250 0.043963 0.012000
0 0.301832 0.573125 0.056953 0.030000
0 0.362614 0.571875 0.052956 0.028500
0 0.092007 0.578125 0.046961 0.043500
0 0.462531 0.580313 0.058951 0.060750
0 0.588676 0.562813 0.027977 0.020250
0 0.233139 0.558125 0.053955 0.013500
0 0.029142 0.559063 0.029975 0.015750
0 0.196087 0.556875 0.036969 0.012000
0 0.412157 0.559688 0.061948 0.020250
0 0.886345 0.562500 0.044963 0.034500
0 0.873022 0.555937 0.008993 0.020250
0 0.830974 0.558438 0.023980 0.033750
0 0.512906 0.579063 0.057952 0.084750
0 0.775604 0.552188 0.032973 0.023250
0 0.047877 0.547500 0.008993 0.013500
0 0.547877 0.548750 0.035970 0.022500
0 0.161948 0.544687 0.020983 0.014250
0 0.300167 0.546875 0.068943 0.022500
0 0.979517 0.543750 0.040966 0.018000
0 0.175687 0.540312 0.021982 0.009750
0 0.120733 0.552188 0.059950 0.039750
0 0.023980 0.542500 0.047960 0.016500
0 0.243547 0.536875 0.012989 0.009000
0 0.197336 0.543125 0.027977 0.024000
0 0.932140 0.563438 0.076936 0.077250
0 0.650708 0.558125 0.118901 0.066000
0 0.905495 0.538750 0.012989 0.021000
0 0.729392 0.534375 0.017985 0.010500
0 0.206911 0.533125 0.028976 0.009000
0 0.881349 0.536875 0.012989 0.019500
0 0.706495 0.530000 0.022981 0.006000
0 0.421732 0.542500 0.134888 0.043500
0 0.768943 0.527500 0.008993 0.010500
0 0.669026 0.530937 0.058951 0.021750
0 0.819317 0.530312 0.011990 0.021750
0 0.521232 0.530937 0.011990 0.026250
0 0.544130 0.523438 0.008993 0.017250
0 0.058701 0.537500 0.086928 0.051000
0 0.305995 0.525312 0.052956 0.027750
0 0.472523 0.525312 0.082931 0.030750
0 0.414238 0.515938 0.022981 0.014250
0 0.928809 0.514687 0.012989 0.012750
0 0.830974 0.514687 0.017985 0.012750
0 0.535387 0.514687 0.049958 0.020250
0 0.773938 0.527813 0.078934 0.053250
0 0.173605 0.520312 0.072939 0.038250
0 0.611157 0.516563 0.049958 0.030750
0 0.217319 0.514375 0.021982 0.025500
0 0.976520 0.518437 0.046961 0.041250
0 0.810991 0.540000 0.163863 0.099000
0 0.499584 0.507188 0.033972 0.024750
0 0.081599 0.505313 0.015987 0.023250
0 0.810575 0.505625 0.020983 0.025500
0 0.029559 0.505938 0.018984 0.029250
0 0.170691 0.495312 0.023980 0.008250
0 0.740216 0.492812 0.017985 0.011250
0 0.062448 0.490938 0.021982 0.006750
0 0.489592 0.493125 0.009992 0.013500
0 0.404663 0.494063 0.013988 0.017250
0 0.917569 0.504687 0.067943 0.044250
0 0.852623 0.488438 0.019983 0.014250
0 0.452123 0.495937 0.075937 0.033750
0 0.011990 0.483750 0.023980 0.006000
0 0.957119 0.490312 0.022981 0.024750
0 0.509992 0.483125 0.018984 0.007500
0 0.876353 0.487812 0.058951 0.026250
0 0.114904 0.483125 0.041965 0.025500
0 0.040799 0.479687 0.011990 0.017250
0 0.692340 0.476562 0.014988 0.011250
0 0.767694 0.484063 0.037968 0.033750
0 0.212323 0.476875 0.017985 0.018000
0 0.143214 0.470625 0.017985 0.006000
0 0.698168 0.488750 0.126894 0.051000
0 0.788926 0.478125 0.014988 0.028500
0 0.353455 0.469375 0.016986 0.007500
0 0.713988 0.465938 0.026978 0.006750
0 0.971524 0.476250 0.056953 0.033000
0 0.854704 0.466250 0.006994 0.015000
0 0.072440 0.459688 0.013988 0.009750
0 0.632806 0.476250 0.125895 0.054000
0 0.256869 0.491875 0.126894 0.091500
0 0.175271 0.477500 0.076936 0.061500
0 0.341382 0.487500 0.101915 0.090000
0 0.980017 0.456250 0.011990 0.018000
0 0.066611 0.463750 0.069942 0.037500
0 0.425062 0.453125 0.010991 0.015000
0 0.926728 0.460313 0.051957 0.033750
0 0.681515 0.450625 0.024979 0.015000
0 0.095754 0.448750 0.011990 0.010500
0 0.171107 0.450625 0.056953 0.021000
0 0.730641 0.453437 0.076936 0.029250
0 0.215237 0.445000 0.014988 0.009000
0 0.788926 0.442812 0.016986 0.006750
0 0.395920 0.445000 0.014988 0.012000
0 0.490008 0.472813 0.242798 0.080250
0 0.124896 0.446562 0.053955 0.017250
0 0.818485 0.451562 0.077935 0.033750
0 0.409242 0.446250 0.016986 0.021000
0 0.014571 0.439688 0.020983 0.009750
0 0.521232 0.440312 0.051957 0.014250
0 0.891757 0.438437 0.017985 0.014250
0 0.928393 0.438750 0.025978 0.016500
0 0.860533 0.440000 0.042964 0.021000
0 0.329725 0.446875 0.037968 0.037500
0 0.237719 0.440000 0.036969 0.025500
0 0.271857 0.445000 0.066944 0.039000
0 0.478768 0.430625 0.021982 0.010500
0 0.823480 0.432812 0.039967 0.020250
0 0.100749 0.431563 0.013988 0.017250
0 0.367610 0.442188 0.048959 0.044250
0 0.399251 0.430000 0.016986 0.022500
0 0.325562 0.425312 0.005995 0.012750
0 0.731474 0.420625 0.016986 0.006000
0 0.157369 0.424687 0.035970 0.015750
0 0.344296 0.426875 0.010991 0.022500
0 0.896336 0.422812 0.008993 0.014250
0 0.682348 0.419375 0.012989 0.012000
0 0.040799 0.421250 0.021982 0.016500
0 0.976020 0.420938 0.047960 0.024750
0 0.947544 0.421875 0.021982 0.027000
0 0.380100 0.421875 0.014988 0.028500
0 0.203164 0.425000 0.043963 0.037500
0 0.253122 0.415938 0.011990 0.018750
0 0.744380 0.412187 0.017985 0.014250
0 0.288926 0.415938 0.073938 0.023250
0 0.333056 0.411250 0.015987 0.019500
0 0.666944 0.426250 0.127893 0.060000
0 0.079101 0.410313 0.039967 0.029250
0 0.544963 0.426875 0.156869 0.072000
0 0.639467 0.405313 0.021982 0.021750
0 0.368859 0.409062 0.019983 0.030750
0 0.136137 0.404375 0.028976 0.024000
0 0.171107 0.411562 0.026978 0.042750
0 0.842215 0.407500 0.074938 0.036000
0 0.440466 0.413438 0.055953 0.050250
0 0.405079 0.404375 0.016986 0.031500
0 0.702331 0.395625 0.024979 0.012000
0 0.299334 0.395625 0.044963 0.012000
0 0.773522 0.417187 0.089925 0.066750
0 0.348460 0.405313 0.022981 0.044250
0 0.758535 0.393437 0.019983 0.023250
0 0.962531 0.390000 0.074938 0.027000
0 0.037052 0.385000 0.014988 0.018000
0 0.061615 0.380000 0.025978 0.010500
0 0.532889 0.387500 0.075937 0.031500
0 0.374688 0.388125 0.053955 0.039000
0 0.181932 0.382500 0.014988 0.027000
0 0.251873 0.387500 0.070941 0.045000
0 0.962115 0.372812 0.018984 0.011250
0 0.618235 0.386875 0.038968 0.045000
0 0.543714 0.374688 0.019983 0.015750
0 0.521232 0.365000 0.029975 0.007500
0 0.572440 0.370625 0.058951 0.022500
0 0.618651 0.367188 0.013988 0.017250
0 0.171107 0.362812 0.020983 0.009750
0 0.875520 0.378437 0.094921 0.048750
0 0.317236 0.385625 0.031973 0.066000
0 0.271857 0.363438 0.018984 0.014250
0 0.422565 0.362812 0.046961 0.015750
0 0.119900 0.375000 0.121898 0.045000
0 0.657369 0.363750 0.050958 0.031500
0 0.040966 0.361875 0.081932 0.027000
0 0.716486 0.354687 0.016986 0.014250
0 0.383430 0.355312 0.020983 0.018750
0 0.236470 0.354375 0.059950 0.018000
0 0.196919 0.354375 0.022981 0.021000
0 0.624480 0.354063 0.025978 0.023250
0 0.340550 0.364687 0.039967 0.050250
0 0.836386 0.355000 0.064946 0.028500
0 0.436719 0.350938 0.014988 0.029250
0 0.099500 0.341875 0.022981 0.015000
0 0.072856 0.340938 0.012989 0.012750
0 0.348460 0.339375 0.032973 0.016500
0 0.728560 0.374063 0.189842 0.101250
0 0.135720 0.342500 0.049958 0.027000
0 0.948793 0.358125 0.084929 0.066000
0 0.707744 0.335313 0.005995 0.012750
0 0.204829 0.365312 0.037968 0.084750
0 0.790175 0.339062 0.041965 0.026250
0 0.986511 0.336250 0.026978 0.027000
0 0.394255 0.340000 0.026978 0.037500
0 0.868443 0.338750 0.083930 0.043500
0 0.304330 0.330625 0.066944 0.028500
0 0.930891 0.322500 0.019983 0.013500
0 0.880100 0.321875 0.017985 0.012000
0 0.744796 0.320625 0.026978 0.012000
0 0.365529 0.322500 0.063947 0.021000
0 0.178185 0.323437 0.071940 0.024750
0 0.176103 0.315312 0.016986 0.008250
0 0.262281 0.316875 0.023980 0.013500
0 0.223980 0.318750 0.015987 0.019500
0 0.903830 0.321875 0.036969 0.030000
0 0.698585 0.314063 0.009992 0.014250
0 0.156953 0.314063 0.012989 0.015750
0 0.260616 0.330000 0.085928 0.057000
0 0.122814 0.311875 0.048959 0.019500
0 0.457535 0.337187 0.112906 0.089250
0 0.945878 0.307812 0.013988 0.020250
0 0.992506 0.300625 0.014988 0.007500
0 0.320566 0.306563 0.049958 0.021750
0 0.676936 0.320625 0.063947 0.060000
0 0.377186 0.300938 0.063947 0.017250
0 0.070358 0.312500 0.078934 0.048000
0 0.641549 0.292500 0.036969 0.010500
0 0.687344 0.294687 0.050958 0.018750
0 0.758118 0.294063 0.044963 0.018750
0 0.397169 0.290625 0.009992 0.013500
0 0.493339 0.289062 0.028976 0.011250
0 0.500416 0.311563 0.075937 0.068250
0 0.534138 0.288125 0.020983 0.013500
0 0.216486 0.295000 0.051957 0.034500
0 0.805995 0.305000 0.239800 0.060000
0 0.334721 0.283750 0.039967 0.019500
0 0.569942 0.294687 0.078934 0.048750
0 0.957952 0.298750 0.072939 0.061500
0 0.521232 0.278750 0.015987 0.018000
0 0.158618 0.287500 0.070941 0.039000
0 0.297669 0.270313 0.014988 0.006750
0 0.810991 0.281875 0.041965 0.039000
0 0.704413 0.275625 0.015987 0.027000
0 0.848460 0.269688 0.007993 0.015750
0 0.418818 0.282813 0.035970 0.050250
0 0.764363 0.266250 0.019983 0.015000
0 0.270608 0.282813 0.057952 0.054750
0 0.835554 0.267813 0.012989 0.020250
0 0.477519 0.268750 0.092923 0.025500
0 0.409659 0.261250 0.017985 0.009000
0 0.789342 0.261562 0.007993 0.011250
0 0.673189 0.272500 0.044963 0.037500
0 0.895920 0.267188 0.029975 0.026250
0 0.379267 0.272188 0.050958 0.038250
0 0.522481 0.259062 0.012989 0.009750
0 0.543297 0.266875 0.014988 0.031500
0 0.704829 0.256875 0.022981 0.010500
0 0.349709 0.267188 0.021982 0.035250
0 0.806828 0.254375 0.013988 0.006000
0 0.940466 0.256563 0.036969 0.017250
0 0.796836 0.250625 0.015987 0.013500
0 0.664030 0.247188 0.022981 0.008250
0 0.355953 0.247812 0.026978 0.009750
0 0.901332 0.249688 0.020983 0.017250
0 0.317652 0.253437 0.048959 0.029250
0 0.843047 0.239375 0.010991 0.016500
0 0.680683 0.241250 0.012989 0.021000
0 0.741049 0.241250 0.023980 0.022500
0 0.854288 0.244375 0.081932 0.037500
0 0.370108 0.235625 0.016986 0.016500
0 0.470025 0.232500 0.024979 0.013500
0 0.592423 0.294375 0.146878 0.165000
0 0.530391 0.227500 0.021982 0.007500
0 0.427977 0.241250 0.063947 0.042000
0 0.394255 0.229063 0.034971 0.014250
0 0.673605 0.226875 0.007993 0.015000
0 0.503747 0.224375 0.013988 0.018000
0 0.427560 0.218125 0.016986 0.004500
0 0.809326 0.231875 0.019983 0.039000
0 0.591590 0.220312 0.020983 0.011250
0 0.544546 0.233437 0.047960 0.042750
0 0.445046 0.218125 0.022981 0.007500
0 0.856786 0.223125 0.021982 0.021000
0 0.522065 0.211562 0.019983 0.006750
0 0.777269 0.227813 0.034971 0.047250
0 0.786012 0.213125 0.015987 0.013500
0 0.544130 0.208437 0.022981 0.014250
0 0.697336 0.213750 0.034971 0.034500
0 0.736470 0.204687 0.016986 0.015750
0 0.405495 0.199687 0.011990 0.017250
0 0.828060 0.216562 0.034971 0.062250
0 0.705662 0.204375 0.044963 0.052500
0 0.387594 0.187500 0.020983 0.012000
0 0.534971 0.194375 0.078934 0.037500
0 0.859700 0.183438 0.036969 0.015750
0 0.776020 0.187812 0.079933 0.041250
0 0.588676 0.181562 0.051957 0.027750
0 0.652373 0.185312 0.074938 0.039750
0 0.843047 0.164687 0.010991 0.014250
0 0.349292 0.138125 0.014988 0.015000
0 0.774355 0.123750 0.045962 0.018000
0 0.742298 0.115000 0.026978 0.025500
0 0.542048 0.110625 0.021982 0.015000
0 0.761449 0.099687 0.038968 0.009750
0 0.556203 0.097187 0.013988 0.023250
