0 0.297500 0.981250 0.030000 0.027000
0 0.622500 0.974500 0.090000 0.051000
0 0.191250 0.973000 0.087000 0.054000
0 0.663750 0.962500 0.051000 0.075000
0 0.700000 0.951250 0.042000 0.045000
0 0.248750 0.960000 0.099000 0.078000
0 0.782500 0.926250 0.036000 0.039000
0 0.810000 0.881250 0.048000 0.069000
0 0.094500 0.904000 0.189000 0.192000
0 0.850000 0.835000 0.036000 0.036000
0 0.962500 0.813750 0.054000 0.051000
0 0.887500 0.806250 0.036000 0.033000
0 0.096000 0.812500 0.192000 0.252000
0 0.857500 0.821500 0.285000 0.357000
0 0.112500 0.727500 0.054000 0.090000
0 0.013500 0.705000 0.027000 0.072000
0 0.532500 0.641250 0.078000 0.099000
0 0.540000 0.617500 0.042000 0.048000
0 0.027000 0.601250 0.054000 0.069000
0 0.983750 0.526250 0.021000 0.051000
0 0.162000 0.536250 0.324000 0.279000
0 0.976000 0.435000 0.048000 0.066000
0 0.163750 0.402500 0.051000 0.042000
0 0.031500 0.416250 0.063000 0.153000
0 0.260000 0.356250 0.036000 0.039000
0 0.286250 0.346250 0.087000 0.063000
0 0.300000 0.317500 0.156000 0.108000
0 0.185000 0.240000 0.048000 0.054000
0 0.989500 0.206250 0.021000 0.039000
0 0.967000 0.183750 0.066000 0.075000
0 0.747500 0.168750 0.060000 0.051000
0 0.692500 0.156250 0.030000 0.063000
0 0.133750 0.160000 0.045000 0.084000
0 0.132500 0.117500 0.042000 0.042000
0 0.712500 0.097500 0.042000 0.036000
0 0.168000 0.282500 0.336000 0.510000
0 0.440000 0.087500 0.144000 0.120000
0 0.407500 0.057500 0.054000 0.066000
0 0.591000 0.600000 1.000000 1.000000
0 0.330000 0.025500 0.060000 0.051000
0 0.142500 0.076500 0.285000 0.153000
