0 0.669141 0.994375 0.015938 0.011250
0 0.940625 0.993750 0.011250 0.010000
0 0.646484 0.993750 0.023438 0.012500
0 0.849609 0.992708 0.012188 0.010000
0 0.416797 0.992500 0.015938 0.015000
0 0.007500 0.992500 0.015000 0.015000
0 0.958203 0.991875 0.021562 0.016250
0 0.745703 0.991875 0.010312 0.016250
0 0.188281 0.992188 0.013125 0.013750
0 0.781250 0.991146 0.018750 0.013750
0 0.427734 0.991250 0.012188 0.017500
0 0.052344 0.990625 0.031875 0.018750
0 0.796484 0.990000 0.017813 0.020000
0 0.199219 0.988750 0.028125 0.022500
0 0.897266 0.988125 0.045937 0.023750
0 0.454688 0.989062 0.013125 0.021250
0 0.824219 0.987500 0.028125 0.025000
0 0.376953 0.987500 0.019688 0.025000
0 0.769531 0.986875 0.015000 0.026250
0 0.810156 0.986250 0.020625 0.027500
0 0.649609 0.980208 0.017813 0.020000
0 0.984062 0.982500 0.031875 0.035000
0 0.752344 0.983125 0.024375 0.033750
0 0.097656 0.977604 0.024375 0.026250
0 0.993437 0.976562 0.013125 0.026250
0 0.964453 0.972917 0.012188 0.020000
0 0.777344 0.969792 0.015000 0.012500
0 0.088281 0.972396 0.009375 0.018750
0 0.408594 0.976875 0.031875 0.046250
0 0.292969 0.975625 0.045000 0.048750
0 0.437109 0.975000 0.038437 0.050000
0 0.938672 0.963021 0.012188 0.013750
0 0.752734 0.961979 0.025312 0.011250
0 0.771875 0.966667 0.020625 0.030000
0 0.727734 0.965625 0.010312 0.030000
0 0.233203 0.960417 0.015938 0.020000
0 0.735547 0.963021 0.008437 0.028750
0 0.432031 0.953646 0.011250 0.013750
0 0.050781 0.954167 0.016875 0.020000
0 0.744141 0.951042 0.021562 0.017500
0 0.088281 0.952604 0.020625 0.023750
0 0.766797 0.950000 0.023438 0.022500
0 0.795703 0.952604 0.021562 0.033750
0 0.857031 0.962500 0.069375 0.075000
0 0.853906 0.941667 0.013125 0.012500
0 0.816797 0.955729 0.032813 0.046250
0 0.488281 0.946875 0.011250 0.027500
0 0.664844 0.938542 0.026250 0.017500
0 0.978438 0.948438 0.043125 0.058750
0 0.973047 0.929167 0.010312 0.012500
0 0.720313 0.925000 0.015000 0.012500
0 0.209766 0.934896 0.015938 0.038750
0 0.641406 0.932813 0.028125 0.038750
0 0.953906 0.929688 0.030000 0.036250
0 0.580859 0.925000 0.025312 0.032500
0 0.032813 0.951042 0.065625 0.097500
0 0.917969 0.945625 0.105000 0.108750
0 0.923047 0.915625 0.032813 0.017500
0 0.266406 0.921354 0.028125 0.031250
0 0.367578 0.912500 0.019688 0.015000
0 0.302344 0.910937 0.013125 0.011250
0 0.562500 0.911979 0.011250 0.018750
0 0.762500 0.908333 0.016875 0.012500
0 0.594922 0.910937 0.017813 0.021250
0 0.996250 0.906771 0.007500 0.013750
0 0.950391 0.907292 0.023438 0.015000
0 0.728125 0.909375 0.024375 0.025000
0 0.248047 0.913021 0.015938 0.033750
0 0.635547 0.903125 0.015938 0.017500
0 0.009844 0.903125 0.019688 0.017500
0 0.046094 0.898438 0.013125 0.011250
0 0.475391 0.905729 0.023438 0.033750
0 0.627344 0.897396 0.024375 0.016250
0 0.021484 0.897917 0.014063 0.017500
0 0.464453 0.895312 0.015938 0.018750
0 0.291406 0.907292 0.030000 0.047500
0 0.537500 0.936875 0.236250 0.126250
0 0.146484 0.892708 0.010312 0.017500
0 0.008906 0.891146 0.017813 0.021250
0 0.656250 0.891146 0.048750 0.033750
0 0.523438 0.894271 0.033750 0.041250
0 0.195703 0.887500 0.012188 0.030000
0 0.569141 0.893750 0.066562 0.052500
0 0.264453 0.888542 0.021562 0.042500
0 0.233594 0.878125 0.015000 0.020000
0 0.016016 0.879167 0.019688 0.027500
0 0.341016 0.874479 0.008437 0.018750
0 0.249219 0.874479 0.013125 0.018750
0 0.617578 0.878646 0.019688 0.031250
0 0.994844 0.867188 0.010312 0.016250
0 0.771094 0.883333 0.028125 0.055000
0 0.582031 0.865625 0.015000 0.012500
0 0.021094 0.864583 0.015000 0.015000
0 0.143750 0.871354 0.015000 0.033750
0 0.175781 0.862500 0.011250 0.017500
0 0.733984 0.864583 0.029062 0.030000
0 0.719922 0.862500 0.008437 0.025000
0 0.248438 0.857812 0.011250 0.018750
0 0.043359 0.872396 0.042188 0.056250
0 0.763672 0.852083 0.019688 0.017500
0 0.635938 0.863021 0.031875 0.046250
0 0.960547 0.850000 0.012188 0.017500
0 0.607422 0.857292 0.025312 0.037500
0 0.209766 0.884896 0.064687 0.106250
0 0.510938 0.870833 0.088125 0.075000
0 0.748047 0.847917 0.008437 0.025000
0 0.070703 0.851042 0.015938 0.035000
0 0.322266 0.841667 0.012188 0.017500
0 0.006094 0.843229 0.012188 0.021250
0 0.194531 0.838021 0.013125 0.018750
0 0.994141 0.836458 0.008437 0.017500
0 0.513281 0.836979 0.013125 0.021250
0 0.798047 0.867708 0.066562 0.097500
0 0.238672 0.847917 0.019688 0.055000
0 0.505469 0.835938 0.020625 0.031250
0 0.447656 0.829688 0.009375 0.023750
0 0.335547 0.837500 0.032813 0.047500
0 0.039062 0.835938 0.018750 0.043750
0 0.993750 0.820312 0.011250 0.011250
0 0.729688 0.834896 0.024375 0.046250
0 0.044141 0.827604 0.010312 0.028750
0 0.898047 0.825000 0.010312 0.025000
0 0.336328 0.819792 0.014063 0.012500
0 0.701953 0.871875 0.147187 0.157500
0 0.225391 0.812500 0.010312 0.015000
0 0.981250 0.815625 0.020625 0.027500
0 0.348438 0.816146 0.020625 0.028750
0 0.014063 0.819271 0.028125 0.036250
0 0.383984 0.812500 0.012188 0.022500
0 0.647656 0.809896 0.016875 0.023750
0 0.431250 0.807813 0.011250 0.018750
0 0.867969 0.847396 0.146250 0.116250
0 0.844141 0.816667 0.036562 0.042500
0 0.266016 0.807813 0.008437 0.021250
0 0.419531 0.806250 0.013125 0.020000
0 0.337500 0.804688 0.015000 0.016250
0 0.993437 0.800000 0.013125 0.010000
0 0.726562 0.806771 0.020625 0.026250
0 0.300000 0.804688 0.026250 0.021250
0 0.956641 0.801042 0.010312 0.022500
0 0.030859 0.806771 0.030937 0.036250
0 0.429297 0.796875 0.021562 0.017500
0 0.820312 0.811458 0.037500 0.057500
0 0.372266 0.793750 0.015938 0.015000
0 0.454297 0.802604 0.034687 0.041250
0 0.378906 0.808333 0.022500 0.055000
0 0.062500 0.797396 0.022500 0.036250
0 0.771484 0.809375 0.083437 0.070000
0 0.461328 0.789583 0.025312 0.025000
0 0.689844 0.780729 0.013125 0.013750
0 0.854688 0.785417 0.024375 0.032500
0 0.700000 0.803646 0.046875 0.078750
0 0.950000 0.785937 0.024375 0.038750
0 0.673438 0.789062 0.030000 0.046250
0 0.073047 0.783854 0.029062 0.036250
0 0.986719 0.771875 0.009375 0.012500
0 0.937891 0.773958 0.014063 0.017500
0 0.932813 0.814583 0.071250 0.115000
0 0.792969 0.777083 0.013125 0.025000
0 0.757031 0.775521 0.011250 0.021250
0 0.500781 0.797396 0.069375 0.073750
0 0.443359 0.774479 0.012188 0.018750
0 0.303516 0.772917 0.014063 0.015000
0 0.926562 0.770833 0.016875 0.015000
0 0.502734 0.767708 0.008437 0.015000
0 0.412891 0.780729 0.062812 0.048750
0 0.184766 0.769271 0.012188 0.023750
0 0.076563 0.763542 0.011250 0.012500
0 0.062891 0.768229 0.017813 0.023750
0 0.479687 0.769792 0.015000 0.032500
0 0.057031 0.762500 0.011250 0.020000
0 0.772266 0.764062 0.036562 0.033750
0 0.261719 0.758333 0.018750 0.020000
0 0.246484 0.773438 0.040313 0.056250
0 0.193750 0.754687 0.011250 0.013750
0 0.912109 0.754687 0.010312 0.018750
0 0.813281 0.768229 0.028125 0.053750
0 0.469531 0.752083 0.018750 0.020000
0 0.646875 0.750000 0.007500 0.020000
0 0.282813 0.759896 0.041250 0.048750
0 0.241797 0.756250 0.019688 0.040000
0 0.492969 0.753125 0.016875 0.035000
0 0.655859 0.745833 0.008437 0.020000
0 0.096875 0.740104 0.013125 0.016250
0 0.023438 0.765104 0.046875 0.078750
0 0.860547 0.750000 0.023438 0.045000
0 0.598437 0.808333 0.183750 0.185000
0 0.055078 0.740625 0.023438 0.025000
0 0.817969 0.739583 0.031875 0.027500
0 0.993750 0.736979 0.011250 0.023750
0 0.889062 0.775000 0.063750 0.117500
0 0.440234 0.733333 0.010312 0.022500
0 0.058594 0.726042 0.011250 0.012500
0 0.714844 0.729167 0.015000 0.022500
0 0.184375 0.731771 0.022500 0.028750
0 0.445703 0.745313 0.092812 0.076250
0 0.646484 0.726042 0.017813 0.032500
0 0.725781 0.758854 0.078750 0.116250
0 0.550000 0.724479 0.026250 0.036250
0 0.597266 0.715625 0.017813 0.020000
0 0.947266 0.717708 0.014063 0.027500
0 0.261719 0.723958 0.035625 0.052500
0 0.504687 0.709375 0.011250 0.025000
0 0.474609 0.715625 0.079687 0.047500
0 0.840234 0.706250 0.014063 0.027500
0 0.203125 0.705208 0.016875 0.025000
0 0.946094 0.698438 0.013125 0.013750
0 0.190625 0.703646 0.013125 0.026250
0 0.788281 0.704167 0.016875 0.032500
0 0.352734 0.697396 0.010312 0.016250
0 0.716797 0.702083 0.040313 0.037500
0 0.003281 0.693229 0.006563 0.021250
0 0.237500 0.702083 0.030000 0.045000
0 0.340234 0.699479 0.023438 0.043750
0 0.783203 0.718750 0.098437 0.092500
0 0.359766 0.685937 0.010312 0.016250
0 0.352344 0.681771 0.009375 0.013750
0 0.189453 0.681771 0.010312 0.021250
0 0.616406 0.680729 0.028125 0.023750
0 0.199219 0.680208 0.013125 0.025000
0 0.379297 0.677083 0.010312 0.020000
0 0.937891 0.671875 0.010312 0.020000
0 0.275000 0.676042 0.028125 0.045000
0 0.910547 0.661458 0.014063 0.012500
0 0.321875 0.651563 0.020625 0.013750
0 0.903906 0.654687 0.045000 0.026250
0 0.876953 0.645312 0.019688 0.023750
0 0.965234 0.647917 0.019688 0.032500
0 0.285156 0.653646 0.037500 0.056250
0 0.984531 0.648958 0.030937 0.055000
0 0.768359 0.638021 0.034687 0.028750
0 0.903125 0.633333 0.024375 0.027500
0 0.123828 0.635938 0.030937 0.041250
0 0.425391 0.623437 0.008437 0.018750
0 0.333203 0.625521 0.017813 0.023750
0 0.753516 0.621875 0.008437 0.017500
0 0.270703 0.623958 0.023438 0.025000
0 0.055859 0.630729 0.017813 0.041250
0 0.258984 0.619271 0.017813 0.021250
0 0.760156 0.616146 0.009375 0.023750
0 0.100391 0.620833 0.019688 0.035000
0 0.990625 0.609896 0.013125 0.013750
0 0.289453 0.610938 0.025312 0.026250
0 0.107031 0.602083 0.009375 0.012500
0 0.007969 0.609375 0.015938 0.030000
0 0.171875 0.608854 0.024375 0.033750
0 0.090234 0.600000 0.010312 0.012500
0 0.055078 0.603125 0.014063 0.020000
0 0.482422 0.598958 0.008437 0.012500
0 0.992969 0.596875 0.014063 0.010000
0 0.322266 0.724479 0.102187 0.316250
0 0.328516 0.597917 0.010312 0.015000
0 0.579688 0.597396 0.018750 0.023750
0 0.930859 0.678125 0.062812 0.220000
0 0.387109 0.676562 0.132187 0.216250
0 0.155859 0.596354 0.019688 0.031250
0 0.983594 0.591146 0.020625 0.021250
0 0.899609 0.602604 0.021562 0.051250
0 0.357422 0.593229 0.010312 0.028750
0 0.305469 0.599479 0.011250 0.043750
0 0.040234 0.602083 0.032813 0.050000
0 0.163281 0.586458 0.007500 0.017500
0 0.272266 0.745625 0.518437 0.508750
0 0.835156 0.581771 0.013125 0.023750
0 0.796875 0.641146 0.090000 0.173750
0 0.087500 0.577083 0.013125 0.022500
0 0.325781 0.578646 0.026250 0.028750
0 0.588281 0.570833 0.013125 0.015000
0 0.076953 0.636979 0.107813 0.178750
0 0.990156 0.566667 0.019688 0.015000
0 0.111719 0.581771 0.045000 0.053750
0 0.134766 0.567708 0.021562 0.022500
0 0.295703 0.566667 0.025312 0.027500
0 0.229687 0.604688 0.159375 0.121250
0 0.993359 0.558854 0.012188 0.013750
0 0.582031 0.578646 0.082500 0.068750
0 0.791016 0.568229 0.038437 0.046250
0 0.791016 0.552604 0.008437 0.011250
0 0.241406 0.560937 0.011250 0.033750
0 0.224609 0.552604 0.025312 0.026250
0 0.398047 0.546354 0.017813 0.018750
0 0.995313 0.543750 0.009375 0.015000
0 0.756641 0.542188 0.017813 0.016250
0 0.359766 0.542708 0.017813 0.020000
0 0.257812 0.544271 0.016875 0.023750
0 0.226953 0.537500 0.014063 0.012500
0 0.770312 0.573438 0.041250 0.118750
0 0.898047 0.525000 0.015938 0.007500
0 0.303906 0.538021 0.045000 0.041250
0 0.499219 0.530208 0.020625 0.027500
0 0.344141 0.560417 0.104062 0.102500
0 0.872656 0.636979 0.121875 0.288750
0 0.475781 0.533333 0.071250 0.072500
0 0.923438 0.542708 0.039375 0.107500
0 0.905078 0.505208 0.008437 0.017500
0 0.750391 0.508333 0.017813 0.030000
0 0.975781 0.533333 0.045000 0.092500
0 0.966797 0.505729 0.014063 0.026250
0 0.861328 0.504687 0.015938 0.023750
0 0.539453 0.498437 0.012188 0.013750
0 0.452344 0.498437 0.013125 0.013750
0 0.354687 0.510417 0.056250 0.057500
0 0.261719 0.494271 0.018750 0.018750
0 0.751953 0.491146 0.010312 0.013750
0 0.805859 0.537500 0.111562 0.130000
0 0.459375 0.483333 0.026250 0.015000
0 0.656641 0.492188 0.032813 0.038750
0 0.965234 0.476562 0.015938 0.016250
0 0.544922 0.475521 0.023438 0.013750
0 0.213672 0.479167 0.012188 0.025000
0 0.901953 0.493229 0.021562 0.061250
0 0.974219 0.483333 0.011250 0.040000
0 0.725781 0.484375 0.048750 0.045000
0 0.946094 0.469792 0.011250 0.012500
0 0.242578 0.471875 0.008437 0.020000
0 0.873437 0.467708 0.011250 0.012500
0 0.822656 0.479687 0.022500 0.048750
0 0.879687 0.506250 0.060000 0.115000
0 0.557422 0.463542 0.010312 0.012500
0 0.957031 0.463021 0.009375 0.013750
0 0.968359 0.465104 0.012188 0.021250
0 0.985938 0.496875 0.028125 0.100000
0 0.197266 0.474479 0.027187 0.048750
0 0.114453 0.460417 0.010312 0.022500
0 0.985156 0.454167 0.020625 0.025000
0 0.208984 0.451562 0.015938 0.021250
0 0.775391 0.451562 0.019688 0.028750
0 0.365625 0.450521 0.022500 0.028750
0 0.103906 0.447396 0.024375 0.028750
0 0.190625 0.442708 0.013125 0.020000
0 0.378125 0.440104 0.011250 0.021250
0 0.801953 0.464062 0.042188 0.083750
0 0.041797 0.435417 0.029062 0.022500
0 0.785937 0.431771 0.011250 0.016250
0 0.058984 0.434375 0.010312 0.027500
0 0.982422 0.428125 0.019688 0.030000
0 0.039062 0.424479 0.018750 0.021250
0 0.676562 0.421875 0.020625 0.017500
0 0.183594 0.422396 0.018750 0.018750
0 0.316016 0.421354 0.017813 0.018750
0 0.961719 0.439063 0.056250 0.063750
0 0.661328 0.420312 0.014063 0.018750
0 0.176172 0.463021 0.062812 0.126250
0 0.990625 0.415104 0.013125 0.018750
0 0.118359 0.408854 0.014063 0.013750
0 0.197266 0.414062 0.019688 0.028750
0 0.715234 0.415104 0.029062 0.038750
0 0.526953 0.412500 0.029062 0.035000
0 0.203906 0.405208 0.016875 0.027500
0 0.150000 0.420312 0.045000 0.071250
0 0.045703 0.403125 0.015938 0.030000
0 0.102734 0.398958 0.012188 0.022500
0 0.336719 0.404167 0.033750 0.037500
0 0.269141 0.443750 0.081562 0.132500
0 0.184375 0.402083 0.016875 0.040000
0 0.943750 0.391667 0.016875 0.022500
0 0.110156 0.391667 0.007500 0.025000
0 0.118359 0.389583 0.012188 0.025000
0 0.307422 0.396354 0.030937 0.043750
0 0.707422 0.383854 0.008437 0.018750
0 0.229297 0.404687 0.051562 0.068750
0 0.121094 0.429167 0.069375 0.127500
0 0.585938 0.381771 0.026250 0.016250
0 0.257422 0.384896 0.010312 0.023750
0 0.673047 0.391667 0.036562 0.045000
0 0.986406 0.388542 0.027187 0.047500
0 0.035937 0.377083 0.013125 0.020000
0 0.163672 0.388542 0.064687 0.050000
0 0.763672 0.373437 0.015938 0.016250
0 0.725000 0.377083 0.030000 0.027500
0 0.694922 0.378646 0.029062 0.033750
0 0.950781 0.370312 0.018750 0.026250
0 0.905859 0.365104 0.015938 0.013750
0 0.137891 0.363542 0.017813 0.022500
0 0.542969 0.361458 0.028125 0.032500
0 0.582422 0.354167 0.015938 0.020000
0 0.169531 0.358333 0.035625 0.030000
0 0.267188 0.354167 0.007500 0.025000
0 0.228125 0.370833 0.046875 0.065000
0 0.043359 0.354687 0.021562 0.026250
0 0.541797 0.347917 0.012188 0.015000
0 0.005859 0.352083 0.010312 0.025000
0 0.336719 0.344792 0.013125 0.017500
0 0.122656 0.344792 0.013125 0.017500
0 0.773828 0.357292 0.015938 0.050000
0 0.022266 0.355208 0.036562 0.045000
0 0.285156 0.365625 0.054375 0.075000
0 0.300391 0.351042 0.021562 0.042500
0 0.371484 0.346875 0.027187 0.037500
0 0.178516 0.340104 0.010312 0.021250
0 0.141016 0.346354 0.027187 0.036250
0 0.529687 0.335938 0.011250 0.013750
0 0.246094 0.351562 0.037500 0.051250
0 0.753516 0.343229 0.030937 0.033750
0 0.455859 0.340104 0.008437 0.026250
0 0.978516 0.338021 0.027187 0.023750
0 0.797656 0.347917 0.056250 0.047500
0 0.037891 0.335938 0.012188 0.018750
0 0.205469 0.358854 0.054375 0.078750
0 0.057813 0.331771 0.007500 0.016250
0 0.246094 0.329167 0.013125 0.017500
0 0.960156 0.368229 0.079687 0.123750
0 0.606641 0.340104 0.055313 0.056250
0 0.745313 0.322396 0.011250 0.016250
0 0.228516 0.322917 0.010312 0.022500
0 0.212891 0.316146 0.010312 0.018750
0 0.834766 0.322917 0.029062 0.040000
0 0.580078 0.543750 0.499688 0.580000
0 0.738281 0.304688 0.013125 0.011250
0 0.269531 0.326562 0.030000 0.063750
0 0.579688 0.308333 0.024375 0.027500
0 0.608594 0.310937 0.041250 0.036250
0 0.233203 0.308854 0.062812 0.043750
0 0.187109 0.296875 0.010312 0.015000
0 0.100000 0.306250 0.041250 0.040000
0 0.967187 0.316667 0.039375 0.072500
0 0.230469 0.292708 0.009375 0.017500
0 0.259766 0.289062 0.025312 0.023750
0 0.144922 0.284896 0.010312 0.013750
0 0.241406 0.286979 0.015000 0.026250
0 0.177734 0.287500 0.008437 0.027500
0 0.426953 0.281771 0.012188 0.016250
0 0.333594 0.288021 0.024375 0.036250
0 0.855469 0.289062 0.018750 0.043750
0 0.582422 0.268750 0.010312 0.010000
0 0.991797 0.269271 0.015938 0.021250
0 0.943359 0.269792 0.019688 0.022500
0 0.928906 0.271875 0.016875 0.027500
0 0.307422 0.275000 0.029062 0.040000
0 0.959688 0.285938 0.080625 0.086250
0 0.538281 0.256250 0.015000 0.017500
0 0.543750 0.248958 0.013125 0.012500
0 0.011719 0.250000 0.023438 0.022500
0 0.977734 0.243229 0.012188 0.011250
0 0.246875 0.254167 0.016875 0.037500
0 0.464453 0.243750 0.012188 0.017500
0 0.385547 0.243229 0.008437 0.021250
0 0.965234 0.242708 0.015938 0.025000
0 0.305078 0.239063 0.010312 0.023750
0 0.662109 0.238542 0.017813 0.025000
0 0.029687 0.258333 0.058125 0.072500
0 0.413281 0.235937 0.009375 0.023750
0 0.031250 0.230729 0.007500 0.016250
0 0.294141 0.226042 0.008437 0.010000
0 0.886719 0.225000 0.011250 0.012500
0 0.042188 0.230208 0.018750 0.025000
0 0.937109 0.238542 0.055313 0.052500
0 0.650391 0.257812 0.029062 0.111250
0 0.079687 0.217188 0.011250 0.016250
0 0.150391 0.219792 0.019688 0.025000
0 0.294922 0.209375 0.015938 0.010000
0 0.103906 0.214062 0.013125 0.021250
0 0.363672 0.379688 0.231562 0.423750
0 0.453125 0.210938 0.016875 0.023750
0 0.658984 0.213021 0.012188 0.031250
0 0.350000 0.205729 0.013125 0.013750
0 0.251953 0.259375 0.134063 0.142500
0 0.556250 0.204687 0.011250 0.013750
0 0.376563 0.216146 0.035625 0.048750
0 0.475391 0.201042 0.017813 0.015000
0 0.857812 0.201042 0.016875 0.020000
0 0.348047 0.222396 0.032813 0.078750
0 0.266406 0.195312 0.016875 0.013750
0 0.404297 0.193750 0.015938 0.020000
0 0.165469 0.389062 0.330937 0.501250
0 0.090234 0.181771 0.015938 0.008750
0 0.190234 0.181771 0.023438 0.018750
0 0.764844 0.178125 0.016875 0.012500
0 0.210156 0.177083 0.018750 0.012500
0 0.833203 0.178646 0.010312 0.018750
0 0.283203 0.187500 0.019688 0.040000
0 0.073047 0.178646 0.021562 0.023750
0 0.442578 0.173437 0.012188 0.013750
0 0.365234 0.186458 0.040313 0.045000
0 0.668359 0.176042 0.012188 0.022500
0 0.554688 0.182292 0.028125 0.037500
0 0.493359 0.190625 0.025312 0.057500
0 0.708594 0.171875 0.011250 0.020000
0 0.615625 0.168750 0.016875 0.020000
0 0.903906 0.169792 0.024375 0.025000
0 0.233203 0.180729 0.094687 0.058750
0 0.271094 0.166146 0.020625 0.026250
0 0.027734 0.167708 0.021562 0.030000
0 0.428125 0.168750 0.030000 0.042500
0 0.680859 0.159896 0.023438 0.023750
0 0.557031 0.164062 0.052500 0.036250
0 0.282031 0.156250 0.020625 0.017500
0 0.310937 0.152604 0.013125 0.013750
0 0.898047 0.151562 0.015938 0.013750
0 0.298047 0.156250 0.019688 0.027500
0 0.341406 0.157292 0.020625 0.032500
0 0.316016 0.208333 0.055313 0.172500
0 0.610156 0.144792 0.018750 0.032500
0 0.988750 0.155729 0.022500 0.061250
0 0.873047 0.139583 0.008437 0.025000
0 0.537891 0.300521 0.302812 0.416250
0 0.565234 0.138542 0.017813 0.027500
0 0.397266 0.133854 0.019688 0.018750
0 0.822266 0.131250 0.015938 0.017500
0 0.863672 0.126562 0.015938 0.013750
0 0.608984 0.125521 0.010312 0.011250
0 0.385156 0.155208 0.086250 0.090000
0 0.060547 0.122917 0.017813 0.017500
0 0.401172 0.119792 0.010312 0.012500
0 0.908984 0.141146 0.042188 0.066250
0 0.752344 0.117708 0.016875 0.015000
0 0.013125 0.128646 0.026250 0.046250
0 0.426953 0.130208 0.036562 0.055000
0 0.447266 0.122396 0.038437 0.038750
0 0.740234 0.110417 0.025312 0.012500
0 0.319922 0.111979 0.012188 0.018750
0 0.468750 0.153646 0.058125 0.123750
0 0.478906 0.106771 0.016875 0.016250
0 0.768750 0.105729 0.009375 0.018750
0 0.267578 0.116667 0.032813 0.045000
0 0.085938 0.131250 0.063750 0.085000
0 0.582031 0.101042 0.009375 0.015000
0 0.319141 0.102604 0.029062 0.028750
0 0.238281 0.097917 0.009375 0.020000
0 0.524609 0.137500 0.104062 0.117500
0 0.902344 0.090104 0.026250 0.016250
0 0.952187 0.171875 0.095625 0.215000
0 0.571484 0.093750 0.014063 0.027500
0 0.109766 0.086458 0.019688 0.015000
0 0.937109 0.088021 0.021562 0.026250
0 0.312500 0.083854 0.011250 0.021250
0 0.172266 0.081250 0.012188 0.020000
0 0.860156 0.081250 0.018750 0.025000
0 0.442188 0.077083 0.009375 0.017500
0 0.226562 0.075000 0.013125 0.012500
0 0.916406 0.096354 0.030000 0.066250
0 0.357031 0.074479 0.015000 0.016250
0 0.085156 0.076563 0.018750 0.021250
0 0.188281 0.079687 0.024375 0.031250
0 0.750000 0.300000 0.427500 0.562500
0 0.089844 0.084896 0.033750 0.048750
0 0.777344 0.073958 0.022500 0.025000
0 0.285156 0.093750 0.061875 0.072500
0 0.317188 0.068229 0.015000 0.013750
0 0.164453 0.068229 0.014063 0.013750
0 0.041016 0.081771 0.030937 0.046250
0 0.708594 0.086458 0.035625 0.060000
0 0.116016 0.070312 0.017813 0.021250
0 0.951953 0.073958 0.019688 0.032500
0 0.276953 0.068229 0.017813 0.021250
0 0.404687 0.061458 0.013125 0.015000
0 0.037109 0.060417 0.014063 0.012500
0 0.549219 0.059896 0.011250 0.016250
0 0.174219 0.058854 0.028125 0.013750
0 0.739453 0.079687 0.055313 0.066250
0 0.149219 0.066146 0.018750 0.033750
0 0.766016 0.057813 0.014063 0.016250
0 0.295312 0.061458 0.030000 0.037500
0 0.926953 0.056771 0.023438 0.028750
0 0.359375 0.054688 0.015000 0.023750
0 0.839063 0.105729 0.075000 0.148750
0 0.473828 0.049479 0.008437 0.013750
0 0.370312 0.055729 0.018750 0.028750
0 0.204687 0.051562 0.018750 0.018750
0 0.065625 0.069792 0.045000 0.062500
0 0.807813 0.049479 0.007500 0.018750
0 0.172266 0.047396 0.017813 0.013750
0 0.789062 0.085938 0.105000 0.111250
0 0.832031 0.041146 0.007500 0.011250
0 0.376953 0.045833 0.014063 0.025000
0 0.501953 0.045833 0.025312 0.037500
0 0.306641 0.039583 0.019688 0.022500
0 0.645312 0.034896 0.011250 0.013750
0 0.287891 0.043229 0.023438 0.033750
0 0.140234 0.043750 0.015938 0.035000
0 0.573438 0.036458 0.015000 0.020000
0 0.389844 0.042708 0.022500 0.035000
0 0.551562 0.045833 0.033750 0.045000
0 0.484375 0.034375 0.013125 0.017500
0 0.317188 0.036458 0.009375 0.022500
0 0.267188 0.044271 0.022500 0.041250
0 0.251953 0.030208 0.017813 0.017500
0 0.051953 0.040625 0.032813 0.045000
0 0.021562 0.042708 0.043125 0.050000
0 0.157422 0.034896 0.030937 0.033750
0 0.905078 0.027604 0.008437 0.021250
0 0.165625 0.026562 0.018750 0.018750
0 0.011328 0.025000 0.014063 0.015000
0 0.414062 0.029687 0.039375 0.028750
0 0.630469 0.032292 0.039375 0.045000
0 0.585938 0.026562 0.015000 0.031250
0 0.243359 0.023438 0.010312 0.023750
0 0.285156 0.020833 0.016875 0.022500
0 0.166016 0.014583 0.012188 0.010000
0 0.296094 0.022917 0.015000 0.032500
0 0.521484 0.025000 0.032813 0.040000
0 0.258203 0.017188 0.027187 0.023750
0 0.911328 0.015104 0.010312 0.021250
0 0.394141 0.012500 0.019688 0.015000
0 0.518359 0.010417 0.014063 0.015000
0 0.607422 0.008854 0.012188 0.013750
0 0.094531 0.007292 0.011250 0.012500
0 0.980781 0.044375 0.038437 0.088750
0 0.947969 0.065625 0.104062 0.131250
0 0.891406 0.015625 0.030000 0.031250
0 0.823828 0.009375 0.030937 0.018750
0 0.728516 0.015625 0.012188 0.031250
0 0.699609 0.017500 0.051562 0.035000
0 0.668359 0.013125 0.017813 0.026250
0 0.600000 0.600000 1.000000 1.000000
0 0.627734 0.018750 0.021562 0.037500
0 0.603516 0.032500 0.027187 0.065000
0 0.558203 0.018750 0.051562 0.037500
0 0.536719 0.008125 0.009375 0.016250
0 0.503125 0.005000 0.016875 0.010000
0 0.466797 0.032500 0.105937 0.065000
0 0.440625 0.008750 0.007500 0.017500
0 0.427344 0.006250 0.020625 0.012500
0 0.414062 0.013125 0.013125 0.026250
0 0.398828 0.005625 0.019688 0.011250
0 0.381250 0.006875 0.016875 0.013750
0 0.367969 0.024375 0.043125 0.048750
0 0.328125 0.039375 0.052500 0.078750
0 0.287109 0.005625 0.023438 0.011250
0 0.268359 0.020625 0.021562 0.041250
0 0.237109 0.008750 0.029062 0.017500
0 0.207422 0.032500 0.074063 0.065000
0 0.179688 0.016875 0.016875 0.033750
0 0.154297 0.009375 0.017813 0.018750
0 0.105078 0.038125 0.096562 0.076250
0 0.057422 0.012500 0.017813 0.025000
0 0.033594 0.019375 0.043125 0.038750
