0 0.801250 0.988000 0.045000 0.024000
0 0.836250 0.863750 0.123000 0.111000
0 0.616250 0.818750 0.105000 0.051000
0 0.156250 0.812500 0.111000 0.084000
0 0.518750 0.791250 0.123000 0.075000
0 0.336250 0.775000 0.081000 0.048000
0 0.901000 0.778750 0.198000 0.087000
0 0.438750 0.776250 0.147000 0.093000
0 0.851250 0.735000 0.027000 0.048000
0 0.725000 0.777500 0.138000 0.156000
0 0.360000 0.727500 0.036000 0.036000
0 0.973000 0.726250 0.054000 0.039000
0 0.637500 0.732500 0.126000 0.078000
0 0.440000 0.686250 0.042000 0.039000
0 0.063750 0.686250 0.057000 0.069000
0 0.940000 0.688750 0.120000 0.087000
0 0.773750 0.683750 0.195000 0.075000
0 0.191250 0.685000 0.117000 0.090000
0 0.128750 0.652500 0.117000 0.060000
0 0.405000 0.666250 0.066000 0.099000
0 0.295000 0.732500 0.192000 0.258000
0 0.537500 0.672500 0.120000 0.186000
0 0.666250 0.636250 0.099000 0.105000
0 0.899500 0.625000 0.201000 0.108000
0 0.758750 0.610000 0.105000 0.072000
0 0.607500 0.610000 0.042000 0.084000
0 0.397500 0.590000 0.126000 0.060000
0 0.486250 0.606250 0.087000 0.105000
0 0.146250 0.600000 0.165000 0.090000
0 0.227500 0.601250 0.096000 0.099000
0 0.949000 0.560000 0.102000 0.090000
0 0.165000 0.548750 0.330000 0.129000
0 0.462500 0.527500 0.060000 0.084000
0 0.742500 0.508750 0.126000 0.045000
0 0.595000 0.516250 0.186000 0.135000
0 0.970000 0.485000 0.060000 0.072000
0 0.656250 0.473750 0.081000 0.045000
0 0.906250 0.468750 0.027000 0.039000
0 0.318750 0.476250 0.087000 0.069000
0 0.515000 0.446250 0.042000 0.027000
0 0.708750 0.441250 0.135000 0.045000
0 0.580000 0.436250 0.036000 0.033000
0 0.016500 0.430000 0.033000 0.024000
0 0.401250 0.517500 0.303000 0.240000
0 0.833750 0.495000 0.159000 0.198000
0 0.934000 0.418750 0.132000 0.069000
0 0.606250 0.406250 0.087000 0.039000
0 0.541250 0.411250 0.027000 0.057000
0 0.446250 0.390000 0.057000 0.042000
0 0.985000 0.363750 0.030000 0.033000
0 0.396250 0.385000 0.213000 0.114000
0 0.710000 0.350000 0.042000 0.036000
0 0.551250 0.337500 0.159000 0.066000
0 0.230000 0.330000 0.126000 0.054000
0 0.637500 0.306250 0.066000 0.033000
0 0.911250 0.312500 0.117000 0.060000
0 0.976000 0.288750 0.048000 0.033000
0 0.806250 0.311250 0.141000 0.087000
0 0.556250 0.291250 0.111000 0.045000
0 0.678750 0.295000 0.057000 0.078000
0 0.315000 0.291250 0.276000 0.093000
0 0.460000 0.272500 0.126000 0.054000
0 0.627500 0.217500 0.072000 0.066000
0 0.836250 0.200000 0.093000 0.036000
0 0.771250 0.188750 0.057000 0.045000
0 0.225000 0.262500 0.450000 0.222000
0 0.701250 0.202500 0.099000 0.090000
0 0.031500 0.176250 0.063000 0.039000
0 0.348750 0.163750 0.027000 0.045000
0 0.452500 0.173750 0.198000 0.075000
0 0.305000 0.138750 0.078000 0.057000
0 0.806250 0.110000 0.039000 0.036000
0 0.843750 0.095000 0.045000 0.042000
0 0.637500 0.127500 0.210000 0.126000
0 0.042000 0.093750 0.084000 0.063000
0 0.458750 0.080000 0.351000 0.120000
0 0.102500 0.041250 0.162000 0.057000
0 0.935500 0.051000 0.129000 0.102000
0 0.523750 0.028500 0.147000 0.057000
0 0.286250 0.052500 0.165000 0.105000
0 0.211250 0.022500 0.087000 0.045000
