0 0.160156 0.990625 0.015000 0.018750
0 0.546094 0.752604 0.015000 0.016250
0 0.508594 0.745313 0.009375 0.018750
0 0.532813 0.727083 0.013125 0.025000
0 0.533594 0.695833 0.018750 0.022500
0 0.448047 0.685937 0.023438 0.016250
0 0.559375 0.681250 0.016875 0.010000
0 0.455859 0.672396 0.021562 0.013750
0 0.610156 0.668750 0.022500 0.017500
0 0.545703 0.671354 0.015938 0.028750
0 0.558594 0.665104 0.009375 0.021250
0 0.485547 0.660417 0.027187 0.022500
0 0.414453 0.659375 0.015938 0.025000
0 0.467969 0.655208 0.011250 0.025000
0 0.454688 0.648438 0.015000 0.011250
0 0.444531 0.650521 0.013125 0.021250
0 0.483203 0.648438 0.010312 0.021250
0 0.584375 0.636979 0.009375 0.026250
0 0.435156 0.633854 0.011250 0.018750
0 0.610547 0.625000 0.023438 0.020000
0 0.507812 0.637500 0.013125 0.050000
0 0.595703 0.622396 0.010312 0.021250
0 0.494922 0.624479 0.008437 0.026250
0 0.418359 0.623958 0.012188 0.025000
0 0.557031 0.614583 0.013125 0.020000
0 0.528906 0.617708 0.009375 0.027500
0 0.452344 0.617708 0.013125 0.027500
0 0.402344 0.625521 0.033750 0.046250
0 0.392969 0.608854 0.015000 0.026250
0 0.571094 0.610938 0.013125 0.033750
0 0.622656 0.603125 0.016875 0.020000
0 0.606250 0.607812 0.011250 0.033750
0 0.473828 0.609896 0.014063 0.041250
0 0.520312 0.598437 0.009375 0.023750
0 0.428125 0.600521 0.024375 0.031250
0 0.532813 0.602083 0.011250 0.037500
0 0.590625 0.596354 0.011250 0.033750
0 0.626953 0.585417 0.010312 0.020000
0 0.555078 0.591146 0.012188 0.043750
0 0.436328 0.585417 0.008437 0.030000
0 0.599219 0.570833 0.011250 0.035000
0 0.564453 0.563542 0.010312 0.025000
0 0.479687 0.573958 0.050625 0.052500
0 0.791406 0.730625 0.417187 0.538750
0 0.457031 0.575000 0.018750 0.072500
0 0.398828 0.554688 0.014063 0.028750
0 0.610938 0.547917 0.015000 0.015000
0 0.594531 0.544792 0.005625 0.022500
0 0.649609 0.541667 0.010312 0.025000
0 0.634766 0.533333 0.015938 0.017500
0 0.414453 0.536979 0.023438 0.043750
0 0.437500 0.538021 0.026250 0.048750
0 0.546875 0.531250 0.015000 0.035000
0 0.571094 0.520833 0.018750 0.015000
0 0.457031 0.526042 0.007500 0.027500
0 0.673047 0.517188 0.027187 0.021250
0 0.660547 0.518229 0.021562 0.041250
0 0.417969 0.509375 0.009375 0.020000
0 0.383203 0.509896 0.015938 0.021250
0 0.582422 0.509375 0.010312 0.022500
0 0.539062 0.507292 0.015000 0.020000
0 0.447266 0.502604 0.032813 0.018750
0 0.480078 0.500000 0.008437 0.020000
0 0.669141 0.497396 0.010312 0.021250
0 0.609375 0.496354 0.009375 0.023750
0 0.518359 0.503646 0.015938 0.043750
0 0.395703 0.496875 0.015938 0.027500
0 0.560937 0.492708 0.015000 0.020000
0 0.408984 0.490104 0.025312 0.023750
0 0.460938 0.489063 0.011250 0.023750
0 0.649609 0.482812 0.025312 0.023750
0 0.683203 0.486458 0.021562 0.037500
0 0.443750 0.480729 0.028125 0.036250
0 0.397266 0.473438 0.012188 0.018750
0 0.462500 0.470313 0.013125 0.013750
0 0.496094 0.473958 0.016875 0.035000
0 0.517969 0.468750 0.011250 0.025000
0 0.476172 0.462500 0.017813 0.027500
0 0.669141 0.454688 0.015938 0.013750
0 0.578906 0.460417 0.018750 0.027500
0 0.433984 0.468750 0.032813 0.052500
0 0.632422 0.440104 0.014063 0.011250
0 0.561719 0.454688 0.016875 0.048750
0 0.538281 0.446354 0.018750 0.028750
0 0.414062 0.440625 0.013125 0.015000
0 0.652344 0.447396 0.018750 0.033750
0 0.471484 0.440625 0.019688 0.017500
0 0.598828 0.441667 0.015938 0.025000
0 0.577344 0.435937 0.018750 0.013750
0 0.457813 0.445312 0.020625 0.038750
0 0.707031 0.435937 0.016875 0.018750
0 0.552344 0.431771 0.015000 0.013750
0 0.680469 0.430208 0.013125 0.017500
0 0.582422 0.423958 0.014063 0.010000
0 0.725000 0.419792 0.011250 0.017500
0 0.515625 0.421875 0.011250 0.030000
0 0.451172 0.417187 0.014063 0.023750
0 0.499219 0.411979 0.015000 0.018750
0 0.536719 0.416146 0.016875 0.031250
0 0.683984 0.408333 0.017813 0.025000
0 0.620313 0.443750 0.035625 0.115000
0 0.426563 0.414062 0.016875 0.043750
0 0.630859 0.406771 0.010312 0.028750
0 0.348828 0.400000 0.021562 0.022500
0 0.569141 0.398958 0.012188 0.032500
0 0.371875 0.393229 0.011250 0.018750
0 0.708594 0.391146 0.015000 0.018750
0 0.670703 0.393750 0.021562 0.027500
0 0.649609 0.393750 0.010312 0.030000
0 0.528125 0.386979 0.011250 0.026250
0 0.496094 0.387500 0.009375 0.027500
0 0.631641 0.381771 0.008437 0.021250
0 0.607422 0.383333 0.012188 0.030000
0 0.490234 0.369271 0.010312 0.018750
0 0.671875 0.369271 0.015000 0.021250
0 0.517188 0.373437 0.013125 0.031250
0 0.623828 0.365625 0.008437 0.017500
0 0.542969 0.363542 0.009375 0.022500
0 0.477734 0.385937 0.032813 0.076250
0 0.436719 0.370833 0.013125 0.042500
0 0.570312 0.355208 0.015000 0.020000
0 0.663281 0.353125 0.015000 0.020000
0 0.552734 0.353646 0.017813 0.026250
0 0.518750 0.350000 0.015000 0.017500
0 0.473828 0.347396 0.017813 0.011250
0 0.647656 0.353646 0.016875 0.028750
0 0.414453 0.349479 0.012188 0.021250
0 0.628906 0.339583 0.022500 0.020000
0 0.536719 0.341146 0.009375 0.023750
0 0.593359 0.339583 0.012188 0.025000
0 0.501563 0.338021 0.016875 0.021250
0 0.403516 0.337500 0.017813 0.027500
0 0.585156 0.330208 0.016875 0.015000
0 0.657813 0.331771 0.015000 0.023750
0 0.612891 0.341146 0.021562 0.046250
0 0.555078 0.328646 0.012188 0.021250
0 0.633984 0.321875 0.010312 0.020000
0 0.546094 0.323437 0.011250 0.031250
0 0.562109 0.315104 0.015938 0.013750
0 0.601562 0.307812 0.016875 0.008750
0 0.528125 0.297917 0.015000 0.020000
0 0.544141 0.296875 0.015938 0.020000
0 0.587109 0.302604 0.012188 0.036250
0 0.495312 0.295312 0.018750 0.021250
0 0.510547 0.293750 0.015938 0.032500
0 0.602344 0.283854 0.013125 0.016250
0 0.375000 0.285417 0.020625 0.027500
0 0.452734 0.279687 0.017813 0.023750
0 0.520312 0.280729 0.011250 0.036250
0 0.564453 0.270313 0.014063 0.021250
0 0.535156 0.270833 0.035625 0.040000
0 0.542578 0.241146 0.014063 0.021250
0 0.582031 0.239583 0.015000 0.030000
0 0.509375 0.232813 0.020625 0.026250
0 0.452734 0.175000 0.015938 0.027500
0 0.900156 0.137500 0.199687 0.275000
0 0.195000 0.251250 0.390000 0.502500
