0 0.981250 0.931250 0.037500 0.137500
0 0.567578 0.845833 0.015938 0.030000
0 0.224062 0.892500 0.448125 0.215000
0 0.447266 0.782292 0.027187 0.025000
0 0.603125 0.760417 0.028125 0.022500
0 0.530078 0.746354 0.017813 0.031250
0 0.635547 0.738021 0.021562 0.028750
0 0.456641 0.717187 0.025312 0.023750
0 0.676172 0.714583 0.017813 0.030000
0 0.659766 0.707812 0.019688 0.026250
0 0.632422 0.704167 0.017813 0.030000
0 0.459766 0.700000 0.029062 0.022500
0 0.573438 0.700000 0.039375 0.037500
0 0.646094 0.694271 0.011250 0.026250
0 0.666797 0.681771 0.021562 0.011250
0 0.609375 0.701042 0.046875 0.060000
0 0.379297 0.683854 0.027187 0.021250
0 0.630859 0.680208 0.010312 0.017500
0 0.407813 0.682292 0.020625 0.030000
0 0.652734 0.675000 0.010312 0.017500
0 0.542578 0.675521 0.014063 0.023750
0 0.537500 0.684375 0.048750 0.052500
0 0.589453 0.669271 0.017813 0.018750
0 0.500000 0.663542 0.024375 0.015000
0 0.573828 0.661458 0.014063 0.017500
0 0.603125 0.664062 0.016875 0.026250
0 0.674219 0.664062 0.024375 0.036250
0 0.503906 0.646354 0.013125 0.018750
0 0.625781 0.671354 0.048750 0.086250
0 0.698438 0.642708 0.011250 0.022500
0 0.615625 0.641667 0.020625 0.020000
0 0.601172 0.647396 0.038437 0.041250
0 0.533594 0.647396 0.028125 0.041250
0 0.556641 0.636458 0.014063 0.017500
0 0.689063 0.641146 0.009375 0.033750
0 0.566797 0.650000 0.042188 0.062500
0 0.662891 0.643750 0.034687 0.055000
0 0.629687 0.623437 0.009375 0.016250
0 0.560547 0.618750 0.023438 0.027500
0 0.596875 0.621875 0.030000 0.040000
0 0.678125 0.613021 0.015000 0.023750
0 0.452344 0.623437 0.031875 0.051250
0 0.700391 0.607292 0.015938 0.017500
0 0.619922 0.609375 0.010312 0.025000
0 0.412109 0.606771 0.021562 0.021250
0 0.553516 0.594792 0.012188 0.015000
0 0.430469 0.601562 0.018750 0.033750
0 0.587109 0.594792 0.027187 0.027500
0 0.423438 0.587500 0.018750 0.015000
0 0.383984 0.584896 0.021562 0.018750
0 0.414062 0.586458 0.011250 0.037500
0 0.564063 0.589583 0.020625 0.057500
0 0.635156 0.594792 0.056250 0.087500
0 0.717187 0.575521 0.020625 0.051250
0 0.650000 0.567708 0.026250 0.037500
0 0.519922 0.608333 0.068437 0.135000
0 0.405078 0.573438 0.027187 0.051250
0 0.621875 0.559375 0.007500 0.022500
0 0.460547 0.552604 0.034687 0.028750
0 0.565234 0.554167 0.044062 0.040000
0 0.445703 0.571354 0.079687 0.083750
0 0.630859 0.543229 0.017813 0.023750
0 0.717578 0.539583 0.017813 0.025000
0 0.483203 0.532813 0.010312 0.018750
0 0.380859 0.551042 0.042188 0.065000
0 0.557813 0.534896 0.016875 0.028750
0 0.503906 0.547917 0.037500 0.072500
0 0.426563 0.526042 0.018750 0.025000
0 0.523438 0.531250 0.022500 0.040000
0 0.626563 0.518229 0.016875 0.013750
0 0.461328 0.530729 0.012188 0.046250
0 0.508984 0.518229 0.010312 0.018750
0 0.500391 0.517708 0.008437 0.022500
0 0.448047 0.518229 0.014063 0.023750
0 0.660937 0.520833 0.024375 0.037500
0 0.710156 0.517708 0.024375 0.035000
0 0.475000 0.514062 0.015000 0.028750
0 0.535156 0.514583 0.016875 0.035000
0 0.608203 0.539062 0.032813 0.098750
0 0.495312 0.502083 0.015000 0.017500
0 0.371094 0.506771 0.016875 0.031250
0 0.749609 0.500521 0.025312 0.018750
0 0.556641 0.508333 0.021562 0.037500
0 0.477734 0.494792 0.023438 0.012500
0 0.714844 0.497396 0.026250 0.021250
0 0.643750 0.517708 0.033750 0.075000
0 0.682031 0.553125 0.063750 0.167500
0 0.621094 0.489583 0.013125 0.015000
0 0.492969 0.489063 0.009375 0.021250
0 0.420312 0.503646 0.031875 0.058750
0 0.394922 0.514062 0.042188 0.088750
0 0.359375 0.481250 0.026250 0.020000
0 0.588672 0.513542 0.068437 0.100000
0 0.479297 0.481250 0.010312 0.022500
0 0.493359 0.473438 0.017813 0.013750
0 0.372266 0.473438 0.014063 0.016250
0 0.393750 0.474479 0.022500 0.023750
0 0.450391 0.484375 0.030937 0.050000
0 0.667188 0.475521 0.016875 0.036250
0 0.640625 0.473958 0.018750 0.032500
0 0.472656 0.466146 0.009375 0.016250
0 0.550781 0.480729 0.082500 0.056250
0 0.747656 0.464062 0.026250 0.018750
0 0.693359 0.470313 0.040313 0.038750
0 0.431641 0.468750 0.021562 0.035000
0 0.372656 0.457813 0.013125 0.018750
0 0.733203 0.457292 0.030937 0.020000
0 0.512891 0.481250 0.025312 0.077500
0 0.591797 0.467708 0.029062 0.050000
0 0.455859 0.454167 0.010312 0.017500
0 0.621094 0.455729 0.016875 0.026250
0 0.607812 0.456250 0.020625 0.032500
0 0.361719 0.453646 0.011250 0.026250
0 0.483984 0.443229 0.019688 0.013750
0 0.525391 0.449479 0.038437 0.033750
0 0.400000 0.455208 0.052500 0.060000
0 0.469922 0.435417 0.008437 0.017500
0 0.540234 0.435937 0.008437 0.021250
0 0.345313 0.446354 0.035625 0.053750
0 0.564063 0.422396 0.013125 0.016250
0 0.509375 0.423958 0.026250 0.022500
0 0.485156 0.426563 0.015000 0.028750
0 0.528906 0.423438 0.009375 0.028750
0 0.357422 0.423958 0.025312 0.030000
0 0.455859 0.437500 0.085312 0.065000
0 0.679688 0.421875 0.043125 0.032500
0 0.577344 0.415625 0.013125 0.020000
0 0.602344 0.422396 0.030000 0.046250
0 0.415625 0.408854 0.015000 0.013750
0 0.555859 0.433333 0.060937 0.085000
0 0.459375 0.399479 0.009375 0.018750
0 0.619922 0.400000 0.019688 0.022500
0 0.476953 0.407292 0.025312 0.042500
0 0.557813 0.396875 0.022500 0.020000
0 0.366016 0.400521 0.019688 0.031250
0 0.405859 0.409896 0.034687 0.056250
0 0.347656 0.398958 0.016875 0.030000
0 0.444922 0.393229 0.010312 0.018750
0 0.666406 0.394271 0.018750 0.026250
0 0.585156 0.396875 0.030000 0.032500
0 0.651953 0.403646 0.019688 0.051250
0 0.544141 0.383854 0.012188 0.016250
0 0.638672 0.414583 0.057188 0.095000
0 0.472656 0.375521 0.009375 0.011250
0 0.369531 0.378646 0.018750 0.018750
0 0.519141 0.369792 0.025312 0.012500
0 0.390625 0.402604 0.045000 0.096250
0 0.567969 0.375000 0.015000 0.032500
0 0.423438 0.396354 0.022500 0.086250
0 0.601172 0.373437 0.045937 0.036250
0 0.486719 0.383333 0.046875 0.065000
0 0.508984 0.389583 0.038437 0.085000
0 0.385937 0.365625 0.022500 0.027500
0 0.553906 0.367708 0.016875 0.042500
0 0.452344 0.368750 0.028125 0.047500
0 0.593750 0.356250 0.020625 0.022500
0 0.577344 0.354687 0.011250 0.018750
0 0.421094 0.354167 0.037500 0.020000
0 0.533984 0.359375 0.029062 0.035000
0 0.371875 0.354167 0.024375 0.022500
0 0.598828 0.347917 0.015938 0.010000
0 0.488672 0.353646 0.010312 0.026250
0 0.534375 0.348958 0.009375 0.017500
0 0.578125 0.339583 0.024375 0.020000
0 0.545703 0.335938 0.017813 0.018750
0 0.511719 0.336979 0.015000 0.023750
0 0.446484 0.346354 0.045937 0.056250
0 0.566406 0.326042 0.013125 0.017500
0 0.554297 0.322917 0.014063 0.010000
0 0.531250 0.329688 0.020625 0.031250
0 0.539062 0.321354 0.015000 0.013750
0 0.464062 0.329688 0.018750 0.036250
0 0.525781 0.309375 0.022500 0.012500
0 0.503906 0.316667 0.033750 0.035000
0 0.482812 0.322396 0.030000 0.063750
0 0.457031 0.298958 0.016875 0.027500
0 0.543359 0.282813 0.025312 0.021250
0 0.442969 0.268229 0.015000 0.026250
0 0.411719 0.266667 0.016875 0.027500
0 0.444531 0.237500 0.024375 0.017500
0 0.753906 0.118125 0.492188 0.236250
0 0.014063 0.052500 0.028125 0.105000
