0 0.818750 0.912344 0.362500 0.175313
0 0.577083 0.782813 0.030000 0.028125
0 0.523958 0.780859 0.040000 0.053437
0 0.586979 0.733203 0.028750 0.019688
0 0.448437 0.726562 0.016250 0.011250
0 0.536979 0.729688 0.026250 0.024375
0 0.582812 0.714844 0.033750 0.026250
0 0.682292 0.717187 0.027500 0.035625
0 0.632292 0.709375 0.022500 0.028125
0 0.463021 0.716797 0.046250 0.047812
0 0.654167 0.713281 0.037500 0.048750
0 0.704688 0.696875 0.016250 0.018750
0 0.578125 0.695312 0.027500 0.016875
0 0.402083 0.691797 0.012500 0.008437
0 0.554688 0.718359 0.063750 0.083437
0 0.515104 0.704688 0.036250 0.050625
0 0.421354 0.698047 0.033750 0.036562
0 0.710938 0.684375 0.021250 0.013125
0 0.553125 0.691016 0.017500 0.032813
0 0.450000 0.685547 0.027500 0.021562
0 0.628125 0.680078 0.020000 0.019688
0 0.721875 0.669141 0.015000 0.019688
0 0.545312 0.665625 0.028750 0.015000
0 0.744792 0.674609 0.035000 0.042188
0 0.478646 0.671484 0.036250 0.044062
0 0.627604 0.696484 0.088750 0.109688
0 0.511458 0.656641 0.062500 0.021562
0 0.448437 0.658984 0.026250 0.030937
0 0.558854 0.662891 0.061250 0.055313
0 0.589583 0.666016 0.050000 0.066562
0 0.476562 0.644922 0.011250 0.017813
0 0.345313 0.638281 0.016250 0.011250
0 0.405729 0.640625 0.018750 0.018750
0 0.546354 0.626953 0.026250 0.021562
0 0.828646 0.633594 0.046250 0.039375
0 0.693229 0.620313 0.011250 0.011250
0 0.200625 0.767031 0.401250 0.465938
0 0.484375 0.626563 0.045000 0.043125
0 0.531250 0.620313 0.025000 0.031875
0 0.802604 0.618750 0.018750 0.030000
0 0.775521 0.636328 0.041250 0.075938
0 0.401042 0.640625 0.097500 0.093750
0 0.703125 0.607812 0.010000 0.016875
0 0.305729 0.602734 0.023750 0.008437
0 0.381250 0.604688 0.017500 0.015000
0 0.508333 0.612500 0.037500 0.035625
0 0.806250 0.596484 0.035000 0.019688
0 0.791667 0.590234 0.015000 0.012188
0 0.845833 0.591797 0.042500 0.019688
0 0.527083 0.590234 0.015000 0.015938
0 0.741667 0.620313 0.070000 0.091875
0 0.601562 0.587500 0.036250 0.018750
0 0.247396 0.584375 0.031250 0.028125
0 0.678125 0.615625 0.140000 0.123750
0 0.546354 0.573438 0.038750 0.022500
0 0.782292 0.582031 0.060000 0.048750
0 0.342708 0.596094 0.062500 0.088125
0 0.661979 0.566016 0.013750 0.017813
0 0.736979 0.576953 0.093750 0.049687
0 0.484375 0.560156 0.015000 0.011250
0 0.594792 0.566016 0.027500 0.027187
0 0.816667 0.570312 0.027500 0.045000
0 0.792708 0.556641 0.020000 0.017813
0 0.605729 0.626953 0.218750 0.188437
0 0.692708 0.569531 0.050000 0.054375
0 0.533333 0.552344 0.027500 0.022500
0 0.865104 0.550000 0.033750 0.028125
0 0.764062 0.544531 0.023750 0.026250
0 0.710417 0.537109 0.022500 0.008437
0 0.656771 0.545703 0.033750 0.029062
0 0.572917 0.542969 0.042500 0.022500
0 0.526563 0.537109 0.018750 0.015938
0 0.688542 0.536719 0.025000 0.045000
0 0.551042 0.523438 0.025000 0.013125
0 0.771875 0.524219 0.020000 0.020625
0 0.622917 0.537891 0.037500 0.053437
0 0.316667 0.553906 0.090000 0.099375
0 0.663542 0.521484 0.030000 0.027187
0 0.788542 0.528125 0.035000 0.046875
0 0.435937 0.576953 0.193750 0.164062
0 0.509896 0.519531 0.023750 0.028125
0 0.593229 0.547266 0.076250 0.100312
0 0.264062 0.512500 0.031250 0.026250
0 0.420312 0.514062 0.033750 0.041250
0 0.477604 0.512891 0.041250 0.045937
0 0.504687 0.499219 0.031250 0.020625
0 0.614062 0.501563 0.021250 0.031875
0 0.568750 0.495312 0.020000 0.018750
0 0.957292 0.490234 0.040000 0.015938
0 0.593229 0.500000 0.031250 0.039375
0 0.700000 0.495703 0.020000 0.034687
0 0.676562 0.498047 0.038750 0.044062
0 0.558333 0.478906 0.022500 0.022500
0 0.250000 0.478125 0.040000 0.020625
0 0.765104 0.487109 0.051250 0.044062
0 0.640104 0.500391 0.046250 0.077812
0 0.172917 0.477344 0.017500 0.026250
0 0.211458 0.469531 0.032500 0.015000
0 0.832292 0.468750 0.040000 0.018750
0 0.700521 0.460156 0.031250 0.013125
0 0.669792 0.467187 0.040000 0.030000
0 0.615625 0.457422 0.022500 0.006563
0 0.472917 0.457422 0.010000 0.014063
0 0.595833 0.467969 0.047500 0.043125
0 0.637500 0.457813 0.035000 0.026250
0 0.288021 0.453516 0.031250 0.019688
0 0.400000 0.505078 0.090000 0.150938
0 0.727604 0.503516 0.093750 0.150938
0 0.681771 0.448437 0.033750 0.018750
0 0.329167 0.461328 0.057500 0.049687
0 0.316146 0.441406 0.033750 0.028125
0 0.702083 0.434766 0.012500 0.017813
0 0.210938 0.433203 0.016250 0.015938
0 0.192708 0.430859 0.022500 0.010312
0 0.726562 0.433203 0.036250 0.019688
0 0.518229 0.473438 0.091250 0.118125
0 0.660937 0.430859 0.053750 0.036562
0 0.573438 0.442188 0.041250 0.065625
0 0.507812 0.418359 0.038750 0.012188
0 0.621354 0.430859 0.043750 0.049687
0 0.491146 0.432031 0.041250 0.054375
0 0.468750 0.432031 0.057500 0.060000
0 0.681771 0.417969 0.028750 0.028125
0 0.653125 0.403906 0.032500 0.020625
0 0.330208 0.400391 0.022500 0.014063
0 0.490625 0.401562 0.032500 0.020625
0 0.626042 0.398828 0.017500 0.021562
0 0.752604 0.400391 0.033750 0.029062
0 0.604688 0.416797 0.038750 0.072187
0 0.772396 0.393359 0.038750 0.025312
0 0.556771 0.430469 0.101250 0.116250
0 0.638542 0.387500 0.015000 0.022500
0 0.325000 0.383984 0.025000 0.025312
0 0.618229 0.377734 0.036250 0.021562
0 0.306250 0.371094 0.032500 0.026250
0 0.573438 0.371484 0.023750 0.029062
0 0.850000 0.370312 0.037500 0.028125
0 0.484896 0.366016 0.013750 0.017813
0 0.546354 0.370312 0.033750 0.033750
0 0.360938 0.361719 0.031250 0.013125
0 0.506250 0.369922 0.032500 0.047812
0 0.579688 0.351562 0.016250 0.016875
0 0.371354 0.349219 0.013750 0.011250
0 0.719271 0.346484 0.041250 0.019688
0 0.531771 0.344531 0.033750 0.015000
0 0.548438 0.346484 0.018750 0.021562
0 0.497917 0.341016 0.042500 0.019688
0 0.614062 0.357422 0.063750 0.070312
0 0.379688 0.435937 0.258750 0.258750
0 0.560937 0.333594 0.028750 0.028125
0 0.464062 0.350391 0.031250 0.070312
0 0.420312 0.341797 0.068750 0.072187
0 0.401042 0.317578 0.042500 0.019688
0 0.717187 0.312891 0.038750 0.027187
0 0.799375 0.232969 0.401250 0.465938
0 0.181250 0.087656 0.362500 0.175313
