0 0.696875 0.995004 0.010500 0.007993
0 0.073438 0.995004 0.008250 0.009992
0 0.034063 0.995004 0.015750 0.009992
0 0.471250 0.994588 0.013500 0.008993
0 0.824375 0.994005 0.013500 0.011990
0 0.727500 0.994005 0.016500 0.011990
0 0.323750 0.994005 0.012000 0.011990
0 0.295625 0.993505 0.012000 0.012989
0 0.592187 0.993006 0.021750 0.013988
0 0.502812 0.993006 0.018750 0.013988
0 0.343750 0.993006 0.009000 0.013988
0 0.148750 0.993006 0.031500 0.013988
0 0.923438 0.992506 0.014250 0.014988
0 0.744687 0.992506 0.011250 0.014988
0 0.987812 0.991007 0.012750 0.017985
0 0.353125 0.991007 0.015000 0.017985
0 0.282187 0.991007 0.018750 0.017985
0 0.543125 0.989509 0.024000 0.020983
0 0.216250 0.989509 0.033000 0.020983
0 0.010500 0.988510 0.021000 0.022981
0 0.751875 0.984180 0.007500 0.009992
0 0.488438 0.988010 0.008250 0.023980
0 0.192500 0.987011 0.025500 0.025978
0 0.178125 0.987011 0.013500 0.025978
0 0.408125 0.986511 0.027000 0.026978
0 0.022812 0.986511 0.012750 0.026978
0 0.701250 0.986012 0.027000 0.027977
0 0.876563 0.985512 0.035250 0.028976
0 0.872812 0.981266 0.012750 0.012989
0 0.480000 0.982515 0.013500 0.017985
0 0.994750 0.984513 0.010500 0.030974
0 0.330625 0.980849 0.027000 0.017985
0 0.061250 0.977102 0.013500 0.008993
0 0.496250 0.976686 0.015000 0.009992
0 0.774062 0.983014 0.039750 0.033972
0 0.527813 0.982098 0.017250 0.024979
0 0.233437 0.983014 0.020250 0.033972
0 0.719375 0.982931 0.015000 0.028976
0 0.431563 0.983014 0.032250 0.033972
0 0.550312 0.978351 0.011250 0.021982
0 0.007500 0.973356 0.015000 0.011990
0 0.659375 0.972523 0.010500 0.011990
0 0.572500 0.980017 0.034500 0.039967
0 0.108438 0.979517 0.021750 0.040966
0 0.797500 0.969192 0.015000 0.015987
0 0.432500 0.969609 0.012000 0.020983
0 0.410000 0.966278 0.013500 0.012989
0 0.835313 0.973772 0.024750 0.034971
0 0.666875 0.966278 0.009000 0.020983
0 0.615000 0.974521 0.030000 0.050958
0 0.968875 0.974022 0.062250 0.051957
0 0.512188 0.975021 0.027750 0.043963
0 0.310937 0.962948 0.008250 0.014988
0 0.117500 0.963364 0.009000 0.019983
0 0.129688 0.972523 0.038250 0.054954
0 0.807187 0.972023 0.038250 0.055953
0 0.635625 0.972023 0.055500 0.055953
0 0.510312 0.958368 0.009750 0.011990
0 0.330937 0.964197 0.038250 0.025978
0 0.759687 0.965445 0.042750 0.030974
0 0.539062 0.967111 0.029250 0.034971
0 0.404687 0.957119 0.015750 0.010991
0 0.460313 0.970025 0.053250 0.059950
0 0.850938 0.958784 0.009750 0.022981
0 0.669375 0.952956 0.010500 0.008993
0 0.589375 0.971274 0.054000 0.054954
0 0.490000 0.960866 0.015000 0.029975
0 0.018125 0.966694 0.024000 0.043963
0 0.440937 0.954621 0.006750 0.016986
0 0.115937 0.955454 0.011250 0.018984
0 0.003000 0.954205 0.006000 0.017985
0 0.634687 0.958784 0.023250 0.030974
0 0.497812 0.952123 0.008250 0.016986
0 0.097500 0.961282 0.025500 0.038968
0 0.840625 0.952123 0.016500 0.018984
0 0.819375 0.955870 0.027000 0.027977
0 0.725000 0.951291 0.010500 0.016986
0 0.991563 0.950042 0.014250 0.015987
0 0.722812 0.965029 0.069750 0.053955
0 0.655000 0.950042 0.019500 0.019983
0 0.165625 0.945878 0.015000 0.011990
0 0.674687 0.946295 0.008250 0.014988
0 0.469062 0.945462 0.009750 0.012989
0 0.372500 0.942964 0.009000 0.008993
0 0.967500 0.947960 0.015000 0.030974
0 0.717187 0.942132 0.015750 0.016986
0 0.533750 0.948793 0.018000 0.032973
0 0.386250 0.943797 0.012000 0.020983
0 0.864375 0.951291 0.027000 0.042964
0 0.571250 0.945046 0.019500 0.029975
0 0.520938 0.945878 0.014250 0.031973
0 0.489687 0.940050 0.021750 0.017985
0 0.672813 0.934638 0.006750 0.010991
0 0.829688 0.934221 0.008250 0.013988
0 0.474062 0.935470 0.011250 0.016986
0 0.849375 0.935470 0.025500 0.018984
0 0.759062 0.940883 0.018750 0.031973
0 0.741250 0.936719 0.024000 0.021982
0 0.400313 0.939217 0.017250 0.027977
0 0.510625 0.939634 0.021000 0.030974
0 0.107500 0.941715 0.019500 0.035970
0 0.503750 0.928393 0.007500 0.009992
0 0.342187 0.942964 0.023250 0.044963
0 0.175937 0.949209 0.024750 0.059950
0 0.167500 0.932140 0.021000 0.018984
0 0.126562 0.942548 0.027750 0.047960
0 0.874687 0.928393 0.014250 0.015987
0 0.681562 0.953039 0.056250 0.093922
0 0.222500 0.926728 0.015000 0.011990
0 0.836875 0.926728 0.015000 0.013988
0 0.530625 0.926728 0.012000 0.013988
0 0.464062 0.921316 0.011250 0.006994
0 0.865313 0.925062 0.011250 0.017985
0 0.625000 0.927977 0.010500 0.024979
0 0.453750 0.930058 0.033000 0.029975
0 0.403438 0.923397 0.014250 0.013988
0 0.513437 0.919234 0.012750 0.013988
0 0.885312 0.927144 0.023250 0.038968
0 0.621250 0.933805 0.093000 0.054954
0 0.415312 0.920483 0.011250 0.022981
0 0.705625 0.922148 0.013500 0.030974
0 0.535937 0.921316 0.012750 0.028976
0 0.857500 0.915487 0.006000 0.016986
0 0.693438 0.914238 0.011250 0.013988
0 0.759062 0.917569 0.021750 0.023980
0 0.568125 0.935887 0.063000 0.071940
0 0.431563 0.933805 0.056250 0.066944
0 0.229687 0.910908 0.008250 0.013988
0 0.897813 0.908826 0.011250 0.012989
0 0.430937 0.907577 0.008250 0.009992
0 0.827187 0.915903 0.020250 0.031973
0 0.802813 0.933389 0.086250 0.073938
0 0.715313 0.906744 0.006750 0.011990
0 0.637188 0.907577 0.012750 0.015987
0 0.372500 0.942048 0.070500 0.115903
0 0.980500 0.925062 0.039000 0.061948
0 0.489063 0.903830 0.009750 0.010991
0 0.417500 0.904246 0.010500 0.013988
0 0.234063 0.902998 0.011250 0.010991
0 0.408438 0.907577 0.018750 0.023980
0 0.283750 0.908826 0.015000 0.026978
0 0.721875 0.902998 0.006000 0.014988
0 0.809688 0.906744 0.015750 0.025978
0 0.666875 0.920483 0.034500 0.058951
0 0.445312 0.905495 0.024750 0.022981
0 0.631250 0.900083 0.009000 0.011990
0 0.711562 0.900916 0.011250 0.017985
0 0.467500 0.912989 0.030000 0.050958
0 0.448750 0.897169 0.012000 0.014988
0 0.652188 0.895504 0.008250 0.012989
0 0.641875 0.897169 0.012000 0.016986
0 0.502500 0.895920 0.009000 0.013988
0 0.793125 0.902998 0.024000 0.032973
0 0.805000 0.893006 0.006000 0.010991
0 0.005625 0.900500 0.011250 0.028976
0 0.855938 0.906328 0.029250 0.044963
0 0.540000 0.894671 0.019500 0.016986
0 0.365312 0.897169 0.014250 0.022981
0 0.359063 0.893422 0.008250 0.013988
0 0.494688 0.908410 0.026250 0.051957
0 0.990250 0.902998 0.019500 0.040966
0 0.473125 0.891757 0.010500 0.015987
0 0.455937 0.888426 0.011250 0.007993
0 0.684063 0.898834 0.020250 0.034971
0 0.317188 0.896753 0.023250 0.033972
0 0.466875 0.886761 0.007500 0.011990
0 0.784375 0.894671 0.031500 0.034971
0 0.388437 0.885928 0.011250 0.013988
0 0.265000 0.890924 0.013500 0.025978
0 0.358750 0.886345 0.019500 0.016986
0 0.558125 0.900083 0.042000 0.051957
0 0.006250 0.883014 0.009000 0.010991
0 0.645625 0.882598 0.013500 0.013988
0 0.864375 0.883430 0.007500 0.017985
0 0.707187 0.887594 0.017250 0.027977
0 0.668750 0.887594 0.027000 0.027977
0 0.552188 0.880516 0.015750 0.010991
0 0.523125 0.881765 0.010500 0.013988
0 0.314375 0.882182 0.012000 0.016986
0 0.727812 0.907161 0.030750 0.080933
0 0.715313 0.878018 0.008250 0.010991
0 0.873437 0.878435 0.011250 0.013988
0 0.887188 0.896336 0.047250 0.058951
0 0.726250 0.876353 0.012000 0.010991
0 0.494688 0.880100 0.012750 0.019983
0 0.391875 0.896336 0.054000 0.058951
0 0.993625 0.877186 0.012750 0.014988
0 0.783125 0.874688 0.016500 0.008993
0 0.815000 0.876769 0.010500 0.015987
0 0.629062 0.882182 0.023250 0.028976
0 0.326562 0.908826 0.066750 0.092923
0 0.598125 0.880516 0.016500 0.028976
0 0.379375 0.874271 0.012000 0.013988
0 0.845938 0.886761 0.015750 0.045962
0 0.799375 0.874688 0.016500 0.018984
0 0.613437 0.897169 0.041250 0.072939
0 0.313437 0.870941 0.014250 0.009992
0 0.371875 0.875104 0.010500 0.021982
0 0.985313 0.879684 0.018750 0.034971
0 0.637500 0.873439 0.012000 0.021982
0 0.451875 0.873855 0.009000 0.022981
0 0.332813 0.870108 0.011250 0.013988
0 0.251250 0.868443 0.010500 0.011990
0 0.899062 0.866778 0.012750 0.009992
0 0.747500 0.880516 0.031500 0.044963
0 0.577500 0.889259 0.030000 0.065945
0 0.413750 0.877602 0.033000 0.039967
0 0.861875 0.866361 0.012000 0.014988
0 0.705313 0.867610 0.011250 0.017985
0 0.570312 0.868443 0.020250 0.019983
0 0.289687 0.898418 0.042750 0.091923
0 0.935625 0.869276 0.021000 0.023980
0 0.434688 0.865529 0.017250 0.014988
0 0.547188 0.867194 0.017250 0.020983
0 0.325313 0.875937 0.012750 0.041965
0 0.598125 0.863863 0.007500 0.014988
0 0.814063 0.862198 0.009750 0.012989
0 0.749062 0.861782 0.011250 0.011990
0 0.478750 0.881765 0.024000 0.059950
0 0.821875 0.896336 0.048000 0.096919
0 0.624687 0.861782 0.008250 0.013988
0 0.440000 0.875104 0.019500 0.045962
0 0.610000 0.859700 0.010500 0.010991
0 0.469687 0.858035 0.012750 0.006994
0 0.637813 0.860117 0.011250 0.013988
0 0.769375 0.880516 0.043500 0.064946
0 0.808750 0.857619 0.010500 0.017985
0 0.783750 0.850958 0.013500 0.009992
0 0.757812 0.850958 0.017250 0.011990
0 0.523125 0.855537 0.010500 0.022981
0 0.915937 0.879267 0.038250 0.083930
0 0.834375 0.850958 0.019500 0.015987
0 0.725938 0.859700 0.032250 0.036969
0 0.279375 0.858035 0.028500 0.032973
0 0.850000 0.854704 0.016500 0.026978
0 0.552188 0.850125 0.023250 0.017985
0 0.664062 0.845129 0.011250 0.009992
0 0.535000 0.846794 0.012000 0.013988
0 0.409062 0.852206 0.021750 0.026978
0 0.331875 0.848043 0.027000 0.018984
0 0.256250 0.863031 0.036000 0.054954
0 0.459062 0.850541 0.023250 0.026978
0 0.278125 0.845962 0.010500 0.015987
0 0.763750 0.843880 0.012000 0.014988
0 0.507812 0.846378 0.012750 0.022981
0 0.693125 0.846794 0.010500 0.025978
0 0.944063 0.846378 0.018750 0.026978
0 0.771875 0.845962 0.010500 0.027977
0 0.315312 0.842215 0.015750 0.018984
0 0.384375 0.854288 0.042000 0.051957
0 0.338438 0.838468 0.009750 0.013988
0 0.814063 0.845129 0.030750 0.035970
0 0.530000 0.835137 0.009000 0.011990
0 0.655312 0.858451 0.030750 0.069942
0 0.627188 0.840966 0.039750 0.031973
0 0.592812 0.848460 0.033750 0.049958
0 0.541562 0.833888 0.029250 0.018984
0 0.419687 0.833888 0.014250 0.020983
0 0.635625 0.828476 0.012000 0.009992
0 0.445625 0.834721 0.019500 0.026978
0 0.375937 0.835554 0.024750 0.028976
0 0.401250 0.832223 0.019500 0.022981
0 0.341875 0.828893 0.010500 0.014988
0 0.899125 0.893089 0.201750 0.213822
0 0.508750 0.828476 0.013500 0.015987
0 0.705937 0.840966 0.026250 0.049958
0 0.321250 0.827227 0.010500 0.018984
0 0.250625 0.831807 0.009000 0.029975
0 0.910625 0.833888 0.045000 0.036969
0 0.393125 0.824729 0.012000 0.014988
0 0.428438 0.838052 0.020250 0.048959
0 0.507812 0.868027 0.090750 0.122898
0 0.413438 0.822231 0.008250 0.012989
0 0.872500 0.824729 0.019500 0.022981
0 0.886875 0.847211 0.037500 0.078934
0 0.236875 0.836803 0.027000 0.053955
0 0.352187 0.845962 0.038250 0.079933
0 0.545000 0.821399 0.018000 0.022981
0 0.335313 0.815570 0.014250 0.010991
0 0.623437 0.815570 0.012750 0.012989
0 0.378437 0.818068 0.005250 0.018984
0 0.279062 0.828893 0.056250 0.044963
0 0.801250 0.811823 0.010500 0.009992
0 0.743125 0.831807 0.066000 0.057952
0 0.610938 0.813072 0.012750 0.012989
0 0.841250 0.818068 0.018000 0.026978
0 0.784375 0.835970 0.046500 0.071940
0 0.386875 0.813905 0.012000 0.018984
0 0.704375 0.810575 0.009000 0.016986
0 0.515625 0.812240 0.022500 0.020983
0 0.322188 0.813489 0.011250 0.023980
0 0.420625 0.808909 0.007500 0.014988
0 0.480625 0.813072 0.025500 0.026978
0 0.341250 0.808493 0.015000 0.015987
0 0.276562 0.807660 0.014250 0.015987
0 0.255312 0.811407 0.014250 0.026978
0 0.855313 0.806828 0.017250 0.017985
0 0.500313 0.805579 0.018750 0.014988
0 0.921562 0.811407 0.017250 0.030974
0 0.742500 0.811407 0.019500 0.030974
0 0.423438 0.811407 0.018750 0.032973
0 0.351875 0.809742 0.016500 0.028976
0 0.714688 0.813905 0.011250 0.040966
0 0.974063 0.817652 0.020250 0.051957
0 0.909062 0.800583 0.009750 0.010991
0 0.825000 0.802248 0.006000 0.014988
0 0.781250 0.802664 0.018000 0.015987
0 0.613437 0.800999 0.008250 0.011990
0 0.914062 0.800999 0.008250 0.013988
0 0.620938 0.801415 0.008250 0.014988
0 0.554688 0.805995 0.023250 0.025978
0 0.457813 0.818068 0.053250 0.054954
0 0.219688 0.799334 0.006750 0.011990
0 0.229687 0.810575 0.018750 0.040966
0 0.344687 0.796003 0.009750 0.009992
0 0.789375 0.795587 0.013500 0.012989
0 0.471250 0.795587 0.010500 0.012989
0 0.810000 0.810158 0.031500 0.049958
0 0.736875 0.799750 0.015000 0.026978
0 0.662188 0.838468 0.089250 0.123897
0 0.435937 0.793922 0.023250 0.016986
0 0.204687 0.793089 0.015750 0.014988
0 0.872812 0.797669 0.020250 0.027977
0 0.597187 0.803497 0.029250 0.041965
0 0.490938 0.792673 0.008250 0.015987
0 0.949063 0.828060 0.059250 0.108909
0 0.891250 0.798501 0.019500 0.041965
0 0.582812 0.824729 0.071250 0.104913
0 0.513750 0.786012 0.010500 0.015987
0 0.456250 0.794338 0.015000 0.035970
0 0.418438 0.790591 0.020250 0.026978
0 0.433125 0.780600 0.013500 0.008993
0 0.726875 0.780183 0.009000 0.009992
0 0.479687 0.783930 0.015750 0.018984
0 0.905625 0.792256 0.025500 0.042964
0 0.403125 0.791424 0.013500 0.040966
0 0.637500 0.776436 0.012000 0.006994
0 0.387188 0.788926 0.024750 0.040966
0 0.270313 0.786844 0.027750 0.035970
0 0.969250 0.799750 0.061500 0.068943
0 0.845938 0.815154 0.068250 0.105912
0 0.690000 0.778102 0.012000 0.016986
0 0.507500 0.775187 0.018000 0.009992
0 0.415000 0.777269 0.015000 0.014988
0 0.329062 0.788926 0.044250 0.044963
0 0.709375 0.787677 0.049500 0.043963
0 0.642188 0.784346 0.060750 0.035970
0 0.626563 0.774771 0.012750 0.014988
0 0.547188 0.796003 0.060750 0.065945
0 0.525000 0.775604 0.021000 0.016986
0 0.857500 0.775604 0.009000 0.018984
0 0.825000 0.774355 0.006000 0.015987
0 0.323750 0.774355 0.009000 0.017985
0 0.209375 0.781016 0.022500 0.033972
0 0.909062 0.775604 0.011250 0.022981
0 0.843437 0.770192 0.009750 0.009992
0 0.615313 0.776853 0.012750 0.025978
0 0.449375 0.773522 0.018000 0.017985
0 0.567813 0.771440 0.005250 0.016986
0 0.479375 0.770192 0.010500 0.013988
0 0.465938 0.776853 0.018750 0.031973
0 0.986875 0.776853 0.019500 0.033972
0 0.443125 0.768526 0.010500 0.013988
0 0.394688 0.770608 0.014250 0.018984
0 0.257812 0.769359 0.012750 0.017985
0 0.235313 0.783930 0.044250 0.052956
0 0.721875 0.768526 0.013500 0.017985
0 0.877188 0.764779 0.008250 0.016986
0 0.248125 0.762698 0.009000 0.011990
0 0.586250 0.773106 0.033000 0.038968
0 0.540937 0.766445 0.015750 0.022981
0 0.298750 0.810991 0.051000 0.129892
0 0.767500 0.764363 0.010500 0.019983
0 0.807500 0.770608 0.034500 0.036969
0 0.709688 0.763530 0.020250 0.021982
0 0.475625 0.762281 0.013500 0.018984
0 0.197500 0.766445 0.021000 0.028976
0 0.670625 0.769359 0.013500 0.041965
0 0.463750 0.757286 0.009000 0.012989
0 0.825625 0.755620 0.010500 0.012989
0 0.813750 0.756037 0.007500 0.013988
0 0.806250 0.754788 0.007500 0.010991
0 0.991000 0.757702 0.018000 0.021982
0 0.721250 0.755620 0.007500 0.016986
0 0.601562 0.768110 0.018750 0.046961
0 0.580625 0.759367 0.030000 0.029975
0 0.377812 0.761032 0.021750 0.033972
0 0.262813 0.755204 0.012750 0.019983
0 0.397188 0.756869 0.024750 0.025978
0 0.664062 0.752290 0.012750 0.018984
0 0.224375 0.757286 0.010500 0.030974
0 0.923438 0.768110 0.035250 0.058951
0 0.343125 0.755204 0.019500 0.027977
0 0.338750 0.748543 0.007500 0.011990
0 0.527500 0.753955 0.007500 0.026978
0 0.271875 0.756453 0.022500 0.034971
0 0.844688 0.755620 0.044250 0.034971
0 0.875938 0.770608 0.081750 0.072939
0 0.520625 0.753122 0.012000 0.030974
0 0.766250 0.773522 0.093000 0.081932
0 0.690937 0.745212 0.011250 0.017985
0 0.985938 0.741465 0.011250 0.010991
0 0.611563 0.749792 0.017250 0.030974
0 0.208437 0.741049 0.008250 0.009992
0 0.688125 0.757286 0.043500 0.052956
0 0.362500 0.767694 0.037500 0.077935
0 0.677500 0.742298 0.022500 0.018984
0 0.431563 0.754371 0.027750 0.047960
0 0.803438 0.742298 0.014250 0.020983
0 0.629062 0.750208 0.020250 0.039967
0 0.549687 0.737302 0.008250 0.008993
0 0.994000 0.739384 0.012000 0.015987
0 0.763437 0.743131 0.011250 0.024979
0 0.651875 0.752706 0.037500 0.047960
0 0.313125 0.756037 0.064500 0.055953
0 0.236250 0.741465 0.016500 0.020983
0 0.833125 0.736470 0.010500 0.010991
0 0.185938 0.746878 0.044250 0.035970
0 0.336562 0.736886 0.009750 0.013988
0 0.558125 0.736053 0.007500 0.013988
0 0.550625 0.749376 0.073500 0.049958
0 0.220312 0.741049 0.027750 0.029975
0 0.251250 0.743131 0.031500 0.036969
0 0.584375 0.733139 0.021000 0.018984
0 0.621250 0.736886 0.016500 0.029975
0 0.289375 0.740216 0.031500 0.037968
0 0.324688 0.727727 0.009750 0.009992
0 0.985313 0.729392 0.008250 0.015987
0 0.702187 0.727311 0.009750 0.010991
0 0.488438 0.737302 0.027750 0.034971
0 0.737500 0.735637 0.070500 0.034971
0 0.376875 0.734804 0.024000 0.036969
0 0.714375 0.728976 0.010500 0.024979
0 0.569375 0.724813 0.013500 0.014988
0 0.305937 0.731057 0.008250 0.029975
0 0.238437 0.725645 0.018750 0.018984
0 0.201875 0.726894 0.019500 0.021982
0 0.505313 0.758118 0.056250 0.098918
0 0.162812 0.721066 0.009750 0.011990
0 0.592187 0.722731 0.012750 0.017985
0 0.786250 0.728976 0.049500 0.036969
0 0.633437 0.723147 0.011250 0.022981
0 0.007500 0.718984 0.015000 0.014988
0 0.178750 0.723564 0.030000 0.031973
0 0.657813 0.724396 0.042750 0.035970
0 0.575937 0.716070 0.012750 0.015987
0 0.645938 0.713988 0.027750 0.012989
0 0.370937 0.716070 0.014250 0.017985
0 0.349687 0.712323 0.006750 0.008993
0 0.713125 0.714821 0.012000 0.016986
0 0.703125 0.714821 0.009000 0.016986
0 0.319375 0.719817 0.021000 0.030974
0 0.243750 0.712739 0.012000 0.013988
0 0.499688 0.717319 0.012750 0.026978
0 0.820312 0.727727 0.029250 0.053955
0 0.682500 0.718568 0.027000 0.031973
0 0.790312 0.715237 0.018750 0.025978
0 0.200313 0.711074 0.006750 0.015987
0 0.646250 0.708160 0.010500 0.010991
0 0.894062 0.722731 0.057750 0.047960
0 0.465313 0.713572 0.032250 0.025978
0 0.529062 0.715237 0.014250 0.031973
0 0.490000 0.710658 0.018000 0.022981
0 0.194375 0.712323 0.009000 0.026978
0 0.252500 0.706911 0.007500 0.015987
0 0.330313 0.721898 0.018750 0.053955
0 0.935000 0.699833 0.012000 0.010991
0 0.014375 0.702748 0.021000 0.017985
0 0.669687 0.700666 0.011250 0.014988
0 0.276250 0.717319 0.070500 0.056953
0 0.209375 0.698585 0.013500 0.013988
0 0.418750 0.697336 0.016500 0.012989
0 0.245625 0.695254 0.015000 0.009992
0 0.712812 0.699001 0.014250 0.020983
0 0.346562 0.720233 0.032250 0.071940
0 0.256563 0.695670 0.009750 0.012989
0 0.702812 0.695670 0.008250 0.014988
0 0.008625 0.698168 0.017250 0.020983
0 0.804063 0.708160 0.026250 0.046961
0 0.309688 0.696919 0.011250 0.025978
0 0.938438 0.689842 0.014250 0.012989
0 0.330313 0.690258 0.008250 0.015987
0 0.321875 0.694421 0.018000 0.029975
0 0.620313 0.690258 0.015750 0.021982
0 0.220938 0.690258 0.009750 0.021982
0 0.211875 0.685262 0.009000 0.011990
0 0.475313 0.686928 0.018750 0.017985
0 0.344375 0.684013 0.010500 0.012989
0 0.018125 0.686511 0.022500 0.018984
0 0.873437 0.691923 0.017250 0.033972
0 0.769062 0.686928 0.009750 0.021982
0 0.680000 0.693589 0.036000 0.037968
0 0.740000 0.704413 0.051000 0.067943
0 0.887813 0.689425 0.018750 0.035970
0 0.719375 0.689842 0.027000 0.036969
0 0.701562 0.680683 0.014250 0.014988
0 0.659062 0.688593 0.042750 0.033972
0 0.295938 0.687760 0.026250 0.033972
0 0.816875 0.689842 0.019500 0.040966
0 0.634687 0.687760 0.029250 0.035970
0 0.856875 0.688593 0.027000 0.039967
0 0.509375 0.692756 0.022500 0.049958
0 0.805625 0.678601 0.007500 0.017985
0 0.321250 0.677352 0.010500 0.014988
0 0.486250 0.689009 0.040500 0.044963
0 0.199063 0.686095 0.027750 0.039967
0 0.845000 0.711490 0.055500 0.102914
0 0.735938 0.676103 0.008250 0.019983
0 0.176250 0.686095 0.036000 0.045962
0 0.607500 0.706495 0.058500 0.102914
0 0.453125 0.667777 0.009000 0.009992
0 0.278750 0.680266 0.016500 0.039967
0 0.265000 0.670691 0.012000 0.018984
0 0.588437 0.670691 0.017250 0.020983
0 0.500313 0.669858 0.023250 0.018984
0 0.272813 0.669858 0.008250 0.018984
0 0.245938 0.666528 0.011250 0.010991
0 0.007500 0.670275 0.015000 0.019983
0 0.852500 0.664863 0.013500 0.008993
0 0.572812 0.684013 0.041250 0.054954
0 0.319063 0.664863 0.012750 0.008993
0 0.307188 0.666944 0.011250 0.013988
0 0.296250 0.666944 0.013500 0.013988
0 0.150312 0.687760 0.041250 0.063947
0 0.781563 0.691923 0.044250 0.075937
0 0.201563 0.669026 0.033750 0.024979
0 0.153750 0.661948 0.018000 0.007993
0 0.332188 0.661948 0.008250 0.009992
0 0.480000 0.662781 0.013500 0.013988
0 0.763437 0.662365 0.012750 0.016986
0 0.665937 0.663197 0.011250 0.018984
0 0.235937 0.692340 0.065250 0.090924
0 0.170937 0.661532 0.011250 0.018984
0 0.779687 0.656536 0.009750 0.010991
0 0.654375 0.666112 0.024000 0.037968
0 0.183125 0.658618 0.010500 0.019983
0 0.700625 0.664863 0.024000 0.036969
0 0.637188 0.662365 0.021750 0.030974
0 0.520000 0.660699 0.019500 0.026978
0 0.593437 0.655287 0.027750 0.015987
0 0.504062 0.654455 0.017250 0.013988
0 0.958125 0.652373 0.016500 0.010991
0 0.681562 0.663197 0.023250 0.036969
0 0.016563 0.659867 0.017250 0.028976
0 0.215312 0.656536 0.021750 0.024979
0 0.836875 0.655704 0.021000 0.024979
0 0.495000 0.652789 0.013500 0.019983
0 0.198125 0.651540 0.024000 0.016986
0 0.774687 0.650708 0.014250 0.018984
0 0.123125 0.651957 0.007500 0.021982
0 0.989125 0.656953 0.021750 0.035970
0 0.302812 0.651124 0.023250 0.021982
0 0.347500 0.658618 0.027000 0.041965
0 0.964688 0.646128 0.017250 0.013988
0 0.265625 0.642798 0.010500 0.007993
0 0.658750 0.643214 0.007500 0.010991
0 0.449688 0.644879 0.014250 0.014988
0 0.919375 0.641132 0.007500 0.009992
0 0.517500 0.641549 0.009000 0.012989
0 0.496563 0.642798 0.018750 0.015987
0 0.315937 0.642798 0.006750 0.015987
0 0.509062 0.639883 0.009750 0.012989
0 0.292500 0.639883 0.016500 0.012989
0 0.279062 0.646545 0.014250 0.028976
0 0.245000 0.641965 0.012000 0.019983
0 0.648125 0.643214 0.016500 0.024979
0 0.664062 0.643214 0.017250 0.026978
0 0.685000 0.639467 0.030000 0.021982
0 0.805937 0.637386 0.017250 0.018984
0 0.767813 0.641965 0.020250 0.029975
0 0.705625 0.637802 0.012000 0.019983
0 0.753125 0.657369 0.034500 0.068943
0 0.482500 0.634888 0.010500 0.018984
0 0.457813 0.639051 0.018750 0.032973
0 0.949688 0.636137 0.017250 0.027977
0 0.282187 0.630308 0.017250 0.015987
0 0.128438 0.646545 0.042750 0.054954
0 0.981875 0.636137 0.016500 0.031973
0 0.642188 0.631973 0.015750 0.021982
0 0.339062 0.631973 0.026250 0.021982
0 0.363750 0.626561 0.009000 0.010991
0 0.154062 0.635720 0.029250 0.036969
0 0.933438 0.631973 0.024750 0.031973
0 0.803750 0.654871 0.060000 0.086928
0 0.674687 0.624480 0.011250 0.013988
0 0.967500 0.621982 0.012000 0.009992
0 0.526563 0.631141 0.030750 0.031973
0 0.234687 0.632390 0.023250 0.036969
0 0.886250 0.626145 0.016500 0.023980
0 0.460625 0.621149 0.010500 0.011990
0 0.728125 0.647794 0.042000 0.079933
0 0.695000 0.624480 0.034500 0.023980
0 0.474687 0.635720 0.020250 0.050958
0 0.415000 0.619484 0.007500 0.011990
0 0.441250 0.621565 0.012000 0.018984
0 0.964063 0.626561 0.042750 0.032973
0 0.317500 0.628643 0.025500 0.039967
0 0.991000 0.618651 0.018000 0.017985
0 0.937187 0.618235 0.015750 0.016986
0 0.137813 0.620316 0.008250 0.021982
0 0.118125 0.615737 0.007500 0.010991
0 0.660000 0.621149 0.022500 0.025978
0 0.697500 0.614072 0.006000 0.010991
0 0.105000 0.621982 0.019500 0.031973
0 0.801250 0.610741 0.015000 0.006994
0 0.628125 0.614488 0.012000 0.015987
0 0.175625 0.610741 0.007500 0.010991
0 0.766250 0.611157 0.015000 0.015987
0 0.235313 0.609492 0.012750 0.011990
0 0.564688 0.611990 0.014250 0.019983
0 0.480938 0.614072 0.017250 0.024979
0 0.545937 0.615737 0.027750 0.030974
0 0.448125 0.614904 0.012000 0.028976
0 0.741250 0.610325 0.019500 0.019983
0 0.290625 0.618235 0.018000 0.038968
0 0.353750 0.620733 0.033000 0.046961
0 0.708125 0.606578 0.012000 0.016986
0 0.305312 0.605745 0.006750 0.014988
0 0.873750 0.605745 0.010500 0.016986
0 0.372812 0.607410 0.015750 0.022981
0 0.267188 0.631141 0.035250 0.081932
0 0.889062 0.600749 0.008250 0.010991
0 0.471875 0.603247 0.006000 0.016986
0 0.666562 0.602415 0.011250 0.016986
0 0.413438 0.679850 0.165750 0.202831
0 0.144375 0.599084 0.012000 0.010991
0 0.956250 0.605745 0.027000 0.030974
0 0.929125 0.689842 0.141750 0.232806
0 0.178750 0.625312 0.069000 0.077935
0 0.716562 0.600333 0.015750 0.019983
0 0.215938 0.594921 0.009750 0.008993
0 0.305937 0.597002 0.021750 0.015987
0 0.099062 0.598668 0.017250 0.019983
0 0.009000 0.597419 0.018000 0.024979
0 0.408750 0.596170 0.025500 0.029975
0 0.204063 0.597419 0.017250 0.034971
0 0.180625 0.589092 0.009000 0.014988
0 0.161875 0.588260 0.010500 0.014988
0 0.086875 0.588676 0.022500 0.017985
0 0.712500 0.584929 0.012000 0.010991
0 0.588437 0.656536 0.174750 0.182848
0 0.458750 0.587011 0.004500 0.015987
0 0.392188 0.588260 0.018750 0.018984
0 0.329688 0.600749 0.035250 0.048959
0 0.252188 0.601998 0.023250 0.051957
0 0.428750 0.596170 0.043500 0.039967
0 0.948125 0.592423 0.028500 0.032973
0 0.216250 0.613239 0.051000 0.082931
0 0.295312 0.593672 0.020250 0.039967
0 0.453750 0.595754 0.030000 0.046961
0 0.785312 0.580766 0.009750 0.012989
0 0.015938 0.580350 0.011250 0.011990
0 0.690000 0.596586 0.045000 0.052956
0 0.226250 0.580766 0.007500 0.014988
0 0.371875 0.577435 0.007500 0.010991
0 0.315000 0.580766 0.015000 0.018984
0 0.005625 0.579933 0.011250 0.016986
0 0.213438 0.581182 0.015750 0.021982
0 0.926250 0.593256 0.037500 0.052956
0 0.351875 0.583680 0.018000 0.029975
0 0.339687 0.574938 0.008250 0.008993
0 0.183750 0.592423 0.033000 0.050958
0 0.219375 0.574521 0.012000 0.009992
0 0.903125 0.582848 0.016500 0.031973
0 0.240000 0.574521 0.015000 0.011990
0 0.876875 0.584929 0.052500 0.040966
0 0.933125 0.575354 0.024000 0.019983
0 0.891875 0.573272 0.019500 0.014988
0 0.715000 0.574938 0.015000 0.018984
0 0.327813 0.573272 0.012750 0.014988
0 0.494688 0.572856 0.009750 0.015987
0 0.946875 0.572856 0.009000 0.017985
0 0.696562 0.570774 0.018750 0.012989
0 0.571875 0.568276 0.009000 0.008993
0 0.803438 0.567860 0.006750 0.009992
0 0.265625 0.579101 0.042000 0.036969
0 0.876250 0.569109 0.015000 0.016986
0 0.375625 0.579517 0.019500 0.043963
0 0.953438 0.568693 0.014250 0.021982
0 0.513750 0.568276 0.013500 0.020983
0 0.204687 0.565779 0.011250 0.014988
0 0.494063 0.597835 0.078750 0.093922
0 0.300000 0.566611 0.010500 0.018984
0 0.230000 0.564530 0.015000 0.017985
0 0.288750 0.562448 0.010500 0.014988
0 0.815625 0.564113 0.018000 0.020983
0 0.310937 0.559950 0.008250 0.010991
0 0.656875 0.572856 0.039000 0.047960
0 0.574688 0.561615 0.012750 0.020983
0 0.926250 0.554954 0.009000 0.008993
0 0.256875 0.556203 0.007500 0.011990
0 0.743437 0.558701 0.005250 0.019983
0 0.076250 0.567444 0.025500 0.040966
0 0.722187 0.558285 0.009750 0.020983
0 0.461562 0.554538 0.009750 0.011990
0 0.503125 0.553289 0.016500 0.010991
0 0.706250 0.557036 0.025500 0.023980
0 0.962812 0.554122 0.009750 0.022981
0 0.077500 0.550375 0.018000 0.013988
0 0.678125 0.558285 0.025500 0.034971
0 0.160000 0.566195 0.064500 0.057952
0 0.977125 0.581599 0.045750 0.098918
0 0.834375 0.545795 0.007500 0.014988
0 0.321875 0.544546 0.009000 0.013988
0 0.570937 0.555371 0.038250 0.041965
0 0.087813 0.554538 0.017250 0.039967
0 0.991750 0.553289 0.016500 0.040966
0 0.381875 0.558701 0.046500 0.055953
0 0.131562 0.545379 0.015750 0.023980
0 0.360000 0.541632 0.028500 0.016986
0 0.859062 0.558701 0.047250 0.059950
0 0.704063 0.538718 0.005250 0.011990
0 0.465313 0.552040 0.030750 0.043963
0 0.991563 0.536220 0.011250 0.013988
0 0.878437 0.548293 0.026250 0.044963
0 0.192500 0.544546 0.037500 0.035970
0 0.354063 0.561615 0.051750 0.078934
0 0.685312 0.537052 0.009750 0.021982
0 0.612500 0.533722 0.019500 0.015987
0 0.283125 0.531224 0.007500 0.009992
0 0.900312 0.534138 0.015750 0.018984
0 0.894062 0.547044 0.035250 0.053955
0 0.692813 0.528310 0.015750 0.008993
0 0.489375 0.538718 0.025500 0.033972
0 0.939688 0.527893 0.008250 0.009992
0 0.934063 0.546211 0.075750 0.055953
0 0.842500 0.530391 0.016500 0.019983
0 0.377812 0.526644 0.008250 0.012989
0 0.796562 0.527893 0.009750 0.019983
0 0.760312 0.573272 0.114750 0.128893
0 0.246250 0.523314 0.009000 0.008993
0 0.054688 0.527477 0.021750 0.018984
0 0.164687 0.533306 0.032250 0.036969
0 0.115312 0.572023 0.063750 0.129892
0 0.886563 0.520816 0.014250 0.010991
0 0.660625 0.523314 0.022500 0.016986
0 0.146563 0.536220 0.024750 0.047960
0 0.837500 0.521232 0.007500 0.015987
0 0.746563 0.520400 0.006750 0.013988
0 0.849688 0.522898 0.017250 0.021982
0 0.864375 0.521649 0.022500 0.022981
0 0.774687 0.521232 0.012750 0.021982
0 0.134687 0.522065 0.011250 0.023980
0 0.981250 0.518734 0.016500 0.017985
0 0.871875 0.518734 0.016500 0.017985
0 0.237187 0.519983 0.009750 0.020983
0 0.470938 0.514571 0.014250 0.013988
0 0.202813 0.515404 0.008250 0.015987
0 0.127188 0.514155 0.011250 0.012989
0 0.424375 0.550375 0.093000 0.101915
0 0.762813 0.516653 0.017250 0.022981
0 0.418438 0.517069 0.039750 0.023980
0 0.229063 0.535387 0.089250 0.067943
0 0.037187 0.512073 0.018750 0.013988
0 0.588125 0.511657 0.012000 0.016986
0 0.287813 0.507910 0.009750 0.007993
0 0.114687 0.507910 0.009750 0.009992
0 0.747500 0.508326 0.018000 0.012989
0 0.195937 0.512906 0.015750 0.023980
0 0.138125 0.512490 0.012000 0.022981
0 0.477500 0.505412 0.013500 0.007993
0 0.580625 0.523730 0.058500 0.053955
0 0.242500 0.504163 0.007500 0.008993
0 0.209063 0.507494 0.012750 0.016986
0 0.970625 0.506245 0.021000 0.015987
0 0.849688 0.590341 0.111750 0.219817
0 0.377188 0.509575 0.017250 0.025978
0 0.255000 0.514155 0.027000 0.036969
0 0.109063 0.510408 0.018750 0.029975
0 0.611250 0.502082 0.012000 0.011990
0 0.233437 0.503331 0.012750 0.016986
0 0.077188 0.502914 0.008250 0.015987
0 0.722812 0.518734 0.036750 0.059950
0 0.246875 0.498751 0.016500 0.013988
0 0.122188 0.497086 0.009750 0.011990
0 0.088438 0.509992 0.018750 0.042964
0 0.346250 0.531224 0.072000 0.095920
0 0.691875 0.517069 0.052500 0.063947
0 0.025625 0.496669 0.010500 0.016986
0 0.464687 0.512906 0.032250 0.057952
0 0.687187 0.493339 0.008250 0.012989
0 0.675312 0.504580 0.018750 0.039967
0 0.713750 0.489592 0.018000 0.007993
0 0.157812 0.503747 0.041250 0.043963
0 0.755000 0.495420 0.015000 0.025978
0 0.742500 0.488759 0.010500 0.009992
0 0.921250 0.509159 0.034500 0.062948
0 0.449375 0.506245 0.033000 0.055953
0 0.667500 0.490841 0.015000 0.020983
0 0.362500 0.487510 0.016500 0.014988
0 0.911250 0.487510 0.010500 0.016986
0 0.383750 0.494588 0.024000 0.033972
0 0.326250 0.493755 0.033000 0.031973
0 0.291875 0.527061 0.061500 0.111907
0 0.251563 0.488343 0.018750 0.018984
0 0.406875 0.495837 0.031500 0.038968
0 0.175313 0.501665 0.035250 0.052956
0 0.876250 0.498335 0.027000 0.046961
0 0.278125 0.488759 0.021000 0.023980
0 0.579063 0.497086 0.029250 0.045962
0 0.488750 0.485845 0.016500 0.018984
0 0.154062 0.482931 0.014250 0.011990
0 0.111875 0.490008 0.031500 0.028976
0 0.093125 0.495004 0.018000 0.040966
0 0.394688 0.481682 0.008250 0.012989
0 0.675312 0.485012 0.009750 0.022981
0 0.386875 0.478351 0.013500 0.008993
0 0.144687 0.480433 0.006750 0.013988
0 0.959375 0.507494 0.061500 0.080933
0 0.511563 0.481682 0.012750 0.018984
0 0.135000 0.489176 0.018000 0.036969
0 0.789062 0.479600 0.009750 0.015987
0 0.730313 0.492506 0.036750 0.052956
0 0.111562 0.475021 0.011250 0.010991
0 0.157188 0.474188 0.009750 0.010991
0 0.045937 0.495004 0.036750 0.060949
0 0.720938 0.473356 0.012750 0.012989
0 0.333750 0.472107 0.013500 0.011990
0 0.191250 0.680266 0.382500 0.639467
0 0.883437 0.495837 0.071250 0.070941
0 0.483438 0.474188 0.011250 0.018984
0 0.362812 0.470441 0.011250 0.009992
0 0.240937 0.472107 0.018750 0.021982
0 0.435625 0.470441 0.010500 0.019983
0 0.403750 0.473356 0.031500 0.026978
0 0.138437 0.467943 0.015750 0.013988
0 0.758437 0.473356 0.027750 0.028976
0 0.828125 0.465862 0.013500 0.012989
0 0.188125 0.481682 0.033000 0.050958
0 0.917188 0.465445 0.011250 0.013988
0 0.801250 0.470441 0.016500 0.025978
0 0.702187 0.468360 0.012750 0.020983
0 0.688125 0.469609 0.021000 0.023980
0 0.127188 0.464613 0.012750 0.011990
0 0.068125 0.505828 0.042000 0.110908
0 0.951875 0.467943 0.010500 0.021982
0 0.737187 0.465445 0.008250 0.015987
0 0.459688 0.466694 0.012750 0.018984
0 0.345000 0.474604 0.030000 0.037968
0 0.320625 0.468360 0.015000 0.022981
0 0.880938 0.462531 0.008250 0.012989
0 0.851562 0.485845 0.027750 0.068943
0 0.637500 0.512490 0.076500 0.134888
0 0.818750 0.460033 0.006000 0.010991
0 0.221562 0.480017 0.048750 0.058951
0 0.482187 0.460866 0.006750 0.014988
0 0.315625 0.459617 0.006000 0.013988
0 0.615625 0.457952 0.007500 0.011990
0 0.443125 0.475437 0.018000 0.053955
0 0.104063 0.468776 0.035250 0.039967
0 0.706562 0.458784 0.009750 0.017985
0 0.558750 0.542048 0.193500 0.219817
0 0.835938 0.457952 0.008250 0.019983
0 0.154375 0.453789 0.007500 0.009992
0 0.997375 0.455454 0.005250 0.015987
0 0.762813 0.460033 0.014250 0.026978
0 0.496875 0.455037 0.016500 0.014988
0 0.814375 0.452956 0.007500 0.015987
0 0.757188 0.456703 0.012750 0.024979
0 0.689688 0.456703 0.014250 0.024979
0 0.671250 0.460866 0.019500 0.034971
0 0.061875 0.453789 0.016500 0.017985
0 0.205000 0.459617 0.027000 0.033972
0 0.169687 0.460450 0.017250 0.037968
0 0.722500 0.455454 0.009000 0.027977
0 0.131562 0.451707 0.006750 0.018984
0 0.541875 0.454205 0.016500 0.026978
0 0.145313 0.451291 0.012750 0.019983
0 0.695312 0.450458 0.020250 0.019983
0 0.431563 0.452123 0.014250 0.023980
0 0.277500 0.464197 0.085500 0.052956
0 0.440312 0.446295 0.009750 0.011990
0 0.616563 0.446711 0.006750 0.014988
0 0.847812 0.442964 0.008250 0.007993
0 0.923750 0.464613 0.055500 0.061948
0 0.746250 0.445046 0.013500 0.014988
0 0.390000 0.446711 0.010500 0.018984
0 0.516875 0.448793 0.019500 0.025978
0 0.225312 0.445046 0.009750 0.016986
0 0.538125 0.440466 0.012000 0.007993
0 0.329062 0.449625 0.027750 0.029975
0 0.035625 0.462531 0.071250 0.060949
0 0.990000 0.443381 0.015000 0.016986
0 0.469062 0.463364 0.029250 0.064946
0 0.125625 0.447544 0.015000 0.026978
0 0.112187 0.441299 0.008250 0.011990
0 0.100000 0.442964 0.016500 0.015987
0 0.239375 0.447544 0.024000 0.028976
0 0.216562 0.444629 0.009750 0.021982
0 0.929063 0.440883 0.006750 0.014988
0 0.358438 0.440883 0.023250 0.016986
0 0.344375 0.446711 0.025500 0.030974
0 0.296563 0.443381 0.018750 0.022981
0 0.310000 0.442964 0.019500 0.023980
0 0.081562 0.454621 0.033750 0.053955
0 0.980000 0.443797 0.013500 0.029975
0 0.803125 0.498751 0.114000 0.161865
0 0.018125 0.443797 0.013500 0.029975
0 0.540312 0.434221 0.014250 0.010991
0 0.206563 0.439217 0.014250 0.022981
0 0.662500 0.443797 0.013500 0.035970
0 0.396250 0.468776 0.094500 0.095920
0 0.267500 0.442132 0.009000 0.031973
0 0.257188 0.435470 0.012750 0.015987
0 0.115625 0.443797 0.027000 0.035970
0 0.414375 0.437552 0.013500 0.022981
0 0.635938 0.442548 0.036750 0.036969
0 0.706250 0.437136 0.025500 0.025978
0 0.553750 0.432973 0.015000 0.015987
0 0.750000 0.432556 0.016500 0.020983
0 0.686250 0.434221 0.019500 0.024979
0 0.991250 0.427560 0.007500 0.010991
0 0.245625 0.426728 0.010500 0.008993
0 0.496875 0.435887 0.024000 0.032973
0 0.177500 0.442132 0.057000 0.047960
0 0.727500 0.432973 0.013500 0.029975
0 0.304688 0.426311 0.012750 0.013988
0 0.073750 0.425479 0.007500 0.011990
0 0.441563 0.425479 0.006750 0.013988
0 0.281562 0.424646 0.014250 0.013988
0 0.856875 0.443797 0.040500 0.061948
0 0.792500 0.421316 0.012000 0.013988
0 0.554688 0.422148 0.015750 0.015987
0 0.385313 0.422565 0.014250 0.016986
0 0.202813 0.422981 0.021750 0.017985
0 0.888750 0.453789 0.061500 0.093922
0 0.396562 0.419234 0.011250 0.010991
0 0.830937 0.432973 0.047250 0.045962
0 0.478438 0.445462 0.047250 0.075937
0 0.243750 0.417985 0.010500 0.009992
0 0.922188 0.424230 0.023250 0.026978
0 0.541875 0.420899 0.015000 0.018984
0 0.011625 0.425479 0.023250 0.029975
0 0.815937 0.419234 0.012750 0.016986
0 0.671875 0.429642 0.016500 0.041965
0 0.308750 0.414654 0.013500 0.007993
0 0.104375 0.415903 0.010500 0.010991
0 0.528750 0.419234 0.012000 0.020983
0 0.881563 0.415071 0.011250 0.012989
0 0.062812 0.427977 0.032250 0.045962
0 0.866250 0.411740 0.012000 0.008993
0 0.391562 0.413405 0.015750 0.012989
0 0.027813 0.422148 0.020250 0.033972
0 0.335313 0.420067 0.024750 0.030974
0 0.212500 0.414238 0.007500 0.016986
0 0.181875 0.417152 0.009000 0.023980
0 0.260625 0.417152 0.025500 0.025978
0 0.224375 0.422148 0.027000 0.037968
0 0.835000 0.412157 0.010500 0.015987
0 0.716250 0.416320 0.027000 0.025978
0 0.695625 0.417985 0.024000 0.033972
0 0.291250 0.425479 0.046500 0.053955
0 0.199687 0.409659 0.006750 0.015987
0 0.582500 0.460033 0.102000 0.144879
0 0.368750 0.415487 0.037500 0.037968
0 0.314688 0.405495 0.009750 0.013988
0 0.284687 0.410491 0.036750 0.025978
0 0.746250 0.416320 0.039000 0.045962
0 0.562500 0.402581 0.009000 0.012989
0 0.807187 0.409659 0.023250 0.031973
0 0.385313 0.401332 0.011250 0.015987
0 0.873437 0.399667 0.014250 0.013988
0 0.126562 0.403414 0.017250 0.022981
0 0.113125 0.409659 0.013500 0.037968
0 0.063125 0.400083 0.009000 0.014988
0 0.031250 0.416320 0.051000 0.053955
0 0.403125 0.398002 0.013500 0.011990
0 0.189062 0.400083 0.032250 0.016986
0 0.729375 0.401332 0.010500 0.021982
0 0.098750 0.414654 0.051000 0.053955
0 0.885312 0.403414 0.014250 0.028976
0 0.221875 0.397585 0.013500 0.016986
0 0.172187 0.404246 0.011250 0.032973
0 0.913750 0.398002 0.016500 0.023980
0 0.755938 0.397585 0.020250 0.022981
0 0.030000 0.394255 0.016500 0.016986
0 0.952812 0.390092 0.008250 0.008993
0 0.359063 0.395920 0.011250 0.024979
0 0.680937 0.397585 0.032250 0.030974
0 0.419375 0.390092 0.013500 0.012989
0 0.284062 0.394255 0.030750 0.022981
0 0.212188 0.387594 0.015750 0.010991
0 0.770625 0.393838 0.030000 0.027977
0 0.739062 0.389259 0.014250 0.016986
0 0.700000 0.390924 0.010500 0.022981
0 0.085312 0.385512 0.009750 0.009992
0 0.046875 0.396753 0.024000 0.036969
0 0.597187 0.391757 0.017250 0.026978
0 0.369688 0.388426 0.015750 0.020983
0 0.305937 0.389259 0.030750 0.022981
0 0.897813 0.385512 0.008250 0.015987
0 0.640938 0.417569 0.107250 0.092923
0 0.569063 0.389675 0.020250 0.025978
0 0.012000 0.403830 0.024000 0.059950
0 0.991375 0.391341 0.017250 0.031973
0 0.323437 0.383014 0.011250 0.011990
0 0.066250 0.384263 0.016500 0.014988
0 0.075938 0.393422 0.024750 0.038968
0 0.901563 0.407993 0.038250 0.075937
0 0.788438 0.420067 0.063750 0.110908
0 0.006750 0.379267 0.013500 0.012989
0 0.280625 0.380100 0.018000 0.016986
0 0.256563 0.384679 0.032250 0.027977
0 0.729375 0.380933 0.015000 0.020983
0 0.786563 0.377186 0.015750 0.013988
0 0.389062 0.379684 0.032250 0.019983
0 0.249062 0.377602 0.009750 0.014988
0 0.558438 0.376769 0.006750 0.016986
0 0.524062 0.376353 0.015750 0.017985
0 0.550937 0.388426 0.014250 0.048959
0 0.741250 0.375104 0.012000 0.018984
0 0.631875 0.376769 0.036000 0.026978
0 0.055000 0.380516 0.016500 0.035970
0 0.652188 0.376353 0.023250 0.027977
0 0.325313 0.369692 0.018750 0.011990
0 0.276562 0.368027 0.012750 0.009992
0 0.413750 0.376353 0.030000 0.031973
0 0.239375 0.373439 0.016500 0.028976
0 0.452813 0.366778 0.012750 0.014988
0 0.430000 0.375104 0.016500 0.034971
0 0.303750 0.368443 0.015000 0.020983
0 0.072813 0.369276 0.041250 0.022981
0 0.175313 0.365112 0.008250 0.014988
0 0.439375 0.370108 0.012000 0.028976
0 0.108438 0.364280 0.014250 0.014988
0 0.946250 0.373022 0.045000 0.037968
0 0.618125 0.373022 0.030000 0.037968
0 0.598125 0.368859 0.025500 0.027977
0 0.108438 0.383847 0.045750 0.063947
0 0.866875 0.390924 0.069000 0.082931
0 0.267500 0.361366 0.016500 0.011990
0 0.195312 0.360533 0.008250 0.009992
0 0.554063 0.376769 0.078750 0.050958
0 0.771875 0.368027 0.024000 0.031973
0 0.370000 0.361366 0.007500 0.015987
0 0.039688 0.368859 0.020250 0.035970
0 0.935000 0.360533 0.018000 0.017985
0 0.869687 0.357619 0.011250 0.010991
0 0.494063 0.361782 0.017250 0.020983
0 0.186875 0.370108 0.018000 0.040966
0 0.570312 0.358451 0.014250 0.014988
0 0.644687 0.357202 0.011250 0.013988
0 0.102813 0.357619 0.011250 0.016986
0 0.290000 0.363863 0.015000 0.033972
0 0.474062 0.417152 0.182250 0.163863
0 0.226875 0.358035 0.009000 0.021982
0 0.219688 0.384263 0.065250 0.084929
0 0.661563 0.355537 0.015750 0.019983
0 0.051875 0.357619 0.016500 0.024979
0 0.415938 0.350541 0.008250 0.009992
0 0.395313 0.360533 0.020250 0.035970
0 0.322813 0.354704 0.017250 0.021982
0 0.843125 0.375520 0.051000 0.073938
0 0.217812 0.350125 0.008250 0.012989
0 0.530000 0.347627 0.009000 0.008993
0 0.715313 0.347211 0.009750 0.009992
0 0.449062 0.351790 0.021750 0.020983
0 0.563438 0.349292 0.026250 0.016986
0 0.187500 0.348876 0.016500 0.015987
0 0.069062 0.353455 0.015750 0.026978
0 0.670625 0.360117 0.013500 0.044963
0 0.231563 0.344713 0.014250 0.009992
0 0.211250 0.343464 0.010500 0.006994
0 0.080937 0.352623 0.014250 0.032973
0 0.585625 0.355953 0.022500 0.042964
0 0.309063 0.341382 0.008250 0.007993
0 0.247812 0.354288 0.020250 0.038968
0 0.877500 0.349292 0.031500 0.028976
0 0.540937 0.348460 0.027750 0.026978
0 0.479063 0.348876 0.027750 0.029975
0 0.412813 0.340966 0.008250 0.010991
0 0.950937 0.345962 0.011250 0.024979
0 0.734375 0.341799 0.010500 0.014988
0 0.515625 0.345962 0.022500 0.028976
0 0.619687 0.345962 0.048750 0.030974
0 0.845313 0.339717 0.011250 0.017985
0 0.769375 0.343047 0.031500 0.025978
0 0.403438 0.340133 0.012750 0.018984
0 0.135625 0.340966 0.016500 0.020983
0 0.120313 0.338468 0.017250 0.014988
0 0.811875 0.335970 0.015000 0.010991
0 0.702187 0.372606 0.063750 0.098918
0 0.440000 0.338884 0.009000 0.017985
0 0.748437 0.351374 0.026250 0.049958
0 0.382812 0.353455 0.029250 0.054954
0 0.937500 0.343047 0.022500 0.031973
0 0.758437 0.334721 0.011250 0.017985
0 0.189688 0.334305 0.021750 0.016986
0 0.370937 0.333472 0.011250 0.016986
0 0.223438 0.330974 0.008250 0.012989
0 0.296250 0.334305 0.018000 0.022981
0 0.257188 0.333472 0.006750 0.020983
0 0.616563 0.328476 0.009750 0.010991
0 0.059687 0.335554 0.015750 0.027977
0 0.473125 0.332639 0.019500 0.022981
0 0.412187 0.328060 0.011250 0.011990
0 0.570937 0.333056 0.030750 0.025978
0 0.335938 0.363447 0.030750 0.098918
0 0.021250 0.330558 0.007500 0.019983
0 0.553125 0.325562 0.007500 0.009992
0 0.940000 0.325562 0.007500 0.011990
0 0.773438 0.327644 0.009750 0.016986
0 0.155938 0.335137 0.014250 0.034971
0 0.986875 0.342631 0.026250 0.054954
0 0.352500 0.364280 0.043500 0.106911
0 0.142187 0.325562 0.009750 0.013988
0 0.140313 0.381765 0.104250 0.150874
0 0.106875 0.327227 0.009000 0.019983
0 0.523125 0.328893 0.025500 0.025978
0 0.513437 0.321399 0.011250 0.007993
0 0.480000 0.323480 0.007500 0.012989
0 0.712812 0.338468 0.059250 0.050958
0 0.424063 0.341382 0.026250 0.059950
0 0.206875 0.328060 0.027000 0.027977
0 0.218438 0.319317 0.009750 0.008993
0 0.149688 0.325562 0.012750 0.023980
0 0.863125 0.318901 0.012000 0.009992
0 0.499688 0.331807 0.021750 0.044963
0 0.583438 0.324313 0.029250 0.028976
0 0.821562 0.329309 0.012750 0.042964
0 0.670000 0.328893 0.039000 0.041965
0 0.161875 0.315570 0.019500 0.009992
0 0.440000 0.317652 0.009000 0.018984
0 0.410000 0.315987 0.012000 0.014988
0 0.008250 0.321815 0.016500 0.028976
0 0.280313 0.335970 0.051750 0.066944
0 0.335000 0.319734 0.034500 0.029975
0 0.077188 0.314738 0.012750 0.017985
0 0.531250 0.313905 0.022500 0.017985
0 0.317812 0.325978 0.017250 0.048959
0 0.208437 0.310575 0.015750 0.011990
0 0.901250 0.314321 0.016500 0.022981
0 0.679688 0.314738 0.015750 0.023980
0 0.646875 0.328476 0.036000 0.056953
0 0.245000 0.321399 0.022500 0.039967
0 0.123438 0.319734 0.045750 0.035970
0 0.455625 0.310158 0.007500 0.014988
0 0.228125 0.317652 0.015000 0.032973
0 0.391250 0.313072 0.033000 0.023980
0 0.850625 0.326395 0.064500 0.057952
0 0.427812 0.311407 0.026250 0.021982
0 0.346562 0.309742 0.014250 0.017985
0 0.582187 0.305995 0.006750 0.010991
0 0.408125 0.307660 0.013500 0.014988
0 0.178437 0.315154 0.015750 0.032973
0 0.855625 0.307244 0.007500 0.015987
0 0.215312 0.305579 0.011250 0.013988
0 0.193125 0.308077 0.019500 0.019983
0 0.350938 0.303081 0.006750 0.009992
0 0.978625 0.319317 0.042750 0.050958
0 0.474687 0.305579 0.012750 0.019983
0 0.006562 0.301832 0.012750 0.010991
0 0.881563 0.306411 0.015750 0.023980
0 0.322813 0.304746 0.018750 0.019983
0 0.224688 0.302248 0.006750 0.015987
0 0.165937 0.303497 0.014250 0.018984
0 0.039375 0.336803 0.078750 0.100916
0 0.487812 0.315987 0.023250 0.052956
0 0.402187 0.299750 0.008250 0.013988
0 0.082500 0.324729 0.049500 0.075937
0 0.303438 0.311407 0.026250 0.047960
0 0.058125 0.299334 0.013500 0.018984
0 0.495000 0.297252 0.010500 0.017985
0 0.140625 0.301832 0.028500 0.028976
0 0.679063 0.291840 0.008250 0.008993
0 0.508750 0.301832 0.021000 0.034971
0 0.077500 0.291424 0.009000 0.009992
0 0.898438 0.293505 0.027750 0.016986
0 0.846250 0.294338 0.018000 0.018984
0 0.478438 0.293505 0.011250 0.016986
0 0.279687 0.295587 0.024750 0.021982
0 0.228125 0.291007 0.009000 0.010991
0 0.159688 0.294338 0.014250 0.018984
0 0.118750 0.290591 0.016500 0.009992
0 0.643437 0.298085 0.029250 0.029975
0 0.611250 0.310575 0.061500 0.063947
0 0.341250 0.291840 0.010500 0.018984
0 0.992875 0.292256 0.014250 0.025978
0 0.876563 0.288510 0.017250 0.016986
0 0.391562 0.291424 0.017250 0.023980
0 0.262188 0.292673 0.015750 0.026978
0 0.154062 0.286428 0.011250 0.011990
0 0.587812 0.286012 0.009750 0.012989
0 0.066875 0.286012 0.012000 0.014988
0 0.446250 0.298918 0.022500 0.047960
0 0.982812 0.280600 0.011250 0.009992
0 0.609688 0.283097 0.014250 0.015987
0 0.459688 0.312240 0.039750 0.085928
0 0.183750 0.286012 0.009000 0.022981
0 0.140313 0.283097 0.020250 0.015987
0 0.279375 0.283097 0.030000 0.021982
0 0.021250 0.298501 0.033000 0.058951
0 0.977187 0.295171 0.024750 0.052956
0 0.595625 0.283097 0.010500 0.023980
0 0.044062 0.277269 0.009750 0.009992
0 0.474687 0.280183 0.015750 0.018984
0 0.031563 0.282265 0.006750 0.023980
0 0.453750 0.278102 0.015000 0.015987
0 0.171875 0.286844 0.028500 0.038968
0 0.315000 0.283514 0.040500 0.032973
0 0.149375 0.277269 0.025500 0.017985
0 0.831875 0.273522 0.007500 0.010991
0 0.438750 0.278934 0.016500 0.023980
0 0.792500 0.275187 0.013500 0.016986
0 0.570625 0.295587 0.039000 0.065945
0 0.810937 0.275604 0.027750 0.019983
0 0.194062 0.282265 0.021750 0.037968
0 0.089063 0.278934 0.014250 0.031973
0 0.487187 0.270608 0.008250 0.013988
0 0.780312 0.269775 0.017250 0.013988
0 0.569688 0.267277 0.012750 0.009992
0 0.423438 0.280600 0.029250 0.047960
0 0.466562 0.266028 0.009750 0.014988
0 0.252188 0.290175 0.048750 0.072939
0 0.023750 0.271857 0.019500 0.030974
0 0.451562 0.263530 0.017250 0.014988
0 0.210000 0.281016 0.034500 0.056953
0 0.683438 0.268943 0.012750 0.029975
0 0.916562 0.265196 0.009750 0.022981
0 0.889062 0.262281 0.017250 0.015987
0 0.618437 0.269359 0.027750 0.034971
0 0.325937 0.267277 0.036750 0.031973
0 0.176563 0.258951 0.012750 0.013988
0 0.659375 0.259784 0.006000 0.017985
0 0.655625 0.283097 0.057000 0.073938
0 0.577187 0.258951 0.015750 0.015987
0 0.483125 0.259367 0.009000 0.018984
0 0.222188 0.258118 0.014250 0.015987
0 0.008625 0.265196 0.017250 0.032973
0 0.903125 0.268526 0.024000 0.046961
0 0.625000 0.253955 0.012000 0.011990
0 0.343125 0.256037 0.021000 0.016986
0 0.273750 0.263530 0.028500 0.034971
0 0.031250 0.253539 0.015000 0.012989
0 0.882188 0.251873 0.012750 0.010991
0 0.376563 0.288093 0.081750 0.097918
0 0.777188 0.321399 0.153750 0.179850
0 0.230625 0.249376 0.013500 0.006994
0 0.168437 0.257702 0.018750 0.026978
0 0.878750 0.266861 0.037500 0.050958
0 0.373437 0.253955 0.015750 0.021982
0 0.364063 0.248127 0.009750 0.009992
0 0.973125 0.258951 0.024000 0.037968
0 0.012188 0.246461 0.009750 0.007993
0 0.894375 0.251041 0.013500 0.020983
0 0.863125 0.245629 0.009000 0.009992
0 0.918125 0.252706 0.018000 0.028976
0 0.433750 0.250208 0.021000 0.022981
0 0.780937 0.247294 0.009750 0.017985
0 0.637500 0.246045 0.016500 0.014988
0 0.189062 0.249792 0.017250 0.025978
0 0.767813 0.244380 0.012750 0.014988
0 0.151562 0.255204 0.032250 0.040966
0 0.527500 0.255204 0.024000 0.042964
0 0.065312 0.261032 0.054750 0.056953
0 0.157500 0.242714 0.012000 0.014988
0 0.017188 0.242298 0.011250 0.013988
0 0.706562 0.242714 0.020250 0.016986
0 0.078125 0.240216 0.015000 0.010991
0 0.581250 0.242298 0.012000 0.019983
0 0.440937 0.238135 0.014250 0.009992
0 0.391562 0.246461 0.021750 0.029975
0 0.125938 0.253539 0.050250 0.046961
0 0.986500 0.255204 0.027000 0.052956
0 0.407187 0.238135 0.009750 0.011990
0 0.907188 0.240216 0.027750 0.022981
0 0.345625 0.247294 0.048000 0.039967
0 0.085000 0.236886 0.016500 0.014988
0 0.772188 0.233139 0.017250 0.011990
0 0.631875 0.235637 0.015000 0.017985
0 0.242500 0.254371 0.043500 0.062948
0 0.648438 0.231474 0.012750 0.009992
0 0.501563 0.259784 0.047250 0.079933
0 0.805625 0.248543 0.051000 0.054954
0 0.483125 0.238968 0.021000 0.031973
0 0.416875 0.241049 0.028500 0.036969
0 0.053125 0.234804 0.012000 0.021982
0 0.980000 0.228143 0.009000 0.007993
0 0.596250 0.247294 0.030000 0.053955
0 0.602500 0.229808 0.006000 0.013988
0 0.357187 0.232306 0.026250 0.019983
0 0.010000 0.227727 0.009000 0.008993
0 0.192812 0.231890 0.029250 0.020983
0 0.898438 0.228560 0.017250 0.014988
0 0.971875 0.231890 0.013500 0.024979
0 0.964688 0.236886 0.017250 0.036969
0 0.430312 0.226478 0.009750 0.011990
0 0.020000 0.227727 0.010500 0.014988
0 0.340000 0.224813 0.010500 0.009992
0 0.092500 0.225645 0.009000 0.011990
0 0.859688 0.227311 0.018750 0.023980
0 0.781250 0.224813 0.006000 0.017985
0 0.662813 0.222315 0.017250 0.011990
0 0.395000 0.223980 0.007500 0.015987
0 0.161562 0.222731 0.015750 0.014988
0 0.863437 0.221482 0.009750 0.013988
0 0.554375 0.229808 0.024000 0.033972
0 0.486875 0.222731 0.016500 0.016986
0 0.310625 0.235221 0.042000 0.046961
0 0.076875 0.223147 0.022500 0.017985
0 0.504687 0.218984 0.011250 0.011990
0 0.377500 0.229392 0.022500 0.036969
0 0.386875 0.217735 0.007500 0.010991
0 0.212500 0.236053 0.031500 0.056953
0 0.495312 0.218152 0.009750 0.015987
0 0.862500 0.213572 0.015000 0.008993
0 0.699063 0.267694 0.095250 0.138884
0 0.302812 0.215237 0.011250 0.012989
0 0.272188 0.228560 0.023250 0.044963
0 0.249062 0.214821 0.023250 0.013988
0 0.550000 0.213156 0.016500 0.013988
0 0.580000 0.221066 0.036000 0.034971
0 0.095000 0.211074 0.009000 0.010991
0 0.450313 0.210241 0.008250 0.010991
0 0.288438 0.254371 0.036750 0.118901
0 0.436875 0.216903 0.024000 0.030974
0 0.016250 0.211907 0.015000 0.018984
0 0.472813 0.211907 0.017250 0.020983
0 0.336250 0.209825 0.007500 0.015987
0 0.207187 0.208576 0.011250 0.012989
0 0.158438 0.211074 0.011250 0.018984
0 0.880313 0.226062 0.030750 0.058951
0 0.490938 0.210658 0.030750 0.021982
0 0.617500 0.204829 0.013500 0.009992
0 0.315312 0.209409 0.015750 0.020983
0 0.639687 0.206078 0.008250 0.014988
0 0.396250 0.206911 0.006000 0.016986
0 0.262813 0.205662 0.009750 0.013988
0 0.986125 0.216486 0.027750 0.041965
0 0.976875 0.205662 0.010500 0.017985
0 0.653125 0.212323 0.022500 0.033972
0 0.233750 0.203164 0.007500 0.011990
0 0.348750 0.209409 0.022500 0.032973
0 0.460625 0.233972 0.045000 0.093922
0 0.370000 0.205246 0.025500 0.024979
0 0.582187 0.201915 0.005250 0.018984
0 0.965000 0.208993 0.016500 0.037968
0 0.617188 0.196503 0.015750 0.007993
0 0.557187 0.201499 0.012750 0.019983
0 0.388125 0.199833 0.010500 0.015987
0 0.212812 0.198168 0.015750 0.011990
0 0.453437 0.197752 0.011250 0.012989
0 0.273438 0.200250 0.009750 0.020983
0 0.570937 0.201499 0.017250 0.025978
0 0.767188 0.196919 0.023250 0.018984
0 0.084062 0.199417 0.017250 0.024979
0 0.315937 0.199833 0.023250 0.027977
0 0.146875 0.197336 0.018000 0.021982
0 0.545312 0.198168 0.009750 0.025978
0 0.908125 0.205246 0.034500 0.044963
0 0.896563 0.191507 0.009750 0.011990
0 0.501875 0.193172 0.016500 0.019983
0 0.264688 0.193589 0.020250 0.022981
0 0.208437 0.193589 0.021750 0.022981
0 0.184375 0.190674 0.012000 0.017985
0 0.193125 0.203164 0.018000 0.051957
0 0.432500 0.195670 0.039000 0.039967
0 0.336875 0.187344 0.027000 0.021982
0 0.535000 0.255204 0.072000 0.186844
0 0.367812 0.187344 0.042750 0.025978
0 0.015625 0.179850 0.010500 0.007993
0 0.877812 0.192340 0.035250 0.041965
0 0.452188 0.182764 0.017250 0.020983
0 0.245312 0.184430 0.024750 0.024979
0 0.075000 0.180266 0.009000 0.014988
0 0.626875 0.187344 0.048000 0.033972
0 0.536563 0.180266 0.011250 0.016986
0 0.324062 0.190258 0.023250 0.040966
0 0.210000 0.178185 0.010500 0.013988
0 0.987250 0.187344 0.025500 0.037968
0 0.428750 0.175271 0.009000 0.010991
0 0.191562 0.172773 0.009750 0.010991
0 0.167813 0.207744 0.048750 0.100916
0 0.465938 0.177352 0.029250 0.031973
0 0.245312 0.168609 0.012750 0.010991
0 0.098750 0.172356 0.013500 0.021982
0 0.539687 0.170691 0.014250 0.019983
0 0.260937 0.171940 0.024750 0.024979
0 0.730313 0.166528 0.011250 0.013988
0 0.314688 0.173189 0.021750 0.031973
0 0.185312 0.166944 0.026250 0.018984
0 0.058125 0.183597 0.048000 0.058951
0 0.524375 0.169442 0.015000 0.026978
0 0.138437 0.164446 0.008250 0.016986
0 0.044625 0.214821 0.089250 0.137885
0 0.634375 0.162781 0.007500 0.018984
0 0.418750 0.189009 0.033000 0.083930
0 0.531250 0.159867 0.006000 0.015987
0 0.550625 0.159034 0.010500 0.017985
0 0.667813 0.159450 0.008250 0.020983
0 0.081875 0.156536 0.013500 0.015987
0 0.658750 0.171107 0.025500 0.056953
0 0.058438 0.153206 0.011250 0.013988
0 0.689688 0.150291 0.018750 0.010991
0 0.294687 0.174022 0.029250 0.067943
0 0.038437 0.148210 0.011250 0.007993
0 0.722187 0.151957 0.008250 0.018984
0 0.260313 0.151957 0.014250 0.022981
0 0.065625 0.154455 0.012000 0.028976
0 0.355625 0.146961 0.006000 0.012989
0 0.179063 0.153622 0.024750 0.028976
0 0.326250 0.161532 0.043500 0.049958
0 0.727812 0.148626 0.009750 0.022981
0 0.767188 0.183181 0.084750 0.111907
0 0.446250 0.160699 0.028500 0.057952
0 0.231875 0.144047 0.012000 0.019983
0 0.279062 0.170275 0.036750 0.084929
0 0.612187 0.157785 0.051750 0.056953
0 0.468125 0.138634 0.010500 0.010991
0 0.097812 0.141132 0.008250 0.016986
0 0.177187 0.140716 0.008250 0.017985
0 0.053437 0.141132 0.018750 0.018984
0 0.262188 0.137802 0.017250 0.014988
0 0.074688 0.147377 0.020250 0.037968
0 0.487187 0.166112 0.075750 0.086928
0 0.320625 0.139051 0.022500 0.021982
0 0.118750 0.226062 0.096000 0.230808
0 0.616250 0.138218 0.021000 0.023980
0 0.245000 0.145712 0.025500 0.041965
0 0.210625 0.132806 0.009000 0.012989
0 0.751250 0.131141 0.012000 0.010991
0 0.875000 0.132806 0.016500 0.018984
0 0.090625 0.134055 0.028500 0.021982
0 0.275313 0.129892 0.009750 0.013988
0 0.287187 0.132806 0.015750 0.022981
0 0.507188 0.129059 0.015750 0.015987
0 0.431563 0.148210 0.035250 0.061948
0 0.347813 0.142798 0.017250 0.048959
0 0.160312 0.144463 0.030750 0.052956
0 0.824688 0.126978 0.005250 0.012989
0 0.074375 0.125729 0.009000 0.011990
0 0.063750 0.131557 0.019500 0.027977
0 0.161562 0.124896 0.012750 0.017985
0 0.700625 0.130724 0.016500 0.033972
0 0.496875 0.124896 0.015000 0.019983
0 0.316563 0.123231 0.012750 0.015987
0 0.862187 0.121982 0.009750 0.016986
0 0.713750 0.124896 0.022500 0.025978
0 0.450937 0.131973 0.011250 0.042964
0 0.247188 0.118651 0.011250 0.010991
0 0.440000 0.116986 0.015000 0.008993
0 0.174375 0.125312 0.025500 0.028976
0 0.263750 0.120316 0.028500 0.018984
0 0.214688 0.166112 0.059250 0.130891
0 0.283125 0.119067 0.015000 0.019983
0 0.111562 0.136969 0.054750 0.066944
0 0.670000 0.114072 0.013500 0.013988
0 0.156250 0.117402 0.018000 0.021982
0 0.140000 0.123647 0.022500 0.038968
0 0.098437 0.119067 0.026250 0.029975
0 0.910000 0.107827 0.010500 0.010991
0 0.333437 0.125729 0.024750 0.057952
0 0.080000 0.106578 0.015000 0.011990
0 0.317812 0.108243 0.017250 0.017985
0 0.265937 0.108659 0.015750 0.018984
0 0.475938 0.117402 0.042750 0.041965
0 0.995125 0.107410 0.009750 0.019983
0 0.236875 0.117818 0.016500 0.044963
0 0.726562 0.124063 0.051750 0.061948
0 0.355000 0.109492 0.019500 0.028976
0 0.198437 0.105745 0.011250 0.019983
0 0.877812 0.101166 0.006750 0.012989
0 0.201563 0.115321 0.044250 0.048959
0 0.812187 0.099917 0.008250 0.013988
0 0.121250 0.102831 0.028500 0.020983
0 0.708750 0.098668 0.010500 0.016986
0 0.435000 0.101582 0.024000 0.023980
0 0.660937 0.094088 0.008250 0.007993
0 0.859688 0.099917 0.015750 0.023980
0 0.154062 0.097002 0.006750 0.016986
0 0.310000 0.095754 0.013500 0.015987
0 0.293438 0.116153 0.047250 0.068943
0 0.141250 0.097419 0.027000 0.029975
0 0.160938 0.087427 0.008250 0.009992
0 0.529687 0.088676 0.009750 0.014988
0 0.481875 0.094505 0.019500 0.030974
0 0.370000 0.107827 0.037500 0.062948
0 0.145937 0.088260 0.009750 0.015987
0 0.454688 0.099500 0.021750 0.044963
0 0.180312 0.095754 0.033750 0.035970
0 0.955625 0.085762 0.010500 0.013988
0 0.721562 0.092007 0.020250 0.028976
0 0.345625 0.097419 0.043500 0.041965
0 0.121875 0.085762 0.010500 0.013988
0 0.009375 0.097002 0.018750 0.048959
0 0.856250 0.082015 0.006000 0.014988
0 0.312500 0.081599 0.010500 0.013988
0 0.930625 0.082431 0.018000 0.017985
0 0.159375 0.078684 0.013500 0.008993
0 0.589688 0.079101 0.009750 0.011990
0 0.499375 0.081599 0.018000 0.017985
0 0.254688 0.080766 0.012750 0.015987
0 0.965625 0.084097 0.013500 0.025978
0 0.237813 0.079101 0.009750 0.013988
0 0.897500 0.080766 0.016500 0.019983
0 0.385313 0.151540 0.105750 0.189842
0 0.467813 0.077852 0.011250 0.014988
0 0.355312 0.079933 0.021750 0.019983
0 0.981250 0.075770 0.018000 0.015987
0 0.385313 0.078268 0.020250 0.021982
0 0.150938 0.073689 0.020250 0.012989
0 0.905312 0.077019 0.009750 0.022981
0 0.642188 0.086178 0.032250 0.044963
0 0.926875 0.074938 0.018000 0.019983
0 0.830937 0.078268 0.020250 0.029975
0 0.817813 0.084097 0.033750 0.043963
0 0.403125 0.075770 0.025500 0.023980
0 0.139375 0.070358 0.012000 0.010991
0 0.096562 0.094921 0.047250 0.069942
0 0.007812 0.072856 0.012750 0.016986
0 0.658750 0.069942 0.010500 0.019983
0 0.253125 0.069525 0.013500 0.018984
0 0.220625 0.080350 0.048000 0.046961
0 0.124688 0.072023 0.020250 0.026978
0 0.938750 0.065362 0.009000 0.014988
0 0.438437 0.076603 0.047250 0.047960
0 0.268437 0.086178 0.068250 0.070941
0 0.405313 0.063697 0.011250 0.020983
0 0.796875 0.061615 0.015000 0.017985
0 0.840625 0.056619 0.010500 0.007993
0 0.575000 0.058285 0.010500 0.015987
0 0.226250 0.062864 0.025500 0.026978
0 0.277187 0.055787 0.009750 0.011990
0 0.806875 0.057036 0.009000 0.018984
0 0.547188 0.059950 0.011250 0.025978
0 0.540625 0.054954 0.015000 0.015987
0 0.388437 0.058285 0.006750 0.023980
0 0.702812 0.051624 0.009750 0.011990
0 0.579688 0.052873 0.009750 0.016986
0 0.170000 0.070774 0.076500 0.061948
0 0.970000 0.053705 0.015000 0.026978
0 0.049375 0.052873 0.019500 0.024979
0 0.517500 0.048293 0.007500 0.015987
0 0.624062 0.046628 0.006750 0.013988
0 0.360312 0.044130 0.009750 0.013988
0 0.168750 0.044130 0.007500 0.013988
0 0.296250 0.062448 0.043500 0.059950
0 0.977812 0.040383 0.006750 0.014988
0 0.303750 0.037885 0.010500 0.008993
0 0.405313 0.043297 0.008250 0.023980
0 0.982000 0.051624 0.036000 0.047960
0 0.443750 0.046628 0.036000 0.039967
0 0.571562 0.060366 0.023250 0.074938
0 0.505625 0.034971 0.019500 0.013988
0 0.200313 0.051624 0.032250 0.053955
0 0.865625 0.045795 0.021000 0.041965
0 0.015750 0.048709 0.031500 0.050958
0 0.688750 0.077852 0.072000 0.126894
0 0.559375 0.037052 0.012000 0.030974
0 0.394688 0.031224 0.011250 0.016986
0 0.890938 0.038301 0.027750 0.035970
0 0.632500 0.142881 0.339000 0.285762
0 0.537813 0.038718 0.041250 0.038968
0 0.506875 0.054954 0.094500 0.077935
0 0.199687 0.027893 0.008250 0.012989
0 0.659062 0.025396 0.014250 0.008993
0 0.607500 0.024563 0.010500 0.012989
0 0.667813 0.024563 0.008250 0.014988
0 0.276875 0.033722 0.016500 0.036969
0 0.817813 0.024563 0.012750 0.016986
0 0.353125 0.023314 0.015000 0.013988
0 0.191250 0.023730 0.007500 0.016986
0 0.286562 0.018734 0.008250 0.010991
0 0.166875 0.036220 0.045000 0.054954
0 0.677500 0.018318 0.018000 0.015987
0 0.240625 0.036636 0.076500 0.063947
0 0.005938 0.017902 0.009750 0.018984
0 0.415938 0.017485 0.014250 0.025978
0 0.527813 0.015820 0.026250 0.023980
0 0.484375 0.015404 0.027000 0.022981
0 0.371563 0.043963 0.069750 0.087927
0 0.330625 0.018734 0.015000 0.030974
0 0.841875 0.008743 0.012000 0.010991
0 0.262500 0.008743 0.007500 0.012989
0 0.989500 0.020983 0.021000 0.041965
0 0.224375 0.008743 0.018000 0.016986
0 0.021562 0.019484 0.033750 0.038968
0 0.985625 0.005495 0.010500 0.010991
0 0.968125 0.027477 0.043500 0.054954
0 0.927188 0.050958 0.101250 0.101915
0 0.755000 0.006495 0.010500 0.012989
0 0.715000 0.005995 0.019500 0.011990
0 0.808750 0.319734 0.382500 0.639467
0 0.676562 0.005995 0.009750 0.011990
0 0.639062 0.040966 0.072750 0.081932
0 0.607187 0.015487 0.053250 0.030974
0 0.595625 0.005995 0.009000 0.011990
0 0.575625 0.012490 0.024000 0.024979
0 0.551875 0.014488 0.024000 0.028976
0 0.532188 0.007993 0.020250 0.015987
0 0.506563 0.023480 0.036750 0.046961
0 0.472813 0.012490 0.024750 0.024979
0 0.459688 0.029475 0.057750 0.058951
0 0.424687 0.044963 0.053250 0.089925
0 0.409062 0.011990 0.011250 0.023980
0 0.403125 0.004996 0.010500 0.009992
0 0.388125 0.017985 0.034500 0.035970
0 0.351562 0.015487 0.030750 0.030974
0 0.319688 0.055454 0.072750 0.110908
0 0.254063 0.003997 0.014250 0.007993
0 0.239375 0.009992 0.018000 0.019983
0 0.200000 0.013988 0.031500 0.027977
0 0.171563 0.007993 0.012750 0.015987
0 0.119063 0.025978 0.039750 0.051957
0 0.100875 0.106911 0.201750 0.213822
