0 0.560156 0.918229 0.037500 0.036250
0 0.330078 0.914583 0.038437 0.040000
0 0.090937 0.927500 0.181875 0.145000
0 0.460547 0.887500 0.017813 0.032500
0 0.612500 0.892708 0.026250 0.047500
0 0.456250 0.878125 0.024375 0.045000
0 0.675391 0.867708 0.025312 0.047500
0 0.620313 0.852604 0.022500 0.018750
0 0.575781 0.855729 0.037500 0.033750
0 0.580078 0.845313 0.017813 0.018750
0 0.655469 0.852083 0.033750 0.040000
0 0.616406 0.834375 0.020625 0.022500
0 0.672266 0.820833 0.036562 0.025000
0 0.531250 0.822917 0.058125 0.052500
0 0.608984 0.832812 0.044062 0.086250
0 0.643750 0.817708 0.030000 0.065000
0 0.524609 0.802604 0.021562 0.028750
0 0.677734 0.798438 0.015938 0.021250
0 0.510547 0.791667 0.012188 0.025000
0 0.588672 0.810937 0.074063 0.076250
0 0.535156 0.782292 0.016875 0.010000
0 0.698828 0.791667 0.023438 0.037500
0 0.364063 0.805208 0.048750 0.070000
0 0.480859 0.798438 0.060937 0.061250
0 0.639062 0.781250 0.024375 0.037500
0 0.558984 0.781250 0.042188 0.042500
0 0.494141 0.768750 0.014063 0.037500
0 0.722656 0.762500 0.033750 0.047500
0 0.634375 0.752604 0.050625 0.031250
0 0.679688 0.761979 0.052500 0.058750
0 0.435156 0.745313 0.037500 0.026250
0 0.537891 0.755208 0.068437 0.052500
0 0.292969 0.751563 0.030000 0.048750
0 0.249609 0.746354 0.040313 0.038750
0 0.473047 0.748958 0.036562 0.050000
0 0.586719 0.745833 0.046875 0.075000
0 0.487109 0.733333 0.015938 0.047500
0 0.655859 0.727083 0.027187 0.040000
0 0.529687 0.711458 0.015000 0.012500
0 0.552734 0.721875 0.034687 0.045000
0 0.492188 0.704167 0.020625 0.012500
0 0.648438 0.701562 0.015000 0.013750
0 0.513672 0.713021 0.025312 0.041250
0 0.737109 0.711458 0.040313 0.050000
0 0.613281 0.722917 0.067500 0.080000
0 0.628516 0.693229 0.027187 0.038750
0 0.562891 0.686979 0.017813 0.033750
0 0.397266 0.677604 0.014063 0.013750
0 0.461719 0.675521 0.007500 0.021250
0 0.582812 0.688021 0.024375 0.056250
0 0.770312 0.677604 0.037500 0.048750
0 0.566797 0.664583 0.010312 0.017500
0 0.728125 0.662500 0.016875 0.022500
0 0.473438 0.658333 0.026250 0.020000
0 0.477344 0.700000 0.101250 0.125000
0 0.600391 0.661458 0.032813 0.040000
0 0.535547 0.676042 0.030937 0.082500
0 0.587891 0.645312 0.014063 0.016250
0 0.465625 0.649479 0.031875 0.033750
0 0.629687 0.646354 0.016875 0.031250
0 0.397266 0.638542 0.012188 0.012500
0 0.376953 0.667708 0.051562 0.092500
0 0.731641 0.683854 0.137813 0.146250
0 0.536719 0.630729 0.007500 0.023750
0 0.571094 0.652083 0.071250 0.077500
0 0.343750 0.632292 0.028125 0.047500
0 0.664062 0.660937 0.054375 0.126250
0 0.543359 0.620833 0.023438 0.037500
0 0.505078 0.627083 0.055313 0.062500
0 0.337500 0.613021 0.015000 0.031250
0 0.345703 0.602604 0.012188 0.018750
0 0.679688 0.600521 0.007500 0.016250
0 0.580859 0.606771 0.036562 0.031250
0 0.492188 0.605729 0.031875 0.031250
0 0.789453 0.606771 0.025312 0.041250
0 0.729688 0.618229 0.097500 0.081250
0 0.648438 0.611458 0.031875 0.085000
0 0.426172 0.674479 0.070312 0.236250
0 0.517578 0.576562 0.015938 0.016250
0 0.319922 0.608854 0.038437 0.093750
0 0.305078 0.579688 0.029062 0.026250
0 0.571094 0.591667 0.048750 0.065000
0 0.714063 0.577083 0.016875 0.032500
0 0.698438 0.568229 0.022500 0.013750
0 0.516406 0.585938 0.060000 0.061250
0 0.512500 0.562500 0.013125 0.015000
0 0.751172 0.574479 0.032813 0.058750
0 0.346094 0.570312 0.022500 0.053750
0 0.779687 0.567187 0.031875 0.048750
0 0.437109 0.570312 0.025312 0.056250
0 0.525781 0.552604 0.013125 0.021250
0 0.662500 0.551042 0.024375 0.020000
0 0.321094 0.556250 0.039375 0.032500
0 0.407813 0.558333 0.037500 0.045000
0 0.767578 0.543750 0.012188 0.012500
0 0.848828 0.552083 0.034687 0.035000
0 0.377344 0.575000 0.048750 0.095000
0 0.283594 0.566667 0.050625 0.075000
0 0.685937 0.561979 0.037500 0.068750
0 0.546094 0.564063 0.028125 0.073750
0 0.509375 0.542188 0.020625 0.031250
0 0.406641 0.539062 0.021562 0.031250
0 0.610156 0.529687 0.018750 0.016250
0 0.438672 0.534375 0.014063 0.027500
0 0.799609 0.538542 0.034687 0.040000
0 0.460156 0.557813 0.039375 0.111250
0 0.619922 0.554688 0.060937 0.106250
0 0.727344 0.535937 0.069375 0.063750
0 0.376172 0.526042 0.029062 0.040000
0 0.508594 0.517188 0.009375 0.021250
0 0.314063 0.521875 0.039375 0.040000
0 0.753516 0.532292 0.044062 0.070000
0 0.525391 0.521875 0.021562 0.045000
0 0.707031 0.515625 0.020625 0.032500
0 0.684375 0.515625 0.028125 0.032500
0 0.476562 0.555729 0.061875 0.131250
0 0.585547 0.530729 0.045937 0.078750
0 0.393359 0.506250 0.015938 0.020000
0 0.530469 0.512500 0.018750 0.037500
0 0.410547 0.510417 0.025312 0.037500
0 0.734375 0.498958 0.016875 0.022500
0 0.355078 0.516146 0.060937 0.071250
0 0.272656 0.521354 0.048750 0.083750
0 0.632422 0.564583 0.090937 0.192500
0 0.389844 0.486458 0.015000 0.017500
0 0.774219 0.497396 0.060000 0.046250
0 0.437109 0.500000 0.032813 0.052500
0 0.473438 0.485938 0.035625 0.021250
0 0.627344 0.482812 0.022500 0.018750
0 0.320703 0.494271 0.030937 0.048750
0 0.410938 0.479687 0.018750 0.028750
0 0.847656 0.484375 0.065625 0.052500
0 0.739844 0.474479 0.028125 0.028750
0 0.695703 0.481250 0.027187 0.050000
0 0.602344 0.490625 0.071250 0.077500
0 0.764844 0.473438 0.031875 0.038750
0 0.563281 0.473438 0.024375 0.038750
0 0.432812 0.463021 0.028125 0.021250
0 0.647266 0.479687 0.036562 0.068750
0 0.380859 0.463542 0.014063 0.032500
0 0.367578 0.458854 0.019688 0.023750
0 0.345313 0.479687 0.031875 0.076250
0 0.491406 0.464583 0.020625 0.042500
0 0.617188 0.458333 0.022500 0.035000
0 0.642578 0.452604 0.019688 0.028750
0 0.627734 0.444792 0.015938 0.012500
0 0.472266 0.456771 0.030937 0.046250
0 0.308984 0.460417 0.053437 0.055000
0 0.702734 0.447917 0.017813 0.035000
0 0.274609 0.454688 0.025312 0.053750
0 0.640625 0.435417 0.015000 0.015000
0 0.456641 0.445312 0.032813 0.038750
0 0.503125 0.438021 0.011250 0.023750
0 0.690625 0.441146 0.011250 0.033750
0 0.673828 0.442708 0.021562 0.042500
0 0.431641 0.432812 0.015938 0.026250
0 0.356250 0.437500 0.022500 0.037500
0 0.316406 0.433333 0.015000 0.027500
0 0.518750 0.423958 0.018750 0.022500
0 0.636328 0.418229 0.019688 0.018750
0 0.325781 0.418229 0.013125 0.018750
0 0.680078 0.407292 0.021562 0.010000
0 0.545703 0.453125 0.124687 0.122500
0 0.716406 0.423958 0.058125 0.057500
0 0.505859 0.413542 0.032813 0.040000
0 0.347656 0.408333 0.035625 0.032500
0 0.262891 0.407292 0.042188 0.037500
0 0.306250 0.410938 0.035625 0.053750
0 0.713281 0.390625 0.011250 0.017500
0 0.619531 0.411979 0.050625 0.068750
0 0.283984 0.396875 0.021562 0.032500
0 0.479687 0.395313 0.028125 0.031250
0 0.772266 0.402604 0.060937 0.063750
0 0.528906 0.403646 0.050625 0.066250
0 0.421484 0.385937 0.015938 0.026250
0 0.485156 0.380729 0.011250 0.028750
0 0.600781 0.375521 0.015000 0.028750
0 0.827969 0.616875 0.344062 0.766250
0 0.648047 0.380208 0.027187 0.045000
0 0.564453 0.383854 0.036562 0.053750
0 0.330469 0.380729 0.018750 0.046250
0 0.732812 0.381250 0.028125 0.050000
0 0.390625 0.411979 0.075000 0.131250
0 0.300391 0.368750 0.040313 0.040000
0 0.269922 0.365625 0.017813 0.032500
0 0.664062 0.398438 0.046875 0.116250
0 0.379688 0.363542 0.030000 0.035000
0 0.706641 0.371354 0.049687 0.066250
0 0.618750 0.359896 0.020625 0.043750
0 0.285156 0.348958 0.018750 0.017500
0 0.540625 0.356771 0.016875 0.051250
0 0.690234 0.348438 0.036562 0.036250
0 0.499219 0.347917 0.018750 0.035000
0 0.469531 0.356250 0.016875 0.057500
0 0.413672 0.341667 0.008437 0.022500
0 0.585938 0.338021 0.009375 0.016250
0 0.321875 0.344792 0.041250 0.032500
0 0.403125 0.348438 0.022500 0.043750
0 0.525391 0.345833 0.025312 0.040000
0 0.368359 0.341667 0.015938 0.030000
0 0.644531 0.342708 0.033750 0.037500
0 0.752344 0.348958 0.052500 0.055000
0 0.663672 0.331250 0.010312 0.022500
0 0.484375 0.330208 0.013125 0.022500
0 0.557422 0.340625 0.021562 0.052500
0 0.410547 0.321354 0.025312 0.016250
0 0.622266 0.323437 0.010312 0.023750
0 0.578906 0.336979 0.022500 0.058750
0 0.251953 0.347917 0.051562 0.085000
0 0.287500 0.330208 0.028125 0.045000
0 0.446875 0.372396 0.075000 0.153750
0 0.597656 0.326042 0.016875 0.047500
0 0.352344 0.348958 0.033750 0.102500
0 0.330859 0.320312 0.010312 0.036250
0 0.689453 0.320312 0.066562 0.041250
0 0.238672 0.322396 0.027187 0.053750
0 0.525391 0.310937 0.025312 0.036250
0 0.542578 0.300000 0.010312 0.015000
0 0.385156 0.317708 0.016875 0.062500
0 0.560156 0.304167 0.026250 0.032500
0 0.369531 0.297917 0.024375 0.017500
0 0.265234 0.297917 0.021562 0.035000
0 0.577734 0.294271 0.021562 0.033750
0 0.612500 0.291667 0.018750 0.032500
0 0.354687 0.290625 0.033750 0.032500
0 0.419141 0.287500 0.017813 0.030000
0 0.283594 0.282292 0.018750 0.017500
0 0.685937 0.285938 0.035625 0.033750
0 0.445312 0.291667 0.031875 0.050000
0 0.648047 0.296354 0.021562 0.066250
0 0.559766 0.280208 0.027187 0.030000
0 0.624219 0.278646 0.018750 0.033750
0 0.523438 0.281771 0.020625 0.041250
0 0.341406 0.271354 0.022500 0.036250
0 0.662500 0.278646 0.031875 0.056250
0 0.413281 0.264583 0.011250 0.022500
0 0.350781 0.261458 0.022500 0.032500
0 0.330859 0.256771 0.019688 0.023750
0 0.422656 0.253125 0.020625 0.017500
0 0.296875 0.261979 0.013125 0.043750
0 0.655078 0.255208 0.064687 0.032500
0 0.465234 0.253646 0.017813 0.028750
0 0.598047 0.271875 0.027187 0.077500
0 0.262500 0.257812 0.028125 0.053750
0 0.493750 0.289062 0.075000 0.131250
0 0.537109 0.246354 0.029062 0.051250
0 0.419141 0.234375 0.017813 0.032500
0 0.321484 0.275000 0.060937 0.130000
0 0.559766 0.241146 0.019688 0.051250
0 0.300781 0.229687 0.028125 0.036250
0 0.641406 0.228646 0.041250 0.036250
0 0.379688 0.251563 0.069375 0.091250
0 0.578906 0.245312 0.026250 0.078750
0 0.438672 0.240104 0.045937 0.088750
0 0.528906 0.216146 0.031875 0.038750
0 0.552734 0.209375 0.027187 0.025000
0 0.331250 0.206250 0.039375 0.032500
0 0.380078 0.201563 0.038437 0.023750
0 0.628516 0.199479 0.017813 0.031250
0 0.600781 0.205729 0.046875 0.053750
0 0.435547 0.186458 0.015938 0.012500
0 0.503906 0.212500 0.106875 0.077500
0 0.498437 0.182292 0.016875 0.010000
0 0.311719 0.186979 0.041250 0.036250
0 0.585938 0.182812 0.026250 0.028750
0 0.405469 0.190104 0.028125 0.066250
0 0.569141 0.186458 0.023438 0.067500
0 0.447656 0.184896 0.018750 0.068750
0 0.425391 0.165625 0.027187 0.037500
0 0.569531 0.157812 0.035625 0.028750
0 0.479687 0.176563 0.048750 0.073750
0 0.461719 0.157812 0.020625 0.033750
0 0.529687 0.158333 0.056250 0.062500
0 0.508203 0.129167 0.038437 0.030000
0 0.604688 0.114062 0.041250 0.036250
0 0.461328 0.111979 0.030937 0.048750
0 0.448437 0.051042 0.024375 0.052500
0 0.396875 0.037500 0.026250 0.050000
0 0.909062 0.072500 0.181875 0.145000
0 0.172031 0.383125 0.344062 0.766250
