0 0.685000 0.991000 0.048000 0.018000
0 0.437500 0.986500 0.054000 0.027000
0 0.510000 0.977500 0.096000 0.045000
0 0.663750 0.952500 0.099000 0.060000
0 0.920500 0.950500 0.159000 0.099000
0 0.281250 0.943750 0.099000 0.075000
0 0.578750 0.937000 0.129000 0.126000
0 0.962500 0.898750 0.075000 0.057000
0 0.801250 0.923500 0.213000 0.153000
0 0.615000 0.848750 0.030000 0.039000
0 0.641250 0.858750 0.081000 0.093000
0 0.932500 0.836250 0.084000 0.081000
0 0.528750 0.818750 0.099000 0.093000
0 0.531250 0.870000 0.279000 0.222000
0 0.696250 0.767500 0.147000 0.096000
0 0.806500 0.823750 0.387000 0.249000
0 0.546250 0.728750 0.099000 0.087000
0 0.702500 0.705000 0.048000 0.036000
0 0.935000 0.696250 0.036000 0.027000
0 0.507500 0.706250 0.054000 0.099000
0 0.907500 0.673750 0.036000 0.033000
0 0.093750 0.698750 0.069000 0.117000
0 0.778750 0.741250 0.129000 0.225000
0 0.976000 0.660000 0.048000 0.084000
0 0.866250 0.706250 0.081000 0.195000
0 0.630000 0.708750 0.270000 0.207000
0 0.950500 0.622500 0.099000 0.084000
0 0.321250 0.633750 0.129000 0.129000
0 0.743750 0.577500 0.045000 0.024000
0 0.590000 0.558750 0.018000 0.045000
0 0.547500 0.615000 0.294000 0.198000
0 0.673750 0.473750 0.027000 0.045000
0 0.683750 0.432500 0.039000 0.048000
0 0.794500 0.515000 0.411000 0.336000
0 0.360000 0.417500 0.084000 0.102000
0 0.600000 0.470000 0.186000 0.246000
0 0.265000 0.376250 0.090000 0.087000
0 0.983500 0.320000 0.033000 0.054000
0 0.591250 0.327500 0.057000 0.102000
0 0.660000 0.313750 0.126000 0.093000
0 0.775000 0.125000 0.102000 0.084000
0 0.705000 0.151250 0.090000 0.177000
0 0.936250 0.100000 0.033000 0.060000
0 0.758500 0.247500 0.483000 0.495000
0 0.865000 0.046500 0.096000 0.093000
