0 0.950937 0.996003 0.009750 0.007993
0 0.738750 0.995504 0.009000 0.008993
0 0.164062 0.995004 0.011250 0.009992
0 0.082500 0.995004 0.009000 0.009992
0 0.992812 0.994505 0.008250 0.010991
0 0.974063 0.994005 0.006750 0.011990
0 0.417812 0.994172 0.009750 0.009992
0 0.920937 0.993006 0.014250 0.013988
0 0.841250 0.992506 0.006000 0.014988
0 0.238750 0.992007 0.015000 0.015987
0 0.754062 0.990508 0.014250 0.018984
0 0.741875 0.987927 0.012000 0.008993
0 0.470313 0.991257 0.008250 0.016986
0 0.448125 0.990508 0.009000 0.018984
0 0.994062 0.987094 0.011250 0.010991
0 0.351875 0.989509 0.018000 0.020983
0 0.263750 0.988343 0.007500 0.017985
0 0.710313 0.987510 0.038250 0.024979
0 0.621250 0.986261 0.019500 0.016986
0 0.516250 0.987510 0.012000 0.019983
0 0.238125 0.984180 0.012000 0.015987
0 0.654687 0.981266 0.009750 0.012989
0 0.484687 0.980433 0.012750 0.010991
0 0.372500 0.982515 0.013500 0.015987
0 0.674375 0.980849 0.015000 0.013988
0 0.546562 0.982515 0.018750 0.017985
0 0.384062 0.981682 0.011250 0.015987
0 0.631250 0.982098 0.012000 0.018984
0 0.600938 0.983347 0.009750 0.023980
0 0.120000 0.984013 0.039000 0.031973
0 0.409375 0.979184 0.013500 0.015987
0 0.571250 0.977935 0.010500 0.014988
0 0.298438 0.978351 0.009750 0.015987
0 0.256250 0.976686 0.016500 0.011990
0 0.070312 0.983014 0.020250 0.033972
0 0.317188 0.976686 0.015750 0.013988
0 0.867812 0.982015 0.021750 0.035970
0 0.269688 0.977519 0.009750 0.017985
0 0.096250 0.983014 0.024000 0.033972
0 0.886875 0.981515 0.024000 0.036969
0 0.231563 0.974604 0.009750 0.016986
0 0.459688 0.972939 0.020250 0.014988
0 0.338438 0.974604 0.006750 0.018984
0 0.308437 0.970025 0.009750 0.007993
0 0.026250 0.975437 0.012000 0.020983
0 0.855938 0.972523 0.009750 0.015987
0 0.981875 0.979017 0.016500 0.041965
0 0.787813 0.979017 0.041250 0.041965
0 0.664062 0.970858 0.011250 0.015987
0 0.635312 0.971690 0.012750 0.017985
0 0.545312 0.966278 0.015750 0.010991
0 0.439063 0.968360 0.020250 0.015987
0 0.683438 0.968360 0.008250 0.017985
0 0.217812 0.973356 0.017250 0.031973
0 0.073438 0.971274 0.018750 0.028976
0 0.727812 0.975021 0.029250 0.049958
0 0.467500 0.965029 0.015000 0.015987
0 0.255000 0.964613 0.016500 0.014988
0 0.945312 0.975520 0.083250 0.048959
0 0.498750 0.964197 0.009000 0.015987
0 0.509687 0.960866 0.009750 0.009992
0 0.487500 0.965862 0.010500 0.021982
0 0.555937 0.960866 0.014250 0.011990
0 0.448750 0.960033 0.015000 0.009992
0 0.344687 0.963780 0.008250 0.018984
0 0.329688 0.964613 0.014250 0.022981
0 0.966250 0.966694 0.024000 0.029975
0 0.206250 0.962531 0.009000 0.019983
0 0.034688 0.961282 0.021750 0.016986
0 0.849375 0.957952 0.013500 0.016986
0 0.686250 0.954621 0.015000 0.008993
0 0.982812 0.954205 0.021750 0.009992
0 0.626875 0.957535 0.019500 0.017985
0 0.272813 0.958784 0.024750 0.020983
0 0.095000 0.962115 0.031500 0.030974
0 0.529375 0.957952 0.007500 0.024979
0 0.491563 0.950874 0.011250 0.007993
0 0.517500 0.951707 0.013500 0.011990
0 0.643125 0.951707 0.013500 0.013988
0 0.590625 0.957119 0.018000 0.028976
0 0.869687 0.950874 0.006750 0.015987
0 0.310625 0.953789 0.013500 0.022981
0 0.224688 0.950042 0.017250 0.013988
0 0.271562 0.950458 0.009750 0.020983
0 0.406562 0.948376 0.005250 0.017985
0 0.930312 0.948793 0.015750 0.020983
0 0.619375 0.947127 0.015000 0.018984
0 0.320625 0.952956 0.019500 0.032973
0 0.919375 0.947544 0.010500 0.021982
0 0.651875 0.944629 0.012000 0.014988
0 0.722812 0.941715 0.009750 0.009992
0 0.392813 0.942548 0.008250 0.011990
0 0.881250 0.941299 0.018000 0.010991
0 0.209687 0.946295 0.015750 0.022981
0 0.473750 0.941299 0.015000 0.014988
0 0.336250 0.938385 0.013500 0.011990
0 0.065000 0.952123 0.018000 0.044963
0 0.985375 0.953372 0.029250 0.049958
0 0.484687 0.940050 0.009750 0.017985
0 0.294687 0.936719 0.015750 0.009992
0 0.006000 0.947544 0.012000 0.035970
0 0.605000 0.937552 0.012000 0.013988
0 0.565937 0.940883 0.021750 0.023980
0 0.459375 0.942132 0.015000 0.026978
0 0.225312 0.936719 0.011250 0.013988
0 0.583125 0.937968 0.012000 0.020983
0 0.945312 0.947960 0.029250 0.046961
0 0.626563 0.933805 0.009750 0.014988
0 0.248438 0.933805 0.015750 0.016986
0 0.091875 0.941299 0.043500 0.034971
0 0.678438 0.931307 0.011250 0.012989
0 0.375937 0.945046 0.024750 0.045962
0 0.361563 0.933805 0.012750 0.018984
0 0.725625 0.930058 0.012000 0.011990
0 0.293438 0.941715 0.039750 0.041965
0 0.345000 0.929226 0.012000 0.015987
0 0.238750 0.929642 0.007500 0.018984
0 0.594375 0.926728 0.012000 0.013988
0 0.231250 0.929226 0.009000 0.019983
0 0.198750 0.927977 0.015000 0.016986
0 0.454062 0.927144 0.027750 0.016986
0 0.262500 0.929642 0.016500 0.022981
0 0.953125 0.922565 0.009000 0.007993
0 0.360312 0.923397 0.009750 0.009992
0 0.373750 0.924230 0.016500 0.013988
0 0.221875 0.925479 0.007500 0.016986
0 0.336875 0.924646 0.012000 0.016986
0 0.315937 0.918818 0.009750 0.008993
0 0.749375 0.918818 0.012000 0.010991
0 0.407813 0.927977 0.023250 0.034971
0 0.682813 0.917985 0.012750 0.014988
0 0.840938 0.919650 0.021750 0.020983
0 0.652500 0.922565 0.016500 0.027977
0 0.527500 0.927977 0.022500 0.040966
0 0.556562 0.922981 0.012750 0.030974
0 0.503437 0.921316 0.026250 0.026978
0 0.062500 0.928393 0.019500 0.043963
0 0.699375 0.920067 0.027000 0.025978
0 0.487812 0.915487 0.008250 0.014988
0 0.329375 0.913405 0.013500 0.009992
0 0.252500 0.916320 0.010500 0.016986
0 0.974125 0.932140 0.051750 0.056953
0 0.611563 0.913822 0.020250 0.012989
0 0.662813 0.913822 0.008250 0.014988
0 0.443750 0.913405 0.012000 0.013988
0 0.381875 0.913405 0.016500 0.013988
0 0.467500 0.912989 0.010500 0.016986
0 0.302187 0.912573 0.014250 0.017985
0 0.403750 0.908410 0.010500 0.011990
0 0.278438 0.916320 0.026250 0.030974
0 0.259375 0.911740 0.018000 0.019983
0 0.640625 0.911324 0.016500 0.020983
0 0.619375 0.907161 0.010500 0.012989
0 0.479063 0.906328 0.011250 0.010991
0 0.217188 0.905912 0.011250 0.009992
0 0.038625 0.940550 0.077250 0.118901
0 0.817813 0.906744 0.015750 0.015987
0 0.701250 0.906328 0.012000 0.014988
0 0.522500 0.905495 0.007500 0.012989
0 0.413750 0.911740 0.010500 0.029975
0 0.189688 0.905079 0.006750 0.013988
0 0.013750 0.907161 0.013500 0.018984
0 0.640312 0.901749 0.009750 0.007993
0 0.589063 0.903830 0.012750 0.012989
0 0.547500 0.903414 0.016500 0.011990
0 0.792813 0.906744 0.014250 0.021982
0 0.328125 0.904246 0.013500 0.015987
0 0.695625 0.902581 0.009000 0.015987
0 0.534375 0.902165 0.009000 0.014988
0 0.392813 0.901749 0.015750 0.013988
0 0.369375 0.902998 0.013500 0.016986
0 0.170313 0.900500 0.011250 0.010991
0 0.922188 0.933805 0.044250 0.092923
0 0.799063 0.936553 0.146250 0.126894
0 0.571250 0.909242 0.022500 0.037968
0 0.377812 0.900916 0.015750 0.017985
0 0.871875 0.901332 0.016500 0.020983
0 0.179688 0.901332 0.006750 0.020983
0 0.966562 0.898418 0.011250 0.015987
0 0.462187 0.898418 0.008250 0.015987
0 0.648438 0.895920 0.006750 0.011990
0 0.598437 0.900083 0.015750 0.021982
0 0.061562 0.897169 0.009750 0.014988
0 0.630000 0.897169 0.006000 0.016986
0 0.004125 0.898418 0.008250 0.019983
0 0.308437 0.897585 0.009750 0.019983
0 0.975313 0.895087 0.012750 0.015987
0 0.811562 0.893006 0.014250 0.010991
0 0.425625 0.899251 0.021000 0.025978
0 0.321562 0.891757 0.015750 0.007993
0 0.473438 0.895504 0.017250 0.018984
0 0.547500 0.893006 0.013500 0.014988
0 0.295312 0.896336 0.017250 0.024979
0 0.793750 0.890924 0.012000 0.013988
0 0.955937 0.904246 0.039750 0.047960
0 0.041250 0.901749 0.046500 0.041965
0 0.019688 0.888426 0.012750 0.009992
0 0.150938 0.886761 0.014250 0.011990
0 0.452188 0.886345 0.006750 0.012989
0 0.029063 0.886345 0.008250 0.012989
0 0.703125 0.887177 0.010500 0.016986
0 0.689063 0.893838 0.018750 0.034971
0 0.579688 0.889259 0.009750 0.023980
0 0.989875 0.897585 0.020250 0.047960
0 0.512500 0.883430 0.010500 0.013988
0 0.239687 0.885512 0.008250 0.018984
0 0.871563 0.929559 0.111750 0.140883
0 0.632500 0.881765 0.019500 0.011990
0 0.503437 0.884679 0.011250 0.020983
0 0.447813 0.880100 0.008250 0.009992
0 0.254063 0.880933 0.006750 0.011990
0 0.157812 0.879684 0.008250 0.010991
0 0.469375 0.879684 0.010500 0.012989
0 0.382500 0.879267 0.012000 0.011990
0 0.208125 0.886345 0.018000 0.028976
0 0.278438 0.884263 0.015750 0.025978
0 0.226875 0.877186 0.012000 0.008993
0 0.184688 0.883847 0.012750 0.024979
0 0.426563 0.878435 0.011250 0.013988
0 0.076875 0.883847 0.025500 0.026978
0 0.764062 0.878435 0.012750 0.015987
0 0.721562 0.878018 0.009750 0.014988
0 0.702500 0.877186 0.009000 0.012989
0 0.559063 0.876353 0.009750 0.010991
0 0.371563 0.877186 0.011250 0.012989
0 0.517813 0.877602 0.015750 0.019983
0 0.833125 0.872606 0.013500 0.009992
0 0.577187 0.875937 0.005250 0.017985
0 0.548438 0.873439 0.009750 0.011990
0 0.319063 0.872190 0.012750 0.008993
0 0.295938 0.874688 0.006750 0.014988
0 0.686250 0.872606 0.015000 0.011990
0 0.645938 0.870525 0.011250 0.006994
0 0.310937 0.877186 0.008250 0.022981
0 0.881875 0.882598 0.039000 0.037968
0 0.669687 0.873439 0.012750 0.015987
0 0.530937 0.875104 0.017250 0.019983
0 0.408750 0.879267 0.046500 0.029975
0 0.627500 0.870525 0.010500 0.010991
0 0.346875 0.871357 0.013500 0.012989
0 0.481563 0.876353 0.018750 0.026978
0 0.168437 0.878018 0.012750 0.030974
0 0.448437 0.868443 0.006750 0.013988
0 0.394062 0.866778 0.006750 0.011990
0 0.326875 0.870525 0.013500 0.020983
0 0.219375 0.868443 0.022500 0.015987
0 0.103125 0.869276 0.025500 0.021982
0 0.299375 0.862614 0.007500 0.009992
0 0.277813 0.865529 0.011250 0.016986
0 0.022187 0.865529 0.011250 0.016986
0 0.010125 0.876353 0.020250 0.042964
0 0.508750 0.863863 0.009000 0.014988
0 0.484687 0.861366 0.011250 0.008993
0 0.551562 0.861366 0.008250 0.010991
0 0.081562 0.873022 0.053250 0.038968
0 0.523750 0.861366 0.012000 0.012989
0 0.340938 0.860949 0.012750 0.011990
0 0.385313 0.865112 0.012750 0.023980
0 0.648125 0.863863 0.019500 0.022981
0 0.676875 0.862198 0.010500 0.020983
0 0.357812 0.869692 0.012750 0.038968
0 0.266250 0.860117 0.015000 0.015987
0 0.164687 0.859700 0.017250 0.014988
0 0.618750 0.860533 0.012000 0.018984
0 0.606563 0.855953 0.009750 0.009992
0 0.455000 0.859284 0.016500 0.019983
0 0.440937 0.855537 0.009750 0.010991
0 0.665937 0.858035 0.012750 0.018984
0 0.436563 0.858035 0.015750 0.020983
0 0.224375 0.853039 0.010500 0.010991
0 0.244375 0.864696 0.022500 0.040966
0 0.731875 0.853039 0.009000 0.014988
0 0.199063 0.851790 0.009750 0.011990
0 0.911563 0.879684 0.051750 0.080933
0 0.766250 0.851790 0.013500 0.013988
0 0.568438 0.852623 0.017250 0.015987
0 0.327500 0.851374 0.016500 0.012989
0 0.041563 0.868859 0.056250 0.054954
0 0.343125 0.847627 0.007500 0.011990
0 0.491563 0.850125 0.021750 0.019983
0 0.405625 0.855953 0.030000 0.033972
0 0.125000 0.845962 0.010500 0.009992
0 0.935000 0.851790 0.028500 0.025978
0 0.160000 0.846794 0.015000 0.015987
0 0.051562 0.844713 0.006750 0.010991
0 0.680312 0.848043 0.008250 0.020983
0 0.643750 0.844713 0.016500 0.014988
0 0.371563 0.846378 0.017250 0.018984
0 0.267500 0.845129 0.009000 0.015987
0 0.317500 0.843047 0.012000 0.012989
0 0.602187 0.840550 0.015750 0.008993
0 0.220312 0.840966 0.009750 0.009992
0 0.414375 0.844713 0.010500 0.020983
0 0.525312 0.843880 0.009750 0.022981
0 0.690625 0.839717 0.007500 0.014988
0 0.465000 0.839717 0.012000 0.014988
0 0.234687 0.839717 0.009750 0.014988
0 0.828438 0.835137 0.011250 0.009992
0 0.647500 0.835970 0.010500 0.011990
0 0.566875 0.836803 0.013500 0.013988
0 0.506250 0.835970 0.015000 0.011990
0 0.634375 0.835970 0.010500 0.013988
0 0.450625 0.835554 0.009000 0.012989
0 0.218125 0.832223 0.010500 0.008993
0 0.003750 0.836803 0.007500 0.019983
0 0.588750 0.836386 0.012000 0.020983
0 0.198437 0.836803 0.012750 0.021982
0 0.484687 0.835554 0.015750 0.022981
0 0.351250 0.833056 0.018000 0.016986
0 0.262500 0.830974 0.013500 0.013988
0 0.273438 0.827644 0.017250 0.007993
0 0.605313 0.830974 0.017250 0.017985
0 0.120938 0.827644 0.009750 0.011990
0 0.694063 0.841799 0.024750 0.047960
0 0.439063 0.823897 0.009750 0.008993
0 0.395000 0.827644 0.018000 0.019983
0 0.562813 0.825562 0.005250 0.016986
0 0.528750 0.830558 0.015000 0.028976
0 0.428750 0.825978 0.009000 0.017985
0 0.107813 0.822231 0.011250 0.010991
0 0.357500 0.824313 0.012000 0.017985
0 0.127812 0.825978 0.014250 0.021982
0 0.736563 0.823897 0.015750 0.018984
0 0.298125 0.820566 0.010500 0.010991
0 0.653125 0.822648 0.009000 0.017985
0 0.476562 0.819734 0.006750 0.010991
0 0.230937 0.827644 0.014250 0.029975
0 0.307188 0.820983 0.008250 0.015987
0 0.724375 0.819317 0.018000 0.013988
0 0.060937 0.818485 0.017250 0.011990
0 0.220625 0.818485 0.007500 0.013988
0 0.212812 0.816819 0.009750 0.009992
0 0.467500 0.820150 0.012000 0.019983
0 0.116250 0.816819 0.009000 0.011990
0 0.850625 0.816403 0.010500 0.012989
0 0.273750 0.816403 0.013500 0.012989
0 0.500000 0.821815 0.013500 0.027977
0 0.049063 0.816819 0.015750 0.015987
0 0.684688 0.819734 0.014250 0.024979
0 0.378750 0.816819 0.012000 0.017985
0 0.179063 0.815987 0.011250 0.015987
0 0.664687 0.813489 0.009750 0.011990
0 0.407187 0.820983 0.017250 0.029975
0 0.156875 0.819317 0.028500 0.027977
0 0.958375 0.856786 0.083250 0.119900
0 0.345000 0.814321 0.016500 0.017985
0 0.793438 0.818068 0.015750 0.028976
0 0.510312 0.813489 0.012750 0.017985
0 0.579063 0.813072 0.012750 0.018984
0 0.559375 0.814321 0.021000 0.021982
0 0.481563 0.810575 0.014250 0.012989
0 0.950625 0.810991 0.010500 0.015987
0 0.605938 0.810158 0.009750 0.017985
0 0.590000 0.806828 0.012000 0.009992
0 0.321875 0.808077 0.018000 0.014988
0 0.638750 0.811407 0.016500 0.026978
0 0.739688 0.806828 0.017250 0.017985
0 0.648125 0.807244 0.006000 0.018984
0 0.033750 0.811407 0.015000 0.028976
0 0.693750 0.814738 0.027000 0.038968
0 0.520312 0.807244 0.021750 0.020983
0 0.496250 0.803081 0.013500 0.010991
0 0.295625 0.806411 0.007500 0.018984
0 0.924375 0.810991 0.030000 0.031973
0 0.427187 0.800999 0.014250 0.009992
0 0.019125 0.828893 0.038250 0.076936
0 0.675625 0.804330 0.015000 0.019983
0 0.603125 0.799750 0.007500 0.010991
0 0.669687 0.800583 0.009750 0.014988
0 0.592187 0.798085 0.012750 0.008993
0 0.449062 0.800583 0.012750 0.014988
0 0.272813 0.799334 0.011250 0.011990
0 0.172500 0.801415 0.010500 0.016986
0 0.732500 0.799334 0.010500 0.013988
0 0.620313 0.803081 0.009750 0.024979
0 0.059062 0.802664 0.023250 0.023980
0 0.706250 0.800999 0.013500 0.021982
0 0.657188 0.802248 0.014250 0.024979
0 0.361250 0.800167 0.009000 0.019983
0 0.235313 0.796836 0.014250 0.015987
0 0.539062 0.793922 0.012750 0.010991
0 0.282500 0.799750 0.007500 0.024979
0 0.530625 0.796420 0.006000 0.018984
0 0.467500 0.793089 0.007500 0.010991
0 0.485000 0.794754 0.013500 0.016986
0 0.185625 0.794338 0.025500 0.017985
0 0.390000 0.791424 0.010500 0.012989
0 0.336250 0.797669 0.025500 0.027977
0 0.432812 0.793922 0.014250 0.020983
0 0.623750 0.788093 0.010500 0.008993
0 0.406875 0.792673 0.009000 0.019983
0 0.032188 0.791007 0.014250 0.015987
0 0.246875 0.788093 0.010500 0.010991
0 0.004875 0.799750 0.009750 0.038968
0 0.601562 0.788093 0.017250 0.012989
0 0.454375 0.787261 0.015000 0.010991
0 0.374688 0.788510 0.014250 0.013988
0 0.352500 0.788093 0.015000 0.014988
0 0.147500 0.792256 0.013500 0.024979
0 0.207813 0.786012 0.009750 0.011990
0 0.098437 0.788510 0.018750 0.017985
0 0.011562 0.787677 0.011250 0.015987
0 0.262813 0.791424 0.017250 0.026978
0 0.510625 0.791007 0.007500 0.027977
0 0.198125 0.785595 0.006000 0.014988
0 0.378750 0.796420 0.019500 0.042964
0 0.227813 0.787261 0.009750 0.020983
0 0.743125 0.782265 0.016500 0.010991
0 0.493750 0.785179 0.010500 0.017985
0 0.607812 0.780600 0.012750 0.008993
0 0.296563 0.783930 0.008250 0.016986
0 0.111250 0.783930 0.007500 0.016986
0 0.440312 0.779351 0.015750 0.013988
0 0.275000 0.783097 0.013500 0.022981
0 0.179688 0.778518 0.011250 0.013988
0 0.675000 0.778102 0.010500 0.014988
0 0.575937 0.777685 0.011250 0.013988
0 0.596562 0.776436 0.017250 0.012989
0 0.144375 0.776853 0.009000 0.015987
0 0.992812 0.776436 0.008250 0.016986
0 0.747500 0.774355 0.007500 0.011990
0 0.637188 0.781016 0.021750 0.027977
0 0.350938 0.773522 0.015750 0.009992
0 0.420000 0.775604 0.019500 0.016986
0 0.307188 0.774355 0.014250 0.013988
0 0.155312 0.775604 0.012750 0.018984
0 0.450625 0.773106 0.007500 0.014988
0 0.760938 0.772273 0.005250 0.014988
0 0.693125 0.771440 0.006000 0.012989
0 0.686875 0.784346 0.019500 0.043963
0 0.431563 0.774355 0.011250 0.019983
0 0.261875 0.770608 0.018000 0.010991
0 0.925937 0.770192 0.011250 0.011990
0 0.608125 0.769775 0.012000 0.010991
0 0.738437 0.770608 0.006750 0.014988
0 0.716250 0.773938 0.016500 0.022981
0 0.622812 0.769775 0.012750 0.012989
0 0.519375 0.769775 0.013500 0.012989
0 0.480938 0.776853 0.015750 0.029975
0 0.507500 0.770192 0.009000 0.017985
0 0.377812 0.767277 0.009750 0.012989
0 0.176563 0.769359 0.009750 0.017985
0 0.909375 0.783514 0.049500 0.057952
0 0.303750 0.763114 0.013500 0.010991
0 0.206250 0.767694 0.009000 0.021982
0 0.656250 0.772273 0.021000 0.034971
0 0.547500 0.767694 0.012000 0.023980
0 0.467813 0.767277 0.018750 0.024979
0 0.196250 0.760616 0.010500 0.008993
0 0.577812 0.762281 0.011250 0.016986
0 0.314688 0.764363 0.014250 0.021982
0 0.726875 0.758951 0.010500 0.010991
0 0.484063 0.759367 0.014250 0.011990
0 0.959500 0.788926 0.081000 0.084929
0 0.745000 0.759784 0.009000 0.014988
0 0.393750 0.764363 0.015000 0.025978
0 0.267813 0.758535 0.011250 0.011990
0 0.099062 0.761032 0.021750 0.017985
0 0.901875 0.758951 0.019500 0.016986
0 0.363750 0.765196 0.022500 0.033972
0 0.237813 0.753955 0.017250 0.008993
0 0.227187 0.763947 0.018750 0.032973
0 0.586562 0.757286 0.009750 0.018984
0 0.622812 0.756869 0.024750 0.021982
0 0.328437 0.752290 0.008250 0.010991
0 0.917813 0.758535 0.008250 0.029975
0 0.502812 0.752290 0.014250 0.014988
0 0.165937 0.750208 0.008250 0.009992
0 0.454062 0.755204 0.017250 0.023980
0 0.674063 0.756037 0.014250 0.027977
0 0.485000 0.748543 0.012000 0.009992
0 0.195312 0.750208 0.026250 0.013988
0 0.179688 0.750208 0.006750 0.013988
0 0.142813 0.749792 0.014250 0.012989
0 0.605625 0.751041 0.015000 0.017985
0 0.735313 0.750624 0.012750 0.018984
0 0.411250 0.750208 0.019500 0.017985
0 0.536563 0.745212 0.011250 0.007993
0 0.389062 0.745629 0.008250 0.008993
0 0.292187 0.749792 0.024750 0.018984
0 0.272813 0.746461 0.009750 0.010991
0 0.198125 0.745212 0.015000 0.007993
0 0.350938 0.748543 0.006750 0.017985
0 0.830000 0.745212 0.009000 0.011990
0 0.152812 0.745629 0.011250 0.012989
0 0.641563 0.745629 0.021750 0.014988
0 0.426250 0.742714 0.013500 0.007993
0 0.720000 0.745212 0.021000 0.015987
0 0.895312 0.743131 0.009750 0.012989
0 0.886563 0.745629 0.018750 0.018984
0 0.747500 0.744380 0.024000 0.015987
0 0.575313 0.743547 0.011250 0.013988
0 0.551562 0.742714 0.012750 0.011990
0 0.091250 0.739384 0.007500 0.009992
0 0.234063 0.740633 0.015750 0.014988
0 0.398750 0.738551 0.009000 0.011990
0 0.254688 0.748127 0.018750 0.034971
0 0.660937 0.740216 0.009750 0.017985
0 0.496250 0.741049 0.012000 0.019983
0 0.379063 0.737719 0.009750 0.013988
0 0.906250 0.736886 0.019500 0.013988
0 0.541562 0.736886 0.008250 0.013988
0 0.300625 0.735221 0.012000 0.009992
0 0.220000 0.737302 0.012000 0.016986
0 0.179375 0.735221 0.013500 0.011990
0 0.767188 0.736053 0.020250 0.021982
0 0.580937 0.735221 0.009750 0.019983
0 0.512188 0.736886 0.020250 0.023980
0 0.553125 0.730641 0.015000 0.010991
0 0.740000 0.732306 0.009000 0.016986
0 0.424063 0.731474 0.018750 0.016986
0 0.755313 0.728976 0.012750 0.012989
0 0.407500 0.731890 0.012000 0.019983
0 0.369375 0.730641 0.019500 0.016986
0 0.350625 0.732306 0.010500 0.020983
0 0.732500 0.729392 0.010500 0.015987
0 0.420625 0.727311 0.007500 0.010991
0 0.262813 0.726894 0.011250 0.009992
0 0.125000 0.728976 0.021000 0.014988
0 0.202187 0.729808 0.015750 0.018984
0 0.933438 0.728560 0.020250 0.017985
0 0.388750 0.730641 0.012000 0.022981
0 0.332813 0.737302 0.012750 0.038968
0 0.466875 0.726894 0.012000 0.017985
0 0.666250 0.723147 0.010500 0.010991
0 0.635312 0.729808 0.024750 0.026978
0 0.529375 0.724813 0.016500 0.014988
0 0.493437 0.727311 0.012750 0.020983
0 0.175937 0.722315 0.011250 0.008993
0 0.777500 0.725645 0.007500 0.018984
0 0.476250 0.724813 0.007500 0.016986
0 0.784375 0.722315 0.007500 0.012989
0 0.413750 0.723147 0.009000 0.014988
0 0.236563 0.727727 0.023250 0.027977
0 0.561250 0.720233 0.007500 0.011990
0 0.094375 0.722315 0.007500 0.016986
0 0.609062 0.721066 0.014250 0.015987
0 0.522188 0.717735 0.008250 0.009992
0 0.743125 0.718984 0.009000 0.014988
0 0.684375 0.721482 0.019500 0.020983
0 0.007875 0.719817 0.015750 0.016986
0 0.424063 0.716903 0.017250 0.011990
0 0.111250 0.719817 0.009000 0.018984
0 0.858750 0.717319 0.010500 0.014988
0 0.185312 0.721482 0.011250 0.024979
0 0.168437 0.720233 0.014250 0.021982
0 0.365000 0.718984 0.018000 0.020983
0 0.200313 0.716486 0.015750 0.014988
0 0.926875 0.718568 0.021000 0.021982
0 0.534062 0.714821 0.008250 0.012989
0 0.455625 0.714405 0.006000 0.011990
0 0.782188 0.712323 0.008250 0.008993
0 0.132188 0.713988 0.009750 0.012989
0 0.086563 0.715654 0.011250 0.016986
0 0.891875 0.716903 0.010500 0.021982
0 0.499375 0.710658 0.010500 0.012989
0 0.790312 0.708993 0.008250 0.010991
0 0.655312 0.711074 0.008250 0.015987
0 0.615000 0.710658 0.007500 0.014988
0 0.044250 0.753539 0.088500 0.117902
0 0.620938 0.713572 0.009750 0.023980
0 0.046875 0.712739 0.027000 0.021982
0 0.349687 0.707744 0.009750 0.011990
0 0.341250 0.708576 0.009000 0.013988
0 0.267500 0.711074 0.006000 0.019983
0 0.256563 0.712323 0.015750 0.022981
0 0.765938 0.707744 0.018750 0.015987
0 0.320625 0.711074 0.025500 0.023980
0 0.208750 0.707744 0.016500 0.017985
0 0.185938 0.703997 0.009750 0.008993
0 0.634375 0.710241 0.021000 0.027977
0 0.258750 0.703164 0.010500 0.010991
0 0.972187 0.715654 0.044250 0.042964
0 0.276562 0.704829 0.006750 0.016986
0 0.711250 0.706911 0.022500 0.023980
0 0.606563 0.705246 0.008250 0.019983
0 0.466250 0.706078 0.012000 0.021982
0 0.294063 0.712323 0.020250 0.038968
0 0.243438 0.703997 0.011250 0.018984
0 0.994000 0.711490 0.012000 0.038968
0 0.855938 0.703580 0.011250 0.019983
0 0.483125 0.716903 0.022500 0.051957
0 0.430937 0.703997 0.024750 0.020983
0 0.094687 0.701499 0.011250 0.014988
0 0.666875 0.701082 0.007500 0.015987
0 0.749687 0.703164 0.011250 0.022981
0 0.592500 0.699833 0.015000 0.014988
0 0.386875 0.703997 0.019500 0.024979
0 0.793125 0.699833 0.009000 0.018984
0 0.496875 0.696919 0.012000 0.011990
0 0.415938 0.701915 0.017250 0.025978
0 0.981875 0.697336 0.007500 0.016986
0 0.783438 0.694838 0.009750 0.012989
0 0.719063 0.696087 0.011250 0.015987
0 0.399687 0.693589 0.012750 0.009992
0 0.685312 0.702331 0.033750 0.032973
0 0.305625 0.695254 0.009000 0.015987
0 0.195625 0.695254 0.013500 0.015987
0 0.174687 0.698585 0.017250 0.023980
0 0.516875 0.692756 0.007500 0.015987
0 0.458125 0.696503 0.015000 0.024979
0 0.371563 0.691091 0.009750 0.013988
0 0.344687 0.693172 0.011250 0.018984
0 0.058750 0.701082 0.028500 0.039967
0 0.168750 0.689425 0.009000 0.013988
0 0.115625 0.694421 0.016500 0.025978
0 0.491875 0.687760 0.019500 0.011990
0 0.235313 0.696087 0.015750 0.031973
0 0.576562 0.698585 0.021750 0.039967
0 0.155000 0.693589 0.010500 0.027977
0 0.680937 0.688177 0.009750 0.016986
0 0.610938 0.685262 0.009750 0.009992
0 0.382812 0.688593 0.012750 0.017985
0 0.335938 0.686095 0.012750 0.011990
0 0.254375 0.690674 0.018000 0.022981
0 0.795312 0.686095 0.006750 0.013988
0 0.467187 0.683597 0.012750 0.007993
0 0.198437 0.686511 0.008250 0.014988
0 0.703438 0.685262 0.015750 0.015987
0 0.139063 0.683181 0.009750 0.010991
0 0.092500 0.682348 0.018000 0.010991
0 0.747188 0.685262 0.009750 0.019983
0 0.732500 0.690674 0.024000 0.032973
0 0.117500 0.683181 0.012000 0.014988
0 0.981875 0.684430 0.018000 0.021982
0 0.243438 0.679850 0.009750 0.010991
0 0.219375 0.686511 0.021000 0.026978
0 0.420938 0.682348 0.009750 0.018984
0 0.129062 0.677769 0.014250 0.007993
0 0.786563 0.680266 0.011250 0.017985
0 0.445000 0.685262 0.012000 0.029975
0 0.535312 0.690258 0.024750 0.045962
0 0.118438 0.674022 0.011250 0.006994
0 0.971562 0.674438 0.006750 0.011990
0 0.350938 0.678601 0.012750 0.023980
0 0.907500 0.674022 0.006000 0.014988
0 0.902500 0.703580 0.060000 0.085928
0 0.618437 0.676103 0.027750 0.019983
0 0.344687 0.672356 0.012750 0.010991
0 0.328125 0.672356 0.010500 0.010991
0 0.208437 0.674022 0.012750 0.014988
0 0.136250 0.671524 0.019500 0.008993
0 0.483750 0.680266 0.018000 0.033972
0 0.810000 0.668609 0.012000 0.007993
0 0.269375 0.676520 0.010500 0.026978
0 0.083750 0.669858 0.010500 0.010991
0 0.574688 0.677352 0.018750 0.030974
0 0.434063 0.670275 0.006750 0.013988
0 0.399375 0.669858 0.010500 0.014988
0 0.317188 0.669026 0.008250 0.012989
0 0.553750 0.686928 0.028500 0.057952
0 0.106250 0.671940 0.009000 0.021982
0 0.760938 0.671107 0.009750 0.021982
0 0.679063 0.671940 0.015750 0.029975
0 0.163438 0.671524 0.024750 0.028976
0 0.897813 0.666112 0.015750 0.019983
0 0.510938 0.675687 0.017250 0.044963
0 0.469062 0.665695 0.030750 0.022981
0 0.089063 0.661948 0.009750 0.013988
0 0.636875 0.659867 0.010500 0.010991
0 0.415312 0.660283 0.012750 0.011990
0 0.101875 0.662365 0.006000 0.018984
0 0.789687 0.662781 0.017250 0.021982
0 0.734375 0.659450 0.010500 0.013988
0 0.281250 0.662365 0.027000 0.022981
0 0.237500 0.662781 0.012000 0.023980
0 0.648750 0.658201 0.013500 0.014988
0 0.343750 0.659034 0.007500 0.016986
0 0.254688 0.657369 0.008250 0.012989
0 0.617188 0.659867 0.012750 0.020983
0 0.155312 0.657785 0.008250 0.015987
0 0.709688 0.664030 0.020250 0.032973
0 0.447500 0.660699 0.010500 0.024979
0 0.501250 0.654871 0.015000 0.014988
0 0.274375 0.652373 0.010500 0.010991
0 0.354063 0.656953 0.012750 0.023980
0 0.588437 0.667777 0.015750 0.051957
0 0.488438 0.652789 0.011250 0.015987
0 0.326250 0.652789 0.013500 0.015987
0 0.236563 0.652373 0.008250 0.014988
0 0.778438 0.654038 0.008250 0.020983
0 0.457813 0.653206 0.008250 0.018984
0 0.380312 0.654871 0.012750 0.022981
0 0.245312 0.655287 0.006750 0.023980
0 0.982812 0.651957 0.012750 0.017985
0 0.576250 0.652789 0.007500 0.019983
0 0.420000 0.649459 0.010500 0.013988
0 0.039000 0.678185 0.078000 0.082931
0 0.660625 0.645712 0.015000 0.006994
0 0.821875 0.646128 0.010500 0.009992
0 0.263125 0.649042 0.010500 0.016986
0 0.090313 0.648626 0.012750 0.015987
0 0.307812 0.651540 0.027750 0.024979
0 0.688125 0.643214 0.010500 0.006994
0 0.514687 0.648210 0.012750 0.018984
0 0.398750 0.644879 0.006000 0.010991
0 0.287187 0.647377 0.018750 0.016986
0 0.023438 0.646961 0.011250 0.017985
0 0.715313 0.648210 0.015750 0.022981
0 0.745625 0.646128 0.012000 0.019983
0 0.606875 0.659450 0.027000 0.051957
0 0.508750 0.641549 0.012000 0.010991
0 0.390937 0.641965 0.009750 0.011990
0 0.677500 0.642381 0.009000 0.014988
0 0.783125 0.642381 0.012000 0.016986
0 0.526563 0.646545 0.009750 0.026978
0 0.358125 0.642798 0.007500 0.017985
0 0.017500 0.641132 0.013500 0.013988
0 0.802813 0.639051 0.008250 0.010991
0 0.461250 0.638634 0.007500 0.009992
0 0.039062 0.639467 0.015750 0.011990
0 0.704688 0.639883 0.014250 0.014988
0 0.107500 0.641132 0.010500 0.017985
0 0.543750 0.641965 0.015000 0.023980
0 0.163438 0.638634 0.011250 0.015987
0 0.640000 0.639051 0.009000 0.018984
0 0.495625 0.639467 0.006000 0.019983
0 0.489375 0.637386 0.007500 0.014988
0 0.380937 0.637802 0.008250 0.015987
0 0.175313 0.636969 0.012750 0.015987
0 0.761563 0.641132 0.026250 0.027977
0 0.666875 0.635720 0.012000 0.014988
0 0.299687 0.636137 0.008250 0.015987
0 0.094375 0.634888 0.009000 0.012989
0 0.815312 0.636137 0.014250 0.017985
0 0.609062 0.636137 0.011250 0.019983
0 0.275938 0.632806 0.015750 0.011990
0 0.119375 0.634471 0.013500 0.015987
0 0.525312 0.634055 0.018750 0.016986
0 0.749687 0.631141 0.008250 0.011990
0 0.307188 0.633222 0.009750 0.016986
0 0.200937 0.634888 0.011250 0.020983
0 0.914687 0.645296 0.044250 0.047960
0 0.694688 0.631141 0.006750 0.013988
0 0.663438 0.628643 0.011250 0.009992
0 0.230625 0.631557 0.007500 0.018984
0 0.810937 0.626561 0.011250 0.008993
0 0.438750 0.643214 0.031500 0.048959
0 0.006000 0.633639 0.012000 0.025978
0 0.645000 0.627394 0.012000 0.012989
0 0.385313 0.627810 0.009750 0.015987
0 0.132500 0.629475 0.009000 0.021982
0 0.417812 0.630308 0.011250 0.025978
0 0.825937 0.625729 0.008250 0.016986
0 0.785312 0.629892 0.017250 0.026978
0 0.081875 0.625312 0.009000 0.015987
0 0.869062 0.627394 0.018750 0.022981
0 0.428750 0.627394 0.013500 0.022981
0 0.349375 0.626145 0.013500 0.021982
0 0.741875 0.623647 0.010500 0.017985
0 0.207813 0.624896 0.009750 0.020983
0 0.793750 0.621565 0.010500 0.014988
0 0.701562 0.621565 0.020250 0.014988
0 0.486250 0.628226 0.021000 0.030974
0 0.218438 0.619900 0.008250 0.010991
0 0.502812 0.622814 0.009750 0.019983
0 0.321562 0.619067 0.009750 0.012989
0 0.273438 0.619067 0.011250 0.012989
0 0.902500 0.622814 0.016500 0.023980
0 0.807813 0.616570 0.017250 0.010991
0 0.730000 0.616986 0.012000 0.011990
0 0.719063 0.618651 0.006750 0.015987
0 0.668750 0.614488 0.012000 0.007993
0 0.412187 0.615321 0.014250 0.011990
0 0.774375 0.614904 0.015000 0.012989
0 0.555312 0.648626 0.051750 0.093922
0 0.537813 0.621565 0.011250 0.028976
0 0.969063 0.620733 0.021750 0.028976
0 0.368437 0.623647 0.009750 0.035970
0 0.384062 0.614072 0.014250 0.014988
0 0.295625 0.612406 0.013500 0.012989
0 0.150625 0.623231 0.031500 0.040966
0 0.134687 0.611990 0.012750 0.015987
0 0.458437 0.616986 0.018750 0.031973
0 0.434375 0.608243 0.013500 0.010991
0 0.107813 0.610741 0.008250 0.016986
0 0.725000 0.606994 0.010500 0.009992
0 0.641563 0.611990 0.020250 0.021982
0 0.449062 0.611574 0.014250 0.020983
0 0.422812 0.606578 0.011250 0.008993
0 0.684688 0.610325 0.011250 0.019983
0 0.498125 0.606578 0.018000 0.010991
0 0.767813 0.604496 0.008250 0.011990
0 0.305937 0.609908 0.029250 0.024979
0 0.828750 0.608659 0.015000 0.023980
0 0.712187 0.603664 0.009750 0.011990
0 0.453125 0.601166 0.010500 0.009992
0 0.027375 0.619067 0.054750 0.052956
0 0.786250 0.603247 0.012000 0.016986
0 0.166563 0.601582 0.012750 0.012989
0 0.737187 0.601998 0.015750 0.015987
0 0.569063 0.600333 0.008250 0.011990
0 0.864688 0.603664 0.012750 0.021982
0 0.555000 0.609908 0.024000 0.036969
0 0.777188 0.598668 0.009750 0.011990
0 0.620625 0.616570 0.021000 0.054954
0 0.254375 0.608243 0.028500 0.034971
0 0.634687 0.596586 0.011250 0.008993
0 0.346875 0.597002 0.012000 0.009992
0 0.920937 0.612406 0.033750 0.048959
0 0.516250 0.598668 0.010500 0.015987
0 0.153750 0.598668 0.009000 0.015987
0 0.798438 0.595754 0.011250 0.010991
0 0.701875 0.595754 0.010500 0.012989
0 0.970938 0.601998 0.020250 0.029975
0 0.930312 0.598251 0.015750 0.020983
0 0.506250 0.594921 0.009000 0.012989
0 0.583125 0.593256 0.016500 0.010991
0 0.548125 0.595337 0.015000 0.015987
0 0.145937 0.593672 0.008250 0.013988
0 0.303125 0.590758 0.010500 0.008993
0 0.062500 0.597419 0.016500 0.024979
0 0.833438 0.589925 0.015750 0.008993
0 0.370312 0.591174 0.014250 0.011990
0 0.199375 0.599084 0.022500 0.030974
0 0.909375 0.589509 0.012000 0.009992
0 0.930000 0.587843 0.007500 0.009992
0 0.813750 0.597835 0.022500 0.033972
0 0.600625 0.613655 0.058500 0.071940
0 0.420625 0.596586 0.028500 0.030974
0 0.328437 0.597835 0.024750 0.033972
0 0.212188 0.588676 0.011250 0.011990
0 0.820312 0.587843 0.008250 0.011990
0 0.690625 0.587011 0.007500 0.009992
0 0.751875 0.586595 0.018000 0.012989
0 0.463750 0.589092 0.016500 0.020983
0 0.398125 0.608243 0.027000 0.066944
0 0.653750 0.584513 0.013500 0.011990
0 0.314063 0.587427 0.012750 0.018984
0 0.890000 0.597835 0.049500 0.045962
0 0.781875 0.583264 0.009000 0.010991
0 0.714063 0.585762 0.014250 0.020983
0 0.221875 0.582431 0.007500 0.014988
0 0.726875 0.587011 0.016500 0.027977
0 0.521875 0.584513 0.009000 0.021982
0 0.436250 0.581182 0.021000 0.013988
0 0.188125 0.581599 0.007500 0.014988
0 0.353125 0.577435 0.012000 0.008993
0 0.295000 0.577852 0.012000 0.011990
0 0.107500 0.582431 0.006000 0.022981
0 0.828438 0.578268 0.015750 0.014988
0 0.245625 0.580350 0.012000 0.019983
0 0.788125 0.574105 0.015000 0.006994
0 0.699375 0.577435 0.010500 0.014988
0 0.679375 0.580766 0.007500 0.024979
0 0.598437 0.576603 0.017250 0.014988
0 0.375625 0.576603 0.004500 0.014988
0 0.079375 0.577852 0.009000 0.017985
0 0.285625 0.575354 0.010500 0.013988
0 0.911563 0.575354 0.008250 0.015987
0 0.506875 0.577435 0.006000 0.020983
0 0.393125 0.574938 0.019500 0.014988
0 0.013875 0.585346 0.027750 0.039967
0 0.898750 0.577852 0.022500 0.023980
0 0.624062 0.574105 0.012750 0.014988
0 0.540312 0.588260 0.035250 0.048959
0 0.451562 0.576187 0.012750 0.019983
0 0.716250 0.571191 0.010500 0.009992
0 0.650000 0.576603 0.012000 0.022981
0 0.408750 0.576187 0.018000 0.025978
0 0.253750 0.569942 0.013500 0.010991
0 0.124688 0.580766 0.015750 0.036969
0 0.264688 0.567860 0.012750 0.009992
0 0.784062 0.567027 0.018750 0.009992
0 0.742812 0.567027 0.011250 0.009992
0 0.496250 0.576187 0.018000 0.033972
0 0.467187 0.568276 0.015750 0.018984
0 0.345625 0.567860 0.010500 0.017985
0 0.531563 0.570774 0.008250 0.026978
0 0.233750 0.567444 0.019500 0.018984
0 0.009750 0.564946 0.019500 0.012989
0 0.855625 0.563281 0.013500 0.010991
0 0.434688 0.564946 0.012750 0.014988
0 0.421563 0.564946 0.012750 0.014988
0 0.052812 0.563281 0.012750 0.010991
0 0.764375 0.564113 0.019500 0.014988
0 0.979000 0.601998 0.042000 0.109908
0 0.656875 0.560366 0.010500 0.009992
0 0.385625 0.560366 0.012000 0.009992
0 0.921250 0.570774 0.045000 0.036969
0 0.485625 0.578268 0.024000 0.054954
0 0.306875 0.558701 0.010500 0.007993
0 0.830937 0.559950 0.006750 0.012989
0 0.700937 0.561199 0.012750 0.015987
0 0.746563 0.557868 0.012750 0.009992
0 0.608125 0.570774 0.019500 0.040966
0 0.327500 0.564946 0.034500 0.026978
0 0.810000 0.560366 0.013500 0.017985
0 0.409062 0.555371 0.018750 0.009992
0 0.175937 0.556619 0.014250 0.012989
0 0.714063 0.555787 0.011250 0.012989
0 0.579375 0.553289 0.009000 0.008993
0 0.273750 0.553705 0.009000 0.009992
0 0.038437 0.554538 0.011250 0.011990
0 0.348125 0.553705 0.013500 0.011990
0 0.950875 0.656953 0.098250 0.261782
0 0.453125 0.552456 0.018000 0.010991
0 0.578438 0.569525 0.050250 0.053955
0 0.520625 0.555787 0.013500 0.020983
0 0.200313 0.552456 0.008250 0.012989
0 0.796875 0.553289 0.015000 0.018984
0 0.754375 0.550375 0.012000 0.011990
0 0.911250 0.552040 0.009000 0.017985
0 0.334062 0.549126 0.014250 0.010991
0 0.731250 0.548709 0.010500 0.011990
0 0.008125 0.551624 0.013500 0.018984
0 0.637500 0.563281 0.030000 0.048959
0 0.541250 0.553705 0.010500 0.025978
0 0.288750 0.551207 0.010500 0.019983
0 0.297812 0.549542 0.008250 0.017985
0 0.720313 0.549126 0.008250 0.018984
0 0.186875 0.548709 0.009000 0.017985
0 0.615938 0.549542 0.008250 0.021982
0 0.153750 0.556619 0.033000 0.038968
0 0.056875 0.549126 0.010500 0.020983
0 0.812813 0.545379 0.008250 0.013988
0 0.701250 0.545379 0.015000 0.013988
0 0.784375 0.550375 0.019500 0.027977
0 0.684688 0.543297 0.011250 0.010991
0 0.257500 0.545795 0.009000 0.016986
0 0.327500 0.544130 0.012000 0.014988
0 0.758437 0.540799 0.015750 0.008993
0 0.655937 0.542881 0.012750 0.013988
0 0.603125 0.543714 0.007500 0.015987
0 0.581562 0.542048 0.014250 0.013988
0 0.432812 0.544130 0.012750 0.018984
0 0.390313 0.551207 0.020250 0.039967
0 0.965938 0.541632 0.024750 0.018984
0 0.305312 0.543714 0.018750 0.023980
0 0.676875 0.538718 0.018000 0.019983
0 0.479687 0.542881 0.012750 0.029975
0 0.736875 0.539134 0.015000 0.022981
0 0.509062 0.539967 0.030750 0.026978
0 0.448750 0.537469 0.019500 0.020983
0 0.344687 0.533306 0.020250 0.010991
0 0.858750 0.534138 0.012000 0.014988
0 0.775937 0.532889 0.011250 0.011990
0 0.105625 0.538301 0.021000 0.024979
0 0.490625 0.532889 0.009000 0.013988
0 0.167813 0.534555 0.012750 0.017985
0 0.010313 0.536636 0.012750 0.022981
0 0.664687 0.532889 0.006750 0.015987
0 0.196563 0.536220 0.015750 0.023980
0 0.136250 0.534971 0.025500 0.022981
0 0.889687 0.529559 0.009750 0.011990
0 0.250000 0.532889 0.009000 0.019983
0 0.224375 0.529559 0.007500 0.013988
0 0.790000 0.529559 0.013500 0.015987
0 0.564375 0.544130 0.040500 0.050958
0 0.370937 0.543714 0.021750 0.049958
0 0.763125 0.527477 0.009000 0.012989
0 0.313125 0.527061 0.012000 0.011990
0 0.241563 0.536636 0.021750 0.034971
0 0.968437 0.528310 0.017250 0.016986
0 0.647500 0.530808 0.013500 0.022981
0 0.549687 0.530391 0.017250 0.023980
0 0.302500 0.525396 0.012000 0.011990
0 0.599063 0.530391 0.014250 0.025978
0 0.350625 0.525812 0.015000 0.014988
0 0.867500 0.525396 0.013500 0.017985
0 0.207500 0.527477 0.010500 0.022981
0 0.585313 0.521232 0.011250 0.009992
0 0.396875 0.525396 0.015000 0.019983
0 0.802500 0.517485 0.013500 0.006994
0 0.690625 0.525812 0.024000 0.026978
0 0.465938 0.532057 0.018750 0.041965
0 0.386875 0.524563 0.012000 0.023980
0 0.098750 0.524147 0.030000 0.022981
0 0.006000 0.521649 0.012000 0.018984
0 0.637188 0.522898 0.014250 0.023980
0 0.262500 0.519567 0.012000 0.015987
0 0.790625 0.516236 0.012000 0.009992
0 0.369688 0.517902 0.008250 0.013988
0 0.196563 0.519983 0.008250 0.018984
0 0.155312 0.521649 0.039750 0.022981
0 0.419375 0.528310 0.046500 0.040966
0 0.272500 0.521232 0.012000 0.025978
0 0.118750 0.518318 0.010500 0.018984
0 0.667500 0.516653 0.012000 0.016986
0 0.814063 0.517069 0.012750 0.019983
0 0.756563 0.518318 0.020250 0.022981
0 0.205000 0.513322 0.007500 0.010991
0 0.979750 0.548709 0.040500 0.099917
0 0.041250 0.511657 0.016500 0.010991
0 0.231563 0.512073 0.006750 0.013988
0 0.037812 0.532473 0.039750 0.062948
0 0.877812 0.510408 0.012750 0.011990
0 0.696562 0.509992 0.014250 0.012989
0 0.019688 0.526644 0.015750 0.052956
0 0.564063 0.512490 0.005250 0.020983
0 0.490625 0.516236 0.027000 0.029975
0 0.402187 0.508326 0.014250 0.010991
0 0.249062 0.507494 0.008250 0.010991
0 0.126875 0.507077 0.013500 0.009992
0 0.767188 0.508743 0.011250 0.015987
0 0.656563 0.510824 0.011250 0.020983
0 0.853750 0.512073 0.016500 0.025978
0 0.556562 0.509159 0.009750 0.018984
0 0.378437 0.510408 0.008250 0.023980
0 0.587812 0.508326 0.030750 0.020983
0 0.203750 0.505412 0.015000 0.013988
0 0.694063 0.503331 0.008250 0.010991
0 0.994000 0.500000 0.012000 0.008993
0 0.630625 0.520816 0.019500 0.058951
0 0.709063 0.505828 0.011250 0.024979
0 0.299375 0.507494 0.009000 0.028976
0 0.522500 0.522898 0.045000 0.067943
0 0.172187 0.499584 0.012750 0.011990
0 0.952812 0.535387 0.078750 0.099917
0 0.875625 0.497918 0.013500 0.009992
0 0.542813 0.500416 0.011250 0.015987
0 0.419063 0.498751 0.009750 0.011990
0 0.384062 0.500000 0.012750 0.014988
0 0.459062 0.509159 0.047250 0.040966
0 0.437812 0.500416 0.011250 0.019983
0 0.967812 0.496253 0.008250 0.011990
0 0.822812 0.499584 0.015750 0.019983
0 0.129375 0.496669 0.010500 0.012989
0 0.115937 0.499167 0.012750 0.018984
0 0.269688 0.497502 0.008250 0.016986
0 0.076250 0.496669 0.010500 0.014988
0 0.678125 0.495837 0.015000 0.014988
0 0.164375 0.494172 0.010500 0.010991
0 0.534375 0.495837 0.010500 0.016986
0 0.346875 0.492923 0.013500 0.009992
0 0.723750 0.497918 0.013500 0.023980
0 0.235625 0.495837 0.016500 0.018984
0 0.860938 0.493339 0.011250 0.014988
0 0.394375 0.500416 0.016500 0.031973
0 0.213750 0.492090 0.016500 0.011990
0 0.599063 0.495420 0.023250 0.021982
0 0.146250 0.493755 0.012000 0.019983
0 0.844688 0.492923 0.005250 0.019983
0 0.775000 0.492506 0.013500 0.018984
0 0.620938 0.511241 0.029250 0.063947
0 0.391562 0.489176 0.006750 0.010991
0 0.059687 0.491257 0.012750 0.015987
0 0.834688 0.487094 0.014250 0.007993
0 0.735625 0.490425 0.009000 0.017985
0 0.937500 0.486261 0.013500 0.009992
0 0.804688 0.490841 0.020250 0.020983
0 0.501875 0.485845 0.013500 0.008993
0 0.317812 0.493755 0.026250 0.027977
0 0.300000 0.487927 0.010500 0.013988
0 0.875313 0.487927 0.012750 0.015987
0 0.925312 0.485429 0.012750 0.011990
0 0.699688 0.487927 0.008250 0.017985
0 0.530625 0.486678 0.018000 0.018984
0 0.417187 0.490841 0.030750 0.028976
0 0.007500 0.495837 0.015000 0.040966
0 0.344687 0.484596 0.017250 0.019983
0 0.284687 0.482931 0.017250 0.015987
0 0.183438 0.493339 0.017250 0.040966
0 0.991000 0.485429 0.018000 0.023980
0 0.103750 0.485429 0.013500 0.023980
0 0.878437 0.478768 0.012750 0.011990
0 0.570625 0.483347 0.019500 0.022981
0 0.445000 0.487094 0.031500 0.031973
0 0.294063 0.477935 0.006750 0.009992
0 0.769375 0.477102 0.010500 0.009992
0 0.679688 0.482098 0.014250 0.021982
0 0.654062 0.490841 0.035250 0.042964
0 0.244688 0.478768 0.014250 0.013988
0 0.752188 0.483347 0.020250 0.028976
0 0.402813 0.477519 0.014250 0.014988
0 0.330937 0.479184 0.017250 0.020983
0 0.275938 0.481266 0.008250 0.025978
0 0.200000 0.478351 0.015000 0.018984
0 0.144687 0.476686 0.008250 0.014988
0 0.728750 0.474188 0.019500 0.012989
0 0.172500 0.478351 0.010500 0.022981
0 0.081562 0.474604 0.006750 0.013988
0 0.715313 0.475021 0.011250 0.016986
0 0.632188 0.472939 0.009750 0.011990
0 0.620938 0.472523 0.008250 0.010991
0 0.532500 0.472107 0.009000 0.009992
0 0.488125 0.486678 0.021000 0.046961
0 0.602500 0.475853 0.030000 0.022981
0 0.127188 0.473356 0.014250 0.016986
0 0.982500 0.480433 0.030000 0.035970
0 0.378750 0.493755 0.040500 0.067943
0 0.260313 0.470858 0.017250 0.012989
0 0.032188 0.475021 0.011250 0.022981
0 0.007500 0.473772 0.015000 0.019983
0 0.874062 0.467943 0.008250 0.007993
0 0.654062 0.473356 0.018750 0.022981
0 0.582812 0.467527 0.009750 0.012989
0 0.158125 0.466278 0.012000 0.009992
0 0.016563 0.467943 0.008250 0.013988
0 0.975938 0.467111 0.023250 0.013988
0 0.552813 0.476270 0.021750 0.035970
0 0.431875 0.467943 0.007500 0.015987
0 0.336250 0.467943 0.010500 0.015987
0 0.058125 0.467943 0.013500 0.015987
0 0.512813 0.467943 0.021750 0.017985
0 0.837812 0.465029 0.009750 0.012989
0 0.774062 0.466278 0.014250 0.015987
0 0.035625 0.483347 0.063000 0.056953
0 0.994375 0.462115 0.010500 0.009992
0 0.087500 0.465862 0.009000 0.018984
0 0.858125 0.463780 0.015000 0.015987
0 0.466562 0.464197 0.011250 0.016986
0 0.341562 0.460866 0.009750 0.008993
0 0.120000 0.464613 0.007500 0.017985
0 0.023438 0.462115 0.009750 0.011990
0 0.810000 0.467943 0.015000 0.027977
0 0.198437 0.462115 0.011250 0.013988
0 0.681562 0.469192 0.030750 0.032973
0 0.316250 0.462531 0.019500 0.016986
0 0.302812 0.468360 0.023250 0.030974
0 0.759375 0.460450 0.007500 0.013988
0 0.703750 0.465445 0.015000 0.025978
0 0.699375 0.460450 0.012000 0.013988
0 0.239375 0.463780 0.033000 0.021982
0 0.475625 0.471274 0.013500 0.041965
0 0.186875 0.457535 0.013500 0.010991
0 0.768437 0.454621 0.012750 0.007993
0 0.718437 0.457952 0.008250 0.017985
0 0.391250 0.461282 0.043500 0.025978
0 0.668438 0.457535 0.017250 0.018984
0 0.414062 0.460866 0.026250 0.026978
0 0.892813 0.460450 0.033750 0.027977
0 0.026562 0.454621 0.008250 0.013988
0 0.794063 0.462115 0.023250 0.033972
0 0.253750 0.455037 0.012000 0.016986
0 0.201563 0.452123 0.009750 0.009992
0 0.009750 0.458784 0.019500 0.025978
0 0.684063 0.453789 0.011250 0.017985
0 0.620000 0.452123 0.009000 0.013988
0 0.438125 0.452123 0.018000 0.013988
0 0.747188 0.452956 0.015750 0.019983
0 0.164062 0.452540 0.012750 0.018984
0 0.085000 0.450042 0.010500 0.012989
0 0.075313 0.451291 0.006750 0.015987
0 0.553750 0.452540 0.012000 0.020983
0 0.366875 0.466278 0.030000 0.055953
0 0.986875 0.452956 0.015000 0.025978
0 0.794063 0.447544 0.008250 0.014988
0 0.752812 0.445046 0.009750 0.008993
0 0.491250 0.448376 0.036000 0.016986
0 0.451250 0.456703 0.024000 0.036969
0 0.574063 0.456703 0.024750 0.038968
0 0.327813 0.448376 0.006750 0.018984
0 0.039375 0.449625 0.019500 0.021982
0 0.702812 0.447960 0.015750 0.019983
0 0.516875 0.448376 0.010500 0.020983
0 0.290000 0.447960 0.009000 0.019983
0 0.238750 0.444629 0.019500 0.013988
0 0.641875 0.465029 0.025500 0.066944
0 0.587187 0.444213 0.008250 0.016986
0 0.867500 0.441299 0.007500 0.011990
0 0.805312 0.445046 0.011250 0.020983
0 0.306250 0.445462 0.016500 0.021982
0 0.896563 0.441715 0.023250 0.014988
0 0.118125 0.443381 0.015000 0.018984
0 0.770938 0.441715 0.008250 0.016986
0 0.607812 0.444629 0.006750 0.023980
0 0.876875 0.440883 0.016500 0.016986
0 0.825313 0.439634 0.011250 0.013988
0 0.819063 0.443797 0.015750 0.023980
0 0.690625 0.439634 0.012000 0.013988
0 0.141563 0.438385 0.014250 0.010991
0 0.130625 0.440050 0.010500 0.014988
0 0.654062 0.446711 0.014250 0.032973
0 0.343125 0.444629 0.015000 0.027977
0 0.225938 0.437968 0.012750 0.011990
0 0.547188 0.445878 0.027750 0.032973
0 0.397500 0.441299 0.016500 0.023980
0 0.381875 0.440883 0.022500 0.022981
0 0.744375 0.437136 0.018000 0.015987
0 0.835625 0.445878 0.021000 0.038968
0 0.425625 0.442132 0.009000 0.029975
0 0.240000 0.433805 0.009000 0.009992
0 0.599375 0.448376 0.015000 0.046961
0 0.731250 0.432556 0.009000 0.012989
0 0.778125 0.432140 0.010500 0.013988
0 0.685312 0.430058 0.014250 0.010991
0 0.530000 0.434221 0.019500 0.020983
0 0.459688 0.434638 0.026250 0.021982
0 0.315312 0.432140 0.011250 0.015987
0 0.176563 0.431724 0.006750 0.014988
0 0.156250 0.431724 0.010500 0.014988
0 0.896875 0.428393 0.012000 0.008993
0 0.585625 0.429226 0.015000 0.010991
0 0.505625 0.431724 0.018000 0.016986
0 0.411250 0.435054 0.012000 0.026978
0 0.325625 0.429642 0.010500 0.013988
0 0.268750 0.427977 0.012000 0.011990
0 0.109687 0.430058 0.009750 0.016986
0 0.543125 0.426311 0.010500 0.009992
0 0.146563 0.427560 0.012750 0.012989
0 0.084375 0.431724 0.009000 0.022981
0 0.865938 0.427560 0.012750 0.014988
0 0.738437 0.425895 0.008250 0.010991
0 0.715000 0.440466 0.042000 0.045962
0 0.468438 0.427560 0.006750 0.014988
0 0.722812 0.426311 0.011250 0.013988
0 0.118750 0.426728 0.007500 0.016986
0 0.366563 0.428809 0.020250 0.027977
0 0.284375 0.426728 0.015000 0.022981
0 0.810937 0.425062 0.005250 0.020983
0 0.477812 0.434221 0.014250 0.042964
0 0.098437 0.432556 0.017250 0.040966
0 0.849688 0.426311 0.033750 0.027977
0 0.555625 0.418401 0.007500 0.008993
0 0.138125 0.418818 0.015000 0.009992
0 0.338438 0.418401 0.008250 0.010991
0 0.180312 0.422565 0.020250 0.020983
0 0.710313 0.417569 0.012750 0.010991
0 0.636875 0.422565 0.021000 0.022981
0 0.170000 0.420899 0.007500 0.018984
0 0.449062 0.418401 0.006750 0.014988
0 0.229375 0.420483 0.010500 0.019983
0 0.569688 0.429226 0.020250 0.042964
0 0.263125 0.417152 0.012000 0.013988
0 0.458125 0.416320 0.010500 0.013988
0 0.397813 0.419650 0.020250 0.021982
0 0.130000 0.412989 0.007500 0.007993
0 0.582500 0.415487 0.006000 0.015987
0 0.470000 0.413822 0.015000 0.011990
0 0.009000 0.422981 0.018000 0.033972
0 0.868750 0.412573 0.015000 0.010991
0 0.198437 0.413822 0.011250 0.013988
0 0.155625 0.411324 0.009000 0.011990
0 0.799063 0.410075 0.006750 0.010991
0 0.310312 0.415071 0.026250 0.022981
0 0.538438 0.412157 0.008250 0.017985
0 0.111562 0.410908 0.018750 0.014988
0 0.243125 0.411740 0.010500 0.018984
0 0.554063 0.408410 0.014250 0.012989
0 0.209375 0.419234 0.016500 0.038968
0 0.780937 0.407993 0.009750 0.013988
0 0.320937 0.413405 0.018750 0.026978
0 0.622812 0.410491 0.009750 0.021982
0 0.220000 0.408410 0.015000 0.016986
0 0.689063 0.410075 0.014250 0.022981
0 0.725313 0.403830 0.006750 0.011990
0 0.261875 0.404663 0.007500 0.013988
0 0.896250 0.408410 0.018000 0.026978
0 0.659687 0.406744 0.015750 0.022981
0 0.606250 0.415487 0.021000 0.043963
0 0.430312 0.416736 0.048750 0.046961
0 0.767813 0.401749 0.011250 0.012989
0 0.168437 0.402165 0.009750 0.015987
0 0.705313 0.401749 0.012750 0.018984
0 0.300312 0.403414 0.012750 0.022981
0 0.275625 0.398418 0.013500 0.010991
0 0.862812 0.407161 0.042750 0.037968
0 0.316250 0.397169 0.021000 0.013988
0 0.462813 0.397169 0.011250 0.015987
0 0.807187 0.403414 0.021750 0.032973
0 0.376875 0.402998 0.016500 0.031973
0 0.737187 0.398834 0.015750 0.023980
0 0.500313 0.395920 0.009750 0.016986
0 0.444688 0.393838 0.012750 0.013988
0 0.345313 0.394671 0.017250 0.017985
0 0.170937 0.393006 0.017250 0.013988
0 0.135313 0.392590 0.014250 0.012989
0 0.716250 0.393006 0.010500 0.015987
0 0.634375 0.397585 0.013500 0.026978
0 0.510000 0.401749 0.030000 0.036969
0 0.532813 0.390508 0.011250 0.011990
0 0.417500 0.394255 0.012000 0.020983
0 0.045000 0.393838 0.006000 0.019983
0 0.478125 0.398834 0.015000 0.033972
0 0.364687 0.398418 0.009750 0.034971
0 0.690312 0.390924 0.006750 0.018984
0 0.670312 0.389675 0.012750 0.015987
0 0.186562 0.388843 0.017250 0.015987
0 0.821562 0.386761 0.009750 0.012989
0 0.605313 0.388426 0.012750 0.016986
0 0.586875 0.396336 0.027000 0.035970
0 0.425938 0.390092 0.017250 0.020983
0 0.252500 0.384679 0.015000 0.007993
0 0.241875 0.385928 0.009000 0.012989
0 0.125312 0.387177 0.014250 0.015987
0 0.568438 0.404663 0.021750 0.059950
0 0.226562 0.387177 0.023250 0.019983
0 0.885625 0.383430 0.012000 0.012989
0 0.812187 0.385096 0.008250 0.016986
0 0.796875 0.380516 0.012000 0.009992
0 0.390313 0.389259 0.026250 0.030974
0 0.873437 0.381349 0.012750 0.013988
0 0.526563 0.385096 0.011250 0.022981
0 0.681562 0.383014 0.008250 0.019983
0 0.498750 0.389675 0.037500 0.035970
0 0.309375 0.379684 0.024000 0.011990
0 0.160000 0.379684 0.010500 0.011990
0 0.835000 0.382182 0.024000 0.019983
0 0.374063 0.380100 0.005250 0.014988
0 0.344062 0.378435 0.011250 0.012989
0 0.207500 0.380516 0.009000 0.017985
0 0.114062 0.384263 0.008250 0.026978
0 0.914687 0.378435 0.014250 0.014988
0 0.901250 0.380100 0.013500 0.018984
0 0.167813 0.378018 0.011250 0.013988
0 0.711250 0.377602 0.016500 0.016986
0 0.007875 0.391757 0.015750 0.050958
0 0.807187 0.376353 0.008250 0.015987
0 0.646563 0.373855 0.009750 0.009992
0 0.408750 0.381349 0.022500 0.027977
0 0.882500 0.373439 0.015000 0.010991
0 0.734688 0.375937 0.014250 0.016986
0 0.174687 0.373439 0.017250 0.010991
0 0.552500 0.382182 0.012000 0.035970
0 0.272500 0.374688 0.012000 0.017985
0 0.818750 0.371774 0.015000 0.012989
0 0.197500 0.378018 0.018000 0.027977
0 0.841562 0.370941 0.009750 0.012989
0 0.660937 0.370525 0.009750 0.013988
0 0.620313 0.375520 0.015750 0.025978
0 0.371563 0.380516 0.012750 0.037968
0 0.898125 0.370525 0.021000 0.015987
0 0.853437 0.373022 0.011250 0.021982
0 0.460000 0.378851 0.025500 0.035970
0 0.517813 0.368443 0.012750 0.012989
0 0.796562 0.368859 0.008250 0.015987
0 0.443437 0.375937 0.038250 0.032973
0 0.320000 0.368027 0.010500 0.013988
0 0.281562 0.370941 0.014250 0.020983
0 0.605938 0.368859 0.006750 0.019983
0 0.826875 0.366361 0.016500 0.015987
0 0.635625 0.363447 0.009000 0.010991
0 0.426250 0.366361 0.007500 0.017985
0 0.399687 0.363863 0.006750 0.011990
0 0.916250 0.364280 0.006000 0.014988
0 0.162500 0.364696 0.004500 0.015987
0 0.722187 0.364696 0.011250 0.017985
0 0.844063 0.361782 0.009750 0.012989
0 0.241563 0.367194 0.014250 0.025978
0 0.233125 0.368443 0.009000 0.028976
0 0.580313 0.365112 0.027750 0.024979
0 0.559063 0.364696 0.018750 0.023980
0 0.476875 0.366361 0.010500 0.027977
0 0.990313 0.359284 0.006750 0.012989
0 0.930625 0.363031 0.028500 0.023980
0 0.805312 0.359700 0.015750 0.015987
0 0.423750 0.358451 0.010500 0.012989
0 0.294375 0.360117 0.009000 0.016986
0 0.184688 0.358868 0.014250 0.013988
0 0.748437 0.356370 0.009750 0.009992
0 0.508125 0.358451 0.013500 0.016986
0 0.196563 0.357202 0.018750 0.013988
0 0.138750 0.362198 0.030000 0.025978
0 0.487812 0.362198 0.014250 0.027977
0 0.768750 0.368859 0.024000 0.045962
0 0.834375 0.353872 0.016500 0.011990
0 0.209063 0.357619 0.011250 0.020983
0 0.026875 0.360117 0.016500 0.028976
0 0.795000 0.351790 0.007500 0.010991
0 0.784375 0.361782 0.016500 0.034971
0 0.530312 0.359700 0.021750 0.029975
0 0.357500 0.355121 0.009000 0.020983
0 0.608437 0.351374 0.012750 0.013988
0 0.043437 0.350958 0.018750 0.012989
0 0.011250 0.359284 0.022500 0.032973
0 0.544375 0.360533 0.013500 0.039967
0 0.335938 0.355953 0.023250 0.028976
0 0.500000 0.355537 0.012000 0.029975
0 0.921250 0.350541 0.007500 0.019983
0 0.643437 0.349709 0.009750 0.017985
0 0.396250 0.353872 0.031500 0.027977
0 0.228750 0.345962 0.012000 0.008993
0 0.808125 0.346378 0.012000 0.011990
0 0.575937 0.348043 0.008250 0.015987
0 0.465938 0.347211 0.012750 0.015987
0 0.443125 0.350541 0.027000 0.025978
0 0.705625 0.348876 0.024000 0.027977
0 0.384062 0.341382 0.012750 0.009992
0 0.885625 0.340550 0.010500 0.011990
0 0.420312 0.340550 0.027750 0.013988
0 0.204375 0.343880 0.018000 0.021982
0 0.124375 0.342215 0.012000 0.017985
0 0.626563 0.340966 0.009750 0.018984
0 0.325937 0.339301 0.006750 0.014988
0 0.145000 0.341799 0.018000 0.020983
0 0.227813 0.333472 0.008250 0.006994
0 0.517500 0.340550 0.016500 0.025978
0 0.039062 0.363863 0.065250 0.083930
0 0.530312 0.338468 0.018750 0.024979
0 0.288125 0.340133 0.012000 0.028976
0 0.861563 0.334305 0.006750 0.018984
0 0.797188 0.336386 0.021750 0.023980
0 0.164062 0.332223 0.015750 0.017985
0 0.617188 0.330558 0.008250 0.015987
0 0.219375 0.330974 0.009000 0.016986
0 0.852500 0.328476 0.010500 0.012989
0 0.502812 0.329725 0.009750 0.015987
0 0.153750 0.333472 0.016500 0.024979
0 0.759375 0.328893 0.009000 0.015987
0 0.650625 0.326811 0.010500 0.010991
0 0.543750 0.329309 0.010500 0.016986
0 0.872500 0.325146 0.010500 0.010991
0 0.746250 0.327227 0.013500 0.015987
0 0.191250 0.329309 0.019500 0.020983
0 0.127812 0.326395 0.009750 0.013988
0 0.888437 0.326811 0.015750 0.016986
0 0.425312 0.326811 0.017250 0.016986
0 0.350313 0.336803 0.014250 0.040966
0 0.450937 0.326395 0.014250 0.017985
0 0.141250 0.327644 0.009000 0.020983
0 0.251875 0.333056 0.030000 0.035970
0 0.365000 0.321399 0.009000 0.009992
0 0.329062 0.325978 0.018750 0.022981
0 0.240625 0.321815 0.010500 0.012989
0 0.833125 0.320150 0.012000 0.010991
0 0.644375 0.327227 0.016500 0.027977
0 0.177813 0.322648 0.008250 0.016986
0 0.686250 0.320983 0.007500 0.014988
0 0.484063 0.337635 0.029250 0.054954
0 0.308437 0.324313 0.012750 0.022981
0 0.925937 0.324729 0.015750 0.025978
0 0.810000 0.324729 0.015000 0.025978
0 0.298750 0.320983 0.009000 0.016986
0 0.385000 0.337219 0.054000 0.057952
0 0.714375 0.333056 0.016500 0.049958
0 0.159062 0.316819 0.012750 0.012989
0 0.435312 0.320983 0.006750 0.024979
0 0.782500 0.317652 0.010500 0.018984
0 0.261250 0.315570 0.007500 0.013988
0 0.914687 0.315154 0.014250 0.014988
0 0.904375 0.327644 0.016500 0.044963
0 0.895000 0.313072 0.007500 0.009992
0 0.360938 0.313072 0.006750 0.009992
0 0.038437 0.312240 0.011250 0.007993
0 0.679375 0.313905 0.013500 0.013988
0 0.584688 0.313489 0.008250 0.014988
0 0.874062 0.313905 0.014250 0.019983
0 0.823750 0.315154 0.016500 0.022981
0 0.663125 0.313905 0.015000 0.019983
0 0.548125 0.309742 0.012000 0.009992
0 0.423750 0.312656 0.019500 0.016986
0 0.033750 0.325562 0.067500 0.047960
0 0.733125 0.310158 0.009000 0.012989
0 0.624062 0.310991 0.009750 0.014988
0 0.611563 0.312240 0.012750 0.021982
0 0.471562 0.318068 0.036750 0.037968
0 0.375000 0.307244 0.018000 0.011990
0 0.309063 0.308493 0.015750 0.016986
0 0.678750 0.308493 0.024000 0.018984
0 0.758750 0.305162 0.015000 0.012989
0 0.405313 0.307660 0.006750 0.018984
0 0.350000 0.308077 0.018000 0.019983
0 0.160625 0.305162 0.010500 0.012989
0 0.150625 0.306411 0.012000 0.015987
0 0.815312 0.305162 0.005250 0.014988
0 0.796250 0.305162 0.013500 0.014988
0 0.260000 0.303913 0.021000 0.011990
0 0.571562 0.325562 0.050250 0.065945
0 0.457188 0.302664 0.009750 0.010991
0 0.206250 0.306828 0.043500 0.020983
0 0.057188 0.303497 0.014250 0.012989
0 0.665937 0.300583 0.008250 0.011990
0 0.772813 0.297669 0.008250 0.008993
0 0.388750 0.302664 0.015000 0.020983
0 0.903438 0.301415 0.015750 0.019983
0 0.297812 0.302248 0.009750 0.023980
0 0.853750 0.297669 0.007500 0.014988
0 0.636875 0.298085 0.012000 0.015987
0 0.363750 0.298501 0.013500 0.016986
0 0.710625 0.301415 0.016500 0.025978
0 0.282187 0.298501 0.020250 0.018984
0 0.227187 0.298918 0.029250 0.021982
0 0.860938 0.296003 0.008250 0.016986
0 0.167813 0.294754 0.005250 0.013988
0 0.615938 0.294754 0.021750 0.017985
0 0.695000 0.289759 0.012000 0.007993
0 0.483750 0.296420 0.015000 0.023980
0 0.243125 0.300167 0.019500 0.032973
0 0.081875 0.303913 0.051000 0.043963
0 0.182188 0.298501 0.014250 0.032973
0 0.078750 0.291424 0.015000 0.015987
0 0.020938 0.295171 0.015750 0.024979
0 0.462813 0.287677 0.011250 0.008993
0 0.573125 0.286844 0.009000 0.010991
0 0.811250 0.288093 0.007500 0.015987
0 0.740625 0.290175 0.015000 0.020983
0 0.589063 0.289759 0.017250 0.019983
0 0.256250 0.291007 0.009000 0.022981
0 0.930312 0.296003 0.027750 0.036969
0 0.315000 0.286844 0.015000 0.014988
0 0.819688 0.287677 0.008250 0.018984
0 0.274375 0.283930 0.013500 0.009992
0 0.223438 0.286844 0.015750 0.016986
0 0.534687 0.298918 0.042750 0.047960
0 0.040000 0.294338 0.030000 0.036969
0 0.757188 0.283097 0.017250 0.011990
0 0.007125 0.290591 0.014250 0.029975
0 0.845000 0.282681 0.009000 0.012989
0 0.296875 0.283514 0.024000 0.014988
0 0.232813 0.285179 0.011250 0.018984
0 0.454688 0.288926 0.014250 0.029975
0 0.145313 0.285595 0.015750 0.021982
0 0.903750 0.283930 0.009000 0.019983
0 0.786250 0.283514 0.016500 0.018984
0 0.637813 0.281848 0.014250 0.014988
0 0.092188 0.280600 0.011250 0.013988
0 0.672500 0.286428 0.016500 0.029975
0 0.660312 0.279767 0.018750 0.015987
0 0.413125 0.285595 0.012000 0.031973
0 0.101875 0.283097 0.010500 0.025978
0 0.746563 0.278518 0.009750 0.016986
0 0.443437 0.278102 0.011250 0.015987
0 0.563125 0.275604 0.018000 0.013988
0 0.002625 0.274355 0.005250 0.010991
0 0.430625 0.284763 0.015000 0.037968
0 0.199687 0.281432 0.018750 0.029975
0 0.840938 0.278934 0.011250 0.025978
0 0.471875 0.275187 0.019500 0.016986
0 0.912500 0.274355 0.009000 0.018984
0 0.694375 0.272273 0.012000 0.013988
0 0.735000 0.273522 0.013500 0.018984
0 0.569375 0.269775 0.007500 0.009992
0 0.338750 0.271024 0.009000 0.012989
0 0.041250 0.278518 0.016500 0.030974
0 0.550625 0.273522 0.012000 0.020983
0 0.365000 0.277269 0.019500 0.029975
0 0.056875 0.279767 0.027000 0.035970
0 0.595625 0.268943 0.009000 0.011990
0 0.452188 0.270192 0.015750 0.014988
0 0.680312 0.272689 0.014250 0.022981
0 0.077500 0.274771 0.024000 0.027977
0 0.729062 0.266445 0.009750 0.011990
0 0.822812 0.271440 0.032250 0.025978
0 0.706562 0.268110 0.012750 0.017985
0 0.526563 0.268526 0.011250 0.018984
0 0.446875 0.264363 0.015000 0.010991
0 0.153750 0.268526 0.012000 0.022981
0 0.845313 0.261449 0.009750 0.009992
0 0.751875 0.263947 0.010500 0.015987
0 0.565000 0.262281 0.010500 0.011990
0 0.181562 0.263947 0.008250 0.015987
0 0.994375 0.273522 0.011250 0.040966
0 0.343438 0.264363 0.012750 0.018984
0 0.931250 0.260200 0.009000 0.010991
0 0.400313 0.272689 0.033750 0.040966
0 0.858437 0.258951 0.012750 0.009992
0 0.761250 0.263114 0.010500 0.019983
0 0.508437 0.263947 0.024750 0.021982
0 0.473438 0.261449 0.014250 0.017985
0 0.710313 0.256453 0.011250 0.009992
0 0.688125 0.258951 0.009000 0.015987
0 0.672500 0.261032 0.010500 0.022981
0 0.628125 0.254371 0.010500 0.008993
0 0.389062 0.266028 0.026250 0.036969
0 0.608437 0.254788 0.011250 0.013988
0 0.424375 0.255620 0.016500 0.015987
0 0.305625 0.256869 0.019500 0.018984
0 0.787500 0.256869 0.027000 0.020983
0 0.730625 0.253539 0.019500 0.012989
0 0.330937 0.254371 0.021750 0.014988
0 0.169063 0.256037 0.008250 0.018984
0 0.859375 0.252706 0.015000 0.012989
0 0.741875 0.255204 0.010500 0.018984
0 0.091563 0.260616 0.011250 0.031973
0 0.964375 0.250208 0.009000 0.008993
0 0.664062 0.261449 0.014250 0.035970
0 0.294687 0.250208 0.014250 0.008993
0 0.221562 0.258951 0.012750 0.031973
0 0.989062 0.250208 0.014250 0.012989
0 0.205000 0.250624 0.009000 0.013988
0 0.023125 0.250208 0.010500 0.012989
0 0.908125 0.250208 0.015000 0.014988
0 0.587500 0.255204 0.007500 0.026978
0 0.543750 0.249792 0.015000 0.013988
0 0.190312 0.255204 0.017250 0.026978
0 0.893125 0.254371 0.010500 0.026978
0 0.056250 0.248543 0.007500 0.014988
0 0.063125 0.246461 0.009000 0.011990
0 0.642188 0.247294 0.006750 0.015987
0 0.855625 0.242714 0.013500 0.006994
0 0.518750 0.248959 0.018000 0.021982
0 0.313750 0.247710 0.018000 0.018984
0 0.260000 0.248127 0.015000 0.019983
0 0.471875 0.244380 0.009000 0.012989
0 0.803125 0.244380 0.012000 0.014988
0 0.646875 0.256037 0.022500 0.042964
0 0.444375 0.244380 0.022500 0.016986
0 0.603437 0.244380 0.026250 0.018984
0 0.501250 0.278102 0.039000 0.101915
0 0.314063 0.239800 0.012750 0.009992
0 0.565312 0.240216 0.008250 0.012989
0 0.042813 0.241882 0.011250 0.016986
0 0.545312 0.238968 0.009750 0.011990
0 0.893750 0.237302 0.010500 0.009992
0 0.761250 0.240633 0.012000 0.017985
0 0.417500 0.239384 0.007500 0.014988
0 0.238750 0.240216 0.009000 0.016986
0 0.465625 0.243131 0.018000 0.025978
0 0.367812 0.238135 0.017250 0.013988
0 0.216875 0.240216 0.007500 0.018984
0 0.676562 0.236886 0.011250 0.012989
0 0.322188 0.236053 0.012750 0.010991
0 0.669063 0.240216 0.008250 0.022981
0 0.276250 0.241049 0.009000 0.024979
0 0.831562 0.233555 0.012750 0.008993
0 0.711875 0.240216 0.018000 0.024979
0 0.392813 0.241465 0.044250 0.027977
0 0.165625 0.237302 0.007500 0.017985
0 0.883437 0.233972 0.008250 0.011990
0 0.632812 0.239800 0.012750 0.029975
0 0.614688 0.232306 0.008250 0.011990
0 0.334375 0.233139 0.012000 0.013988
0 0.059062 0.233555 0.014250 0.014988
0 0.920312 0.231474 0.015750 0.011990
0 0.992125 0.240633 0.015750 0.037968
0 0.272188 0.230225 0.011250 0.012989
0 0.263125 0.237302 0.013500 0.029975
0 0.484687 0.236470 0.017250 0.029975
0 0.352500 0.234388 0.013500 0.024979
0 0.179375 0.230225 0.010500 0.014988
0 0.790312 0.232306 0.026250 0.021982
0 0.653125 0.230225 0.009000 0.016986
0 0.576562 0.240216 0.014250 0.040966
0 0.765000 0.226478 0.009000 0.009992
0 0.548438 0.225229 0.009750 0.008993
0 0.698125 0.225229 0.010500 0.010991
0 0.558750 0.227311 0.013500 0.015987
0 0.734062 0.226478 0.006750 0.015987
0 0.246875 0.223980 0.010500 0.009992
0 0.602187 0.224813 0.008250 0.013988
0 0.450000 0.221898 0.016500 0.008993
0 0.746563 0.225645 0.017250 0.019983
0 0.773125 0.224813 0.007500 0.023980
0 0.611563 0.223564 0.015750 0.020983
0 0.522188 0.221066 0.014250 0.014988
0 0.359063 0.220233 0.014250 0.012989
0 0.284687 0.221066 0.011250 0.014988
0 0.835938 0.221898 0.015750 0.018984
0 0.710000 0.222731 0.013500 0.020983
0 0.581875 0.219400 0.009000 0.012989
0 0.742812 0.218984 0.009750 0.013988
0 0.207813 0.216903 0.009750 0.008993
0 0.664062 0.223564 0.009750 0.026978
0 0.479063 0.219400 0.009750 0.016986
0 0.385625 0.215654 0.013500 0.007993
0 0.689688 0.216486 0.006750 0.011990
0 0.596250 0.215654 0.009000 0.009992
0 0.219375 0.221482 0.010500 0.023980
0 0.085312 0.218984 0.005250 0.017985
0 0.896250 0.218568 0.009000 0.018984
0 0.880625 0.216486 0.009000 0.013988
0 0.681875 0.218152 0.006000 0.017985
0 0.463438 0.217319 0.011250 0.015987
0 0.327813 0.217319 0.011250 0.017985
0 0.724375 0.217735 0.013500 0.020983
0 0.471875 0.218984 0.006000 0.023980
0 0.910937 0.215654 0.006750 0.017985
0 0.510000 0.211490 0.010500 0.007993
0 0.730000 0.211907 0.013500 0.010991
0 0.400625 0.215654 0.007500 0.019983
0 0.317812 0.218568 0.014250 0.026978
0 0.298438 0.214821 0.018750 0.017985
0 0.762500 0.210241 0.012000 0.008993
0 0.498125 0.217735 0.015000 0.030974
0 0.889062 0.209409 0.006750 0.012989
0 0.853125 0.211907 0.013500 0.018984
0 0.653438 0.210241 0.012750 0.014988
0 0.340938 0.209825 0.012750 0.015987
0 0.417500 0.205662 0.009000 0.011990
0 0.257812 0.210658 0.023250 0.023980
0 0.735000 0.204829 0.015000 0.011990
0 0.515625 0.203580 0.013500 0.008993
0 0.077188 0.209825 0.014250 0.023980
0 0.925937 0.204413 0.009750 0.016986
0 0.594063 0.203164 0.021750 0.015987
0 0.569688 0.208993 0.021750 0.029975
0 0.479063 0.203164 0.012750 0.015987
0 0.371250 0.200250 0.015000 0.008993
0 0.449375 0.203997 0.022500 0.019983
0 0.394062 0.200250 0.017250 0.010991
0 0.717187 0.198585 0.009750 0.008993
0 0.304375 0.201082 0.010500 0.014988
0 0.336562 0.197752 0.012750 0.008993
0 0.181562 0.198168 0.009750 0.009992
0 0.087188 0.201915 0.011250 0.018984
0 0.933125 0.196919 0.010500 0.010991
0 0.543750 0.199001 0.009000 0.015987
0 0.263437 0.198585 0.014250 0.014988
0 0.609062 0.201082 0.018750 0.024979
0 0.555937 0.197336 0.006750 0.017985
0 0.296563 0.194838 0.008250 0.013988
0 0.206250 0.191923 0.013500 0.008993
0 0.907813 0.196087 0.008250 0.020983
0 0.787500 0.194838 0.012000 0.017985
0 0.346875 0.194421 0.013500 0.016986
0 0.922188 0.194838 0.011250 0.019983
0 0.680625 0.191507 0.006000 0.011990
0 0.630938 0.195670 0.006750 0.021982
0 0.644062 0.201915 0.030750 0.038968
0 0.290000 0.189842 0.010500 0.009992
0 0.702187 0.191507 0.008250 0.015987
0 0.600000 0.188593 0.010500 0.008993
0 0.496563 0.191507 0.014250 0.015987
0 0.412187 0.190674 0.008250 0.013988
0 0.361875 0.189842 0.007500 0.011990
0 0.110312 0.189425 0.009750 0.010991
0 0.306250 0.187760 0.013500 0.008993
0 0.687813 0.192340 0.012750 0.021982
0 0.323125 0.188593 0.013500 0.014988
0 0.228750 0.196503 0.033000 0.035970
0 0.771563 0.187344 0.009750 0.017985
0 0.438125 0.190258 0.018000 0.024979
0 0.881563 0.183597 0.009750 0.012989
0 0.859688 0.184013 0.008250 0.013988
0 0.341562 0.183181 0.015750 0.013988
0 0.899687 0.183597 0.012750 0.016986
0 0.779062 0.184013 0.014250 0.017985
0 0.567813 0.181932 0.014250 0.014988
0 0.840000 0.184846 0.016500 0.023980
0 0.248438 0.186511 0.017250 0.027977
0 0.678125 0.179850 0.012000 0.013988
0 0.625938 0.179850 0.008250 0.013988
0 0.850938 0.179850 0.008250 0.015987
0 0.554063 0.178185 0.011250 0.011990
0 0.817500 0.177352 0.012000 0.011990
0 0.191562 0.175687 0.011250 0.007993
0 0.912188 0.176520 0.014250 0.011990
0 0.485938 0.176936 0.012750 0.012989
0 0.464687 0.180683 0.014250 0.021982
0 0.441563 0.176520 0.012750 0.011990
0 0.305937 0.177352 0.011250 0.013988
0 0.264688 0.176520 0.014250 0.011990
0 0.584688 0.179017 0.009750 0.019983
0 0.395313 0.181932 0.027750 0.026978
0 0.930937 0.176936 0.011250 0.016986
0 0.893750 0.175271 0.009000 0.012989
0 0.149375 0.174438 0.012000 0.010991
0 0.312188 0.174022 0.008250 0.011990
0 0.200937 0.186928 0.017250 0.042964
0 0.708438 0.178185 0.009750 0.023980
0 0.577812 0.177769 0.014250 0.022981
0 0.454375 0.173189 0.012000 0.011990
0 0.159688 0.172773 0.009750 0.012989
0 0.028750 0.172773 0.009000 0.012989
0 0.253750 0.171524 0.009000 0.011990
0 0.965625 0.185679 0.033000 0.047960
0 0.532188 0.176103 0.024750 0.024979
0 0.637813 0.173605 0.018750 0.020983
0 0.378437 0.169858 0.012750 0.011990
0 0.863437 0.168609 0.012750 0.012989
0 0.738125 0.169442 0.016500 0.014988
0 0.007875 0.180266 0.015750 0.040966
0 0.602187 0.169858 0.026250 0.017985
0 0.678750 0.167777 0.012000 0.016986
0 0.503125 0.166528 0.012000 0.013988
0 0.336562 0.168609 0.012750 0.018984
0 0.460938 0.165695 0.006750 0.013988
0 0.550625 0.164863 0.016500 0.015987
0 0.748750 0.164030 0.010500 0.015987
0 0.433750 0.170275 0.012000 0.030974
0 0.207500 0.163197 0.007500 0.013988
0 0.046562 0.162781 0.014250 0.012989
0 0.832500 0.164446 0.012000 0.018984
0 0.307812 0.164030 0.018750 0.017985
0 0.055000 0.161532 0.010500 0.011990
0 0.625938 0.164030 0.012750 0.019983
0 0.898125 0.159034 0.016500 0.009992
0 0.827812 0.159450 0.012750 0.010991
0 0.689063 0.160283 0.014250 0.012989
0 0.910625 0.161948 0.007500 0.020983
0 0.778125 0.161948 0.015000 0.020983
0 0.645000 0.161532 0.016500 0.019983
0 0.013437 0.159034 0.014250 0.013988
0 0.964688 0.156120 0.006750 0.008993
0 0.414062 0.169026 0.015750 0.041965
0 0.094687 0.170275 0.032250 0.044963
0 0.789687 0.157369 0.008250 0.015987
0 0.845938 0.154038 0.014250 0.009992
0 0.661875 0.156120 0.021000 0.014988
0 0.396875 0.159034 0.016500 0.021982
0 0.596250 0.155287 0.009000 0.014988
0 0.203125 0.154038 0.009000 0.011990
0 0.701875 0.154455 0.010500 0.014988
0 0.613125 0.154455 0.018000 0.014988
0 0.383437 0.156536 0.009750 0.019983
0 0.283438 0.155287 0.012750 0.016986
0 0.764062 0.161948 0.012750 0.034971
0 0.068437 0.155704 0.021750 0.019983
0 0.038437 0.164030 0.032250 0.039967
0 0.331562 0.150708 0.011250 0.009992
0 0.904375 0.148210 0.015000 0.011990
0 0.727500 0.160699 0.022500 0.041965
0 0.511563 0.152789 0.017250 0.022981
0 0.468750 0.148210 0.013500 0.011990
0 0.804375 0.153206 0.015000 0.025978
0 0.634375 0.148626 0.009000 0.014988
0 0.624062 0.147794 0.009750 0.012989
0 0.422187 0.148626 0.006750 0.014988
0 0.566562 0.153622 0.012750 0.028976
0 0.085312 0.149875 0.017250 0.019983
0 0.839063 0.146128 0.012750 0.014988
0 0.680937 0.146545 0.012750 0.015987
0 0.413750 0.145296 0.012000 0.012989
0 0.403438 0.144047 0.011250 0.011990
0 0.265000 0.149042 0.009000 0.023980
0 0.919063 0.148626 0.015750 0.024979
0 0.744375 0.141132 0.013500 0.006994
0 0.377812 0.143214 0.009750 0.011990
0 0.347813 0.146128 0.012750 0.018984
0 0.310312 0.145712 0.008250 0.017985
0 0.006000 0.149459 0.012000 0.026978
0 0.428750 0.145712 0.006000 0.021982
0 0.928438 0.141549 0.015750 0.013988
0 0.490625 0.142798 0.006000 0.016986
0 0.363750 0.143630 0.012000 0.018984
0 0.642500 0.139467 0.010500 0.010991
0 0.482187 0.141965 0.008250 0.016986
0 0.796562 0.139051 0.012750 0.013988
0 0.769687 0.141549 0.011250 0.019983
0 0.704375 0.138218 0.013500 0.011990
0 0.217188 0.153206 0.027750 0.047960
0 0.905000 0.135720 0.012000 0.013988
0 0.715625 0.136969 0.012000 0.016986
0 0.391562 0.138218 0.023250 0.019983
0 0.333125 0.136137 0.013500 0.014988
0 0.555625 0.133222 0.010500 0.009992
0 0.536563 0.141965 0.029250 0.030974
0 0.451875 0.143214 0.016500 0.033972
0 0.060312 0.139467 0.029250 0.024979
0 0.622500 0.134471 0.007500 0.014988
0 0.222812 0.134055 0.014250 0.013988
0 0.169687 0.131973 0.006750 0.010991
0 0.300000 0.134888 0.012000 0.019983
0 0.973437 0.130724 0.014250 0.011990
0 0.243438 0.136137 0.017250 0.024979
0 0.728750 0.134888 0.016500 0.023980
0 0.585000 0.134055 0.022500 0.021982
0 0.520625 0.140300 0.013500 0.036969
0 0.380937 0.130308 0.011250 0.012989
0 0.925937 0.130308 0.020250 0.014988
0 0.851250 0.134888 0.012000 0.025978
0 0.867500 0.133222 0.022500 0.023980
0 0.791562 0.129059 0.012750 0.013988
0 0.775937 0.126978 0.014250 0.008993
0 0.472813 0.131557 0.012750 0.019983
0 0.436875 0.128643 0.012000 0.012989
0 0.274687 0.128226 0.014250 0.013988
0 0.882500 0.128226 0.009000 0.015987
0 0.674687 0.129892 0.018750 0.019983
0 0.658125 0.126561 0.013500 0.011990
0 0.906875 0.127810 0.009000 0.016986
0 0.548750 0.124480 0.015000 0.008993
0 0.357500 0.127810 0.010500 0.016986
0 0.187500 0.125312 0.009000 0.010991
0 0.041563 0.124063 0.012750 0.009992
0 0.305625 0.124480 0.007500 0.012989
0 0.322500 0.126978 0.015000 0.020983
0 0.828125 0.126561 0.022500 0.021982
0 0.224062 0.122814 0.012750 0.012989
0 0.177813 0.125729 0.020250 0.019983
0 0.631563 0.126145 0.008250 0.022981
0 0.350625 0.121982 0.007500 0.012989
0 0.143437 0.167777 0.059250 0.122898
0 0.156562 0.122814 0.012750 0.016986
0 0.573750 0.120316 0.007500 0.012989
0 0.264375 0.125312 0.007500 0.024979
0 0.585000 0.117818 0.007500 0.008993
0 0.434688 0.119067 0.017250 0.011990
0 0.891250 0.118235 0.009000 0.011990
0 0.287187 0.118651 0.008250 0.012989
0 0.715938 0.122398 0.015750 0.023980
0 0.510938 0.118235 0.006750 0.013988
0 0.243750 0.115737 0.012000 0.009992
0 0.842812 0.119484 0.014250 0.020983
0 0.145937 0.128226 0.027750 0.041965
0 0.929375 0.115321 0.010500 0.012989
0 0.802500 0.117402 0.010500 0.017985
0 0.606250 0.126978 0.030000 0.040966
0 0.311563 0.115321 0.008250 0.012989
0 0.679688 0.114488 0.014250 0.012989
0 0.913750 0.115737 0.012000 0.017985
0 0.870000 0.111157 0.012000 0.006994
0 0.748750 0.117818 0.021000 0.022981
0 0.691250 0.118651 0.018000 0.024979
0 0.494063 0.114488 0.012750 0.014988
0 0.387500 0.118235 0.019500 0.023980
0 0.341875 0.113239 0.013500 0.011990
0 0.704063 0.114488 0.009750 0.016986
0 0.662813 0.113239 0.011250 0.013988
0 0.545625 0.113239 0.006000 0.013988
0 0.053125 0.119067 0.018000 0.027977
0 0.483750 0.111990 0.007500 0.012989
0 0.417500 0.121982 0.027000 0.036969
0 0.254063 0.113239 0.011250 0.015987
0 0.992125 0.112823 0.015750 0.016986
0 0.908750 0.111157 0.007500 0.012989
0 0.734688 0.112823 0.017250 0.016986
0 0.723125 0.111990 0.012000 0.014988
0 0.165625 0.109908 0.015000 0.009992
0 0.781875 0.112406 0.012000 0.017985
0 0.269375 0.111157 0.009000 0.014988
0 0.146563 0.110325 0.017250 0.014988
0 0.885000 0.106994 0.010500 0.010991
0 0.431875 0.106994 0.013500 0.012989
0 0.379688 0.107410 0.015750 0.013988
0 0.583125 0.105329 0.006000 0.010991
0 0.300938 0.110741 0.009750 0.023980
0 0.285625 0.106994 0.019500 0.016986
0 0.191562 0.110325 0.012750 0.024979
0 0.135625 0.108659 0.010500 0.020983
0 0.310625 0.102831 0.010500 0.008993
0 0.129688 0.105329 0.008250 0.014988
0 0.809688 0.103247 0.008250 0.011990
0 0.498437 0.103664 0.014250 0.012989
0 0.250937 0.102415 0.012750 0.009992
0 0.903438 0.100333 0.008250 0.008993
0 0.392500 0.102415 0.013500 0.013988
0 0.697812 0.099500 0.017250 0.008993
0 0.467187 0.101582 0.012750 0.013988
0 0.353438 0.100333 0.018750 0.014988
0 0.640312 0.099500 0.015750 0.014988
0 0.090000 0.128226 0.073500 0.083930
0 0.720938 0.101166 0.015750 0.020983
0 0.921562 0.099084 0.009750 0.019983
0 0.590938 0.096586 0.009750 0.013988
0 0.535000 0.096586 0.012000 0.013988
0 0.138437 0.095337 0.011250 0.010991
0 0.124063 0.096586 0.009750 0.013988
0 0.294375 0.093256 0.012000 0.007993
0 0.155000 0.097002 0.025500 0.016986
0 0.088125 0.093256 0.012000 0.007993
0 0.651250 0.106162 0.013500 0.040966
0 0.549375 0.093256 0.013500 0.009992
0 0.483750 0.095337 0.012000 0.014988
0 0.825625 0.099500 0.013500 0.026978
0 0.750625 0.093256 0.019500 0.013988
0 0.445312 0.092423 0.009750 0.011990
0 0.408750 0.092007 0.018000 0.010991
0 0.893125 0.095754 0.018000 0.021982
0 0.153750 0.091590 0.012000 0.011990
0 0.602500 0.093256 0.010500 0.017985
0 0.336562 0.097419 0.020250 0.029975
0 0.301563 0.089925 0.009750 0.011990
0 0.866250 0.090341 0.019500 0.018984
0 0.702812 0.087843 0.009750 0.012989
0 0.641563 0.087427 0.014250 0.011990
0 0.618750 0.086595 0.016500 0.009992
0 0.801562 0.088676 0.006750 0.016986
0 0.320312 0.089092 0.017250 0.017985
0 0.201875 0.088260 0.010500 0.017985
0 0.766875 0.089509 0.019500 0.022981
0 0.385000 0.087427 0.009000 0.021982
0 0.185938 0.097002 0.030750 0.044963
0 0.909062 0.085346 0.011250 0.018984
0 0.615313 0.080350 0.014250 0.006994
0 0.477187 0.081599 0.009750 0.009992
0 0.527500 0.082431 0.010500 0.013988
0 0.268750 0.085762 0.021000 0.021982
0 0.360938 0.085762 0.027750 0.023980
0 0.208437 0.079101 0.011250 0.009992
0 0.814688 0.078684 0.012750 0.010991
0 0.138437 0.083680 0.023250 0.022981
0 0.035625 0.077435 0.016500 0.009992
0 0.651250 0.076187 0.009000 0.008993
0 0.053437 0.078684 0.012750 0.014988
0 0.555625 0.080766 0.018000 0.021982
0 0.343125 0.079517 0.012000 0.022981
0 0.310625 0.073689 0.012000 0.008993
0 0.124375 0.080766 0.019500 0.025978
0 0.332813 0.074938 0.015750 0.013988
0 0.780000 0.072023 0.016500 0.010991
0 0.850313 0.073272 0.012750 0.015987
0 0.643125 0.072856 0.012000 0.014988
0 0.264375 0.070358 0.007500 0.008993
0 0.069375 0.078684 0.021000 0.028976
0 0.405625 0.076187 0.040500 0.024979
0 0.171563 0.085762 0.023250 0.047960
0 0.531563 0.077019 0.018750 0.028976
0 0.518750 0.074105 0.007500 0.021982
0 0.658125 0.068276 0.007500 0.011990
0 0.457188 0.070358 0.009750 0.016986
0 0.914062 0.072440 0.036750 0.023980
0 0.574063 0.075770 0.020250 0.031973
0 0.545937 0.074938 0.012750 0.029975
0 0.719375 0.076187 0.013500 0.034971
0 0.400938 0.068693 0.008250 0.016986
0 0.865000 0.068693 0.016500 0.018984
0 0.380000 0.066611 0.018000 0.013988
0 0.184688 0.069109 0.011250 0.021982
0 0.439063 0.071607 0.015750 0.031973
0 0.415625 0.064113 0.013500 0.013988
0 0.360000 0.062448 0.007500 0.009992
0 0.773125 0.063281 0.012000 0.013988
0 0.669687 0.066611 0.015750 0.021982
0 0.110937 0.086178 0.033750 0.068943
0 0.099375 0.062864 0.013500 0.012989
0 0.450625 0.062032 0.010500 0.012989
0 0.270625 0.060366 0.012000 0.008993
0 0.755313 0.063697 0.012750 0.018984
0 0.473750 0.062032 0.024000 0.014988
0 0.154062 0.070774 0.036750 0.035970
0 0.370312 0.061199 0.014250 0.014988
0 0.838437 0.061199 0.017250 0.016986
0 0.544687 0.057452 0.017250 0.007993
0 0.086250 0.072023 0.033000 0.042964
0 0.013125 0.083264 0.026250 0.069942
0 0.896250 0.057036 0.010500 0.008993
0 0.488438 0.057036 0.012750 0.008993
0 0.141000 0.568027 0.282000 1.000000
0 0.202187 0.064946 0.032250 0.027977
0 0.682500 0.055787 0.015000 0.009992
0 0.400000 0.055787 0.013500 0.009992
0 0.334375 0.056619 0.009000 0.011990
0 0.145625 0.057036 0.015000 0.012989
0 0.908750 0.054122 0.012000 0.009992
0 0.851875 0.053705 0.007500 0.008993
0 0.771875 0.053289 0.010500 0.007993
0 0.563438 0.055371 0.012750 0.012989
0 0.105938 0.052456 0.011250 0.009992
0 0.760000 0.052040 0.007500 0.010991
0 0.695937 0.057452 0.015750 0.023980
0 0.535625 0.054122 0.012000 0.017985
0 0.500625 0.059117 0.016500 0.029975
0 0.958438 0.055787 0.021750 0.023980
0 0.630000 0.057452 0.024000 0.027977
0 0.434688 0.054122 0.009750 0.019983
0 0.350313 0.061199 0.026250 0.036969
0 0.268750 0.050375 0.013500 0.010991
0 0.325000 0.054538 0.009000 0.022981
0 0.869687 0.051207 0.011250 0.016986
0 0.748437 0.048293 0.011250 0.009992
0 0.736875 0.054122 0.015000 0.025978
0 0.245938 0.049958 0.014250 0.015987
0 0.155312 0.049542 0.008250 0.014988
0 0.706875 0.055371 0.009000 0.030974
0 0.187812 0.050791 0.012750 0.019983
0 0.885938 0.046628 0.011250 0.011990
0 0.849063 0.046211 0.020250 0.010991
0 0.409687 0.048293 0.008250 0.015987
0 0.482812 0.046628 0.009750 0.013988
0 0.791562 0.049126 0.018750 0.021982
0 0.165313 0.047877 0.008250 0.018984
0 0.145313 0.045795 0.012750 0.013988
0 0.006375 0.049958 0.012750 0.023980
0 0.620625 0.042465 0.010500 0.007993
0 0.594063 0.048709 0.024750 0.022981
0 0.032188 0.043714 0.008250 0.010991
0 0.301875 0.047044 0.010500 0.020983
0 0.925625 0.047460 0.015000 0.023980
0 0.365938 0.044963 0.015750 0.017985
0 0.380312 0.041632 0.011250 0.011990
0 0.447500 0.042465 0.006000 0.015987
0 0.540625 0.039134 0.019500 0.009992
0 0.734062 0.037885 0.011250 0.008993
0 0.525312 0.048709 0.015750 0.034971
0 0.280625 0.037885 0.007500 0.008993
0 0.310937 0.037469 0.011250 0.009992
0 0.292187 0.039967 0.012750 0.015987
0 0.101250 0.044130 0.019500 0.025978
0 0.054375 0.040799 0.013500 0.017985
0 0.703750 0.038301 0.007500 0.013988
0 0.585938 0.051624 0.030750 0.045962
0 0.094062 0.037885 0.011250 0.012989
0 0.830625 0.037469 0.010500 0.013988
0 0.818438 0.038301 0.009750 0.015987
0 0.405625 0.035387 0.007500 0.008993
0 0.672500 0.037052 0.009000 0.014988
0 0.642188 0.034555 0.018750 0.008993
0 0.864062 0.043297 0.011250 0.031973
0 0.426875 0.039967 0.021000 0.023980
0 0.487500 0.035803 0.006000 0.015987
0 0.354687 0.035387 0.014250 0.016986
0 0.026250 0.033306 0.007500 0.011990
0 0.660937 0.037052 0.015750 0.022981
0 0.495312 0.036220 0.014250 0.020983
0 0.466562 0.043714 0.036750 0.038968
0 0.395937 0.035803 0.015750 0.019983
0 0.550625 0.031224 0.009000 0.010991
0 0.364687 0.030808 0.008250 0.009992
0 0.846562 0.033306 0.009750 0.017985
0 0.682813 0.031640 0.009750 0.015987
0 0.004125 0.031640 0.008250 0.015987
0 0.693750 0.033306 0.015000 0.021982
0 0.440000 0.029559 0.012000 0.012989
0 0.315625 0.028726 0.009000 0.010991
0 0.719375 0.035387 0.016500 0.028976
0 0.658750 0.029559 0.015000 0.014988
0 0.509687 0.039967 0.023250 0.039967
0 0.202813 0.039967 0.023250 0.041965
0 0.098125 0.028310 0.015000 0.013988
0 0.375625 0.029142 0.015000 0.017985
0 0.880625 0.027477 0.010500 0.015987
0 0.258125 0.027061 0.013500 0.014988
0 0.213750 0.024563 0.010500 0.008993
0 0.747500 0.024563 0.007500 0.012989
0 0.395937 0.023314 0.015750 0.009992
0 0.820000 0.022898 0.010500 0.012989
0 0.776875 0.025812 0.010500 0.019983
0 0.420000 0.022481 0.010500 0.011990
0 0.908438 0.023730 0.017250 0.016986
0 0.601562 0.029142 0.014250 0.029975
0 0.584063 0.027477 0.023250 0.027977
0 0.470000 0.020816 0.007500 0.011990
0 0.855000 0.021649 0.012000 0.015987
0 0.348125 0.019567 0.019500 0.012989
0 0.289687 0.020400 0.014250 0.014988
0 0.457188 0.019983 0.014250 0.015987
0 0.865313 0.020816 0.011250 0.019983
0 0.843125 0.017485 0.013500 0.011990
0 0.647813 0.021232 0.023250 0.020983
0 0.540312 0.022898 0.021750 0.024979
0 0.026875 0.019151 0.016500 0.015987
0 0.432188 0.020400 0.009750 0.020983
0 0.386562 0.019567 0.009750 0.022981
0 0.696875 0.016236 0.009000 0.016986
0 0.497500 0.016236 0.010500 0.016986
0 0.795312 0.021232 0.012750 0.030974
0 0.540625 0.014988 0.007500 0.015987
0 0.526875 0.021232 0.013500 0.030974
0 0.261875 0.013739 0.007500 0.012989
0 0.169375 0.014988 0.009000 0.015987
0 0.275625 0.018734 0.009000 0.026978
0 0.718125 0.015820 0.010500 0.023980
0 0.605938 0.015820 0.017250 0.025978
0 0.470625 0.009575 0.015000 0.010991
0 0.378125 0.007494 0.018000 0.009992
0 0.861875 0.006661 0.009000 0.011990
0 0.762813 0.007910 0.006750 0.014988
0 0.460313 0.009992 0.006750 0.019983
0 0.747625 0.600000 0.504750 1.000000
0 0.914687 0.005995 0.015750 0.011990
0 0.899687 0.009492 0.011250 0.018984
0 0.852812 0.008993 0.014250 0.017985
0 0.844063 0.007993 0.014250 0.015987
0 0.832500 0.011990 0.010500 0.023980
0 0.815625 0.007494 0.025500 0.014988
0 0.771250 0.009492 0.009000 0.018984
0 0.731563 0.008993 0.009750 0.017985
0 0.689375 0.013489 0.024000 0.026978
0 0.582187 0.008493 0.011250 0.016986
0 0.532813 0.006495 0.011250 0.012989
0 0.490000 0.005995 0.010500 0.011990
0 0.480938 0.015987 0.014250 0.031973
0 0.329062 0.007494 0.009750 0.014988
0 0.299375 0.014488 0.028500 0.028976
0 0.245312 0.032473 0.032250 0.064946
0 0.181562 0.007494 0.015750 0.014988
0 0.193438 0.039467 0.099750 0.078934
0 0.126875 0.044463 0.058500 0.088926
0 0.127500 0.003497 0.012000 0.006994
0 0.117188 0.004996 0.011250 0.009992
0 0.107813 0.008993 0.008250 0.017985
0 0.052500 0.003997 0.018000 0.007993
0 0.061875 0.091424 0.123750 0.182848
0 0.023438 0.006994 0.014250 0.013988
0 0.013500 0.023480 0.027000 0.046961
