0 0.743750 0.977500 0.045000 0.036000
0 0.018000 0.952500 0.036000 0.030000
0 0.898000 0.962500 0.204000 0.075000
0 0.661250 0.936250 0.045000 0.045000
0 0.225000 0.952500 0.042000 0.084000
0 0.052500 0.949000 0.090000 0.102000
0 0.400000 0.935500 0.186000 0.129000
0 0.126250 0.916250 0.075000 0.081000
0 0.090000 0.891250 0.042000 0.033000
0 0.507500 0.925000 0.138000 0.144000
0 0.631250 0.897500 0.177000 0.126000
0 0.136250 0.855000 0.063000 0.042000
0 0.595000 0.845000 0.066000 0.054000
0 0.190000 0.831250 0.048000 0.057000
0 0.131250 0.810000 0.045000 0.024000
0 0.918750 0.793750 0.039000 0.027000
0 0.842500 0.810000 0.102000 0.102000
0 0.087500 0.792500 0.120000 0.078000
0 0.698750 0.765000 0.075000 0.042000
0 0.276250 0.765000 0.033000 0.048000
0 0.850000 0.768750 0.054000 0.069000
0 0.623750 0.757500 0.045000 0.054000
0 0.796250 0.772500 0.087000 0.108000
0 0.938750 0.736250 0.045000 0.033000
0 0.581250 0.737500 0.027000 0.060000
0 0.063000 0.732500 0.126000 0.060000
0 0.741250 0.717500 0.045000 0.042000
0 0.771250 0.708750 0.039000 0.045000
0 0.670000 0.705000 0.102000 0.054000
0 0.193750 0.680000 0.063000 0.060000
0 0.290000 0.790000 0.288000 0.420000
0 0.027000 0.635000 0.054000 0.042000
0 0.381250 0.645000 0.135000 0.162000
0 0.345000 0.587500 0.066000 0.048000
0 0.580000 0.623750 0.342000 0.147000
0 0.962500 0.618750 0.075000 0.171000
0 0.163750 0.606250 0.063000 0.159000
0 0.586250 0.691250 0.579000 0.411000
0 0.360000 0.536250 0.072000 0.063000
0 0.085000 0.566250 0.108000 0.135000
0 0.418750 0.521250 0.045000 0.033000
0 0.240000 0.572500 0.150000 0.192000
0 0.047500 0.510000 0.054000 0.054000
0 0.668750 0.503750 0.189000 0.063000
0 0.221250 0.477500 0.075000 0.030000
0 0.478750 0.510000 0.063000 0.114000
0 0.071250 0.470000 0.045000 0.024000
0 0.378750 0.486250 0.045000 0.081000
0 0.293750 0.442500 0.123000 0.042000
0 0.031500 0.436250 0.063000 0.027000
0 0.182500 0.438750 0.036000 0.039000
0 0.548750 0.482500 0.099000 0.192000
0 0.402500 0.428750 0.126000 0.105000
0 0.697500 0.416250 0.072000 0.081000
0 0.013500 0.393750 0.027000 0.039000
0 0.626250 0.421250 0.123000 0.117000
0 0.135000 0.475000 0.138000 0.270000
0 0.377500 0.356250 0.048000 0.051000
0 0.273750 0.371250 0.177000 0.111000
0 0.273750 0.321250 0.045000 0.027000
0 0.235000 0.318750 0.054000 0.057000
0 0.788750 0.386250 0.141000 0.255000
0 0.673750 0.322500 0.159000 0.108000
0 0.303750 0.300000 0.099000 0.072000
0 0.446250 0.305000 0.117000 0.090000
0 0.187500 0.282500 0.054000 0.042000
0 0.054000 0.282500 0.108000 0.048000
0 0.098750 0.352500 0.147000 0.252000
0 0.552500 0.330000 0.210000 0.216000
0 0.790000 0.240000 0.066000 0.030000
0 0.532500 0.245000 0.120000 0.078000
0 0.433750 0.227500 0.051000 0.042000
0 0.383750 0.235000 0.051000 0.072000
0 0.266250 0.225000 0.219000 0.114000
0 0.296250 0.188750 0.069000 0.033000
0 0.345000 0.172500 0.090000 0.060000
0 0.513750 0.158750 0.075000 0.045000
0 0.988000 0.151250 0.024000 0.063000
0 0.073500 0.152500 0.147000 0.066000
0 0.128750 0.180000 0.111000 0.138000
0 0.580000 0.135000 0.036000 0.036000
0 0.255000 0.137500 0.126000 0.078000
0 0.033000 0.118750 0.066000 0.039000
0 0.200000 0.103750 0.024000 0.039000
0 0.703750 0.163750 0.327000 0.213000
0 0.173750 0.100000 0.057000 0.138000
0 0.562500 0.070000 0.120000 0.072000
0 0.756250 0.081250 0.141000 0.141000
0 0.547500 0.032500 0.030000 0.030000
0 0.673750 0.066000 0.111000 0.132000
0 0.111250 0.067500 0.099000 0.135000
0 0.580000 0.031500 0.042000 0.063000
0 0.388750 0.123000 0.291000 0.246000
0 0.235000 0.049500 0.060000 0.099000
0 0.181250 0.024000 0.063000 0.048000
0 0.042000 0.076500 0.084000 0.153000
