0 0.912573 0.995875 0.011990 0.008250
0 0.079933 0.995875 0.025978 0.008250
0 0.458784 0.995500 0.013988 0.009000
0 0.925479 0.993625 0.014988 0.012750
0 0.991007 0.992188 0.017985 0.008250
0 0.713156 0.992875 0.028976 0.014250
0 0.288510 0.992500 0.014988 0.010500
0 0.810991 0.991000 0.009992 0.018000
0 0.462115 0.986250 0.007993 0.009000
0 0.553289 0.988750 0.028976 0.022500
0 0.826811 0.989062 0.039967 0.020250
0 0.604913 0.987625 0.022981 0.024750
0 0.685262 0.980938 0.025978 0.012750
0 0.671107 0.978437 0.013988 0.008250
0 0.258535 0.980313 0.020983 0.017250
0 0.855953 0.982750 0.039967 0.034500
0 0.610741 0.980625 0.030974 0.022500
0 0.470441 0.975938 0.009992 0.015750
0 0.627394 0.972187 0.014988 0.012750
0 0.324729 0.973437 0.011990 0.020250
0 0.092007 0.970625 0.018984 0.013500
0 0.818901 0.973125 0.032973 0.021000
0 0.693589 0.967812 0.015987 0.009750
0 0.453789 0.964063 0.013988 0.011250
0 0.669442 0.966562 0.019983 0.020250
0 0.549958 0.967812 0.030974 0.033750
0 0.840966 0.965938 0.029975 0.032250
0 0.513739 0.971500 0.077935 0.057000
0 0.348043 0.956562 0.027977 0.015750
0 0.314321 0.953125 0.014988 0.009000
0 0.519983 0.952812 0.012989 0.009750
0 0.461282 0.953125 0.009992 0.012000
0 0.814738 0.953125 0.036969 0.013500
0 0.595754 0.967750 0.082931 0.064500
0 0.561615 0.949375 0.010991 0.007500
0 0.089925 0.955000 0.029975 0.024000
0 0.361782 0.949375 0.024979 0.012000
0 0.085346 0.967375 0.082931 0.065250
0 0.487927 0.965125 0.063947 0.069750
0 0.084513 0.945625 0.010991 0.009000
0 0.221482 0.954063 0.041965 0.030750
0 0.262698 0.942813 0.014988 0.009750
0 0.462115 0.944063 0.021982 0.014250
0 0.066611 0.941250 0.017985 0.007500
0 0.298501 0.961375 0.174854 0.077250
0 0.993505 0.942500 0.012989 0.018000
0 0.934638 0.937187 0.012989 0.005250
0 0.494172 0.939063 0.016986 0.009750
0 0.506661 0.937813 0.010991 0.008250
0 0.475853 0.941875 0.022981 0.018000
0 0.385512 0.939375 0.011990 0.015000
0 0.581182 0.936562 0.015987 0.009750
0 0.629059 0.958750 0.110908 0.082500
0 0.497086 0.933438 0.013988 0.005250
0 0.247294 0.943125 0.047960 0.037500
0 0.579933 0.927813 0.016986 0.006750
0 0.601998 0.927500 0.015987 0.007500
0 0.408410 0.926250 0.018984 0.010500
0 0.943797 0.923750 0.014988 0.009000
0 0.045795 0.927188 0.019983 0.017250
0 0.878018 0.929688 0.016986 0.027750
0 0.708160 0.949375 0.118901 0.075000
0 0.979517 0.928438 0.040966 0.032250
0 0.591590 0.919687 0.020983 0.011250
0 0.700250 0.915937 0.017985 0.011250
0 0.066195 0.913438 0.016986 0.009750
0 0.941715 0.913438 0.019983 0.014250
0 0.684430 0.915000 0.039967 0.021000
0 0.637802 0.910312 0.009992 0.009750
0 0.593672 0.909062 0.023980 0.009750
0 0.004496 0.910000 0.008993 0.012000
0 0.171524 0.908750 0.009992 0.010500
0 0.039467 0.940000 0.078934 0.120000
0 0.817652 0.902500 0.013988 0.007500
0 0.587427 0.907500 0.056953 0.025500
0 0.008743 0.899687 0.010991 0.008250
0 0.534971 0.903125 0.018984 0.022500
0 0.191507 0.897500 0.015987 0.009000
0 0.606578 0.898125 0.020983 0.013500
0 0.475021 0.899062 0.010991 0.015750
0 0.466278 0.895625 0.015987 0.012000
0 0.490425 0.895938 0.019983 0.014250
0 0.585762 0.893125 0.014988 0.010500
0 0.966694 0.895625 0.023980 0.018000
0 0.551624 0.899062 0.034971 0.027750
0 0.008993 0.891563 0.017985 0.009750
0 0.060366 0.894375 0.016986 0.021000
0 0.400500 0.889062 0.013988 0.014250
0 0.189842 0.888125 0.023980 0.015000
0 0.963780 0.885625 0.006994 0.010500
0 0.973522 0.901875 0.052956 0.051000
0 0.382182 0.894062 0.043963 0.033750
0 0.332223 0.883125 0.011990 0.009000
0 0.833888 0.895625 0.060949 0.042000
0 0.059950 0.880625 0.017985 0.009000
0 0.145712 0.876563 0.013988 0.008250
0 0.038718 0.889062 0.038968 0.041250
0 0.016486 0.879375 0.032973 0.018000
0 0.828060 0.874375 0.006994 0.010500
0 0.364696 0.877812 0.033972 0.018750
0 0.776020 0.869687 0.009992 0.006750
0 0.544130 0.877500 0.028976 0.025500
0 0.415903 0.871250 0.008993 0.010500
0 0.810991 0.873125 0.015987 0.018000
0 0.315570 0.869062 0.019983 0.011250
0 0.004496 0.868437 0.008993 0.011250
0 0.173605 0.865938 0.014988 0.008250
0 0.162781 0.882188 0.052956 0.051750
0 0.549542 0.863437 0.023980 0.009750
0 0.320150 0.861250 0.018984 0.012000
0 0.340133 0.865000 0.034971 0.024000
0 0.045795 0.864688 0.031973 0.029250
0 0.383430 0.854062 0.020983 0.009750
0 0.291424 0.853125 0.015987 0.012000
0 0.140300 0.857187 0.036969 0.023250
0 0.366778 0.858125 0.016986 0.028500
0 0.463364 0.845625 0.012989 0.006000
0 0.369276 0.844063 0.018984 0.008250
0 0.080766 0.856563 0.067943 0.042750
0 0.470441 0.842187 0.013988 0.012750
0 0.450458 0.845000 0.017985 0.019500
0 0.267694 0.842187 0.020983 0.014250
0 0.638218 0.839688 0.012989 0.011250
0 0.258535 0.837812 0.010991 0.008250
0 0.389259 0.836250 0.022981 0.018000
0 0.153206 0.845000 0.101915 0.048000
0 0.798501 0.835313 0.029975 0.029250
0 0.521649 0.829375 0.014988 0.016500
0 0.630724 0.826875 0.012989 0.018000
0 0.447544 0.823750 0.014988 0.015000
0 0.182348 0.822500 0.015987 0.012000
0 0.408826 0.847812 0.087927 0.078750
0 0.988010 0.821875 0.023980 0.018000
0 0.678185 0.815625 0.008993 0.007500
0 0.110741 0.823125 0.033972 0.027000
0 0.245629 0.811250 0.027977 0.007500
0 0.992090 0.810312 0.010991 0.009750
0 0.541216 0.808438 0.013988 0.005250
0 0.094088 0.810937 0.007993 0.011250
0 0.699001 0.807187 0.016986 0.006750
0 0.593256 0.806875 0.012989 0.015000
0 0.627810 0.800625 0.015987 0.007500
0 0.736053 0.800312 0.013988 0.008250
0 0.418818 0.795937 0.015987 0.008250
0 0.995004 0.795000 0.009992 0.012000
0 0.050958 0.828125 0.101915 0.100500
0 0.381765 0.788438 0.014988 0.008250
0 0.989009 0.781250 0.021982 0.012000
0 0.475437 0.777500 0.015987 0.010500
0 0.418818 0.776563 0.017985 0.008250
0 0.993006 0.771875 0.013988 0.013500
0 0.603247 0.770625 0.012989 0.010500
0 0.980433 0.768437 0.016986 0.008250
0 0.511241 0.769687 0.023980 0.014250
0 0.275187 0.767813 0.008993 0.014250
0 0.006994 0.765312 0.013988 0.008250
0 0.842215 0.764062 0.016986 0.015750
0 0.609076 0.760625 0.022981 0.010500
0 0.482931 0.761250 0.015987 0.013500
0 0.166112 0.757812 0.014988 0.005250
0 0.510408 0.758750 0.011990 0.009000
0 0.840133 0.754062 0.021982 0.006750
0 0.491674 0.750938 0.010991 0.014250
0 0.082015 0.748125 0.018984 0.015000
0 0.881765 0.746250 0.015987 0.015000
0 0.470441 0.755625 0.023980 0.040500
0 0.530808 0.787813 0.202831 0.119250
0 0.254788 0.750625 0.071940 0.034500
0 0.545795 0.756875 0.070941 0.052500
0 0.518318 0.748750 0.030974 0.033000
0 0.525812 0.737187 0.010991 0.008250
0 0.154038 0.747500 0.035970 0.033000
0 0.867610 0.740938 0.025978 0.020250
0 0.222315 0.740625 0.025978 0.019500
0 0.290591 0.737187 0.015987 0.015750
0 0.255620 0.737500 0.023980 0.016500
0 0.466694 0.735000 0.016986 0.016500
0 0.781432 0.733125 0.012989 0.013500
0 0.793089 0.731563 0.010991 0.011250
0 0.300583 0.730313 0.015987 0.011250
0 0.930058 0.730938 0.019983 0.014250
0 0.556203 0.729688 0.019983 0.021750
0 0.297252 0.724375 0.009992 0.010500
0 0.570358 0.731250 0.023980 0.033000
0 0.587427 0.721875 0.020983 0.016500
0 0.281848 0.725313 0.028976 0.027750
0 0.498751 0.727812 0.053955 0.036750
0 0.161116 0.723125 0.056953 0.030000
0 0.121565 0.714688 0.009992 0.009750
0 0.234804 0.719063 0.017985 0.023250
0 0.615321 0.713437 0.009992 0.011250
0 0.601582 0.715625 0.020983 0.018000
0 0.532057 0.722187 0.039967 0.033750
0 0.273522 0.712500 0.014988 0.012000
0 0.251873 0.722187 0.056953 0.038250
0 0.971024 0.735000 0.057952 0.075000
0 0.188177 0.707187 0.013988 0.008250
0 0.184846 0.719375 0.053955 0.037500
0 0.234388 0.705625 0.010991 0.010500
0 0.201915 0.707187 0.022981 0.017250
0 0.880516 0.714063 0.052956 0.038250
0 0.664030 0.707500 0.026978 0.022500
0 0.991507 0.700625 0.016986 0.009000
0 0.181932 0.698125 0.014988 0.009000
0 0.664030 0.696250 0.010991 0.009000
0 0.542881 0.700313 0.019983 0.018750
0 0.117818 0.699375 0.018984 0.016500
0 0.900083 0.696562 0.009992 0.011250
0 0.590758 0.701250 0.026978 0.028500
0 0.980017 0.696562 0.037968 0.018750
0 0.757286 0.696562 0.040966 0.021750
0 0.607827 0.697187 0.019983 0.023250
0 0.109492 0.745938 0.152873 0.141750
0 0.862614 0.690312 0.011990 0.012750
0 0.769775 0.689063 0.012989 0.009750
0 0.885096 0.694375 0.045962 0.024000
0 0.048293 0.688438 0.007993 0.009750
0 0.799334 0.686250 0.013988 0.007500
0 0.825562 0.691562 0.020983 0.023250
0 0.740633 0.687813 0.028976 0.015750
0 0.972523 0.686250 0.019983 0.013500
0 0.855953 0.685937 0.007993 0.012750
0 0.844296 0.687500 0.013988 0.016500
0 0.616153 0.688750 0.021982 0.019500
0 0.480017 0.680625 0.008993 0.009000
0 0.159867 0.682187 0.033972 0.014250
0 0.470441 0.680625 0.015987 0.016500
0 0.066195 0.676250 0.036969 0.012000
0 0.746461 0.680000 0.034971 0.022500
0 0.763114 0.670937 0.008993 0.008250
0 0.078934 0.706562 0.157868 0.096750
0 0.149042 0.671250 0.015987 0.018000
0 0.616986 0.668750 0.019983 0.013500
0 0.744380 0.666562 0.011990 0.011250
0 0.895504 0.664687 0.010991 0.009750
0 0.109492 0.663750 0.030974 0.010500
0 0.075354 0.664062 0.014988 0.014250
0 0.888426 0.674375 0.047960 0.045000
0 0.153206 0.659375 0.013988 0.010500
0 0.651957 0.657813 0.009992 0.014250
0 0.497918 0.655000 0.013988 0.009000
0 0.141549 0.656875 0.029975 0.019500
0 0.591590 0.666562 0.042964 0.045750
0 0.855537 0.650625 0.062948 0.031500
0 0.005995 0.639375 0.011990 0.010500
0 0.104496 0.640938 0.012989 0.021750
0 0.469192 0.635312 0.012989 0.011250
0 0.853455 0.631563 0.015987 0.009750
0 0.655704 0.659375 0.116903 0.076500
0 0.159450 0.630625 0.012989 0.010500
0 0.609076 0.637813 0.062948 0.030750
0 0.442964 0.629062 0.009992 0.009750
0 0.188593 0.629375 0.010991 0.013500
0 0.074938 0.646563 0.061948 0.056250
0 0.834721 0.631250 0.036969 0.021000
0 0.835137 0.625625 0.011990 0.009000
0 0.674022 0.625000 0.014988 0.007500
0 0.746045 0.630313 0.021982 0.021750
0 0.365529 0.625000 0.017985 0.010500
0 0.136553 0.625625 0.009992 0.012000
0 0.488759 0.623750 0.011990 0.010500
0 0.325146 0.625625 0.008993 0.016500
0 0.091590 0.630625 0.019983 0.030000
0 0.739384 0.622812 0.011990 0.014250
0 0.145712 0.620000 0.009992 0.009000
0 0.081599 0.622500 0.013988 0.018000
0 0.070358 0.618437 0.008993 0.008250
0 0.886345 0.635625 0.068943 0.058500
0 0.357202 0.616563 0.011990 0.012750
0 0.626145 0.619687 0.047960 0.027750
0 0.706495 0.612812 0.010991 0.014250
0 0.665695 0.610625 0.016986 0.010500
0 0.826395 0.609688 0.008993 0.009750
0 0.632806 0.609688 0.017985 0.011250
0 0.858035 0.616875 0.038968 0.031500
0 0.651124 0.615938 0.037968 0.030750
0 0.110741 0.617812 0.053955 0.035250
0 0.907993 0.608437 0.022981 0.023250
0 0.836386 0.606563 0.020983 0.018750
0 0.099500 0.601875 0.012989 0.009000
0 0.650291 0.600938 0.011990 0.017250
0 0.124063 0.598750 0.009992 0.012000
0 0.969525 0.612187 0.060949 0.047250
0 0.956286 0.598125 0.030974 0.015000
0 0.813072 0.603750 0.032973 0.028500
0 0.365529 0.597187 0.025978 0.012750
0 0.841799 0.596250 0.011990 0.012000
0 0.160283 0.597500 0.010991 0.016500
0 0.119900 0.591250 0.011990 0.009000
0 0.029142 0.593125 0.017985 0.018000
0 0.686928 0.593437 0.031973 0.023250
0 0.739384 0.583438 0.011990 0.008250
0 0.781848 0.583438 0.009992 0.009750
0 0.824313 0.585938 0.045962 0.021750
0 0.912989 0.589063 0.018984 0.030750
0 0.067027 0.579688 0.008993 0.008250
0 0.108659 0.589688 0.022981 0.035250
0 0.139467 0.580000 0.016986 0.013500
0 0.628643 0.743500 0.647460 0.513000
0 0.818068 0.578438 0.030974 0.024750
0 0.104913 0.575937 0.039967 0.026250
0 0.887177 0.571250 0.022981 0.018000
0 0.738551 0.572500 0.039967 0.021000
0 0.461699 0.573438 0.030974 0.024750
0 0.725645 0.565312 0.014988 0.009750
0 0.799750 0.568438 0.030974 0.030750
0 0.741465 0.563438 0.016986 0.021750
0 0.126145 0.564375 0.022981 0.030000
0 0.502082 0.557813 0.013988 0.017250
0 0.470441 0.555625 0.015987 0.012000
0 0.517902 0.558125 0.023980 0.019500
0 0.462531 0.552813 0.012989 0.012750
0 0.158618 0.567187 0.058951 0.050250
0 0.382598 0.548438 0.008993 0.011250
0 0.656120 0.550625 0.011990 0.021000
0 0.783097 0.559375 0.038968 0.043500
0 0.631973 0.544063 0.007993 0.009750
0 0.413822 0.540937 0.011990 0.009750
0 0.717319 0.540625 0.020983 0.015000
0 0.169442 0.540625 0.020983 0.016500
0 0.398002 0.536250 0.021982 0.010500
0 0.142798 0.541250 0.046961 0.025500
0 0.960033 0.533438 0.009992 0.011250
0 0.512073 0.534062 0.011990 0.014250
0 0.129475 0.532813 0.014988 0.014250
0 0.509992 0.532813 0.040966 0.035250
0 0.430058 0.523750 0.018984 0.013500
0 0.194838 0.518437 0.015987 0.011250
0 0.176936 0.522813 0.044963 0.023250
0 0.182764 0.512500 0.012989 0.009000
0 0.653622 0.522188 0.045962 0.036750
0 0.748127 0.509687 0.010991 0.008250
0 0.020983 0.516250 0.041965 0.025500
0 0.471274 0.509062 0.015987 0.009750
0 0.730225 0.524062 0.067943 0.047250
0 0.038718 0.506875 0.016986 0.013500
0 0.766028 0.509375 0.011990 0.021000
0 0.452956 0.504062 0.015987 0.008250
0 0.664030 0.501563 0.020983 0.009750
0 0.993006 0.503750 0.013988 0.016500
0 0.035803 0.496875 0.011990 0.006000
0 0.756453 0.498750 0.010991 0.012000
0 0.709409 0.542188 0.119900 0.119250
0 0.910075 0.494063 0.011990 0.009750
0 0.452540 0.488438 0.012989 0.009750
0 0.507077 0.486250 0.031973 0.016500
0 0.581599 0.475625 0.012989 0.007500
0 0.433389 0.476875 0.010991 0.012000
0 0.676520 0.486875 0.076936 0.040500
0 0.222731 0.478750 0.022981 0.022500
0 0.514571 0.473750 0.023980 0.012000
0 0.561199 0.522813 0.235803 0.140250
0 0.676936 0.471562 0.019983 0.018750
0 0.455037 0.492500 0.052956 0.069000
0 0.672773 0.465313 0.017985 0.005250
0 0.923813 0.478125 0.034971 0.043500
0 0.867610 0.462500 0.007993 0.010500
0 0.662781 0.464062 0.009992 0.018750
0 0.702748 0.463125 0.033972 0.018000
0 0.889675 0.460000 0.006994 0.012000
0 0.468360 0.456250 0.014988 0.006000
0 0.192340 0.453437 0.015987 0.006750
0 0.338884 0.452813 0.019983 0.009750
0 0.669858 0.450937 0.014988 0.006750
0 0.150291 0.453437 0.010991 0.012750
0 0.862614 0.449375 0.011990 0.009000
0 0.930475 0.452813 0.012989 0.020250
0 0.988759 0.446875 0.012989 0.009000
0 0.499584 0.441875 0.011990 0.009000
0 0.666528 0.441875 0.014988 0.010500
0 0.188177 0.460313 0.057952 0.054750
0 0.691091 0.450000 0.057952 0.031500
0 0.617402 0.453125 0.058951 0.042000
0 0.626978 0.437812 0.015987 0.009750
0 0.738551 0.475313 0.075937 0.101250
0 0.982515 0.439063 0.034971 0.017250
0 0.100333 0.436875 0.014988 0.012000
0 0.324729 0.442500 0.051957 0.027000
0 0.704829 0.432188 0.016986 0.011250
0 0.146961 0.438125 0.040966 0.027000
0 0.300167 0.431250 0.018984 0.015000
0 0.321399 0.431563 0.019983 0.018750
0 0.124480 0.425938 0.014988 0.009750
0 0.172773 0.420938 0.012989 0.009750
0 0.629475 0.416563 0.011990 0.011250
0 0.710658 0.423438 0.054954 0.041250
0 0.805579 0.407500 0.008993 0.007500
0 0.641965 0.407187 0.011990 0.008250
0 0.405495 0.411250 0.055953 0.024000
0 0.632806 0.404687 0.013988 0.009750
0 0.377602 0.407813 0.010991 0.017250
0 0.972939 0.405313 0.016986 0.012750
0 0.664446 0.429688 0.079933 0.071250
0 0.023730 0.405625 0.018984 0.013500
0 0.711907 0.405313 0.047960 0.014250
0 0.613655 0.401250 0.017985 0.010500
0 0.054538 0.398438 0.016986 0.009750
0 0.686095 0.403125 0.029975 0.034500
0 0.640716 0.394062 0.008993 0.014250
0 0.810991 0.390625 0.011990 0.010500
0 0.804330 0.397813 0.029975 0.030750
0 0.157369 0.385000 0.011990 0.009000
0 0.605329 0.391250 0.017985 0.027000
0 0.627394 0.389375 0.034971 0.033000
0 0.645712 0.380000 0.012989 0.012000
0 0.012989 0.385625 0.025978 0.031500
0 0.238135 0.382500 0.043963 0.030000
0 0.270192 0.376563 0.026978 0.017250
0 0.252290 0.371563 0.013988 0.014250
0 0.179434 0.401250 0.078934 0.085500
0 0.804330 0.375937 0.041965 0.033750
0 0.832639 0.486563 0.237802 0.302250
0 0.940050 0.364063 0.015987 0.009750
0 0.509575 0.355000 0.009992 0.009000
0 0.561615 0.354687 0.008993 0.009750
0 0.040799 0.366250 0.037968 0.037500
0 0.845545 0.356875 0.036969 0.016500
0 0.698168 0.347500 0.014988 0.013500
0 0.471690 0.345625 0.022981 0.010500
0 0.529559 0.354375 0.045962 0.033000
0 0.511241 0.335938 0.011990 0.011250
0 0.493339 0.348750 0.028976 0.042000
0 0.572856 0.334688 0.007993 0.009750
0 0.234804 0.331250 0.017985 0.019500
0 0.811407 0.330625 0.026978 0.019500
0 0.713572 0.326562 0.025978 0.015750
0 0.793089 0.338750 0.050958 0.049500
0 0.939634 0.314063 0.006994 0.011250
0 0.485845 0.306875 0.012989 0.009000
0 0.677769 0.305000 0.007993 0.010500
0 0.686928 0.300000 0.015987 0.009000
0 0.900916 0.292812 0.013988 0.006750
0 0.012906 0.292187 0.012989 0.008250
0 0.697752 0.294375 0.023980 0.024000
0 0.558285 0.288125 0.018984 0.009000
0 0.621565 0.296250 0.064946 0.031500
0 0.577852 0.292187 0.043963 0.023250
0 0.535803 0.290000 0.026978 0.019500
0 0.606578 0.288438 0.026978 0.018750
0 0.492506 0.285313 0.016986 0.011250
0 0.798501 0.283750 0.009992 0.010500
0 0.577019 0.283125 0.037968 0.010500
0 0.629475 0.279062 0.011990 0.011250
0 0.969609 0.271875 0.010991 0.007500
0 0.650291 0.278125 0.035970 0.022500
0 0.628226 0.270000 0.018984 0.013500
0 0.898002 0.275938 0.070941 0.042750
0 0.967527 0.260937 0.017985 0.017250
0 0.981515 0.261562 0.036969 0.023250
0 0.951291 0.257812 0.020983 0.017250
0 0.906328 0.260000 0.014988 0.022500
0 0.480849 0.274687 0.094921 0.057750
0 0.912573 0.253437 0.009992 0.008250
0 0.876769 0.256250 0.055953 0.016500
0 0.489592 0.251563 0.015987 0.005250
0 0.525396 0.252500 0.033972 0.015000
0 0.730225 0.246250 0.027977 0.021000
0 0.716070 0.241563 0.015987 0.009750
0 0.514155 0.244062 0.022981 0.017250
0 0.743547 0.235625 0.063947 0.016500
0 0.892590 0.232187 0.013988 0.018750
0 0.697336 0.225000 0.018984 0.018000
0 0.774771 0.221562 0.010991 0.011250
0 0.991507 0.220000 0.016986 0.010500
0 0.566611 0.219688 0.010991 0.011250
0 0.825146 0.223125 0.039967 0.021000
0 0.853872 0.227500 0.044963 0.033000
0 0.500416 0.226250 0.041965 0.039000
0 0.933389 0.215000 0.015987 0.013500
0 0.815570 0.216250 0.032973 0.022500
0 0.465029 0.208750 0.010991 0.012000
0 0.728976 0.216875 0.052956 0.036000
0 0.554122 0.223438 0.086928 0.059250
0 0.472939 0.206563 0.019983 0.026250
0 0.872190 0.200937 0.018984 0.014250
0 0.013739 0.201563 0.020983 0.018750
0 0.619484 0.197813 0.017985 0.012750
0 0.928393 0.196563 0.021982 0.012750
0 0.588676 0.198125 0.015987 0.021000
0 0.870525 0.192500 0.016986 0.009000
0 0.685679 0.192812 0.016986 0.011250
0 0.595754 0.196875 0.016986 0.024000
0 0.922981 0.187188 0.018984 0.009750
0 0.611157 0.190000 0.021982 0.016500
0 0.509992 0.186562 0.018984 0.009750
0 0.649042 0.194688 0.048959 0.032250
0 0.657369 0.238125 0.322731 0.139500
0 0.592839 0.183750 0.023980 0.010500
0 0.718568 0.182500 0.009992 0.009000
0 0.563281 0.189688 0.028976 0.026250
0 0.475021 0.197187 0.068943 0.048750
0 0.670275 0.183438 0.027977 0.017250
0 0.650708 0.180625 0.014988 0.012000
0 0.578684 0.179688 0.013988 0.012750
0 0.708993 0.179063 0.010991 0.012750
0 0.028310 0.173750 0.015987 0.009000
0 0.762281 0.175625 0.016986 0.016500
0 0.619900 0.169687 0.024979 0.014250
0 0.834305 0.166563 0.009992 0.009750
0 0.708576 0.165625 0.011990 0.012000
0 0.565362 0.164375 0.011990 0.010500
0 0.539134 0.187500 0.066944 0.067500
0 0.767694 0.166563 0.027977 0.018750
0 0.548293 0.162188 0.022981 0.009750
0 0.641965 0.163438 0.013988 0.014250
0 0.569942 0.154688 0.016986 0.009750
0 0.553705 0.153438 0.035970 0.012750
0 0.676936 0.149375 0.009992 0.010500
0 0.645296 0.149688 0.025978 0.011250
0 0.856370 0.156875 0.050958 0.033000
0 0.674438 0.161250 0.075937 0.051000
0 0.881349 0.140625 0.030974 0.012000
0 0.814321 0.153125 0.069942 0.043500
0 0.543714 0.138437 0.013988 0.009750
0 0.863031 0.137500 0.016986 0.010500
0 0.682764 0.142187 0.025978 0.024750
0 0.704829 0.135000 0.010991 0.009000
0 0.655287 0.135000 0.027977 0.009000
0 0.015487 0.136250 0.030974 0.015000
0 0.597002 0.130938 0.011990 0.006750
0 0.525396 0.131875 0.015987 0.012000
0 0.118235 0.130312 0.013988 0.008250
0 0.977935 0.127188 0.010991 0.008250
0 0.796420 0.132812 0.032973 0.021750
0 0.555787 0.136563 0.060949 0.041250
0 0.024979 0.121875 0.017985 0.009000
0 0.135304 0.126250 0.028976 0.021000
0 0.792673 0.121563 0.023980 0.011250
0 0.078684 0.120938 0.008993 0.009750
0 0.651957 0.120938 0.017985 0.012750
0 0.164030 0.118125 0.017985 0.012000
0 0.060783 0.124688 0.027977 0.030750
0 0.725645 0.125938 0.032973 0.035250
0 0.609492 0.116250 0.019983 0.012000
0 0.857619 0.119063 0.013988 0.020250
0 0.870525 0.117500 0.014988 0.018000
0 0.835137 0.130000 0.057952 0.048000
0 0.153206 0.117813 0.015987 0.024750
0 0.654038 0.118750 0.054954 0.037500
0 0.993006 0.097500 0.013988 0.007500
0 0.080350 0.101875 0.026978 0.022500
0 0.601998 0.097500 0.013988 0.013500
0 0.008993 0.095000 0.017985 0.012000
0 0.051207 0.093438 0.016986 0.011250
0 0.547877 0.091250 0.019983 0.013500
0 0.169026 0.087188 0.011990 0.012750
0 0.995504 0.084062 0.008993 0.009750
0 0.506661 0.088438 0.028976 0.023250
0 0.040383 0.081875 0.012989 0.010500
0 0.768110 0.081562 0.008993 0.015750
0 0.823897 0.085312 0.036969 0.026250
0 0.182348 0.087813 0.025978 0.035250
0 0.757286 0.078437 0.014988 0.018750
0 0.745629 0.072813 0.014988 0.005250
0 0.470858 0.075313 0.026978 0.012750
0 0.450042 0.077813 0.034971 0.023250
0 0.360117 0.069687 0.010991 0.006750
0 0.701915 0.071250 0.013988 0.012000
0 0.144463 0.074688 0.016986 0.020250
0 0.568693 0.068750 0.015987 0.009000
0 0.184846 0.070000 0.013988 0.013500
0 0.007494 0.072813 0.014988 0.020250
0 0.555787 0.076563 0.028976 0.032250
0 0.397585 0.068750 0.016986 0.013500
0 0.016653 0.069375 0.007993 0.015000
0 0.539134 0.066250 0.014988 0.010500
0 0.866361 0.065000 0.008993 0.009000
0 0.848876 0.072500 0.020983 0.027000
0 0.664863 0.062500 0.016986 0.009000
0 0.454205 0.061562 0.018984 0.014250
0 0.126145 0.076250 0.054954 0.049500
0 0.934638 0.057500 0.008993 0.009000
0 0.884679 0.064375 0.026978 0.025500
0 0.277269 0.057813 0.011990 0.009750
0 0.009575 0.060937 0.018984 0.017250
0 0.860949 0.064062 0.031973 0.029250
0 0.838884 0.056250 0.018984 0.010500
0 0.373439 0.059687 0.032973 0.021750
0 0.138218 0.050937 0.015987 0.009750
0 0.106162 0.057500 0.060949 0.031500
0 0.962531 0.046875 0.017985 0.007500
0 0.009992 0.050000 0.019983 0.015000
0 0.862198 0.050000 0.014988 0.016500
0 0.838884 0.048438 0.022981 0.012750
0 0.934221 0.050937 0.033972 0.021750
0 0.613239 0.048438 0.022981 0.015750
0 0.913405 0.044375 0.013988 0.009000
0 0.527477 0.044687 0.008993 0.012750
0 0.121565 0.043750 0.019983 0.012000
0 0.605329 0.038750 0.015987 0.009000
0 0.017485 0.042813 0.034971 0.018750
0 0.263530 0.039375 0.012989 0.019500
0 0.489176 0.033750 0.012989 0.010500
0 0.994005 0.031875 0.011990 0.010500
0 0.029142 0.033438 0.017985 0.014250
0 0.972939 0.030000 0.014988 0.007500
0 0.771024 0.037812 0.023980 0.029250
0 0.057868 0.030625 0.012989 0.012000
0 0.929226 0.026562 0.011990 0.006750
0 0.941299 0.032813 0.042964 0.024750
0 0.985429 0.026250 0.014988 0.010500
0 0.464613 0.025625 0.017985 0.009000
0 0.041216 0.026562 0.016986 0.011250
0 0.015404 0.027187 0.020983 0.021750
0 0.008993 0.026250 0.017985 0.019500
0 0.878435 0.020938 0.019983 0.009750
0 0.480433 0.022812 0.025978 0.015750
0 0.450458 0.020000 0.025978 0.016500
0 0.821815 0.020625 0.025978 0.019500
0 0.442964 0.015938 0.007993 0.009750
0 0.862614 0.023438 0.025978 0.029250
0 0.707327 0.015000 0.020983 0.009000
0 0.334721 0.015312 0.011990 0.009750
0 0.920483 0.015000 0.014988 0.010500
0 0.691507 0.015938 0.014988 0.014250
0 0.991007 0.015312 0.017985 0.014250
0 0.471690 0.012500 0.016986 0.013500
0 0.345545 0.010000 0.013988 0.012000
0 0.837635 0.027375 0.049958 0.054750
0 0.244380 0.007500 0.016986 0.007500
0 0.152373 0.008750 0.011990 0.010500
0 0.881349 0.009687 0.016986 0.014250
0 0.457119 0.007188 0.011990 0.009750
0 0.414654 0.008750 0.007993 0.013500
0 0.224396 0.008750 0.012989 0.013500
0 0.724396 0.004063 0.017985 0.006750
0 0.971274 0.024000 0.038968 0.048000
0 0.946295 0.015750 0.062948 0.031500
0 0.915487 0.006000 0.036969 0.012000
0 0.896753 0.024375 0.063947 0.048750
0 0.860949 0.006750 0.027977 0.013500
0 0.789759 0.009000 0.016986 0.018000
0 0.770608 0.022500 0.148876 0.045000
0 0.706911 0.005625 0.017985 0.011250
0 0.664863 0.004125 0.010991 0.008250
0 0.623231 0.010500 0.018984 0.021000
0 0.598668 0.008250 0.039967 0.016500
0 0.579101 0.024375 0.068943 0.048750
0 0.475021 0.008250 0.030974 0.016500
0 0.435054 0.009000 0.038968 0.018000
0 0.202331 0.008250 0.041965 0.016500
0 0.600000 0.600000 1.000000 1.000000
0 0.077435 0.009750 0.035970 0.019500
0 0.100916 0.086250 0.201832 0.172500
0 0.027977 0.012000 0.055953 0.024000
