0 0.342187 0.825521 0.016875 0.023750
0 0.308984 0.793229 0.012188 0.023750
0 0.346094 0.784896 0.016875 0.036250
0 0.457422 0.759896 0.025312 0.021250
0 0.391797 0.738542 0.012188 0.022500
0 0.360938 0.744271 0.011250 0.036250
0 0.436719 0.727604 0.013125 0.013750
0 0.453125 0.709896 0.011250 0.016250
0 0.414844 0.719271 0.033750 0.041250
0 0.366016 0.712500 0.021562 0.027500
0 0.343750 0.704688 0.022500 0.028750
0 0.504687 0.685937 0.016875 0.016250
0 0.323047 0.677083 0.019688 0.017500
0 0.429297 0.690625 0.049687 0.052500
0 0.276953 0.680208 0.025312 0.030000
0 0.522266 0.671354 0.017813 0.013750
0 0.433984 0.668229 0.030937 0.031250
0 0.380469 0.691146 0.067500 0.086250
0 0.472266 0.661979 0.010312 0.021250
0 0.519531 0.657292 0.015000 0.015000
0 0.469141 0.681250 0.049687 0.072500
0 0.361328 0.663021 0.032813 0.046250
0 0.285938 0.661979 0.043125 0.043750
0 0.373437 0.649479 0.024375 0.026250
0 0.301953 0.648438 0.030937 0.026250
0 0.535156 0.647917 0.015000 0.027500
0 0.495703 0.664062 0.036562 0.066250
0 0.388672 0.644792 0.010312 0.020000
0 0.405078 0.644271 0.027187 0.033750
0 0.426563 0.641667 0.022500 0.030000
0 0.324609 0.648958 0.049687 0.050000
0 0.253516 0.634375 0.017813 0.020000
0 0.470313 0.630208 0.015000 0.020000
0 0.305469 0.627083 0.013125 0.020000
0 0.356641 0.622396 0.019688 0.013750
0 0.547266 0.626042 0.040313 0.027500
0 0.401172 0.619271 0.027187 0.016250
0 0.487500 0.618229 0.013125 0.023750
0 0.376563 0.620313 0.026250 0.036250
0 0.595703 0.610417 0.017813 0.027500
0 0.265625 0.609375 0.035625 0.032500
0 0.550391 0.607292 0.027187 0.030000
0 0.431641 0.609896 0.036562 0.043750
0 0.468359 0.597917 0.014063 0.017500
0 0.322266 0.607812 0.036562 0.041250
0 0.456250 0.600521 0.016875 0.028750
0 0.511328 0.600000 0.032813 0.032500
0 0.289062 0.610417 0.030000 0.057500
0 0.598437 0.594271 0.015000 0.031250
0 0.335547 0.591667 0.029062 0.027500
0 0.439844 0.583854 0.011250 0.011250
0 0.308203 0.588021 0.010312 0.021250
0 0.580078 0.601562 0.015938 0.056250
0 0.423828 0.586458 0.014063 0.022500
0 0.358984 0.588021 0.012188 0.028750
0 0.398828 0.592708 0.036562 0.042500
0 0.521094 0.583333 0.016875 0.025000
0 0.487891 0.580729 0.040313 0.021250
0 0.562109 0.591146 0.027187 0.048750
0 0.300000 0.576042 0.013125 0.012500
0 0.248438 0.583333 0.022500 0.030000
0 0.375781 0.581771 0.013125 0.028750
0 0.258984 0.577083 0.015938 0.030000
0 0.407422 0.569271 0.012188 0.018750
0 0.346484 0.568229 0.019688 0.018750
0 0.621875 0.572917 0.022500 0.037500
0 0.567578 0.563542 0.019688 0.015000
0 0.387500 0.564063 0.026250 0.023750
0 0.255078 0.558854 0.017813 0.011250
0 0.539453 0.571354 0.040313 0.043750
0 0.471875 0.563542 0.028125 0.025000
0 0.438281 0.548958 0.016875 0.012500
0 0.584375 0.555208 0.018750 0.030000
0 0.360156 0.555208 0.039375 0.032500
0 0.276172 0.552083 0.008437 0.025000
0 0.511328 0.554167 0.032813 0.035000
0 0.264453 0.546354 0.012188 0.018750
0 0.451562 0.544792 0.018750 0.025000
0 0.566016 0.542188 0.015938 0.023750
0 0.404687 0.537500 0.024375 0.025000
0 0.479297 0.541667 0.042188 0.037500
0 0.330469 0.533854 0.016875 0.018750
0 0.615625 0.530208 0.015000 0.017500
0 0.517578 0.536979 0.023438 0.033750
0 0.283203 0.544792 0.045937 0.052500
0 0.662891 0.530729 0.019688 0.023750
0 0.536328 0.530208 0.015938 0.025000
0 0.599219 0.523958 0.015000 0.017500
0 0.408984 0.519271 0.021562 0.013750
0 0.482812 0.520833 0.018750 0.020000
0 0.318750 0.539062 0.052500 0.063750
0 0.683984 0.521354 0.027187 0.026250
0 0.352344 0.518229 0.041250 0.021250
0 0.637109 0.511979 0.015938 0.011250
0 0.567187 0.515625 0.009375 0.030000
0 0.455859 0.512500 0.017813 0.025000
0 0.601953 0.505729 0.012188 0.013750
0 0.485547 0.505208 0.015938 0.017500
0 0.419922 0.507812 0.015938 0.033750
0 0.509766 0.505208 0.034687 0.030000
0 0.294141 0.498958 0.027187 0.022500
0 0.521875 0.492188 0.016875 0.011250
0 0.569531 0.490625 0.018750 0.017500
0 0.439063 0.504167 0.052500 0.050000
0 0.585547 0.491667 0.012188 0.022500
0 0.350391 0.498437 0.094687 0.043750
0 0.503125 0.483854 0.026250 0.016250
0 0.390625 0.494271 0.041250 0.043750
0 0.650391 0.483333 0.027187 0.030000
0 0.683594 0.478125 0.018750 0.022500
0 0.484375 0.482812 0.015000 0.033750
0 0.401172 0.477604 0.015938 0.026250
0 0.591016 0.476562 0.023438 0.028750
0 0.571484 0.472917 0.008437 0.020000
0 0.330469 0.470313 0.031875 0.016250
0 0.614453 0.488021 0.038437 0.061250
0 0.426953 0.470833 0.012188 0.020000
0 0.500391 0.466667 0.014063 0.020000
0 0.521484 0.466146 0.015938 0.026250
0 0.371094 0.459375 0.013125 0.015000
0 0.437891 0.463542 0.010312 0.032500
0 0.302734 0.460417 0.014063 0.025000
0 0.460547 0.456250 0.019688 0.017500
0 0.362500 0.464583 0.022500 0.045000
0 0.625000 0.460938 0.024375 0.043750
0 0.646094 0.446354 0.024375 0.018750
0 0.347656 0.445833 0.016875 0.020000
0 0.385547 0.455208 0.019688 0.055000
0 0.456250 0.436458 0.020625 0.015000
0 0.596094 0.442708 0.026250 0.040000
0 0.296875 0.434896 0.022500 0.021250
0 0.567578 0.444792 0.034687 0.052500
0 0.541797 0.469271 0.051562 0.116250
0 0.425391 0.436458 0.040313 0.040000
0 0.331250 0.440104 0.048750 0.048750
0 0.369141 0.424479 0.021562 0.016250
0 0.494141 0.440625 0.044062 0.057500
0 0.308984 0.425521 0.027187 0.028750
0 0.477734 0.416667 0.017813 0.015000
0 0.562109 0.426563 0.019688 0.041250
0 0.595703 0.412500 0.012188 0.017500
0 0.454297 0.409375 0.015938 0.020000
0 0.344531 0.409896 0.016875 0.021250
0 0.475391 0.401562 0.014063 0.008750
0 0.419922 0.413542 0.029062 0.042500
0 0.386328 0.413542 0.055313 0.047500
0 0.499219 0.402604 0.022500 0.026250
0 0.555859 0.398438 0.014063 0.018750
0 0.312109 0.399479 0.023438 0.023750
0 0.348438 0.394271 0.020625 0.013750
0 0.323047 0.402083 0.029062 0.032500
0 0.529687 0.401562 0.048750 0.048750
0 0.393750 0.382292 0.026250 0.012500
0 0.341016 0.379167 0.017813 0.010000
0 0.531641 0.379688 0.010312 0.013750
0 0.582812 0.391667 0.043125 0.067500
0 0.362500 0.368229 0.016875 0.021250
0 0.635156 0.386979 0.054375 0.071250
0 0.451953 0.376042 0.059062 0.045000
0 0.588281 0.361458 0.018750 0.017500
0 0.527344 0.357812 0.011250 0.021250
0 0.618750 0.352083 0.015000 0.010000
0 0.410938 0.369271 0.061875 0.051250
0 0.558984 0.356250 0.012188 0.027500
0 0.379297 0.351562 0.015938 0.026250
0 0.632031 0.343750 0.013125 0.015000
0 0.467969 0.358854 0.048750 0.056250
0 0.619141 0.384896 0.051562 0.123750
0 0.417969 0.338542 0.030000 0.032500
0 0.394141 0.335417 0.014063 0.027500
0 0.570703 0.336458 0.055313 0.035000
0 0.510156 0.328125 0.031875 0.032500
0 0.535547 0.336979 0.023438 0.056250
0 0.475391 0.325000 0.025312 0.042500
0 0.441406 0.319271 0.033750 0.031250
0 0.607031 0.308854 0.028125 0.038750
0 0.419922 0.314063 0.021562 0.051250
0 0.503906 0.299479 0.033750 0.033750
0 0.625000 0.303646 0.022500 0.046250
0 0.581250 0.294271 0.011250 0.028750
0 0.481641 0.291667 0.010312 0.022500
0 0.560156 0.302604 0.103125 0.068750
0 0.315625 0.282292 0.028125 0.030000
0 0.344922 0.284896 0.023438 0.038750
0 0.465625 0.276042 0.016875 0.020000
0 0.523828 0.266146 0.012188 0.013750
0 0.485156 0.268229 0.026250 0.033750
0 0.400781 0.264583 0.028125 0.025000
0 0.558594 0.271875 0.024375 0.052500
0 0.591016 0.268229 0.014063 0.051250
0 0.392188 0.251563 0.013125 0.011250
0 0.573828 0.254167 0.015938 0.020000
0 0.511719 0.252604 0.028125 0.018750
0 0.568359 0.261979 0.019688 0.046250
0 0.528906 0.244271 0.011250 0.011250
0 0.603125 0.245312 0.020625 0.033750
0 0.560547 0.234375 0.010312 0.017500
0 0.619922 0.235937 0.017813 0.036250
0 0.580859 0.212500 0.021562 0.037500
0 0.473047 0.206250 0.015938 0.037500
0 0.549609 0.188542 0.027187 0.030000
0 0.392969 0.175521 0.026250 0.018750
0 0.519141 0.096354 0.014063 0.036250
0 0.801953 0.600000 0.344062 1.000000
0 0.178906 0.600000 0.333750 1.000000
