0 0.597812 0.954621 0.026250 0.062948
0 0.653750 0.929642 0.037500 0.056953
0 0.333750 0.919650 0.046500 0.040966
0 0.336875 0.902581 0.022500 0.009992
0 0.216562 0.910908 0.039750 0.029975
0 0.357500 0.899251 0.013500 0.015987
0 0.511875 0.908410 0.037500 0.043963
0 0.428438 0.921316 0.054750 0.080933
0 0.390625 0.904663 0.058500 0.040966
0 0.292187 0.901332 0.047250 0.036969
0 0.553438 0.889259 0.017250 0.017985
0 0.435312 0.889675 0.027750 0.020983
0 0.494375 0.885928 0.018000 0.013988
0 0.467813 0.900500 0.056250 0.066944
0 0.230313 0.882598 0.009750 0.027977
0 0.275625 0.869276 0.013500 0.011990
0 0.650312 0.887177 0.039750 0.056953
0 0.259062 0.880933 0.030750 0.041965
0 0.342500 0.880100 0.012000 0.041965
0 0.210000 0.879267 0.034500 0.041965
0 0.445625 0.860533 0.009000 0.008993
0 0.535937 0.878851 0.051750 0.056953
0 0.422812 0.865529 0.020250 0.032973
0 0.368437 0.860949 0.024750 0.029975
0 0.575313 0.873439 0.032250 0.065945
0 0.483438 0.853039 0.039750 0.036969
0 0.532500 0.835554 0.016500 0.014988
0 0.546250 0.835137 0.013500 0.017985
0 0.326250 0.840133 0.009000 0.029975
0 0.525625 0.829309 0.012000 0.009992
0 0.338750 0.831807 0.013500 0.017985
0 0.151875 0.845962 0.034500 0.055953
0 0.303438 0.848043 0.069750 0.068943
0 0.485625 0.821815 0.010500 0.011990
0 0.590313 0.834305 0.045750 0.043963
0 0.195000 0.823897 0.022500 0.022981
0 0.499375 0.831807 0.049500 0.049958
0 0.603125 0.812240 0.010500 0.012989
0 0.229375 0.801832 0.022500 0.011990
0 0.492812 0.803913 0.006750 0.024979
0 0.585938 0.803497 0.018750 0.027977
0 0.205313 0.800583 0.035250 0.022981
0 0.187188 0.801415 0.059250 0.044963
0 0.322813 0.799334 0.038250 0.041965
0 0.544375 0.804746 0.073500 0.060949
0 0.422187 0.783097 0.008250 0.014988
0 0.240625 0.783514 0.015000 0.019983
0 0.586875 0.783097 0.015000 0.020983
0 0.390937 0.777269 0.015750 0.006994
0 0.282500 0.793922 0.054000 0.060949
0 0.336250 0.773522 0.016500 0.019983
0 0.605000 0.785595 0.028500 0.050958
0 0.238750 0.768110 0.009000 0.012989
0 0.094375 0.785179 0.033000 0.065945
0 0.560937 0.756869 0.029250 0.019983
0 0.151562 0.770192 0.026250 0.061948
0 0.670000 0.768526 0.042000 0.061948
0 0.475938 0.755204 0.021750 0.033972
0 0.402500 0.776020 0.088500 0.087927
0 0.450000 0.823064 0.265500 0.204829
0 0.667188 0.741465 0.005250 0.018984
0 0.583125 0.748127 0.031500 0.038968
0 0.370937 0.737302 0.009750 0.018984
0 0.527813 0.734388 0.033750 0.031973
0 0.297500 0.750208 0.079500 0.071940
0 0.194062 0.750208 0.081750 0.071940
0 0.500938 0.730225 0.017250 0.029975
0 0.229687 0.726894 0.035250 0.045962
0 0.467813 0.718984 0.062250 0.042964
0 0.665937 0.721066 0.032250 0.049958
0 0.310625 0.706495 0.022500 0.030974
0 0.396562 0.728143 0.125250 0.088926
0 0.425625 0.693589 0.022500 0.011990
0 0.385625 0.694421 0.021000 0.017985
0 0.508125 0.701082 0.033000 0.043963
0 0.203437 0.701082 0.054750 0.059950
0 0.544687 0.692756 0.039750 0.057952
0 0.274375 0.714405 0.084000 0.109908
0 0.229375 0.674854 0.019500 0.030974
0 0.314688 0.671524 0.012750 0.036969
0 0.678125 0.686511 0.096000 0.078934
0 0.474062 0.677769 0.087750 0.057952
0 0.292812 0.667777 0.038250 0.033972
0 0.335625 0.674438 0.036000 0.051957
0 0.185312 0.663197 0.018750 0.024979
0 0.150625 0.691091 0.066000 0.093922
0 0.278125 0.654455 0.009000 0.011990
0 0.265937 0.656536 0.011250 0.018984
0 0.630000 0.656536 0.018000 0.020983
0 0.644375 0.651540 0.012000 0.010991
0 0.576562 0.670691 0.030750 0.058951
0 0.165000 0.663197 0.031500 0.042964
0 0.614062 0.680683 0.053250 0.096919
0 0.243438 0.642381 0.042750 0.024979
0 0.657188 0.639051 0.048750 0.032973
0 0.294375 0.639883 0.051000 0.036969
0 0.350313 0.638634 0.030750 0.041965
0 0.562500 0.636553 0.045000 0.042964
0 0.622500 0.625312 0.033000 0.029975
0 0.529375 0.626561 0.030000 0.036969
0 0.500625 0.636553 0.039000 0.062948
0 0.328125 0.617402 0.030000 0.018984
0 0.200313 0.644047 0.065250 0.090924
0 0.050313 0.620733 0.047250 0.042964
0 0.391562 0.668609 0.111750 0.169858
0 0.225312 0.604913 0.014250 0.018984
0 0.534375 0.601166 0.027000 0.019983
0 0.365312 0.597835 0.006750 0.013988
0 0.241250 0.603664 0.022500 0.029975
0 0.162500 0.600333 0.013500 0.021982
0 0.177500 0.592839 0.019500 0.011990
0 0.493750 0.598251 0.025500 0.026978
0 0.278438 0.593672 0.011250 0.015987
0 0.213125 0.584929 0.012000 0.008993
0 0.261875 0.584097 0.010500 0.008993
0 0.627188 0.584929 0.012750 0.014988
0 0.140313 0.587427 0.009750 0.020983
0 0.650312 0.601166 0.042750 0.057952
0 0.237187 0.582848 0.009750 0.017985
0 0.153125 0.583680 0.015000 0.021982
0 0.381875 0.594088 0.031500 0.056953
0 0.230000 0.572023 0.010500 0.015987
0 0.343438 0.580766 0.060750 0.042964
0 0.251250 0.568276 0.012000 0.012989
0 0.646250 0.567444 0.009000 0.014988
0 0.170000 0.572023 0.009000 0.027977
0 0.288125 0.590758 0.075000 0.076936
0 0.573750 0.598251 0.069000 0.096919
0 0.191562 0.570774 0.027750 0.034971
0 0.142813 0.596586 0.059250 0.106911
0 0.307500 0.568276 0.027000 0.042964
0 0.325625 0.557868 0.010500 0.019983
0 0.676875 0.586178 0.039000 0.091923
0 0.226250 0.555371 0.004500 0.017985
0 0.205313 0.553289 0.006750 0.014988
0 0.610000 0.577852 0.067500 0.075937
0 0.537813 0.551207 0.014250 0.015987
0 0.646875 0.550791 0.016500 0.020983
0 0.154375 0.551207 0.021000 0.021982
0 0.179063 0.549542 0.017250 0.023980
0 0.217188 0.542048 0.014250 0.007993
0 0.593125 0.562448 0.033000 0.058951
0 0.195625 0.542465 0.015000 0.014988
0 0.613125 0.536636 0.012000 0.014988
0 0.375000 0.543714 0.069000 0.057952
0 0.482500 0.582848 0.067500 0.161865
0 0.623750 0.527477 0.042000 0.032973
0 0.699375 0.522898 0.012000 0.023980
0 0.528750 0.554122 0.054000 0.100916
0 0.329062 0.535387 0.030750 0.055953
0 0.560000 0.536636 0.034500 0.064946
0 0.514062 0.514155 0.012750 0.010991
0 0.507188 0.519567 0.011250 0.023980
0 0.248125 0.537052 0.081000 0.065945
0 0.153750 0.512073 0.010500 0.029975
0 0.186250 0.520816 0.066000 0.062948
0 0.589063 0.502498 0.038250 0.040966
0 0.688438 0.529142 0.048750 0.108909
0 0.660625 0.511241 0.052500 0.065945
0 0.175313 0.494172 0.030750 0.026978
0 0.246250 0.494588 0.031500 0.029975
0 0.627188 0.490008 0.030750 0.022981
0 0.359687 0.499584 0.039750 0.045962
0 0.460313 0.485012 0.015750 0.014988
0 0.141250 0.492923 0.012000 0.045962
0 0.566250 0.487927 0.024000 0.047960
0 0.288750 0.512906 0.067500 0.107910
0 0.160938 0.474604 0.011250 0.017985
0 0.377188 0.470858 0.008250 0.018984
0 0.146875 0.467943 0.013500 0.011990
0 0.396875 0.482515 0.042000 0.050958
0 0.330937 0.483347 0.030750 0.060949
0 0.608750 0.470441 0.009000 0.031973
0 0.362812 0.467943 0.021750 0.025978
0 0.650625 0.467943 0.015000 0.027977
0 0.415938 0.458368 0.009750 0.010991
0 0.696875 0.488759 0.060000 0.091923
0 0.660625 0.453789 0.021000 0.013988
0 0.235625 0.471690 0.073500 0.064946
0 0.123750 0.461282 0.049500 0.039967
0 0.578750 0.448793 0.009000 0.011990
0 0.058438 0.451291 0.021750 0.023980
0 0.620625 0.445046 0.006000 0.018984
0 0.633750 0.450458 0.033000 0.033972
0 0.707500 0.457119 0.043500 0.055953
0 0.305937 0.437968 0.012750 0.015987
0 0.719688 0.432973 0.012750 0.011990
0 0.535312 0.431307 0.015750 0.007993
0 0.589375 0.448376 0.070500 0.066944
0 0.234687 0.440050 0.047250 0.046961
0 0.440312 0.439634 0.045750 0.051957
0 0.353438 0.430891 0.041250 0.036969
0 0.630313 0.424230 0.020250 0.028976
0 0.686562 0.426728 0.060750 0.042964
0 0.032813 0.435887 0.032250 0.064946
0 0.725938 0.417152 0.020250 0.023980
0 0.380312 0.435470 0.026250 0.067943
0 0.262813 0.414654 0.036750 0.025978
0 0.058125 0.421316 0.030000 0.043963
0 0.466250 0.413405 0.028500 0.030974
0 0.169687 0.435887 0.075750 0.092923
0 0.659375 0.413405 0.048000 0.046961
0 0.698438 0.399251 0.011250 0.014988
0 0.207500 0.403830 0.024000 0.035970
0 0.174375 0.400500 0.012000 0.029975
0 0.687813 0.400083 0.014250 0.030974
0 0.295938 0.391341 0.011250 0.009992
0 0.491250 0.502498 0.205500 0.282764
0 0.646563 0.388843 0.029250 0.013988
0 0.208750 0.380933 0.013500 0.006994
0 0.345313 0.378435 0.024750 0.014988
0 0.460313 0.385928 0.059250 0.040966
0 0.590000 0.387594 0.030000 0.046961
0 0.403750 0.412573 0.075000 0.106911
0 0.492500 0.380100 0.016500 0.032973
0 0.516875 0.371357 0.010500 0.017985
0 0.170313 0.385928 0.071250 0.056953
0 0.654687 0.379267 0.072750 0.054954
0 0.412187 0.373855 0.065250 0.041965
0 0.190625 0.358868 0.013500 0.015987
0 0.459688 0.350958 0.012750 0.018984
0 0.323750 0.408410 0.127500 0.156869
0 0.539687 0.363031 0.039750 0.051957
0 0.211562 0.354704 0.018750 0.031973
0 0.613125 0.379684 0.033000 0.101915
0 0.704688 0.369276 0.045750 0.082931
0 0.247500 0.375937 0.075000 0.102914
0 0.196875 0.336386 0.009000 0.017985
0 0.643125 0.347627 0.037500 0.046961
0 0.478125 0.339301 0.021000 0.026978
0 0.346562 0.344296 0.047250 0.040966
0 0.515000 0.337219 0.033000 0.029975
0 0.573125 0.356370 0.045000 0.083930
0 0.303125 0.339717 0.054000 0.043963
0 0.240000 0.327227 0.028500 0.013988
0 0.207500 0.325978 0.009000 0.010991
0 0.406875 0.334305 0.042000 0.044963
0 0.215625 0.327227 0.015000 0.029975
0 0.381875 0.325146 0.015000 0.026978
0 0.582812 0.332639 0.041250 0.046961
0 0.772500 0.335137 0.037500 0.060949
0 0.534062 0.322648 0.014250 0.032973
0 0.561875 0.311823 0.010500 0.010991
0 0.367188 0.320566 0.014250 0.043963
0 0.683125 0.329309 0.055500 0.066944
0 0.622812 0.317652 0.056250 0.038968
0 0.598750 0.305995 0.004500 0.014988
0 0.516563 0.303497 0.026250 0.014988
0 0.494688 0.316403 0.014250 0.047960
0 0.535937 0.302664 0.005250 0.016986
0 0.586562 0.302664 0.012750 0.018984
0 0.379063 0.302664 0.005250 0.018984
0 0.262500 0.320566 0.042000 0.071940
0 0.421250 0.305995 0.036000 0.038968
0 0.345625 0.296420 0.033000 0.017985
0 0.715625 0.313072 0.022500 0.059950
0 0.394062 0.298918 0.020250 0.025978
0 0.512813 0.288926 0.012750 0.009992
0 0.484687 0.299750 0.050250 0.041965
0 0.179375 0.322648 0.067500 0.100916
0 0.046562 0.302664 0.036750 0.056953
0 0.310625 0.291007 0.010500 0.036969
0 0.237187 0.285595 0.041250 0.027977
0 0.600938 0.284763 0.042750 0.029975
0 0.561250 0.302248 0.051000 0.085928
0 0.668125 0.266028 0.007500 0.018984
0 0.184375 0.266445 0.007500 0.021982
0 0.652813 0.292256 0.080250 0.085928
0 0.007875 0.263947 0.015750 0.021982
0 0.610625 0.261032 0.045000 0.020983
0 0.541250 0.256037 0.013500 0.008993
0 0.254375 0.256037 0.012000 0.010991
0 0.428438 0.258951 0.014250 0.025978
0 0.515938 0.251873 0.014250 0.010991
0 0.292812 0.274355 0.092250 0.076936
0 0.561562 0.261449 0.041250 0.053955
0 0.283125 0.245212 0.019500 0.018984
0 0.649687 0.244796 0.006750 0.019983
0 0.601875 0.239800 0.016500 0.009992
0 0.342500 0.248543 0.031500 0.038968
0 0.196875 0.277269 0.121500 0.107910
0 0.679688 0.258118 0.063750 0.073938
0 0.537500 0.232723 0.013500 0.012989
0 0.366250 0.236053 0.007500 0.020983
0 0.563750 0.236053 0.016500 0.026978
0 0.259062 0.233555 0.036750 0.026978
0 0.212500 0.227311 0.009000 0.021982
0 0.432500 0.222731 0.007500 0.018984
0 0.702500 0.221898 0.010500 0.022981
0 0.456875 0.217319 0.009000 0.015987
0 0.611250 0.227727 0.088500 0.052956
0 0.260313 0.213988 0.012750 0.021982
0 0.191562 0.214821 0.033750 0.029975
0 0.515000 0.216903 0.040500 0.036969
0 0.222188 0.218568 0.038250 0.050958
0 0.364687 0.189425 0.014250 0.006994
0 0.550312 0.204829 0.053250 0.045962
0 0.484687 0.272689 0.140250 0.208826
0 0.474062 0.199833 0.026250 0.035970
0 0.580625 0.188593 0.015000 0.014988
0 0.425312 0.189842 0.014250 0.025978
0 0.377500 0.218568 0.060000 0.096919
0 0.341875 0.204829 0.027000 0.063947
0 0.301563 0.213572 0.069750 0.092923
0 0.463125 0.173189 0.013500 0.017985
0 0.202813 0.184013 0.042750 0.045962
0 0.589688 0.169858 0.018750 0.013988
0 0.165000 0.202331 0.042000 0.093922
0 0.395625 0.224813 0.099000 0.155870
0 0.255000 0.189842 0.057000 0.073938
0 0.291875 0.164446 0.046500 0.020983
0 0.505625 0.188177 0.049500 0.081932
0 0.466250 0.165279 0.069000 0.044963
0 0.624062 0.165279 0.060750 0.046961
0 0.564375 0.166528 0.042000 0.049958
0 0.549375 0.157369 0.021000 0.045962
0 0.298125 0.140716 0.015000 0.017985
0 0.316563 0.141549 0.020250 0.021982
0 0.233437 0.143630 0.048750 0.042964
0 0.670937 0.138218 0.050250 0.041965
0 0.401562 0.147377 0.065250 0.065945
0 0.458437 0.120316 0.011250 0.014988
0 0.195625 0.140300 0.031500 0.064946
0 0.600938 0.129059 0.038250 0.045962
0 0.288125 0.133222 0.040500 0.057952
0 0.414375 0.111574 0.007500 0.011990
0 0.365312 0.145712 0.044250 0.095920
0 0.575937 0.117818 0.051750 0.056953
0 0.329062 0.120316 0.060750 0.064946
0 0.453750 0.114072 0.073500 0.097918
0 0.274375 0.095337 0.043500 0.052956
0 0.318125 0.077435 0.007500 0.025978
0 0.709688 0.083680 0.041250 0.042964
0 0.516250 0.110325 0.084000 0.110908
0 0.394688 0.090758 0.030750 0.063947
0 0.548125 0.084513 0.033000 0.054954
0 0.459062 0.070358 0.020250 0.034971
0 0.347813 0.075354 0.074250 0.054954
0 0.375625 0.054954 0.015000 0.009992
0 0.447500 0.054538 0.009000 0.010991
0 0.759687 0.066195 0.039750 0.052956
0 0.516250 0.054122 0.012000 0.023980
0 0.426250 0.069942 0.043500 0.083930
0 0.404375 0.038301 0.019500 0.011990
0 0.349687 0.041632 0.054750 0.029975
0 0.419063 0.039550 0.012750 0.026978
0 0.303750 0.049958 0.031500 0.067943
0 0.482500 0.024147 0.012000 0.011990
0 0.391562 0.025396 0.014250 0.016986
0 0.328750 0.019983 0.009000 0.011990
0 0.506563 0.021982 0.042750 0.043963
0 0.376250 0.017985 0.018000 0.035970
0 0.791125 0.600000 0.417750 1.000000
0 0.518125 0.004996 0.009000 0.009992
0 0.462500 0.010491 0.007500 0.020983
0 0.461562 0.052456 0.087750 0.104913
0 0.419687 0.008993 0.009750 0.017985
0 0.358125 0.013988 0.013500 0.027977
0 0.317188 0.015487 0.011250 0.030974
