0 0.916736 0.995875 0.025978 0.008250
0 0.137802 0.994375 0.020983 0.011250
0 0.768110 0.992500 0.012989 0.010500
0 0.816403 0.990625 0.012989 0.009000
0 0.077852 0.992125 0.022981 0.015750
0 0.122398 0.991750 0.031973 0.016500
0 0.035803 0.991563 0.013988 0.012750
0 0.011490 0.991375 0.022981 0.017250
0 0.004996 0.988125 0.009992 0.010500
0 0.141132 0.985625 0.008993 0.010500
0 0.024563 0.988750 0.016986 0.022500
0 0.063697 0.985625 0.010991 0.013500
0 0.070358 0.980938 0.010991 0.009750
0 0.506661 0.975625 0.016986 0.009000
0 0.919650 0.982375 0.078934 0.035250
0 0.925479 0.978125 0.032973 0.019500
0 0.006245 0.970313 0.008993 0.006750
0 0.789342 0.971250 0.011990 0.010500
0 0.978768 0.970938 0.022981 0.020250
0 0.488343 0.966250 0.010991 0.015000
0 0.846794 0.971875 0.039967 0.034500
0 0.991507 0.965000 0.016986 0.024000
0 0.987510 0.949063 0.013988 0.011250
0 0.985512 0.933438 0.028976 0.035250
0 0.105329 0.922813 0.022981 0.011250
0 0.124063 0.921250 0.015987 0.019500
0 0.114488 0.913125 0.008993 0.009000
0 0.008993 0.913125 0.017985 0.027000
0 0.131141 0.904687 0.036969 0.027750
0 0.147794 0.893125 0.036969 0.025500
0 0.028976 0.892500 0.057952 0.037500
0 0.051624 0.880625 0.021982 0.024000
0 0.062864 0.875625 0.012989 0.013500
0 0.027977 0.879687 0.055953 0.036750
0 0.986511 0.860625 0.026978 0.012000
0 0.132390 0.880938 0.139883 0.069750
0 0.947960 0.855313 0.026978 0.012750
0 0.969192 0.846875 0.015987 0.007500
0 0.010491 0.853437 0.020983 0.023250
0 0.957535 0.844688 0.009992 0.011250
0 0.226062 0.845938 0.020983 0.015750
0 0.024563 0.851875 0.042964 0.051000
0 0.994005 0.829375 0.011990 0.015000
0 0.994505 0.812500 0.010991 0.019500
0 0.024147 0.793125 0.013988 0.007500
0 0.014155 0.791875 0.007993 0.010500
0 0.974188 0.785625 0.029975 0.028500
0 0.964197 0.774375 0.015987 0.006000
0 0.981515 0.777188 0.036969 0.029250
0 0.015987 0.778438 0.031973 0.036750
0 0.054122 0.766250 0.019983 0.009000
0 0.130308 0.763437 0.006994 0.011250
0 0.955037 0.770938 0.025978 0.032250
0 0.937968 0.762813 0.020983 0.015750
0 0.237302 0.758125 0.011990 0.012000
0 0.094088 0.758125 0.017985 0.015000
0 0.182348 0.752188 0.007993 0.012750
0 0.049126 0.751875 0.023980 0.030000
0 0.917985 0.745000 0.024979 0.019500
0 0.991674 0.725625 0.015987 0.007500
0 0.092423 0.724375 0.019983 0.012000
0 0.896336 0.724688 0.018984 0.014250
0 0.892173 0.715000 0.010991 0.013500
0 0.052040 0.713125 0.016986 0.012000
0 0.990008 0.699688 0.019983 0.020250
0 0.046628 0.698125 0.051957 0.030000
0 0.129392 0.750000 0.258784 0.156000
0 0.009992 0.683438 0.019983 0.021750
0 0.995004 0.649062 0.009992 0.009750
0 0.029559 0.644687 0.014988 0.008250
0 0.019484 0.643750 0.038968 0.049500
0 0.955454 0.607812 0.008993 0.008250
0 0.966694 0.610000 0.023980 0.021000
0 0.976270 0.602187 0.010991 0.015750
0 0.919650 0.604062 0.030974 0.036750
0 0.991007 0.584688 0.017985 0.012750
0 0.995004 0.575937 0.009992 0.012750
0 0.007993 0.576562 0.015987 0.015750
0 0.991507 0.534687 0.016986 0.009750
0 0.007494 0.534062 0.014988 0.024750
0 0.010991 0.511250 0.021982 0.015000
0 0.007494 0.501563 0.014988 0.006750
0 0.986012 0.461875 0.027977 0.025500
0 0.977519 0.444375 0.009992 0.012000
0 0.009992 0.440937 0.007993 0.009750
0 0.038468 0.470938 0.076936 0.092250
0 0.056619 0.428125 0.015987 0.009000
0 0.957119 0.378437 0.020983 0.017250
0 0.921732 0.369063 0.035970 0.032250
0 0.980017 0.370000 0.039967 0.039000
0 0.934221 0.351250 0.015987 0.009000
0 0.922981 0.350000 0.026978 0.015000
0 0.983514 0.349687 0.032973 0.023250
0 0.993505 0.334375 0.012989 0.012000
0 0.853872 0.319688 0.018984 0.005250
0 0.989009 0.314063 0.021982 0.009750
0 0.902581 0.308750 0.017985 0.010500
0 0.930475 0.301875 0.014988 0.015000
0 0.918401 0.295625 0.011990 0.010500
0 0.911740 0.295938 0.009992 0.011250
0 0.973772 0.294687 0.022981 0.015750
0 0.959617 0.287813 0.028976 0.023250
0 0.088676 0.229375 0.012989 0.007500
0 0.161532 0.226875 0.011990 0.009000
0 0.161116 0.200313 0.010991 0.008250
0 0.118651 0.200937 0.028976 0.017250
0 0.983514 0.188750 0.032973 0.015000
0 0.097835 0.183750 0.018984 0.015000
0 0.981266 0.180938 0.022981 0.009750
0 0.118235 0.180312 0.009992 0.008250
0 0.112823 0.166563 0.014988 0.009750
0 0.084097 0.175313 0.023980 0.039750
0 0.077852 0.159375 0.010991 0.015000
0 0.063697 0.159062 0.018984 0.015750
0 0.941299 0.155000 0.030974 0.016500
0 0.082015 0.149062 0.014988 0.008250
0 0.007494 0.146875 0.014988 0.019500
0 0.973522 0.148438 0.052956 0.051750
0 0.068693 0.129375 0.028976 0.016500
0 0.987011 0.125312 0.025978 0.014250
0 0.965445 0.122188 0.046961 0.035250
0 0.041632 0.108750 0.019983 0.006000
0 0.965862 0.105625 0.011990 0.013500
0 0.058285 0.108438 0.035970 0.026250
0 0.130308 0.100000 0.010991 0.007500
0 0.067027 0.097187 0.010991 0.008250
0 0.136553 0.087813 0.013988 0.006750
0 0.111157 0.084375 0.020983 0.007500
0 0.382182 0.074063 0.025978 0.011250
0 0.385928 0.065312 0.016986 0.005250
0 0.356370 0.064375 0.013988 0.019500
0 0.836803 0.060625 0.023980 0.016500
0 0.776853 0.057188 0.011990 0.024750
0 0.805995 0.047188 0.017985 0.014250
0 0.930475 0.045625 0.010991 0.021000
0 0.275604 0.043125 0.033972 0.027000
0 0.333888 0.035312 0.013988 0.011250
0 0.345129 0.041563 0.036969 0.036750
0 0.510408 0.030312 0.011990 0.012750
0 0.325978 0.024063 0.020983 0.011250
0 0.860949 0.036875 0.075937 0.045000
0 0.952540 0.020000 0.023980 0.012000
0 0.854704 0.027813 0.026978 0.036750
0 0.993505 0.016563 0.012989 0.011250
0 0.967527 0.016250 0.007993 0.010500
0 0.270192 0.014063 0.012989 0.009750
0 0.885928 0.017812 0.065945 0.035250
0 0.782265 0.007188 0.018984 0.011250
0 0.984013 0.010125 0.031973 0.020250
0 0.962531 0.009000 0.035970 0.018000
0 0.930058 0.025500 0.049958 0.051000
0 0.900500 0.012000 0.044963 0.024000
0 0.897585 0.003750 0.021982 0.007500
0 0.863031 0.004500 0.020983 0.009000
0 0.820566 0.033000 0.092923 0.066000
0 0.755620 0.004500 0.028976 0.009000
0 0.634471 0.006750 0.031973 0.013500
0 0.608243 0.018000 0.040966 0.036000
0 0.493339 0.005250 0.016986 0.010500
0 0.390924 0.006375 0.028976 0.012750
0 0.325562 0.011625 0.025978 0.023250
0 0.259784 0.004500 0.033972 0.009000
0 0.232306 0.003750 0.015987 0.007500
0 0.144879 0.006000 0.017985 0.012000
0 0.097419 0.006750 0.023980 0.013500
0 0.075770 0.018375 0.063947 0.036750
0 0.600000 0.600000 1.000000 1.000000
0 0.003997 0.007125 0.007993 0.014250
