0 0.692187 0.833854 0.028125 0.031250
0 0.653516 0.846875 0.044062 0.062500
0 0.590625 0.796875 0.033750 0.035000
0 0.666406 0.788542 0.031875 0.032500
0 0.644141 0.784896 0.019688 0.026250
0 0.633203 0.764062 0.008437 0.021250
0 0.617969 0.767708 0.018750 0.030000
0 0.919375 0.849375 0.161250 0.301250
0 0.557813 0.772917 0.060000 0.072500
0 0.609766 0.741146 0.012188 0.026250
0 0.642188 0.726042 0.009375 0.017500
0 0.738281 0.729688 0.024375 0.041250
0 0.492969 0.727083 0.020625 0.037500
0 0.545703 0.731250 0.027187 0.060000
0 0.516406 0.727604 0.033750 0.053750
0 0.528516 0.718229 0.021562 0.036250
0 0.651953 0.709896 0.012188 0.023750
0 0.577344 0.725521 0.043125 0.071250
0 0.602734 0.696875 0.032813 0.027500
0 0.714063 0.692187 0.009375 0.018750
0 0.582031 0.682292 0.007500 0.020000
0 0.746875 0.678646 0.020625 0.016250
0 0.377344 0.683333 0.024375 0.042500
0 0.622266 0.688542 0.032813 0.057500
0 0.775391 0.669792 0.006563 0.017500
0 0.490625 0.669792 0.013125 0.022500
0 0.469141 0.695312 0.083437 0.086250
0 0.212344 0.791875 0.424687 0.416250
0 0.497656 0.656250 0.018750 0.020000
0 0.458594 0.644792 0.046875 0.030000
0 0.383203 0.638021 0.014063 0.026250
0 0.485156 0.636979 0.031875 0.031250
0 0.558984 0.661458 0.057188 0.110000
0 0.518750 0.658333 0.043125 0.107500
0 0.652344 0.630208 0.024375 0.042500
0 0.681250 0.642188 0.039375 0.076250
0 0.461328 0.622917 0.032813 0.035000
0 0.775391 0.640625 0.036562 0.095000
0 0.586719 0.613021 0.016875 0.028750
0 0.699219 0.605729 0.015000 0.016250
0 0.494531 0.603125 0.031875 0.025000
0 0.569922 0.611458 0.034687 0.057500
0 0.812891 0.596354 0.030937 0.026250
0 0.677734 0.600000 0.030937 0.040000
0 0.701953 0.591146 0.030937 0.048750
0 0.625781 0.621354 0.101250 0.121250
0 0.351562 0.585938 0.016875 0.041250
0 0.796484 0.580729 0.019688 0.038750
0 0.602344 0.588021 0.035625 0.056250
0 0.512891 0.582292 0.025312 0.042500
0 0.568359 0.564063 0.010312 0.016250
0 0.633984 0.562500 0.012188 0.017500
0 0.566016 0.575000 0.070312 0.060000
0 0.267578 0.565104 0.023438 0.041250
0 0.386719 0.583333 0.063750 0.097500
0 0.294531 0.544792 0.030000 0.025000
0 0.680859 0.541667 0.019688 0.022500
0 0.329688 0.543229 0.026250 0.036250
0 0.811328 0.530729 0.021562 0.011250
0 0.698047 0.538021 0.036562 0.043750
0 0.801562 0.528646 0.020625 0.023750
0 0.625000 0.545312 0.039375 0.071250
0 0.669531 0.525000 0.024375 0.025000
0 0.531250 0.584896 0.082500 0.181250
0 0.598047 0.535417 0.029062 0.065000
0 0.444922 0.602083 0.120937 0.227500
0 0.436328 0.525521 0.029062 0.046250
0 0.703516 0.639062 0.201563 0.336250
0 0.612109 0.507292 0.015938 0.030000
0 0.660547 0.551042 0.047812 0.142500
0 0.577344 0.508854 0.016875 0.041250
0 0.769141 0.492188 0.015938 0.013750
0 0.618359 0.497917 0.027187 0.032500
0 0.268359 0.495312 0.021562 0.026250
0 0.588281 0.490625 0.016875 0.032500
0 0.558203 0.486979 0.023438 0.041250
0 0.803125 0.472396 0.030000 0.033750
0 0.604688 0.469792 0.018750 0.027500
0 0.492969 0.477604 0.030000 0.046250
0 0.467969 0.493229 0.043125 0.093750
0 0.535547 0.454688 0.019688 0.008750
0 0.697656 0.486458 0.037500 0.087500
0 0.474609 0.457813 0.014063 0.018750
0 0.494922 0.449479 0.010312 0.011250
0 0.667969 0.459375 0.050625 0.047500
0 0.737109 0.532813 0.074063 0.228750
0 0.676172 0.438542 0.014063 0.015000
0 0.418750 0.469792 0.054375 0.092500
0 0.550781 0.434896 0.013125 0.016250
0 0.583203 0.438542 0.019688 0.030000
0 0.413672 0.433333 0.021562 0.017500
0 0.480078 0.434375 0.010312 0.022500
0 0.650000 0.464062 0.035625 0.111250
0 0.560156 0.444792 0.054375 0.075000
0 0.634766 0.413021 0.017813 0.018750
0 0.692578 0.426042 0.029062 0.052500
0 0.627344 0.445833 0.030000 0.102500
0 0.716797 0.423438 0.029062 0.061250
0 0.589063 0.409896 0.020625 0.031250
0 0.699609 0.407292 0.021562 0.030000
0 0.450000 0.451042 0.046875 0.157500
0 0.375000 0.395833 0.016875 0.027500
0 0.668359 0.384375 0.014063 0.027500
0 0.322656 0.385417 0.022500 0.042500
0 0.475391 0.392708 0.029062 0.065000
0 0.403516 0.373958 0.023438 0.020000
0 0.750000 0.375521 0.028125 0.031250
0 0.846875 0.372917 0.028125 0.027500
0 0.383203 0.468229 0.111562 0.261250
0 0.450781 0.372396 0.011250 0.033750
0 0.587109 0.365104 0.017813 0.036250
0 0.355469 0.354167 0.016875 0.015000
0 0.404297 0.354167 0.010312 0.020000
0 0.646094 0.383333 0.058125 0.092500
0 0.668359 0.348958 0.008437 0.012500
0 0.572266 0.352083 0.012188 0.022500
0 0.611719 0.381250 0.039375 0.115000
0 0.585938 0.340104 0.011250 0.023750
0 0.598047 0.330729 0.025312 0.013750
0 0.443750 0.355208 0.052500 0.100000
0 0.376172 0.338542 0.038437 0.060000
0 0.497656 0.335417 0.035625 0.055000
0 0.526563 0.422917 0.142500 0.265000
0 0.351953 0.320833 0.014063 0.025000
0 0.340234 0.322917 0.019688 0.030000
0 0.369531 0.317188 0.018750 0.023750
0 0.576562 0.321354 0.022500 0.036250
0 0.407031 0.306250 0.018750 0.020000
0 0.511719 0.318229 0.052500 0.051250
0 0.668359 0.306771 0.030937 0.038750
0 0.389844 0.311458 0.039375 0.057500
0 0.564453 0.293750 0.027187 0.025000
0 0.679688 0.293750 0.031875 0.032500
0 0.452344 0.298958 0.022500 0.045000
0 0.482031 0.288021 0.018750 0.028750
0 0.423047 0.313542 0.036562 0.095000
0 0.371094 0.289062 0.030000 0.036250
0 0.397266 0.282813 0.032813 0.028750
0 0.513281 0.280729 0.018750 0.041250
0 0.497656 0.264583 0.020625 0.032500
0 0.544531 0.292708 0.054375 0.107500
0 0.633984 0.245312 0.010312 0.011250
0 0.731641 0.242708 0.019688 0.027500
0 0.618359 0.243750 0.025312 0.030000
0 0.722656 0.243750 0.028125 0.037500
0 0.607031 0.200000 0.033750 0.042500
0 0.765625 0.230000 0.468750 0.460000
0 0.206719 0.385625 0.413437 0.771250
