0 0.038750 0.967500 0.039000 0.060000
0 0.343750 0.951250 0.063000 0.057000
0 0.273750 0.956250 0.087000 0.069000
0 0.105000 0.950500 0.108000 0.099000
0 0.442500 0.915000 0.054000 0.030000
0 0.403750 0.912500 0.063000 0.042000
0 0.860000 0.908750 0.054000 0.045000
0 0.407500 0.857500 0.048000 0.042000
0 0.102000 0.865000 0.204000 0.078000
0 0.035000 0.831250 0.066000 0.027000
0 0.490000 0.827500 0.024000 0.036000
0 0.526250 0.850000 0.111000 0.096000
0 0.837500 0.842500 0.096000 0.114000
0 0.193750 0.812500 0.099000 0.054000
0 0.513750 0.798750 0.051000 0.027000
0 0.096250 0.801250 0.039000 0.069000
0 0.296250 0.831250 0.411000 0.153000
0 0.277500 0.786250 0.042000 0.045000
0 0.448750 0.782500 0.063000 0.066000
0 0.710000 0.725000 0.096000 0.066000
0 0.959500 0.703750 0.081000 0.057000
0 0.600000 0.700000 0.066000 0.096000
0 0.375000 0.675000 0.030000 0.072000
0 0.691250 0.667500 0.129000 0.156000
0 0.455000 0.625000 0.156000 0.054000
0 0.556250 0.621250 0.081000 0.069000
0 0.068750 0.620000 0.075000 0.072000
0 0.932500 0.611250 0.135000 0.087000
0 0.308750 0.585000 0.027000 0.060000
0 0.072500 0.578750 0.042000 0.045000
0 0.732500 0.563750 0.108000 0.111000
0 0.391250 0.572500 0.099000 0.132000
0 0.072000 0.535000 0.144000 0.066000
0 0.140000 0.513750 0.042000 0.051000
0 0.658750 0.492500 0.081000 0.060000
0 0.521250 0.531250 0.219000 0.153000
0 0.052500 0.437500 0.105000 0.066000
0 0.452500 0.458750 0.348000 0.159000
0 0.107500 0.407500 0.060000 0.048000
0 0.223750 0.442500 0.207000 0.138000
0 0.700000 0.411250 0.114000 0.081000
0 0.411250 0.377500 0.123000 0.042000
0 0.280000 0.371250 0.072000 0.063000
0 0.605000 0.352500 0.120000 0.066000
0 0.875000 0.357500 0.066000 0.084000
0 0.935000 0.338750 0.024000 0.057000
0 0.336250 0.303750 0.087000 0.075000
0 0.896250 0.277500 0.111000 0.060000
0 0.860000 0.258750 0.030000 0.045000
0 0.431250 0.267500 0.123000 0.162000
0 0.255000 0.200000 0.066000 0.030000
0 0.648750 0.228750 0.201000 0.117000
0 0.823750 0.193750 0.081000 0.087000
0 0.042000 0.165000 0.084000 0.054000
0 0.482500 0.166250 0.036000 0.063000
0 0.202500 0.260000 0.405000 0.294000
0 0.228750 0.152500 0.123000 0.048000
0 0.402500 0.150000 0.060000 0.048000
0 0.516250 0.128750 0.057000 0.021000
0 0.663750 0.103750 0.063000 0.027000
0 0.596250 0.121250 0.111000 0.105000
0 0.728750 0.105000 0.033000 0.084000
0 0.193750 0.082500 0.033000 0.048000
0 0.106250 0.095000 0.135000 0.096000
0 0.760000 0.058750 0.054000 0.033000
0 0.316250 0.061250 0.141000 0.063000
0 0.210000 0.045000 0.072000 0.042000
0 0.025500 0.055000 0.051000 0.090000
0 0.847500 0.060000 0.150000 0.120000
0 0.658750 0.034500 0.081000 0.069000
0 0.595000 0.034500 0.054000 0.069000
0 0.483750 0.043500 0.171000 0.087000
0 0.163750 0.015000 0.051000 0.030000
0 0.077500 0.025500 0.048000 0.051000
