0 0.279767 0.769062 0.025978 0.023250
0 0.466278 0.762813 0.021982 0.029250
0 0.458784 0.746250 0.031973 0.019500
0 0.416320 0.749687 0.019983 0.032250
0 0.483347 0.735625 0.024979 0.013500
0 0.507077 0.736250 0.025978 0.024000
0 0.422148 0.729062 0.011990 0.006750
0 0.372606 0.737500 0.022981 0.030000
0 0.534555 0.730625 0.029975 0.022500
0 0.436719 0.726875 0.014988 0.015000
0 0.463780 0.723125 0.041965 0.028500
0 0.570774 0.714063 0.018984 0.009750
0 0.553705 0.714375 0.009992 0.012000
0 0.425895 0.713750 0.078934 0.028500
0 0.472523 0.703125 0.026978 0.016500
0 0.504996 0.707500 0.048959 0.033000
0 0.518734 0.696562 0.013988 0.020250
0 0.422981 0.697187 0.051957 0.036750
0 0.574938 0.683750 0.014988 0.009000
0 0.470441 0.690625 0.055953 0.025500
0 0.435054 0.683750 0.006994 0.009000
0 0.603664 0.698438 0.051957 0.054750
0 0.579933 0.676562 0.012989 0.011250
0 0.635720 0.680312 0.022981 0.023250
0 0.385096 0.681875 0.046961 0.039000
0 0.692756 0.677188 0.019983 0.029250
0 0.313905 0.675625 0.027977 0.025500
0 0.440466 0.671562 0.011990 0.017250
0 0.508743 0.667500 0.007993 0.009000
0 0.478351 0.669063 0.038968 0.023250
0 0.609908 0.665625 0.030974 0.018000
0 0.533722 0.662188 0.015987 0.009750
0 0.414238 0.666250 0.044963 0.030000
0 0.386761 0.662188 0.014988 0.020250
0 0.132806 0.653750 0.014988 0.007500
0 0.640716 0.658125 0.030974 0.031500
0 0.495837 0.651875 0.024979 0.016500
0 0.430891 0.650937 0.010991 0.014250
0 0.720649 0.652188 0.028976 0.023250
0 0.467527 0.646250 0.024979 0.025500
0 0.666944 0.647500 0.021982 0.031500
0 0.552873 0.649062 0.021982 0.041250
0 0.607827 0.634687 0.009992 0.012750
0 0.406744 0.643750 0.044963 0.039000
0 0.434221 0.633437 0.030974 0.017250
0 0.380516 0.632812 0.017985 0.018750
0 0.712323 0.631875 0.030974 0.021000
0 0.513322 0.630938 0.010991 0.020250
0 0.464613 0.631250 0.017985 0.021000
0 0.365529 0.641875 0.051957 0.049500
0 0.218152 0.635000 0.021982 0.033000
0 0.631557 0.637500 0.064946 0.051000
0 0.410491 0.620313 0.009992 0.009750
0 0.671524 0.624062 0.018984 0.020250
0 0.585762 0.620313 0.014988 0.011250
0 0.423397 0.618437 0.010991 0.006750
0 0.367194 0.619062 0.025978 0.015750
0 0.402165 0.614688 0.007993 0.009750
0 0.458784 0.618125 0.025978 0.028500
0 0.412157 0.608750 0.013988 0.016500
0 0.375104 0.607812 0.006994 0.014250
0 0.485012 0.619062 0.036969 0.056250
0 0.432556 0.598125 0.012989 0.012000
0 0.475437 0.599063 0.015987 0.015750
0 0.392173 0.607812 0.029975 0.036750
0 0.663197 0.603437 0.026978 0.032250
0 0.368859 0.598750 0.019983 0.027000
0 0.573272 0.609062 0.036969 0.053250
0 0.495420 0.588125 0.027977 0.012000
0 0.270192 0.596250 0.020983 0.033000
0 0.574521 0.647188 0.193838 0.158250
0 0.603247 0.590938 0.040966 0.029250
0 0.361366 0.590938 0.023980 0.030750
0 0.412157 0.585000 0.055953 0.024000
0 0.283514 0.587187 0.024979 0.030750
0 0.532889 0.582500 0.057952 0.027000
0 0.404663 0.566875 0.017985 0.006000
0 0.560783 0.566875 0.024979 0.010500
0 0.500000 0.572812 0.024979 0.024750
0 0.614488 0.573750 0.021982 0.031500
0 0.547044 0.594688 0.105912 0.081750
0 0.631557 0.562500 0.012989 0.013500
0 0.575770 0.555625 0.020983 0.013500
0 0.460450 0.587500 0.069942 0.090000
0 0.395087 0.568438 0.046961 0.045750
0 0.591590 0.553125 0.010991 0.012000
0 0.695254 0.566250 0.033972 0.052500
0 0.626561 0.552500 0.012989 0.024000
0 0.552456 0.549063 0.022981 0.023250
0 0.436303 0.565937 0.051957 0.063750
0 0.487510 0.552500 0.040966 0.033000
0 0.345545 0.542500 0.009992 0.012000
0 0.386761 0.542500 0.032973 0.019500
0 0.612823 0.544063 0.019983 0.024750
0 0.475437 0.538750 0.011990 0.013500
0 0.436719 0.534687 0.008993 0.006750
0 0.659034 0.535312 0.006994 0.009750
0 0.590758 0.539062 0.014988 0.018750
0 0.463364 0.535000 0.008993 0.012000
0 0.703580 0.538125 0.031973 0.021000
0 0.343464 0.561875 0.066944 0.081000
0 0.672356 0.538125 0.014988 0.033000
0 0.450458 0.536250 0.013988 0.031500
0 0.214405 0.533438 0.032973 0.024750
0 0.251873 0.533438 0.018984 0.033750
0 0.551624 0.532188 0.032973 0.035250
0 0.652789 0.543750 0.041965 0.064500
0 0.605745 0.528438 0.012989 0.029250
0 0.691091 0.525625 0.025978 0.025500
0 0.669858 0.521250 0.030974 0.018000
0 0.595754 0.514062 0.014988 0.006750
0 0.525812 0.541250 0.048959 0.078000
0 0.578268 0.527188 0.026978 0.045750
0 0.356786 0.511563 0.014988 0.011250
0 0.489176 0.519687 0.022981 0.032250
0 0.470858 0.515312 0.020983 0.030750
0 0.655287 0.503125 0.021982 0.021000
0 0.354288 0.498750 0.014988 0.012000
0 0.460866 0.504062 0.034971 0.032250
0 0.586595 0.501875 0.048959 0.030000
0 0.367610 0.491875 0.012989 0.007500
0 0.335554 0.520312 0.047960 0.077250
0 0.616986 0.500000 0.021982 0.033000
0 0.484596 0.495000 0.017985 0.024000
0 0.388426 0.508437 0.056953 0.060750
0 0.538301 0.501250 0.024979 0.048000
0 0.512906 0.497188 0.041965 0.044250
0 0.631557 0.505625 0.044963 0.067500
0 0.629059 0.478438 0.028976 0.012750
0 0.381765 0.482187 0.016986 0.026250
0 0.440050 0.504375 0.082931 0.081000
0 0.667777 0.490625 0.039967 0.049500
0 0.307660 0.482500 0.014988 0.030000
0 0.605329 0.475625 0.019983 0.024000
0 0.588676 0.476250 0.013988 0.025500
0 0.640300 0.469375 0.007993 0.010500
0 0.430475 0.483438 0.041965 0.050250
0 0.515404 0.469375 0.015987 0.018000
0 0.326811 0.471562 0.030974 0.032250
0 0.482931 0.470000 0.055953 0.031500
0 0.408410 0.470000 0.040966 0.033000
0 0.559534 0.475938 0.039967 0.048750
0 0.626978 0.462500 0.023980 0.018000
0 0.510408 0.454375 0.031973 0.015000
0 0.403830 0.454688 0.009992 0.015750
0 0.448376 0.457813 0.018984 0.024750
0 0.602415 0.453437 0.022981 0.021750
0 0.424646 0.448437 0.023980 0.011250
0 0.649042 0.454062 0.016986 0.027750
0 0.463780 0.449375 0.015987 0.019500
0 0.524563 0.444688 0.007993 0.011250
0 0.407161 0.443750 0.011990 0.013500
0 0.586595 0.449375 0.024979 0.028500
0 0.453372 0.437188 0.008993 0.009750
0 0.552456 0.455625 0.066944 0.055500
0 0.621565 0.442500 0.016986 0.027000
0 0.666112 0.453437 0.049958 0.062250
0 0.470441 0.433125 0.017985 0.015000
0 0.513322 0.431563 0.016986 0.015750
0 0.500416 0.434688 0.013988 0.024750
0 0.439217 0.428438 0.034971 0.027750
0 0.664863 0.424063 0.030974 0.020250
0 0.600749 0.425625 0.014988 0.025500
0 0.582431 0.421875 0.012989 0.018000
0 0.547877 0.420312 0.017985 0.014250
0 0.339717 0.423438 0.011990 0.024750
0 0.313905 0.425938 0.035970 0.048750
0 0.622398 0.423750 0.030974 0.046500
0 0.538301 0.409687 0.012989 0.012750
0 0.343880 0.447813 0.143880 0.108750
0 0.557452 0.406875 0.008993 0.012000
0 0.525396 0.405938 0.015987 0.009750
0 0.646128 0.419063 0.031973 0.044250
0 0.504996 0.411250 0.026978 0.027000
0 0.591174 0.405313 0.017985 0.020250
0 0.493755 0.406562 0.027977 0.023250
0 0.361366 0.419063 0.043963 0.053250
0 0.329309 0.409062 0.026978 0.029250
0 0.667361 0.402813 0.014988 0.015750
0 0.406744 0.415000 0.024979 0.051000
0 0.480849 0.404062 0.032973 0.047250
0 0.557868 0.411562 0.051957 0.066750
0 0.425479 0.403125 0.029975 0.052500
0 0.376769 0.385937 0.008993 0.012750
0 0.616986 0.399687 0.039967 0.047250
0 0.358868 0.390313 0.021982 0.032250
0 0.589509 0.385937 0.031973 0.024750
0 0.514155 0.386250 0.042964 0.033000
0 0.649459 0.387500 0.033972 0.046500
0 0.491674 0.373750 0.014988 0.019500
0 0.557452 0.386875 0.050958 0.052500
0 0.508743 0.370000 0.023980 0.015000
0 0.460033 0.390313 0.062948 0.063750
0 0.344713 0.377188 0.023980 0.032250
0 0.378851 0.371563 0.035970 0.030750
0 0.545379 0.365625 0.015987 0.019500
0 0.538301 0.361250 0.010991 0.012000
0 0.406744 0.373750 0.026978 0.052500
0 0.377186 0.355938 0.007993 0.011250
0 0.441715 0.356875 0.014988 0.015000
0 0.497918 0.356250 0.013988 0.016500
0 0.601582 0.362187 0.048959 0.033750
0 0.637386 0.365625 0.030974 0.048000
0 0.470858 0.356250 0.042964 0.031500
0 0.554122 0.349375 0.024979 0.016500
0 0.415487 0.347813 0.019983 0.012750
0 0.367194 0.348125 0.013988 0.015000
0 0.679017 0.351562 0.028976 0.024750
0 0.570358 0.353438 0.025978 0.033750
0 0.388843 0.344375 0.033972 0.021000
0 0.461282 0.339375 0.019983 0.010500
0 0.352206 0.347813 0.021982 0.030750
0 0.581182 0.336250 0.013988 0.006000
0 0.410908 0.334375 0.020983 0.010500
0 0.393422 0.328437 0.016986 0.009750
0 0.610325 0.337500 0.049958 0.036000
0 0.514155 0.326250 0.008993 0.015000
0 0.526644 0.329688 0.018984 0.030750
0 0.614904 0.317812 0.016986 0.009750
0 0.584929 0.324375 0.068943 0.040500
0 0.447544 0.313750 0.010991 0.019500
0 0.411740 0.315937 0.018984 0.026250
0 0.524979 0.306563 0.026978 0.027750
0 0.461699 0.337813 0.114904 0.104250
0 0.545379 0.326875 0.075937 0.085500
0 0.443381 0.316563 0.052956 0.063750
0 0.500833 0.296875 0.024979 0.019500
0 0.459617 0.290312 0.009992 0.014250
0 0.423397 0.292187 0.016986 0.024750
0 0.380933 0.309688 0.078934 0.069750
0 0.583680 0.286562 0.031973 0.023250
0 0.465029 0.279375 0.032973 0.015000
0 0.439217 0.279062 0.022981 0.021750
0 0.401332 0.272500 0.027977 0.027000
0 0.458368 0.262500 0.032973 0.021000
0 0.596170 0.253125 0.021982 0.027000
0 0.621149 0.230937 0.029975 0.021750
0 0.567027 0.225312 0.023980 0.026250
0 0.651124 0.201563 0.013988 0.009750
0 0.554038 0.600000 1.000000 1.000000
