0 0.145000 0.922000 0.156000 0.156000
0 0.973000 0.866250 0.054000 0.069000
0 0.660000 0.858750 0.078000 0.135000
0 0.048000 0.836250 0.096000 0.117000
0 0.408750 0.860500 0.525000 0.279000
0 0.757000 0.794500 0.486000 0.411000
0 0.970000 0.661250 0.060000 0.051000
0 0.510000 0.645000 0.036000 0.036000
0 0.671250 0.643750 0.039000 0.057000
0 0.226250 0.771250 0.231000 0.369000
0 0.301250 0.607500 0.039000 0.054000
0 0.357500 0.571250 0.030000 0.069000
0 0.316250 0.538750 0.027000 0.045000
0 0.166250 0.521250 0.063000 0.021000
0 0.032500 0.527500 0.036000 0.048000
0 0.090000 0.463750 0.048000 0.027000
0 0.944500 0.407500 0.111000 0.066000
0 0.198750 0.420000 0.135000 0.180000
0 0.797500 0.381250 0.078000 0.099000
0 0.881250 0.350000 0.021000 0.042000
0 0.120000 0.327500 0.024000 0.036000
0 0.926250 0.290000 0.057000 0.024000
0 0.976000 0.291250 0.048000 0.033000
0 0.252500 0.285000 0.030000 0.060000
0 0.880000 0.307500 0.240000 0.210000
0 0.586250 0.275000 0.087000 0.132000
0 0.288750 0.231250 0.075000 0.105000
0 0.965500 0.168750 0.069000 0.045000
0 0.253750 0.138750 0.045000 0.039000
0 0.755000 0.133750 0.042000 0.033000
0 0.445000 0.145000 0.060000 0.084000
0 0.353750 0.133750 0.075000 0.105000
0 0.952000 0.091250 0.096000 0.033000
0 0.816250 0.148750 0.093000 0.219000
0 0.181250 0.018750 0.069000 0.027000
0 0.910000 0.144000 0.180000 0.288000
0 0.768750 0.073500 0.159000 0.147000
0 0.570000 0.042000 0.132000 0.084000
0 0.480000 0.030000 0.048000 0.060000
0 0.215000 0.034500 0.114000 0.069000
0 0.127500 0.019500 0.030000 0.039000
0 0.600000 0.481500 1.000000 0.963000
