0 0.965500 0.982000 0.069000 0.036000
0 0.252500 0.976000 0.054000 0.048000
0 0.801250 0.971500 0.075000 0.057000
0 0.971250 0.962500 0.045000 0.030000
0 0.315000 0.962500 0.090000 0.075000
0 0.401250 0.959500 0.099000 0.081000
0 0.075000 0.956500 0.066000 0.087000
0 0.617500 0.946000 0.132000 0.108000
0 0.025500 0.910000 0.051000 0.042000
0 0.396250 0.898750 0.099000 0.045000
0 0.323750 0.901250 0.057000 0.075000
0 0.895000 0.920000 0.210000 0.150000
0 0.743750 0.913750 0.117000 0.171000
0 0.588750 0.877500 0.111000 0.084000
0 0.881250 0.870000 0.087000 0.072000
0 0.696250 0.847500 0.051000 0.054000
0 0.516250 0.892000 0.165000 0.216000
0 0.731250 0.821250 0.063000 0.033000
0 0.091500 0.861250 0.183000 0.135000
0 0.218750 0.831250 0.045000 0.105000
0 0.805000 0.818750 0.096000 0.087000
0 0.440000 0.780000 0.036000 0.072000
0 0.368750 0.797500 0.159000 0.174000
0 0.091250 0.743750 0.117000 0.063000
0 0.556250 0.725000 0.069000 0.060000
0 0.701250 0.766250 0.165000 0.183000
0 0.117500 0.705000 0.072000 0.036000
0 0.132500 0.756250 0.174000 0.165000
0 0.225000 0.823000 0.174000 0.354000
0 0.717500 0.683750 0.150000 0.081000
0 0.096250 0.658750 0.069000 0.069000
0 0.896250 0.722500 0.147000 0.240000
0 0.836250 0.641250 0.081000 0.081000
0 0.041250 0.618750 0.081000 0.045000
0 0.103750 0.613750 0.057000 0.039000
0 0.213750 0.626250 0.033000 0.081000
0 0.266250 0.612500 0.051000 0.054000
0 0.657500 0.601250 0.030000 0.057000
0 0.958000 0.653750 0.084000 0.189000
0 0.737500 0.602500 0.084000 0.084000
0 0.161250 0.605000 0.075000 0.138000
0 0.701250 0.551250 0.045000 0.063000
0 0.230000 0.550000 0.078000 0.072000
0 0.034500 0.545000 0.069000 0.060000
0 0.578750 0.697500 0.321000 0.432000
0 0.511250 0.523750 0.075000 0.027000
0 0.650000 0.536250 0.054000 0.087000
0 0.961250 0.528750 0.069000 0.081000
0 0.388750 0.631250 0.303000 0.357000
0 0.295000 0.537500 0.060000 0.132000
0 0.328750 0.522500 0.051000 0.108000
0 0.098750 0.531250 0.105000 0.147000
0 0.252500 0.492500 0.024000 0.060000
0 0.462500 0.471250 0.054000 0.075000
0 0.190000 0.441250 0.102000 0.075000
0 0.076500 0.467500 0.153000 0.168000
0 0.962500 0.433750 0.075000 0.099000
0 0.320000 0.407500 0.030000 0.054000
0 0.700000 0.440000 0.204000 0.150000
0 0.826250 0.427500 0.093000 0.126000
0 0.831250 0.491250 0.267000 0.285000
0 0.580000 0.397500 0.126000 0.066000
0 0.428750 0.433750 0.225000 0.207000
0 0.168750 0.343750 0.117000 0.051000
0 0.923750 0.346250 0.051000 0.063000
0 0.686250 0.333750 0.063000 0.063000
0 0.853750 0.326250 0.123000 0.051000
0 0.257500 0.378750 0.096000 0.207000
0 0.762500 0.317500 0.096000 0.108000
0 0.368750 0.288750 0.069000 0.045000
0 0.049500 0.318750 0.099000 0.129000
0 0.211250 0.280000 0.177000 0.072000
0 0.960000 0.260000 0.042000 0.048000
0 0.557500 0.282500 0.156000 0.126000
0 0.801250 0.247500 0.033000 0.060000
0 0.070000 0.226250 0.084000 0.045000
0 0.340000 0.262500 0.126000 0.138000
0 0.441250 0.277500 0.099000 0.210000
0 0.718750 0.205000 0.075000 0.108000
0 0.652500 0.205000 0.084000 0.114000
0 0.905000 0.227500 0.072000 0.180000
0 0.286250 0.171250 0.045000 0.057000
0 0.968500 0.187500 0.063000 0.114000
0 0.606250 0.165000 0.027000 0.060000
0 0.081250 0.145000 0.051000 0.072000
0 0.790000 0.150000 0.060000 0.102000
0 0.845000 0.141250 0.054000 0.087000
0 0.315000 0.130000 0.042000 0.072000
0 0.922000 0.113750 0.156000 0.087000
0 0.176250 0.161250 0.183000 0.219000
0 0.036250 0.080000 0.069000 0.066000
0 0.691250 0.088750 0.069000 0.099000
0 0.546250 0.132500 0.189000 0.222000
0 0.937000 0.047500 0.126000 0.060000
0 0.428750 0.065000 0.165000 0.108000
0 0.775000 0.088750 0.114000 0.177000
0 0.861250 0.055500 0.075000 0.111000
0 0.713750 0.033000 0.057000 0.066000
0 0.635000 0.036000 0.042000 0.072000
0 0.487500 0.093000 0.168000 0.186000
0 0.270000 0.049500 0.072000 0.099000
0 0.195000 0.043500 0.096000 0.087000
0 0.040000 0.031500 0.030000 0.063000
