0 0.428516 0.797396 0.015938 0.036250
0 0.605469 0.783333 0.018750 0.027500
0 0.526172 0.772396 0.015938 0.028750
0 0.619141 0.778125 0.032813 0.045000
0 0.604297 0.762500 0.012188 0.012500
0 0.504687 0.767708 0.013125 0.025000
0 0.585938 0.769792 0.015000 0.035000
0 0.651563 0.763542 0.022500 0.022500
0 0.634766 0.761979 0.014063 0.018750
0 0.565625 0.761458 0.024375 0.022500
0 0.426172 0.758854 0.023438 0.023750
0 0.529687 0.754167 0.050625 0.025000
0 0.625391 0.748958 0.021562 0.015000
0 0.603125 0.744271 0.013125 0.013750
0 0.501953 0.744271 0.017813 0.016250
0 0.650781 0.735417 0.018750 0.010000
0 0.535547 0.737500 0.015938 0.017500
0 0.664453 0.730208 0.014063 0.022500
0 0.483984 0.731771 0.017813 0.026250
0 0.574609 0.726562 0.008437 0.018750
0 0.345313 0.730729 0.018750 0.033750
0 0.645703 0.723437 0.030937 0.018750
0 0.550781 0.733333 0.054375 0.042500
0 0.519922 0.726042 0.014063 0.030000
0 0.587500 0.722917 0.018750 0.027500
0 0.599609 0.711979 0.019688 0.008750
0 0.564453 0.715104 0.014063 0.021250
0 0.682813 0.719271 0.015000 0.033750
0 0.479687 0.708854 0.009375 0.021250
0 0.626563 0.704167 0.018750 0.017500
0 0.657422 0.705208 0.012188 0.022500
0 0.489063 0.698958 0.015000 0.010000
0 0.588281 0.700000 0.011250 0.020000
0 0.674609 0.703125 0.014063 0.032500
0 0.601562 0.695312 0.015000 0.013750
0 0.394922 0.700521 0.019688 0.031250
0 0.473047 0.692187 0.027187 0.013750
0 0.563281 0.697917 0.045000 0.030000
0 0.631641 0.694792 0.021562 0.025000
0 0.544141 0.688021 0.017813 0.021250
0 0.407031 0.692187 0.016875 0.038750
0 0.458984 0.679167 0.023438 0.012500
0 0.666406 0.680729 0.015000 0.018750
0 0.536719 0.676562 0.013125 0.023750
0 0.636719 0.673958 0.007500 0.020000
0 0.515625 0.687500 0.052500 0.065000
0 0.594922 0.676562 0.059062 0.043750
0 0.425000 0.657292 0.018750 0.012500
0 0.588672 0.655729 0.021562 0.013750
0 0.441016 0.654167 0.014063 0.012500
0 0.664062 0.654167 0.020625 0.020000
0 0.567969 0.647917 0.013125 0.010000
0 0.472656 0.648438 0.016875 0.018750
0 0.745703 0.645833 0.019688 0.017500
0 0.677344 0.655208 0.015000 0.047500
0 0.521094 0.641667 0.020625 0.015000
0 0.537500 0.644792 0.033750 0.025000
0 0.497656 0.645312 0.033750 0.028750
0 0.598047 0.655208 0.034687 0.055000
0 0.685937 0.636458 0.020625 0.012500
0 0.457422 0.635938 0.019688 0.021250
0 0.511328 0.623958 0.015938 0.017500
0 0.487891 0.628646 0.034687 0.028750
0 0.430078 0.628646 0.010312 0.031250
0 0.696094 0.621875 0.009375 0.022500
0 0.548438 0.620313 0.022500 0.021250
0 0.665625 0.617708 0.031875 0.025000
0 0.637891 0.613542 0.014063 0.015000
0 0.486719 0.615104 0.011250 0.018750
0 0.610547 0.630208 0.045937 0.057500
0 0.562891 0.614583 0.010312 0.027500
0 0.573438 0.607292 0.016875 0.012500
0 0.408594 0.605208 0.016875 0.010000
0 0.360938 0.610938 0.016875 0.023750
0 0.466406 0.611979 0.016875 0.031250
0 0.686719 0.604167 0.026250 0.015000
0 0.516797 0.610938 0.021562 0.031250
0 0.665234 0.602083 0.008437 0.015000
0 0.741016 0.601562 0.019688 0.018750
0 0.532031 0.597396 0.022500 0.016250
0 0.590625 0.595833 0.013125 0.017500
0 0.423828 0.597396 0.010312 0.021250
0 0.476953 0.597396 0.015938 0.028750
0 0.614844 0.586458 0.022500 0.012500
0 0.460938 0.588542 0.011250 0.017500
0 0.716406 0.591146 0.020625 0.026250
0 0.764453 0.591667 0.012188 0.032500
0 0.282813 0.585417 0.022500 0.020000
0 0.635156 0.584896 0.009375 0.021250
0 0.401172 0.585417 0.019688 0.025000
0 0.438281 0.579688 0.022500 0.013750
0 0.541406 0.578125 0.013125 0.012500
0 0.416016 0.573438 0.017813 0.013750
0 0.463281 0.571354 0.020625 0.016250
0 0.483203 0.572917 0.015938 0.022500
0 0.700000 0.565104 0.028125 0.021250
0 0.563672 0.566667 0.042188 0.027500
0 0.670703 0.561458 0.019688 0.017500
0 0.617188 0.560417 0.013125 0.015000
0 0.490234 0.552604 0.014063 0.011250
0 0.662109 0.552604 0.012188 0.013750
0 0.637891 0.564583 0.042188 0.042500
0 0.586719 0.557813 0.016875 0.028750
0 0.503125 0.546875 0.016875 0.015000
0 0.426953 0.548958 0.025312 0.025000
0 0.712109 0.545833 0.006563 0.020000
0 0.560547 0.544271 0.012188 0.016250
0 0.389844 0.550000 0.015000 0.030000
0 0.539453 0.541667 0.023438 0.017500
0 0.478516 0.539583 0.014063 0.017500
0 0.618750 0.536979 0.015000 0.016250
0 0.462109 0.538021 0.015938 0.018750
0 0.593750 0.536458 0.020625 0.017500
0 0.639453 0.532813 0.032813 0.026250
0 0.612891 0.527083 0.021562 0.012500
0 0.569922 0.533854 0.014063 0.031250
0 0.492578 0.523438 0.015938 0.008750
0 0.392578 0.527083 0.023438 0.022500
0 0.472266 0.522396 0.023438 0.013750
0 0.698828 0.532292 0.023438 0.045000
0 0.654297 0.528646 0.012188 0.041250
0 0.518750 0.521875 0.033750 0.030000
0 0.680078 0.519792 0.017813 0.032500
0 0.580859 0.509375 0.015938 0.012500
0 0.543359 0.511979 0.027187 0.018750
0 0.461719 0.509896 0.016875 0.013750
0 0.416406 0.509375 0.015000 0.017500
0 0.344531 0.513542 0.016875 0.035000
0 0.501563 0.507292 0.018750 0.030000
0 0.667188 0.497917 0.018750 0.010000
0 0.510156 0.500000 0.020625 0.015000
0 0.457813 0.495833 0.018750 0.010000
0 0.613281 0.504687 0.043125 0.033750
0 0.661328 0.502604 0.029062 0.031250
0 0.640625 0.494271 0.013125 0.011250
0 0.683984 0.497917 0.023438 0.022500
0 0.700000 0.499479 0.009375 0.028750
0 0.438672 0.495312 0.019688 0.023750
0 0.391797 0.500000 0.042188 0.035000
0 0.494922 0.490104 0.021562 0.013750
0 0.448437 0.482292 0.024375 0.012500
0 0.589844 0.488542 0.015000 0.030000
0 0.565625 0.497917 0.018750 0.052500
0 0.678125 0.480208 0.015000 0.020000
0 0.608594 0.478125 0.013125 0.015000
0 0.644531 0.477604 0.015000 0.016250
0 0.629297 0.473958 0.015938 0.010000
0 0.510156 0.475000 0.016875 0.012500
0 0.425391 0.475521 0.017813 0.016250
0 0.405469 0.476562 0.020625 0.021250
0 0.584375 0.470833 0.018750 0.012500
0 0.385156 0.476562 0.033750 0.031250
0 0.716797 0.471354 0.010312 0.028750
0 0.360156 0.466146 0.018750 0.018750
0 0.496875 0.464583 0.033750 0.020000
0 0.434766 0.463542 0.015938 0.017500
0 0.615625 0.459896 0.018750 0.011250
0 0.720313 0.464583 0.009375 0.025000
0 0.381641 0.459896 0.014063 0.013750
0 0.550781 0.470313 0.018750 0.041250
0 0.389844 0.460938 0.011250 0.018750
0 0.533984 0.476562 0.038437 0.063750
0 0.637500 0.457292 0.030000 0.027500
0 0.459375 0.450000 0.018750 0.020000
0 0.425781 0.451562 0.015000 0.028750
0 0.481250 0.445833 0.016875 0.020000
0 0.391016 0.438542 0.019688 0.017500
0 0.496875 0.434896 0.016875 0.011250
0 0.416406 0.437500 0.018750 0.020000
0 0.626172 0.435937 0.023438 0.023750
0 0.646875 0.432292 0.020625 0.017500
0 0.604297 0.432812 0.019688 0.021250
0 0.468359 0.430208 0.019688 0.015000
0 0.669531 0.433854 0.016875 0.026250
0 0.379688 0.427604 0.018750 0.021250
0 0.510547 0.422396 0.014063 0.011250
0 0.582031 0.425521 0.016875 0.021250
0 0.656641 0.422396 0.017813 0.018750
0 0.483984 0.419792 0.029062 0.015000
0 0.527344 0.435937 0.067500 0.056250
0 0.528516 0.417708 0.008437 0.017500
0 0.599219 0.414583 0.024375 0.017500
0 0.455469 0.413542 0.015000 0.020000
0 0.513672 0.404687 0.025312 0.013750
0 0.372266 0.405729 0.023438 0.018750
0 0.644922 0.403646 0.008437 0.018750
0 0.439453 0.401042 0.014063 0.012500
0 0.424609 0.408333 0.029062 0.030000
0 0.489063 0.402604 0.028125 0.021250
0 0.619141 0.400000 0.014063 0.017500
0 0.536328 0.398438 0.030937 0.023750
0 0.560937 0.392188 0.026250 0.013750
0 0.649219 0.393750 0.007500 0.020000
0 0.602734 0.391146 0.014063 0.016250
0 0.432422 0.387500 0.006563 0.017500
0 0.414062 0.384896 0.018750 0.016250
0 0.629687 0.386979 0.022500 0.023750
0 0.522656 0.373437 0.030000 0.023750
0 0.614062 0.371875 0.018750 0.025000
0 0.582422 0.372396 0.017813 0.033750
0 0.606250 0.358333 0.022500 0.020000
0 0.547266 0.355729 0.017813 0.018750
0 0.621094 0.351562 0.022500 0.016250
0 0.474609 0.368229 0.074063 0.058750
0 0.563672 0.350000 0.010312 0.022500
0 0.523047 0.341146 0.047812 0.023750
0 0.601562 0.335938 0.015000 0.018750
0 0.481250 0.333333 0.026250 0.020000
0 0.564844 0.329167 0.015000 0.015000
0 0.619141 0.331771 0.019688 0.026250
0 0.535937 0.325521 0.030000 0.021250
0 0.594922 0.309375 0.023438 0.027500
0 0.500000 0.303125 0.015000 0.017500
0 0.521484 0.303125 0.023438 0.020000
0 0.534375 0.291146 0.016875 0.026250
0 0.563672 0.269792 0.014063 0.012500
0 0.529297 0.254167 0.014063 0.015000
0 0.556250 0.230729 0.013125 0.013750
0 0.779219 0.304375 0.441562 0.608750
