0 0.091250 0.985000 0.051000 0.030000
0 0.946250 0.974500 0.033000 0.051000
0 0.110000 0.960000 0.066000 0.036000
0 0.976000 0.912500 0.048000 0.054000
0 0.441250 0.855000 0.027000 0.048000
0 0.496250 0.657500 0.051000 0.054000
0 0.096250 0.595000 0.039000 0.024000
0 0.959500 0.537500 0.081000 0.096000
0 0.681250 0.451250 0.033000 0.033000
0 0.977500 0.383750 0.045000 0.051000
0 0.703750 0.371250 0.039000 0.069000
0 0.033000 0.357500 0.066000 0.060000
0 0.258750 0.316250 0.033000 0.051000
0 0.955000 0.323750 0.054000 0.081000
0 0.223750 0.327500 0.045000 0.108000
0 0.821250 0.293750 0.039000 0.063000
0 0.970000 0.323750 0.060000 0.159000
0 0.848750 0.280000 0.051000 0.072000
0 0.760000 0.260000 0.030000 0.072000
0 0.220000 0.252500 0.090000 0.072000
0 0.366250 0.227500 0.099000 0.144000
0 0.048750 0.175000 0.057000 0.048000
0 0.887500 0.186250 0.054000 0.111000
0 0.327500 0.185000 0.096000 0.138000
0 0.386250 0.148750 0.045000 0.063000
0 0.540000 0.080000 0.042000 0.048000
0 0.848750 0.023750 0.039000 0.027000
0 0.341250 0.031250 0.045000 0.045000
0 0.974500 0.028750 0.051000 0.051000
0 0.923500 0.169500 0.153000 0.339000
0 0.461250 0.024000 0.033000 0.048000
0 0.228750 0.019500 0.057000 0.039000
0 0.600000 0.600000 1.000000 1.000000
