0 0.896753 0.997375 0.015987 0.005250
0 0.914654 0.996250 0.022981 0.007500
0 0.380516 0.995938 0.011990 0.006750
0 0.730641 0.995125 0.014988 0.009750
0 0.637386 0.995125 0.012989 0.009750
0 0.451291 0.994375 0.021982 0.011250
0 0.468776 0.993625 0.029975 0.012750
0 0.996003 0.993250 0.007993 0.013500
0 0.739800 0.992500 0.012989 0.009000
0 0.490841 0.993250 0.018984 0.013500
0 0.403830 0.993250 0.023980 0.013500
0 0.722731 0.992188 0.009992 0.009750
0 0.613239 0.991875 0.012989 0.009000
0 0.871774 0.992500 0.015987 0.015000
0 0.690674 0.992500 0.046961 0.015000
0 0.358451 0.993125 0.016986 0.013500
0 0.258118 0.992500 0.021982 0.015000
0 0.711490 0.990625 0.010991 0.010500
0 0.381765 0.988750 0.014988 0.006000
0 0.642798 0.987812 0.011990 0.006750
0 0.148626 0.991000 0.050958 0.018000
0 0.797252 0.990938 0.026978 0.017250
0 0.907161 0.988125 0.006994 0.012000
0 0.858451 0.989875 0.017985 0.020250
0 0.785179 0.989875 0.023980 0.020250
0 0.239800 0.990313 0.019983 0.017250
0 0.393838 0.983437 0.015987 0.006750
0 0.728143 0.982812 0.008993 0.009750
0 0.684013 0.984375 0.014988 0.015000
0 0.365529 0.983437 0.019983 0.012750
0 0.341799 0.986875 0.044963 0.026250
0 0.716903 0.980000 0.011990 0.009000
0 0.627394 0.985750 0.024979 0.028500
0 0.336386 0.978750 0.011990 0.006000
0 0.094921 0.985750 0.035970 0.028500
0 0.873439 0.985000 0.045962 0.030000
0 0.517902 0.978437 0.009992 0.012750
0 0.849292 0.980938 0.015987 0.020250
0 0.516236 0.983500 0.083930 0.033000
0 0.750208 0.975000 0.011990 0.009000
0 0.184430 0.981625 0.040966 0.036750
0 0.878851 0.974063 0.014988 0.012750
0 0.656536 0.981250 0.044963 0.037500
0 0.539550 0.980313 0.035970 0.027750
0 0.006994 0.971875 0.013988 0.007500
0 0.376769 0.976250 0.034971 0.021000
0 0.887177 0.970313 0.010991 0.009750
0 0.462531 0.977812 0.032973 0.027750
0 0.428393 0.977812 0.040966 0.033750
0 0.705246 0.974688 0.049958 0.027750
0 0.965029 0.977125 0.069942 0.045750
0 0.685262 0.966250 0.027977 0.010500
0 0.574938 0.965625 0.014988 0.012000
0 0.563697 0.976562 0.049958 0.039750
0 0.351374 0.967500 0.021982 0.021000
0 0.289342 0.963750 0.028976 0.013500
0 0.307244 0.960625 0.011990 0.010500
0 0.624063 0.957812 0.036969 0.009750
0 0.092423 0.964688 0.051957 0.027750
0 0.370108 0.958125 0.018984 0.018000
0 0.542881 0.958438 0.013988 0.020250
0 0.799334 0.953750 0.011990 0.012000
0 0.775604 0.959063 0.022981 0.024750
0 0.339301 0.961250 0.032973 0.031500
0 0.258951 0.954688 0.027977 0.015750
0 0.639467 0.966875 0.089925 0.048000
0 0.361782 0.950313 0.006994 0.011250
0 0.058285 0.967375 0.081932 0.065250
0 0.142381 0.966625 0.113905 0.066750
0 0.990508 0.945625 0.018984 0.012000
0 0.354704 0.943125 0.007993 0.009000
0 0.591590 0.963250 0.052956 0.073500
0 0.409242 0.936875 0.014988 0.007500
0 0.341799 0.934688 0.010991 0.006750
0 0.559534 0.935937 0.023980 0.012750
0 0.028310 0.928438 0.021982 0.006750
0 0.989509 0.930625 0.020983 0.013500
0 0.365529 0.937500 0.067943 0.042000
0 0.812240 0.925937 0.018984 0.018750
0 0.577852 0.929688 0.065945 0.027750
0 0.003997 0.925625 0.007993 0.018000
0 0.605745 0.921562 0.016986 0.011250
0 0.235637 0.927188 0.047960 0.024750
0 0.505828 0.919375 0.014988 0.007500
0 0.294338 0.925000 0.010991 0.021000
0 0.042964 0.949000 0.085928 0.102000
0 0.456703 0.917500 0.018984 0.007500
0 0.283097 0.913750 0.013988 0.012000
0 0.764363 0.911563 0.011990 0.011250
0 0.517069 0.913438 0.011990 0.015750
0 0.453789 0.910625 0.009992 0.009000
0 0.837635 0.909687 0.015987 0.008250
0 0.810991 0.911563 0.011990 0.014250
0 0.994005 0.908750 0.011990 0.010500
0 0.065779 0.905312 0.015987 0.005250
0 0.321815 0.905312 0.014988 0.006750
0 0.558285 0.912813 0.028976 0.027750
0 0.644879 0.932187 0.106911 0.077250
0 0.477935 0.906250 0.011990 0.015000
0 0.151124 0.904062 0.010991 0.011250
0 0.006994 0.904062 0.013988 0.012750
0 0.462948 0.904062 0.021982 0.014250
0 0.199001 0.912500 0.063947 0.039000
0 0.587843 0.900000 0.015987 0.012000
0 0.755204 0.895312 0.023980 0.012750
0 0.519567 0.936875 0.127893 0.112500
0 0.891341 0.893125 0.016986 0.009000
0 0.856370 0.901250 0.030974 0.028500
0 0.706495 0.892813 0.008993 0.008250
0 0.201082 0.892813 0.008993 0.008250
0 0.584929 0.902188 0.038968 0.041250
0 0.976020 0.890312 0.047960 0.024750
0 0.479184 0.888750 0.036969 0.025500
0 0.870108 0.880625 0.011990 0.012000
0 0.882598 0.925750 0.234804 0.148500
0 0.511241 0.885625 0.037968 0.025500
0 0.930475 0.880000 0.014988 0.016500
0 0.711907 0.880938 0.035970 0.018750
0 0.109492 0.914375 0.092923 0.100500
0 0.620316 0.893437 0.091923 0.051750
0 0.491674 0.876875 0.020983 0.016500
0 0.423813 0.873750 0.011990 0.009000
0 0.838884 0.884062 0.080933 0.036750
0 0.785179 0.874062 0.027977 0.012750
0 0.028726 0.874062 0.020983 0.015750
0 0.704413 0.871250 0.019983 0.010500
0 0.218152 0.881250 0.033972 0.036000
0 0.639467 0.867188 0.009992 0.012750
0 0.725229 0.870313 0.017985 0.023250
0 0.989009 0.869687 0.021982 0.024750
0 0.977519 0.866875 0.013988 0.018000
0 0.711907 0.865313 0.015987 0.015750
0 0.238968 0.862500 0.023980 0.009000
0 0.429642 0.862812 0.021982 0.012750
0 0.648210 0.863750 0.008993 0.016500
0 0.475853 0.858125 0.014988 0.006000
0 0.008743 0.859688 0.012989 0.011250
0 0.664446 0.877500 0.039967 0.055500
0 0.077852 0.864062 0.030974 0.023250
0 0.455870 0.859062 0.024979 0.015750
0 0.365945 0.858750 0.010991 0.015000
0 0.931724 0.859375 0.021982 0.018000
0 0.739800 0.854375 0.032973 0.010500
0 0.424230 0.855625 0.008993 0.013500
0 0.414238 0.853125 0.012989 0.009000
0 0.350125 0.853437 0.022981 0.009750
0 0.810575 0.850000 0.010991 0.009000
0 0.676936 0.849375 0.019983 0.010500
0 0.692756 0.849688 0.015987 0.012750
0 0.495420 0.851250 0.019983 0.016500
0 0.084513 0.851875 0.014988 0.018000
0 0.366778 0.847812 0.016986 0.009750
0 0.050458 0.889375 0.100916 0.112500
0 0.121565 0.845313 0.013988 0.008250
0 0.101582 0.847500 0.031973 0.015000
0 0.428393 0.845000 0.012989 0.012000
0 0.233139 0.843125 0.011990 0.009000
0 0.925479 0.844063 0.016986 0.012750
0 0.940466 0.841875 0.016986 0.009000
0 0.872606 0.845625 0.033972 0.018000
0 0.153206 0.841875 0.017985 0.012000
0 0.312656 0.839375 0.022981 0.012000
0 0.450458 0.838437 0.015987 0.011250
0 0.019151 0.842187 0.027977 0.020250
0 0.572023 0.835625 0.013988 0.012000
0 0.058285 0.842500 0.073938 0.031500
0 0.384679 0.843125 0.023980 0.034500
0 0.428809 0.851875 0.141882 0.057000
0 0.860949 0.831250 0.019983 0.012000
0 0.878851 0.830313 0.020983 0.018750
0 0.282265 0.830937 0.017985 0.020250
0 0.870525 0.826562 0.012989 0.011250
0 0.772689 0.830625 0.015987 0.021000
0 0.488343 0.824375 0.012989 0.009000
0 0.909242 0.822500 0.009992 0.009000
0 0.833056 0.822812 0.014988 0.009750
0 0.080766 0.823125 0.019983 0.015000
0 0.277685 0.819375 0.012989 0.010500
0 0.144879 0.820312 0.011990 0.012750
0 0.407577 0.821250 0.016986 0.016500
0 0.257702 0.820312 0.010991 0.015750
0 0.749792 0.817500 0.010991 0.010500
0 0.612823 0.820625 0.043963 0.018000
0 0.385512 0.822187 0.021982 0.021750
0 0.571607 0.824688 0.082931 0.033750
0 0.571191 0.812813 0.017985 0.008250
0 0.419234 0.813750 0.010991 0.013500
0 0.150708 0.811875 0.011990 0.009000
0 0.370941 0.816250 0.020983 0.021000
0 0.345129 0.830937 0.058951 0.056250
0 0.330142 0.820000 0.018984 0.030000
0 0.246878 0.815937 0.030974 0.023250
0 0.056619 0.819063 0.045962 0.030750
0 0.081599 0.811875 0.027977 0.015000
0 0.810575 0.810937 0.016986 0.014250
0 0.275187 0.816562 0.032973 0.027750
0 0.852206 0.811562 0.044963 0.017250
0 0.641132 0.811875 0.021982 0.018000
0 0.307244 0.822187 0.041965 0.044250
0 0.202331 0.808125 0.023980 0.010500
0 0.823480 0.812187 0.021982 0.021750
0 0.596170 0.807500 0.021982 0.010500
0 0.658201 0.809688 0.020983 0.017250
0 0.376353 0.806875 0.023980 0.012000
0 0.755204 0.880000 0.211823 0.240000
0 0.856786 0.805312 0.021982 0.014250
0 0.705662 0.803125 0.018984 0.009000
0 0.262281 0.804063 0.009992 0.011250
0 0.569109 0.803438 0.014988 0.012750
0 0.359284 0.803750 0.012989 0.013500
0 0.325562 0.802813 0.017985 0.015750
0 0.190674 0.797813 0.011990 0.009750
0 0.708160 0.795937 0.014988 0.006750
0 0.964197 0.799063 0.021982 0.020250
0 0.368443 0.794375 0.010991 0.009000
0 0.284346 0.798750 0.034971 0.019500
0 0.508743 0.796250 0.009992 0.015000
0 0.403414 0.803125 0.036969 0.031500
0 0.055371 0.800625 0.048959 0.025500
0 0.336803 0.799063 0.036969 0.023250
0 0.301832 0.795000 0.034971 0.013500
0 0.511241 0.821562 0.097918 0.078750
0 0.639883 0.792500 0.014988 0.010500
0 0.008993 0.791875 0.017985 0.010500
0 0.600749 0.797188 0.064946 0.027750
0 0.347211 0.791250 0.025978 0.013500
0 0.026478 0.812500 0.052956 0.064500
0 0.706911 0.788750 0.019983 0.010500
0 0.451291 0.789062 0.011990 0.011250
0 0.210241 0.791562 0.012989 0.017250
0 0.392173 0.786875 0.011990 0.015000
0 0.889259 0.783438 0.013988 0.009750
0 0.361366 0.785625 0.007993 0.015000
0 0.259367 0.790000 0.034971 0.025500
0 0.708160 0.781563 0.014988 0.006750
0 0.232723 0.797500 0.042964 0.046500
0 0.445046 0.781250 0.012989 0.009000
0 0.130308 0.781875 0.016986 0.010500
0 0.013739 0.783125 0.020983 0.013500
0 0.574938 0.784375 0.022981 0.018000
0 0.550791 0.796562 0.032973 0.048750
0 0.613239 0.780000 0.006994 0.010500
0 0.513739 0.783438 0.021982 0.018750
0 0.319317 0.780312 0.014988 0.011250
0 0.602831 0.779375 0.009992 0.013500
0 0.502082 0.777813 0.013988 0.009750
0 0.489592 0.786875 0.027977 0.031500
0 0.439217 0.776563 0.008993 0.006750
0 0.405912 0.777813 0.020983 0.009750
0 0.800167 0.777813 0.013988 0.012750
0 0.535803 0.778438 0.020983 0.014250
0 0.335554 0.779375 0.025978 0.016500
0 0.753122 0.784687 0.074938 0.030750
0 0.373022 0.783750 0.035970 0.031500
0 0.190258 0.783125 0.042964 0.030000
0 0.348876 0.778438 0.023980 0.023250
0 0.584929 0.777188 0.032973 0.023250
0 0.793922 0.773438 0.026978 0.015750
0 0.552040 0.771250 0.015987 0.010500
0 0.489176 0.772188 0.020983 0.012750
0 0.292673 0.778438 0.046961 0.029250
0 0.755204 0.769375 0.011990 0.009000
0 0.775604 0.770625 0.032973 0.015000
0 0.700666 0.773438 0.014988 0.021750
0 0.724813 0.772500 0.016986 0.021000
0 0.018485 0.773438 0.036969 0.023250
0 0.452956 0.800937 0.079933 0.090750
0 0.448376 0.769062 0.016986 0.014250
0 0.616570 0.768750 0.020983 0.016500
0 0.813905 0.766250 0.034971 0.015000
0 0.367194 0.765312 0.011990 0.012750
0 0.703997 0.763750 0.024979 0.010500
0 0.786012 0.763750 0.025978 0.013500
0 0.669442 0.783438 0.065945 0.060750
0 0.162365 0.761875 0.011990 0.010500
0 0.681515 0.760312 0.014988 0.008250
0 0.322648 0.764062 0.018984 0.017250
0 0.036636 0.765000 0.021982 0.019500
0 0.099500 0.762813 0.020983 0.015750
0 0.549542 0.760938 0.011990 0.012750
0 0.151540 0.761250 0.013988 0.013500
0 0.714821 0.765938 0.016986 0.026250
0 0.736470 0.760312 0.030974 0.014250
0 0.386345 0.759062 0.013988 0.011250
0 0.395504 0.766563 0.059950 0.029250
0 0.340550 0.763750 0.021982 0.022500
0 0.159450 0.775312 0.064946 0.050250
0 0.634888 0.769375 0.032973 0.039000
0 0.292256 0.758750 0.009992 0.013500
0 0.263947 0.774687 0.061948 0.054750
0 0.470858 0.756563 0.020983 0.012750
0 0.281848 0.756250 0.010991 0.012000
0 0.659034 0.756563 0.012989 0.015750
0 0.301832 0.755938 0.012989 0.014250
0 0.671940 0.753750 0.017985 0.012000
0 0.856786 0.753437 0.017985 0.012750
0 0.726062 0.753125 0.009992 0.012000
0 0.356786 0.755313 0.024979 0.021750
0 0.155704 0.751563 0.033972 0.012750
0 0.124480 0.749687 0.012989 0.008250
0 0.017985 0.758437 0.035970 0.029250
0 0.327644 0.748750 0.010991 0.009000
0 0.925479 0.748125 0.012989 0.009000
0 0.736470 0.750313 0.006994 0.014250
0 0.293089 0.747812 0.015987 0.008250
0 0.040383 0.751563 0.016986 0.017250
0 0.121982 0.759062 0.044963 0.038250
0 0.423813 0.773125 0.041965 0.075000
0 0.318901 0.750000 0.011990 0.019500
0 0.306411 0.745938 0.015987 0.014250
0 0.788510 0.750000 0.037968 0.025500
0 0.750208 0.745000 0.013988 0.013500
0 0.846794 0.750625 0.017985 0.030000
0 0.342631 0.745313 0.022981 0.017250
0 0.863863 0.743437 0.030974 0.014250
0 0.645712 0.747500 0.036969 0.024000
0 0.240216 0.747500 0.036969 0.024000
0 0.113655 0.746250 0.028976 0.021000
0 0.077435 0.741250 0.019983 0.010500
0 0.764779 0.752188 0.038968 0.038250
0 0.189842 0.752188 0.045962 0.038250
0 0.892590 0.745938 0.055953 0.026250
0 0.731057 0.739688 0.017985 0.011250
0 0.971690 0.736875 0.015987 0.007500
0 0.525812 0.740625 0.018984 0.016500
0 0.705662 0.745625 0.038968 0.030000
0 0.472107 0.738125 0.011990 0.013500
0 0.682348 0.739062 0.012989 0.017250
0 0.271440 0.741250 0.025978 0.022500
0 0.398002 0.741250 0.049958 0.024000
0 0.195670 0.734062 0.019983 0.008250
0 0.343047 0.736563 0.029975 0.020250
0 0.693172 0.732187 0.018984 0.011250
0 0.444213 0.730938 0.016986 0.008250
0 0.365529 0.741250 0.025978 0.033000
0 0.514155 0.735625 0.018984 0.021000
0 0.320983 0.735625 0.030974 0.021000
0 0.429642 0.742500 0.087927 0.039000
0 0.395920 0.732500 0.016986 0.015000
0 0.136553 0.727500 0.021982 0.007500
0 0.827227 0.744375 0.032973 0.049500
0 0.281432 0.729688 0.013988 0.014250
0 0.093672 0.732812 0.024979 0.021750
0 0.902998 0.726250 0.014988 0.009000
0 0.164863 0.725313 0.013988 0.009750
0 0.070358 0.724688 0.020983 0.009750
0 0.619067 0.723437 0.014988 0.009750
0 0.261865 0.725000 0.014988 0.013500
0 0.928809 0.731563 0.032973 0.030750
0 0.672773 0.726250 0.039967 0.018000
0 0.217735 0.748125 0.064946 0.072000
0 0.168193 0.732500 0.037968 0.034500
0 0.134055 0.730938 0.067943 0.030750
0 0.885096 0.721562 0.021982 0.009750
0 0.801415 0.730000 0.046961 0.030000
0 0.360533 0.721562 0.025978 0.012750
0 0.138634 0.719375 0.012989 0.009000
0 0.866778 0.717500 0.019983 0.007500
0 0.434221 0.720313 0.014988 0.014250
0 0.920067 0.720938 0.029975 0.017250
0 0.943381 0.715625 0.023980 0.007500
0 0.292673 0.724688 0.014988 0.029250
0 0.247294 0.727500 0.027977 0.036000
0 0.536636 0.717187 0.014988 0.012750
0 0.320983 0.715625 0.014988 0.009000
0 0.804330 0.717187 0.013988 0.014250
0 0.321815 0.724375 0.062948 0.031500
0 0.893006 0.715625 0.008993 0.012000
0 0.096586 0.713750 0.015987 0.007500
0 0.509992 0.733750 0.044963 0.057000
0 0.111990 0.718437 0.020983 0.020250
0 0.962531 0.726562 0.074938 0.041250
0 0.410075 0.713437 0.018984 0.011250
0 0.383847 0.720938 0.047960 0.029250
0 0.784763 0.711562 0.008993 0.008250
0 0.780183 0.725000 0.045962 0.040500
0 0.642381 0.723437 0.038968 0.039750
0 0.487510 0.715313 0.016986 0.020250
0 0.303081 0.712500 0.013988 0.015000
0 0.884263 0.711562 0.009992 0.015750
0 0.510824 0.708750 0.016986 0.009000
0 0.192756 0.711875 0.038968 0.016500
0 0.926728 0.709375 0.019983 0.013500
0 0.855953 0.708438 0.013988 0.011250
0 0.990008 0.705000 0.019983 0.007500
0 0.623231 0.710000 0.034971 0.019500
0 0.857202 0.721875 0.092923 0.049500
0 0.529975 0.705937 0.022981 0.011250
0 0.943797 0.706562 0.016986 0.014250
0 0.636969 0.703438 0.015987 0.006750
0 0.134471 0.712187 0.048959 0.027750
0 0.165279 0.709063 0.034971 0.021750
0 0.579933 0.734062 0.118901 0.084750
0 0.218568 0.706250 0.066944 0.018000
0 0.964613 0.704688 0.028976 0.017250
0 0.893838 0.702187 0.020983 0.011250
0 0.404246 0.702812 0.030974 0.014250
0 0.594921 0.710938 0.042964 0.035250
0 0.097419 0.704063 0.013988 0.018750
0 0.878851 0.699688 0.008993 0.009750
0 0.518734 0.700625 0.013988 0.012000
0 0.542465 0.699688 0.024979 0.011250
0 0.129059 0.699063 0.009992 0.011250
0 0.427144 0.696562 0.009992 0.011250
0 0.415071 0.696875 0.014988 0.013500
0 0.383847 0.700000 0.027977 0.021000
0 0.366778 0.697812 0.014988 0.015750
0 0.652373 0.693750 0.022981 0.007500
0 0.351790 0.693750 0.016986 0.007500
0 0.400500 0.692500 0.015987 0.006000
0 0.311823 0.695000 0.012989 0.012000
0 0.260200 0.695000 0.014988 0.013500
0 0.812656 0.699375 0.053955 0.025500
0 0.906328 0.690937 0.014988 0.009750
0 0.147794 0.693750 0.018984 0.016500
0 0.048709 0.690625 0.014988 0.010500
0 0.455870 0.688750 0.014988 0.009000
0 0.069942 0.695625 0.041965 0.028500
0 0.972023 0.693438 0.055953 0.024750
0 0.861366 0.687187 0.010991 0.009750
0 0.633639 0.690937 0.023980 0.018750
0 0.591174 0.688438 0.007993 0.012750
0 0.563281 0.693438 0.050958 0.024750
0 0.537469 0.690312 0.014988 0.017250
0 0.508743 0.686250 0.017985 0.007500
0 0.278934 0.702500 0.075937 0.048000
0 0.137802 0.688438 0.008993 0.015750
0 0.096586 0.690000 0.021982 0.019500
0 0.336803 0.695625 0.072939 0.036000
0 0.683597 0.705313 0.067943 0.060750
0 0.413405 0.684688 0.028976 0.011250
0 0.251041 0.691250 0.024979 0.027000
0 0.934221 0.682813 0.015987 0.009750
0 0.941299 0.690625 0.030974 0.030000
0 0.890092 0.685625 0.037968 0.018000
0 0.275604 0.683750 0.033972 0.013500
0 0.147377 0.681875 0.009992 0.009000
0 0.807244 0.682813 0.016986 0.014250
0 0.463364 0.680937 0.016986 0.009750
0 0.569525 0.681250 0.015987 0.013500
0 0.791007 0.679375 0.013988 0.012000
0 0.781432 0.678750 0.008993 0.010500
0 0.921316 0.684688 0.020983 0.026250
0 0.607827 0.686250 0.043963 0.030000
0 0.364280 0.682500 0.046961 0.021000
0 0.456703 0.677500 0.016986 0.010500
0 0.599084 0.676562 0.010991 0.009750
0 0.327644 0.680625 0.038968 0.019500
0 0.126978 0.679375 0.014988 0.016500
0 0.868027 0.677188 0.016986 0.012750
0 0.691923 0.675625 0.011990 0.009000
0 0.312240 0.676562 0.019983 0.011250
0 0.042881 0.677813 0.014988 0.014250
0 0.763530 0.690312 0.069942 0.045750
0 0.773106 0.676562 0.006994 0.014250
0 0.395504 0.676562 0.037968 0.014250
0 0.963364 0.673438 0.013988 0.008250
0 0.647794 0.679688 0.043963 0.023250
0 0.417985 0.673750 0.013988 0.009000
0 0.295587 0.679688 0.017985 0.023250
0 0.803913 0.671562 0.016986 0.006750
0 0.579517 0.677500 0.015987 0.021000
0 0.547460 0.673750 0.014988 0.015000
0 0.475021 0.721562 0.132889 0.129750
0 0.620316 0.671562 0.015987 0.011250
0 0.827227 0.676875 0.026978 0.027000
0 0.370525 0.669063 0.013988 0.008250
0 0.127810 0.668750 0.024979 0.007500
0 0.558285 0.672188 0.008993 0.017250
0 0.308077 0.668438 0.011990 0.009750
0 0.382182 0.666875 0.009992 0.007500
0 0.671524 0.673125 0.040966 0.024000
0 0.642798 0.666875 0.009992 0.010500
0 0.589925 0.669375 0.024979 0.018000
0 0.197752 0.683750 0.114904 0.052500
0 0.109076 0.665937 0.015987 0.009750
0 0.606994 0.666562 0.013988 0.012750
0 0.943381 0.666250 0.023980 0.013500
0 0.631557 0.663438 0.010991 0.006750
0 0.498751 0.685312 0.099917 0.059250
0 0.571191 0.665000 0.017985 0.012000
0 0.398002 0.663750 0.013988 0.009000
0 0.357619 0.666562 0.014988 0.015750
0 0.088260 0.672500 0.061948 0.030000
0 0.146545 0.669687 0.033972 0.024750
0 0.914654 0.661875 0.014988 0.009000
0 0.066195 0.666562 0.026978 0.020250
0 0.933389 0.664687 0.015987 0.017250
0 0.600000 0.794500 1.000000 0.411000
0 0.895087 0.666875 0.017985 0.024000
0 0.314738 0.663750 0.011990 0.016500
0 0.728976 0.696875 0.086928 0.097500
0 0.850125 0.663750 0.025978 0.019500
0 0.834305 0.658750 0.015987 0.009000
0 0.808077 0.658438 0.008993 0.008250
0 0.553705 0.660312 0.007993 0.012750
0 0.149875 0.658438 0.013988 0.008250
0 0.420483 0.659375 0.013988 0.012000
0 0.767277 0.658438 0.024979 0.011250
0 0.725229 0.659062 0.009992 0.012750
0 0.784346 0.656875 0.019983 0.009000
0 0.159450 0.656250 0.012989 0.009000
0 0.655704 0.658750 0.040966 0.016500
0 0.329725 0.661563 0.023980 0.024750
0 0.274771 0.655625 0.009992 0.013500
0 0.398418 0.656875 0.054954 0.018000
0 0.038718 0.666875 0.030974 0.042000
0 0.517902 0.653438 0.023980 0.011250
0 0.945462 0.653438 0.024979 0.012750
0 0.717735 0.651250 0.011990 0.007500
0 0.555787 0.650937 0.012989 0.008250
0 0.527893 0.658438 0.039967 0.026250
0 0.296420 0.659687 0.039967 0.030750
0 0.891341 0.651563 0.014988 0.012750
0 0.812656 0.649375 0.023980 0.007500
0 0.578684 0.650937 0.011990 0.011250
0 0.359700 0.649062 0.013988 0.006750
0 0.878435 0.660937 0.023980 0.036750
0 0.858035 0.650937 0.016986 0.012750
0 0.566195 0.651250 0.007993 0.013500
0 0.913822 0.650000 0.010991 0.013500
0 0.972939 0.657188 0.034971 0.032250
0 0.378435 0.649687 0.010991 0.015750
0 0.324729 0.651250 0.025978 0.019500
0 0.166112 0.650937 0.026978 0.018750
0 0.828060 0.646563 0.016986 0.009750
0 0.766028 0.646875 0.009992 0.010500
0 0.350125 0.647188 0.010991 0.011250
0 0.348876 0.654062 0.031973 0.029250
0 0.130724 0.646875 0.011990 0.012000
0 0.754788 0.644062 0.016986 0.006750
0 0.615321 0.650625 0.029975 0.022500
0 0.701915 0.649062 0.027977 0.024750
0 0.680683 0.646563 0.022981 0.018750
0 0.007993 0.642500 0.015987 0.009000
0 0.151124 0.641250 0.014988 0.007500
0 0.918401 0.644375 0.029975 0.016500
0 0.199001 0.640625 0.015987 0.007500
0 0.785595 0.640312 0.010991 0.008250
0 0.663614 0.639687 0.021982 0.006750
0 0.316403 0.641563 0.011990 0.011250
0 0.121982 0.641875 0.018984 0.012000
0 0.989009 0.640312 0.021982 0.009750
0 0.513739 0.642188 0.017985 0.015750
0 0.044130 0.641250 0.009992 0.013500
0 0.840550 0.640625 0.020983 0.013500
0 0.458368 0.653125 0.070941 0.043500
0 0.421316 0.642188 0.015987 0.017250
0 0.629059 0.639375 0.014988 0.013500
0 0.868027 0.638437 0.022981 0.012750
0 0.826395 0.635938 0.020983 0.008250
0 0.952956 0.639375 0.024979 0.018000
0 0.640300 0.634062 0.015987 0.005250
0 0.377186 0.640000 0.057952 0.021000
0 0.235221 0.655312 0.096919 0.057750
0 0.028310 0.636875 0.021982 0.013500
0 0.977519 0.635000 0.015987 0.010500
0 0.933389 0.635312 0.013988 0.011250
0 0.294754 0.638437 0.045962 0.018750
0 0.541216 0.637500 0.043963 0.019500
0 0.919650 0.634687 0.022981 0.014250
0 0.793505 0.634375 0.013988 0.013500
0 0.703580 0.630000 0.015987 0.007500
0 0.444213 0.633750 0.014988 0.016500
0 0.144047 0.630313 0.011990 0.008250
0 0.672773 0.632188 0.037968 0.014250
0 0.108659 0.633125 0.032973 0.016500
0 0.871774 0.629687 0.007993 0.009750
0 0.730641 0.636875 0.036969 0.027000
0 0.649459 0.629062 0.013988 0.008250
0 0.506661 0.631250 0.020983 0.013500
0 0.130308 0.630938 0.010991 0.012750
0 0.894255 0.632188 0.033972 0.017250
0 0.078684 0.629687 0.018984 0.011250
0 0.985429 0.627188 0.016986 0.006750
0 0.842631 0.628437 0.009992 0.009750
0 0.410075 0.629687 0.036969 0.018750
0 0.900916 0.625000 0.021982 0.009000
0 0.097835 0.627188 0.028976 0.014250
0 0.006994 0.625000 0.013988 0.009000
0 0.463364 0.627188 0.026978 0.015750
0 0.435887 0.627812 0.016986 0.017250
0 0.312240 0.631563 0.039967 0.026250
0 0.184846 0.638437 0.041965 0.042750
0 0.493755 0.638750 0.035970 0.045000
0 0.166944 0.627812 0.034971 0.020250
0 0.534971 0.623125 0.018984 0.010500
0 0.791007 0.622188 0.015987 0.009750
0 0.346378 0.625625 0.019983 0.019500
0 0.321399 0.621563 0.011990 0.009750
0 0.282681 0.622188 0.018984 0.012750
0 0.513739 0.622188 0.019983 0.014250
0 0.207744 0.622812 0.012989 0.017250
0 0.029559 0.620625 0.012989 0.012000
0 0.989176 0.619375 0.015987 0.010500
0 0.775604 0.620313 0.010991 0.015750
0 0.977102 0.617812 0.014988 0.011250
0 0.703580 0.618125 0.023980 0.012000
0 0.380100 0.622812 0.070941 0.023250
0 0.947544 0.621250 0.015987 0.021000
0 0.889675 0.616563 0.014988 0.009750
0 0.129059 0.615313 0.013988 0.008250
0 0.105745 0.615938 0.015987 0.009750
0 0.005995 0.615313 0.011990 0.008250
0 0.910491 0.615000 0.016986 0.009000
0 0.146128 0.615000 0.022981 0.010500
0 0.858451 0.618125 0.013988 0.019500
0 0.824729 0.620625 0.032973 0.027000
0 0.538718 0.614062 0.027977 0.011250
0 0.256453 0.629687 0.057952 0.048750
0 0.219817 0.618437 0.021982 0.021750
0 0.191091 0.612812 0.010991 0.008250
0 0.176520 0.613437 0.019983 0.009750
0 0.782681 0.613750 0.009992 0.012000
0 0.694838 0.612187 0.014988 0.008250
0 0.923813 0.612187 0.008993 0.012750
0 0.062864 0.614375 0.032973 0.022500
0 0.993505 0.611563 0.012989 0.017250
0 0.567027 0.611563 0.047960 0.018750
0 0.232723 0.611563 0.010991 0.018750
0 0.318485 0.611250 0.064946 0.021000
0 0.875937 0.606563 0.009992 0.011250
0 0.787677 0.608750 0.025978 0.016500
0 0.674438 0.615938 0.037968 0.033750
0 0.575770 0.632812 0.082931 0.074250
0 0.283930 0.606875 0.017985 0.012000
0 0.647794 0.607500 0.017985 0.015000
0 0.954621 0.609375 0.028976 0.021000
0 0.750624 0.603750 0.020983 0.009000
0 0.419650 0.605625 0.007993 0.013500
0 0.811823 0.605625 0.023980 0.016500
0 0.400500 0.603437 0.015987 0.011250
0 0.343464 0.602812 0.010991 0.009750
0 0.987094 0.602500 0.014988 0.010500
0 0.370108 0.606250 0.050958 0.019500
0 0.889675 0.602187 0.014988 0.011250
0 0.221482 0.603125 0.021982 0.013500
0 0.022481 0.600938 0.013988 0.008250
0 0.171940 0.602500 0.028976 0.015000
0 0.308909 0.601875 0.017985 0.015000
0 0.765196 0.600625 0.027977 0.013500
0 0.323480 0.598750 0.018984 0.009000
0 0.958784 0.600000 0.014988 0.013500
0 0.840550 0.599375 0.012989 0.012000
0 0.532057 0.597500 0.011990 0.009000
0 0.034555 0.605938 0.016986 0.029250
0 0.994005 0.598437 0.011990 0.012750
0 0.239800 0.597812 0.017985 0.011250
0 0.629475 0.615000 0.071940 0.057000
0 0.413405 0.598125 0.010991 0.016500
0 0.339301 0.595625 0.012989 0.010500
0 0.931724 0.595000 0.013988 0.010500
0 0.950042 0.594375 0.011990 0.010500
0 0.425895 0.593750 0.016986 0.009000
0 0.138634 0.593125 0.012989 0.007500
0 0.857619 0.592500 0.017985 0.009000
0 0.076187 0.595000 0.008993 0.015000
0 0.050791 0.598437 0.019983 0.023250
0 0.008993 0.593750 0.017985 0.012000
0 0.545379 0.595625 0.021982 0.018000
0 0.635304 0.593750 0.025978 0.016500
0 0.276020 0.600938 0.022981 0.033750
0 0.021649 0.590938 0.015987 0.011250
0 0.258535 0.589063 0.014988 0.008250
0 0.087843 0.587500 0.016986 0.006000
0 0.382598 0.590313 0.018984 0.014250
0 0.310991 0.588750 0.012989 0.010500
0 0.510408 0.600313 0.037968 0.039750
0 0.837635 0.588750 0.015987 0.013500
0 0.362198 0.590313 0.019983 0.017250
0 0.238551 0.586875 0.028976 0.009000
0 0.969192 0.587187 0.013988 0.011250
0 0.043297 0.585938 0.019983 0.008250
0 0.878018 0.589063 0.026978 0.017250
0 0.169858 0.588750 0.043963 0.019500
0 0.115737 0.601875 0.053955 0.051000
0 0.985845 0.588437 0.017985 0.020250
0 0.199001 0.582812 0.011990 0.008250
0 0.917985 0.588750 0.030974 0.024000
0 0.853872 0.579688 0.010991 0.008250
0 0.885512 0.578125 0.016986 0.006000
0 0.072440 0.584063 0.025978 0.020250
0 0.553705 0.590313 0.057952 0.036750
0 0.839717 0.577812 0.014988 0.008250
0 0.330558 0.577500 0.009992 0.007500
0 0.301415 0.588125 0.031973 0.033000
0 0.528310 0.578125 0.012989 0.012000
0 0.372606 0.579063 0.018984 0.015750
0 0.353039 0.582500 0.021982 0.024000
0 0.165279 0.578125 0.020983 0.013500
0 0.150708 0.581250 0.023980 0.021000
0 0.012989 0.575937 0.025978 0.011250
0 0.030808 0.573125 0.013988 0.006000
0 0.891757 0.572500 0.009992 0.013500
0 0.882598 0.570625 0.011990 0.010500
0 0.417569 0.577187 0.074938 0.032250
0 0.617818 0.568750 0.041965 0.013500
0 0.352206 0.568125 0.013988 0.012000
0 0.527893 0.566562 0.009992 0.009750
0 0.085762 0.566562 0.011990 0.009750
0 0.182348 0.570000 0.013988 0.019500
0 0.944213 0.567813 0.017985 0.015750
0 0.539134 0.566562 0.018984 0.012750
0 0.441299 0.565625 0.021982 0.010500
0 0.199833 0.564063 0.017985 0.006750
0 0.043297 0.565625 0.017985 0.010500
0 0.062032 0.567500 0.018984 0.016500
0 0.955037 0.563125 0.015987 0.007500
0 0.909659 0.563438 0.018984 0.008250
0 0.114072 0.561562 0.017985 0.006750
0 0.992007 0.565312 0.015987 0.017250
0 0.977519 0.570000 0.044963 0.028500
0 0.672356 0.564063 0.016986 0.014250
0 0.775187 0.577500 0.103913 0.048000
0 0.008743 0.561562 0.014988 0.009750
0 0.885928 0.558750 0.015987 0.006000
0 0.025812 0.565312 0.021982 0.021750
0 0.903414 0.558125 0.017985 0.006000
0 0.412573 0.558438 0.012989 0.006750
0 0.077019 0.562187 0.014988 0.015750
0 0.583680 0.558438 0.017985 0.008250
0 0.555787 0.560000 0.010991 0.012000
0 0.593672 0.580000 0.087927 0.061500
0 0.192756 0.558438 0.018984 0.011250
0 0.688593 0.562187 0.035970 0.021750
0 0.521649 0.560625 0.018984 0.018000
0 0.926728 0.559063 0.019983 0.015750
0 0.260616 0.558750 0.015987 0.016500
0 0.693172 0.583750 0.176853 0.081000
0 0.470441 0.554063 0.015987 0.009750
0 0.330142 0.561250 0.032973 0.027000
0 0.141549 0.555312 0.019983 0.012750
0 0.707744 0.554063 0.021982 0.014250
0 0.242714 0.553125 0.008993 0.013500
0 0.212323 0.551250 0.013988 0.009000
0 0.547460 0.552500 0.010991 0.013500
0 0.946295 0.551562 0.032973 0.012750
0 0.296836 0.554688 0.026978 0.020250
0 0.570774 0.549063 0.024979 0.008250
0 0.151957 0.549687 0.018984 0.009750
0 0.977102 0.550000 0.014988 0.012000
0 0.865529 0.552813 0.018984 0.018750
0 0.737302 0.547813 0.024979 0.006750
0 0.356370 0.550937 0.041965 0.014250
0 0.261032 0.546562 0.012989 0.009750
0 0.305162 0.544375 0.016986 0.006000
0 0.107410 0.545937 0.009992 0.009750
0 0.930058 0.546562 0.013988 0.012750
0 0.330974 0.544687 0.008993 0.008250
0 0.198168 0.546562 0.009992 0.014250
0 0.368443 0.543438 0.010991 0.008250
0 0.896336 0.544063 0.022981 0.011250
0 0.506661 0.550000 0.030974 0.025500
0 0.089509 0.547813 0.026978 0.020250
0 0.057868 0.544375 0.022981 0.012000
0 0.028726 0.544687 0.008993 0.012750
0 0.873022 0.544063 0.014988 0.014250
0 0.990008 0.543125 0.019983 0.013500
0 0.322231 0.542813 0.011990 0.012750
0 0.074938 0.541562 0.021982 0.009750
0 0.231057 0.547188 0.018984 0.026250
0 0.169858 0.540312 0.013988 0.011250
0 0.866778 0.537500 0.015987 0.009000
0 0.290591 0.541562 0.011990 0.018750
0 0.194005 0.535625 0.021982 0.009000
0 0.360949 0.537500 0.016986 0.015000
0 0.962531 0.539062 0.023980 0.020250
0 0.120316 0.535625 0.020983 0.013500
0 0.552873 0.533125 0.011990 0.009000
0 0.343880 0.534062 0.009992 0.014250
0 0.149042 0.531875 0.015987 0.010500
0 0.895504 0.532188 0.028976 0.018750
0 0.017985 0.538750 0.035970 0.043500
0 0.162365 0.527188 0.011990 0.017250
0 0.440466 0.569375 0.163863 0.120000
0 0.336803 0.523438 0.014988 0.009750
0 0.235221 0.530625 0.030974 0.027000
0 0.130724 0.526563 0.025978 0.017250
0 0.353039 0.523750 0.009992 0.012000
0 0.218984 0.522188 0.013988 0.011250
0 0.029142 0.525000 0.023980 0.018000
0 0.170691 0.525625 0.013988 0.021000
0 0.978351 0.523438 0.021982 0.017250
0 0.942548 0.523438 0.027977 0.017250
0 0.903414 0.522500 0.007993 0.015000
0 0.686095 0.520000 0.015987 0.009000
0 0.567444 0.519687 0.012989 0.008250
0 0.964613 0.523125 0.026978 0.018000
0 0.935054 0.521563 0.021982 0.015750
0 0.090758 0.526250 0.015987 0.030000
0 0.451291 0.515312 0.013988 0.005250
0 0.430058 0.518437 0.018984 0.014250
0 0.995504 0.519062 0.008993 0.018750
0 0.927560 0.524687 0.029975 0.032250
0 0.149459 0.517813 0.026978 0.015750
0 0.236053 0.516875 0.022981 0.015000
0 0.255620 0.521250 0.025978 0.027000
0 0.169026 0.512813 0.015987 0.006750
0 0.220233 0.513125 0.008993 0.009000
0 0.107827 0.517188 0.016986 0.018750
0 0.318068 0.511250 0.013988 0.006000
0 0.916736 0.511875 0.015987 0.009000
0 0.077852 0.513750 0.008993 0.013500
0 0.044130 0.511563 0.011990 0.008250
0 0.029975 0.512813 0.015987 0.012750
0 0.281848 0.512500 0.022981 0.013500
0 0.292256 0.509375 0.013988 0.007500
0 0.805995 0.512813 0.013988 0.017250
0 0.128643 0.510625 0.024979 0.013500
0 0.968360 0.510000 0.021982 0.013500
0 0.763530 0.508437 0.017985 0.009750
0 0.681099 0.509375 0.015987 0.013500
0 0.009159 0.510938 0.017985 0.018750
0 0.201499 0.513125 0.039967 0.028500
0 0.465862 0.507500 0.020983 0.018000
0 0.991507 0.501250 0.016986 0.007500
0 0.936719 0.503750 0.019983 0.013500
0 0.923397 0.503437 0.013988 0.014250
0 0.185262 0.499375 0.010991 0.010500
0 0.293505 0.498750 0.010991 0.010500
0 0.433389 0.503125 0.052956 0.022500
0 0.067860 0.497500 0.032973 0.009000
0 0.930475 0.496250 0.010991 0.007500
0 0.835554 0.497188 0.026978 0.011250
0 0.736886 0.495312 0.009992 0.006750
0 0.228143 0.500938 0.027977 0.020250
0 0.005412 0.496563 0.008993 0.009750
0 0.891341 0.497812 0.012989 0.014250
0 0.162781 0.500313 0.012989 0.020250
0 0.144047 0.498750 0.015987 0.019500
0 0.258118 0.494688 0.013988 0.011250
0 0.900083 0.494375 0.011990 0.012000
0 0.747294 0.492500 0.012989 0.007500
0 0.114488 0.497812 0.026978 0.021750
0 0.031224 0.496563 0.018984 0.018750
0 0.616986 0.489687 0.013988 0.006750
0 0.594505 0.491875 0.017985 0.012000
0 0.960033 0.488750 0.013988 0.009000
0 0.831391 0.488438 0.022981 0.008250
0 0.941715 0.488125 0.017985 0.009000
0 0.172356 0.489063 0.007993 0.011250
0 0.098251 0.488750 0.025978 0.010500
0 0.977935 0.490000 0.018984 0.016500
0 0.993006 0.489063 0.013988 0.018750
0 0.358451 0.483438 0.014988 0.005250
0 0.930058 0.484687 0.007993 0.009750
0 0.777685 0.492500 0.057952 0.028500
0 0.688177 0.483750 0.012989 0.007500
0 0.190674 0.485938 0.019983 0.012750
0 0.376353 0.521875 0.147877 0.100500
0 0.057868 0.485312 0.020983 0.014250
0 0.882598 0.485625 0.011990 0.016500
0 0.775604 0.539687 0.252789 0.146250
0 0.372190 0.481875 0.013988 0.007500
0 0.895920 0.483750 0.015987 0.013500
0 0.865945 0.482812 0.015987 0.012750
0 0.301832 0.482500 0.014988 0.012000
0 0.131973 0.483438 0.016986 0.014250
0 0.949209 0.479687 0.013988 0.006750
0 0.066611 0.482500 0.009992 0.013500
0 0.005828 0.481875 0.009992 0.012000
0 0.076603 0.480625 0.011990 0.010500
0 0.968776 0.480312 0.028976 0.014250
0 0.022481 0.482500 0.019983 0.019500
0 0.925895 0.482812 0.027977 0.021750
0 0.191923 0.476562 0.022981 0.008250
0 0.145296 0.482500 0.012989 0.022500
0 0.695254 0.478750 0.013988 0.015000
0 0.553705 0.485312 0.081932 0.033750
0 0.176103 0.477500 0.012989 0.015000
0 0.109076 0.473750 0.011990 0.009000
0 0.038718 0.473125 0.008993 0.009000
0 0.276853 0.475313 0.014988 0.015750
0 0.804746 0.471250 0.010991 0.007500
0 0.240216 0.474375 0.016986 0.015000
0 0.065362 0.471875 0.014988 0.009000
0 0.597419 0.471250 0.016986 0.009000
0 0.373022 0.472813 0.011990 0.012750
0 0.204829 0.472500 0.005995 0.012000
0 0.898834 0.471562 0.024979 0.011250
0 0.869692 0.470625 0.012989 0.010500
0 0.795587 0.472813 0.042964 0.020250
0 0.981266 0.469375 0.010991 0.013500
0 0.351374 0.475313 0.043963 0.027750
0 0.125312 0.468125 0.014988 0.010500
0 0.627394 0.472500 0.044963 0.022500
0 0.551624 0.466875 0.020983 0.009000
0 0.933389 0.467500 0.025978 0.012000
0 0.882598 0.466562 0.009992 0.009750
0 0.092007 0.470938 0.036969 0.020250
0 0.583264 0.509375 0.292756 0.114000
0 0.570358 0.465313 0.017985 0.008250
0 0.217735 0.471250 0.016986 0.022500
0 0.191923 0.465938 0.014988 0.012750
0 0.961699 0.467813 0.021982 0.018750
0 0.158201 0.462813 0.015987 0.008250
0 0.897169 0.462500 0.012989 0.012000
0 0.867610 0.462500 0.021982 0.012000
0 0.045379 0.462500 0.026978 0.012000
0 0.275187 0.462500 0.024979 0.013500
0 0.253539 0.471250 0.042964 0.034500
0 0.169026 0.460938 0.015987 0.012750
0 0.994005 0.460313 0.011990 0.012750
0 0.976270 0.459062 0.020983 0.009750
0 0.144047 0.461250 0.015987 0.015000
0 0.925895 0.458125 0.021982 0.010500
0 0.673605 0.456875 0.019983 0.007500
0 0.596586 0.459688 0.014988 0.014250
0 0.907577 0.455313 0.015987 0.005250
0 0.216903 0.457500 0.016986 0.010500
0 0.114904 0.460938 0.013988 0.018750
0 0.026228 0.456250 0.010991 0.009000
0 0.199001 0.456875 0.021982 0.015000
0 0.060783 0.458750 0.017985 0.019500
0 0.880933 0.454062 0.011990 0.009750
0 0.283097 0.453125 0.011990 0.007500
0 0.504163 0.480312 0.126894 0.074250
0 0.312240 0.465938 0.041965 0.039750
0 0.296420 0.455937 0.013988 0.015750
0 0.757286 0.464687 0.038968 0.038250
0 0.102831 0.452813 0.012989 0.015750
0 0.965862 0.450000 0.009992 0.013500
0 0.352206 0.448125 0.023980 0.009000
0 0.112823 0.447188 0.012989 0.009750
0 0.040799 0.447188 0.021982 0.009750
0 0.928809 0.449062 0.016986 0.015750
0 0.381349 0.447813 0.009992 0.012750
0 0.915903 0.447188 0.013988 0.012750
0 0.689009 0.449375 0.018984 0.019500
0 0.881765 0.443750 0.021982 0.009000
0 0.711907 0.482812 0.079933 0.102750
0 0.012490 0.443125 0.023980 0.009000
0 0.959617 0.441250 0.012989 0.009000
0 0.977519 0.442812 0.017985 0.014250
0 0.253539 0.440937 0.018984 0.009750
0 0.545379 0.438750 0.013988 0.006000
0 0.416320 0.443437 0.023980 0.018750
0 0.207744 0.442500 0.016986 0.016500
0 0.497502 0.437188 0.016986 0.005250
0 0.751873 0.440312 0.041965 0.014250
0 0.166944 0.440312 0.014988 0.014250
0 0.675687 0.437188 0.012989 0.009750
0 0.075770 0.435937 0.011990 0.006750
0 0.782681 0.437812 0.045962 0.014250
0 0.921732 0.435000 0.013988 0.009000
0 0.875937 0.434688 0.009992 0.008250
0 0.224813 0.440000 0.019983 0.021000
0 0.944629 0.436563 0.014988 0.014250
0 0.663614 0.433437 0.013988 0.006750
0 0.288510 0.439375 0.044963 0.021000
0 0.233139 0.434688 0.009992 0.009750
0 0.109076 0.435625 0.011990 0.012000
0 0.292673 0.434063 0.014988 0.009750
0 0.172773 0.433437 0.008993 0.008250
0 0.992506 0.434063 0.014988 0.011250
0 0.267277 0.433125 0.009992 0.010500
0 0.087427 0.436875 0.013988 0.021000
0 0.868443 0.431875 0.015987 0.012000
0 0.026228 0.437812 0.030974 0.027750
0 0.313072 0.431875 0.011990 0.015000
0 0.460033 0.435312 0.064946 0.024750
0 0.039550 0.429375 0.014988 0.012000
0 0.157785 0.427500 0.024979 0.010500
0 0.486261 0.425938 0.023980 0.008250
0 0.148210 0.441250 0.037968 0.045000
0 0.792256 0.426563 0.032973 0.011250
0 0.295171 0.427500 0.014988 0.013500
0 0.200666 0.426563 0.017985 0.011250
0 0.689425 0.425938 0.029975 0.011250
0 0.105329 0.425000 0.012989 0.009000
0 0.639883 0.442812 0.086928 0.053250
0 0.112823 0.425000 0.010991 0.012000
0 0.570774 0.425312 0.020983 0.014250
0 0.282681 0.423125 0.014988 0.009000
0 0.969609 0.420938 0.016986 0.006750
0 0.244380 0.422187 0.014988 0.009750
0 0.176936 0.424375 0.016986 0.015000
0 0.067027 0.420938 0.014988 0.006750
0 0.602831 0.426875 0.063947 0.022500
0 0.927144 0.422812 0.016986 0.014250
0 0.901749 0.429063 0.043963 0.029250
0 0.818068 0.421875 0.014988 0.012000
0 0.161116 0.420000 0.010991 0.007500
0 0.988510 0.421563 0.022981 0.012750
0 0.843464 0.418438 0.017985 0.006750
0 0.079933 0.421563 0.009992 0.014250
0 0.727727 0.434063 0.099917 0.045750
0 0.122398 0.421563 0.009992 0.015750
0 0.477102 0.418125 0.015987 0.009000
0 0.233139 0.422812 0.025978 0.021750
0 0.761865 0.417187 0.017985 0.011250
0 0.825562 0.444688 0.134888 0.080250
0 0.182348 0.413750 0.013988 0.006000
0 0.560783 0.413750 0.018984 0.007500
0 0.244380 0.415000 0.022981 0.010500
0 0.953789 0.416250 0.018984 0.015000
0 0.258118 0.419063 0.011990 0.021750
0 0.291424 0.413750 0.021982 0.013500
0 0.941299 0.412187 0.018984 0.011250
0 0.099917 0.415312 0.021982 0.018750
0 0.477935 0.410000 0.013988 0.007500
0 0.640716 0.414062 0.048959 0.018750
0 0.196919 0.410625 0.018984 0.010500
0 0.133639 0.410313 0.010991 0.009750
0 0.374271 0.410000 0.020983 0.010500
0 0.224396 0.408750 0.016986 0.007500
0 0.900500 0.409687 0.010991 0.011250
0 0.322231 0.408438 0.011990 0.008250
0 0.887594 0.412187 0.013988 0.018750
0 0.467943 0.451562 0.353705 0.113250
0 0.735637 0.409062 0.030974 0.014250
0 0.492506 0.408750 0.018984 0.015000
0 0.460450 0.414062 0.031973 0.027750
0 0.211907 0.408438 0.008993 0.014250
0 0.411740 0.407187 0.016986 0.012750
0 0.038718 0.414062 0.030974 0.029250
0 0.075354 0.405938 0.020983 0.011250
0 0.515404 0.408438 0.023980 0.020250
0 0.400083 0.427500 0.112906 0.066000
0 0.168193 0.403438 0.023980 0.008250
0 0.315154 0.403438 0.012989 0.009750
0 0.248959 0.403750 0.013988 0.012000
0 0.630724 0.401562 0.010991 0.008250
0 0.206078 0.403125 0.014988 0.012000
0 0.989509 0.402813 0.020983 0.014250
0 0.956286 0.400625 0.016986 0.009000
0 0.768526 0.408125 0.051957 0.030000
0 0.338468 0.414375 0.062948 0.045000
0 0.180683 0.402500 0.017985 0.018000
0 0.932973 0.399062 0.016986 0.011250
0 0.227311 0.398438 0.009992 0.009750
0 0.830558 0.407813 0.108909 0.033750
0 0.141965 0.398750 0.020983 0.013500
0 0.116153 0.401875 0.018984 0.021000
0 0.072023 0.396250 0.014988 0.007500
0 0.918818 0.398750 0.012989 0.015000
0 0.897585 0.398125 0.007993 0.013500
0 0.418401 0.396250 0.014988 0.009000
0 0.905495 0.396562 0.008993 0.011250
0 0.365529 0.398125 0.023980 0.015000
0 0.130724 0.397813 0.009992 0.015750
0 0.934221 0.392188 0.011990 0.008250
0 0.290175 0.397188 0.028976 0.021750
0 0.738135 0.393750 0.024979 0.015000
0 0.330142 0.394062 0.026978 0.015750
0 0.791424 0.390625 0.014988 0.009000
0 0.639467 0.395313 0.033972 0.023250
0 0.544963 0.391875 0.024979 0.015000
0 0.422565 0.390000 0.008993 0.010500
0 0.821399 0.389375 0.018984 0.010500
0 0.843880 0.392500 0.026978 0.019500
0 0.092007 0.393750 0.066944 0.022500
0 0.213156 0.395000 0.025978 0.027000
0 0.804746 0.389062 0.014988 0.014250
0 0.855953 0.386875 0.005995 0.010500
0 0.167361 0.389688 0.029975 0.017250
0 0.085346 0.385937 0.016986 0.008250
0 0.882598 0.386562 0.027977 0.014250
0 0.696087 0.402500 0.087927 0.052500
0 0.770608 0.386875 0.024979 0.016500
0 0.935054 0.382500 0.023980 0.009000
0 0.144047 0.383125 0.013988 0.012000
0 0.107410 0.382812 0.025978 0.011250
0 0.368443 0.383750 0.022981 0.015000
0 0.903830 0.383437 0.012989 0.015750
0 0.270608 0.380937 0.021982 0.009750
0 0.462531 0.379688 0.006994 0.009750
0 0.337635 0.381250 0.016986 0.013500
0 0.315987 0.382188 0.008993 0.015750
0 0.394671 0.387813 0.027977 0.030750
0 0.821815 0.378750 0.011990 0.010500
0 0.875104 0.376563 0.019983 0.008250
0 0.788093 0.379375 0.022981 0.016500
0 0.758535 0.381250 0.031973 0.021000
0 0.729808 0.379688 0.024979 0.017250
0 0.129059 0.378125 0.023980 0.013500
0 0.949625 0.380000 0.032973 0.021000
0 0.183597 0.378750 0.046961 0.019500
0 0.924646 0.374063 0.012989 0.009750
0 0.243547 0.374063 0.010991 0.009750
0 0.234388 0.375937 0.014988 0.014250
0 0.089092 0.373750 0.013988 0.009000
0 0.804746 0.375000 0.024979 0.016500
0 0.538301 0.373750 0.010991 0.013500
0 0.473772 0.370625 0.019983 0.006000
0 0.190674 0.370937 0.015987 0.006750
0 0.052873 0.379375 0.026978 0.027000
0 0.843464 0.377812 0.037968 0.024750
0 0.452540 0.371875 0.020983 0.010500
0 0.149875 0.371875 0.019983 0.012000
0 0.072023 0.372812 0.012989 0.015750
0 0.888010 0.372812 0.014988 0.018750
0 0.619067 0.367188 0.016986 0.005250
0 0.101998 0.371250 0.010991 0.015000
0 0.940466 0.367188 0.012989 0.006750
0 0.912573 0.370000 0.017985 0.013500
0 0.452540 0.383437 0.104913 0.047250
0 0.513322 0.379688 0.040966 0.041250
0 0.327644 0.367188 0.012989 0.012750
0 0.829725 0.366563 0.042964 0.012750
0 0.400500 0.366875 0.011990 0.013500
0 0.351790 0.367188 0.006994 0.014250
0 0.243963 0.366563 0.021982 0.012750
0 0.231474 0.365625 0.021982 0.013500
0 0.176520 0.364687 0.023980 0.011250
0 0.866361 0.364063 0.014988 0.011250
0 0.742298 0.365000 0.028976 0.013500
0 0.269359 0.367188 0.040966 0.021750
0 0.927560 0.362500 0.017985 0.012000
0 0.433805 0.363750 0.021982 0.015000
0 0.770192 0.361563 0.035970 0.012750
0 0.366361 0.369063 0.047960 0.032250
0 0.902998 0.359687 0.018984 0.011250
0 0.126561 0.362500 0.013988 0.018000
0 0.077435 0.359687 0.017985 0.011250
0 0.290591 0.360000 0.013988 0.013500
0 0.159867 0.359063 0.009992 0.011250
0 0.991674 0.358125 0.009992 0.010500
0 0.974604 0.357812 0.010991 0.011250
0 0.776853 0.356250 0.013988 0.007500
0 0.192756 0.359375 0.022981 0.016500
0 0.851374 0.357500 0.036969 0.013500
0 0.803081 0.361563 0.036969 0.023250
0 0.462531 0.355938 0.006994 0.012750
0 0.474188 0.358125 0.046961 0.019500
0 0.950458 0.355625 0.012989 0.015000
0 0.168193 0.353438 0.009992 0.011250
0 0.443797 0.353125 0.015987 0.012000
0 0.176520 0.354375 0.011990 0.015000
0 0.338884 0.353438 0.013988 0.014250
0 0.927560 0.351250 0.013988 0.010500
0 0.298501 0.363750 0.038968 0.040500
0 0.373022 0.349062 0.013988 0.006750
0 0.916320 0.351875 0.012989 0.015000
0 0.847211 0.348750 0.016986 0.007500
0 0.150291 0.350000 0.008993 0.012000
0 0.856786 0.350000 0.015987 0.015000
0 0.900916 0.350313 0.029975 0.017250
0 0.269775 0.348750 0.035970 0.013500
0 0.186928 0.346562 0.010991 0.011250
0 0.121149 0.345938 0.020983 0.012750
0 0.079101 0.346875 0.011990 0.015000
0 0.068693 0.345000 0.010991 0.010500
0 0.349709 0.344062 0.013988 0.009750
0 0.091590 0.344375 0.009992 0.012000
0 0.725229 0.348125 0.039967 0.022500
0 0.868859 0.343750 0.010991 0.015000
0 0.421732 0.346875 0.040966 0.024000
0 0.952540 0.340313 0.009992 0.009750
0 0.779767 0.340938 0.010991 0.011250
0 0.982098 0.340938 0.026978 0.012750
0 0.818068 0.343750 0.040966 0.019500
0 0.478768 0.342187 0.051957 0.015750
0 0.196919 0.343438 0.010991 0.018750
0 0.085762 0.339375 0.015987 0.009000
0 0.778518 0.343125 0.037968 0.021000
0 0.674022 0.338750 0.030974 0.012000
0 0.298085 0.337813 0.009992 0.011250
0 0.350541 0.336875 0.009992 0.010500
0 0.245629 0.339687 0.029975 0.017250
0 0.878851 0.339375 0.010991 0.018000
0 0.024979 0.351562 0.049958 0.047250
0 0.751041 0.338125 0.041965 0.016500
0 0.510824 0.340000 0.028976 0.021000
0 0.361782 0.340000 0.012989 0.021000
0 0.898834 0.335625 0.008993 0.012000
0 0.453789 0.334688 0.013988 0.009750
0 0.159450 0.339375 0.022981 0.021000
0 0.318901 0.334375 0.019983 0.012000
0 0.031640 0.333125 0.011990 0.009000
0 0.960450 0.334062 0.022981 0.012750
0 0.527061 0.334688 0.033972 0.017250
0 0.380516 0.335938 0.017985 0.020250
0 0.146545 0.330937 0.011990 0.008250
0 0.984013 0.332188 0.031973 0.012750
0 0.412573 0.335938 0.024979 0.021750
0 0.724396 0.330000 0.015987 0.009000
0 0.492923 0.330625 0.029975 0.010500
0 0.811823 0.330313 0.011990 0.012750
0 0.781432 0.330313 0.028976 0.012750
0 0.699833 0.332813 0.034971 0.018750
0 0.201499 0.330000 0.019983 0.012000
0 0.113655 0.331250 0.012989 0.015000
0 0.927977 0.332813 0.028976 0.020250
0 0.287677 0.328437 0.020983 0.009750
0 0.098668 0.329375 0.018984 0.013500
0 0.012989 0.329375 0.025978 0.013500
0 0.538301 0.326875 0.020983 0.009000
0 0.181932 0.330937 0.026978 0.020250
0 0.340966 0.325313 0.012989 0.008250
0 0.937136 0.326562 0.008993 0.012750
0 0.756037 0.325937 0.025978 0.011250
0 0.915903 0.324062 0.009992 0.008250
0 0.388843 0.325625 0.009992 0.012000
0 0.328893 0.324688 0.009992 0.011250
0 0.135720 0.325313 0.015987 0.012750
0 0.608243 0.370000 0.268776 0.121500
0 0.455037 0.325000 0.020983 0.013500
0 0.820983 0.323125 0.013988 0.010500
0 0.740633 0.321562 0.018984 0.008250
0 0.634055 0.340625 0.106911 0.054000
0 0.480849 0.324688 0.022981 0.015750
0 0.398418 0.322188 0.008993 0.009750
0 0.957119 0.321250 0.016986 0.010500
0 0.699417 0.321875 0.017985 0.012000
0 0.245629 0.320312 0.017985 0.008250
0 0.796003 0.321562 0.017985 0.012750
0 0.684846 0.320312 0.006994 0.009750
0 0.004996 0.321875 0.009992 0.013500
0 0.265196 0.320000 0.020983 0.010500
0 0.727311 0.318750 0.014988 0.009000
0 0.163197 0.318750 0.013988 0.009000
0 0.119484 0.320625 0.016986 0.015000
0 0.087011 0.319688 0.012989 0.012750
0 0.942132 0.316250 0.016986 0.006000
0 0.871774 0.320937 0.017985 0.020250
0 0.778102 0.318750 0.024979 0.015000
0 0.853455 0.316563 0.013988 0.011250
0 0.426728 0.321250 0.040966 0.022500
0 0.142381 0.318125 0.031973 0.016500
0 0.923397 0.315937 0.011990 0.012750
0 0.909242 0.314688 0.011990 0.011250
0 0.389675 0.313750 0.019983 0.009000
0 0.198585 0.315625 0.016986 0.016500
0 0.291424 0.311875 0.009992 0.009000
0 0.835137 0.311875 0.019983 0.010500
0 0.107410 0.310937 0.013988 0.008250
0 0.742714 0.312812 0.011990 0.014250
0 0.436303 0.311875 0.021982 0.012000
0 0.357202 0.311250 0.009992 0.010500
0 0.370941 0.314375 0.022981 0.019500
0 0.940466 0.309063 0.014988 0.008250
0 0.512490 0.315000 0.020983 0.022500
0 0.456286 0.313125 0.023980 0.018000
0 0.128226 0.311250 0.009992 0.013500
0 0.161532 0.309375 0.011990 0.010500
0 0.719817 0.311250 0.036969 0.016500
0 0.542465 0.310625 0.022981 0.015000
0 0.440050 0.308125 0.010991 0.009000
0 0.305995 0.307812 0.018984 0.008250
0 0.854704 0.307188 0.008993 0.009750
0 0.971690 0.308750 0.031973 0.015000
0 0.670275 0.306250 0.009992 0.010500
0 0.736053 0.303750 0.017985 0.007500
0 0.251873 0.305937 0.028976 0.014250
0 0.222315 0.311875 0.029975 0.028500
0 0.568276 0.309688 0.014988 0.024750
0 0.141549 0.304688 0.009992 0.012750
0 0.780183 0.302500 0.015987 0.009000
0 0.683181 0.307188 0.034971 0.020250
0 0.604496 0.307188 0.033972 0.020250
0 0.465445 0.302812 0.021982 0.009750
0 0.118235 0.305312 0.013988 0.015750
0 0.333056 0.301875 0.027977 0.009000
0 0.188177 0.303125 0.015987 0.012000
0 0.954205 0.300312 0.013988 0.006750
0 0.151540 0.302187 0.007993 0.011250
0 0.911740 0.302812 0.033972 0.015750
0 0.360949 0.300938 0.014988 0.011250
0 0.577435 0.298750 0.008993 0.009000
0 0.450874 0.299375 0.014988 0.010500
0 0.628226 0.297812 0.012989 0.008250
0 0.495837 0.301875 0.008993 0.018000
0 0.348043 0.298125 0.013988 0.010500
0 0.520816 0.298125 0.034971 0.013500
0 0.111990 0.296875 0.016986 0.010500
0 0.825978 0.303750 0.035970 0.030000
0 0.164446 0.293750 0.012989 0.006000
0 0.484180 0.301875 0.018984 0.027000
0 0.224396 0.295312 0.022981 0.011250
0 0.545795 0.296563 0.022981 0.015750
0 0.445046 0.295312 0.016986 0.012750
0 0.129059 0.293438 0.013988 0.008250
0 0.681932 0.293438 0.019983 0.009750
0 0.251041 0.295000 0.030974 0.013500
0 0.986012 0.294063 0.027977 0.012750
0 0.905495 0.293438 0.010991 0.011250
0 0.606578 0.293750 0.014988 0.012000
0 0.293089 0.298750 0.041965 0.024000
0 0.852623 0.295938 0.023980 0.020250
0 0.621982 0.292187 0.017985 0.011250
0 0.645712 0.298438 0.026978 0.027750
0 0.418818 0.291563 0.015987 0.011250
0 0.343047 0.289062 0.013988 0.006750
0 0.930475 0.290000 0.024979 0.013500
0 0.720233 0.287813 0.015987 0.008250
0 0.592839 0.290312 0.009992 0.014250
0 0.360533 0.291875 0.025978 0.018000
0 0.328893 0.289062 0.013988 0.011250
0 0.194421 0.290000 0.012989 0.013500
0 0.573689 0.290000 0.017985 0.015000
0 0.315570 0.286562 0.009992 0.006750
0 0.277269 0.289062 0.005995 0.012750
0 0.735221 0.286562 0.013988 0.008250
0 0.793922 0.292187 0.044963 0.023250
0 0.699833 0.287500 0.012989 0.012000
0 0.374688 0.286562 0.007993 0.009750
0 0.866361 0.284062 0.016986 0.008250
0 0.765196 0.287500 0.017985 0.016500
0 0.471690 0.288750 0.032973 0.019500
0 0.300999 0.283438 0.014988 0.006750
0 0.169442 0.290000 0.018984 0.022500
0 0.808909 0.284375 0.026978 0.012000
0 0.674438 0.284687 0.015987 0.012750
0 0.642381 0.283438 0.012989 0.009750
0 0.146128 0.287813 0.016986 0.020250
0 0.992923 0.283125 0.012989 0.010500
0 0.961699 0.287500 0.017985 0.021000
0 0.825146 0.285313 0.011990 0.015750
0 0.244796 0.284375 0.033972 0.013500
0 0.529142 0.283750 0.008993 0.013500
0 0.901332 0.282500 0.024979 0.012000
0 0.621982 0.282187 0.029975 0.011250
0 0.191507 0.280625 0.013988 0.007500
0 0.753539 0.282500 0.017985 0.013500
0 0.688177 0.281875 0.014988 0.012000
0 0.537885 0.285625 0.017985 0.021000
0 0.410075 0.279687 0.014988 0.009750
0 0.423397 0.279687 0.010991 0.011250
0 0.377186 0.278438 0.015987 0.008250
0 0.719817 0.279375 0.020983 0.012000
0 0.562864 0.282187 0.029975 0.020250
0 0.462115 0.280000 0.027977 0.015000
0 0.363863 0.279687 0.011990 0.014250
0 0.266445 0.279375 0.011990 0.013500
0 0.179434 0.276875 0.012989 0.007500
0 0.519151 0.281250 0.018984 0.021000
0 0.276020 0.276562 0.012989 0.009750
0 0.981266 0.277500 0.012989 0.013500
0 0.501249 0.276875 0.013988 0.012000
0 0.877602 0.280625 0.035970 0.025500
0 0.659867 0.277813 0.020983 0.018750
0 0.402165 0.274375 0.013988 0.010500
0 0.585346 0.275313 0.023980 0.015750
0 0.448793 0.275313 0.013988 0.015750
0 0.834721 0.272188 0.010991 0.009750
0 0.343464 0.275313 0.018984 0.017250
0 0.970858 0.271875 0.017985 0.012000
0 0.611990 0.272188 0.007993 0.012750
0 0.150708 0.273750 0.019983 0.016500
0 0.129475 0.272188 0.026978 0.012750
0 0.945046 0.271875 0.007993 0.013500
0 0.255620 0.269375 0.011990 0.009000
0 0.711907 0.269688 0.015987 0.012750
0 0.476686 0.269375 0.016986 0.012000
0 0.728143 0.269375 0.012989 0.013500
0 0.698585 0.267500 0.011990 0.009000
0 0.791840 0.268125 0.009992 0.012000
0 0.410075 0.268750 0.026978 0.013500
0 0.992506 0.268125 0.013988 0.013500
0 0.894255 0.268437 0.015987 0.014250
0 0.224396 0.269688 0.020983 0.017250
0 0.293922 0.266875 0.013988 0.012000
0 0.937136 0.266562 0.012989 0.014250
0 0.429226 0.280625 0.022981 0.048000
0 0.382598 0.266875 0.032973 0.015000
0 0.328060 0.266562 0.017985 0.014250
0 0.924646 0.266562 0.016986 0.015750
0 0.880516 0.265000 0.008993 0.013500
0 0.850958 0.262813 0.013988 0.008250
0 0.655704 0.263750 0.008993 0.010500
0 0.032473 0.269062 0.013988 0.023250
0 0.534555 0.264375 0.035970 0.013500
0 0.628226 0.264688 0.016986 0.015750
0 0.315987 0.261875 0.014988 0.009000
0 0.910908 0.265937 0.015987 0.021750
0 0.404246 0.260937 0.010991 0.009750
0 0.187344 0.266875 0.061948 0.027000
0 0.458784 0.260000 0.013988 0.012000
0 0.891757 0.259375 0.017985 0.012000
0 0.432556 0.261562 0.016986 0.017250
0 0.281016 0.257500 0.010991 0.010500
0 0.907161 0.256563 0.010991 0.011250
0 0.360117 0.266250 0.040966 0.036000
0 0.674022 0.253750 0.010991 0.007500
0 0.765196 0.255625 0.029975 0.013500
0 0.813072 0.251250 0.014988 0.004500
0 0.958784 0.258437 0.028976 0.023250
0 0.615737 0.258125 0.028976 0.022500
0 0.412989 0.254375 0.013988 0.013500
0 0.288093 0.252812 0.011990 0.009750
0 0.875937 0.252500 0.017985 0.010500
0 0.235637 0.251563 0.015987 0.008250
0 0.166528 0.252500 0.017985 0.010500
0 0.711490 0.255312 0.038968 0.018750
0 0.527061 0.255000 0.023980 0.019500
0 0.939634 0.252500 0.020983 0.015000
0 0.596586 0.252812 0.020983 0.015750
0 0.336803 0.255312 0.018984 0.021750
0 0.637386 0.253750 0.016986 0.021000
0 0.855953 0.252188 0.023980 0.018750
0 0.743963 0.259062 0.032973 0.035250
0 0.468776 0.249375 0.021982 0.013500
0 0.389675 0.253437 0.017985 0.023250
0 0.127810 0.257500 0.034971 0.033000
0 0.545379 0.250000 0.015987 0.016500
0 0.658201 0.247812 0.012989 0.012750
0 0.250208 0.248750 0.016986 0.016500
0 0.809742 0.244688 0.014988 0.008250
0 0.281016 0.244688 0.014988 0.008250
0 0.269359 0.246250 0.010991 0.013500
0 0.826811 0.244375 0.019983 0.010500
0 0.455454 0.242812 0.017985 0.006750
0 0.923397 0.242812 0.013988 0.008250
0 0.880100 0.245312 0.011990 0.014250
0 0.767694 0.244375 0.023980 0.013500
0 0.674022 0.243750 0.022981 0.012000
0 0.509992 0.247500 0.040966 0.022500
0 0.484596 0.242188 0.023980 0.009750
0 0.402998 0.241250 0.017985 0.007500
0 0.789342 0.242812 0.015987 0.012750
0 0.611574 0.243438 0.026978 0.014250
0 0.378851 0.241563 0.013988 0.009750
0 0.965445 0.248750 0.040966 0.028500
0 0.937968 0.241563 0.010991 0.011250
0 0.717735 0.242812 0.009992 0.015750
0 0.458368 0.238125 0.014988 0.006000
0 0.576603 0.253750 0.034971 0.045000
0 0.173605 0.239063 0.014988 0.009750
0 0.705662 0.240313 0.012989 0.014250
0 0.441299 0.238750 0.009992 0.010500
0 0.296420 0.238437 0.015987 0.011250
0 0.890508 0.238125 0.014988 0.012000
0 0.556619 0.238437 0.014988 0.012750
0 0.811823 0.239687 0.035970 0.017250
0 0.909659 0.237500 0.022981 0.015000
0 0.726894 0.239375 0.013988 0.019500
0 0.694421 0.234375 0.017985 0.009000
0 0.596586 0.236875 0.008993 0.015000
0 0.009492 0.237500 0.018984 0.018000
0 0.303913 0.232500 0.013988 0.009000
0 0.253955 0.231563 0.013988 0.006750
0 0.226478 0.232500 0.015987 0.009000
0 0.505412 0.232500 0.009992 0.010500
0 0.282265 0.232187 0.011990 0.009750
0 0.929226 0.229375 0.015987 0.006000
0 0.983347 0.231563 0.011990 0.012750
0 0.964613 0.231250 0.008993 0.012000
0 0.898834 0.231250 0.018984 0.012000
0 0.671107 0.232187 0.009992 0.014250
0 0.656536 0.232500 0.018984 0.015000
0 0.495837 0.231250 0.010991 0.012000
0 0.318901 0.234375 0.029975 0.019500
0 0.941299 0.230625 0.022981 0.013500
0 0.467111 0.230313 0.029975 0.012750
0 0.699833 0.228125 0.012989 0.009000
0 0.633639 0.229063 0.027977 0.011250
0 0.410075 0.233125 0.024979 0.021000
0 0.357619 0.235313 0.030974 0.026250
0 0.879267 0.229063 0.019983 0.012750
0 0.817652 0.227500 0.013988 0.010500
0 0.574521 0.231875 0.013988 0.021000
0 0.176936 0.227813 0.006994 0.012750
0 0.157369 0.236563 0.037968 0.033750
0 0.602415 0.225938 0.014988 0.009750
0 0.527893 0.232500 0.039967 0.027000
0 0.445046 0.226250 0.016986 0.012000
0 0.842631 0.236563 0.035970 0.038250
0 0.429226 0.223438 0.012989 0.006750
0 0.203164 0.225000 0.011990 0.012000
0 0.142381 0.227187 0.023980 0.017250
0 0.624480 0.222500 0.017985 0.007500
0 0.378435 0.226562 0.026978 0.017250
0 0.337635 0.225938 0.016986 0.015750
0 0.789342 0.225938 0.017985 0.017250
0 0.480017 0.225000 0.018984 0.015000
0 0.310991 0.224062 0.016986 0.012750
0 0.265612 0.224062 0.017985 0.012750
0 0.590758 0.222812 0.016986 0.011250
0 0.194421 0.222188 0.016986 0.011250
0 0.776853 0.224062 0.017985 0.017250
0 0.548709 0.220938 0.011990 0.009750
0 0.868443 0.226562 0.019983 0.024750
0 0.557868 0.220625 0.007993 0.012000
0 0.288926 0.220000 0.021982 0.010500
0 0.686511 0.219062 0.020983 0.011250
0 0.664446 0.220938 0.037968 0.015750
0 0.357619 0.221250 0.032973 0.018000
0 0.248543 0.220938 0.014988 0.017250
0 0.902165 0.217188 0.014988 0.011250
0 0.718152 0.217500 0.010991 0.012000
0 0.450042 0.216562 0.016986 0.009750
0 0.729392 0.217188 0.009992 0.012750
0 0.977102 0.214375 0.012989 0.009000
0 0.957952 0.213438 0.014988 0.006750
0 0.619484 0.215625 0.023980 0.013500
0 0.424230 0.214375 0.012989 0.010500
0 0.474188 0.215000 0.022981 0.013500
0 0.807660 0.212188 0.009992 0.009750
0 0.168609 0.210938 0.012989 0.006750
0 0.532889 0.217812 0.029975 0.026250
0 0.518318 0.210938 0.014988 0.009750
0 0.402165 0.210625 0.011990 0.009000
0 0.362198 0.211250 0.013988 0.010500
0 0.218152 0.215000 0.029975 0.019500
0 0.639051 0.214062 0.016986 0.020250
0 0.152373 0.215312 0.021982 0.023250
0 0.934638 0.210313 0.032973 0.014250
0 0.712323 0.208750 0.018984 0.010500
0 0.279767 0.211875 0.023980 0.019500
0 0.223564 0.207813 0.016986 0.009750
0 0.694005 0.206875 0.010991 0.009000
0 0.601998 0.208750 0.025978 0.015000
0 0.823064 0.209375 0.040966 0.018000
0 0.332639 0.207500 0.012989 0.013500
0 0.462115 0.206875 0.013988 0.013500
0 0.256869 0.209687 0.012989 0.020250
0 0.751041 0.209063 0.023980 0.020250
0 0.670691 0.206563 0.030974 0.014250
0 0.347211 0.205937 0.019983 0.014250
0 0.773522 0.207500 0.023980 0.019500
0 0.985845 0.204375 0.009992 0.013500
0 0.106578 0.201250 0.017985 0.007500
0 0.783930 0.201563 0.012989 0.009750
0 0.619900 0.201250 0.012989 0.009000
0 0.974188 0.202187 0.021982 0.015750
0 0.898002 0.200000 0.012989 0.012000
0 0.527893 0.202500 0.013988 0.018000
0 0.071607 0.197187 0.015987 0.005250
0 0.552040 0.204687 0.023980 0.024750
0 0.366778 0.199063 0.018984 0.011250
0 0.230641 0.199375 0.017985 0.012000
0 0.842631 0.196250 0.015987 0.009000
0 0.329309 0.195937 0.010991 0.008250
0 0.246045 0.197813 0.010991 0.012750
0 0.716903 0.196875 0.011990 0.012000
0 0.666944 0.195312 0.019983 0.008250
0 0.255620 0.195312 0.015987 0.008250
0 0.487927 0.193750 0.023980 0.006000
0 0.174854 0.200313 0.023980 0.021750
0 0.740633 0.197187 0.018984 0.015750
0 0.607410 0.195000 0.028976 0.010500
0 0.866361 0.196563 0.020983 0.015750
0 0.447544 0.199687 0.020983 0.023250
0 0.784763 0.192500 0.016986 0.007500
0 0.824313 0.194688 0.009992 0.014250
0 0.644463 0.196563 0.035970 0.020250
0 0.584513 0.192188 0.019983 0.012750
0 0.278518 0.191562 0.014988 0.011250
0 0.049958 0.200313 0.039967 0.032250
0 0.358868 0.190000 0.013988 0.009000
0 0.306828 0.191875 0.026978 0.015000
0 0.293089 0.189062 0.011990 0.009750
0 0.192340 0.191250 0.009992 0.015000
0 0.726062 0.188750 0.011990 0.012000
0 0.957535 0.188750 0.009992 0.013500
0 0.902998 0.187500 0.012989 0.012000
0 0.878018 0.188438 0.022981 0.015750
0 0.698585 0.186250 0.007993 0.010500
0 0.460033 0.186875 0.008993 0.012000
0 0.751041 0.185938 0.009992 0.011250
0 0.443381 0.186250 0.014988 0.012000
0 0.990508 0.185938 0.018984 0.014250
0 0.563281 0.184375 0.010991 0.010500
0 0.267694 0.184375 0.006994 0.010500
0 0.837219 0.183750 0.020983 0.010500
0 0.661116 0.184062 0.015987 0.012750
0 0.521649 0.186250 0.008993 0.018000
0 0.340133 0.186562 0.022981 0.018750
0 0.219817 0.183750 0.015987 0.012000
0 0.914654 0.189375 0.024979 0.027000
0 0.202331 0.185312 0.011990 0.017250
0 0.950042 0.182188 0.029975 0.011250
0 0.248127 0.184062 0.015987 0.015750
0 0.513322 0.180625 0.014988 0.009000
0 0.295171 0.180938 0.040966 0.011250
0 0.234804 0.181562 0.017985 0.012750
0 0.686511 0.184062 0.016986 0.020250
0 0.581182 0.178750 0.015987 0.009000
0 0.972523 0.186250 0.017985 0.028500
0 0.529975 0.178437 0.008993 0.011250
0 0.010991 0.176563 0.021982 0.008250
0 0.884263 0.175313 0.015987 0.008250
0 0.416736 0.187812 0.038968 0.038250
0 0.021232 0.180625 0.024979 0.021000
0 0.731474 0.181250 0.042964 0.024000
0 0.575770 0.175000 0.012989 0.009000
0 0.694838 0.174687 0.010991 0.009750
0 0.457119 0.175937 0.019983 0.012750
0 0.392590 0.183438 0.024979 0.030750
0 0.959617 0.174375 0.018984 0.010500
0 0.517069 0.173750 0.017985 0.009000
0 0.320983 0.175937 0.022981 0.014250
0 0.431724 0.171563 0.010991 0.005250
0 0.789342 0.174375 0.013988 0.013500
0 0.675687 0.176563 0.016986 0.018750
0 0.604080 0.177187 0.028976 0.020250
0 0.485012 0.177813 0.012989 0.021750
0 0.330142 0.172813 0.012989 0.009750
0 0.935887 0.174687 0.019983 0.015750
0 0.086178 0.172187 0.008993 0.009750
0 0.984596 0.174063 0.014988 0.015750
0 0.829725 0.176875 0.014988 0.022500
0 0.447960 0.173125 0.015987 0.013500
0 0.818485 0.170937 0.009992 0.009750
0 0.349709 0.171875 0.011990 0.012000
0 0.547044 0.179688 0.033972 0.032250
0 0.277685 0.171250 0.008993 0.012000
0 0.965862 0.168437 0.025978 0.009750
0 0.717319 0.170937 0.024979 0.015750
0 0.655287 0.174063 0.017985 0.023250
0 0.266445 0.167187 0.009992 0.009750
0 0.913822 0.168750 0.020983 0.016500
0 0.308077 0.165937 0.019983 0.009750
0 0.795171 0.165937 0.027977 0.011250
0 0.117402 0.168437 0.021982 0.017250
0 0.846378 0.167187 0.018984 0.015750
0 0.099917 0.174687 0.027977 0.033750
0 0.507910 0.165313 0.017985 0.012750
0 0.455037 0.164375 0.022981 0.010500
0 0.986678 0.164687 0.023980 0.012750
0 0.677352 0.167500 0.024979 0.019500
0 0.224813 0.164062 0.019983 0.011250
0 0.879267 0.160938 0.019983 0.006750
0 0.355953 0.161250 0.012989 0.007500
0 0.104080 0.162188 0.015987 0.011250
0 0.933805 0.161562 0.016986 0.011250
0 0.669442 0.161250 0.007993 0.010500
0 0.373855 0.161250 0.009992 0.010500
0 0.015404 0.165313 0.018984 0.020250
0 0.658201 0.159375 0.014988 0.007500
0 0.629475 0.163438 0.009992 0.017250
0 0.948793 0.160938 0.022981 0.012750
0 0.496253 0.165000 0.015987 0.022500
0 0.546628 0.160312 0.014988 0.012750
0 0.392590 0.162812 0.020983 0.018750
0 0.292256 0.159062 0.013988 0.009750
0 0.733139 0.158125 0.014988 0.009000
0 0.841799 0.157500 0.009992 0.009000
0 0.760616 0.156875 0.012989 0.007500
0 0.899251 0.161562 0.031973 0.020250
0 0.338052 0.156562 0.033972 0.009750
0 0.788510 0.154062 0.011990 0.006750
0 0.769775 0.154375 0.012989 0.010500
0 0.619067 0.155312 0.010991 0.012750
0 0.159867 0.154375 0.011990 0.010500
0 0.802664 0.155312 0.015987 0.014250
0 0.485012 0.153125 0.010991 0.009000
0 0.303081 0.152500 0.013988 0.007500
0 0.528310 0.155000 0.008993 0.015000
0 0.472523 0.152500 0.012989 0.010500
0 0.397585 0.152188 0.022981 0.011250
0 0.708576 0.158750 0.025978 0.028500
0 0.902998 0.150000 0.024979 0.009000
0 0.700250 0.151562 0.009992 0.012750
0 0.278102 0.152188 0.019983 0.014250
0 0.847211 0.148750 0.010991 0.007500
0 0.946295 0.149062 0.018984 0.011250
0 0.573272 0.150000 0.016986 0.013500
0 0.289342 0.148438 0.014988 0.011250
0 0.679434 0.150312 0.017985 0.017250
0 0.592423 0.155312 0.042964 0.030750
0 0.418401 0.147187 0.010991 0.011250
0 0.923813 0.145000 0.016986 0.007500
0 0.535803 0.146563 0.006994 0.011250
0 0.733139 0.146250 0.016986 0.012000
0 0.497086 0.144375 0.011990 0.007500
0 0.833472 0.148125 0.015987 0.018000
0 0.763947 0.145000 0.032973 0.010500
0 0.012490 0.148438 0.024979 0.018750
0 0.787677 0.143750 0.009992 0.012000
0 0.506245 0.141563 0.013988 0.006750
0 0.888843 0.142813 0.016986 0.011250
0 0.669858 0.143750 0.020983 0.013500
0 0.555787 0.142500 0.016986 0.010500
0 0.958368 0.140937 0.013988 0.008250
0 0.935887 0.141875 0.017985 0.010500
0 0.621565 0.142187 0.014988 0.011250
0 0.467527 0.142813 0.028976 0.012750
0 0.437136 0.144375 0.013988 0.016500
0 0.485845 0.139687 0.012989 0.008250
0 0.687344 0.140000 0.020983 0.010500
0 0.591174 0.139687 0.023980 0.011250
0 0.651124 0.138750 0.015987 0.010500
0 0.867194 0.136875 0.016986 0.010500
0 0.764363 0.136250 0.011990 0.009000
0 0.411740 0.137813 0.042964 0.012750
0 0.097002 0.136875 0.018984 0.010500
0 0.084929 0.138437 0.007993 0.015750
0 0.950458 0.134063 0.010991 0.006750
0 0.194421 0.145313 0.036969 0.035250
0 0.922981 0.133750 0.016986 0.009000
0 0.708160 0.137813 0.022981 0.018750
0 0.175687 0.135000 0.013988 0.012000
0 0.987510 0.134063 0.015987 0.011250
0 0.979600 0.140313 0.024979 0.026250
0 0.802664 0.138437 0.019983 0.021750
0 0.530391 0.135000 0.019983 0.015000
0 0.515820 0.132812 0.010991 0.011250
0 0.816403 0.129062 0.008993 0.008250
0 0.646128 0.130000 0.023980 0.010500
0 0.571191 0.129375 0.011990 0.009000
0 0.385512 0.135313 0.023980 0.023250
0 0.783097 0.131562 0.024979 0.015750
0 0.611157 0.130625 0.019983 0.015000
0 0.478351 0.130625 0.048959 0.015000
0 0.363031 0.139375 0.019983 0.036000
0 0.587427 0.128438 0.014988 0.011250
0 0.502082 0.130000 0.017985 0.015000
0 0.978351 0.125625 0.017985 0.006000
0 0.039134 0.131250 0.025978 0.019500
0 0.733139 0.127188 0.010991 0.011250
0 0.064113 0.156875 0.117902 0.082500
0 0.675687 0.125625 0.010991 0.009000
0 0.879267 0.126250 0.009992 0.012000
0 0.855953 0.124688 0.013988 0.011250
0 0.810575 0.123438 0.012989 0.008250
0 0.628226 0.124063 0.012989 0.009750
0 0.600333 0.122813 0.015987 0.006750
0 0.720649 0.123750 0.010991 0.010500
0 0.509159 0.122500 0.022981 0.010500
0 0.964197 0.123438 0.017985 0.014250
0 0.390508 0.120313 0.015987 0.006750
0 0.915071 0.122813 0.025978 0.014250
0 0.937136 0.122500 0.028976 0.016500
0 0.870525 0.123750 0.014988 0.019500
0 0.681932 0.117813 0.013988 0.008250
0 0.740633 0.118750 0.010991 0.012000
0 0.666944 0.119375 0.017985 0.013500
0 0.802248 0.117813 0.016986 0.011250
0 0.858451 0.115625 0.017985 0.007500
0 0.839717 0.117188 0.010991 0.011250
0 0.424230 0.117500 0.010991 0.012000
0 0.724813 0.115625 0.010991 0.010500
0 0.540383 0.115000 0.011990 0.009000
0 0.449625 0.125625 0.029975 0.034500
0 0.414238 0.120938 0.014988 0.023250
0 0.187344 0.121563 0.027977 0.024750
0 0.973772 0.115312 0.016986 0.011250
0 0.898418 0.123125 0.033972 0.030000
0 0.702331 0.121250 0.022981 0.025500
0 0.659034 0.112812 0.018984 0.008250
0 0.051624 0.111562 0.011990 0.005250
0 0.913405 0.113750 0.009992 0.012000
0 0.472107 0.114375 0.009992 0.013500
0 0.312240 0.114062 0.007993 0.012750
0 0.990008 0.113750 0.019983 0.013500
0 0.902998 0.113437 0.018984 0.012750
0 0.487094 0.112500 0.011990 0.010500
0 0.765196 0.109687 0.019983 0.006750
0 0.782265 0.112187 0.008993 0.015750
0 0.574521 0.114375 0.013988 0.021000
0 0.940466 0.110937 0.038968 0.014250
0 0.963780 0.106875 0.016986 0.006000
0 0.442964 0.110625 0.017985 0.015000
0 0.638218 0.107188 0.016986 0.009750
0 0.614904 0.112187 0.036969 0.024750
0 0.556619 0.109375 0.022981 0.018000
0 0.494172 0.106250 0.014988 0.013500
0 0.837219 0.106563 0.014988 0.015750
0 0.505828 0.108125 0.012989 0.019500
0 0.688177 0.105000 0.012989 0.013500
0 0.519983 0.104063 0.016986 0.011250
0 0.470025 0.102188 0.014988 0.009750
0 0.756037 0.102188 0.009992 0.011250
0 0.679434 0.105313 0.021982 0.018750
0 0.912573 0.101562 0.009992 0.012750
0 0.629059 0.100000 0.014988 0.012000
0 0.736053 0.102500 0.029975 0.019500
0 0.163197 0.098125 0.013988 0.010500
0 0.853872 0.098437 0.028976 0.014250
0 0.542048 0.097812 0.023980 0.015750
0 0.718152 0.099062 0.014988 0.020250
0 0.928393 0.096250 0.019983 0.015000
0 0.179017 0.100937 0.023980 0.026250
0 0.093672 0.102500 0.038968 0.030000
0 0.500416 0.095312 0.021982 0.014250
0 0.279767 0.102813 0.059950 0.032250
0 0.243547 0.100937 0.030974 0.027750
0 0.557036 0.091563 0.019983 0.006750
0 0.146961 0.125938 0.094921 0.089250
0 0.782681 0.095625 0.023980 0.019500
0 0.527061 0.092188 0.009992 0.011250
0 0.113655 0.092188 0.008993 0.011250
0 0.584513 0.095625 0.033972 0.021000
0 0.515404 0.090000 0.011990 0.007500
0 0.850541 0.090000 0.010991 0.009000
0 0.664446 0.093750 0.021982 0.019500
0 0.600749 0.091250 0.012989 0.015000
0 0.630724 0.087500 0.024979 0.013500
0 0.813489 0.094687 0.069942 0.032250
0 0.746045 0.088125 0.015987 0.018000
0 0.618651 0.084375 0.015987 0.010500
0 0.599917 0.083750 0.024979 0.012000
0 0.548709 0.082500 0.021982 0.009000
0 0.373022 0.084687 0.025978 0.014250
0 0.358451 0.080937 0.016986 0.006750
0 0.873022 0.084687 0.024979 0.017250
0 0.267694 0.081875 0.018984 0.010500
0 0.178185 0.083437 0.017985 0.018750
0 0.167777 0.084375 0.020983 0.021000
0 0.384679 0.080625 0.017985 0.015000
0 0.236886 0.078125 0.014988 0.009000
0 0.609076 0.077500 0.010991 0.009000
0 0.578268 0.076563 0.016986 0.006750
0 0.888843 0.089063 0.042964 0.038250
0 0.565362 0.079687 0.011990 0.015750
0 0.762281 0.078437 0.012989 0.014250
0 0.363863 0.077188 0.023980 0.011250
0 0.669858 0.077188 0.022981 0.012750
0 0.782681 0.074375 0.017985 0.009000
0 0.651540 0.078125 0.026978 0.019500
0 0.267694 0.073750 0.020983 0.010500
0 0.864280 0.071563 0.021982 0.011250
0 0.705662 0.071250 0.018984 0.016500
0 0.749792 0.069062 0.012989 0.012750
0 0.834721 0.069687 0.016986 0.015750
0 0.722731 0.068125 0.025978 0.012000
0 0.236886 0.070625 0.030974 0.019500
0 0.974521 0.070625 0.050958 0.024000
0 0.665279 0.065937 0.015987 0.012750
0 0.932556 0.067500 0.017985 0.018000
0 0.650291 0.066250 0.013988 0.015000
0 0.639467 0.061562 0.017985 0.006750
0 0.295587 0.061562 0.011990 0.006750
0 0.812240 0.063750 0.014988 0.013500
0 0.798918 0.067812 0.032973 0.024750
0 0.988759 0.059687 0.020983 0.015750
0 0.715237 0.057188 0.015987 0.009750
0 0.165695 0.055938 0.015987 0.008250
0 0.305995 0.064687 0.048959 0.032250
0 0.970441 0.055625 0.018984 0.012000
0 0.677769 0.054375 0.009992 0.012000
0 0.134055 0.064375 0.043963 0.037500
0 0.083680 0.054375 0.012989 0.015000
0 0.725645 0.050000 0.022981 0.009000
0 0.342215 0.069375 0.051957 0.060000
0 0.691507 0.053125 0.030974 0.022500
0 0.788510 0.050000 0.025978 0.019500
0 0.088926 0.090938 0.177852 0.117750
0 0.062032 0.045937 0.032973 0.009750
0 0.079101 0.046562 0.011990 0.012750
0 0.703997 0.045312 0.026978 0.011250
0 0.751041 0.042813 0.015987 0.009750
0 0.201499 0.042500 0.011990 0.009000
0 0.598668 0.038125 0.015987 0.013500
0 0.621565 0.034688 0.010991 0.006750
0 0.083264 0.035625 0.019983 0.009000
0 0.046211 0.033438 0.008993 0.008250
0 0.990508 0.033125 0.018984 0.009000
0 0.241882 0.032813 0.016986 0.009750
0 0.757702 0.035312 0.025978 0.018750
0 0.619900 0.028125 0.012989 0.007500
0 0.126145 0.041563 0.102914 0.042750
0 0.047460 0.040625 0.094921 0.040500
0 0.411324 0.034063 0.037968 0.026250
0 0.386345 0.029687 0.019983 0.021750
0 0.055787 0.028125 0.019983 0.018000
0 0.071191 0.025625 0.026978 0.015000
0 0.224396 0.027500 0.028976 0.022500
0 0.629892 0.022812 0.016986 0.012750
0 0.186511 0.018125 0.011990 0.015000
0 0.151540 0.015938 0.017985 0.009750
0 0.039967 0.013750 0.013988 0.007500
0 0.206078 0.051750 0.146878 0.103500
0 0.268526 0.010313 0.010991 0.006750
0 0.657785 0.014687 0.027977 0.018750
0 0.279351 0.012188 0.020983 0.012750
0 0.026978 0.020938 0.053955 0.035250
0 0.800999 0.012188 0.027977 0.017250
0 0.325562 0.052125 0.217818 0.104250
0 0.057036 0.012500 0.018984 0.018000
0 0.080766 0.013437 0.049958 0.023250
0 0.437136 0.003750 0.013988 0.006000
0 0.413405 0.004687 0.014988 0.008250
0 0.338884 0.005000 0.025978 0.009000
0 0.213988 0.012750 0.017985 0.025500
0 0.972523 0.016875 0.054954 0.033750
0 0.910908 0.011250 0.045962 0.022500
0 0.835137 0.003000 0.011990 0.006000
0 0.703580 0.007500 0.017985 0.015000
0 0.671940 0.009000 0.015987 0.018000
0 0.658201 0.004875 0.010991 0.009750
0 0.641132 0.010500 0.025978 0.021000
0 0.534971 0.003750 0.010991 0.007500
0 0.460866 0.009750 0.036969 0.019500
0 0.600000 0.265125 1.000000 0.530250
0 0.353872 0.025875 0.079933 0.051750
0 0.285179 0.005625 0.018984 0.011250
0 0.251873 0.006000 0.030974 0.012000
0 0.232306 0.013875 0.037968 0.027750
0 0.191507 0.006375 0.025978 0.012750
0 0.168193 0.011625 0.025978 0.023250
0 0.151957 0.006750 0.028976 0.013500
0 0.125312 0.019125 0.056953 0.038250
0 0.087843 0.005250 0.040966 0.010500
0 0.050375 0.004875 0.014988 0.009750
0 0.032057 0.007875 0.026978 0.015750
