0 0.171524 0.889375 0.015987 0.010500
0 0.088676 0.859688 0.026978 0.014250
0 0.167361 0.868750 0.043963 0.049500
0 0.386345 0.850313 0.015987 0.011250
0 0.749792 0.860313 0.030974 0.039750
0 0.476686 0.846250 0.042964 0.012000
0 0.750624 0.834375 0.024979 0.015000
0 0.527477 0.833125 0.022981 0.018000
0 0.614072 0.836875 0.036969 0.031500
0 0.553289 0.846250 0.042964 0.054000
0 0.083680 0.840625 0.064946 0.040500
0 0.656536 0.837812 0.082931 0.036750
0 0.727727 0.845313 0.045962 0.069750
0 0.362614 0.830937 0.020983 0.035250
0 0.765612 0.822187 0.012989 0.015750
0 0.411740 0.821250 0.020983 0.013500
0 0.332639 0.815625 0.038968 0.013500
0 0.238968 0.814688 0.031973 0.017250
0 0.841382 0.813438 0.034971 0.015750
0 0.499167 0.820937 0.048959 0.051750
0 0.069109 0.812500 0.017985 0.031500
0 0.731890 0.801562 0.027977 0.011250
0 0.291840 0.823438 0.080933 0.065250
0 0.840133 0.802813 0.019983 0.020250
0 0.487510 0.794375 0.014988 0.007500
0 0.423397 0.796250 0.010991 0.015000
0 0.579101 0.798125 0.010991 0.022500
0 0.111990 0.792813 0.014988 0.009750
0 0.079933 0.792500 0.017985 0.009000
0 0.522065 0.807813 0.037968 0.051750
0 0.097002 0.788750 0.018984 0.006000
0 0.818068 0.799375 0.022981 0.034500
0 0.840550 0.794375 0.030974 0.025500
0 0.368859 0.819063 0.089925 0.084750
0 0.482098 0.785625 0.019983 0.013500
0 0.224813 0.783438 0.007993 0.014250
0 0.572440 0.816250 0.058951 0.094500
0 0.295587 0.790937 0.091923 0.036750
0 0.405079 0.790000 0.024979 0.036000
0 0.383847 0.773750 0.011990 0.016500
0 0.343464 0.777813 0.030974 0.029250
0 0.771024 0.775625 0.033972 0.027000
0 0.433389 0.820937 0.106911 0.138750
0 0.624063 0.765625 0.010991 0.013500
0 0.203997 0.792188 0.061948 0.077250
0 0.664863 0.761875 0.036969 0.012000
0 0.605745 0.760000 0.012989 0.018000
0 0.801415 0.752188 0.012989 0.008250
0 0.729808 0.750938 0.022981 0.006750
0 0.744796 0.771250 0.030974 0.061500
0 0.544963 0.750938 0.030974 0.014250
0 0.786844 0.759062 0.075937 0.044250
0 0.342631 0.743750 0.010991 0.016500
0 0.918818 0.753125 0.052956 0.052500
0 0.642381 0.750625 0.060949 0.046500
0 0.504996 0.758437 0.084929 0.065250
0 0.177769 0.752812 0.052956 0.054750
0 0.522065 0.733125 0.013988 0.016500
0 0.542881 0.736563 0.029975 0.027750
0 0.716486 0.731250 0.044963 0.019500
0 0.483347 0.725938 0.010991 0.008250
0 0.289342 0.757500 0.170858 0.087000
0 0.592423 0.743437 0.070941 0.057750
0 0.751873 0.728750 0.037968 0.025500
0 0.256037 0.723125 0.012989 0.015000
0 0.834721 0.736563 0.054954 0.051750
0 0.337635 0.723437 0.014988 0.020250
0 0.194005 0.717187 0.015987 0.006750
0 0.787261 0.725625 0.060949 0.036000
0 0.316819 0.714688 0.012989 0.011250
0 0.646961 0.765000 0.201832 0.139500
0 0.530391 0.712500 0.029975 0.027000
0 0.159034 0.722500 0.037968 0.051000
0 0.251873 0.725313 0.054954 0.059250
0 0.823480 0.705000 0.013988 0.016500
0 0.271440 0.718750 0.053955 0.049500
0 0.052873 0.709063 0.022981 0.026250
0 0.225645 0.717500 0.057952 0.057000
0 0.079101 0.709063 0.033972 0.036750
0 0.779351 0.695937 0.025978 0.015750
0 0.495420 0.694688 0.027977 0.018750
0 0.841382 0.691250 0.014988 0.012000
0 0.645712 0.715313 0.064946 0.069750
0 0.567860 0.709063 0.039967 0.056250
0 0.448376 0.725000 0.080933 0.094500
0 0.062448 0.689375 0.057952 0.019500
0 0.201915 0.695625 0.050958 0.043500
0 0.553705 0.684375 0.007993 0.018000
0 0.393422 0.681250 0.022981 0.012000
0 0.503331 0.680937 0.012989 0.012750
0 0.544963 0.687813 0.014988 0.032250
0 0.387177 0.727187 0.113905 0.132750
0 0.459617 0.675000 0.019983 0.009000
0 0.496253 0.670937 0.013988 0.011250
0 0.450874 0.666562 0.016986 0.008250
0 0.773522 0.667188 0.019983 0.018750
0 0.542048 0.662188 0.009992 0.011250
0 0.341382 0.681250 0.063947 0.057000
0 0.734388 0.683750 0.071940 0.066000
0 0.604496 0.659687 0.025978 0.015750
0 0.059117 0.667188 0.019983 0.039750
0 0.821399 0.653438 0.038968 0.009750
0 0.464197 0.655000 0.026978 0.015000
0 0.435054 0.651875 0.024979 0.012000
0 0.690674 0.674375 0.036969 0.076500
0 0.154871 0.651875 0.079933 0.025500
0 0.296420 0.669063 0.073938 0.069750
0 0.586595 0.641563 0.012989 0.017250
0 0.845129 0.667813 0.101915 0.081750
0 0.733555 0.643437 0.029975 0.032250
0 0.762281 0.638750 0.040966 0.033000
0 0.213572 0.634375 0.044963 0.022500
0 0.508743 0.662813 0.065945 0.093750
0 0.262698 0.642188 0.060949 0.050250
0 0.853872 0.620313 0.010991 0.009750
0 0.985512 0.618750 0.028976 0.018000
0 0.705246 0.627812 0.077935 0.039750
0 0.421316 0.617500 0.033972 0.018000
0 0.226894 0.616875 0.016986 0.018000
0 0.496253 0.613437 0.013988 0.012750
0 0.109076 0.622812 0.021982 0.035250
0 0.483347 0.610313 0.014988 0.008250
0 0.187760 0.609688 0.006994 0.014250
0 0.053955 0.624375 0.107910 0.052500
0 0.746461 0.612500 0.016986 0.025500
0 0.550791 0.637813 0.056953 0.092250
0 0.450874 0.624375 0.074938 0.060000
0 0.980516 0.605313 0.038968 0.015750
0 0.328893 0.605000 0.019983 0.016500
0 0.882598 0.611563 0.039967 0.033750
0 0.620733 0.646875 0.136886 0.121500
0 0.531224 0.607187 0.017985 0.026250
0 0.044130 0.607500 0.059950 0.027000
0 0.592839 0.597500 0.011990 0.012000
0 0.388426 0.648125 0.168859 0.133500
0 0.366361 0.603750 0.039967 0.034500
0 0.313072 0.602187 0.015987 0.032250
0 0.452956 0.591875 0.013988 0.012000
0 0.660283 0.605938 0.033972 0.051750
0 0.558285 0.588437 0.020983 0.012750
0 0.297252 0.589063 0.025978 0.014250
0 0.244796 0.595625 0.051957 0.030000
0 0.878851 0.588750 0.038968 0.015000
0 0.427977 0.588125 0.043963 0.021000
0 0.606578 0.587187 0.014988 0.021750
0 0.346378 0.582812 0.031973 0.015750
0 0.089925 0.589063 0.069942 0.033750
0 0.582848 0.600313 0.053955 0.063750
0 0.271857 0.582187 0.020983 0.021750
0 0.679017 0.579375 0.026978 0.016500
0 0.619067 0.572812 0.028976 0.009750
0 0.407993 0.573438 0.009992 0.011250
0 0.666112 0.571250 0.017985 0.015000
0 0.281432 0.571875 0.023980 0.022500
0 0.703580 0.578125 0.065945 0.046500
0 0.266445 0.564688 0.015987 0.018750
0 0.334305 0.562813 0.008993 0.017250
0 0.835137 0.564688 0.043963 0.036750
0 0.644879 0.565937 0.044963 0.039750
0 0.797669 0.559063 0.035970 0.024750
0 0.510408 0.587187 0.043963 0.093750
0 0.196919 0.586250 0.064946 0.091500
0 0.876353 0.564063 0.042964 0.039750
0 0.348460 0.550937 0.018984 0.011250
0 0.840133 0.548438 0.013988 0.006750
0 0.260200 0.551562 0.014988 0.017250
0 0.589509 0.558125 0.047960 0.034500
0 0.380933 0.570000 0.054954 0.063000
0 0.854288 0.541875 0.021982 0.010500
0 0.073689 0.539687 0.010991 0.014250
0 0.776020 0.540937 0.011990 0.018750
0 0.107827 0.548438 0.058951 0.038250
0 0.074938 0.552813 0.087927 0.053250
0 0.240633 0.536875 0.017985 0.021000
0 0.677352 0.541562 0.038968 0.039750
0 0.565779 0.533125 0.014988 0.021000
0 0.773522 0.591250 0.187843 0.169500
0 0.358035 0.528125 0.011990 0.022500
0 0.389259 0.535937 0.042964 0.050250
0 0.676103 0.518750 0.023980 0.010500
0 0.037885 0.518750 0.054954 0.019500
0 0.853039 0.515938 0.018984 0.014250
0 0.191923 0.526563 0.044963 0.047250
0 0.121565 0.572187 0.171857 0.158250
0 0.544130 0.527500 0.054954 0.054000
0 0.501665 0.516875 0.042964 0.034500
0 0.691923 0.505000 0.011990 0.022500
0 0.756869 0.513125 0.091923 0.046500
0 0.412573 0.496250 0.016986 0.006000
0 0.158201 0.499688 0.031973 0.014250
0 0.665279 0.508125 0.049958 0.045000
0 0.055787 0.495625 0.035970 0.018000
0 0.876353 0.498437 0.012989 0.027750
0 0.344296 0.516875 0.062948 0.072000
0 0.807660 0.516250 0.055953 0.075000
0 0.435470 0.487500 0.031973 0.009000
0 0.444629 0.524687 0.081932 0.104250
0 0.310158 0.485312 0.020983 0.018750
0 0.093672 0.479687 0.008993 0.012750
0 0.012490 0.474375 0.024979 0.009000
0 0.172356 0.472500 0.021982 0.009000
0 0.924646 0.475313 0.012989 0.017250
0 0.297669 0.472187 0.008993 0.009750
0 0.851374 0.487500 0.040966 0.049500
0 0.254371 0.526563 0.188843 0.144750
0 0.031224 0.476250 0.020983 0.028500
0 0.618651 0.506563 0.103913 0.102750
0 0.504996 0.468125 0.022981 0.015000
0 0.989009 0.465313 0.021982 0.011250
0 0.228976 0.470313 0.013988 0.024750
0 0.875104 0.466562 0.015987 0.026250
0 0.734388 0.456562 0.027977 0.008250
0 0.625312 0.456875 0.021982 0.012000
0 0.480017 0.464687 0.026978 0.032250
0 0.808493 0.462500 0.055953 0.031500
0 0.432973 0.458750 0.073938 0.028500
0 0.283097 0.495312 0.105912 0.117750
0 0.504163 0.452188 0.028976 0.015750
0 0.804746 0.447188 0.018984 0.005250
0 0.735221 0.471562 0.113905 0.063750
0 0.217735 0.455937 0.078934 0.026250
0 0.524979 0.459688 0.056953 0.051750
0 0.511241 0.440312 0.013988 0.012750
0 0.024979 0.448437 0.049958 0.035250
0 0.129059 0.461875 0.101915 0.073500
0 0.658618 0.441250 0.063947 0.031500
0 0.608659 0.435312 0.015987 0.017250
0 0.399251 0.434063 0.006994 0.014250
0 0.829309 0.449062 0.043963 0.053250
0 0.738135 0.439375 0.072939 0.034500
0 0.985512 0.443750 0.028976 0.046500
0 0.276853 0.434063 0.028976 0.032250
0 0.268526 0.440937 0.040966 0.050250
0 0.512906 0.423750 0.013988 0.025500
0 0.673189 0.416250 0.034971 0.010500
0 0.225645 0.417187 0.017985 0.012750
0 0.631141 0.417500 0.057952 0.016500
0 0.716903 0.419687 0.067943 0.026250
0 0.689425 0.408750 0.011990 0.012000
0 0.009575 0.407500 0.018984 0.009000
0 0.477102 0.409687 0.031973 0.015750
0 0.526644 0.406250 0.040966 0.015000
0 0.788093 0.423750 0.050958 0.058500
0 0.848043 0.426563 0.080933 0.066750
0 0.413822 0.418438 0.137885 0.060750
0 0.758951 0.400313 0.030974 0.020250
0 0.868027 0.405625 0.030974 0.036000
0 0.708576 0.398438 0.039967 0.018750
0 0.656120 0.390625 0.017985 0.010500
0 0.154871 0.420938 0.079933 0.087750
0 0.251873 0.395000 0.034971 0.028500
0 0.852206 0.386875 0.006994 0.010500
0 0.316403 0.386875 0.009992 0.010500
0 0.466694 0.384062 0.022981 0.006750
0 0.678601 0.390625 0.031973 0.024000
0 0.114072 0.382812 0.021982 0.009750
0 0.008993 0.381563 0.017985 0.008250
0 0.422148 0.385313 0.025978 0.020250
0 0.589509 0.375312 0.019983 0.008250
0 0.458368 0.389062 0.050958 0.045750
0 0.077852 0.373750 0.028976 0.009000
0 0.090425 0.436875 0.180849 0.168000
0 0.096170 0.376563 0.018984 0.026250
0 0.847627 0.366563 0.015987 0.008250
0 0.594088 0.440625 0.166861 0.196500
0 0.306828 0.360625 0.014988 0.007500
0 0.264363 0.370000 0.044963 0.031500
0 0.387594 0.373125 0.066944 0.040500
0 0.682348 0.363125 0.026978 0.019500
0 0.612823 0.360625 0.011990 0.015000
0 0.129475 0.358125 0.026978 0.009000
0 0.030974 0.363750 0.061948 0.022500
0 0.110325 0.353125 0.016986 0.006000
0 0.645296 0.350938 0.053955 0.015750
0 0.366361 0.354687 0.065945 0.024750
0 0.807244 0.351562 0.012989 0.024750
0 0.206078 0.344062 0.018984 0.011250
0 0.586595 0.340625 0.022981 0.006000
0 0.417985 0.355625 0.033972 0.046500
0 0.709409 0.347187 0.021982 0.027750
0 0.134888 0.353125 0.107910 0.055500
0 0.823897 0.335313 0.010991 0.014250
0 0.744796 0.338438 0.038968 0.021750
0 0.438385 0.335938 0.010991 0.021750
0 0.305579 0.331250 0.007993 0.015000
0 0.816819 0.363125 0.125895 0.106500
0 0.185262 0.322500 0.008993 0.009000
0 0.814738 0.321875 0.020983 0.015000
0 0.711907 0.345313 0.083930 0.072750
0 0.490425 0.367500 0.131890 0.126000
0 0.048293 0.339062 0.089925 0.057750
0 0.843464 0.325313 0.041965 0.036750
0 0.600333 0.340313 0.115903 0.072750
0 0.798501 0.311875 0.013988 0.010500
0 0.310158 0.313437 0.052956 0.023250
0 0.586595 0.308437 0.020983 0.014250
0 0.136137 0.314688 0.078934 0.030750
0 0.318901 0.305312 0.043963 0.015750
0 0.457119 0.301250 0.017985 0.007500
0 0.390924 0.305000 0.014988 0.016500
0 0.731890 0.319375 0.051957 0.055500
0 0.435054 0.301875 0.010991 0.013500
0 0.056203 0.316875 0.028976 0.051000
0 0.173189 0.304063 0.019983 0.029250
0 0.777269 0.290938 0.030974 0.012750
0 0.089925 0.307812 0.053955 0.053250
0 0.378851 0.283125 0.019983 0.012000
0 0.024979 0.299375 0.049958 0.052500
0 0.826811 0.286250 0.011990 0.025500
0 0.152789 0.278438 0.026978 0.006750
0 0.551624 0.299063 0.066944 0.059250
0 0.767277 0.303438 0.094921 0.072750
0 0.834721 0.277813 0.014988 0.012750
0 0.507910 0.289687 0.025978 0.044250
0 0.260616 0.276875 0.023980 0.013500
0 0.210658 0.273750 0.015987 0.007500
0 0.752290 0.272500 0.030974 0.009000
0 0.684430 0.292187 0.055953 0.056250
0 0.063697 0.276250 0.014988 0.021000
0 0.863863 0.287500 0.042964 0.052500
0 0.203997 0.272500 0.023980 0.025500
0 0.550791 0.267500 0.036969 0.018000
0 0.701915 0.270313 0.051957 0.027750
0 0.513739 0.262188 0.033972 0.009750
0 0.565779 0.260313 0.018984 0.015750
0 0.448376 0.259688 0.006994 0.014250
0 0.266445 0.258750 0.013988 0.012000
0 0.231474 0.256875 0.013988 0.010500
0 0.720233 0.258750 0.049958 0.024000
0 0.432140 0.272813 0.043963 0.062250
0 0.592839 0.253125 0.027977 0.016500
0 0.087011 0.250312 0.018984 0.011250
0 0.037885 0.271562 0.068943 0.062250
0 0.244796 0.249375 0.011990 0.012000
0 0.277269 0.250000 0.009992 0.015000
0 0.230641 0.333125 0.159867 0.216000
0 0.155287 0.343438 0.226811 0.240750
0 0.844296 0.255625 0.029975 0.031500
0 0.328060 0.245000 0.017985 0.006000
0 0.256037 0.244375 0.014988 0.009000
0 0.809742 0.276250 0.044963 0.087000
0 0.822648 0.239687 0.017985 0.005250
0 0.560783 0.243125 0.016986 0.024000
0 0.709409 0.239375 0.027977 0.027000
0 0.527477 0.235625 0.010991 0.018000
0 0.077852 0.233750 0.024979 0.015000
0 0.814738 0.230625 0.028976 0.013500
0 0.303913 0.243438 0.039967 0.045750
0 0.159867 0.245312 0.107910 0.051750
0 0.225229 0.231875 0.048959 0.025500
0 0.470025 0.262500 0.050958 0.102000
0 0.340966 0.224375 0.014988 0.010500
0 0.185262 0.229375 0.038968 0.025500
0 0.093256 0.224688 0.027977 0.017250
0 0.599917 0.225000 0.010991 0.019500
0 0.661116 0.218438 0.009992 0.014250
0 0.045795 0.224688 0.013988 0.029250
0 0.355953 0.218438 0.008993 0.015750
0 0.273106 0.226875 0.085928 0.037500
0 0.549126 0.222188 0.020983 0.027750
0 0.326811 0.212188 0.016986 0.006750
0 0.622398 0.270000 0.128893 0.150000
0 0.072023 0.214688 0.016986 0.021750
0 0.363447 0.208125 0.022981 0.007500
0 0.858035 0.221250 0.068943 0.043500
0 0.771024 0.233437 0.059950 0.080250
0 0.738135 0.221562 0.028976 0.051750
0 0.573272 0.232187 0.098918 0.081750
0 0.076187 0.200313 0.014988 0.006750
0 0.096586 0.207187 0.019983 0.024750
0 0.051624 0.202500 0.037968 0.013500
0 0.522065 0.209687 0.043963 0.044250
0 0.254788 0.200937 0.015987 0.023250
0 0.471690 0.198750 0.020983 0.021000
0 0.196087 0.199063 0.012989 0.021750
0 0.377186 0.348125 0.241799 0.381000
0 0.703164 0.208437 0.046961 0.050250
0 0.782265 0.192188 0.018984 0.015750
0 0.274355 0.188125 0.024979 0.012000
0 0.661532 0.199375 0.050958 0.040500
0 0.109076 0.186875 0.035970 0.012000
0 0.157785 0.199063 0.076936 0.042750
0 0.476686 0.198437 0.060949 0.054750
0 0.552456 0.187188 0.026978 0.032250
0 0.074938 0.177813 0.031973 0.012750
0 0.223147 0.187812 0.055953 0.039750
0 0.282681 0.174687 0.010991 0.009750
0 0.823480 0.192812 0.029975 0.057750
0 0.690258 0.173125 0.009992 0.012000
0 0.782265 0.172813 0.018984 0.017250
0 0.743131 0.180625 0.046961 0.051000
0 0.573689 0.177813 0.043963 0.044250
0 0.811823 0.179688 0.039967 0.056250
0 0.415487 0.175000 0.063947 0.046500
0 0.347211 0.178750 0.061948 0.063000
0 0.141549 0.164687 0.033972 0.033750
0 0.659450 0.161250 0.013988 0.028500
0 0.683597 0.166563 0.049958 0.045750
0 0.363031 0.151562 0.025978 0.011250
0 0.471690 0.155625 0.022981 0.022500
0 0.250208 0.164687 0.058951 0.050250
0 0.674438 0.144375 0.021982 0.006000
0 0.515404 0.163125 0.073938 0.063000
0 0.340133 0.143437 0.024979 0.021750
0 0.553289 0.147813 0.052956 0.038250
0 0.726062 0.138750 0.013988 0.018000
0 0.408410 0.138750 0.042964 0.019500
0 0.422981 0.131250 0.027977 0.019500
0 0.647377 0.132500 0.030974 0.025500
0 0.381765 0.133750 0.012989 0.028500
0 0.372190 0.125000 0.007993 0.010500
0 0.301832 0.128750 0.020983 0.024000
0 0.720649 0.119375 0.010991 0.012000
0 0.535803 0.119063 0.016986 0.021750
0 0.108243 0.120000 0.047960 0.027000
0 0.074105 0.125625 0.029975 0.040500
0 0.694838 0.125312 0.048959 0.041250
0 0.185262 0.145937 0.058951 0.092250
0 0.298918 0.163750 0.061948 0.136500
0 0.442964 0.111250 0.019983 0.013500
0 0.583680 0.113125 0.035970 0.021000
0 0.241882 0.125625 0.074938 0.051000
0 0.355537 0.111562 0.041965 0.027750
0 0.256869 0.100000 0.010991 0.009000
0 0.557452 0.103438 0.024979 0.032250
0 0.368859 0.093750 0.009992 0.012000
0 0.528310 0.094062 0.036969 0.017250
0 0.477519 0.126562 0.118901 0.102750
0 0.055787 0.084062 0.013988 0.012750
0 0.323480 0.105625 0.030974 0.066000
0 0.400083 0.103125 0.056953 0.064500
0 0.289342 0.088750 0.050958 0.045000
0 0.607410 0.120000 0.098918 0.121500
0 0.363447 0.078437 0.016986 0.023250
0 0.022898 0.076250 0.034971 0.022500
0 0.383847 0.071875 0.019983 0.016500
0 0.428393 0.087500 0.026978 0.055500
0 0.337635 0.070312 0.016986 0.014250
0 0.048709 0.069687 0.020983 0.020250
0 0.661532 0.085312 0.050958 0.059250
0 0.019983 0.060937 0.021982 0.011250
0 0.342215 0.057813 0.019983 0.014250
0 0.469192 0.054375 0.014988 0.007500
0 0.425062 0.056250 0.028976 0.013500
0 0.599084 0.056250 0.028976 0.016500
0 0.577435 0.055000 0.012989 0.013500
0 0.383847 0.053437 0.019983 0.018750
0 0.498751 0.047500 0.011990 0.015000
0 0.364696 0.046250 0.031973 0.018000
0 0.540799 0.044062 0.022981 0.015750
0 0.407577 0.051250 0.030974 0.034500
0 0.581182 0.041875 0.007993 0.013500
0 0.331807 0.043437 0.012989 0.021750
0 0.383430 0.034688 0.006994 0.014250
0 0.458784 0.050625 0.045962 0.079500
0 0.426311 0.024688 0.013988 0.027750
0 0.632390 0.034688 0.044963 0.057750
0 0.415487 0.015312 0.011990 0.012750
0 0.529142 0.045312 0.096919 0.089250
0 0.424230 0.006562 0.020983 0.012750
0 0.592423 0.016500 0.042964 0.033000
0 0.565779 0.007125 0.012989 0.014250
0 0.378435 0.008250 0.020983 0.016500
0 0.360949 0.018000 0.060949 0.036000
0 0.080766 0.005250 0.019983 0.010500
0 0.068693 0.015375 0.034971 0.030750
