0 0.693750 0.635000 0.099000 0.072000
0 0.661250 0.532500 0.099000 0.060000
0 0.357500 0.533750 0.102000 0.075000
0 0.291000 0.671500 0.582000 0.657000
0 0.991000 0.470000 0.018000 0.054000
0 0.936250 0.481250 0.063000 0.087000
0 0.963750 0.436250 0.045000 0.051000
0 0.505000 0.418750 0.102000 0.069000
0 0.538750 0.390000 0.087000 0.084000
0 0.958750 0.370000 0.063000 0.090000
0 0.570000 0.275000 0.078000 0.066000
0 0.028500 0.230000 0.057000 0.060000
0 0.310000 0.223750 0.102000 0.069000
0 0.786250 0.137500 0.045000 0.030000
0 0.437500 0.128750 0.138000 0.129000
0 0.717500 0.081250 0.030000 0.063000
0 0.746250 0.223750 0.351000 0.435000
0 0.845000 0.061250 0.054000 0.093000
0 0.565000 0.068750 0.066000 0.111000
0 0.884500 0.270000 0.231000 0.540000
0 0.805000 0.025500 0.048000 0.051000
0 0.755000 0.024000 0.060000 0.048000
0 0.698750 0.073500 0.069000 0.147000
0 0.618750 0.061500 0.111000 0.123000
0 0.513750 0.058500 0.105000 0.117000
0 0.592500 0.147000 0.420000 0.294000
0 0.390000 0.028500 0.048000 0.057000
0 0.352500 0.048000 0.078000 0.096000
0 0.165000 0.018000 0.084000 0.036000
