0 0.980500 0.985000 0.039000 0.030000
0 0.797500 0.977500 0.078000 0.045000
0 0.033000 0.947500 0.066000 0.060000
0 0.560000 0.923500 0.162000 0.153000
0 0.962500 0.896250 0.075000 0.063000
0 0.445000 0.922000 0.126000 0.156000
0 0.392500 0.885000 0.042000 0.036000
0 0.039000 0.887500 0.078000 0.048000
0 0.795000 0.855000 0.048000 0.036000
0 0.158750 0.858750 0.027000 0.063000
0 0.976000 0.816250 0.048000 0.069000
0 0.592500 0.832500 0.162000 0.114000
0 0.226250 0.871000 0.345000 0.258000
0 0.904000 0.869500 0.192000 0.261000
0 0.220000 0.763750 0.108000 0.057000
0 0.710000 0.839500 0.174000 0.321000
0 0.673750 0.731250 0.075000 0.033000
0 0.856250 0.751250 0.159000 0.117000
0 0.633750 0.732500 0.237000 0.114000
0 0.385000 0.768750 0.408000 0.207000
0 0.450000 0.677500 0.036000 0.042000
0 0.958000 0.703750 0.084000 0.111000
0 0.620000 0.645000 0.126000 0.072000
0 0.872500 0.616250 0.168000 0.153000
0 0.398750 0.543750 0.063000 0.045000
0 0.154500 0.648750 0.309000 0.333000
0 0.722500 0.527500 0.084000 0.102000
0 0.835000 0.491250 0.186000 0.123000
0 0.430000 0.543750 0.390000 0.285000
0 0.108000 0.482500 0.216000 0.144000
0 0.213750 0.416250 0.147000 0.093000
0 0.106250 0.336250 0.045000 0.033000
0 0.491250 0.363750 0.183000 0.117000
0 0.860500 0.385000 0.279000 0.174000
0 0.305000 0.345000 0.132000 0.132000
0 0.855000 0.297500 0.066000 0.060000
0 0.738750 0.308750 0.105000 0.111000
0 0.435000 0.277500 0.060000 0.036000
0 0.226250 0.252500 0.129000 0.060000
0 0.139500 0.305000 0.279000 0.240000
0 0.591250 0.388750 0.393000 0.453000
0 0.420000 0.238750 0.150000 0.135000
0 0.040500 0.208750 0.081000 0.099000
0 0.581250 0.178750 0.075000 0.039000
0 0.661250 0.196250 0.135000 0.123000
0 0.521250 0.172500 0.063000 0.066000
0 0.370000 0.196250 0.270000 0.123000
0 0.767500 0.163750 0.054000 0.051000
0 0.826250 0.197500 0.141000 0.162000
0 0.176250 0.152500 0.087000 0.126000
0 0.009000 0.117500 0.018000 0.054000
0 0.256250 0.106250 0.105000 0.045000
0 0.928000 0.170000 0.144000 0.294000
0 0.665000 0.092500 0.330000 0.120000
0 0.025000 0.062500 0.024000 0.060000
0 0.222500 0.060000 0.066000 0.072000
0 0.400000 0.078000 0.168000 0.156000
0 0.496250 0.051000 0.237000 0.102000
0 0.163750 0.028500 0.063000 0.057000
0 0.102500 0.118500 0.168000 0.237000
