0 0.452604 0.694141 0.033750 0.025312
0 0.570833 0.688672 0.040000 0.023438
0 0.500000 0.679297 0.015000 0.008437
0 0.703125 0.676953 0.037500 0.021562
0 0.565104 0.670312 0.031250 0.020625
0 0.571875 0.653516 0.025000 0.012188
0 0.761458 0.653125 0.035000 0.024375
0 0.532813 0.666016 0.058750 0.059062
0 0.489063 0.674219 0.073750 0.078750
0 0.723958 0.644922 0.037500 0.021562
0 0.444271 0.663281 0.066250 0.069375
0 0.419271 0.650000 0.046250 0.046875
0 0.389062 0.635547 0.038750 0.025312
0 0.361979 0.619141 0.033750 0.008437
0 0.642708 0.625781 0.020000 0.026250
0 0.592708 0.633594 0.090000 0.046875
0 0.418229 0.621875 0.016250 0.024375
0 0.693750 0.619531 0.042500 0.020625
0 0.435417 0.619922 0.012500 0.021562
0 0.579688 0.614844 0.016250 0.016875
0 0.328646 0.615625 0.021250 0.031875
0 0.351042 0.608984 0.022500 0.017813
0 0.660937 0.608594 0.046250 0.026250
0 0.555729 0.591406 0.021250 0.007500
0 0.405729 0.606641 0.051250 0.044062
0 0.319271 0.595313 0.036250 0.020625
0 0.614583 0.600000 0.057500 0.039375
0 0.303125 0.594531 0.030000 0.026250
0 0.673958 0.587500 0.045000 0.015000
0 0.649479 0.587109 0.018750 0.021562
0 0.710417 0.584766 0.035000 0.029062
0 0.347917 0.579297 0.032500 0.027187
0 0.468229 0.581250 0.036250 0.043125
0 0.618229 0.569141 0.013750 0.019688
0 0.560417 0.609766 0.110000 0.117188
0 0.497917 0.581250 0.032500 0.052500
0 0.182292 0.567578 0.035000 0.032813
0 0.311458 0.565625 0.060000 0.037500
0 0.306771 0.555859 0.008750 0.015938
0 0.725521 0.547266 0.013750 0.012188
0 0.448958 0.560547 0.062500 0.060937
0 0.302604 0.539453 0.023750 0.019688
0 0.553125 0.545312 0.037500 0.035625
0 0.206250 0.540234 0.030000 0.027187
0 0.730208 0.534766 0.017500 0.023438
0 0.774479 0.531641 0.036250 0.027187
0 0.486458 0.588672 0.142500 0.177187
0 0.534375 0.527734 0.020000 0.036562
0 0.485417 0.524609 0.022500 0.032813
0 0.666667 0.520312 0.020000 0.026250
0 0.583333 0.522656 0.040000 0.037500
0 0.354167 0.528125 0.077500 0.058125
0 0.397396 0.552344 0.138750 0.118125
0 0.349479 0.508594 0.068750 0.031875
0 0.626042 0.496875 0.015000 0.022500
0 0.407292 0.514453 0.107500 0.064687
0 0.493750 0.496875 0.022500 0.028125
0 0.737500 0.491016 0.025000 0.015938
0 0.506250 0.487500 0.012500 0.011250
0 0.297917 0.504687 0.045000 0.056250
0 0.684375 0.500000 0.065000 0.052500
0 0.529167 0.494531 0.040000 0.045000
0 0.317708 0.491016 0.040000 0.036562
0 0.353646 0.478125 0.041250 0.020625
0 0.460417 0.508594 0.065000 0.095625
0 0.401042 0.488281 0.050000 0.046875
0 0.439583 0.476562 0.015000 0.020625
0 0.213542 0.480859 0.022500 0.032813
0 0.507292 0.474219 0.017500 0.018750
0 0.282813 0.473438 0.021250 0.016875
0 0.192188 0.479687 0.023750 0.031875
0 0.306771 0.470703 0.041250 0.019688
0 0.258333 0.466406 0.030000 0.020625
0 0.369271 0.460938 0.021250 0.013125
0 0.583333 0.464844 0.022500 0.026250
0 0.110937 0.467969 0.023750 0.033750
0 0.506250 0.458594 0.022500 0.016875
0 0.477604 0.455078 0.026250 0.008437
0 0.648958 0.518359 0.220000 0.162187
0 0.303646 0.453125 0.033750 0.011250
0 0.334375 0.460547 0.027500 0.034687
0 0.687500 0.458594 0.017500 0.031875
0 0.417708 0.460547 0.027500 0.038437
0 0.730208 0.448828 0.017500 0.015938
0 0.443229 0.452344 0.023750 0.041250
0 0.510938 0.442578 0.033750 0.019688
0 0.615625 0.465625 0.077500 0.082500
0 0.553646 0.478906 0.081250 0.123750
0 0.377604 0.444531 0.066250 0.054375
0 0.471875 0.431250 0.035000 0.024375
0 0.444792 0.426563 0.020000 0.016875
0 0.679167 0.432031 0.037500 0.039375
0 0.543229 0.414453 0.018750 0.015938
0 0.513021 0.420312 0.023750 0.030000
0 0.328646 0.422266 0.028750 0.034687
0 0.573438 0.416406 0.023750 0.024375
0 0.373437 0.413672 0.021250 0.025312
0 0.353646 0.421484 0.038750 0.060937
0 0.331771 0.400000 0.016250 0.009375
0 0.696354 0.421094 0.081250 0.069375
0 0.313021 0.406641 0.023750 0.042188
0 0.620833 0.412500 0.097500 0.063750
0 0.423958 0.426172 0.075000 0.096562
0 0.270313 0.404297 0.038750 0.049687
0 0.198437 0.389453 0.038750 0.015938
0 0.603646 0.399219 0.026250 0.046875
0 0.297396 0.421094 0.058750 0.101250
0 0.461979 0.381641 0.013750 0.010312
0 0.350000 0.382812 0.020000 0.013125
0 0.688021 0.384766 0.038750 0.019688
0 0.661979 0.380078 0.021250 0.012188
0 0.565625 0.393359 0.050000 0.045937
0 0.473438 0.396484 0.038750 0.053437
0 0.369271 0.387891 0.018750 0.034687
0 0.403646 0.389453 0.046250 0.045937
0 0.490625 0.368359 0.027500 0.027187
0 0.727604 0.359766 0.021250 0.014063
0 0.671875 0.364063 0.027500 0.028125
0 0.603125 0.365234 0.052500 0.038437
0 0.710417 0.364844 0.037500 0.039375
0 0.409896 0.358203 0.011250 0.023438
0 0.639062 0.371094 0.048750 0.056250
0 0.429688 0.370703 0.028750 0.055313
0 0.388542 0.367969 0.030000 0.050625
0 0.298438 0.360547 0.043750 0.038437
0 0.272917 0.359375 0.035000 0.045000
0 0.322396 0.363672 0.038750 0.057188
0 0.388542 0.344141 0.010000 0.015938
0 0.291667 0.335547 0.015000 0.025312
0 0.527083 0.332813 0.040000 0.028125
0 0.403125 0.330078 0.022500 0.023438
0 0.604688 0.325391 0.013750 0.017813
0 0.355208 0.343359 0.055000 0.062812
0 0.567187 0.341406 0.068750 0.060000
0 0.425521 0.325000 0.013750 0.020625
0 0.109896 0.321094 0.038750 0.018750
0 0.695312 0.334766 0.041250 0.055313
0 0.596875 0.317969 0.022500 0.026250
0 0.342708 0.310937 0.025000 0.011250
0 0.314063 0.321094 0.048750 0.041250
0 0.635417 0.319922 0.050000 0.051562
0 0.571875 0.305469 0.022500 0.018750
0 0.230729 0.310547 0.031250 0.030937
0 0.552604 0.316016 0.026250 0.047812
0 0.470833 0.299609 0.020000 0.008437
0 0.282292 0.313281 0.032500 0.045000
0 0.311458 0.294141 0.030000 0.019688
0 0.580729 0.284375 0.018750 0.016875
0 0.328646 0.280469 0.023750 0.022500
0 0.277604 0.281641 0.033750 0.027187
0 0.438542 0.269141 0.020000 0.019688
0 0.617708 0.287109 0.077500 0.070312
0 0.389583 0.300781 0.047500 0.103125
0 0.456250 0.260937 0.015000 0.020625
0 0.450000 0.291797 0.107500 0.096562
0 0.326562 0.260937 0.041250 0.030000
0 0.368750 0.276172 0.077500 0.070312
0 0.472917 0.252344 0.025000 0.016875
0 0.511979 0.341406 0.173750 0.234375
0 0.541146 0.246484 0.026250 0.008437
0 0.422396 0.252734 0.046250 0.034687
0 0.318229 0.244141 0.018750 0.021562
0 0.683333 0.255078 0.037500 0.055313
0 0.507292 0.244922 0.037500 0.034687
0 0.639583 0.231250 0.025000 0.031875
