0 0.687891 0.690625 0.025312 0.032500
0 0.696875 0.652604 0.031875 0.023750
0 0.800391 0.640104 0.027187 0.028750
0 0.437109 0.644271 0.066562 0.038750
0 0.439063 0.630208 0.016875 0.010000
0 0.512500 0.634375 0.035625 0.022500
0 0.481250 0.639062 0.026250 0.033750
0 0.554297 0.643750 0.049687 0.047500
0 0.582031 0.641667 0.041250 0.045000
0 0.453906 0.624479 0.026250 0.026250
0 0.413281 0.622396 0.022500 0.023750
0 0.387109 0.622396 0.032813 0.023750
0 0.626563 0.619792 0.028125 0.022500
0 0.513281 0.616667 0.022500 0.020000
0 0.429688 0.612500 0.026250 0.017500
0 0.495312 0.610417 0.018750 0.015000
0 0.443359 0.606250 0.014063 0.015000
0 0.608594 0.607292 0.039375 0.022500
0 0.744922 0.605208 0.029062 0.027500
0 0.592969 0.622917 0.046875 0.070000
0 0.506250 0.597917 0.015000 0.015000
0 0.395703 0.595313 0.029062 0.013750
0 0.482812 0.595833 0.013125 0.017500
0 0.467969 0.607812 0.035625 0.048750
0 0.539062 0.604688 0.069375 0.043750
0 0.631641 0.595833 0.027187 0.027500
0 0.730469 0.596354 0.024375 0.033750
0 0.446875 0.586458 0.013125 0.022500
0 0.376563 0.586458 0.022500 0.025000
0 0.524609 0.579167 0.015938 0.017500
0 0.455859 0.578125 0.012188 0.025000
0 0.480078 0.570312 0.042188 0.033750
0 0.350391 0.571875 0.023438 0.037500
0 0.658203 0.571875 0.057188 0.042500
0 0.512109 0.562500 0.017813 0.020000
0 0.537891 0.569792 0.040313 0.045000
0 0.407031 0.576042 0.076875 0.060000
0 0.623047 0.563021 0.010312 0.031250
0 0.582031 0.571875 0.084375 0.055000
0 0.405469 0.555208 0.030000 0.022500
0 0.594141 0.553646 0.019688 0.021250
0 0.567969 0.555729 0.013125 0.026250
0 0.528125 0.542708 0.011250 0.015000
0 0.456641 0.543229 0.017813 0.016250
0 0.422266 0.547917 0.017813 0.027500
0 0.703125 0.550000 0.054375 0.040000
0 0.430078 0.535937 0.008437 0.021250
0 0.376563 0.550000 0.045000 0.055000
0 0.667969 0.540625 0.052500 0.042500
0 0.614844 0.534896 0.069375 0.031250
0 0.797266 0.530729 0.030937 0.023750
0 0.574609 0.528646 0.040313 0.031250
0 0.444922 0.523958 0.038437 0.020000
0 0.893359 0.523438 0.027187 0.021250
0 0.705469 0.529167 0.035625 0.037500
0 0.548438 0.520312 0.016875 0.023750
0 0.524219 0.517188 0.035625 0.026250
0 0.372656 0.516146 0.016875 0.031250
0 0.626172 0.516146 0.077812 0.036250
0 0.492969 0.528646 0.071250 0.071250
0 0.463281 0.508333 0.037500 0.030000
0 0.393750 0.507292 0.030000 0.027500
0 0.585156 0.501042 0.016875 0.017500
0 0.564453 0.504167 0.029062 0.025000
0 0.542188 0.498958 0.013125 0.015000
0 0.718359 0.503125 0.030937 0.030000
0 0.395703 0.489583 0.015938 0.007500
0 0.684766 0.503646 0.079687 0.046250
0 0.734375 0.486458 0.020625 0.012500
0 0.533594 0.483854 0.020625 0.013750
0 0.708203 0.486458 0.038437 0.027500
0 0.271094 0.483333 0.031875 0.022500
0 0.751172 0.496875 0.040313 0.057500
0 0.602344 0.488542 0.078750 0.047500
0 0.361719 0.478646 0.039375 0.038750
0 0.697656 0.466667 0.009375 0.012500
0 0.658984 0.479167 0.027187 0.045000
0 0.580469 0.465625 0.016875 0.012500
0 0.510938 0.467187 0.022500 0.021250
0 0.437891 0.471354 0.027187 0.031250
0 0.623828 0.468750 0.049687 0.027500
0 0.677344 0.476562 0.031875 0.053750
0 0.480859 0.459375 0.034687 0.017500
0 0.543359 0.464062 0.025312 0.038750
0 0.657031 0.454688 0.011250 0.021250
0 0.511328 0.451042 0.010312 0.012500
0 0.403125 0.464583 0.061875 0.047500
0 0.616797 0.447917 0.017813 0.010000
0 0.478516 0.473958 0.098437 0.072500
0 0.600000 0.448958 0.018750 0.015000
0 0.775000 0.462500 0.031875 0.050000
0 0.642969 0.448958 0.016875 0.022500
0 0.832812 0.449479 0.024375 0.028750
0 0.575781 0.449479 0.035625 0.028750
0 0.467578 0.442708 0.014063 0.012500
0 0.635156 0.443229 0.015000 0.016250
0 0.691797 0.444271 0.034687 0.021250
0 0.421094 0.439063 0.022500 0.011250
0 0.663281 0.441667 0.028125 0.020000
0 0.356250 0.441667 0.016875 0.020000
0 0.287891 0.440104 0.032813 0.021250
0 0.775781 0.435417 0.024375 0.012500
0 0.611328 0.435417 0.015938 0.012500
0 0.375000 0.436458 0.026250 0.025000
0 0.731641 0.450000 0.032813 0.060000
0 0.489844 0.438021 0.039375 0.031250
0 0.327734 0.436979 0.029062 0.028750
0 0.398438 0.436979 0.028125 0.031250
0 0.538672 0.452604 0.064687 0.071250
0 0.653516 0.425521 0.023438 0.011250
0 0.749609 0.435417 0.021562 0.037500
0 0.588672 0.429167 0.032813 0.022500
0 0.769531 0.423958 0.020625 0.012500
0 0.677734 0.427604 0.032813 0.021250
0 0.572266 0.416667 0.019688 0.010000
0 0.551172 0.423438 0.036562 0.028750
0 0.691016 0.418750 0.030937 0.020000
0 0.254297 0.425000 0.021562 0.035000
0 0.405078 0.418750 0.027187 0.022500
0 0.471094 0.418229 0.020625 0.023750
0 0.436328 0.426563 0.057188 0.043750
0 0.744141 0.411979 0.015938 0.011250
0 0.488281 0.415625 0.011250 0.027500
0 0.720313 0.423958 0.035625 0.052500
0 0.523438 0.410417 0.035625 0.020000
0 0.698047 0.405208 0.030937 0.020000
0 0.364063 0.417708 0.061875 0.050000
0 0.824609 0.404167 0.030937 0.020000
0 0.469531 0.397917 0.031875 0.017500
0 0.790234 0.393750 0.010312 0.017500
0 0.801562 0.393229 0.011250 0.018750
0 0.793359 0.414062 0.038437 0.068750
0 0.774219 0.404167 0.041250 0.047500
0 0.639453 0.402083 0.040313 0.042500
0 0.685937 0.389583 0.024375 0.017500
0 0.667188 0.398438 0.020625 0.038750
0 0.461328 0.381771 0.015938 0.008750
0 0.424219 0.388542 0.030000 0.025000
0 0.751172 0.383333 0.014063 0.015000
0 0.488672 0.391146 0.036562 0.038750
0 0.398438 0.391146 0.033750 0.038750
0 0.604297 0.382812 0.051562 0.028750
0 0.514062 0.383333 0.026250 0.035000
0 0.364063 0.384896 0.030000 0.043750
0 0.807031 0.370833 0.018750 0.015000
0 0.403516 0.372396 0.012188 0.023750
0 0.719141 0.383333 0.049687 0.052500
0 0.707422 0.369792 0.021562 0.020000
0 0.582422 0.396875 0.132187 0.085000
0 0.761719 0.369792 0.020625 0.022500
0 0.607422 0.363542 0.010312 0.015000
0 0.784766 0.369271 0.036562 0.031250
0 0.744531 0.364583 0.016875 0.027500
0 0.659375 0.366146 0.043125 0.033750
0 0.581641 0.363021 0.040313 0.036250
0 0.510156 0.353125 0.020625 0.017500
0 0.482422 0.348958 0.027187 0.015000
0 0.817969 0.350521 0.030000 0.021250
0 0.440234 0.362500 0.070312 0.050000
0 0.374219 0.352083 0.020625 0.027500
0 0.576562 0.344271 0.020625 0.018750
0 0.789453 0.347917 0.010312 0.030000
0 0.558984 0.344792 0.019688 0.025000
0 0.623437 0.357812 0.056250 0.061250
0 0.391797 0.341146 0.015938 0.023750
0 0.504687 0.335938 0.024375 0.016250
0 0.466016 0.333333 0.027187 0.012500
0 0.661719 0.340625 0.046875 0.035000
0 0.738281 0.329688 0.018750 0.011250
0 0.701953 0.330208 0.012188 0.012500
0 0.538281 0.341667 0.037500 0.047500
0 0.778906 0.323958 0.028125 0.020000
0 0.483203 0.323437 0.017813 0.018750
0 0.753906 0.333333 0.037500 0.045000
0 0.614453 0.337500 0.062812 0.060000
0 0.583594 0.327083 0.033750 0.035000
0 0.522656 0.313542 0.028125 0.022500
0 0.353125 0.316667 0.022500 0.035000
0 0.445703 0.308333 0.017813 0.017500
0 0.407813 0.324479 0.026250 0.056250
0 0.498437 0.311979 0.016875 0.028750
0 0.467187 0.304167 0.030000 0.015000
0 0.700000 0.327083 0.086250 0.075000
0 0.564453 0.301042 0.025312 0.017500
0 0.495312 0.295833 0.013125 0.010000
0 0.758203 0.298438 0.030937 0.026250
0 0.429688 0.300521 0.022500 0.033750
0 0.741406 0.290625 0.011250 0.012500
0 0.541016 0.291667 0.014063 0.015000
0 0.546875 0.309375 0.060000 0.057500
0 0.566016 0.286458 0.019688 0.010000
0 0.662891 0.295312 0.047812 0.038750
0 0.589453 0.288021 0.034687 0.021250
0 0.631641 0.301563 0.074063 0.066250
0 0.572656 0.277083 0.018750 0.012500
0 0.532813 0.277604 0.018750 0.016250
0 0.452344 0.284896 0.028125 0.036250
0 0.509766 0.278646 0.021562 0.023750
0 0.551562 0.272917 0.024375 0.022500
0 0.471094 0.271354 0.020625 0.031250
0 0.657813 0.257812 0.026250 0.016250
0 0.492969 0.272917 0.031875 0.052500
0 0.607031 0.257292 0.013125 0.017500
0 0.519141 0.256771 0.030937 0.026250
0 0.681641 0.271875 0.032813 0.065000
0 0.591406 0.251563 0.015000 0.021250
0 0.563281 0.257292 0.028125 0.035000
0 0.713281 0.265104 0.065625 0.083750
0 0.628516 0.260417 0.036562 0.077500
0 0.526563 0.240625 0.054375 0.032500
0 0.608594 0.231771 0.007500 0.013750
0 0.596094 0.230208 0.026250 0.027500
0 0.680078 0.226562 0.023438 0.021250
0 0.655078 0.227083 0.030937 0.035000
0 0.616406 0.216146 0.018750 0.023750
0 0.523438 0.219271 0.026250 0.031250
0 0.639453 0.209375 0.027187 0.025000
0 0.554688 0.215625 0.045000 0.047500
0 0.655078 0.172917 0.023438 0.027500
0 0.614062 0.165104 0.037500 0.051250
0 0.847188 0.136875 0.305625 0.273750
0 0.584531 0.510625 1.000000 1.000000
