0 0.617969 0.771875 0.031875 0.030000
0 0.565625 0.763542 0.050625 0.060000
0 0.573438 0.744271 0.011250 0.018750
0 0.675391 0.746354 0.027187 0.036250
0 0.649609 0.741667 0.021562 0.030000
0 0.586719 0.733333 0.018750 0.015000
0 0.614062 0.746354 0.056250 0.048750
0 0.564453 0.723958 0.029062 0.027500
0 0.584375 0.717708 0.015000 0.015000
0 0.535937 0.725521 0.020625 0.043750
0 0.669531 0.719792 0.026250 0.032500
0 0.787109 0.708333 0.029062 0.030000
0 0.639062 0.697396 0.024375 0.026250
0 0.514062 0.699479 0.030000 0.031250
0 0.561328 0.702083 0.045937 0.040000
0 0.539844 0.689063 0.018750 0.013750
0 0.607031 0.685937 0.018750 0.021250
0 0.648438 0.679167 0.018750 0.010000
0 0.556641 0.680208 0.015938 0.015000
0 0.589844 0.688542 0.016875 0.042500
0 0.477344 0.682292 0.052500 0.040000
0 0.688281 0.675000 0.018750 0.037500
0 0.571875 0.670312 0.022500 0.026250
0 0.537891 0.666667 0.014063 0.017500
0 0.632812 0.655208 0.011250 0.015000
0 0.831641 0.663021 0.023438 0.036250
0 0.452734 0.659375 0.053437 0.027500
0 0.796094 0.657813 0.030000 0.026250
0 0.651172 0.655729 0.029062 0.028750
0 0.670312 0.668750 0.039375 0.062500
0 0.513672 0.667188 0.049687 0.058750
0 0.486719 0.650521 0.018750 0.028750
0 0.714844 0.651042 0.043125 0.035000
0 0.607031 0.665104 0.078750 0.068750
0 0.564063 0.646875 0.020625 0.030000
0 0.683594 0.633333 0.013125 0.015000
0 0.626563 0.634896 0.037500 0.023750
0 0.486328 0.634375 0.008437 0.022500
0 0.716797 0.629167 0.015938 0.012500
0 0.550391 0.630729 0.019688 0.021250
0 0.447266 0.641146 0.036562 0.048750
0 0.341797 0.638542 0.023438 0.042500
0 0.574219 0.625521 0.031875 0.018750
0 0.473438 0.629687 0.020625 0.033750
0 0.764844 0.626042 0.031875 0.027500
0 0.654687 0.616667 0.013125 0.012500
0 0.719141 0.619271 0.038437 0.028750
0 0.528125 0.626042 0.050625 0.047500
0 0.449219 0.612500 0.037500 0.022500
0 0.740234 0.610938 0.019688 0.021250
0 0.614844 0.609896 0.020625 0.028750
0 0.428516 0.610938 0.017813 0.036250
0 0.636719 0.607812 0.026250 0.031250
0 0.507031 0.608854 0.054375 0.041250
0 0.566406 0.604167 0.030000 0.042500
0 0.356250 0.597917 0.024375 0.035000
0 0.621094 0.588021 0.033750 0.016250
0 0.659766 0.588542 0.034687 0.022500
0 0.513672 0.583333 0.014063 0.015000
0 0.594922 0.608854 0.029062 0.078750
0 0.685937 0.603646 0.045000 0.073750
0 0.439063 0.583333 0.030000 0.025000
0 0.568750 0.577083 0.043125 0.022500
0 0.737891 0.584896 0.100312 0.048750
0 0.688672 0.568750 0.019688 0.017500
0 0.543750 0.566667 0.022500 0.012500
0 0.650000 0.566667 0.037500 0.022500
0 0.625000 0.564583 0.030000 0.020000
0 0.712500 0.561979 0.026250 0.018750
0 0.573828 0.558333 0.010312 0.012500
0 0.597656 0.566146 0.037500 0.043750
0 0.480859 0.579688 0.047812 0.078750
0 0.561719 0.547396 0.015000 0.013750
0 0.464062 0.554167 0.011250 0.030000
0 0.631250 0.548438 0.035625 0.021250
0 0.651172 0.542188 0.014063 0.008750
0 0.576562 0.541146 0.020625 0.018750
0 0.689844 0.547917 0.065625 0.042500
0 0.761328 0.548958 0.030937 0.047500
0 0.741016 0.541667 0.036562 0.032500
0 0.541406 0.538021 0.028125 0.026250
0 0.729688 0.533854 0.031875 0.023750
0 0.429297 0.545833 0.047812 0.055000
0 0.491016 0.534375 0.051562 0.030000
0 0.596484 0.534375 0.027187 0.032500
0 0.464062 0.526042 0.016875 0.025000
0 0.610156 0.521354 0.007500 0.016250
0 0.718750 0.521875 0.024375 0.020000
0 0.644531 0.519792 0.024375 0.020000
0 0.576562 0.517708 0.033750 0.017500
0 0.739844 0.515104 0.020625 0.018750
0 0.691797 0.517188 0.021562 0.023750
0 0.662109 0.518229 0.019688 0.026250
0 0.508594 0.517708 0.043125 0.027500
0 0.446875 0.515104 0.020625 0.026250
0 0.342187 0.520312 0.022500 0.038750
0 0.358594 0.518750 0.016875 0.042500
0 0.279687 0.518229 0.022500 0.041250
0 0.775781 0.513542 0.013125 0.037500
0 0.676172 0.502604 0.017813 0.013750
0 0.542188 0.504167 0.028125 0.020000
0 0.651172 0.497917 0.015938 0.017500
0 0.755078 0.502604 0.027187 0.031250
0 0.587500 0.503646 0.082500 0.038750
0 0.405078 0.497396 0.059062 0.028750
0 0.688672 0.486979 0.014063 0.011250
0 0.469141 0.503125 0.045937 0.052500
0 0.764844 0.490625 0.016875 0.025000
0 0.428125 0.499479 0.037500 0.048750
0 0.528516 0.484375 0.023438 0.015000
0 0.810547 0.492708 0.023438 0.040000
0 0.608594 0.482292 0.016875 0.017500
0 0.508984 0.490104 0.049687 0.041250
0 0.545312 0.481771 0.009375 0.026250
0 0.728516 0.489583 0.047812 0.050000
0 0.666406 0.475521 0.031875 0.031250
0 0.424609 0.468750 0.017813 0.015000
0 0.699219 0.470833 0.016875 0.025000
0 0.461328 0.475521 0.044062 0.041250
0 0.624609 0.473438 0.025312 0.043750
0 0.441016 0.459896 0.014063 0.011250
0 0.542969 0.460938 0.018750 0.016250
0 0.407031 0.469271 0.015000 0.036250
0 0.467187 0.458854 0.016875 0.018750
0 0.423828 0.452604 0.025312 0.018750
0 0.503125 0.456771 0.022500 0.031250
0 0.719531 0.455729 0.039375 0.033750
0 0.583594 0.464062 0.065625 0.061250
0 0.562891 0.451562 0.032813 0.031250
0 0.762500 0.464583 0.037500 0.065000
0 0.619141 0.444271 0.021562 0.021250
0 0.540625 0.440104 0.013125 0.011250
0 0.485547 0.446354 0.023438 0.026250
0 0.646094 0.448958 0.035625 0.037500
0 0.689063 0.438021 0.028125 0.016250
0 0.710156 0.435417 0.022500 0.025000
0 0.665234 0.428646 0.014063 0.021250
0 0.466406 0.436979 0.046875 0.043750
0 0.411328 0.431771 0.017813 0.031250
0 0.497656 0.431250 0.028125 0.035000
0 0.432422 0.429167 0.025312 0.032500
0 0.635156 0.426563 0.026250 0.028750
0 0.516016 0.426563 0.017813 0.031250
0 0.757031 0.426563 0.024375 0.036250
0 0.599609 0.427604 0.025312 0.038750
0 0.453906 0.413542 0.011250 0.015000
0 0.675781 0.413021 0.020625 0.021250
0 0.701953 0.413021 0.019688 0.023750
0 0.494922 0.410417 0.030937 0.020000
0 0.341406 0.410417 0.030000 0.025000
0 0.725781 0.404167 0.026250 0.025000
0 0.452344 0.396354 0.020625 0.018750
0 0.695312 0.395313 0.022500 0.021250
0 0.627734 0.391667 0.017813 0.012500
0 0.498437 0.400000 0.052500 0.037500
0 0.746484 0.407813 0.032813 0.058750
0 0.645703 0.396354 0.044062 0.038750
0 0.468750 0.389583 0.015000 0.025000
0 0.650781 0.380208 0.015000 0.015000
0 0.535156 0.390104 0.041250 0.038750
0 0.707422 0.378125 0.014063 0.012500
0 0.572656 0.393750 0.037500 0.057500
0 0.405078 0.376042 0.014063 0.015000
0 0.600781 0.391667 0.030000 0.055000
0 0.532813 0.374479 0.018750 0.013750
0 0.676172 0.379167 0.021562 0.030000
0 0.691016 0.373958 0.012188 0.020000
0 0.581250 0.371354 0.011250 0.016250
0 0.599219 0.374479 0.011250 0.026250
0 0.611328 0.369792 0.012188 0.017500
0 0.513281 0.372396 0.030000 0.023750
0 0.634766 0.364063 0.017813 0.011250
0 0.458203 0.370833 0.030937 0.027500
0 0.738672 0.370312 0.023438 0.028750
0 0.413672 0.398438 0.075938 0.098750
0 0.665625 0.360417 0.056250 0.027500
0 0.486719 0.357292 0.031875 0.025000
0 0.508203 0.351562 0.014063 0.016250
0 0.398047 0.363542 0.038437 0.045000
0 0.617188 0.352083 0.035625 0.025000
0 0.705469 0.352083 0.022500 0.030000
0 0.428516 0.348438 0.032813 0.031250
0 0.395703 0.341667 0.010312 0.015000
0 0.725781 0.358854 0.020625 0.066250
0 0.267578 0.341146 0.027187 0.023750
0 0.538281 0.343229 0.041250 0.031250
0 0.462500 0.343750 0.020625 0.032500
0 0.649609 0.336979 0.025312 0.018750
0 0.477344 0.335938 0.028125 0.016250
0 0.445703 0.332292 0.014063 0.015000
0 0.413672 0.331250 0.034687 0.017500
0 0.523828 0.326562 0.017813 0.013750
0 0.655469 0.325000 0.018750 0.015000
0 0.699219 0.331250 0.048750 0.035000
0 0.587500 0.319792 0.005625 0.022500
0 0.453516 0.317708 0.019688 0.022500
0 0.555078 0.317708 0.042188 0.025000
0 0.593359 0.304688 0.023438 0.016250
0 0.576172 0.301563 0.015938 0.008750
0 0.642578 0.308854 0.045937 0.031250
0 0.355469 0.309896 0.020625 0.038750
0 0.456641 0.298958 0.014063 0.015000
0 0.473828 0.308333 0.030937 0.042500
0 0.501563 0.289062 0.009375 0.011250
0 0.675781 0.307812 0.031875 0.058750
0 0.616406 0.301563 0.030000 0.046250
0 0.413281 0.304688 0.065625 0.056250
0 0.399219 0.286458 0.011250 0.012500
0 0.417969 0.282813 0.015000 0.018750
0 0.715234 0.295312 0.057188 0.051250
0 0.454297 0.278125 0.027187 0.012500
0 0.470313 0.283333 0.016875 0.027500
0 0.574609 0.277083 0.017813 0.015000
0 0.411328 0.275521 0.014063 0.018750
0 0.521094 0.283854 0.088125 0.048750
0 0.705078 0.276042 0.019688 0.032500
0 0.652734 0.272917 0.017813 0.025000
0 0.558203 0.266667 0.015938 0.017500
0 0.387109 0.270313 0.023438 0.031250
0 0.589453 0.264583 0.015938 0.020000
0 0.623828 0.270313 0.057188 0.046250
0 0.495703 0.253646 0.015938 0.016250
0 0.418359 0.249479 0.019688 0.011250
0 0.523438 0.250000 0.052500 0.027500
0 0.703906 0.248438 0.028125 0.031250
0 0.562500 0.246354 0.035625 0.026250
0 0.476562 0.248958 0.037500 0.045000
0 0.627344 0.241667 0.050625 0.032500
0 0.599219 0.234896 0.022500 0.021250
0 0.444922 0.238021 0.021562 0.028750
0 0.618750 0.229167 0.020625 0.012500
0 0.584375 0.228125 0.015000 0.017500
0 0.469141 0.223958 0.021562 0.015000
0 0.658203 0.235937 0.029062 0.061250
0 0.419531 0.220312 0.026250 0.026250
0 0.514453 0.213021 0.008437 0.013750
0 0.529297 0.206771 0.023438 0.026250
0 0.489844 0.207292 0.028125 0.027500
0 0.614453 0.203646 0.030937 0.033750
0 0.637891 0.202083 0.019688 0.037500
0 0.555469 0.213021 0.069375 0.071250
0 0.597656 0.191667 0.024375 0.025000
0 0.551562 0.182292 0.024375 0.020000
0 0.681641 0.173437 0.021562 0.066250
0 0.644922 0.153646 0.015938 0.036250
