0 0.193125 0.909531 0.386250 0.180938
0 0.348958 0.712109 0.035000 0.030937
0 0.404167 0.707031 0.047500 0.056250
0 0.281771 0.657813 0.023750 0.013125
0 0.394271 0.655078 0.023750 0.025312
0 0.337500 0.646484 0.007500 0.015938
0 0.245833 0.647656 0.030000 0.037500
0 0.530729 0.632031 0.013750 0.009375
0 0.298438 0.637500 0.021250 0.030000
0 0.225521 0.627734 0.018750 0.019688
0 0.476562 0.638281 0.058750 0.050625
0 0.219271 0.614453 0.023750 0.014063
0 0.369271 0.643359 0.093750 0.089063
0 0.419792 0.627734 0.042500 0.053437
0 0.383854 0.616016 0.021250 0.030937
0 0.523958 0.618750 0.050000 0.041250
0 0.196875 0.607031 0.012500 0.013125
0 0.491667 0.604688 0.030000 0.022500
0 0.210417 0.598828 0.017500 0.021562
0 0.184896 0.605859 0.036250 0.044062
0 0.527604 0.592187 0.011250 0.015000
0 0.397396 0.588672 0.021250 0.015938
0 0.511979 0.589063 0.023750 0.022500
0 0.463542 0.591406 0.042500 0.046875
0 0.430729 0.577344 0.068750 0.022500
0 0.368229 0.590234 0.098750 0.068437
0 0.181250 0.574609 0.050000 0.038437
0 0.467187 0.564063 0.011250 0.018750
0 0.102083 0.566406 0.050000 0.043125
0 0.233854 0.567969 0.088750 0.060000
0 0.245312 0.546875 0.011250 0.011250
0 0.393229 0.548828 0.018750 0.021562
0 0.132292 0.549609 0.017500 0.030937
0 0.158333 0.568750 0.045000 0.078750
0 0.413542 0.541016 0.025000 0.032813
0 0.236458 0.534375 0.010000 0.016875
0 0.461458 0.545703 0.050000 0.045937
0 0.130208 0.526953 0.037500 0.019688
0 0.437500 0.532031 0.037500 0.037500
0 0.145833 0.519531 0.015000 0.011250
0 0.089583 0.523438 0.045000 0.020625
0 0.655208 0.512500 0.012500 0.009375
0 0.450521 0.518359 0.023750 0.027187
0 0.420312 0.508594 0.018750 0.016875
0 0.339062 0.509375 0.026250 0.020625
0 0.258854 0.513281 0.036250 0.035625
0 0.657292 0.501172 0.012500 0.008437
0 0.157292 0.510156 0.060000 0.050625
0 0.403646 0.523828 0.076250 0.085312
0 0.403125 0.492188 0.042500 0.024375
0 0.206250 0.503125 0.097500 0.052500
0 0.283854 0.488672 0.016250 0.019688
0 0.347396 0.489063 0.013750 0.022500
0 0.122917 0.499219 0.032500 0.046875
0 0.712500 0.491797 0.032500 0.030937
0 0.148438 0.485156 0.018750 0.018750
0 0.361458 0.480469 0.020000 0.013125
0 0.620000 0.684531 0.760000 0.630938
0 0.074479 0.480859 0.036250 0.029062
0 0.318229 0.569141 0.211250 0.246562
0 0.419271 0.469922 0.028750 0.023438
0 0.179688 0.471094 0.026250 0.028125
0 0.235937 0.467578 0.023750 0.025312
0 0.291146 0.467578 0.033750 0.029062
0 0.686458 0.458203 0.017500 0.008437
0 0.378125 0.462109 0.045000 0.025312
0 0.428125 0.453906 0.020000 0.016875
0 0.175000 0.450391 0.020000 0.021562
0 0.326562 0.458203 0.041250 0.055313
0 0.154688 0.454688 0.036250 0.048750
0 0.447396 0.435156 0.026250 0.030000
0 0.357812 0.466797 0.086250 0.105937
0 0.526563 0.427344 0.013750 0.016875
0 0.353125 0.427344 0.020000 0.022500
0 0.479687 0.429688 0.043750 0.041250
0 0.543750 0.425000 0.025000 0.043125
0 0.702604 0.417969 0.033750 0.028125
0 0.341146 0.420312 0.023750 0.033750
0 0.453646 0.413281 0.036250 0.022500
0 0.516146 0.412109 0.016250 0.021562
0 0.376042 0.410547 0.050000 0.023438
0 0.251042 0.416797 0.020000 0.038437
0 0.244271 0.478516 0.131250 0.188437
0 0.680729 0.400391 0.038750 0.021562
0 0.184896 0.412500 0.056250 0.050625
0 0.319271 0.398438 0.011250 0.018750
0 0.314063 0.416406 0.043750 0.071250
0 0.115625 0.394922 0.037500 0.019688
0 0.401042 0.394531 0.020000 0.022500
0 0.537500 0.396484 0.032500 0.032813
0 0.254688 0.380859 0.031250 0.014063
0 0.469792 0.387891 0.035000 0.032813
0 0.721875 0.381641 0.042500 0.021562
0 0.806250 0.377344 0.030000 0.028125
0 0.361979 0.384375 0.048750 0.045000
0 0.302083 0.380859 0.080000 0.038437
0 0.338542 0.370703 0.032500 0.015938
0 0.765625 0.370312 0.045000 0.016875
0 0.492188 0.368359 0.011250 0.014063
0 0.275521 0.369141 0.033750 0.015938
0 0.220833 0.427734 0.107500 0.160312
0 0.684896 0.357031 0.033750 0.022500
0 0.257812 0.353906 0.016250 0.016875
0 0.640625 0.367188 0.060000 0.050625
0 0.231250 0.353906 0.037500 0.018750
0 0.620833 0.340234 0.012500 0.015938
0 0.657813 0.344922 0.036250 0.029062
0 0.299479 0.348828 0.056250 0.038437
0 0.339583 0.346094 0.040000 0.048750
0 0.772917 0.332422 0.032500 0.017813
0 0.294792 0.329688 0.070000 0.045000
0 0.207813 0.320703 0.036250 0.030937
0 0.188021 0.313672 0.043750 0.027187
0 0.479687 0.310937 0.031250 0.022500
0 0.646875 0.303516 0.025000 0.014063
0 0.534896 0.303516 0.033750 0.025312
0 0.334375 0.308984 0.032500 0.038437
0 0.352083 0.291016 0.032500 0.021562
0 0.110417 0.292969 0.040000 0.030000
0 0.654687 0.285938 0.026250 0.026250
0 0.397917 0.283203 0.025000 0.030937
0 0.447396 0.352344 0.248750 0.206250
0 0.494271 0.271484 0.026250 0.025312
0 0.675000 0.271875 0.032500 0.028125
0 0.465104 0.278906 0.031250 0.048750
0 0.622917 0.260547 0.025000 0.006563
0 0.568229 0.423438 0.318750 0.403125
0 0.393229 0.262109 0.018750 0.017813
0 0.248438 0.262891 0.043750 0.021562
0 0.444271 0.253516 0.033750 0.014063
0 0.425000 0.256641 0.017500 0.021562
0 0.479687 0.249609 0.043750 0.023438
0 0.540625 0.258594 0.030000 0.046875
0 0.355208 0.269531 0.065000 0.073125
0 0.415104 0.243359 0.031250 0.030937
0 0.513021 0.256641 0.038750 0.074063
0 0.254167 0.228516 0.042500 0.029062
0 0.571354 0.260156 0.178750 0.110625
0 0.582292 0.219922 0.045000 0.019688
0 0.971875 0.021094 0.056250 0.042188
0 0.193750 0.160312 0.387500 0.320625
