0 0.361875 0.842215 0.022500 0.016986
0 0.400313 0.841382 0.014250 0.022981
0 0.375000 0.820566 0.013500 0.024979
0 0.468750 0.798918 0.024000 0.016986
0 0.378125 0.791840 0.021000 0.019983
0 0.480625 0.783514 0.015000 0.017985
0 0.506250 0.785179 0.018000 0.023980
0 0.446875 0.773522 0.015000 0.011990
0 0.434375 0.774771 0.019500 0.014988
0 0.228375 0.860616 0.456750 0.278768
0 0.393125 0.773938 0.034500 0.022981
0 0.488125 0.771024 0.009000 0.019983
0 0.461562 0.770192 0.011250 0.023980
0 0.416875 0.769359 0.018000 0.023980
0 0.452813 0.763530 0.006750 0.017985
0 0.468750 0.755620 0.007500 0.014988
0 0.366875 0.759784 0.057000 0.038968
0 0.398750 0.753122 0.016500 0.032973
0 0.411250 0.749376 0.010500 0.025978
0 0.301875 0.746461 0.022500 0.018984
0 0.330000 0.742714 0.010500 0.011990
0 0.436563 0.751041 0.029250 0.037968
0 0.515000 0.753122 0.051000 0.052956
0 0.453750 0.733972 0.012000 0.006994
0 0.490625 0.733555 0.013500 0.007993
0 0.390625 0.735637 0.013500 0.014988
0 0.476250 0.751041 0.022500 0.055953
0 0.516250 0.733972 0.016500 0.018984
0 0.461562 0.739800 0.020250 0.036969
0 0.375625 0.729392 0.016500 0.019983
0 0.397188 0.726062 0.006750 0.013988
0 0.357187 0.725229 0.021750 0.011990
0 0.505000 0.725229 0.019500 0.013988
0 0.426875 0.725229 0.009000 0.013988
0 0.344375 0.721898 0.016500 0.007993
0 0.322188 0.729808 0.014250 0.026978
0 0.499688 0.721066 0.014250 0.011990
0 0.333125 0.723564 0.007500 0.025978
0 0.518437 0.717735 0.008250 0.013988
0 0.448125 0.721066 0.019500 0.027977
0 0.416875 0.713572 0.016500 0.013988
0 0.528750 0.716486 0.019500 0.024979
0 0.392813 0.716903 0.009750 0.025978
0 0.490000 0.709825 0.012000 0.020983
0 0.322813 0.708576 0.008250 0.019983
0 0.358125 0.708160 0.018000 0.020983
0 0.461875 0.703997 0.012000 0.016986
0 0.333750 0.704829 0.016500 0.018984
0 0.308125 0.705662 0.025500 0.022981
0 0.345625 0.705246 0.009000 0.023980
0 0.410000 0.701915 0.028500 0.023980
0 0.381250 0.704829 0.025500 0.040966
0 0.486875 0.692340 0.013500 0.016986
0 0.340313 0.688593 0.009750 0.015987
0 0.530000 0.691091 0.016500 0.027977
0 0.313750 0.691091 0.015000 0.029975
0 0.299687 0.684846 0.023250 0.016986
0 0.420938 0.683181 0.017250 0.018984
0 0.357187 0.677352 0.006750 0.014988
0 0.484687 0.676103 0.011250 0.015987
0 0.459062 0.696919 0.054750 0.067943
0 0.412187 0.678601 0.015750 0.023980
0 0.343750 0.676103 0.010500 0.017985
0 0.305625 0.674438 0.013500 0.013988
0 0.367812 0.685679 0.017250 0.044963
0 0.432500 0.682348 0.021000 0.040966
0 0.329688 0.679850 0.017250 0.040966
0 0.393750 0.670275 0.010500 0.019983
0 0.381875 0.669858 0.012000 0.024979
0 0.290938 0.665279 0.023250 0.021982
0 0.325937 0.664030 0.009750 0.022981
0 0.434375 0.657785 0.013500 0.011990
0 0.535312 0.662781 0.017250 0.025978
0 0.348750 0.657785 0.013500 0.015987
0 0.411562 0.657785 0.011250 0.017985
0 0.374063 0.656953 0.015750 0.019983
0 0.360625 0.658201 0.012000 0.022981
0 0.305937 0.657369 0.009750 0.022981
0 0.455313 0.659034 0.021750 0.028976
0 0.338125 0.654038 0.012000 0.018984
0 0.526250 0.652789 0.007500 0.019983
0 0.321562 0.648626 0.009750 0.013988
0 0.422812 0.652373 0.008250 0.026978
0 0.288438 0.647377 0.029250 0.016986
0 0.477812 0.652789 0.014250 0.031973
0 0.502188 0.674438 0.053250 0.087927
0 0.405938 0.642798 0.011250 0.013988
0 0.435000 0.642798 0.009000 0.015987
0 0.462187 0.639051 0.015750 0.010991
0 0.445937 0.636969 0.011250 0.011990
0 0.487812 0.639051 0.018750 0.022981
0 0.315625 0.634471 0.019500 0.011990
0 0.546562 0.644463 0.035250 0.043963
0 0.331875 0.634471 0.013500 0.019983
0 0.344375 0.633222 0.010500 0.018984
0 0.389688 0.636137 0.026250 0.027977
0 0.485000 0.626145 0.009000 0.017985
0 0.310937 0.621982 0.006750 0.015987
0 0.430000 0.619067 0.018000 0.010991
0 0.364063 0.630724 0.029250 0.040966
0 0.293438 0.616986 0.015750 0.017985
0 0.529375 0.624896 0.064500 0.048959
0 0.319688 0.614072 0.015750 0.024979
0 0.461562 0.616153 0.044250 0.037968
0 0.418438 0.619484 0.038250 0.045962
0 0.340625 0.610325 0.034500 0.027977
0 0.487812 0.606578 0.011250 0.020983
0 0.527188 0.609492 0.015750 0.029975
0 0.501250 0.611574 0.019500 0.040966
0 0.308437 0.603664 0.021750 0.025978
0 0.286250 0.617818 0.036000 0.061948
0 0.395625 0.606578 0.030000 0.038968
0 0.376875 0.606162 0.019500 0.039967
0 0.537813 0.598251 0.011250 0.024979
0 0.345313 0.596170 0.015750 0.019983
0 0.466562 0.589092 0.009750 0.014988
0 0.323750 0.590341 0.009000 0.023980
0 0.525625 0.586178 0.012000 0.015987
0 0.405625 0.588260 0.016500 0.020983
0 0.262500 0.594505 0.042000 0.039967
0 0.332188 0.582015 0.009750 0.011990
0 0.419375 0.586178 0.012000 0.023980
0 0.294375 0.582848 0.015000 0.017985
0 0.346562 0.579517 0.011250 0.017985
0 0.314688 0.577435 0.015750 0.020983
0 0.260625 0.577019 0.016500 0.019983
0 0.361875 0.580350 0.019500 0.029975
0 0.448750 0.587427 0.054000 0.052956
0 0.355312 0.570358 0.012750 0.011990
0 0.445937 0.572023 0.008250 0.019983
0 0.479063 0.585346 0.032250 0.053955
0 0.340625 0.563697 0.013500 0.011990
0 0.284687 0.567444 0.026250 0.020983
0 0.430625 0.567444 0.009000 0.026978
0 0.474375 0.557036 0.025500 0.013988
0 0.441563 0.556619 0.014250 0.014988
0 0.490938 0.557452 0.014250 0.018984
0 0.250625 0.561199 0.018000 0.027977
0 0.348750 0.552873 0.016500 0.009992
0 0.421875 0.552040 0.012000 0.009992
0 0.382188 0.569525 0.023250 0.059950
0 0.510000 0.565362 0.028500 0.057952
0 0.309063 0.560783 0.015750 0.046961
0 0.460625 0.544963 0.021000 0.012989
0 0.284687 0.544546 0.015750 0.011990
0 0.595625 0.545795 0.024000 0.020983
0 0.569375 0.549126 0.015000 0.028976
0 0.437500 0.543714 0.033000 0.027977
0 0.314688 0.539134 0.030750 0.018984
0 0.365312 0.537885 0.038250 0.023980
0 0.360312 0.530391 0.014250 0.009992
0 0.339687 0.542465 0.030750 0.038968
0 0.399062 0.547460 0.042750 0.054954
0 0.270625 0.534555 0.018000 0.023980
0 0.390313 0.528310 0.012750 0.010991
0 0.273125 0.525396 0.012000 0.007993
0 0.483438 0.518318 0.012750 0.010991
0 0.449688 0.522481 0.036750 0.022981
0 0.402187 0.516653 0.009750 0.014988
0 0.393750 0.515404 0.009000 0.013988
0 0.426250 0.522065 0.021000 0.031973
0 0.261562 0.515404 0.014250 0.015987
0 0.233750 0.513322 0.018000 0.016986
0 0.498437 0.525812 0.041250 0.052956
0 0.289687 0.508743 0.020250 0.015987
0 0.445625 0.504580 0.009000 0.007993
0 0.495937 0.510824 0.011250 0.024979
0 0.330625 0.517485 0.025500 0.044963
0 0.532813 0.502082 0.008250 0.011990
0 0.473125 0.523314 0.021000 0.062948
0 0.411562 0.502082 0.015750 0.017985
0 0.370625 0.511241 0.024000 0.039967
0 0.420000 0.507910 0.027000 0.037968
0 0.460000 0.502082 0.016500 0.027977
0 0.438125 0.494172 0.013500 0.010991
0 0.223125 0.497502 0.022500 0.018984
0 0.543125 0.501665 0.022500 0.036969
0 0.390937 0.495837 0.011250 0.022981
0 0.260625 0.495420 0.016500 0.025978
0 0.474687 0.488343 0.020250 0.010991
0 0.287813 0.492923 0.026250 0.027977
0 0.281562 0.480849 0.011250 0.006994
0 0.425312 0.482931 0.021750 0.013988
0 0.272500 0.484596 0.009000 0.027977
0 0.339062 0.484596 0.012750 0.029975
0 0.463750 0.478351 0.012000 0.016986
0 0.379375 0.474188 0.016500 0.014988
0 0.484063 0.476270 0.014250 0.021982
0 0.297500 0.472939 0.019500 0.013988
0 0.354063 0.492923 0.035250 0.063947
0 0.397500 0.475437 0.019500 0.023980
0 0.237500 0.472939 0.016500 0.023980
0 0.443125 0.472107 0.031500 0.031973
0 0.277187 0.463364 0.015750 0.018984
0 0.381563 0.456703 0.014250 0.008993
0 0.472813 0.460033 0.021750 0.022981
0 0.455625 0.455037 0.007500 0.012989
0 0.577187 0.458784 0.018750 0.025978
0 0.432188 0.453789 0.024750 0.013988
0 0.395000 0.455454 0.016500 0.019983
0 0.360938 0.455454 0.035250 0.023980
0 0.407187 0.470858 0.026250 0.070941
0 0.414687 0.447544 0.008250 0.022981
0 0.318125 0.487510 0.078000 0.118901
0 0.356250 0.438801 0.009000 0.013988
0 0.304688 0.435054 0.011250 0.008993
0 0.386875 0.436303 0.033000 0.019983
0 0.297187 0.445462 0.035250 0.047960
0 0.503437 0.434221 0.018750 0.022981
0 0.321562 0.437136 0.027750 0.029975
0 0.453750 0.435887 0.033000 0.030974
0 0.387188 0.427560 0.017250 0.014988
0 0.362187 0.426728 0.033750 0.028976
0 0.424063 0.427144 0.035250 0.031973
0 0.438437 0.415903 0.009750 0.012989
0 0.337187 0.410908 0.017250 0.018984
0 0.355938 0.407161 0.014250 0.011990
0 0.409375 0.402165 0.009000 0.009992
0 0.390000 0.408410 0.027000 0.024979
0 0.417812 0.410908 0.050250 0.032973
0 0.374063 0.400500 0.018750 0.009992
0 0.390000 0.390092 0.022500 0.014988
0 0.452500 0.386761 0.019500 0.024979
0 0.419375 0.381349 0.015000 0.027977
0 0.381875 0.375937 0.015000 0.026978
0 0.512500 0.350125 0.018000 0.020983
0 0.565500 0.512573 1.000000 1.000000
