0 0.437891 0.991875 0.014063 0.016250
0 0.396484 0.990000 0.008437 0.020000
0 0.487500 0.987500 0.011250 0.025000
0 0.450391 0.985000 0.008437 0.030000
0 0.412109 0.983333 0.025312 0.032500
0 0.387891 0.981875 0.012188 0.036250
0 0.424219 0.975521 0.011250 0.026250
0 0.468359 0.975625 0.032813 0.048750
0 0.510547 0.969792 0.032813 0.037500
0 0.545312 0.965104 0.028125 0.038750
0 0.484375 0.940104 0.015000 0.016250
0 0.566016 0.942708 0.021562 0.027500
0 0.437109 0.946354 0.036562 0.048750
0 0.618359 0.938021 0.027187 0.033750
0 0.378516 0.931250 0.012188 0.037500
0 0.369922 0.947396 0.032813 0.081250
0 0.577344 0.918750 0.015000 0.017500
0 0.462500 0.921354 0.033750 0.036250
0 0.588281 0.918750 0.016875 0.040000
0 0.405469 0.930208 0.041250 0.072500
0 0.507812 0.932813 0.060000 0.088750
0 0.618750 0.897396 0.020625 0.013750
0 0.389453 0.897917 0.017813 0.017500
0 0.440234 0.898438 0.015938 0.021250
0 0.375000 0.896875 0.018750 0.032500
0 0.557422 0.907813 0.038437 0.063750
0 0.475000 0.899479 0.022500 0.043750
0 0.321484 0.916146 0.029062 0.088750
0 0.599219 0.885938 0.045000 0.031250
0 0.457422 0.879167 0.017813 0.017500
0 0.414062 0.884896 0.035625 0.038750
0 0.407422 0.870833 0.019688 0.027500
0 0.580469 0.864583 0.028125 0.017500
0 0.540625 0.867188 0.020625 0.028750
0 0.508594 0.865625 0.013125 0.025000
0 0.559766 0.865104 0.008437 0.028750
0 0.462109 0.859375 0.014063 0.015000
0 0.625781 0.859375 0.015000 0.020000
0 0.651172 0.866146 0.023438 0.041250
0 0.532031 0.855208 0.007500 0.015000
0 0.521094 0.870833 0.026250 0.052500
0 0.600000 0.850521 0.015000 0.011250
0 0.309766 0.874479 0.059062 0.071250
0 0.617578 0.853125 0.015938 0.025000
0 0.567578 0.850521 0.010312 0.023750
0 0.442578 0.846354 0.042188 0.021250
0 0.497266 0.857292 0.060937 0.052500
0 0.550391 0.839583 0.012188 0.027500
0 0.392969 0.845313 0.026250 0.041250
0 0.416016 0.841667 0.021562 0.037500
0 0.623828 0.839063 0.044062 0.033750
0 0.371094 0.836458 0.020625 0.042500
0 0.350391 0.851562 0.032813 0.078750
0 0.596875 0.825521 0.020625 0.021250
0 0.480469 0.826562 0.056250 0.026250
0 0.533984 0.821875 0.027187 0.017500
0 0.506250 0.814583 0.015000 0.027500
0 0.325000 0.823958 0.050625 0.052500
0 0.566016 0.821875 0.027187 0.050000
0 0.379688 0.809375 0.018750 0.025000
0 0.439063 0.803125 0.022500 0.020000
0 0.417578 0.807292 0.027187 0.035000
0 0.643359 0.809375 0.017813 0.050000
0 0.466406 0.797917 0.033750 0.025000
0 0.682031 0.807813 0.020625 0.051250
0 0.618359 0.807292 0.030937 0.055000
0 0.402344 0.792188 0.016875 0.018750
0 0.588281 0.790625 0.015000 0.020000
0 0.541797 0.793750 0.015938 0.030000
0 0.553906 0.786458 0.026250 0.020000
0 0.626172 0.783854 0.027187 0.018750
0 0.417578 0.776563 0.019688 0.016250
0 0.485547 0.785417 0.059062 0.045000
0 0.391406 0.770833 0.018750 0.017500
0 0.523438 0.771354 0.015000 0.021250
0 0.375000 0.775521 0.020625 0.031250
0 0.284375 0.776042 0.024375 0.040000
0 0.600000 0.772917 0.018750 0.035000
0 0.575391 0.790104 0.032813 0.076250
0 0.318359 0.761458 0.017813 0.015000
0 0.348047 0.776563 0.045937 0.056250
0 0.308984 0.789583 0.045937 0.087500
0 0.456641 0.772396 0.075938 0.051250
0 0.631641 0.763021 0.029062 0.036250
0 0.612891 0.755729 0.015938 0.018750
0 0.587500 0.756250 0.009375 0.022500
0 0.446875 0.754167 0.011250 0.022500
0 0.771484 0.754167 0.027187 0.030000
0 0.510156 0.749479 0.013125 0.018750
0 0.348438 0.755729 0.022500 0.038750
0 0.545312 0.756250 0.033750 0.045000
0 0.428125 0.753646 0.011250 0.038750
0 0.497656 0.742188 0.018750 0.016250
0 0.522266 0.735417 0.019688 0.010000
0 0.596875 0.742708 0.022500 0.030000
0 0.549219 0.734375 0.016875 0.012500
0 0.401953 0.734896 0.010312 0.023750
0 0.328516 0.739583 0.023438 0.037500
0 0.281250 0.732812 0.016875 0.026250
0 0.628906 0.730729 0.015000 0.031250
0 0.294141 0.719271 0.019688 0.008750
0 0.645312 0.731250 0.018750 0.040000
0 0.425391 0.732812 0.034687 0.061250
0 0.578125 0.731771 0.041250 0.061250
0 0.563281 0.717187 0.016875 0.026250
0 0.380078 0.729688 0.044062 0.056250
0 0.348438 0.711979 0.020625 0.028750
0 0.324219 0.707292 0.013125 0.017500
0 0.607031 0.711979 0.026250 0.036250
0 0.276172 0.726042 0.032813 0.080000
0 0.359766 0.694271 0.015938 0.018750
0 0.264844 0.702604 0.024375 0.051250
0 0.526953 0.688021 0.012188 0.021250
0 0.618359 0.680729 0.021562 0.013750
0 0.576562 0.681771 0.011250 0.021250
0 0.313281 0.685937 0.022500 0.033750
0 0.516016 0.708854 0.094687 0.091250
0 0.390234 0.686979 0.027187 0.041250
0 0.251563 0.678125 0.018750 0.027500
0 0.275781 0.671354 0.041250 0.018750
0 0.692969 0.670312 0.030000 0.033750
0 0.602344 0.664583 0.020625 0.022500
0 0.583594 0.660937 0.009375 0.026250
0 0.487109 0.656250 0.014063 0.017500
0 0.372656 0.662500 0.024375 0.040000
0 0.527344 0.667188 0.052500 0.053750
0 0.341406 0.669271 0.045000 0.058750
0 0.440234 0.653125 0.027187 0.025000
0 0.303125 0.659375 0.041250 0.042500
0 0.637500 0.676562 0.035625 0.091250
0 0.386328 0.641146 0.015938 0.008750
0 0.623828 0.641146 0.012188 0.016250
0 0.466016 0.645833 0.029062 0.037500
0 0.323828 0.640104 0.017813 0.028750
0 0.544141 0.643229 0.023438 0.038750
0 0.564063 0.651563 0.046875 0.066250
0 0.480078 0.628646 0.030937 0.026250
0 0.355469 0.631250 0.028125 0.032500
0 0.601562 0.625000 0.043125 0.030000
0 0.500000 0.625000 0.016875 0.030000
0 0.280469 0.638021 0.076875 0.061250
0 0.562891 0.622396 0.015938 0.028750
0 0.369922 0.615104 0.032813 0.018750
0 0.525000 0.627604 0.024375 0.051250
0 0.444141 0.680208 0.113437 0.180000
0 0.398438 0.624479 0.030000 0.053750
0 0.415625 0.607812 0.016875 0.021250
0 0.209766 0.621354 0.023438 0.053750
0 0.606250 0.605729 0.018750 0.023750
0 0.334375 0.616146 0.015000 0.048750
0 0.457422 0.610938 0.021562 0.038750
0 0.481250 0.596354 0.009375 0.021250
0 0.373047 0.596354 0.014063 0.021250
0 0.297656 0.603646 0.026250 0.038750
0 0.405469 0.594271 0.007500 0.026250
0 0.568359 0.600521 0.044062 0.061250
0 0.384375 0.586979 0.007500 0.028750
0 0.437500 0.585938 0.035625 0.028750
0 0.417187 0.578646 0.022500 0.011250
0 0.281641 0.585417 0.021562 0.030000
0 0.258984 0.602083 0.045937 0.077500
0 0.346484 0.580729 0.017813 0.036250
0 0.517969 0.585417 0.052500 0.055000
0 0.316406 0.572396 0.056250 0.028750
0 0.489453 0.564583 0.015938 0.012500
0 0.464062 0.569271 0.020625 0.038750
0 0.414062 0.559375 0.007500 0.020000
0 0.378516 0.563021 0.025312 0.028750
0 0.629297 0.561979 0.049687 0.033750
0 0.448828 0.558854 0.034687 0.026250
0 0.400391 0.554167 0.015938 0.017500
0 0.296875 0.549479 0.020625 0.013750
0 0.518750 0.550000 0.045000 0.032500
0 0.421484 0.540625 0.012188 0.017500
0 0.371875 0.535937 0.015000 0.013750
0 0.280859 0.550000 0.036562 0.047500
0 0.564844 0.536979 0.015000 0.026250
0 0.446094 0.534375 0.026250 0.040000
0 0.369531 0.523958 0.013125 0.015000
0 0.308203 0.523958 0.027187 0.020000
0 0.264844 0.542188 0.043125 0.063750
0 0.484375 0.525000 0.030000 0.030000
0 0.561328 0.551562 0.113437 0.101250
0 0.339453 0.544792 0.072187 0.085000
0 0.463281 0.517708 0.015000 0.022500
0 0.671875 0.530208 0.016875 0.057500
0 0.244141 0.514583 0.006563 0.022500
0 0.687891 0.526042 0.023438 0.052500
0 0.752734 0.520833 0.021562 0.055000
0 0.450781 0.504687 0.011250 0.016250
0 0.600781 0.514583 0.045000 0.042500
0 0.571094 0.505208 0.011250 0.032500
0 0.506250 0.501042 0.045000 0.027500
0 0.252344 0.493750 0.022500 0.020000
0 0.333203 0.500521 0.019688 0.038750
0 0.480859 0.489583 0.021562 0.017500
0 0.294922 0.498437 0.075938 0.048750
0 0.593750 0.486458 0.037500 0.030000
0 0.533203 0.491667 0.019688 0.055000
0 0.426563 0.475521 0.018750 0.023750
0 0.292187 0.475521 0.030000 0.026250
0 0.366406 0.473438 0.024375 0.023750
0 0.399609 0.498958 0.102187 0.087500
0 0.349219 0.467708 0.015000 0.020000
0 0.492188 0.465104 0.009375 0.016250
0 0.516016 0.464062 0.023438 0.038750
0 0.280859 0.454167 0.019688 0.020000
0 0.536328 0.451042 0.023438 0.015000
0 0.378125 0.453125 0.016875 0.025000
0 0.587500 0.454688 0.031875 0.036250
0 0.570703 0.447396 0.010312 0.018750
0 0.480469 0.447917 0.016875 0.022500
0 0.367188 0.439063 0.013125 0.016250
0 0.392578 0.435937 0.010312 0.013750
0 0.301953 0.444792 0.038437 0.035000
0 0.407813 0.441667 0.020625 0.035000
0 0.256250 0.442188 0.031875 0.036250
0 0.481250 0.434375 0.018750 0.022500
0 0.306641 0.433333 0.010312 0.020000
0 0.459375 0.457813 0.035625 0.081250
0 0.333203 0.453646 0.040313 0.073750
0 0.338281 0.426042 0.015000 0.030000
0 0.671875 0.426563 0.024375 0.043750
0 0.444922 0.418750 0.023438 0.027500
0 0.521094 0.426563 0.048750 0.048750
0 0.406250 0.414062 0.011250 0.023750
0 0.500391 0.408854 0.038437 0.021250
0 0.435547 0.442188 0.049687 0.101250
0 0.390625 0.407292 0.024375 0.017500
0 0.580078 0.418229 0.060937 0.046250
0 0.474219 0.407813 0.018750 0.028750
0 0.537500 0.399479 0.009375 0.018750
0 0.224219 0.405729 0.030000 0.033750
0 0.305859 0.408854 0.042188 0.043750
0 0.492188 0.393750 0.020625 0.022500
0 0.188672 0.403125 0.023438 0.050000
0 0.325000 0.396875 0.016875 0.037500
0 0.584375 0.393750 0.011250 0.035000
0 0.570703 0.388542 0.019688 0.035000
0 0.389453 0.384375 0.014063 0.027500
0 0.521484 0.377604 0.023438 0.023750
0 0.495703 0.373437 0.017813 0.021250
0 0.441016 0.385417 0.064687 0.050000
0 0.358203 0.386458 0.057188 0.060000
0 0.407031 0.367708 0.015000 0.022500
0 0.588281 0.366667 0.009375 0.027500
0 0.431641 0.355729 0.014063 0.013750
0 0.684375 0.371875 0.022500 0.055000
0 0.544531 0.368750 0.015000 0.050000
0 0.332422 0.368750 0.019688 0.050000
0 0.486328 0.357812 0.012188 0.026250
0 0.450391 0.358854 0.023438 0.031250
0 0.571484 0.358854 0.053437 0.043750
0 0.373047 0.350521 0.019688 0.028750
0 0.465625 0.345833 0.016875 0.022500
0 0.392969 0.357292 0.028125 0.050000
0 0.414844 0.342708 0.018750 0.020000
0 0.353125 0.344792 0.024375 0.037500
0 0.501172 0.349479 0.029062 0.056250
0 0.383984 0.335938 0.021562 0.023750
0 0.232813 0.339583 0.030000 0.037500
0 0.482422 0.329688 0.019688 0.016250
0 0.433203 0.321875 0.012188 0.017500
0 0.546094 0.329688 0.052500 0.051250
0 0.508203 0.314063 0.030937 0.038750
0 0.385937 0.316146 0.067500 0.043750
0 0.435937 0.302604 0.016875 0.013750
0 0.421484 0.305729 0.017813 0.023750
0 0.459766 0.317708 0.044062 0.055000
0 0.350781 0.309375 0.026250 0.047500
0 0.458984 0.283854 0.023438 0.026250
0 0.430469 0.277083 0.020625 0.015000
0 0.392969 0.279167 0.024375 0.022500
0 0.408594 0.271354 0.013125 0.021250
0 0.370703 0.278646 0.021562 0.041250
0 0.485156 0.283854 0.020625 0.056250
0 0.344922 0.276562 0.027187 0.048750
0 0.421875 0.254688 0.018750 0.033750
0 0.455078 0.251042 0.051562 0.060000
0 0.402344 0.236458 0.031875 0.037500
0 0.444922 0.227083 0.029062 0.040000
0 0.504375 0.543125 1.000000 1.000000
