0 0.428393 0.915312 0.052956 0.018750
0 0.500833 0.890625 0.118901 0.042000
0 0.563281 0.869062 0.024979 0.009750
0 0.717735 0.816250 0.343714 0.118500
0 0.243297 0.816250 0.486595 0.285000
0 0.426728 0.695312 0.026978 0.026250
0 0.448793 0.687187 0.023980 0.026250
0 0.546211 0.675937 0.009992 0.011250
0 0.395920 0.674687 0.032973 0.017250
0 0.518318 0.673438 0.054954 0.021750
0 0.565362 0.671562 0.031973 0.035250
0 0.623647 0.650000 0.021982 0.013500
0 0.538718 0.657188 0.041965 0.030750
0 0.560783 0.648438 0.010991 0.018750
0 0.761449 0.641563 0.026978 0.024750
0 0.589509 0.634687 0.031973 0.024750
0 0.470858 0.638750 0.064946 0.051000
0 0.431724 0.634062 0.056953 0.059250
0 0.407577 0.624062 0.070941 0.039750
0 0.504163 0.603437 0.034971 0.018750
0 0.937552 0.666875 0.124896 0.190500
0 0.615321 0.619687 0.249792 0.087750
0 0.720649 0.584688 0.012989 0.011250
0 0.893006 0.584063 0.024979 0.026250
0 0.783930 0.576875 0.048959 0.040500
0 0.863863 0.566250 0.032973 0.018000
0 0.437968 0.560937 0.015987 0.009750
0 0.446295 0.549375 0.013988 0.007500
0 0.353455 0.557500 0.036969 0.027000
0 0.825562 0.556875 0.026978 0.027000
0 0.452956 0.541562 0.017985 0.009750
0 0.893006 0.538750 0.034971 0.018000
0 0.454205 0.530000 0.022981 0.013500
0 0.319317 0.527500 0.030974 0.021000
0 0.687344 0.522188 0.008993 0.014250
0 0.527061 0.524687 0.063947 0.032250
0 0.565779 0.508750 0.010991 0.007500
0 0.803081 0.505625 0.010991 0.013500
0 0.522481 0.505000 0.022981 0.016500
0 0.675271 0.498125 0.011990 0.009000
0 0.499584 0.501875 0.057952 0.025500
0 0.292256 0.491250 0.047960 0.030000
0 0.578684 0.476562 0.007993 0.014250
0 0.325146 0.470000 0.018984 0.007500
0 0.647794 0.460625 0.027977 0.010500
0 0.319317 0.459062 0.008993 0.012750
0 0.538718 0.455313 0.023980 0.008250
0 0.404246 0.457500 0.016986 0.013500
0 0.296420 0.456250 0.031973 0.016500
0 0.739800 0.454375 0.028976 0.013500
0 0.367194 0.452188 0.013988 0.011250
0 0.495004 0.453125 0.020983 0.021000
0 0.816819 0.436563 0.021982 0.017250
0 0.706078 0.436875 0.069942 0.028500
0 0.461282 0.418125 0.021982 0.007500
0 0.579517 0.521250 0.643464 0.261000
0 0.305579 0.420625 0.029975 0.021000
0 0.752290 0.416563 0.008993 0.012750
0 0.366361 0.426875 0.041965 0.042000
0 0.495837 0.425938 0.032973 0.041250
0 0.737719 0.406250 0.021982 0.018000
0 0.402581 0.439063 0.190841 0.096750
0 0.817652 0.407813 0.029975 0.023250
0 0.665279 0.395625 0.027977 0.012000
0 0.414654 0.397500 0.035970 0.019500
0 0.628226 0.388125 0.034971 0.015000
0 0.444213 0.400000 0.076936 0.043500
0 0.677769 0.384688 0.045962 0.018750
0 0.746045 0.400625 0.143880 0.063000
0 0.590341 0.374375 0.033972 0.009000
0 0.763947 0.374688 0.036969 0.015750
0 0.728560 0.373750 0.031973 0.021000
0 0.696503 0.369063 0.034971 0.020250
0 0.368859 0.369063 0.027977 0.020250
0 0.655704 0.354687 0.024979 0.006750
0 0.564113 0.400938 0.260783 0.137250
0 0.576187 0.350000 0.031973 0.015000
0 0.266445 0.351250 0.023980 0.019500
0 0.640716 0.345000 0.042964 0.021000
0 0.460866 0.338438 0.028976 0.021750
0 0.614072 0.338125 0.022981 0.028500
0 0.449625 0.330625 0.033972 0.018000
0 0.515404 0.310312 0.033972 0.017250
0 0.404246 0.292500 0.032973 0.021000
0 0.512073 0.280625 0.023980 0.027000
0 0.375937 0.228125 0.010991 0.012000
0 0.600000 0.301563 1.000000 0.570750
