0 0.439844 0.995625 0.011250 0.008750
0 0.082031 0.995625 0.016875 0.008750
0 0.872266 0.993125 0.012188 0.013750
0 0.725000 0.993125 0.020625 0.013750
0 0.537109 0.992500 0.027187 0.015000
0 0.864844 0.991875 0.009375 0.016250
0 0.993906 0.991250 0.012188 0.017500
0 0.457422 0.991250 0.012188 0.017500
0 0.396484 0.991250 0.021562 0.017500
0 0.053125 0.991250 0.011250 0.017500
0 0.651953 0.990625 0.029062 0.018750
0 0.628906 0.990625 0.015000 0.018750
0 0.612891 0.990625 0.015938 0.017500
0 0.595703 0.986979 0.014063 0.011250
0 0.273438 0.989375 0.020625 0.021250
0 0.848437 0.988750 0.016875 0.022500
0 0.494922 0.988750 0.015938 0.022500
0 0.382422 0.988125 0.008437 0.023750
0 0.887891 0.987500 0.023438 0.025000
0 0.523047 0.988542 0.006563 0.022500
0 0.816406 0.982812 0.013125 0.016250
0 0.744531 0.985625 0.030000 0.028750
0 0.982187 0.985938 0.035625 0.026250
0 0.781641 0.977604 0.010312 0.008750
0 0.682031 0.984375 0.016875 0.031250
0 0.673047 0.983854 0.012188 0.023750
0 0.078125 0.982292 0.013125 0.020000
0 0.714453 0.980208 0.014063 0.017500
0 0.701953 0.983125 0.025312 0.033750
0 0.112891 0.983125 0.030937 0.033750
0 0.479297 0.982500 0.015938 0.035000
0 0.408203 0.982500 0.017813 0.035000
0 0.912891 0.981771 0.059062 0.031250
0 0.828906 0.975000 0.009375 0.015000
0 0.627344 0.976562 0.039375 0.018750
0 0.431250 0.981250 0.037500 0.030000
0 0.589453 0.974479 0.010312 0.016250
0 0.553906 0.979167 0.020625 0.027500
0 0.086719 0.980000 0.031875 0.040000
0 0.748047 0.979167 0.023438 0.032500
0 0.460547 0.972917 0.010312 0.017500
0 0.764844 0.978125 0.030000 0.043750
0 0.392578 0.977604 0.030937 0.033750
0 0.731641 0.967708 0.015938 0.015000
0 0.144141 0.967708 0.010312 0.015000
0 0.202344 0.976042 0.015000 0.037500
0 0.357422 0.975625 0.044062 0.048750
0 0.271484 0.970833 0.008437 0.027500
0 0.371875 0.967708 0.011250 0.022500
0 0.682031 0.968750 0.015000 0.027500
0 0.294922 0.974375 0.045937 0.051250
0 0.910547 0.961458 0.019688 0.012500
0 0.318750 0.973750 0.061875 0.052500
0 0.319922 0.966667 0.010312 0.025000
0 0.971484 0.967708 0.034687 0.030000
0 0.807422 0.970313 0.017813 0.036250
0 0.718750 0.962500 0.015000 0.020000
0 0.585938 0.958854 0.015000 0.013750
0 0.250391 0.971875 0.032813 0.056250
0 0.042656 0.971875 0.085312 0.056250
0 0.055469 0.960938 0.020625 0.021250
0 0.659766 0.966667 0.021562 0.040000
0 0.437109 0.958333 0.008437 0.020000
0 0.746094 0.956250 0.022500 0.017500
0 0.574609 0.969375 0.034687 0.061250
0 0.410156 0.960417 0.009375 0.030000
0 0.278125 0.959375 0.016875 0.027500
0 0.881250 0.955208 0.013125 0.020000
0 0.351562 0.952604 0.018750 0.016250
0 0.114062 0.962500 0.039375 0.040000
0 0.829297 0.949479 0.014063 0.011250
0 0.626953 0.951562 0.014063 0.016250
0 0.451562 0.950521 0.015000 0.013750
0 0.822656 0.957292 0.030000 0.032500
0 0.392969 0.954688 0.035625 0.026250
0 0.198437 0.951042 0.011250 0.017500
0 0.764453 0.952604 0.029062 0.023750
0 0.587891 0.948438 0.010312 0.016250
0 0.129688 0.965000 0.022500 0.070000
0 0.893750 0.955208 0.018750 0.035000
0 0.325391 0.946354 0.010312 0.018750
0 0.742969 0.942187 0.013125 0.011250
0 0.694922 0.953125 0.014063 0.037500
0 0.708594 0.952604 0.020625 0.038750
0 0.511328 0.961250 0.029062 0.077500
0 0.471094 0.956771 0.028125 0.051250
0 0.425000 0.947917 0.020625 0.030000
0 0.144531 0.944271 0.013125 0.021250
0 0.907813 0.945833 0.015000 0.032500
0 0.864844 0.959375 0.022500 0.065000
0 0.609766 0.938021 0.015938 0.013750
0 0.500000 0.951042 0.018750 0.045000
0 0.200000 0.935937 0.013125 0.008750
0 0.718750 0.940625 0.011250 0.022500
0 0.919922 0.935417 0.017813 0.015000
0 0.621875 0.935937 0.007500 0.018750
0 0.477344 0.932292 0.013125 0.012500
0 0.364844 0.944792 0.020625 0.042500
0 0.837109 0.955625 0.042188 0.088750
0 0.582422 0.933333 0.019688 0.017500
0 0.532813 0.951042 0.063750 0.060000
0 0.483203 0.938021 0.019688 0.028750
0 0.411719 0.932292 0.020625 0.015000
0 0.223828 0.955625 0.042188 0.088750
0 0.380469 0.935937 0.022500 0.026250
0 0.339453 0.938542 0.030937 0.032500
0 0.042188 0.935937 0.011250 0.026250
0 0.942969 0.928125 0.015000 0.012500
0 0.031250 0.934375 0.009375 0.027500
0 0.984062 0.947917 0.031875 0.062500
0 0.131641 0.930208 0.014063 0.025000
0 0.873437 0.933333 0.028125 0.035000
0 0.726562 0.933333 0.016875 0.035000
0 0.114453 0.935937 0.025312 0.041250
0 0.774219 0.942187 0.037500 0.058750
0 0.758984 0.921875 0.012188 0.012500
0 0.169922 0.950000 0.068437 0.100000
0 0.067187 0.935937 0.024375 0.046250
0 0.099219 0.925521 0.011250 0.023750
0 0.945312 0.948750 0.065625 0.102500
0 0.507031 0.919792 0.015000 0.012500
0 0.437109 0.929688 0.021562 0.038750
0 0.360156 0.921354 0.018750 0.018750
0 0.025781 0.938021 0.051562 0.058750
0 0.063281 0.929167 0.013125 0.040000
0 0.748437 0.923958 0.018750 0.030000
0 0.280469 0.918750 0.015000 0.017500
0 0.897266 0.920833 0.014063 0.025000
0 0.943359 0.916667 0.010312 0.017500
0 0.487891 0.919792 0.025312 0.025000
0 0.050391 0.923438 0.017813 0.033750
0 0.848047 0.915104 0.023438 0.021250
0 0.724219 0.909896 0.009375 0.013750
0 0.714844 0.911458 0.009375 0.017500
0 0.650391 0.911979 0.014063 0.018750
0 0.197266 0.911979 0.014063 0.018750
0 0.981250 0.915104 0.018750 0.028750
0 0.993750 0.911458 0.009375 0.022500
0 0.912109 0.914062 0.025312 0.028750
0 0.616016 0.916667 0.034687 0.035000
0 0.577344 0.915104 0.018750 0.031250
0 0.451953 0.917708 0.049687 0.037500
0 0.326172 0.921354 0.068437 0.048750
0 0.276172 0.905729 0.014063 0.011250
0 0.935547 0.910937 0.027187 0.026250
0 0.555859 0.927083 0.040313 0.065000
0 0.638281 0.933854 0.024375 0.083750
0 0.501563 0.907292 0.016875 0.020000
0 0.826172 0.910937 0.034687 0.031250
0 0.598437 0.916146 0.015000 0.046250
0 0.419141 0.902604 0.019688 0.013750
0 0.771875 0.902604 0.009375 0.016250
0 0.746094 0.903125 0.018750 0.017500
0 0.183594 0.908854 0.030000 0.033750
0 0.296094 0.902083 0.015000 0.020000
0 0.408984 0.919792 0.047812 0.065000
0 0.324609 0.902604 0.036562 0.023750
0 0.223047 0.912500 0.075938 0.050000
0 0.974609 0.897396 0.014063 0.018750
0 0.689844 0.926562 0.052500 0.088750
0 0.569922 0.898438 0.017813 0.021250
0 0.489453 0.901042 0.008437 0.027500
0 0.876953 0.908854 0.034687 0.048750
0 0.806641 0.933125 0.064687 0.133750
0 0.659766 0.912500 0.019688 0.057500
0 0.170703 0.893229 0.014063 0.011250
0 0.044922 0.898438 0.027187 0.023750
0 0.341797 0.893229 0.008437 0.013750
0 0.789453 0.894792 0.010312 0.020000
0 0.186719 0.893229 0.015000 0.016250
0 0.532422 0.892188 0.019688 0.016250
0 0.357031 0.902083 0.015000 0.042500
0 0.024375 0.905208 0.048750 0.050000
0 0.267969 0.916146 0.060000 0.081250
0 0.964844 0.885938 0.018750 0.011250
0 0.916016 0.891146 0.021562 0.023750
0 0.692187 0.894271 0.018750 0.033750
0 0.025391 0.886979 0.034687 0.016250
0 0.378516 0.901563 0.038437 0.053750
0 0.370703 0.885417 0.014063 0.017500
0 0.662891 0.883333 0.017813 0.015000
0 0.594141 0.885938 0.014063 0.023750
0 0.578906 0.884896 0.022500 0.021250
0 0.110547 0.893229 0.029062 0.041250
0 0.092188 0.917188 0.046875 0.098750
0 0.798828 0.879687 0.012188 0.011250
0 0.683203 0.882812 0.015938 0.018750
0 0.608594 0.881250 0.013125 0.015000
0 0.398828 0.880729 0.010312 0.013750
0 0.409375 0.880729 0.011250 0.016250
0 0.920312 0.877083 0.015000 0.010000
0 0.197656 0.879687 0.007500 0.016250
0 0.780859 0.877083 0.019688 0.012500
0 0.311328 0.880729 0.040313 0.023750
0 0.177344 0.879167 0.016875 0.020000
0 0.969922 0.877083 0.021562 0.020000
0 0.425781 0.883333 0.033750 0.042500
0 0.144922 0.900521 0.060937 0.083750
0 0.125000 0.884375 0.022500 0.045000
0 0.023438 0.871875 0.009375 0.015000
0 0.400781 0.868750 0.018750 0.010000
0 0.219141 0.882292 0.044062 0.042500
0 0.771094 0.882812 0.031875 0.046250
0 0.723828 0.882292 0.055313 0.045000
0 0.958984 0.871354 0.014063 0.021250
0 0.951172 0.889583 0.047812 0.065000
0 0.617578 0.866667 0.015938 0.010000
0 0.160547 0.879167 0.017813 0.040000
0 0.889844 0.884896 0.046875 0.056250
0 0.805469 0.869792 0.009375 0.022500
0 0.606250 0.868750 0.011250 0.020000
0 0.062109 0.885417 0.083437 0.060000
0 0.855469 0.884375 0.050625 0.060000
0 0.593750 0.865104 0.011250 0.013750
0 0.841016 0.864583 0.014063 0.015000
0 0.514844 0.878646 0.045000 0.048750
0 0.326562 0.872917 0.022500 0.035000
0 0.907031 0.864062 0.015000 0.016250
0 0.223828 0.865104 0.019688 0.023750
0 0.628906 0.880208 0.065625 0.062500
0 0.281250 0.874479 0.035625 0.048750
0 0.113281 0.864583 0.016875 0.025000
0 0.692578 0.864583 0.015938 0.027500
0 0.660156 0.863021 0.007500 0.023750
0 0.994844 0.859896 0.010312 0.018750
0 0.667578 0.861979 0.014063 0.023750
0 0.981250 0.860417 0.018750 0.022500
0 0.886328 0.858854 0.014063 0.018750
0 0.750391 0.883854 0.038437 0.078750
0 0.577344 0.863021 0.026250 0.028750
0 0.346875 0.856771 0.020625 0.016250
0 0.308984 0.861458 0.017813 0.027500
0 0.180078 0.860417 0.006563 0.025000
0 0.935937 0.857292 0.037500 0.020000
0 0.212891 0.857292 0.010312 0.022500
0 0.792578 0.856250 0.015938 0.022500
0 0.266016 0.861458 0.027187 0.035000
0 0.720703 0.859375 0.030937 0.032500
0 0.354297 0.865104 0.030937 0.046250
0 0.088672 0.853646 0.019688 0.018750
0 0.610156 0.848958 0.013125 0.015000
0 0.176563 0.847396 0.011250 0.013750
0 0.151562 0.863542 0.026250 0.055000
0 0.397266 0.857812 0.053437 0.046250
0 0.064062 0.851562 0.039375 0.031250
0 0.865234 0.855208 0.038437 0.042500
0 0.774609 0.853646 0.027187 0.038750
0 0.744531 0.848437 0.031875 0.026250
0 0.596484 0.844792 0.023438 0.022500
0 0.313281 0.840625 0.018750 0.015000
0 0.010312 0.858333 0.020625 0.057500
0 0.833984 0.844792 0.021562 0.027500
0 0.163281 0.841146 0.015000 0.023750
0 0.535547 0.840104 0.021562 0.023750
0 0.521094 0.840104 0.013125 0.026250
0 0.247656 0.860938 0.045000 0.076250
0 0.507031 0.851042 0.018750 0.055000
0 0.258203 0.836458 0.015938 0.020000
0 0.711719 0.833854 0.016875 0.016250
0 0.815625 0.865104 0.045000 0.093750
0 0.766797 0.834896 0.008437 0.021250
0 0.198047 0.833333 0.006563 0.017500
0 0.451562 0.865104 0.080625 0.098750
0 0.389453 0.828125 0.012188 0.010000
0 0.082812 0.836458 0.046875 0.030000
0 0.862891 0.832292 0.012188 0.022500
0 0.344531 0.838542 0.016875 0.037500
0 0.305469 0.829167 0.007500 0.015000
0 0.972266 0.840625 0.034687 0.045000
0 0.633203 0.831250 0.023438 0.022500
0 0.216406 0.836979 0.035625 0.036250
0 0.224219 0.828646 0.009375 0.018750
0 0.991797 0.827604 0.015938 0.021250
0 0.375000 0.830729 0.018750 0.028750
0 0.942969 0.834375 0.039375 0.042500
0 0.822656 0.822396 0.015000 0.016250
0 0.754297 0.826042 0.017813 0.025000
0 0.429688 0.829688 0.015000 0.033750
0 0.007031 0.826562 0.014063 0.026250
0 0.590625 0.818750 0.015000 0.010000
0 0.135156 0.825000 0.030000 0.025000
0 0.032422 0.840104 0.057188 0.061250
0 0.774219 0.823438 0.026250 0.023750
0 0.048438 0.818750 0.011250 0.012500
0 0.851953 0.824479 0.015938 0.028750
0 0.615625 0.836979 0.039375 0.058750
0 0.481250 0.849479 0.046875 0.088750
0 0.279687 0.834375 0.031875 0.052500
0 0.915625 0.832292 0.035625 0.052500
0 0.059766 0.819271 0.014063 0.023750
0 0.934375 0.817187 0.011250 0.021250
0 0.967187 0.814063 0.018750 0.016250
0 0.334766 0.818750 0.025312 0.027500
0 0.651953 0.813542 0.029062 0.020000
0 0.400391 0.828125 0.027187 0.057500
0 0.144922 0.811979 0.027187 0.021250
0 0.181250 0.835938 0.073125 0.081250
0 0.717578 0.811458 0.012188 0.025000
0 0.786328 0.804167 0.012188 0.010000
0 0.285938 0.808333 0.016875 0.025000
0 0.200000 0.807813 0.016875 0.026250
0 0.881641 0.824479 0.047812 0.068750
0 0.625391 0.801562 0.015938 0.013750
0 0.608594 0.803646 0.022500 0.018750
0 0.677344 0.829167 0.093750 0.082500
0 0.905859 0.799479 0.006563 0.016250
0 0.671094 0.805729 0.011250 0.031250
0 0.537891 0.805729 0.025312 0.031250
0 0.515234 0.810937 0.027187 0.043750
0 0.251563 0.809375 0.030000 0.040000
0 0.993906 0.803646 0.012188 0.028750
0 0.919141 0.798438 0.008437 0.016250
0 0.501172 0.801042 0.017813 0.022500
0 0.453906 0.811458 0.056250 0.047500
0 0.293750 0.810937 0.016875 0.046250
0 0.128125 0.798438 0.011250 0.016250
0 0.633203 0.804688 0.019688 0.033750
0 0.419141 0.818229 0.019688 0.066250
0 0.396875 0.796875 0.016875 0.015000
0 0.691797 0.798958 0.014063 0.022500
0 0.309766 0.811458 0.021562 0.052500
0 0.790234 0.794792 0.010312 0.015000
0 0.157031 0.794792 0.013125 0.015000
0 0.267188 0.799479 0.020625 0.028750
0 0.911328 0.796875 0.008437 0.025000
0 0.010781 0.801562 0.021562 0.038750
0 0.212891 0.800000 0.027187 0.037500
0 0.457813 0.793750 0.013125 0.025000
0 0.103906 0.790625 0.011250 0.017500
0 0.662109 0.794792 0.027187 0.030000
0 0.646875 0.785937 0.015000 0.008750
0 0.629297 0.789583 0.012188 0.017500
0 0.939063 0.796875 0.039375 0.037500
0 0.683984 0.789062 0.027187 0.018750
0 0.323047 0.791667 0.027187 0.025000
0 0.182422 0.790625 0.044062 0.025000
0 0.741016 0.808333 0.036562 0.072500
0 0.479687 0.798958 0.035625 0.050000
0 0.436328 0.788021 0.027187 0.023750
0 0.730078 0.787500 0.015938 0.025000
0 0.219531 0.784896 0.013125 0.018750
0 0.810547 0.805208 0.066562 0.072500
0 0.146484 0.782813 0.023438 0.018750
0 0.956641 0.802083 0.025312 0.067500
0 0.761719 0.790104 0.020625 0.041250
0 0.398828 0.781771 0.025312 0.021250
0 0.009844 0.775521 0.019688 0.021250
0 0.836328 0.773958 0.008437 0.020000
0 0.586328 0.781771 0.019688 0.038750
0 0.230859 0.780729 0.015938 0.038750
0 0.671875 0.771875 0.015000 0.020000
0 0.453125 0.771354 0.016875 0.021250
0 0.852344 0.784375 0.024375 0.055000
0 0.799609 0.773438 0.030937 0.028750
0 0.283594 0.766667 0.013125 0.012500
0 0.248828 0.776042 0.021562 0.037500
0 0.158984 0.772917 0.019688 0.030000
0 0.432031 0.767188 0.030000 0.018750
0 0.377734 0.785937 0.034687 0.063750
0 0.236328 0.767188 0.010312 0.018750
0 0.446484 0.763021 0.012188 0.011250
0 0.393359 0.765625 0.017813 0.017500
0 0.254297 0.763542 0.010312 0.012500
0 0.016016 0.767188 0.019688 0.021250
0 0.703906 0.764062 0.013125 0.016250
0 0.379688 0.763542 0.013125 0.015000
0 0.931250 0.771875 0.043125 0.037500
0 0.919141 0.761979 0.017813 0.013750
0 0.304688 0.774479 0.037500 0.043750
0 0.266797 0.772917 0.015938 0.040000
0 0.850391 0.763542 0.019688 0.020000
0 0.657422 0.764583 0.021562 0.022500
0 0.612109 0.777604 0.044062 0.053750
0 0.411719 0.770833 0.026250 0.037500
0 0.348828 0.792188 0.060937 0.091250
0 0.612500 0.759896 0.018750 0.016250
0 0.169922 0.758333 0.015938 0.015000
0 0.908984 0.759896 0.006563 0.021250
0 0.764062 0.760417 0.013125 0.025000
0 0.569141 0.759375 0.021562 0.022500
0 0.822656 0.761979 0.026250 0.031250
0 0.678906 0.759896 0.011250 0.026250
0 0.275391 0.753125 0.014063 0.012500
0 0.025000 0.754687 0.009375 0.018750
0 0.521094 0.764583 0.033750 0.045000
0 0.433203 0.751042 0.010312 0.012500
0 0.804688 0.748958 0.013125 0.010000
0 0.444531 0.750521 0.015000 0.016250
0 0.980781 0.784896 0.038437 0.101250
0 0.592969 0.759375 0.026250 0.040000
0 0.232813 0.749479 0.011250 0.016250
0 0.537109 0.747396 0.012188 0.013750
0 0.087891 0.748437 0.012188 0.016250
0 0.993906 0.748958 0.012188 0.020000
0 0.770312 0.747396 0.011250 0.016250
0 0.391016 0.747917 0.010312 0.017500
0 0.317188 0.750000 0.016875 0.022500
0 0.180859 0.750521 0.015938 0.026250
0 0.250781 0.748958 0.013125 0.025000
0 0.493750 0.765625 0.033750 0.070000
0 0.603125 0.742708 0.016875 0.017500
0 0.295312 0.747917 0.028125 0.030000
0 0.155859 0.746354 0.015938 0.026250
0 0.947656 0.746354 0.030000 0.028750
0 0.173047 0.742188 0.015938 0.018750
0 0.642969 0.744271 0.039375 0.028750
0 0.360938 0.744792 0.054375 0.030000
0 0.271484 0.744792 0.036562 0.030000
0 0.325391 0.738542 0.015938 0.017500
0 0.471875 0.743229 0.015000 0.031250
0 0.671094 0.743750 0.022500 0.035000
0 0.212500 0.751042 0.037500 0.052500
0 0.748437 0.733333 0.018750 0.012500
0 0.836719 0.744792 0.031875 0.042500
0 0.736719 0.751042 0.039375 0.057500
0 0.700000 0.759375 0.048750 0.077500
0 0.619141 0.737500 0.019688 0.025000
0 0.106250 0.732812 0.015000 0.013750
0 0.849609 0.735417 0.014063 0.025000
0 0.135547 0.749479 0.040313 0.058750
0 0.780078 0.764062 0.051562 0.101250
0 0.078125 0.727083 0.009375 0.015000
0 0.807422 0.731250 0.023438 0.027500
0 0.658594 0.729688 0.033750 0.028750
0 0.369922 0.728646 0.036562 0.026250
0 0.289062 0.727083 0.024375 0.022500
0 0.452734 0.738021 0.029062 0.051250
0 0.347266 0.722917 0.014063 0.015000
0 0.255859 0.726042 0.012188 0.022500
0 0.085938 0.721875 0.009375 0.012500
0 0.838281 0.719792 0.011250 0.020000
0 0.473047 0.716667 0.010312 0.012500
0 0.194922 0.721875 0.032813 0.025000
0 0.146094 0.721354 0.020625 0.026250
0 0.985000 0.729167 0.030000 0.047500
0 0.768750 0.716146 0.024375 0.018750
0 0.586328 0.715104 0.012188 0.016250
0 0.654687 0.708854 0.011250 0.013750
0 0.637891 0.717187 0.027187 0.033750
0 0.950000 0.707292 0.011250 0.012500
0 0.286328 0.710417 0.017813 0.025000
0 0.075781 0.779687 0.131250 0.193750
0 0.800000 0.707812 0.013125 0.023750
0 0.732422 0.706771 0.010312 0.021250
0 0.337500 0.716667 0.028125 0.045000
0 0.214844 0.716667 0.022500 0.047500
0 0.187109 0.703125 0.021562 0.017500
0 0.169922 0.701042 0.008437 0.012500
0 0.241016 0.719792 0.044062 0.060000
0 0.198437 0.702083 0.011250 0.020000
0 0.441406 0.705208 0.015000 0.030000
0 0.844141 0.706250 0.040313 0.035000
0 0.694922 0.711979 0.044062 0.048750
0 0.922266 0.718750 0.064687 0.067500
0 0.050781 0.700000 0.013125 0.022500
0 0.884375 0.746354 0.061875 0.141250
0 0.406641 0.721875 0.090937 0.085000
0 0.030469 0.728125 0.060937 0.100000
0 0.714844 0.702604 0.035625 0.041250
0 0.087109 0.699479 0.029062 0.033750
0 0.900391 0.696354 0.021562 0.028750
0 0.365625 0.693750 0.018750 0.022500
0 0.773438 0.695312 0.020625 0.028750
0 0.642578 0.691146 0.010312 0.021250
0 0.549609 0.790104 0.184687 0.258750
0 0.262109 0.698958 0.036562 0.040000
0 0.861328 0.692708 0.008437 0.027500
0 0.657422 0.689063 0.015938 0.021250
0 0.278125 0.690104 0.013125 0.023750
0 0.023828 0.686979 0.010312 0.016250
0 0.613281 0.687500 0.018750 0.020000
0 0.312891 0.709375 0.044062 0.075000
0 0.792969 0.678125 0.011250 0.015000
0 0.804688 0.695312 0.061875 0.058750
0 0.291797 0.682292 0.019688 0.027500
0 0.065625 0.683333 0.030000 0.030000
0 0.084375 0.677083 0.013125 0.017500
0 0.716406 0.679167 0.009375 0.025000
0 0.044531 0.681250 0.018750 0.032500
0 0.933203 0.679167 0.027187 0.030000
0 0.679688 0.677083 0.020625 0.027500
0 0.950000 0.682292 0.024375 0.045000
0 0.893359 0.679688 0.023438 0.041250
0 0.694531 0.671354 0.009375 0.021250
0 0.704297 0.672396 0.014063 0.026250
0 0.072656 0.670312 0.020625 0.021250
0 0.966016 0.672396 0.023438 0.028750
0 0.305859 0.677083 0.021562 0.040000
0 0.112500 0.695312 0.056250 0.086250
0 0.919922 0.673958 0.029062 0.037500
0 0.201172 0.676042 0.032813 0.042500
0 0.359375 0.677604 0.076875 0.048750
0 0.116016 0.668750 0.015938 0.027500
0 0.977344 0.665104 0.011250 0.021250
0 0.718750 0.661979 0.018750 0.016250
0 0.256250 0.664583 0.016875 0.022500
0 0.137109 0.670833 0.015938 0.037500
0 0.010312 0.666146 0.020625 0.026250
0 0.917188 0.661458 0.015000 0.017500
0 0.267188 0.662500 0.011250 0.020000
0 0.864062 0.674479 0.045000 0.051250
0 0.633984 0.670833 0.025312 0.042500
0 0.546875 0.667708 0.037500 0.037500
0 0.520703 0.660937 0.017813 0.021250
0 0.222656 0.658333 0.024375 0.015000
0 0.825391 0.665104 0.014063 0.033750
0 0.668359 0.682813 0.019688 0.076250
0 0.228516 0.680208 0.045937 0.072500
0 0.156250 0.694271 0.061875 0.108750
0 0.971406 0.703646 0.057188 0.133750
0 0.484766 0.689583 0.135937 0.100000
0 0.816406 0.651042 0.009375 0.015000
0 0.765234 0.653646 0.015938 0.021250
0 0.258594 0.651042 0.016875 0.015000
0 0.153516 0.654687 0.017813 0.023750
0 0.092188 0.672396 0.046875 0.066250
0 0.980078 0.652083 0.034687 0.025000
0 0.805859 0.654687 0.030937 0.036250
0 0.066797 0.648438 0.010312 0.021250
0 0.713281 0.642708 0.013125 0.010000
0 0.315625 0.652083 0.024375 0.035000
0 0.275781 0.658333 0.033750 0.050000
0 0.353125 0.647396 0.045000 0.031250
0 0.205859 0.641146 0.008437 0.016250
0 0.960547 0.643750 0.023438 0.027500
0 0.339453 0.639583 0.012188 0.017500
0 0.579688 0.637500 0.015000 0.015000
0 0.381250 0.645833 0.028125 0.035000
0 0.294141 0.646354 0.015938 0.036250
0 0.043750 0.652083 0.037500 0.050000
0 0.989687 0.638542 0.020625 0.020000
0 0.944141 0.637500 0.010312 0.017500
0 0.450391 0.635938 0.012188 0.013750
0 0.326172 0.641146 0.017813 0.026250
0 0.280078 0.634896 0.017813 0.011250
0 0.265625 0.635417 0.013125 0.012500
0 0.140625 0.642188 0.013125 0.028750
0 0.060156 0.638542 0.009375 0.020000
0 0.689453 0.639062 0.015938 0.028750
0 0.024609 0.647917 0.015938 0.050000
0 0.782031 0.647917 0.022500 0.052500
0 0.236328 0.642188 0.015938 0.038750
0 0.223828 0.636979 0.015938 0.028750
0 0.050000 0.630729 0.013125 0.023750
0 0.767188 0.628646 0.024375 0.021250
0 0.182812 0.639062 0.033750 0.046250
0 0.679688 0.641667 0.031875 0.055000
0 0.632031 0.637500 0.018750 0.045000
0 0.161719 0.633333 0.024375 0.035000
0 0.013594 0.639583 0.027187 0.050000
0 0.280469 0.622396 0.015000 0.011250
0 0.072266 0.627604 0.023438 0.023750
0 0.841406 0.622917 0.011250 0.015000
0 0.533594 0.636458 0.069375 0.050000
0 0.057813 0.621354 0.013125 0.016250
0 0.091406 0.630208 0.016875 0.040000
0 0.019531 0.621354 0.016875 0.018750
0 0.792969 0.624479 0.018750 0.028750
0 0.955078 0.621875 0.019688 0.025000
0 0.206250 0.618750 0.011250 0.020000
0 0.035937 0.624479 0.022500 0.033750
0 0.408594 0.651042 0.050625 0.100000
0 0.753906 0.668750 0.071250 0.145000
0 0.293750 0.618229 0.013125 0.023750
0 0.168359 0.615625 0.021562 0.017500
0 0.797656 0.618229 0.020625 0.026250
0 0.982812 0.610938 0.009375 0.016250
0 0.137109 0.614583 0.006563 0.025000
0 0.783984 0.609896 0.012188 0.016250
0 0.390625 0.611458 0.018750 0.020000
0 0.256250 0.617188 0.037500 0.036250
0 0.921094 0.631771 0.063750 0.073750
0 0.182812 0.608333 0.011250 0.017500
0 0.908984 0.608333 0.010312 0.025000
0 0.721094 0.629687 0.039375 0.076250
0 0.336328 0.616146 0.049687 0.046250
0 0.697656 0.616667 0.031875 0.050000
0 0.572266 0.621354 0.042188 0.061250
0 0.316406 0.608333 0.009375 0.030000
0 0.215625 0.604167 0.013125 0.020000
0 0.264062 0.603125 0.011250 0.022500
0 0.005156 0.604688 0.010312 0.026250
0 0.918750 0.600521 0.013125 0.018750
0 0.754687 0.606771 0.013125 0.033750
0 0.237109 0.602604 0.014063 0.026250
0 0.771875 0.605729 0.024375 0.036250
0 0.653906 0.595833 0.018750 0.012500
0 0.906641 0.597917 0.010312 0.020000
0 0.162500 0.598437 0.022500 0.021250
0 0.990625 0.601562 0.018750 0.033750
0 0.848828 0.600000 0.025312 0.030000
0 0.724609 0.604688 0.014063 0.043750
0 0.226953 0.592187 0.015938 0.013750
0 0.746484 0.596875 0.010312 0.027500
0 0.204687 0.598437 0.018750 0.031250
0 0.923828 0.591146 0.023438 0.018750
0 0.937109 0.589063 0.012188 0.016250
0 0.077734 0.590625 0.019688 0.022500
0 0.030469 0.600000 0.048750 0.045000
0 0.063672 0.596875 0.017813 0.040000
0 0.305078 0.609896 0.036562 0.073750
0 0.816406 0.622396 0.080625 0.106250
0 0.672266 0.592708 0.023438 0.035000
0 0.711719 0.588542 0.018750 0.027500
0 0.918359 0.580729 0.030937 0.013750
0 0.757422 0.582292 0.014063 0.020000
0 0.515234 0.600000 0.100312 0.065000
0 0.162500 0.578125 0.018750 0.015000
0 0.199609 0.595313 0.032813 0.061250
0 0.967187 0.606250 0.063750 0.090000
0 0.178125 0.581771 0.026250 0.031250
0 0.789453 0.580729 0.012188 0.031250
0 0.689063 0.580729 0.030000 0.033750
0 0.459766 0.576562 0.030937 0.023750
0 0.934766 0.572917 0.019688 0.017500
0 0.039062 0.573958 0.046875 0.022500
0 0.305859 0.569271 0.010312 0.013750
0 0.778125 0.572917 0.011250 0.025000
0 0.230078 0.575000 0.030937 0.030000
0 0.251563 0.577604 0.028125 0.038750
0 0.805859 0.569792 0.019688 0.025000
0 0.707812 0.567708 0.028125 0.020000
0 0.105078 0.570312 0.012188 0.028750
0 0.851562 0.564063 0.016875 0.016250
0 0.177344 0.564063 0.026250 0.016250
0 0.908203 0.568750 0.032813 0.030000
0 0.820703 0.569792 0.019688 0.032500
0 0.280859 0.580729 0.057188 0.061250
0 0.119141 0.565625 0.012188 0.025000
0 0.500000 0.557292 0.011250 0.010000
0 0.714844 0.554167 0.016875 0.010000
0 0.024219 0.564583 0.031875 0.035000
0 0.733203 0.566667 0.023438 0.042500
0 0.943359 0.557292 0.021562 0.022500
0 0.661719 0.561979 0.018750 0.033750
0 0.700000 0.553646 0.016875 0.016250
0 0.464453 0.560937 0.040313 0.033750
0 0.117578 0.596354 0.105937 0.118750
0 0.048828 0.553125 0.014063 0.015000
0 0.572266 0.549479 0.014063 0.011250
0 0.801953 0.553646 0.047812 0.026250
0 0.775000 0.558333 0.013125 0.037500
0 0.610156 0.618750 0.133125 0.182500
0 0.866016 0.602604 0.083437 0.146250
0 0.071484 0.561979 0.023438 0.056250
0 0.011719 0.546354 0.023438 0.018750
0 0.725391 0.546354 0.012188 0.021250
0 0.895703 0.546354 0.025312 0.028750
0 0.654687 0.543750 0.022500 0.022500
0 0.596094 0.547396 0.018750 0.031250
0 0.480078 0.540104 0.010312 0.013750
0 0.752734 0.540625 0.010312 0.017500
0 0.670703 0.544271 0.012188 0.026250
0 0.858984 0.538021 0.014063 0.013750
0 0.945703 0.543750 0.017813 0.030000
0 0.444531 0.535937 0.013125 0.013750
0 0.800000 0.538021 0.039375 0.021250
0 0.276953 0.535417 0.008437 0.015000
0 0.831250 0.546875 0.026250 0.045000
0 0.057422 0.542188 0.017813 0.033750
0 0.991406 0.533854 0.013125 0.018750
0 0.893750 0.533333 0.020625 0.017500
0 0.358594 0.532292 0.011250 0.015000
0 0.307812 0.536458 0.007500 0.025000
0 0.005156 0.530729 0.010312 0.016250
0 0.818359 0.527083 0.021562 0.012500
0 0.718359 0.527083 0.012188 0.012500
0 0.685156 0.544271 0.018750 0.053750
0 0.525781 0.548438 0.026250 0.063750
0 0.130859 0.536458 0.029062 0.035000
0 0.927734 0.534375 0.017813 0.035000
0 0.112109 0.535937 0.015938 0.041250
0 0.865234 0.525521 0.017813 0.018750
0 0.913672 0.538542 0.025312 0.052500
0 0.732422 0.522396 0.014063 0.013750
0 0.700781 0.532292 0.028125 0.037500
0 0.044922 0.526563 0.014063 0.023750
0 0.752734 0.552604 0.053437 0.088750
0 0.445703 0.522917 0.021562 0.017500
0 0.090625 0.546354 0.030000 0.073750
0 0.797266 0.522396 0.012188 0.018750
0 0.301172 0.522917 0.010312 0.020000
0 0.970000 0.550000 0.060000 0.087500
0 0.838672 0.520312 0.014063 0.016250
0 0.327344 0.517188 0.011250 0.013750
0 0.456250 0.516667 0.015000 0.015000
0 0.172266 0.517188 0.019688 0.016250
0 0.278125 0.517188 0.013125 0.021250
0 0.815625 0.514583 0.009375 0.017500
0 0.491016 0.513021 0.008437 0.013750
0 0.738672 0.512500 0.015938 0.017500
0 0.465234 0.511458 0.014063 0.015000
0 0.348047 0.512500 0.019688 0.017500
0 0.767969 0.509375 0.011250 0.012500
0 0.263672 0.511458 0.021562 0.017500
0 0.209766 0.513021 0.017813 0.026250
0 0.905469 0.505729 0.009375 0.011250
0 0.886719 0.518229 0.035625 0.041250
0 0.801172 0.505729 0.012188 0.013750
0 0.621094 0.508854 0.011250 0.021250
0 0.946094 0.514062 0.020625 0.036250
0 0.786328 0.509375 0.015938 0.025000
0 0.104688 0.502083 0.016875 0.007500
0 0.685547 0.508333 0.017813 0.025000
0 0.453906 0.503646 0.015000 0.013750
0 0.319141 0.519271 0.032813 0.051250
0 0.566016 0.538542 0.083437 0.100000
0 0.356641 0.514062 0.023438 0.041250
0 0.225000 0.502083 0.013125 0.012500
0 0.751172 0.503646 0.015938 0.018750
0 0.472266 0.503125 0.021562 0.017500
0 0.638281 0.541146 0.084375 0.111250
0 0.127734 0.507812 0.012188 0.031250
0 0.956641 0.503125 0.014063 0.022500
0 0.917969 0.505729 0.015000 0.028750
0 0.186328 0.525000 0.053437 0.075000
0 0.116016 0.506771 0.023438 0.031250
0 0.013281 0.497917 0.009375 0.020000
0 0.940625 0.494792 0.018750 0.015000
0 0.862891 0.502083 0.025312 0.035000
0 0.846094 0.502083 0.018750 0.035000
0 0.383594 0.495833 0.013125 0.020000
0 0.279687 0.500000 0.020625 0.030000
0 0.295312 0.494792 0.015000 0.020000
0 0.264844 0.491146 0.013125 0.011250
0 0.249609 0.528646 0.119063 0.101250
0 0.069141 0.513542 0.042188 0.065000
0 0.716797 0.505208 0.051562 0.047500
0 0.395703 0.493750 0.029062 0.020000
0 0.521875 0.496354 0.009375 0.028750
0 0.448047 0.490104 0.008437 0.013750
0 0.341406 0.500521 0.020625 0.038750
0 0.750781 0.493229 0.037500 0.028750
0 0.979375 0.504167 0.041250 0.057500
0 0.486328 0.494271 0.023438 0.033750
0 0.409375 0.487500 0.011250 0.017500
0 0.321875 0.488021 0.022500 0.021250
0 0.416406 0.514062 0.065625 0.086250
0 0.790234 0.486979 0.036562 0.023750
0 0.464062 0.485938 0.035625 0.026250
0 0.579688 0.494271 0.022500 0.051250
0 0.985547 0.490104 0.025312 0.046250
0 0.232031 0.478125 0.015000 0.022500
0 0.698828 0.486979 0.044062 0.048750
0 0.110156 0.475000 0.024375 0.027500
0 0.313672 0.468229 0.008437 0.013750
0 0.746094 0.467187 0.011250 0.013750
0 0.215234 0.479687 0.023438 0.043750
0 0.598828 0.469271 0.030937 0.021250
0 0.823047 0.484896 0.030937 0.066250
0 0.501953 0.517188 0.117188 0.146250
0 0.486719 0.468229 0.022500 0.028750
0 0.770312 0.478646 0.039375 0.056250
0 0.133984 0.489063 0.038437 0.081250
0 0.798047 0.464583 0.017813 0.032500
0 0.688281 0.457813 0.009375 0.018750
0 0.525000 0.454167 0.015000 0.010000
0 0.077734 0.477604 0.057188 0.066250
0 0.369531 0.458854 0.013125 0.026250
0 0.325000 0.459375 0.020625 0.027500
0 0.110937 0.454688 0.020625 0.016250
0 0.756250 0.456250 0.033750 0.022500
0 0.464844 0.463021 0.033750 0.041250
0 0.198437 0.457813 0.033750 0.028750
0 0.031641 0.457292 0.023438 0.027500
0 0.038281 0.452604 0.013125 0.021250
0 0.961094 0.469792 0.077812 0.065000
0 0.654297 0.450521 0.006563 0.018750
0 0.553125 0.472396 0.056250 0.071250
0 0.302344 0.451042 0.009375 0.020000
0 0.039844 0.500521 0.079687 0.138750
0 0.575000 0.458333 0.052500 0.042500
0 0.797656 0.448958 0.015000 0.022500
0 0.903516 0.473958 0.098437 0.087500
0 0.872266 0.446354 0.012188 0.023750
0 0.812500 0.457813 0.024375 0.056250
0 0.423047 0.439583 0.027187 0.017500
0 0.150781 0.445833 0.022500 0.032500
0 0.636328 0.469792 0.113437 0.092500
0 0.718359 0.455729 0.057188 0.061250
0 0.271875 0.460417 0.061875 0.072500
0 0.705078 0.434896 0.015938 0.013750
0 0.524609 0.439063 0.027187 0.023750
0 0.244922 0.435417 0.014063 0.015000
0 0.796484 0.433333 0.021562 0.012500
0 0.062891 0.435417 0.015938 0.017500
0 0.956641 0.438542 0.015938 0.030000
0 0.689844 0.440104 0.033750 0.043750
0 0.439844 0.431250 0.011250 0.022500
0 0.272266 0.436458 0.027187 0.035000
0 0.315234 0.434896 0.023438 0.033750
0 0.457422 0.427604 0.014063 0.018750
0 0.019688 0.444271 0.039375 0.058750
0 0.494141 0.438021 0.057188 0.046250
0 0.092578 0.426563 0.014063 0.023750
0 0.603125 0.421354 0.007500 0.018750
0 0.237891 0.420833 0.015938 0.017500
0 0.189453 0.419271 0.015938 0.013750
0 0.764453 0.434896 0.059062 0.056250
0 0.807422 0.420312 0.010312 0.023750
0 0.191797 0.485417 0.137813 0.180000
0 0.419531 0.417708 0.031875 0.020000
0 0.330859 0.430208 0.015938 0.052500
0 0.867969 0.417708 0.015000 0.025000
0 0.639062 0.428125 0.050625 0.057500
0 0.278516 0.417187 0.019688 0.036250
0 0.151953 0.413542 0.030937 0.027500
0 0.066406 0.402604 0.013125 0.011250
0 0.144531 0.403125 0.015000 0.015000
0 0.037500 0.404167 0.007500 0.017500
0 0.753906 0.406250 0.013125 0.025000
0 0.495312 0.408854 0.031875 0.033750
0 0.682813 0.407292 0.024375 0.032500
0 0.441016 0.407813 0.070312 0.041250
0 0.335547 0.403125 0.023438 0.030000
0 0.258203 0.406771 0.029062 0.038750
0 0.005625 0.407292 0.011250 0.042500
0 0.619141 0.401562 0.030937 0.031250
0 0.801953 0.406771 0.038437 0.048750
0 0.686719 0.391667 0.013125 0.015000
0 0.149219 0.389062 0.013125 0.013750
0 0.037109 0.389583 0.015938 0.015000
0 0.591406 0.421875 0.067500 0.095000
0 0.901953 0.384896 0.019688 0.016250
0 0.926953 0.416667 0.051562 0.095000
0 0.741016 0.393750 0.019688 0.040000
0 0.770703 0.381771 0.023438 0.016250
0 0.730469 0.383333 0.013125 0.020000
0 0.539062 0.388021 0.031875 0.031250
0 0.182031 0.388021 0.026250 0.033750
0 0.888672 0.377604 0.010312 0.013750
0 0.021875 0.394792 0.031875 0.055000
0 0.786328 0.396354 0.062812 0.061250
0 0.461328 0.387500 0.045937 0.040000
0 0.438281 0.379167 0.007500 0.020000
0 0.275000 0.394271 0.033750 0.056250
0 0.046094 0.406250 0.033750 0.085000
0 0.928125 0.377083 0.013125 0.017500
0 0.785156 0.375521 0.018750 0.013750
0 0.814063 0.376042 0.020625 0.025000
0 0.133984 0.380208 0.015938 0.037500
0 0.212891 0.399479 0.051562 0.086250
0 0.684766 0.368750 0.017813 0.015000
0 0.184766 0.371875 0.019688 0.025000
0 0.861328 0.423438 0.119063 0.151250
0 0.901563 0.367708 0.013125 0.025000
0 0.742578 0.374479 0.040313 0.041250
0 0.418750 0.372917 0.033750 0.037500
0 0.110547 0.406771 0.085312 0.118750
0 0.113672 0.369271 0.023438 0.033750
0 0.060937 0.366667 0.022500 0.027500
0 0.034766 0.371354 0.027187 0.041250
0 0.517969 0.388542 0.061875 0.085000
0 0.699219 0.359896 0.020625 0.018750
0 0.887500 0.358854 0.013125 0.021250
0 0.853516 0.355208 0.015938 0.012500
0 0.716797 0.396875 0.064687 0.112500
0 0.074219 0.390104 0.054375 0.098750
0 0.576172 0.397396 0.115312 0.118750
0 0.873437 0.358854 0.030000 0.033750
0 0.647266 0.384896 0.074063 0.098750
0 0.051953 0.353125 0.012188 0.022500
0 0.313672 0.390625 0.068437 0.117500
0 0.232422 0.346354 0.021562 0.011250
0 0.160938 0.352083 0.007500 0.025000
0 0.751563 0.351562 0.016875 0.026250
0 0.662500 0.345833 0.011250 0.015000
0 0.202734 0.351042 0.064687 0.037500
0 0.704688 0.344792 0.015000 0.030000
0 0.244531 0.366146 0.037500 0.081250
0 0.043750 0.340625 0.016875 0.022500
0 0.993437 0.343229 0.013125 0.031250
0 0.280469 0.339583 0.016875 0.022500
0 0.079297 0.338021 0.019688 0.018750
0 0.737109 0.342187 0.012188 0.031250
0 0.028906 0.342708 0.018750 0.035000
0 0.145313 0.364063 0.069375 0.088750
0 0.748047 0.340104 0.021562 0.033750
0 0.334375 0.350521 0.031875 0.058750
0 0.294141 0.333854 0.010312 0.018750
0 0.264062 0.345833 0.028125 0.047500
0 0.908984 0.349479 0.075938 0.058750
0 0.683203 0.341146 0.019688 0.041250
0 0.557813 0.354167 0.045000 0.077500
0 0.016406 0.347917 0.032813 0.062500
0 0.732812 0.329688 0.015000 0.021250
0 0.175000 0.330208 0.018750 0.022500
0 0.031641 0.328125 0.012188 0.020000
0 0.990625 0.322917 0.018750 0.012500
0 0.694922 0.333854 0.017813 0.038750
0 0.118359 0.323437 0.012188 0.016250
0 0.526172 0.326042 0.032813 0.030000
0 0.315234 0.328646 0.030937 0.036250
0 0.137891 0.319792 0.021562 0.015000
0 0.721094 0.329688 0.026250 0.043750
0 0.680859 0.318229 0.019688 0.016250
0 0.640625 0.332813 0.080625 0.051250
0 0.603125 0.317708 0.009375 0.017500
0 0.194531 0.318750 0.011250 0.020000
0 0.965781 0.381250 0.068437 0.172500
0 0.841016 0.316667 0.012188 0.017500
0 0.826562 0.320833 0.016875 0.027500
0 0.791797 0.318750 0.019688 0.022500
0 0.923828 0.319271 0.017813 0.031250
0 0.106641 0.319271 0.019688 0.031250
0 0.499219 0.347396 0.121875 0.101250
0 0.440234 0.326042 0.068437 0.050000
0 0.264453 0.314063 0.012188 0.021250
0 0.007969 0.311979 0.015938 0.018750
0 0.158984 0.323958 0.029062 0.050000
0 0.730469 0.311458 0.015000 0.022500
0 0.541016 0.307812 0.017813 0.016250
0 0.151172 0.308854 0.008437 0.018750
0 0.602734 0.304167 0.015938 0.012500
0 0.326562 0.318229 0.030000 0.046250
0 0.293750 0.309896 0.020625 0.026250
0 0.670312 0.303125 0.011250 0.012500
0 0.499219 0.303646 0.015000 0.013750
0 0.277344 0.304167 0.016875 0.015000
0 0.589453 0.324479 0.060937 0.066250
0 0.715625 0.307812 0.031875 0.028750
0 0.659766 0.303646 0.010312 0.018750
0 0.179297 0.302083 0.008437 0.015000
0 0.553125 0.312500 0.020625 0.042500
0 0.066406 0.304688 0.009375 0.023750
0 0.909375 0.303646 0.018750 0.023750
0 0.695312 0.301563 0.016875 0.021250
0 0.306641 0.302083 0.021562 0.022500
0 0.880078 0.302083 0.017813 0.025000
0 0.843750 0.298438 0.011250 0.016250
0 0.004219 0.300000 0.008437 0.025000
0 0.265625 0.295312 0.009375 0.016250
0 0.804688 0.311458 0.030000 0.057500
0 0.189453 0.296875 0.023438 0.025000
0 0.139063 0.299479 0.016875 0.031250
0 0.355469 0.291667 0.016875 0.015000
0 0.579688 0.295833 0.015000 0.030000
0 0.594141 0.290625 0.017813 0.020000
0 0.144531 0.288542 0.007500 0.015000
0 0.033984 0.293229 0.014063 0.026250
0 0.773047 0.317708 0.059062 0.090000
0 0.957422 0.284896 0.019688 0.013750
0 0.750781 0.287500 0.013125 0.020000
0 0.565625 0.291146 0.013125 0.028750
0 0.238672 0.285417 0.008437 0.015000
0 0.219141 0.314063 0.049687 0.083750
0 0.021094 0.292708 0.016875 0.035000
0 0.227344 0.282292 0.015000 0.017500
0 0.394141 0.284896 0.025312 0.026250
0 0.166016 0.296875 0.032813 0.055000
0 0.939453 0.282813 0.017813 0.023750
0 0.102344 0.281771 0.024375 0.023750
0 0.657031 0.283333 0.037500 0.030000
0 0.303516 0.286458 0.079687 0.040000
0 0.037109 0.274479 0.017813 0.013750
0 0.865234 0.279167 0.027187 0.027500
0 0.352344 0.276562 0.022500 0.023750
0 0.120313 0.290104 0.024375 0.056250
0 0.191406 0.270313 0.013125 0.011250
0 0.178125 0.279167 0.031875 0.032500
0 0.366016 0.306250 0.057188 0.100000
0 0.008984 0.270833 0.008437 0.015000
0 0.135937 0.272917 0.018750 0.025000
0 0.507031 0.271875 0.028125 0.025000
0 0.251953 0.300000 0.055313 0.092500
0 0.708594 0.277604 0.022500 0.041250
0 0.412891 0.456250 0.224062 0.470000
0 0.628516 0.265625 0.010312 0.015000
0 0.478125 0.284896 0.065625 0.061250
0 0.332422 0.269271 0.025312 0.023750
0 0.015234 0.270833 0.015938 0.027500
0 0.988672 0.265625 0.010312 0.017500
0 0.206250 0.271875 0.033750 0.032500
0 0.684375 0.281771 0.026250 0.058750
0 0.317578 0.267708 0.021562 0.027500
0 0.722266 0.260937 0.008437 0.013750
0 0.663281 0.260937 0.013125 0.013750
0 0.444531 0.272917 0.020625 0.045000
0 0.216406 0.258854 0.015000 0.016250
0 0.155469 0.263021 0.022500 0.026250
0 0.286328 0.263542 0.021562 0.030000
0 0.149219 0.256771 0.013125 0.013750
0 0.186328 0.258854 0.014063 0.021250
0 0.696875 0.256771 0.013125 0.018750
0 0.528906 0.280208 0.041250 0.075000
0 0.783203 0.259896 0.023438 0.028750
0 0.493750 0.258854 0.028125 0.026250
0 0.064062 0.300000 0.127500 0.135000
0 0.843359 0.251563 0.023438 0.026250
0 0.648047 0.264583 0.044062 0.057500
0 0.416797 0.255729 0.027187 0.036250
0 0.382031 0.254167 0.031875 0.035000
0 0.198828 0.242188 0.015938 0.008750
0 0.019922 0.244271 0.017813 0.013750
0 0.346094 0.244792 0.020625 0.017500
0 0.280469 0.243229 0.013125 0.013750
0 0.842578 0.241667 0.014063 0.012500
0 0.760156 0.245312 0.028125 0.021250
0 0.290234 0.246875 0.014063 0.025000
0 0.039844 0.254167 0.031875 0.045000
0 0.681250 0.246354 0.028125 0.028750
0 0.152344 0.241667 0.024375 0.017500
0 0.664062 0.238542 0.022500 0.012500
0 0.554688 0.243750 0.013125 0.025000
0 0.344531 0.249479 0.037500 0.038750
0 0.318750 0.246354 0.018750 0.031250
0 0.956406 0.310937 0.087188 0.188750
0 0.591797 0.273958 0.119063 0.100000
0 0.852344 0.300521 0.187500 0.166250
0 0.757031 0.265625 0.088125 0.087500
0 0.492188 0.239063 0.026250 0.023750
0 0.007500 0.247396 0.015000 0.043750
0 0.172266 0.238542 0.029062 0.032500
0 0.970313 0.231771 0.009375 0.018750
0 0.883984 0.226562 0.017813 0.013750
0 0.712109 0.240625 0.023438 0.050000
0 0.458203 0.239063 0.049687 0.046250
0 0.372266 0.232813 0.038437 0.031250
0 0.939063 0.246875 0.063750 0.070000
0 0.579297 0.223958 0.015938 0.015000
0 0.353516 0.228646 0.017813 0.026250
0 0.863672 0.232813 0.025312 0.046250
0 0.203906 0.226042 0.039375 0.030000
0 0.631641 0.227083 0.047812 0.035000
0 0.562500 0.222917 0.013125 0.025000
0 0.433984 0.225000 0.017813 0.045000
0 0.057422 0.225521 0.036562 0.048750
0 0.621094 0.210938 0.020625 0.016250
0 0.264844 0.217188 0.018750 0.031250
0 0.073438 0.211458 0.013125 0.020000
0 0.241406 0.244271 0.069375 0.101250
0 0.768750 0.206771 0.022500 0.013750
0 0.839063 0.219792 0.035625 0.050000
0 0.699609 0.214583 0.021562 0.040000
0 0.645703 0.206250 0.023438 0.020000
0 0.584766 0.202604 0.015938 0.011250
0 0.046094 0.203646 0.011250 0.016250
0 0.416797 0.215104 0.015938 0.046250
0 0.083984 0.204687 0.017813 0.021250
0 0.895312 0.207292 0.015000 0.030000
0 0.711719 0.204687 0.020625 0.023750
0 0.957812 0.207813 0.054375 0.036250
0 0.386719 0.202083 0.011250 0.022500
0 0.185938 0.198958 0.015000 0.015000
0 0.687109 0.198958 0.014063 0.020000
0 0.063281 0.196875 0.013125 0.017500
0 0.400781 0.214062 0.033750 0.061250
0 0.597266 0.212500 0.034687 0.060000
0 0.008437 0.193750 0.016875 0.017500
0 0.499219 0.193229 0.024375 0.018750
0 0.769922 0.192188 0.015938 0.018750
0 0.672656 0.204687 0.039375 0.051250
0 0.619531 0.194271 0.016875 0.026250
0 0.192969 0.195312 0.016875 0.028750
0 0.799609 0.188021 0.008437 0.013750
0 0.208984 0.198437 0.019688 0.038750
0 0.641797 0.189583 0.027187 0.020000
0 0.340234 0.219792 0.098437 0.095000
0 0.276172 0.206771 0.023438 0.068750
0 0.223047 0.191146 0.012188 0.033750
0 0.808984 0.241667 0.143437 0.157500
0 0.550000 0.197917 0.048750 0.052500
0 0.584375 0.185938 0.026250 0.028750
0 0.785156 0.184896 0.018750 0.028750
0 0.118750 0.194271 0.041250 0.051250
0 0.592969 0.178646 0.009375 0.016250
0 0.839453 0.180208 0.019688 0.025000
0 0.406641 0.174479 0.008437 0.013750
0 0.430078 0.176563 0.010312 0.021250
0 0.107813 0.174479 0.009375 0.016250
0 0.562500 0.184375 0.033750 0.050000
0 0.231250 0.178646 0.015000 0.036250
0 0.489844 0.178646 0.018750 0.041250
0 0.601172 0.169271 0.008437 0.021250
0 0.866406 0.167187 0.016875 0.018750
0 0.434766 0.167708 0.010312 0.020000
0 0.157422 0.171354 0.023438 0.028750
0 0.984766 0.169271 0.029062 0.028750
0 0.709766 0.172396 0.015938 0.036250
0 0.529297 0.162500 0.012188 0.020000
0 0.610156 0.160417 0.013125 0.017500
0 0.987813 0.158333 0.024375 0.015000
0 0.934375 0.157292 0.009375 0.015000
0 0.493750 0.204167 0.148125 0.130000
0 0.334375 0.158333 0.015000 0.022500
0 0.883594 0.197396 0.151875 0.123750
0 0.367969 0.168750 0.084375 0.055000
0 0.412891 0.151042 0.014063 0.015000
0 0.532422 0.151562 0.014063 0.018750
0 0.508594 0.159375 0.035625 0.037500
0 0.780859 0.159375 0.062812 0.040000
0 0.919922 0.146875 0.015938 0.012500
0 0.423047 0.171875 0.044062 0.072500
0 0.857422 0.147396 0.008437 0.016250
0 0.742578 0.182292 0.074063 0.110000
0 0.714453 0.143750 0.019688 0.020000
0 0.496484 0.146354 0.014063 0.026250
0 0.598047 0.144792 0.017813 0.025000
0 0.354297 0.140625 0.017813 0.015000
0 0.480859 0.141667 0.025312 0.020000
0 0.181641 0.140104 0.012188 0.018750
0 0.752734 0.139063 0.010312 0.018750
0 0.535547 0.135937 0.012188 0.013750
0 0.344922 0.134896 0.014063 0.013750
0 0.895703 0.136458 0.023438 0.025000
0 0.656250 0.161979 0.120000 0.086250
0 0.730078 0.129688 0.034687 0.018750
0 0.524219 0.131771 0.009375 0.023750
0 0.477344 0.128125 0.013125 0.015000
0 0.350391 0.125521 0.021562 0.013750
0 0.912500 0.129167 0.028125 0.025000
0 0.103906 0.148438 0.043125 0.071250
0 0.070312 0.128125 0.024375 0.025000
0 0.059062 0.179167 0.118125 0.147500
0 0.209375 0.127604 0.030000 0.026250
0 0.016797 0.130208 0.027187 0.032500
0 0.703906 0.129688 0.018750 0.033750
0 0.773828 0.125000 0.038437 0.027500
0 0.988281 0.131771 0.023438 0.051250
0 0.419141 0.119792 0.015938 0.022500
0 0.116406 0.111979 0.011250 0.013750
0 0.907813 0.114583 0.020625 0.022500
0 0.978516 0.115104 0.014063 0.026250
0 0.828125 0.139063 0.060000 0.083750
0 0.360938 0.114583 0.018750 0.025000
0 0.686719 0.114583 0.030000 0.035000
0 0.458984 0.129167 0.055313 0.070000
0 0.430859 0.120833 0.021562 0.050000
0 0.405078 0.122396 0.045937 0.053750
0 0.554688 0.105208 0.015000 0.015000
0 0.101953 0.109375 0.025312 0.025000
0 0.745313 0.113542 0.031875 0.040000
0 0.385547 0.130729 0.057188 0.081250
0 0.233203 0.110417 0.036562 0.032500
0 0.213672 0.105729 0.014063 0.021250
0 0.577344 0.134375 0.090000 0.092500
0 0.953516 0.104688 0.017813 0.028750
0 0.941797 0.110417 0.015938 0.045000
0 0.824609 0.100000 0.008437 0.022500
0 0.132422 0.109896 0.038437 0.046250
0 0.519531 0.095833 0.007500 0.020000
0 0.503125 0.116146 0.060000 0.071250
0 0.353125 0.091667 0.013125 0.012500
0 0.800000 0.117708 0.061875 0.077500
0 0.989219 0.098437 0.021562 0.033750
0 0.276562 0.098437 0.020625 0.033750
0 0.567578 0.090625 0.014063 0.017500
0 0.760547 0.098958 0.025312 0.042500
0 0.782422 0.087500 0.015938 0.017500
0 0.857422 0.119271 0.074063 0.096250
0 0.976953 0.088021 0.014063 0.023750
0 0.723828 0.083854 0.008437 0.013750
0 0.766797 0.088542 0.027187 0.027500
0 0.484766 0.087500 0.015938 0.025000
0 0.206250 0.091146 0.016875 0.033750
0 0.287891 0.082292 0.012188 0.015000
0 0.873437 0.092708 0.030000 0.042500
0 0.802344 0.090104 0.028125 0.036250
0 0.430078 0.089063 0.014063 0.038750
0 0.171484 0.078646 0.017813 0.013750
0 0.667188 0.076563 0.013125 0.013750
0 0.398047 0.082812 0.029062 0.033750
0 0.305078 0.073958 0.012188 0.012500
0 0.665625 0.109896 0.073125 0.101250
0 0.889844 0.080208 0.013125 0.035000
0 0.726953 0.094271 0.062812 0.068750
0 0.708984 0.073438 0.025312 0.021250
0 0.453125 0.082812 0.045000 0.046250
0 0.215234 0.066146 0.014063 0.011250
0 0.776953 0.070833 0.027187 0.030000
0 0.452344 0.064062 0.016875 0.013750
0 0.290625 0.067187 0.007500 0.021250
0 0.476562 0.077604 0.028125 0.051250
0 0.935781 0.145313 0.128438 0.218750
0 0.231641 0.076042 0.049687 0.052500
0 0.672656 0.060417 0.009375 0.017500
0 0.280469 0.064062 0.011250 0.026250
0 0.838281 0.069271 0.039375 0.041250
0 0.809766 0.065104 0.019688 0.031250
0 0.397266 0.055729 0.012188 0.011250
0 0.540625 0.057813 0.026250 0.021250
0 0.369922 0.066146 0.029062 0.043750
0 0.338672 0.066146 0.025312 0.046250
0 0.387500 0.060937 0.011250 0.036250
0 0.991563 0.067187 0.016875 0.056250
0 0.784375 0.051042 0.015000 0.020000
0 0.761328 0.050521 0.015938 0.018750
0 0.832812 0.053646 0.031875 0.028750
0 0.412109 0.070312 0.029062 0.068750
0 0.496875 0.045312 0.013125 0.011250
0 0.283594 0.048438 0.015000 0.021250
0 0.982422 0.050000 0.021562 0.027500
0 0.021875 0.059375 0.020625 0.050000
0 0.357031 0.045312 0.020625 0.018750
0 0.214844 0.156771 0.339375 0.286250
0 0.598047 0.042708 0.014063 0.015000
0 0.377344 0.048958 0.018750 0.030000
0 0.202344 0.057813 0.037500 0.051250
0 0.541016 0.040104 0.014063 0.013750
0 0.028125 0.078646 0.056250 0.106250
0 0.711328 0.053125 0.045937 0.047500
0 0.700781 0.041667 0.013125 0.020000
0 0.121484 0.041146 0.010312 0.018750
0 0.436719 0.042188 0.016875 0.023750
0 0.710547 0.036458 0.010312 0.017500
0 0.361719 0.033854 0.013125 0.013750
0 0.428906 0.033854 0.016875 0.016250
0 0.033203 0.033333 0.012188 0.015000
0 0.744922 0.052604 0.051562 0.063750
0 0.577344 0.044271 0.016875 0.046250
0 0.322656 0.041667 0.028125 0.040000
0 0.163672 0.049479 0.092812 0.061250
0 0.820312 0.037500 0.063750 0.047500
0 0.709375 0.020833 0.009375 0.015000
0 0.015469 0.045312 0.030937 0.078750
0 0.317578 0.016667 0.008437 0.017500
0 0.166406 0.020313 0.016875 0.026250
0 0.027344 0.016667 0.016875 0.017500
0 0.992969 0.022396 0.014063 0.033750
0 0.836719 0.015104 0.009375 0.018750
0 0.854297 0.027604 0.029062 0.053750
0 0.388281 0.034375 0.060000 0.068750
0 0.768359 0.028750 0.059062 0.057500
0 0.410938 0.017500 0.020625 0.035000
0 0.918437 0.067500 0.163125 0.135000
0 0.876953 0.031250 0.029062 0.062500
0 0.741016 0.012500 0.008437 0.025000
0 0.723437 0.016250 0.028125 0.032500
0 0.688672 0.038125 0.044062 0.076250
0 0.663672 0.015000 0.019688 0.030000
0 0.582031 0.073125 0.217500 0.146250
0 0.464844 0.046250 0.097500 0.092500
0 0.433984 0.017500 0.034687 0.035000
0 0.390625 0.013125 0.022500 0.026250
0 0.342187 0.027500 0.048750 0.055000
0 0.324219 0.006875 0.013125 0.013750
0 0.294141 0.025000 0.047812 0.050000
0 0.264062 0.038125 0.035625 0.076250
0 0.247656 0.007500 0.018750 0.015000
0 0.234375 0.044375 0.050625 0.088750
0 0.191797 0.018750 0.053437 0.037500
0 0.105469 0.070625 0.150000 0.141250
0 0.041797 0.016875 0.044062 0.033750
