0 0.414844 0.892708 0.020625 0.042500
0 0.566016 0.825521 0.036562 0.033750
0 0.364844 0.766667 0.033750 0.032500
0 0.458203 0.759896 0.023438 0.046250
0 0.322266 0.728646 0.025312 0.041250
0 0.333594 0.704167 0.013125 0.017500
0 0.549219 0.717708 0.041250 0.062500
0 0.408594 0.697396 0.030000 0.028750
0 0.654687 0.695833 0.037500 0.035000
0 0.320312 0.685417 0.018750 0.030000
0 0.296094 0.684896 0.009375 0.031250
0 0.269531 0.689583 0.022500 0.042500
0 0.616797 0.686979 0.027187 0.041250
0 0.325781 0.676042 0.016875 0.025000
0 0.387500 0.682292 0.022500 0.047500
0 0.408203 0.671875 0.019688 0.025000
0 0.453516 0.659896 0.019688 0.011250
0 0.466406 0.650000 0.011250 0.017500
0 0.348438 0.678646 0.069375 0.096250
0 0.276953 0.641667 0.029062 0.020000
0 0.301953 0.652604 0.023438 0.066250
0 0.380469 0.642708 0.035625 0.045000
0 0.348438 0.657292 0.052500 0.080000
0 0.275000 0.625000 0.013125 0.020000
0 0.454688 0.629687 0.022500 0.033750
0 0.438672 0.657813 0.077812 0.103750
0 0.311719 0.620833 0.016875 0.040000
0 0.330078 0.607812 0.015938 0.011250
0 0.514844 0.639062 0.030000 0.091250
0 0.445312 0.631771 0.022500 0.073750
0 0.258203 0.617708 0.019688 0.047500
0 0.319141 0.598958 0.017813 0.015000
0 0.448437 0.590625 0.016875 0.012500
0 0.480859 0.612500 0.034687 0.070000
0 0.308594 0.586979 0.020625 0.013750
0 0.432812 0.584375 0.013125 0.017500
0 0.410156 0.582292 0.026250 0.022500
0 0.399609 0.604688 0.044062 0.083750
0 0.239844 0.583854 0.028125 0.041250
0 0.326953 0.573438 0.027187 0.018750
0 0.480078 0.572917 0.012188 0.020000
0 0.610156 0.571875 0.030000 0.032500
0 0.260156 0.564583 0.015000 0.015000
0 0.553906 0.586458 0.046875 0.085000
0 0.355859 0.590104 0.059062 0.096250
0 0.470313 0.552604 0.022500 0.023750
0 0.548438 0.545312 0.020625 0.011250
0 0.350781 0.549479 0.013125 0.026250
0 0.310156 0.544271 0.009375 0.013750
0 0.372266 0.555208 0.015938 0.045000
0 0.450391 0.560417 0.049687 0.065000
0 0.484766 0.559896 0.044062 0.066250
0 0.585547 0.556250 0.025312 0.065000
0 0.528125 0.539062 0.022500 0.028750
0 0.382031 0.546354 0.031875 0.048750
0 0.332422 0.542708 0.015938 0.040000
0 0.419141 0.531771 0.017813 0.023750
0 0.232813 0.529167 0.031875 0.052500
0 0.367188 0.516667 0.020625 0.027500
0 0.299219 0.512500 0.016875 0.020000
0 0.566797 0.520833 0.059062 0.047500
0 0.420703 0.510417 0.014063 0.022500
0 0.445312 0.521354 0.046875 0.051250
0 0.637891 0.522396 0.055313 0.078750
0 0.612109 0.527083 0.040313 0.095000
0 0.376563 0.494271 0.015000 0.018750
0 0.337891 0.492708 0.008437 0.030000
0 0.246875 0.486458 0.013125 0.022500
0 0.207422 0.491667 0.032813 0.040000
0 0.629687 0.479687 0.022500 0.016250
0 0.435547 0.484896 0.014063 0.028750
0 0.615234 0.477604 0.015938 0.016250
0 0.457813 0.491146 0.031875 0.048750
0 0.511719 0.482292 0.020625 0.052500
0 0.635938 0.464583 0.009375 0.012500
0 0.515234 0.534375 0.066562 0.180000
0 0.301563 0.513542 0.046875 0.142500
0 0.453516 0.459375 0.027187 0.025000
0 0.659766 0.480208 0.042188 0.080000
0 0.559766 0.470833 0.055313 0.072500
0 0.250000 0.527604 0.129375 0.213750
0 0.328516 0.444792 0.008437 0.025000
0 0.435547 0.442188 0.012188 0.021250
0 0.556250 0.436458 0.016875 0.015000
0 0.296875 0.440625 0.009375 0.025000
0 0.321875 0.461979 0.022500 0.083750
0 0.451953 0.436458 0.017813 0.030000
0 0.589453 0.467708 0.049687 0.110000
0 0.482422 0.466667 0.047812 0.112500
0 0.541016 0.450000 0.019688 0.075000
0 0.255469 0.451042 0.080625 0.077500
0 0.471094 0.419792 0.026250 0.027500
0 0.454688 0.414583 0.009375 0.017500
0 0.199219 0.419271 0.022500 0.038750
0 0.446094 0.410417 0.007500 0.025000
0 0.666016 0.419792 0.023438 0.050000
0 0.519922 0.418229 0.027187 0.046250
0 0.601172 0.422396 0.019688 0.058750
0 0.608984 0.408333 0.017813 0.030000
0 0.544531 0.409896 0.015000 0.038750
0 0.436719 0.410938 0.018750 0.046250
0 0.364844 0.398958 0.016875 0.017500
0 0.240234 0.410938 0.019688 0.048750
0 0.573438 0.405729 0.037500 0.046250
0 0.489844 0.395313 0.028125 0.028750
0 0.307422 0.407292 0.042188 0.065000
0 0.385937 0.406250 0.046875 0.065000
0 0.231250 0.383854 0.011250 0.018750
0 0.523047 0.384375 0.017813 0.022500
0 0.359375 0.429167 0.060000 0.137500
0 0.637109 0.417708 0.045937 0.112500
0 0.597656 0.382292 0.020625 0.035000
0 0.207813 0.386979 0.033750 0.048750
0 0.682422 0.379688 0.038437 0.033750
0 0.361719 0.376563 0.026250 0.031250
0 0.225391 0.368229 0.010312 0.013750
0 0.530859 0.362500 0.012188 0.017500
0 0.633203 0.373958 0.029062 0.060000
0 0.509375 0.361979 0.028125 0.038750
0 0.292578 0.362500 0.045937 0.040000
0 0.338672 0.422917 0.060937 0.187500
0 0.353125 0.347396 0.016875 0.008750
0 0.153516 0.353125 0.032813 0.027500
0 0.561719 0.367708 0.060000 0.065000
0 0.198437 0.354167 0.033750 0.032500
0 0.381250 0.360938 0.037500 0.056250
0 0.449609 0.371875 0.060937 0.087500
0 0.474219 0.356250 0.022500 0.052500
0 0.547656 0.348438 0.016875 0.043750
0 0.678906 0.339062 0.018750 0.033750
0 0.254688 0.373958 0.076875 0.117500
0 0.656250 0.347396 0.041250 0.068750
0 0.367578 0.330208 0.021562 0.030000
0 0.236719 0.323958 0.026250 0.015000
0 0.457031 0.326042 0.015000 0.022500
0 0.668359 0.320833 0.017813 0.012500
0 0.499609 0.352604 0.036562 0.088750
0 0.338281 0.341667 0.028125 0.070000
0 0.294922 0.331250 0.025312 0.045000
0 0.487891 0.315625 0.014063 0.012500
0 0.545312 0.317708 0.015000 0.022500
0 0.362109 0.313542 0.023438 0.012500
0 0.420703 0.321354 0.021562 0.036250
0 0.344141 0.317708 0.012188 0.027500
0 0.469922 0.327083 0.030937 0.055000
0 0.258203 0.312500 0.023438 0.027500
0 0.565234 0.319792 0.032813 0.050000
0 0.664062 0.307292 0.013125 0.025000
0 0.585156 0.308333 0.026250 0.032500
0 0.638281 0.306250 0.037500 0.030000
0 0.224219 0.314583 0.052500 0.060000
0 0.714063 0.308333 0.024375 0.047500
0 0.400781 0.301042 0.030000 0.037500
0 0.292187 0.298958 0.015000 0.032500
0 0.490625 0.294792 0.011250 0.025000
0 0.317578 0.300521 0.017813 0.041250
0 0.450000 0.303125 0.050625 0.052500
0 0.304688 0.295312 0.011250 0.033750
0 0.598047 0.292708 0.012188 0.032500
0 0.691797 0.317708 0.060937 0.105000
0 0.162109 0.290625 0.059062 0.040000
0 0.632422 0.281771 0.012188 0.031250
0 0.369531 0.292708 0.041250 0.062500
0 0.606250 0.317188 0.067500 0.128750
0 0.565625 0.279687 0.022500 0.056250
0 0.419141 0.276042 0.032813 0.055000
0 0.686719 0.271354 0.035625 0.046250
0 0.284766 0.271875 0.053437 0.047500
0 0.482031 0.260937 0.013125 0.033750
0 0.394531 0.256771 0.022500 0.023750
0 0.601172 0.250000 0.021562 0.020000
0 0.584766 0.264062 0.015938 0.058750
0 0.497266 0.248438 0.010312 0.021250
0 0.552734 0.247917 0.015938 0.022500
0 0.624219 0.250521 0.048750 0.036250
0 0.289844 0.242708 0.009375 0.017500
0 0.376172 0.240625 0.019688 0.037500
0 0.700000 0.243750 0.024375 0.050000
0 0.668359 0.239063 0.017813 0.041250
0 0.407031 0.228125 0.009375 0.017500
0 0.629687 0.233854 0.020625 0.033750
0 0.437109 0.250000 0.029062 0.072500
0 0.337891 0.263542 0.049687 0.107500
0 0.559375 0.227604 0.015000 0.026250
0 0.237500 0.236979 0.058125 0.048750
0 0.526953 0.282813 0.066562 0.161250
0 0.413672 0.229167 0.019688 0.050000
0 0.628125 0.219792 0.033750 0.030000
0 0.539062 0.208333 0.015000 0.007500
0 0.535547 0.223958 0.025312 0.050000
0 0.359766 0.217708 0.038437 0.037500
0 0.448437 0.205208 0.013125 0.015000
0 0.396875 0.214062 0.015000 0.043750
0 0.313281 0.210417 0.035625 0.035000
0 0.298438 0.225521 0.039375 0.071250
0 0.433984 0.203646 0.023438 0.021250
0 0.376563 0.204167 0.011250 0.022500
0 0.339453 0.201563 0.010312 0.021250
0 0.668750 0.204687 0.026250 0.033750
0 0.646484 0.243750 0.042188 0.127500
0 0.560156 0.195312 0.020625 0.011250
0 0.262891 0.210417 0.051562 0.085000
0 0.434375 0.189583 0.052500 0.037500
0 0.488672 0.211979 0.064687 0.096250
0 0.600000 0.203125 0.060000 0.085000
0 0.391406 0.180208 0.028125 0.030000
0 0.379688 0.172396 0.015000 0.011250
0 0.318750 0.181250 0.060000 0.032500
0 0.644531 0.177604 0.033750 0.036250
0 0.664844 0.164583 0.035625 0.037500
0 0.544141 0.175521 0.070312 0.068750
0 0.484766 0.164062 0.015938 0.041250
0 0.594922 0.156771 0.053437 0.038750
0 0.325391 0.153646 0.029062 0.033750
0 0.464062 0.204687 0.048750 0.166250
0 0.404687 0.164062 0.022500 0.068750
0 0.348047 0.153125 0.029062 0.047500
0 0.556250 0.130208 0.013125 0.015000
0 0.356250 0.157292 0.056250 0.097500
0 0.403906 0.117188 0.015000 0.008750
0 0.432031 0.143750 0.045000 0.075000
0 0.471094 0.130208 0.026250 0.045000
0 0.451172 0.119271 0.021562 0.028750
0 0.571484 0.127604 0.032813 0.063750
0 0.546094 0.125521 0.020625 0.061250
0 0.525000 0.117188 0.022500 0.043750
0 0.371094 0.112500 0.035625 0.035000
0 0.537500 0.097396 0.015000 0.031250
0 0.475781 0.077083 0.045000 0.050000
0 0.417578 0.086979 0.092812 0.073750
0 0.494141 0.108854 0.087188 0.151250
0 0.541406 0.055208 0.026250 0.047500
0 0.416016 0.017500 0.036562 0.035000
0 0.638281 0.600000 0.646875 1.000000
0 0.606250 0.013750 0.024375 0.027500
0 0.560547 0.012500 0.021562 0.025000
0 0.196094 0.600000 0.371250 1.000000
