0 0.479687 0.978518 0.051750 0.042964
0 0.464687 0.961699 0.023250 0.023980
0 0.576562 0.918401 0.054750 0.045962
0 0.468438 0.907993 0.051750 0.044963
0 0.583125 0.887594 0.013500 0.025978
0 0.557500 0.889259 0.033000 0.037968
0 0.720313 0.892590 0.036750 0.057952
0 0.838437 0.832223 0.051750 0.040966
0 0.668750 0.782681 0.022500 0.013988
0 0.566250 0.803497 0.060000 0.067943
0 0.572187 0.777269 0.012750 0.014988
0 0.533438 0.771024 0.017250 0.013988
0 0.605313 0.766861 0.024750 0.013988
0 0.664062 0.765612 0.012750 0.016986
0 0.639062 0.767277 0.018750 0.022981
0 0.574063 0.759784 0.011250 0.012989
0 0.436250 0.760200 0.034500 0.019983
0 0.678750 0.778934 0.085500 0.074938
0 0.675000 0.753955 0.021000 0.016986
0 0.872500 0.758535 0.049500 0.041965
0 0.357187 0.763947 0.066750 0.054954
0 0.513750 0.744796 0.022500 0.014988
0 0.722812 0.748127 0.033750 0.040966
0 0.751563 0.765196 0.071250 0.083930
0 0.464375 0.751873 0.060000 0.057952
0 0.663125 0.736053 0.007500 0.023980
0 0.629375 0.735637 0.025500 0.022981
0 0.475313 0.729808 0.011250 0.024979
0 0.502500 0.751041 0.055500 0.089925
0 0.361250 0.729392 0.019500 0.041965
0 0.314375 0.727311 0.085500 0.038968
0 0.818125 0.742298 0.066000 0.078934
0 0.620313 0.713988 0.008250 0.018984
0 0.420938 0.726062 0.036750 0.051957
0 0.366250 0.703997 0.015000 0.010991
0 0.639375 0.715654 0.046500 0.042964
0 0.538125 0.735221 0.078000 0.089925
0 0.844688 0.706078 0.017250 0.025978
0 0.322500 0.708160 0.018000 0.030974
0 0.787500 0.722731 0.061500 0.069942
0 0.505938 0.704829 0.026250 0.030974
0 0.824688 0.700250 0.012750 0.021982
0 0.467187 0.701082 0.021750 0.023980
0 0.445312 0.696919 0.023250 0.021982
0 0.811875 0.697336 0.010500 0.024979
0 0.650000 0.691091 0.009000 0.013988
0 0.796875 0.702331 0.012000 0.044963
0 0.770000 0.678601 0.009000 0.011990
0 0.584375 0.717319 0.117000 0.104913
0 0.788125 0.677352 0.009000 0.012989
0 0.356250 0.692340 0.036000 0.048959
0 0.737812 0.701499 0.062250 0.074938
0 0.699375 0.703580 0.067500 0.079933
0 0.882188 0.686511 0.033750 0.040966
0 0.663125 0.676520 0.018000 0.018984
0 0.423750 0.681099 0.036000 0.029975
0 0.633125 0.670275 0.010500 0.011990
0 0.399062 0.721898 0.065250 0.151873
0 0.717187 0.667361 0.023250 0.024979
0 0.641250 0.661532 0.016500 0.012989
0 0.911250 0.676103 0.045000 0.049958
0 0.295000 0.680683 0.046500 0.060949
0 0.880938 0.659034 0.023250 0.010991
0 0.817187 0.666944 0.012750 0.033972
0 0.436563 0.665695 0.017250 0.036969
0 0.500625 0.659867 0.027000 0.028976
0 0.800937 0.651124 0.014250 0.013988
0 0.660937 0.654455 0.014250 0.023980
0 0.528750 0.669026 0.034500 0.058951
0 0.625313 0.644463 0.009750 0.013988
0 0.342500 0.644879 0.013500 0.014988
0 0.570625 0.653622 0.016500 0.037968
0 0.705937 0.648210 0.008250 0.026978
0 0.642188 0.636553 0.012750 0.006994
0 0.689375 0.652789 0.025500 0.049958
0 0.554688 0.651540 0.021750 0.056953
0 0.360000 0.645712 0.030000 0.044963
0 0.403750 0.631973 0.006000 0.017985
0 0.327500 0.651957 0.060000 0.071940
0 0.475313 0.666112 0.060750 0.107910
0 0.847812 0.654871 0.030750 0.088926
0 0.439688 0.622814 0.017250 0.011990
0 0.692500 0.622814 0.018000 0.013988
0 0.501563 0.634888 0.027750 0.046961
0 0.741563 0.641965 0.093750 0.071940
0 0.245938 0.631141 0.048750 0.053955
0 0.872500 0.623647 0.027000 0.039967
0 0.607500 0.650708 0.049500 0.104913
0 0.316250 0.613239 0.006000 0.018984
0 0.789687 0.616986 0.036750 0.029975
0 0.685937 0.607827 0.012750 0.013988
0 0.638750 0.608659 0.016500 0.015987
0 0.815000 0.624063 0.019500 0.054954
0 0.492812 0.604080 0.006750 0.014988
0 0.858437 0.601998 0.008250 0.013988
0 0.271875 0.613239 0.052500 0.048959
0 0.275313 0.600749 0.018750 0.020983
0 0.791875 0.595337 0.015000 0.023980
0 0.201563 0.595754 0.053250 0.038968
0 0.386562 0.580350 0.018750 0.009992
0 0.427187 0.613655 0.054750 0.097918
0 0.220000 0.577019 0.018000 0.009992
0 0.448125 0.596170 0.028500 0.061948
0 0.803125 0.579517 0.028500 0.023980
0 0.689375 0.589092 0.048000 0.046961
0 0.721562 0.572440 0.023250 0.012989
0 0.270313 0.577019 0.020250 0.025978
0 0.242188 0.580350 0.024750 0.033972
0 0.571250 0.599500 0.087000 0.085928
0 0.435625 0.565779 0.015000 0.010991
0 0.612187 0.587011 0.041250 0.063947
0 0.760312 0.589092 0.047250 0.072939
0 0.651875 0.599917 0.064500 0.098918
0 0.879687 0.582015 0.033750 0.057952
0 0.155000 0.572440 0.055500 0.034971
0 0.699375 0.587011 0.105000 0.073938
0 0.322813 0.593672 0.084750 0.089925
0 0.464062 0.590758 0.048750 0.084929
0 0.717812 0.561199 0.018750 0.015987
0 0.383437 0.611157 0.066750 0.135887
0 0.824375 0.577435 0.031500 0.068943
0 0.499375 0.584929 0.075000 0.092923
0 0.843437 0.571191 0.026250 0.063947
0 0.881250 0.549126 0.016500 0.012989
0 0.509062 0.564946 0.062250 0.052956
0 0.579688 0.548709 0.044250 0.037968
0 0.538750 0.548293 0.052500 0.036969
0 0.251250 0.546628 0.049500 0.038968
0 0.453125 0.537469 0.013500 0.018984
0 0.794375 0.547877 0.033000 0.047960
0 0.685937 0.540383 0.056250 0.029975
0 0.183438 0.547877 0.029250 0.047960
0 0.350313 0.540383 0.033750 0.039967
0 0.315312 0.540383 0.054750 0.039967
0 0.767813 0.539550 0.015750 0.039967
0 0.734688 0.545379 0.029250 0.053955
0 0.430937 0.538718 0.026250 0.043963
0 0.811875 0.524147 0.012000 0.012989
0 0.395625 0.537469 0.036000 0.046961
0 0.869687 0.527893 0.008250 0.025978
0 0.689688 0.521232 0.015750 0.011990
0 0.130312 0.535387 0.074250 0.055953
0 0.176563 0.517485 0.012750 0.014988
0 0.635938 0.517485 0.020250 0.020983
0 0.503750 0.511657 0.012000 0.006994
0 0.133437 0.515404 0.014250 0.019983
0 0.295625 0.514571 0.010500 0.019983
0 0.882812 0.523730 0.032250 0.043963
0 0.647188 0.532889 0.026250 0.069942
0 0.412813 0.527061 0.042750 0.059950
0 0.209063 0.540383 0.036750 0.093922
0 0.270937 0.511241 0.045750 0.025978
0 0.517813 0.514155 0.060750 0.040966
0 0.151562 0.503747 0.018750 0.015987
0 0.861563 0.501249 0.017250 0.017985
0 0.465000 0.519983 0.022500 0.062948
0 0.441563 0.496253 0.012750 0.005995
0 0.258437 0.516236 0.078750 0.053955
0 0.549063 0.502498 0.024750 0.026978
0 0.184688 0.502498 0.015750 0.028976
0 0.668125 0.492506 0.006000 0.012989
0 0.808125 0.502082 0.031500 0.039967
0 0.390625 0.490008 0.034500 0.018984
0 0.780312 0.494588 0.020250 0.031973
0 0.158750 0.487094 0.010500 0.017985
0 0.645938 0.493339 0.045750 0.036969
0 0.828750 0.488343 0.018000 0.026978
0 0.127500 0.490008 0.018000 0.032973
0 0.494375 0.508743 0.066000 0.081932
0 0.860625 0.481266 0.016500 0.019983
0 0.259062 0.488759 0.050250 0.037968
0 0.764375 0.482931 0.034500 0.029975
0 0.315937 0.498751 0.084750 0.073938
0 0.426875 0.475437 0.009000 0.019983
0 0.612187 0.481266 0.042750 0.039967
0 0.210938 0.481266 0.048750 0.039967
0 0.446250 0.475437 0.024000 0.029975
0 0.373750 0.474604 0.025500 0.027977
0 0.165937 0.471274 0.015750 0.023980
0 0.791875 0.472107 0.009000 0.027977
0 0.852500 0.459201 0.019500 0.008993
0 0.592500 0.507910 0.090000 0.125895
0 0.221875 0.456703 0.010500 0.008993
0 0.820312 0.461699 0.033750 0.028976
0 0.675312 0.462115 0.012750 0.029975
0 0.135000 0.461699 0.018000 0.032973
0 0.237813 0.460450 0.023250 0.031973
0 0.163125 0.452956 0.024000 0.015987
0 0.833438 0.445046 0.015750 0.006994
0 0.516563 0.462531 0.060750 0.058951
0 0.408125 0.442132 0.012000 0.013988
0 0.785312 0.446295 0.009750 0.029975
0 0.096250 0.457119 0.039000 0.059950
0 0.185625 0.447127 0.075000 0.043963
0 0.863750 0.448376 0.015000 0.048959
0 0.335313 0.433805 0.021750 0.015987
0 0.314063 0.475021 0.131250 0.118901
0 0.174687 0.430891 0.021750 0.012989
0 0.466562 0.446711 0.080250 0.058951
0 0.388437 0.451291 0.057750 0.069942
0 0.244688 0.428809 0.014250 0.017985
0 0.752500 0.424230 0.009000 0.010991
0 0.746875 0.443381 0.054000 0.060949
0 0.663750 0.435887 0.022500 0.042964
0 0.599375 0.432973 0.057000 0.043963
0 0.431250 0.418818 0.019500 0.015987
0 0.818125 0.420899 0.021000 0.024979
0 0.718750 0.410491 0.012000 0.015987
0 0.776875 0.405495 0.009000 0.017985
0 0.810000 0.414238 0.031500 0.042964
0 0.295000 0.399667 0.015000 0.009992
0 0.290000 0.409659 0.048000 0.033972
0 0.713437 0.457535 0.096750 0.154871
0 0.155938 0.395504 0.015750 0.011990
0 0.608437 0.401749 0.024750 0.028976
0 0.538125 0.397585 0.013500 0.022981
0 0.259375 0.393838 0.019500 0.017985
0 0.831562 0.401749 0.035250 0.040966
0 0.862812 0.412157 0.054750 0.069942
0 0.403125 0.390092 0.018000 0.018984
0 0.633125 0.405495 0.024000 0.063947
0 0.308437 0.395087 0.017250 0.040966
0 0.703750 0.390092 0.024000 0.030974
0 0.646875 0.430891 0.054000 0.130891
0 0.203750 0.410908 0.081000 0.082931
0 0.855625 0.380100 0.009000 0.010991
0 0.138437 0.410075 0.045750 0.082931
0 0.271562 0.383430 0.012750 0.022981
0 0.549687 0.412157 0.108750 0.093922
0 0.192188 0.378851 0.017250 0.017985
0 0.759062 0.401332 0.077250 0.073938
0 0.119375 0.387594 0.040500 0.042964
0 0.819063 0.376769 0.006750 0.018984
0 0.134687 0.375104 0.012750 0.016986
0 0.455313 0.386345 0.039750 0.045962
0 0.307500 0.370941 0.010500 0.014988
0 0.168750 0.367610 0.019500 0.010991
0 0.772500 0.379267 0.045000 0.042964
0 0.425312 0.388843 0.048750 0.069942
0 0.387500 0.369692 0.024000 0.023980
0 0.815625 0.361782 0.009000 0.012989
0 0.142187 0.365112 0.030750 0.022981
0 0.180625 0.359284 0.006000 0.014988
0 0.833750 0.358451 0.027000 0.016986
0 0.495000 0.390924 0.063000 0.110908
0 0.716875 0.357202 0.024000 0.031973
0 0.354375 0.346794 0.016500 0.008993
0 0.414375 0.350958 0.025500 0.022981
0 0.290000 0.345129 0.015000 0.008993
0 0.231563 0.383014 0.098250 0.101915
0 0.769062 0.344296 0.008250 0.012989
0 0.680000 0.356786 0.052500 0.044963
0 0.485625 0.339301 0.012000 0.006994
0 0.836875 0.354704 0.040500 0.047960
0 0.627188 0.338884 0.008250 0.015987
0 0.569688 0.361366 0.099750 0.071940
0 0.587187 0.341382 0.020250 0.031973
0 0.452813 0.348043 0.059250 0.047960
0 0.607812 0.357202 0.081750 0.073938
0 0.098437 0.348460 0.039750 0.054954
0 0.196563 0.330142 0.009750 0.018984
0 0.129062 0.345129 0.032250 0.054954
0 0.816250 0.330974 0.013500 0.022981
0 0.523125 0.327227 0.016500 0.013988
0 0.351250 0.354704 0.042000 0.079933
0 0.721562 0.338884 0.069750 0.047960
0 0.307188 0.327227 0.008250 0.023980
0 0.260313 0.340133 0.075750 0.058951
0 0.160000 0.334305 0.040500 0.050958
0 0.517188 0.319317 0.006750 0.016986
0 0.781250 0.335970 0.045000 0.058951
0 0.635625 0.344296 0.096000 0.078934
0 0.349375 0.323064 0.013500 0.031973
0 0.495625 0.321815 0.018000 0.036969
0 0.664687 0.320150 0.032250 0.040966
0 0.758750 0.316819 0.013500 0.036969
0 0.546875 0.316403 0.070500 0.037968
0 0.272813 0.305579 0.020250 0.013988
0 0.202187 0.311407 0.029250 0.029975
0 0.175313 0.311407 0.023250 0.029975
0 0.792500 0.300999 0.009000 0.014988
0 0.360625 0.299334 0.025500 0.016986
0 0.282500 0.317236 0.024000 0.061948
0 0.367812 0.378435 0.165750 0.210824
0 0.445625 0.295171 0.009000 0.018984
0 0.255937 0.293505 0.012750 0.022981
0 0.604688 0.296003 0.027750 0.036969
0 0.539062 0.287677 0.012750 0.018984
0 0.378125 0.308493 0.027000 0.070941
0 0.688438 0.294754 0.026250 0.041965
0 0.574688 0.290591 0.032250 0.033972
0 0.235937 0.284346 0.027750 0.018984
0 0.402500 0.288510 0.024000 0.030974
0 0.179063 0.290591 0.068250 0.041965
0 0.565000 0.276853 0.018000 0.014988
0 0.727812 0.276436 0.014250 0.017985
0 0.458750 0.276020 0.009000 0.016986
0 0.417187 0.297669 0.030750 0.070941
0 0.400938 0.267694 0.014250 0.010991
0 0.343750 0.265196 0.009000 0.012989
0 0.267500 0.263530 0.012000 0.008993
0 0.246875 0.263114 0.012000 0.009992
0 0.760625 0.266861 0.018000 0.020983
0 0.742500 0.283930 0.022500 0.061948
0 0.284375 0.266028 0.021000 0.020983
0 0.784062 0.264363 0.017250 0.022981
0 0.649375 0.275187 0.051000 0.048959
0 0.818750 0.288510 0.064500 0.094921
0 0.750938 0.251041 0.009750 0.008993
0 0.224688 0.271857 0.041250 0.060949
0 0.439063 0.289342 0.066750 0.106911
0 0.605313 0.260616 0.029250 0.039967
0 0.332813 0.268526 0.065250 0.058951
0 0.484375 0.247710 0.010500 0.012989
0 0.504687 0.263114 0.092250 0.057952
0 0.713750 0.278518 0.055500 0.098918
0 0.591562 0.237302 0.023250 0.015987
0 0.713437 0.232723 0.015750 0.006994
0 0.366875 0.251041 0.061500 0.052956
0 0.188750 0.254788 0.048000 0.063947
0 0.224062 0.236470 0.011250 0.021982
0 0.624375 0.236470 0.049500 0.037968
0 0.785625 0.230641 0.054000 0.039967
0 0.493437 0.221066 0.011250 0.016986
0 0.712812 0.219400 0.015750 0.018984
0 0.313437 0.225645 0.024750 0.033972
0 0.219688 0.215654 0.017250 0.011990
0 0.727187 0.220233 0.020250 0.024979
0 0.684063 0.225645 0.029250 0.039967
0 0.188125 0.222315 0.040500 0.047960
0 0.385625 0.221066 0.058500 0.058951
0 0.488438 0.219400 0.038250 0.062948
0 0.290625 0.240633 0.084000 0.115903
0 0.441875 0.227311 0.043500 0.087927
0 0.509375 0.195670 0.009000 0.015987
0 0.199687 0.196087 0.009750 0.016986
0 0.405313 0.201915 0.030750 0.032973
0 0.844375 0.201082 0.049500 0.032973
0 0.293125 0.207744 0.021000 0.056953
0 0.728125 0.210241 0.087000 0.066944
0 0.553438 0.224813 0.093750 0.131890
0 0.251250 0.190674 0.022500 0.051957
0 0.422812 0.179017 0.044250 0.029975
0 0.471875 0.179017 0.024000 0.037968
0 0.529687 0.164863 0.014250 0.007993
0 0.335938 0.190258 0.033750 0.068943
0 0.212500 0.176936 0.028500 0.036969
0 0.611875 0.189009 0.108000 0.067943
0 0.600000 0.171107 0.018000 0.024979
0 0.257500 0.175271 0.010500 0.034971
0 0.498125 0.174022 0.018000 0.033972
0 0.427187 0.159867 0.011250 0.009992
0 0.325000 0.156120 0.013500 0.012989
0 0.592812 0.153206 0.006750 0.013988
0 0.306563 0.170275 0.015750 0.058951
0 0.512500 0.153206 0.018000 0.019983
0 0.352187 0.169858 0.042750 0.059950
0 0.277813 0.163197 0.038250 0.043963
0 0.443750 0.150708 0.019500 0.017985
0 0.818125 0.139883 0.021000 0.017985
0 0.245000 0.134888 0.015000 0.007993
0 0.430937 0.138634 0.009750 0.026978
0 0.617500 0.126978 0.013500 0.006994
0 0.550000 0.146545 0.040500 0.053955
0 0.324062 0.132806 0.011250 0.022981
0 0.527188 0.139883 0.011250 0.041965
0 0.398125 0.143630 0.040500 0.052956
0 0.801250 0.133639 0.018000 0.042964
0 0.776563 0.136969 0.039750 0.050958
0 0.538438 0.120316 0.030750 0.014988
0 0.296250 0.128226 0.016500 0.037968
0 0.461875 0.135304 0.075000 0.056953
0 0.375937 0.148210 0.053250 0.089925
0 0.176875 0.136137 0.036000 0.062948
0 0.641875 0.123647 0.040500 0.040966
0 0.332500 0.124480 0.048000 0.044963
0 0.072188 0.122398 0.039750 0.051957
0 0.423438 0.105329 0.014250 0.014988
0 0.376250 0.105745 0.037500 0.017985
0 0.680000 0.116570 0.049500 0.051957
0 0.534062 0.114072 0.068250 0.049958
0 0.314063 0.094505 0.029250 0.016986
0 0.252812 0.116153 0.087750 0.068943
0 0.378125 0.093672 0.010500 0.016986
0 0.329062 0.092007 0.008250 0.014988
0 0.476250 0.087843 0.021000 0.012989
0 0.401250 0.106162 0.042000 0.070941
0 0.490312 0.101166 0.066750 0.062948
0 0.340625 0.078268 0.033000 0.017985
0 0.125625 0.089092 0.040500 0.049958
0 0.306563 0.074938 0.047250 0.029975
0 0.367500 0.078268 0.022500 0.039967
0 0.454375 0.080766 0.051000 0.047960
0 0.601562 0.110741 0.078750 0.123897
0 0.423438 0.080350 0.039750 0.054954
0 0.392188 0.061199 0.033750 0.030974
0 0.098437 0.027893 0.038250 0.050958
0 0.818125 0.600000 0.363750 1.000000
0 0.310000 0.013988 0.045000 0.027977
0 0.267375 0.578018 0.534750 1.000000
