0 0.557292 0.703516 0.035000 0.027187
0 0.718229 0.687500 0.031250 0.028125
0 0.501042 0.678516 0.022500 0.017813
0 0.445312 0.675391 0.023750 0.012188
0 0.325521 0.677734 0.018750 0.017813
0 0.332292 0.665234 0.052500 0.029062
0 0.704688 0.659766 0.028750 0.027187
0 0.290104 0.655859 0.073750 0.030937
0 0.623958 0.652734 0.037500 0.027187
0 0.183333 0.651563 0.072500 0.031875
0 0.356250 0.647266 0.027500 0.029062
0 0.746875 0.642188 0.030000 0.028125
0 0.454688 0.633203 0.028750 0.014063
0 0.327604 0.636328 0.038750 0.021562
0 0.669792 0.638281 0.027500 0.031875
0 0.347917 0.628516 0.012500 0.014063
0 0.524479 0.637891 0.066250 0.049687
0 0.513542 0.625391 0.015000 0.019688
0 0.148958 0.619141 0.042500 0.019688
0 0.624479 0.620313 0.028750 0.045000
0 0.653125 0.614844 0.035000 0.033750
0 0.675521 0.600391 0.036250 0.014063
0 0.339062 0.610547 0.081250 0.038437
0 0.272917 0.610547 0.055000 0.038437
0 0.430208 0.613672 0.177500 0.051562
0 0.272917 0.587891 0.025000 0.010312
0 0.575521 0.609766 0.103750 0.070312
0 0.221875 0.600391 0.095000 0.057188
0 0.371354 0.583594 0.061250 0.020625
0 0.263021 0.582812 0.033750 0.018750
0 0.326042 0.585547 0.052500 0.040313
0 0.217188 0.572656 0.023750 0.013125
0 0.410417 0.577734 0.017500 0.032813
0 0.641146 0.579688 0.046250 0.043125
0 0.241667 0.569531 0.035000 0.028125
0 0.458333 0.564453 0.035000 0.017813
0 0.671354 0.559375 0.023750 0.007500
0 0.379688 0.559375 0.063750 0.030000
0 0.258333 0.549609 0.065000 0.019688
0 0.349479 0.551562 0.043750 0.028125
0 0.708333 0.545312 0.017500 0.018750
0 0.292708 0.558984 0.080000 0.051562
0 0.516146 0.574219 0.243750 0.097500
0 0.323958 0.537500 0.027500 0.011250
0 0.754687 0.543359 0.031250 0.030937
0 0.624479 0.536719 0.008750 0.015000
0 0.382812 0.538672 0.033750 0.019688
0 0.730729 0.541406 0.026250 0.028125
0 0.561979 0.537500 0.041250 0.028125
0 0.654687 0.555859 0.128750 0.085312
0 0.539583 0.524609 0.047500 0.015938
0 0.480208 0.545312 0.177500 0.069375
0 0.278646 0.529297 0.036250 0.030937
0 0.180729 0.533594 0.048750 0.046875
0 0.492708 0.523438 0.057500 0.026250
0 0.722917 0.522656 0.077500 0.028125
0 0.394792 0.514062 0.040000 0.016875
0 0.160938 0.519141 0.046250 0.029062
0 0.473958 0.506641 0.040000 0.012188
0 0.423958 0.511328 0.025000 0.025312
0 0.444792 0.507422 0.022500 0.017813
0 0.495312 0.500000 0.038750 0.026250
0 0.168229 0.493750 0.021250 0.018750
0 0.738542 0.490234 0.012500 0.012188
0 0.610938 0.494141 0.076250 0.023438
0 0.346875 0.489063 0.040000 0.018750
0 0.532813 0.487500 0.043750 0.016875
0 0.764062 0.490625 0.028750 0.030000
0 0.445312 0.486719 0.026250 0.020625
0 0.177604 0.480078 0.023750 0.010312
0 0.376563 0.482031 0.033750 0.020625
0 0.239583 0.484375 0.030000 0.026250
0 0.340104 0.477344 0.013750 0.011250
0 0.406771 0.482422 0.033750 0.025312
0 0.291667 0.519531 0.305000 0.136875
0 0.188542 0.466797 0.027500 0.014063
0 0.400000 0.463281 0.022500 0.015000
0 0.173958 0.462500 0.012500 0.013125
0 0.433854 0.460547 0.053750 0.017813
0 0.341146 0.457422 0.033750 0.010312
0 0.257292 0.453906 0.015000 0.011250
0 0.513021 0.473047 0.143750 0.062812
0 0.756250 0.453906 0.035000 0.024375
0 0.632292 0.485547 0.270000 0.107813
0 0.383333 0.456250 0.082500 0.039375
0 0.230729 0.454688 0.101250 0.035625
0 0.167187 0.455078 0.048750 0.036562
0 0.587500 0.461328 0.102500 0.053437
0 0.696354 0.451562 0.048750 0.037500
0 0.291146 0.444531 0.083750 0.026250
0 0.466667 0.446484 0.030000 0.034687
0 0.441667 0.441406 0.055000 0.022500
0 0.721875 0.467578 0.080000 0.094687
0 0.657813 0.431641 0.031250 0.014063
0 0.346875 0.433984 0.062500 0.036562
0 0.682292 0.432812 0.092500 0.039375
0 0.305208 0.424219 0.067500 0.022500
0 0.227604 0.428125 0.138750 0.037500
0 0.636979 0.423438 0.058750 0.039375
0 0.674479 0.410547 0.033750 0.030937
0 0.514062 0.430078 0.081250 0.081562
0 0.322917 0.400000 0.010000 0.018750
0 0.420312 0.415234 0.071250 0.060937
0 0.339062 0.391406 0.026250 0.020625
0 0.372917 0.402344 0.115000 0.048750
0 0.463021 0.391797 0.026250 0.030937
0 0.196875 0.387109 0.032500 0.025312
0 0.579167 0.420312 0.185000 0.108750
0 0.149479 0.378125 0.028750 0.015000
0 0.597396 0.380859 0.036250 0.023438
0 0.172396 0.382812 0.038750 0.031875
0 0.385937 0.375781 0.046250 0.022500
0 0.485938 0.397656 0.081250 0.078750
0 0.538542 0.389453 0.095000 0.060937
0 0.215104 0.370312 0.028750 0.022500
0 0.615625 0.365234 0.022500 0.014063
0 0.644271 0.365625 0.043750 0.016875
0 0.534375 0.364063 0.030000 0.016875
0 0.435417 0.371484 0.052500 0.034687
0 0.363542 0.370703 0.062500 0.032813
0 0.216146 0.397656 0.141250 0.101250
0 0.477604 0.364063 0.048750 0.030000
0 0.565104 0.356641 0.031250 0.015938
0 0.429167 0.356641 0.010000 0.019688
0 0.267708 0.353516 0.027500 0.012188
0 0.449479 0.360156 0.023750 0.031875
0 0.542188 0.350391 0.026250 0.017813
0 0.303125 0.357031 0.050000 0.035625
0 0.513021 0.351172 0.033750 0.025312
0 0.615104 0.347656 0.036250 0.024375
0 0.576562 0.355469 0.051250 0.045000
0 0.239583 0.347656 0.060000 0.026250
0 0.196875 0.345313 0.037500 0.024375
0 0.482292 0.340625 0.045000 0.015000
0 0.453125 0.339062 0.022500 0.016875
0 0.344271 0.374219 0.228750 0.101250
0 0.300521 0.341797 0.058750 0.036562
0 0.360417 0.333203 0.067500 0.030937
0 0.442188 0.322266 0.028750 0.027187
0 0.233333 0.308594 0.042500 0.024375
0 0.455729 0.286328 0.036250 0.017813
0 0.537500 0.278125 0.037500 0.022500
0 0.338542 0.280078 0.027500 0.029062
0 0.456250 0.270703 0.045000 0.017813
0 0.572917 0.256250 0.045000 0.020625
0 0.240104 0.217578 0.026250 0.029062
0 0.435937 0.212500 0.046250 0.022500
