0 0.941250 0.979000 0.039000 0.042000
0 0.645000 0.967000 0.036000 0.066000
0 0.316250 0.964000 0.051000 0.072000
0 0.881250 0.962500 0.033000 0.072000
0 0.595000 0.956500 0.060000 0.087000
0 0.071250 0.946250 0.093000 0.093000
0 0.500000 0.936250 0.084000 0.093000
0 0.417500 0.935500 0.114000 0.129000
0 0.803750 0.931000 0.087000 0.138000
0 0.136250 0.907500 0.051000 0.054000
0 0.773750 0.890000 0.063000 0.030000
0 0.904000 0.907500 0.192000 0.126000
0 0.943000 0.875000 0.114000 0.072000
0 0.815000 0.860000 0.030000 0.054000
0 0.037500 0.881250 0.075000 0.105000
0 0.255000 0.877000 0.366000 0.246000
0 0.673750 0.875000 0.201000 0.210000
0 0.516250 0.792500 0.057000 0.024000
0 0.346250 0.811250 0.051000 0.081000
0 0.030000 0.797500 0.060000 0.054000
0 0.557500 0.786250 0.036000 0.039000
0 0.950500 0.798750 0.099000 0.087000
0 0.181250 0.785000 0.045000 0.072000
0 0.420000 0.775000 0.144000 0.090000
0 0.783750 0.783750 0.111000 0.117000
0 0.683750 0.756250 0.093000 0.099000
0 0.316250 0.740000 0.123000 0.078000
0 0.116250 0.760000 0.117000 0.144000
0 0.612500 0.740000 0.072000 0.102000
0 0.861250 0.765000 0.123000 0.192000
0 0.021000 0.707500 0.042000 0.060000
0 0.265000 0.727500 0.114000 0.150000
0 0.766250 0.697500 0.087000 0.108000
0 0.568750 0.671250 0.141000 0.129000
0 0.377500 0.632500 0.054000 0.066000
0 0.448750 0.630000 0.075000 0.090000
0 0.192500 0.636250 0.126000 0.105000
0 0.746250 0.631250 0.237000 0.111000
0 0.665000 0.562500 0.090000 0.072000
0 0.277500 0.597500 0.168000 0.186000
0 0.698750 0.527500 0.033000 0.048000
0 0.380000 0.532500 0.048000 0.072000
0 0.753750 0.518750 0.063000 0.045000
0 0.788750 0.542500 0.099000 0.108000
0 0.452500 0.537500 0.096000 0.102000
0 0.067500 0.493750 0.078000 0.027000
0 0.203750 0.486250 0.087000 0.045000
0 0.655000 0.482500 0.084000 0.078000
0 0.120000 0.578750 0.210000 0.363000
0 0.611250 0.460000 0.105000 0.090000
0 0.366250 0.460000 0.093000 0.090000
0 0.268750 0.428750 0.123000 0.123000
0 0.243750 0.291250 0.069000 0.045000
0 0.447500 0.295000 0.090000 0.138000
0 0.407500 0.251250 0.090000 0.063000
