0 0.275000 0.977500 0.036000 0.045000
0 0.148750 0.953750 0.039000 0.051000
0 0.266250 0.877500 0.093000 0.054000
0 0.025500 0.872500 0.051000 0.072000
0 0.328750 0.893750 0.195000 0.135000
0 0.157500 0.877000 0.315000 0.246000
0 0.036000 0.790000 0.072000 0.084000
0 0.300000 0.750000 0.048000 0.024000
0 0.221250 0.757500 0.123000 0.078000
0 0.096000 0.753750 0.192000 0.153000
0 0.123750 0.712500 0.051000 0.084000
0 0.343750 0.746250 0.183000 0.243000
0 0.202500 0.685000 0.156000 0.108000
0 0.096250 0.633750 0.099000 0.123000
0 0.303750 0.598750 0.039000 0.051000
0 0.200000 0.612500 0.150000 0.102000
0 0.049500 0.588750 0.099000 0.147000
0 0.313750 0.556250 0.087000 0.111000
0 0.066250 0.478750 0.117000 0.057000
0 0.203750 0.518750 0.183000 0.225000
0 0.346250 0.422500 0.105000 0.042000
0 0.110000 0.437500 0.060000 0.168000
0 0.295000 0.350000 0.072000 0.078000
0 0.220000 0.386250 0.354000 0.237000
0 0.366250 0.331250 0.117000 0.123000
0 0.048000 0.347500 0.096000 0.264000
0 0.128750 0.240000 0.045000 0.054000
0 0.313750 0.267500 0.105000 0.126000
0 0.223750 0.245000 0.093000 0.108000
0 0.054000 0.208750 0.108000 0.081000
0 0.377500 0.228750 0.090000 0.135000
0 0.285000 0.185000 0.072000 0.090000
0 0.046250 0.157500 0.051000 0.090000
0 0.013500 0.132500 0.027000 0.054000
0 0.058750 0.118750 0.081000 0.057000
0 0.202500 0.120000 0.114000 0.126000
0 0.133500 0.177500 0.267000 0.342000
0 0.277500 0.086250 0.090000 0.129000
0 0.145000 0.045000 0.096000 0.090000
0 0.713500 0.328500 0.573000 0.657000
