0 0.552500 0.932140 0.036000 0.024979
0 0.453437 0.904246 0.026250 0.041965
0 0.704688 0.888843 0.020250 0.038968
0 0.459688 0.859284 0.030750 0.023980
0 0.532188 0.855121 0.021750 0.021982
0 0.508437 0.835970 0.006750 0.017985
0 0.522500 0.840550 0.027000 0.044963
0 0.615938 0.819317 0.024750 0.043963
0 0.421875 0.774771 0.030000 0.016986
0 0.386562 0.777685 0.024750 0.035970
0 0.488125 0.762698 0.022500 0.021982
0 0.537188 0.772689 0.026250 0.047960
0 0.583750 0.760200 0.036000 0.021982
0 0.362812 0.757286 0.035250 0.022981
0 0.693125 0.759784 0.033000 0.032973
0 0.424375 0.754788 0.022500 0.020983
0 0.384688 0.751041 0.014250 0.017985
0 0.464062 0.755204 0.021750 0.029975
0 0.449062 0.753539 0.032250 0.035970
0 0.491250 0.741882 0.007500 0.015987
0 0.607500 0.748543 0.016500 0.033972
0 0.627812 0.741465 0.024750 0.022981
0 0.431250 0.736053 0.007500 0.017985
0 0.531250 0.731474 0.007500 0.020983
0 0.367188 0.731474 0.017250 0.024979
0 0.561562 0.735221 0.059250 0.035970
0 0.512500 0.741465 0.030000 0.064946
0 0.490938 0.727311 0.032250 0.034971
0 0.540312 0.720233 0.006750 0.019983
0 0.449062 0.716070 0.008250 0.013988
0 0.393750 0.725229 0.025500 0.037968
0 0.352187 0.723564 0.017250 0.035970
0 0.380000 0.713156 0.025500 0.026978
0 0.657813 0.706078 0.017250 0.011990
0 0.599063 0.717735 0.027750 0.039967
0 0.593750 0.699833 0.009000 0.008993
0 0.554688 0.705246 0.009750 0.021982
0 0.417187 0.732723 0.041250 0.093922
0 0.440937 0.708993 0.014250 0.040966
0 0.715938 0.703580 0.030750 0.029975
0 0.521875 0.699833 0.040500 0.030974
0 0.328437 0.699833 0.029250 0.032973
0 0.681562 0.705246 0.044250 0.049958
0 0.639062 0.708160 0.042750 0.060949
0 0.567187 0.691923 0.018750 0.023980
0 0.470938 0.706078 0.026250 0.075937
0 0.401250 0.689009 0.021000 0.040966
0 0.575313 0.695254 0.030750 0.057952
0 0.607500 0.678601 0.037500 0.021982
0 0.499063 0.687344 0.021750 0.042964
0 0.439375 0.678185 0.027000 0.028976
0 0.694688 0.669858 0.012750 0.014988
0 0.485625 0.677769 0.009000 0.033972
0 0.458750 0.681099 0.018000 0.043963
0 0.276562 0.671107 0.033750 0.019983
0 0.666875 0.678601 0.033000 0.043963
0 0.355000 0.664446 0.006000 0.017985
0 0.336250 0.665279 0.025500 0.021982
0 0.518750 0.669858 0.024000 0.038968
0 0.617812 0.656953 0.009750 0.011990
0 0.361875 0.656120 0.004500 0.017985
0 0.306563 0.669858 0.039750 0.052956
0 0.281250 0.653206 0.019500 0.012989
0 0.641563 0.663614 0.048750 0.039967
0 0.376250 0.676936 0.085500 0.075937
0 0.602500 0.654455 0.024000 0.027977
0 0.334062 0.646128 0.021750 0.013988
0 0.705937 0.652373 0.021750 0.030974
0 0.453437 0.649875 0.012750 0.036969
0 0.256875 0.646128 0.030000 0.027977
0 0.675625 0.644047 0.021000 0.024979
0 0.563750 0.646128 0.025500 0.035970
0 0.735938 0.645712 0.047250 0.044963
0 0.370312 0.633222 0.029250 0.016986
0 0.278125 0.636137 0.022500 0.023980
0 0.423125 0.635720 0.024000 0.026978
0 0.459062 0.628643 0.020250 0.015987
0 0.680312 0.626145 0.009750 0.011990
0 0.568750 0.656536 0.079500 0.088926
0 0.304375 0.641549 0.028500 0.054954
0 0.482187 0.645296 0.042750 0.065945
0 0.292812 0.623231 0.008250 0.012989
0 0.697812 0.631973 0.020250 0.035970
0 0.400000 0.626561 0.045000 0.028976
0 0.496250 0.621149 0.016500 0.019983
0 0.356875 0.614072 0.009000 0.014988
0 0.581875 0.613655 0.007500 0.015987
0 0.431875 0.649459 0.046500 0.103913
0 0.479063 0.609076 0.008250 0.012989
0 0.422812 0.610325 0.008250 0.015987
0 0.570312 0.615737 0.021750 0.030974
0 0.462500 0.611157 0.015000 0.019983
0 0.629375 0.612406 0.024000 0.024979
0 0.550937 0.609492 0.006750 0.017985
0 0.690937 0.607827 0.005250 0.019983
0 0.606250 0.610325 0.027000 0.025978
0 0.507812 0.604913 0.029250 0.018984
0 0.715625 0.608243 0.021000 0.030974
0 0.470625 0.600749 0.006000 0.022981
0 0.526875 0.623231 0.055500 0.080933
0 0.335938 0.599500 0.029250 0.025978
0 0.264062 0.597419 0.008250 0.020983
0 0.484687 0.595337 0.020250 0.017985
0 0.584063 0.596170 0.026250 0.023980
0 0.384688 0.601998 0.080250 0.039967
0 0.275938 0.596586 0.014250 0.026978
0 0.257188 0.605745 0.053250 0.052956
0 0.656875 0.601998 0.057000 0.045962
0 0.555625 0.589925 0.030000 0.024979
0 0.699375 0.587843 0.030000 0.021982
0 0.450625 0.589509 0.018000 0.031973
0 0.568438 0.581599 0.006750 0.014988
0 0.430937 0.589092 0.026250 0.032973
0 0.639062 0.582848 0.033750 0.019983
0 0.714688 0.577852 0.008250 0.013988
0 0.524062 0.578684 0.008250 0.019983
0 0.555000 0.574105 0.024000 0.010991
0 0.391875 0.580766 0.049500 0.028976
0 0.726250 0.581182 0.012000 0.033972
0 0.299063 0.569525 0.014250 0.007993
0 0.536563 0.574521 0.015750 0.021982
0 0.507500 0.569109 0.009000 0.014988
0 0.384375 0.568276 0.010500 0.020983
0 0.472813 0.570358 0.035250 0.029975
0 0.623750 0.560783 0.010500 0.012989
0 0.595000 0.572023 0.069000 0.045962
0 0.649062 0.559117 0.011250 0.018984
0 0.256563 0.558285 0.024750 0.016986
0 0.491563 0.554954 0.014250 0.010991
0 0.429063 0.560366 0.039750 0.029975
0 0.681250 0.563281 0.054000 0.040966
0 0.412187 0.555787 0.041250 0.028976
0 0.340313 0.550791 0.012750 0.016986
0 0.320625 0.589925 0.087000 0.112906
0 0.452500 0.545379 0.027000 0.017985
0 0.671875 0.542881 0.016500 0.013988
0 0.581875 0.542048 0.009000 0.013988
0 0.528750 0.552040 0.031500 0.037968
0 0.648125 0.543297 0.033000 0.018984
0 0.551875 0.545379 0.025500 0.023980
0 0.499063 0.547044 0.014250 0.031973
0 0.473438 0.546628 0.024750 0.030974
0 0.699375 0.535387 0.016500 0.009992
0 0.295000 0.549958 0.061500 0.046961
0 0.284062 0.542881 0.032250 0.029975
0 0.711875 0.534138 0.009000 0.016986
0 0.574688 0.532057 0.029250 0.025978
0 0.720313 0.543297 0.033750 0.054954
0 0.385313 0.550375 0.114750 0.075937
0 0.275625 0.528310 0.018000 0.022981
0 0.467813 0.524979 0.027750 0.020983
0 0.243750 0.528310 0.024000 0.036969
0 0.489375 0.517902 0.015000 0.025978
0 0.260937 0.521232 0.018750 0.035970
0 0.706250 0.509992 0.019500 0.010991
0 0.322500 0.510824 0.058500 0.032973
0 0.539375 0.502082 0.010500 0.015987
0 0.654062 0.512906 0.027750 0.043963
0 0.520312 0.501665 0.012750 0.016986
0 0.505000 0.509575 0.021000 0.035970
0 0.291875 0.509575 0.013500 0.037968
0 0.450000 0.507077 0.043500 0.033972
0 0.675000 0.512906 0.025500 0.057952
0 0.417812 0.497918 0.017250 0.023980
0 0.544687 0.507910 0.074250 0.057952
0 0.365000 0.508743 0.103500 0.059950
0 0.322188 0.487927 0.041250 0.021982
0 0.356563 0.488759 0.021750 0.027977
0 0.700313 0.488759 0.039750 0.033972
0 0.695312 0.475437 0.005250 0.013988
0 0.285000 0.480017 0.025500 0.028976
0 0.585000 0.494172 0.037500 0.064946
0 0.528438 0.467527 0.008250 0.014988
0 0.344687 0.467943 0.021750 0.021982
0 0.372812 0.466694 0.035250 0.022981
0 0.491250 0.480849 0.046500 0.058951
0 0.535000 0.461699 0.007500 0.016986
0 0.450937 0.471690 0.075750 0.054954
0 0.296875 0.456703 0.030000 0.026978
0 0.331562 0.450042 0.008250 0.018984
0 0.412813 0.458784 0.036750 0.051957
0 0.319375 0.456703 0.030000 0.050958
0 0.492500 0.447544 0.048000 0.030974
0 0.709688 0.450458 0.041250 0.039967
0 0.537188 0.439634 0.021750 0.021982
0 0.315312 0.433805 0.008250 0.011990
0 0.469375 0.438801 0.028500 0.029975
0 0.560000 0.454621 0.112500 0.079933
0 0.533750 0.430891 0.045000 0.038968
0 0.446250 0.424646 0.037500 0.033972
0 0.395625 0.433805 0.082500 0.063947
0 0.656250 0.415071 0.016500 0.020983
0 0.650937 0.480017 0.144750 0.178851
0 0.303125 0.420067 0.040500 0.036969
0 0.675625 0.417152 0.025500 0.047960
0 0.398125 0.412989 0.028500 0.039967
0 0.614688 0.437968 0.087750 0.101915
0 0.600313 0.400500 0.015750 0.027977
0 0.487500 0.394671 0.027000 0.013988
0 0.505625 0.404663 0.010500 0.039967
0 0.443437 0.398002 0.026250 0.029975
0 0.535937 0.395920 0.048750 0.036969
0 0.360312 0.388010 0.011250 0.019983
0 0.333437 0.417569 0.071250 0.090924
0 0.663750 0.385512 0.019500 0.015987
0 0.378437 0.399667 0.056250 0.053955
0 0.477812 0.400500 0.035250 0.057952
0 0.412187 0.385096 0.026250 0.022981
0 0.690312 0.387594 0.027750 0.030974
0 0.234687 0.383430 0.015750 0.028976
0 0.429063 0.379684 0.008250 0.021982
0 0.539062 0.373855 0.014250 0.011990
0 0.224375 0.378018 0.009000 0.023980
0 0.498750 0.376769 0.024000 0.022981
0 0.326875 0.380933 0.018000 0.034971
0 0.617188 0.378018 0.032250 0.035970
0 0.567813 0.383847 0.050250 0.055953
0 0.359063 0.366778 0.005250 0.016986
0 0.444063 0.370941 0.044250 0.034971
0 0.289375 0.374271 0.021000 0.042964
0 0.520625 0.365945 0.022500 0.032973
0 0.377188 0.361782 0.015750 0.034971
0 0.344062 0.358868 0.021750 0.029975
0 0.500938 0.350541 0.029250 0.015987
0 0.401562 0.356786 0.039750 0.040966
0 0.470313 0.353039 0.044250 0.033972
0 0.262813 0.350125 0.024750 0.032973
0 0.358438 0.346794 0.014250 0.026978
0 0.555625 0.337635 0.013500 0.008993
0 0.608125 0.349292 0.039000 0.038968
0 0.654687 0.337635 0.011250 0.012989
0 0.324062 0.347211 0.029250 0.039967
0 0.535625 0.338468 0.027000 0.026978
0 0.654062 0.369276 0.069750 0.102914
0 0.511875 0.330558 0.018000 0.011990
0 0.562813 0.340550 0.042750 0.041965
0 0.342187 0.328893 0.027750 0.015987
0 0.612812 0.327644 0.023250 0.024979
0 0.641250 0.326811 0.019500 0.028976
0 0.428438 0.323897 0.023250 0.025978
0 0.570000 0.316819 0.009000 0.012989
0 0.382500 0.324313 0.043500 0.030974
0 0.359063 0.315570 0.011250 0.013988
0 0.498750 0.320150 0.009000 0.026978
0 0.472500 0.322648 0.048000 0.036969
0 0.425938 0.330974 0.057750 0.060949
0 0.368437 0.305162 0.018750 0.010991
0 0.246875 0.314738 0.022500 0.037968
0 0.701562 0.308493 0.030750 0.024979
0 0.448750 0.310991 0.028500 0.030974
0 0.402813 0.295171 0.009750 0.010991
0 0.546562 0.305162 0.051750 0.042964
0 0.499375 0.296003 0.057000 0.030974
0 0.416563 0.285595 0.018750 0.017985
0 0.426250 0.294754 0.045000 0.041965
0 0.487187 0.281016 0.015750 0.010991
0 0.458125 0.285179 0.024000 0.028976
0 0.655937 0.279767 0.020250 0.025978
0 0.549063 0.278102 0.036750 0.035970
0 0.585313 0.280183 0.056250 0.044963
0 0.680312 0.263947 0.024750 0.037968
0 0.368437 0.261449 0.027750 0.037968
0 0.556250 0.252290 0.009000 0.017985
