0 0.269531 0.860625 0.335625 0.278750
0 0.477734 0.684375 0.023438 0.017500
0 0.438672 0.668229 0.015938 0.026250
0 0.467578 0.655729 0.014063 0.026250
0 0.470313 0.622917 0.020625 0.025000
0 0.553906 0.604688 0.024375 0.018750
0 0.467187 0.598958 0.013125 0.015000
0 0.377734 0.599479 0.025312 0.018750
0 0.386719 0.586458 0.024375 0.017500
0 0.489844 0.596354 0.039375 0.043750
0 0.441797 0.592708 0.025312 0.035000
0 0.468359 0.584375 0.012188 0.022500
0 0.420312 0.579688 0.031875 0.021250
0 0.367188 0.576562 0.016875 0.018750
0 0.519141 0.585938 0.060937 0.043750
0 0.401172 0.573438 0.012188 0.018750
0 0.508203 0.570312 0.008437 0.013750
0 0.527344 0.568750 0.011250 0.027500
0 0.516016 0.560937 0.015938 0.013750
0 0.342969 0.566667 0.016875 0.027500
0 0.453125 0.576042 0.018750 0.060000
0 0.556250 0.557813 0.024375 0.021250
0 0.356250 0.558854 0.018750 0.028750
0 0.540234 0.555208 0.012188 0.022500
0 0.527344 0.545833 0.007500 0.020000
0 0.444531 0.557292 0.015000 0.052500
0 0.469141 0.539062 0.008437 0.031250
0 0.552344 0.540104 0.011250 0.036250
0 0.567969 0.533333 0.024375 0.032500
0 0.528125 0.527083 0.013125 0.017500
0 0.512500 0.535937 0.018750 0.043750
0 0.442578 0.525000 0.010312 0.017500
0 0.728125 0.710000 0.543750 0.580000
0 0.387500 0.530208 0.018750 0.032500
0 0.342969 0.533854 0.028125 0.043750
0 0.378906 0.525000 0.011250 0.025000
0 0.461328 0.515625 0.014063 0.017500
0 0.323828 0.527604 0.017813 0.046250
0 0.580859 0.518229 0.023438 0.026250
0 0.410938 0.540104 0.037500 0.086250
0 0.537109 0.522396 0.012188 0.046250
0 0.525391 0.510417 0.012188 0.020000
0 0.338672 0.508854 0.015938 0.023750
0 0.322266 0.510417 0.017813 0.027500
0 0.594141 0.503646 0.014063 0.013750
0 0.567187 0.507812 0.011250 0.026250
0 0.450000 0.504687 0.015000 0.018750
0 0.583594 0.501042 0.024375 0.015000
0 0.492578 0.522396 0.032813 0.068750
0 0.415625 0.500521 0.009375 0.021250
0 0.479687 0.515625 0.026250 0.060000
0 0.535547 0.491146 0.008437 0.021250
0 0.548438 0.498958 0.016875 0.042500
0 0.491797 0.487500 0.012188 0.017500
0 0.441797 0.488021 0.006563 0.018750
0 0.510156 0.487500 0.013125 0.030000
0 0.576172 0.483333 0.008437 0.022500
0 0.332031 0.484375 0.031875 0.025000
0 0.479297 0.484896 0.017813 0.028750
0 0.561719 0.480729 0.018750 0.031250
0 0.406250 0.484375 0.028125 0.042500
0 0.498047 0.477604 0.012188 0.028750
0 0.454297 0.484375 0.015938 0.045000
0 0.431641 0.484896 0.025312 0.046250
0 0.360547 0.476562 0.017813 0.026250
0 0.545703 0.471354 0.012188 0.026250
0 0.593359 0.474479 0.032813 0.038750
0 0.531641 0.465625 0.012188 0.020000
0 0.352344 0.466667 0.020625 0.027500
0 0.516016 0.463542 0.010312 0.030000
0 0.626953 0.459375 0.032813 0.032500
0 0.603906 0.455208 0.020625 0.022500
0 0.373437 0.508333 0.071250 0.152500
0 0.331641 0.454688 0.015938 0.031250
0 0.560547 0.452604 0.014063 0.028750
0 0.491406 0.451562 0.018750 0.036250
0 0.410547 0.446354 0.015938 0.033750
0 0.437500 0.441146 0.009375 0.023750
0 0.612500 0.442708 0.015000 0.030000
0 0.572266 0.451042 0.015938 0.050000
0 0.450781 0.440104 0.016875 0.031250
0 0.523438 0.437500 0.030000 0.032500
0 0.428906 0.429688 0.015000 0.013750
0 0.395703 0.432292 0.010312 0.030000
0 0.376953 0.448958 0.021562 0.072500
0 0.351172 0.437500 0.032813 0.045000
0 0.486328 0.432812 0.027187 0.038750
0 0.561719 0.423438 0.013125 0.026250
0 0.535937 0.418229 0.009375 0.021250
0 0.636328 0.425000 0.036562 0.040000
0 0.377344 0.415625 0.016875 0.022500
0 0.600000 0.427604 0.039375 0.056250
0 0.573438 0.413542 0.013125 0.025000
0 0.342578 0.411979 0.012188 0.023750
0 0.351953 0.409375 0.010312 0.020000
0 0.424219 0.411458 0.016875 0.030000
0 0.505469 0.420833 0.024375 0.055000
0 0.480078 0.409375 0.025312 0.032500
0 0.463672 0.423438 0.019688 0.068750
0 0.558203 0.397917 0.014063 0.012500
0 0.386719 0.400521 0.013125 0.023750
0 0.405859 0.399479 0.021562 0.041250
0 0.583594 0.397917 0.016875 0.055000
0 0.628516 0.383333 0.019688 0.025000
0 0.478125 0.388542 0.016875 0.037500
0 0.323437 0.403646 0.033750 0.076250
0 0.497656 0.386979 0.011250 0.038750
0 0.458594 0.385417 0.026250 0.040000
0 0.526953 0.392708 0.027187 0.060000
0 0.672656 0.373958 0.026250 0.020000
0 0.559766 0.377083 0.015938 0.030000
0 0.574609 0.370312 0.017813 0.016250
0 0.543750 0.371354 0.018750 0.018750
0 0.589063 0.367188 0.015000 0.013750
0 0.342578 0.379167 0.034687 0.045000
0 0.608203 0.376042 0.025312 0.042500
0 0.420312 0.377083 0.022500 0.050000
0 0.429688 0.364583 0.009375 0.022500
0 0.687891 0.359896 0.017813 0.018750
0 0.633984 0.362500 0.032813 0.032500
0 0.383203 0.379167 0.064687 0.077500
0 0.559375 0.352083 0.013125 0.015000
0 0.571484 0.353125 0.008437 0.022500
0 0.454688 0.354687 0.007500 0.026250
0 0.437500 0.370833 0.028125 0.075000
0 0.608203 0.346875 0.008437 0.027500
0 0.338672 0.346354 0.015938 0.026250
0 0.448047 0.339062 0.017813 0.018750
0 0.646094 0.341146 0.020625 0.026250
0 0.399609 0.347917 0.021562 0.042500
0 0.355859 0.342708 0.021562 0.030000
0 0.520703 0.361458 0.040313 0.077500
0 0.383984 0.336458 0.014063 0.017500
0 0.585938 0.338542 0.018750 0.045000
0 0.540625 0.342708 0.028125 0.055000
0 0.565234 0.331250 0.008437 0.032500
0 0.675391 0.325521 0.021562 0.023750
0 0.493750 0.344792 0.045000 0.070000
0 0.636719 0.325521 0.013125 0.031250
0 0.363281 0.322396 0.007500 0.028750
0 0.617188 0.327604 0.030000 0.048750
0 0.543750 0.314583 0.011250 0.020000
0 0.497266 0.308854 0.015938 0.018750
0 0.524219 0.317708 0.018750 0.042500
0 0.576172 0.304167 0.006563 0.017500
0 0.469922 0.305208 0.014063 0.020000
0 0.619531 0.303646 0.013125 0.021250
0 0.591406 0.305208 0.011250 0.025000
0 0.371484 0.304688 0.012188 0.031250
0 0.634766 0.298958 0.015938 0.025000
0 0.532813 0.295833 0.013125 0.025000
0 0.481250 0.308333 0.016875 0.057500
0 0.498437 0.290104 0.022500 0.021250
0 0.443750 0.292708 0.009375 0.027500
0 0.583203 0.288021 0.010312 0.018750
0 0.551172 0.295833 0.014063 0.037500
0 0.513281 0.290104 0.011250 0.026250
0 0.560547 0.307812 0.025312 0.071250
0 0.284375 0.284896 0.024375 0.023750
0 0.625781 0.279687 0.016875 0.026250
0 0.409375 0.275521 0.013125 0.016250
0 0.467969 0.280729 0.015000 0.031250
0 0.495703 0.273438 0.008437 0.026250
0 0.312109 0.275000 0.017813 0.032500
0 0.526172 0.270833 0.015938 0.027500
0 0.400391 0.264062 0.023438 0.026250
0 0.440625 0.300521 0.076875 0.116250
0 0.434766 0.264583 0.023438 0.037500
0 0.506641 0.261979 0.017813 0.036250
0 0.400000 0.299479 0.058125 0.126250
0 0.621094 0.256771 0.016875 0.026250
0 0.547266 0.266667 0.025312 0.050000
0 0.423047 0.247396 0.021562 0.013750
0 0.542969 0.243750 0.018750 0.020000
0 0.353516 0.241146 0.025312 0.023750
0 0.511328 0.239063 0.014063 0.021250
0 0.455859 0.242708 0.025312 0.030000
0 0.585547 0.259896 0.075938 0.078750
0 0.466797 0.235417 0.012188 0.020000
0 0.525781 0.228646 0.033750 0.023750
0 0.492578 0.244271 0.036562 0.061250
0 0.346094 0.226042 0.020625 0.027500
0 0.480859 0.222396 0.014063 0.021250
0 0.451953 0.212500 0.012188 0.020000
0 0.428516 0.226042 0.045937 0.055000
0 0.584766 0.211979 0.015938 0.026250
0 0.555078 0.216667 0.036562 0.037500
0 0.563672 0.200521 0.014063 0.023750
0 0.457031 0.201042 0.043125 0.047500
0 0.523438 0.178646 0.015000 0.023750
0 0.535547 0.167708 0.015938 0.010000
0 0.508984 0.169271 0.014063 0.018750
0 0.493359 0.188021 0.053437 0.071250
0 0.402344 0.170833 0.018750 0.030000
0 0.317969 0.166667 0.022500 0.027500
0 0.543750 0.148958 0.016875 0.032500
0 0.501563 0.140625 0.016875 0.032500
0 0.466016 0.131250 0.023438 0.025000
0 0.407031 0.062500 0.016875 0.030000
0 0.813438 0.155625 0.373125 0.311250
0 0.104062 0.111250 0.208125 0.222500
