0 0.521484 0.889583 0.030937 0.022500
0 0.468750 0.875000 0.018750 0.037500
0 0.505469 0.849479 0.018750 0.038750
0 0.510156 0.800000 0.013125 0.027500
0 0.501172 0.801042 0.019688 0.032500
0 0.383984 0.791667 0.032813 0.027500
0 0.393750 0.771875 0.030000 0.020000
0 0.901094 0.856250 0.197813 0.287500
0 0.497266 0.766667 0.015938 0.020000
0 0.430469 0.757292 0.028125 0.020000
0 0.368750 0.760938 0.022500 0.028750
0 0.462109 0.766146 0.027187 0.046250
0 0.608203 0.754167 0.029062 0.027500
0 0.447266 0.751042 0.010312 0.030000
0 0.335156 0.754687 0.022500 0.038750
0 0.546875 0.751042 0.039375 0.037500
0 0.411328 0.744792 0.019688 0.025000
0 0.501172 0.743750 0.023438 0.030000
0 0.571484 0.736458 0.014063 0.020000
0 0.517969 0.754687 0.048750 0.068750
0 0.359375 0.740104 0.009375 0.036250
0 0.347266 0.729688 0.015938 0.011250
0 0.582031 0.730729 0.007500 0.018750
0 0.451953 0.726042 0.006563 0.017500
0 0.481250 0.744792 0.016875 0.065000
0 0.433984 0.730729 0.032813 0.038750
0 0.403125 0.722396 0.015000 0.026250
0 0.389453 0.724479 0.012188 0.036250
0 0.581250 0.712500 0.015000 0.017500
0 0.497656 0.716146 0.028125 0.031250
0 0.544141 0.711458 0.047812 0.040000
0 0.307812 0.713021 0.020625 0.043750
0 0.513281 0.706250 0.020625 0.030000
0 0.398438 0.701562 0.026250 0.018750
0 0.418359 0.709896 0.014063 0.041250
0 0.568750 0.708333 0.011250 0.042500
0 0.374219 0.724479 0.056250 0.086250
0 0.333203 0.711458 0.019688 0.055000
0 0.410156 0.690625 0.013125 0.010000
0 0.473438 0.714063 0.037500 0.071250
0 0.467578 0.690104 0.014063 0.013750
0 0.493359 0.688542 0.010312 0.027500
0 0.321094 0.695833 0.024375 0.045000
0 0.362109 0.678646 0.019688 0.013750
0 0.538672 0.678646 0.023438 0.033750
0 0.305859 0.680729 0.021562 0.041250
0 0.324609 0.670833 0.017813 0.022500
0 0.464453 0.672917 0.029062 0.030000
0 0.416797 0.671875 0.019688 0.045000
0 0.615234 0.659896 0.030937 0.026250
0 0.523828 0.657813 0.010312 0.028750
0 0.596094 0.664062 0.016875 0.048750
0 0.583203 0.673438 0.079687 0.071250
0 0.507031 0.671875 0.037500 0.072500
0 0.340234 0.655729 0.044062 0.036250
0 0.471875 0.651042 0.033750 0.032500
0 0.608203 0.642708 0.017813 0.020000
0 0.403516 0.642708 0.019688 0.020000
0 0.311719 0.643750 0.028125 0.032500
0 0.426953 0.647396 0.019688 0.043750
0 0.486719 0.633333 0.011250 0.015000
0 0.365234 0.642188 0.010312 0.036250
0 0.349609 0.634375 0.014063 0.017500
0 0.383984 0.652083 0.025312 0.062500
0 0.442578 0.635938 0.027187 0.028750
0 0.528125 0.634375 0.018750 0.030000
0 0.558203 0.631771 0.015938 0.026250
0 0.575391 0.643229 0.017813 0.058750
0 0.510547 0.623437 0.015938 0.021250
0 0.373047 0.620313 0.021562 0.013750
0 0.336328 0.622396 0.014063 0.021250
0 0.454688 0.622396 0.011250 0.026250
0 0.582812 0.620833 0.013125 0.032500
0 0.608594 0.617188 0.013125 0.033750
0 0.470703 0.619792 0.017813 0.040000
0 0.396094 0.615625 0.018750 0.032500
0 0.627734 0.622917 0.029062 0.052500
0 0.441797 0.610938 0.014063 0.026250
0 0.413672 0.619271 0.019688 0.048750
0 0.345703 0.605729 0.012188 0.016250
0 0.494922 0.611458 0.015938 0.032500
0 0.636719 0.607292 0.028125 0.025000
0 0.592187 0.599479 0.020625 0.021250
0 0.567969 0.603646 0.015000 0.031250
0 0.510547 0.604167 0.029062 0.035000
0 0.375391 0.597396 0.014063 0.018750
0 0.327344 0.599479 0.013125 0.031250
0 0.314063 0.604167 0.020625 0.042500
0 0.550000 0.596875 0.007500 0.027500
0 0.528906 0.604688 0.033750 0.046250
0 0.423828 0.598437 0.023438 0.043750
0 0.398438 0.593750 0.028125 0.035000
0 0.444922 0.588021 0.015938 0.026250
0 0.360547 0.583333 0.014063 0.017500
0 0.613281 0.581250 0.009375 0.015000
0 0.342578 0.584896 0.029062 0.026250
0 0.599219 0.579688 0.026250 0.018750
0 0.211875 0.741250 0.423750 0.517500
0 0.628906 0.582812 0.030000 0.036250
0 0.431250 0.571354 0.011250 0.008750
0 0.380469 0.575000 0.009375 0.017500
0 0.460938 0.579167 0.016875 0.037500
0 0.578125 0.575521 0.016875 0.031250
0 0.561719 0.571354 0.015000 0.023750
0 0.535156 0.573958 0.033750 0.032500
0 0.487891 0.568229 0.027187 0.023750
0 0.414062 0.567708 0.020625 0.022500
0 0.391797 0.567708 0.010312 0.025000
0 0.646875 0.572396 0.015000 0.038750
0 0.362891 0.568229 0.030937 0.041250
0 0.337109 0.560417 0.015938 0.022500
0 0.627344 0.560937 0.020625 0.026250
0 0.495312 0.556250 0.015000 0.015000
0 0.445312 0.559896 0.015000 0.026250
0 0.430078 0.552604 0.014063 0.013750
0 0.594922 0.555729 0.019688 0.023750
0 0.510938 0.562500 0.018750 0.045000
0 0.410156 0.546875 0.020625 0.017500
0 0.323047 0.549479 0.010312 0.026250
0 0.457422 0.545833 0.027187 0.027500
0 0.645703 0.544271 0.025312 0.028750
0 0.301563 0.554688 0.043125 0.056250
0 0.626172 0.533854 0.015938 0.021250
0 0.533594 0.538021 0.048750 0.031250
0 0.678516 0.536458 0.027187 0.030000
0 0.464844 0.539062 0.052500 0.043750
0 0.569141 0.534896 0.042188 0.036250
0 0.364844 0.536458 0.048750 0.040000
0 0.309766 0.529167 0.017813 0.027500
0 0.496094 0.527083 0.026250 0.030000
0 0.423828 0.525521 0.023438 0.033750
0 0.376953 0.521875 0.023438 0.027500
0 0.659375 0.535417 0.031875 0.062500
0 0.567187 0.513021 0.015000 0.018750
0 0.524609 0.513542 0.019688 0.020000
0 0.294922 0.509375 0.030937 0.015000
0 0.628516 0.510938 0.019688 0.026250
0 0.668750 0.511458 0.015000 0.030000
0 0.401172 0.516667 0.029062 0.045000
0 0.362500 0.509375 0.013125 0.027500
0 0.499609 0.504687 0.008437 0.023750
0 0.466797 0.507812 0.036562 0.033750
0 0.595703 0.521875 0.051562 0.070000
0 0.377344 0.498958 0.020625 0.015000
0 0.601562 0.494271 0.015000 0.021250
0 0.614844 0.494271 0.009375 0.026250
0 0.323828 0.505729 0.045937 0.053750
0 0.346094 0.499479 0.011250 0.041250
0 0.641406 0.493750 0.031875 0.032500
0 0.686719 0.492708 0.020625 0.040000
0 0.623047 0.485417 0.010312 0.022500
0 0.541797 0.488542 0.021562 0.042500
0 0.364844 0.482812 0.030000 0.028750
0 0.487500 0.484375 0.020625 0.035000
0 0.469922 0.476562 0.014063 0.018750
0 0.328125 0.486458 0.020625 0.045000
0 0.550781 0.473958 0.018750 0.020000
0 0.577734 0.478125 0.032813 0.035000
0 0.413672 0.476042 0.021562 0.032500
0 0.392578 0.479687 0.029062 0.053750
0 0.643359 0.459896 0.019688 0.016250
0 0.315625 0.465625 0.016875 0.035000
0 0.611328 0.465625 0.019688 0.040000
0 0.432422 0.478125 0.042188 0.072500
0 0.500391 0.470833 0.038437 0.070000
0 0.336328 0.455208 0.025312 0.032500
0 0.662109 0.452083 0.023438 0.030000
0 0.598047 0.446875 0.019688 0.020000
0 0.429297 0.444271 0.021562 0.016250
0 0.524219 0.461979 0.020625 0.063750
0 0.614453 0.440104 0.017813 0.013750
0 0.385156 0.444271 0.016875 0.026250
0 0.470313 0.432812 0.015000 0.016250
0 0.707422 0.432812 0.017813 0.018750
0 0.446875 0.433854 0.020625 0.026250
0 0.578516 0.426042 0.015938 0.015000
0 0.674219 0.425000 0.018750 0.022500
0 0.404297 0.437500 0.029062 0.052500
0 0.565234 0.442188 0.059062 0.068750
0 0.547266 0.436458 0.057188 0.057500
0 0.506641 0.423438 0.036562 0.041250
0 0.381250 0.418750 0.018750 0.030000
0 0.444922 0.413021 0.025312 0.018750
0 0.623828 0.426042 0.047812 0.052500
0 0.514453 0.408854 0.014063 0.016250
0 0.723828 0.414062 0.029062 0.033750
0 0.645312 0.414062 0.039375 0.038750
0 0.485547 0.408333 0.010312 0.027500
0 0.426563 0.401042 0.018750 0.010000
0 0.586719 0.414583 0.022500 0.045000
0 0.350000 0.420833 0.022500 0.070000
0 0.513281 0.393750 0.020625 0.010000
0 0.246875 0.400000 0.028125 0.032500
0 0.467187 0.390625 0.015000 0.015000
0 0.676562 0.396875 0.020625 0.035000
0 0.582422 0.388542 0.006563 0.015000
0 0.497656 0.387500 0.011250 0.022500
0 0.660547 0.384896 0.006563 0.023750
0 0.560937 0.392188 0.026250 0.041250
0 0.537109 0.392708 0.029062 0.050000
0 0.702344 0.378125 0.011250 0.017500
0 0.415234 0.394792 0.042188 0.057500
0 0.437891 0.384375 0.049687 0.035000
0 0.277734 0.384896 0.014063 0.038750
0 0.651563 0.371354 0.015000 0.008750
0 0.638672 0.381771 0.023438 0.033750
0 0.480469 0.378125 0.020625 0.035000
0 0.709375 0.369271 0.016875 0.023750
0 0.394922 0.367188 0.015938 0.018750
0 0.633203 0.360938 0.021562 0.011250
0 0.600781 0.379167 0.030000 0.057500
0 0.444531 0.359375 0.011250 0.010000
0 0.368359 0.348438 0.008437 0.013750
0 0.404687 0.354687 0.013125 0.031250
0 0.658984 0.348958 0.015938 0.025000
0 0.375000 0.370833 0.050625 0.077500
0 0.498437 0.352083 0.018750 0.035000
0 0.323828 0.343750 0.021562 0.015000
0 0.423828 0.343750 0.012188 0.020000
0 0.561719 0.356771 0.043125 0.061250
0 0.529297 0.334896 0.019688 0.023750
0 0.472266 0.334375 0.027187 0.022500
0 0.402734 0.330208 0.010312 0.012500
0 0.503906 0.330729 0.016875 0.036250
0 0.314063 0.325521 0.013125 0.023750
0 0.423047 0.318229 0.012188 0.023750
0 0.560547 0.319792 0.027187 0.030000
0 0.488672 0.320833 0.017813 0.032500
0 0.319922 0.313021 0.017813 0.018750
0 0.545703 0.307812 0.021562 0.013750
0 0.450391 0.314583 0.040313 0.037500
0 0.518750 0.306250 0.037500 0.022500
0 0.592187 0.333333 0.060000 0.092500
0 0.622266 0.318750 0.060937 0.065000
0 0.487891 0.296875 0.008437 0.017500
0 0.561328 0.293750 0.010312 0.022500
0 0.530078 0.289583 0.023438 0.012500
0 0.466406 0.293750 0.031875 0.022500
0 0.608984 0.291667 0.021562 0.020000
0 0.499219 0.294792 0.009375 0.030000
0 0.412109 0.300000 0.047812 0.052500
0 0.523438 0.269271 0.020625 0.023750
0 0.476172 0.267708 0.010312 0.022500
0 0.555859 0.275521 0.040313 0.043750
0 0.464453 0.261979 0.012188 0.026250
0 0.589063 0.259896 0.016875 0.026250
0 0.502344 0.255729 0.022500 0.016250
0 0.441406 0.264062 0.045000 0.038750
0 0.281250 0.258333 0.024375 0.035000
0 0.489453 0.260417 0.036562 0.045000
0 0.378516 0.250521 0.021562 0.026250
0 0.563672 0.247917 0.015938 0.022500
0 0.463672 0.240625 0.015938 0.015000
0 0.499609 0.238542 0.015938 0.012500
0 0.379297 0.241146 0.015938 0.021250
0 0.541016 0.234896 0.025312 0.011250
0 0.521484 0.241667 0.029062 0.040000
0 0.476172 0.235937 0.038437 0.031250
0 0.498047 0.225000 0.012188 0.015000
0 0.518750 0.215104 0.015000 0.021250
0 0.486328 0.203125 0.014063 0.025000
0 0.535156 0.198958 0.018750 0.037500
0 0.490625 0.194271 0.013125 0.028750
0 0.447266 0.194271 0.025312 0.031250
0 0.375781 0.130729 0.018750 0.031250
0 0.788125 0.258750 0.423750 0.517500
0 0.098906 0.143750 0.197813 0.287500
