0 0.547877 0.996625 0.017985 0.006750
0 0.762281 0.996250 0.016986 0.007500
0 0.087011 0.996250 0.014988 0.007500
0 0.715654 0.994375 0.014988 0.011250
0 0.622398 0.993625 0.018984 0.012750
0 0.606162 0.993625 0.021982 0.012750
0 0.006495 0.993750 0.012989 0.012000
0 0.833056 0.992500 0.020983 0.015000
0 0.168609 0.987500 0.016986 0.006000
0 0.108659 0.990250 0.036969 0.019500
0 0.017985 0.980000 0.035970 0.018000
0 0.026644 0.982375 0.039967 0.035250
0 0.194005 0.983125 0.067943 0.033750
0 0.007993 0.970938 0.015987 0.018750
0 0.148210 0.963437 0.013988 0.014250
0 0.984180 0.950625 0.009992 0.009000
0 0.992506 0.952187 0.014988 0.023250
0 0.150708 0.934688 0.011990 0.009750
0 0.140716 0.922500 0.013988 0.009000
0 0.993505 0.917500 0.012989 0.009000
0 0.967943 0.909375 0.008993 0.007500
0 0.993505 0.895312 0.012989 0.008250
0 0.746878 0.885312 0.027977 0.015750
0 0.761865 0.881875 0.013988 0.010500
0 0.776020 0.880313 0.009992 0.011250
0 0.723980 0.879687 0.012989 0.012750
0 0.006495 0.865938 0.012989 0.011250
0 0.996003 0.812187 0.007993 0.009750
0 0.004996 0.790937 0.009992 0.017250
0 0.043714 0.775000 0.012989 0.007500
0 0.990508 0.775625 0.018984 0.024000
0 0.049958 0.768437 0.007993 0.009750
0 0.026478 0.765000 0.052956 0.052500
0 0.007494 0.748750 0.014988 0.016500
0 0.019567 0.738750 0.010991 0.009000
0 0.975853 0.715313 0.017985 0.015750
0 0.005995 0.690625 0.011990 0.021000
0 0.004496 0.675937 0.008993 0.012750
0 0.995004 0.612187 0.009992 0.014250
0 0.972107 0.605313 0.012989 0.011250
0 0.070358 0.591562 0.024979 0.014250
0 0.968776 0.575937 0.012989 0.009750
0 0.982515 0.577187 0.034971 0.021750
0 0.101582 0.565000 0.011990 0.010500
0 0.047877 0.562187 0.006994 0.011250
0 0.957119 0.556562 0.012989 0.012750
0 0.021649 0.555000 0.015987 0.012000
0 0.012989 0.544063 0.025978 0.008250
0 0.108243 0.547188 0.009992 0.017250
0 0.080766 0.536563 0.009992 0.008250
0 0.050791 0.546250 0.027977 0.033000
0 0.006994 0.534687 0.013988 0.011250
0 0.068276 0.533750 0.017985 0.030000
0 0.039134 0.505313 0.009992 0.008250
0 0.009992 0.495625 0.019983 0.007500
0 0.038718 0.494063 0.014988 0.014250
0 0.994505 0.494063 0.010991 0.024750
0 0.964613 0.479063 0.014988 0.011250
0 0.009992 0.450937 0.019983 0.017250
0 0.037052 0.430625 0.018984 0.016500
0 0.100749 0.418750 0.007993 0.009000
0 0.046628 0.418125 0.009992 0.013500
0 0.031224 0.420312 0.020983 0.020250
0 0.970858 0.410000 0.011990 0.007500
0 0.959617 0.390937 0.018984 0.012750
0 0.870108 0.387500 0.021982 0.018000
0 0.099084 0.387188 0.027977 0.018750
0 0.028310 0.381250 0.015987 0.007500
0 0.087427 0.392500 0.041965 0.040500
0 0.033722 0.376563 0.020983 0.006750
0 0.878435 0.380937 0.023980 0.020250
0 0.973772 0.375000 0.014988 0.012000
0 0.027477 0.373437 0.025978 0.014250
0 0.873439 0.366250 0.013988 0.010500
0 0.847627 0.345000 0.015987 0.012000
0 0.859700 0.343125 0.012989 0.018000
0 0.995504 0.331562 0.008993 0.018750
0 0.030391 0.298750 0.030974 0.030000
0 0.991007 0.289687 0.017985 0.026250
0 0.034138 0.280000 0.019983 0.015000
0 0.978018 0.252188 0.043963 0.023250
0 0.944629 0.205937 0.030974 0.018750
0 0.134888 0.190625 0.009992 0.009000
0 0.994505 0.123750 0.010991 0.010500
0 0.560783 0.125000 0.022981 0.021000
0 0.098668 0.134375 0.070941 0.061500
0 0.565779 0.110000 0.012989 0.006000
0 0.005995 0.110312 0.011990 0.009750
0 0.548293 0.118750 0.028976 0.040500
0 0.113239 0.103125 0.021982 0.018000
0 0.490425 0.101875 0.013988 0.018000
0 0.406328 0.093438 0.013988 0.005250
0 0.081182 0.098750 0.052956 0.045000
0 0.415487 0.083437 0.023980 0.017250
0 0.097835 0.078437 0.012989 0.017250
0 0.111990 0.084062 0.036969 0.035250
0 0.399251 0.078750 0.056953 0.034500
0 0.679017 0.066562 0.008993 0.011250
0 0.529975 0.066562 0.008993 0.011250
0 0.391341 0.064062 0.029975 0.017250
0 0.015987 0.063125 0.031973 0.025500
0 0.552456 0.057188 0.016986 0.015750
0 0.487510 0.055625 0.020983 0.012000
0 0.669442 0.056875 0.037968 0.021000
0 0.645712 0.052187 0.012989 0.011250
0 0.462948 0.052812 0.009992 0.012750
0 0.075354 0.052500 0.016986 0.013500
0 0.062032 0.048438 0.012989 0.008250
0 0.471690 0.048438 0.012989 0.011250
0 0.062864 0.038750 0.010991 0.010500
0 0.462948 0.039688 0.015987 0.014250
0 0.377602 0.043437 0.078934 0.048750
0 0.687344 0.025313 0.014988 0.008250
0 0.957952 0.024688 0.008993 0.018750
0 0.904246 0.029687 0.043963 0.032250
0 0.808077 0.020313 0.006994 0.009750
0 0.288510 0.018437 0.014988 0.006750
0 0.803081 0.014063 0.014988 0.011250
0 0.411740 0.006250 0.012989 0.010500
0 0.961699 0.008250 0.011990 0.016500
0 0.946295 0.010875 0.022981 0.021750
0 0.877602 0.005250 0.019983 0.010500
0 0.802248 0.004500 0.016986 0.009000
0 0.527477 0.015000 0.026978 0.030000
0 0.508326 0.072750 0.108909 0.145500
0 0.395920 0.006750 0.018984 0.013500
0 0.414654 0.042375 0.127893 0.084750
0 0.160699 0.005625 0.009992 0.011250
0 0.600000 0.600000 1.000000 1.000000
0 0.020483 0.033750 0.040966 0.067500
