0 0.396562 0.991507 0.006750 0.016986
0 0.368125 0.991007 0.010500 0.017985
0 0.380937 0.980017 0.020250 0.015987
0 0.414687 0.985012 0.030750 0.029975
0 0.475625 0.981682 0.013500 0.029975
0 0.365312 0.976270 0.008250 0.016986
0 0.494688 0.976270 0.029250 0.032973
0 0.337813 0.977519 0.054750 0.035970
0 0.159688 0.968776 0.014250 0.014988
0 0.451562 0.975021 0.035250 0.039967
0 0.303438 0.973022 0.059250 0.053955
0 0.439375 0.959201 0.010500 0.011990
0 0.302812 0.952540 0.023250 0.023980
0 0.235313 0.957535 0.032250 0.047960
0 0.548438 0.958368 0.027750 0.061948
0 0.124688 0.936719 0.015750 0.013988
0 0.255000 0.936719 0.012000 0.015987
0 0.274687 0.955870 0.057750 0.067943
0 0.205937 0.930058 0.009750 0.019983
0 0.520938 0.927144 0.015750 0.022981
0 0.480938 0.934221 0.060750 0.043963
0 0.319688 0.928809 0.023250 0.030974
0 0.228125 0.925062 0.042000 0.051957
0 0.420312 0.930475 0.066750 0.068943
0 0.314063 0.919650 0.030750 0.042964
0 0.396250 0.908826 0.012000 0.018984
0 0.214688 0.902165 0.014250 0.016986
0 0.494688 0.898002 0.018750 0.014988
0 0.466875 0.899667 0.040500 0.022981
0 0.270625 0.906744 0.034500 0.039967
0 0.513750 0.901332 0.028500 0.030974
0 0.125938 0.906744 0.041250 0.047960
0 0.191250 0.909242 0.031500 0.069942
0 0.425312 0.888426 0.014250 0.025978
0 0.610313 0.905495 0.032250 0.068943
0 0.490625 0.877186 0.009000 0.022981
0 0.225625 0.874271 0.013500 0.017985
0 0.279062 0.871774 0.011250 0.013988
0 0.555000 0.877186 0.013500 0.034971
0 0.419687 0.873022 0.036750 0.024979
0 0.258750 0.880100 0.048000 0.055953
0 0.495000 0.861366 0.009000 0.012989
0 0.546250 0.889259 0.081000 0.089925
0 0.457813 0.876353 0.053250 0.068943
0 0.414687 0.849292 0.014250 0.019983
0 0.341250 0.843047 0.012000 0.014988
0 0.112125 0.901082 0.224250 0.197835
0 0.183750 0.840966 0.007500 0.015987
0 0.520000 0.835970 0.007500 0.011990
0 0.190312 0.853455 0.045750 0.071940
0 0.536563 0.852623 0.075750 0.077935
0 0.235000 0.843464 0.060000 0.057952
0 0.368437 0.842631 0.050250 0.087927
0 0.213438 0.815154 0.008250 0.021982
0 0.450625 0.834305 0.070500 0.071940
0 0.204063 0.813072 0.017250 0.020983
0 0.431250 0.808909 0.036000 0.020983
0 0.509062 0.814738 0.020250 0.036969
0 0.340000 0.800167 0.009000 0.013988
0 0.189375 0.812240 0.028500 0.050958
0 0.302187 0.804330 0.023250 0.033972
0 0.314063 0.880933 0.225750 0.235803
0 0.284375 0.781432 0.012000 0.012989
0 0.542188 0.796003 0.053250 0.051957
0 0.405000 0.785595 0.018000 0.052956
0 0.266250 0.774355 0.030000 0.031973
0 0.215000 0.777685 0.031500 0.039967
0 0.588750 0.798918 0.067500 0.094921
0 0.523750 0.766861 0.015000 0.029975
0 0.477500 0.802664 0.073500 0.117902
0 0.565625 0.762281 0.019500 0.022981
0 0.514375 0.755620 0.015000 0.006994
0 0.375000 0.791840 0.096000 0.101915
0 0.581562 0.765196 0.032250 0.043963
0 0.392500 0.758118 0.013500 0.026978
0 0.148125 0.755620 0.006000 0.020983
0 0.359375 0.750208 0.019500 0.009992
0 0.316563 0.742298 0.005250 0.016986
0 0.501250 0.740633 0.007500 0.020983
0 0.458750 0.741465 0.007500 0.026978
0 0.688750 0.743131 0.039000 0.044963
0 0.491563 0.732723 0.014250 0.019983
0 0.288750 0.742298 0.030000 0.044963
0 0.520312 0.730641 0.038250 0.026978
0 0.474687 0.740633 0.029250 0.054954
0 0.313125 0.754788 0.055500 0.088926
0 0.146875 0.761865 0.048000 0.117902
0 0.436563 0.741049 0.033750 0.071940
0 0.557187 0.739384 0.062250 0.091923
0 0.261250 0.726478 0.031500 0.062948
0 0.478750 0.714821 0.045000 0.036969
0 0.517813 0.707327 0.009750 0.030974
0 0.600625 0.700250 0.009000 0.023980
0 0.439063 0.699833 0.018750 0.024979
0 0.388437 0.727727 0.080250 0.097918
0 0.546875 0.694838 0.007500 0.020983
0 0.589063 0.689425 0.017250 0.009992
0 0.532188 0.694005 0.020250 0.020983
0 0.459688 0.688593 0.027750 0.023980
0 0.611250 0.685679 0.015000 0.018984
0 0.239687 0.698168 0.029250 0.062948
0 0.206563 0.707744 0.059250 0.087927
0 0.423125 0.678185 0.024000 0.018984
0 0.563438 0.674022 0.012750 0.012989
0 0.440625 0.677769 0.019500 0.029975
0 0.177500 0.693589 0.024000 0.067943
0 0.199375 0.674022 0.015000 0.022981
0 0.487500 0.681932 0.043500 0.045962
0 0.217188 0.683597 0.024750 0.051957
0 0.140937 0.694005 0.062250 0.082931
0 0.600938 0.670691 0.012750 0.030974
0 0.614688 0.702331 0.071250 0.110908
0 0.550312 0.658618 0.009750 0.013988
0 0.323437 0.695254 0.072750 0.105912
0 0.584375 0.665279 0.022500 0.039967
0 0.290938 0.661948 0.026250 0.039967
0 0.533438 0.650291 0.009750 0.013988
0 0.261562 0.664863 0.042750 0.050958
0 0.618125 0.651124 0.019500 0.019983
0 0.493750 0.652373 0.009000 0.024979
0 0.221562 0.648626 0.008250 0.023980
0 0.576250 0.643214 0.004500 0.014988
0 0.180625 0.654038 0.043500 0.040966
0 0.558438 0.643214 0.006750 0.018984
0 0.509062 0.663614 0.026250 0.069942
0 0.598437 0.644463 0.009750 0.027977
0 0.585938 0.634888 0.015750 0.012989
0 0.386875 0.668609 0.112500 0.093922
0 0.210000 0.639883 0.022500 0.024979
0 0.332188 0.630724 0.012750 0.006994
0 0.569375 0.630724 0.012000 0.008993
0 0.455000 0.646545 0.048000 0.046961
0 0.320937 0.636969 0.012750 0.025978
0 0.486250 0.632390 0.013500 0.028976
0 0.475000 0.627810 0.012000 0.017985
0 0.627500 0.609908 0.012000 0.030974
0 0.545625 0.622398 0.079500 0.064946
0 0.195625 0.611990 0.045000 0.055953
0 0.260625 0.624063 0.079500 0.090924
0 0.661563 0.582431 0.015750 0.006994
0 0.478750 0.604496 0.030000 0.061948
0 0.438750 0.603664 0.058500 0.059950
0 0.604062 0.610325 0.056250 0.081932
0 0.205937 0.580350 0.014250 0.013988
0 0.301250 0.580766 0.013500 0.016986
0 0.821250 0.597835 0.030000 0.071940
0 0.474375 0.574521 0.006000 0.017985
0 0.579063 0.574938 0.015750 0.024979
0 0.631875 0.570774 0.012000 0.018984
0 0.643437 0.586595 0.017250 0.062948
0 0.391562 0.561199 0.014250 0.007993
0 0.242812 0.593256 0.059250 0.084929
0 0.722500 0.564946 0.021000 0.020983
0 0.350000 0.611990 0.058500 0.133888
0 0.455625 0.562448 0.018000 0.016986
0 0.180938 0.593256 0.048750 0.092923
0 0.211562 0.561615 0.011250 0.022981
0 0.242812 0.552873 0.014250 0.013988
0 0.558438 0.566195 0.042750 0.049958
0 0.665937 0.564113 0.038250 0.046961
0 0.334688 0.554122 0.014250 0.022981
0 0.470313 0.551207 0.015750 0.021982
0 0.330313 0.547044 0.012750 0.011990
0 0.514375 0.585346 0.066000 0.111907
0 0.384688 0.603664 0.068250 0.161865
0 0.297812 0.589509 0.068250 0.127893
0 0.235937 0.541632 0.041250 0.028976
0 0.587187 0.554954 0.023250 0.062948
0 0.745625 0.553289 0.028500 0.068943
0 0.489063 0.549126 0.024750 0.066944
0 0.454688 0.527477 0.011250 0.018984
0 0.377812 0.534138 0.021750 0.040966
0 0.729062 0.532473 0.030750 0.042964
0 0.467187 0.527061 0.015750 0.029975
0 0.221875 0.530808 0.018000 0.040966
0 0.434375 0.536636 0.033000 0.056953
0 0.175000 0.522898 0.007500 0.025978
0 0.534687 0.519151 0.035250 0.030974
0 0.580625 0.521649 0.046500 0.044963
0 0.268437 0.519567 0.032250 0.041965
0 0.242188 0.503747 0.026250 0.025978
0 0.292500 0.511657 0.024000 0.052956
0 0.208437 0.512490 0.026250 0.060949
0 0.468125 0.498751 0.009000 0.029975
0 0.179063 0.530808 0.053250 0.110908
0 0.631563 0.525396 0.068250 0.099917
0 0.365000 0.516653 0.124500 0.080933
0 0.639062 0.491257 0.015750 0.029975
0 0.561562 0.489592 0.027750 0.031973
0 0.610938 0.488343 0.024750 0.036969
0 0.252500 0.472523 0.007500 0.008993
0 0.410313 0.485429 0.038250 0.053955
0 0.293438 0.467943 0.009750 0.011990
0 0.615938 0.464613 0.011250 0.005995
0 0.471875 0.490008 0.057000 0.068943
0 0.438750 0.485012 0.028500 0.056953
0 0.228750 0.471274 0.013500 0.023980
0 0.573438 0.477519 0.033750 0.050958
0 0.333437 0.458368 0.011250 0.008993
0 0.223750 0.456703 0.018000 0.010991
0 0.185000 0.486678 0.066000 0.088926
0 0.645625 0.476686 0.058500 0.066944
0 0.475938 0.453789 0.012750 0.011990
0 0.283438 0.469192 0.060750 0.058951
0 0.545312 0.455454 0.039750 0.027977
0 0.517188 0.492090 0.087750 0.117902
0 0.241250 0.457119 0.013500 0.033972
0 0.394688 0.452540 0.024750 0.032973
0 0.184688 0.453372 0.042750 0.054954
0 0.635312 0.438801 0.012750 0.025978
0 0.360938 0.457952 0.050250 0.079933
0 0.619375 0.437136 0.022500 0.031973
0 0.180625 0.426311 0.009000 0.013988
0 0.256250 0.441299 0.013500 0.053955
0 0.467500 0.435054 0.040500 0.040966
0 0.537813 0.421316 0.017250 0.023980
0 0.557187 0.424646 0.024750 0.035970
0 0.330937 0.462531 0.065250 0.134888
0 0.403750 0.424646 0.046500 0.045962
0 0.448125 0.432973 0.061500 0.067943
0 0.585625 0.442964 0.055500 0.093922
0 0.209687 0.425062 0.039750 0.052956
0 0.247188 0.403830 0.014250 0.009992
0 0.180000 0.408826 0.019500 0.025978
0 0.379375 0.411324 0.016500 0.033972
0 0.603437 0.402581 0.023250 0.016986
0 0.622812 0.407993 0.017250 0.031973
0 0.236250 0.416320 0.031500 0.055953
0 0.370312 0.405912 0.009750 0.032973
0 0.363125 0.398418 0.012000 0.014988
0 0.325313 0.401749 0.012750 0.022981
0 0.205313 0.395087 0.012750 0.012989
0 0.768125 0.413405 0.027000 0.062948
0 0.547813 0.403414 0.051750 0.038968
0 0.511563 0.415903 0.045750 0.072939
0 0.295625 0.402998 0.027000 0.043963
0 0.214375 0.397169 0.016500 0.031973
0 0.483750 0.397169 0.012000 0.039967
0 0.613750 0.380933 0.007500 0.014988
0 0.655625 0.414238 0.054000 0.102914
0 0.820937 0.392173 0.044250 0.051957
0 0.199063 0.382182 0.032250 0.031973
0 0.656563 0.370941 0.008250 0.014988
0 0.539375 0.373855 0.043500 0.023980
0 0.486563 0.374271 0.017250 0.024979
0 0.346250 0.388843 0.030000 0.061948
0 0.586250 0.391757 0.037500 0.070941
0 0.587187 0.363031 0.011250 0.005995
0 0.460938 0.378851 0.038250 0.043963
0 0.403125 0.371774 0.013500 0.026978
0 0.413438 0.379684 0.018750 0.049958
0 0.280000 0.362198 0.010500 0.009992
0 0.501875 0.372606 0.016500 0.042964
0 0.372812 0.365529 0.030750 0.031973
0 0.608437 0.353872 0.015750 0.017985
0 0.280938 0.388426 0.039750 0.102914
0 0.522813 0.353039 0.029250 0.019983
0 0.655937 0.350958 0.006750 0.022981
0 0.317812 0.369692 0.041250 0.067943
0 0.483125 0.347211 0.016500 0.021982
0 0.553125 0.353039 0.012000 0.039967
0 0.459375 0.349292 0.034500 0.034971
0 0.249375 0.369692 0.060000 0.095920
0 0.213125 0.354704 0.031500 0.067943
0 0.340313 0.328476 0.011250 0.010991
0 0.318750 0.345545 0.031500 0.051957
0 0.371250 0.340550 0.043500 0.043963
0 0.686875 0.347627 0.021000 0.064946
0 0.508125 0.326811 0.030000 0.036969
0 0.407813 0.330142 0.038250 0.048959
0 0.288438 0.325562 0.048750 0.043963
0 0.431563 0.320150 0.018750 0.032973
0 0.322813 0.315154 0.012750 0.020983
0 0.570625 0.338884 0.081000 0.081932
0 0.587812 0.310575 0.015750 0.021982
0 0.236563 0.323064 0.032250 0.077935
0 0.372188 0.301415 0.011250 0.027977
0 0.161250 0.315154 0.040500 0.060949
0 0.534062 0.302248 0.027750 0.039967
0 0.464687 0.296836 0.008250 0.026978
0 0.410625 0.294754 0.058500 0.035970
0 0.345000 0.313072 0.031500 0.081932
0 0.315937 0.299750 0.033750 0.051957
0 0.214062 0.302248 0.027750 0.061948
0 0.613750 0.281432 0.013500 0.017985
0 0.375625 0.296420 0.024000 0.053955
0 0.643125 0.337219 0.082500 0.153872
0 0.392813 0.274771 0.012750 0.007993
0 0.441250 0.330974 0.049500 0.172856
0 0.312812 0.268110 0.038250 0.025978
0 0.268750 0.289759 0.072000 0.083930
0 0.263750 0.261449 0.010500 0.017985
0 0.687813 0.286428 0.074250 0.089925
0 0.311563 0.249376 0.008250 0.012989
0 0.325313 0.246045 0.015750 0.006994
0 0.450625 0.248959 0.006000 0.017985
0 0.664687 0.246878 0.021750 0.018984
0 0.358750 0.251041 0.016500 0.028976
0 0.396250 0.246878 0.046500 0.022981
0 0.533438 0.237302 0.011250 0.007993
0 0.421875 0.238968 0.012000 0.021982
0 0.624375 0.258951 0.054000 0.077935
0 0.433750 0.233139 0.013500 0.019983
0 0.480312 0.229808 0.012750 0.015987
0 0.529687 0.264363 0.071250 0.104913
0 0.387813 0.230641 0.015750 0.029975
0 0.254375 0.248127 0.064500 0.071940
0 0.460938 0.239384 0.018750 0.054954
0 0.326562 0.258535 0.090750 0.102914
0 0.585625 0.265196 0.088500 0.120899
0 0.446250 0.218568 0.015000 0.012989
0 0.265313 0.211074 0.009750 0.008993
0 0.373750 0.220649 0.039000 0.035970
0 0.245938 0.208576 0.011250 0.024979
0 0.486875 0.257702 0.051000 0.146878
0 0.415625 0.212323 0.018000 0.037968
0 0.365938 0.204413 0.006750 0.018984
0 0.456250 0.203164 0.007500 0.019983
0 0.446875 0.201915 0.006000 0.020983
0 0.653438 0.213156 0.038250 0.049958
0 0.355625 0.198168 0.009000 0.015987
0 0.598437 0.197336 0.005250 0.017985
0 0.680937 0.235221 0.036750 0.110908
0 0.474062 0.202748 0.009750 0.032973
0 0.586562 0.196503 0.017250 0.021982
0 0.291563 0.201915 0.098250 0.052956
0 0.454375 0.180683 0.042000 0.021982
0 0.351250 0.177352 0.016500 0.017985
0 0.611563 0.193172 0.030750 0.063947
0 0.523125 0.191923 0.027000 0.062948
0 0.338750 0.174022 0.010500 0.027977
0 0.474062 0.168609 0.008250 0.020983
0 0.373750 0.177769 0.027000 0.054954
0 0.314375 0.168609 0.027000 0.032973
0 0.389688 0.168609 0.014250 0.044963
0 0.542813 0.189009 0.036750 0.101915
0 0.329688 0.153206 0.014250 0.019983
0 0.581562 0.171107 0.053250 0.068943
0 0.511563 0.146961 0.008250 0.012989
0 0.630625 0.156120 0.034500 0.058951
0 0.531250 0.141132 0.031500 0.034971
0 0.426250 0.129059 0.012000 0.011990
0 0.599063 0.128643 0.011250 0.024979
0 0.441875 0.149459 0.024000 0.074938
0 0.349375 0.130724 0.031500 0.049958
0 0.292812 0.127394 0.044250 0.043963
0 0.473750 0.138218 0.046500 0.071940
0 0.566562 0.122814 0.047250 0.046961
0 0.502188 0.146128 0.036750 0.102914
0 0.595938 0.108243 0.021750 0.015987
0 0.535625 0.113655 0.028500 0.028976
0 0.375000 0.126561 0.042000 0.061948
0 0.559688 0.095754 0.009750 0.009992
0 0.542500 0.090341 0.007500 0.020983
0 0.485625 0.095754 0.013500 0.037968
0 0.497188 0.081599 0.011250 0.009992
0 0.618125 0.103664 0.030000 0.068943
0 0.408438 0.094921 0.035250 0.053955
0 0.583125 0.086595 0.045000 0.039967
0 0.537813 0.073689 0.015750 0.014988
0 0.604688 0.067860 0.005250 0.014988
0 0.595938 0.065779 0.008250 0.013988
0 0.525625 0.069942 0.009000 0.025978
0 0.424063 0.109908 0.071250 0.121898
0 0.551562 0.062032 0.015750 0.016986
0 0.467500 0.057036 0.012000 0.024979
0 0.273438 0.065362 0.030750 0.048959
0 0.566562 0.057452 0.012750 0.037968
0 0.476250 0.044130 0.007500 0.013988
0 0.559375 0.038301 0.007500 0.027977
0 0.539062 0.034555 0.026250 0.024979
0 0.458125 0.037052 0.043500 0.040966
0 0.487187 0.062864 0.092250 0.106911
0 0.613437 0.045795 0.021750 0.069942
0 0.237813 0.037469 0.041250 0.051957
0 0.787188 0.600000 0.375750 1.000000
0 0.578125 0.037469 0.066000 0.074938
0 0.492500 0.024979 0.033000 0.049958
0 0.473125 0.010491 0.024000 0.020983
0 0.454062 0.012989 0.014250 0.025978
0 0.083250 0.167361 0.166500 0.334721
