0 0.375000 0.979167 0.039375 0.037500
0 0.445703 0.976042 0.027187 0.047500
0 0.401172 0.935417 0.025312 0.050000
0 0.567969 0.892188 0.043125 0.036250
0 0.410938 0.874479 0.037500 0.041250
0 0.558203 0.863021 0.040313 0.023750
0 0.456641 0.852604 0.023438 0.028750
0 0.591016 0.855208 0.030937 0.037500
0 0.636719 0.855729 0.031875 0.048750
0 0.378516 0.834896 0.027187 0.023750
0 0.361719 0.829688 0.011250 0.016250
0 0.512891 0.834896 0.034687 0.031250
0 0.424609 0.830729 0.023438 0.028750
0 0.625391 0.822917 0.019688 0.012500
0 0.457031 0.823958 0.018750 0.015000
0 0.539062 0.824479 0.028125 0.028750
0 0.606641 0.829167 0.015938 0.052500
0 0.482031 0.830208 0.033750 0.060000
0 0.645312 0.816146 0.022500 0.036250
0 0.441797 0.820833 0.014063 0.052500
0 0.453906 0.799479 0.015000 0.018750
0 0.676562 0.809896 0.026250 0.056250
0 0.570703 0.798958 0.019688 0.035000
0 0.512891 0.801562 0.034687 0.053750
0 0.410156 0.801562 0.065625 0.053750
0 0.364453 0.798958 0.057188 0.050000
0 0.280469 0.786458 0.039375 0.037500
0 0.662891 0.788021 0.036562 0.051250
0 0.589844 0.806250 0.084375 0.100000
0 0.561719 0.786458 0.039375 0.055000
0 0.480078 0.786979 0.036562 0.056250
0 0.535547 0.777604 0.023438 0.051250
0 0.634766 0.761979 0.017813 0.018750
0 0.375781 0.761458 0.050625 0.025000
0 0.550000 0.755208 0.018750 0.012500
0 0.643359 0.772917 0.015938 0.057500
0 0.684375 0.769271 0.026250 0.056250
0 0.595313 0.759375 0.011250 0.035000
0 0.664062 0.749479 0.024375 0.031250
0 0.425000 0.756771 0.061875 0.056250
0 0.382812 0.740104 0.039375 0.021250
0 0.464844 0.753646 0.045000 0.058750
0 0.541406 0.739583 0.024375 0.030000
0 0.358203 0.733333 0.030937 0.015000
0 0.503906 0.737500 0.015000 0.030000
0 0.609766 0.742708 0.034687 0.045000
0 0.324219 0.755208 0.035625 0.075000
0 0.685156 0.730729 0.030000 0.018750
0 0.638672 0.731250 0.044062 0.035000
0 0.567969 0.718750 0.024375 0.022500
0 0.551562 0.715625 0.011250 0.025000
0 0.526563 0.711979 0.033750 0.016250
0 0.482422 0.717708 0.040313 0.032500
0 0.310937 0.715104 0.045000 0.028750
0 0.089063 0.821875 0.178125 0.356250
0 0.663672 0.716146 0.015938 0.036250
0 0.681641 0.710938 0.029062 0.026250
0 0.505078 0.709375 0.008437 0.027500
0 0.383594 0.707292 0.035625 0.042500
0 0.613672 0.704688 0.021562 0.048750
0 0.315625 0.691146 0.013125 0.018750
0 0.285938 0.696354 0.016875 0.031250
0 0.635156 0.693750 0.022500 0.032500
0 0.587891 0.719271 0.042188 0.098750
0 0.365625 0.698438 0.026250 0.051250
0 0.655859 0.686979 0.019688 0.026250
0 0.540234 0.687500 0.012188 0.042500
0 0.630859 0.671354 0.014063 0.013750
0 0.606641 0.674479 0.034687 0.021250
0 0.405859 0.681250 0.017813 0.042500
0 0.768906 0.794375 0.462188 0.411250
0 0.458594 0.662500 0.016875 0.017500
0 0.343750 0.683333 0.041250 0.067500
0 0.645312 0.664062 0.015000 0.026250
0 0.378516 0.666667 0.010312 0.032500
0 0.285156 0.661458 0.039375 0.035000
0 0.686328 0.668750 0.029062 0.055000
0 0.308984 0.671875 0.029062 0.062500
0 0.579297 0.661979 0.027187 0.043750
0 0.534375 0.647396 0.007500 0.028750
0 0.560937 0.669792 0.037500 0.090000
0 0.451562 0.688542 0.106875 0.137500
0 0.605078 0.644271 0.030937 0.036250
0 0.482031 0.649479 0.030000 0.048750
0 0.297656 0.641667 0.022500 0.030000
0 0.450000 0.635417 0.022500 0.030000
0 0.657813 0.647917 0.050625 0.067500
0 0.337109 0.651042 0.032813 0.075000
0 0.631250 0.628646 0.022500 0.023750
0 0.317188 0.629687 0.016875 0.031250
0 0.272266 0.629687 0.040313 0.033750
0 0.330859 0.626563 0.008437 0.028750
0 0.420703 0.642708 0.044062 0.077500
0 0.473047 0.614583 0.012188 0.027500
0 0.607031 0.608333 0.013125 0.020000
0 0.509375 0.642188 0.061875 0.113750
0 0.370312 0.597917 0.011250 0.015000
0 0.658594 0.604688 0.037500 0.033750
0 0.482812 0.607292 0.020625 0.040000
0 0.422656 0.595833 0.015000 0.012500
0 0.541797 0.601042 0.014063 0.027500
0 0.395703 0.625000 0.057188 0.085000
0 0.592578 0.601042 0.014063 0.035000
0 0.355469 0.601042 0.024375 0.040000
0 0.279687 0.608854 0.028125 0.061250
0 0.632031 0.605729 0.041250 0.056250
0 0.570703 0.616667 0.062812 0.085000
0 0.369922 0.620313 0.038437 0.096250
0 0.326953 0.590104 0.021562 0.026250
0 0.710547 0.605729 0.059062 0.071250
0 0.499219 0.596875 0.020625 0.060000
0 0.301563 0.598437 0.024375 0.063750
0 0.263672 0.585938 0.036562 0.033750
0 0.683594 0.584896 0.016875 0.033750
0 0.596875 0.576562 0.011250 0.013750
0 0.669141 0.574479 0.012188 0.023750
0 0.468750 0.576562 0.039375 0.028750
0 0.522656 0.578125 0.024375 0.035000
0 0.576172 0.569271 0.030937 0.021250
0 0.298828 0.559375 0.014063 0.020000
0 0.632422 0.567708 0.068437 0.045000
0 0.318359 0.559896 0.036562 0.026250
0 0.703906 0.552604 0.016875 0.011250
0 0.477344 0.555208 0.015000 0.020000
0 0.719141 0.565625 0.060937 0.050000
0 0.598437 0.555208 0.011250 0.025000
0 0.404297 0.566146 0.045937 0.051250
0 0.368359 0.559896 0.021562 0.036250
0 0.347656 0.561458 0.020625 0.042500
0 0.510547 0.555208 0.040313 0.030000
0 0.462891 0.550521 0.010312 0.023750
0 0.702344 0.540625 0.031875 0.015000
0 0.443750 0.561458 0.043125 0.065000
0 0.618750 0.541667 0.031875 0.040000
0 0.267578 0.548958 0.047812 0.057500
0 0.495703 0.536979 0.021562 0.036250
0 0.641016 0.532813 0.017813 0.033750
0 0.553906 0.546875 0.043125 0.075000
0 0.280469 0.528646 0.033750 0.036250
0 0.719531 0.527604 0.045000 0.041250
0 0.460938 0.521875 0.052500 0.040000
0 0.327344 0.523958 0.026250 0.047500
0 0.674609 0.533333 0.047812 0.077500
0 0.517969 0.501042 0.009375 0.015000
0 0.503516 0.508333 0.023438 0.032500
0 0.410938 0.515104 0.065625 0.058750
0 0.365234 0.509896 0.059062 0.048750
0 0.671875 0.495312 0.011250 0.018750
0 0.685937 0.509896 0.033750 0.056250
0 0.260156 0.500521 0.035625 0.036250
0 0.434766 0.495833 0.015938 0.027500
0 0.601562 0.518229 0.075000 0.083750
0 0.287891 0.492708 0.023438 0.030000
0 0.461719 0.488021 0.011250 0.031250
0 0.418359 0.478125 0.017813 0.010000
0 0.516797 0.483333 0.023438 0.027500
0 0.498437 0.479687 0.009375 0.021250
0 0.273828 0.477083 0.014063 0.017500
0 0.707031 0.487500 0.022500 0.047500
0 0.380078 0.479167 0.015938 0.032500
0 0.536719 0.470833 0.018750 0.030000
0 0.326953 0.502083 0.077812 0.107500
0 0.474219 0.471875 0.013125 0.040000
0 0.232031 0.484896 0.073125 0.078750
0 0.682813 0.466667 0.035625 0.040000
0 0.575391 0.480729 0.040313 0.076250
0 0.355859 0.459896 0.023438 0.026250
0 0.643359 0.452083 0.025312 0.015000
0 0.503906 0.457292 0.024375 0.027500
0 0.485938 0.465625 0.015000 0.047500
0 0.380078 0.443750 0.021562 0.015000
0 0.325000 0.452604 0.030000 0.041250
0 0.558984 0.471875 0.057188 0.090000
0 0.547266 0.445833 0.008437 0.027500
0 0.637891 0.434375 0.014063 0.012500
0 0.494531 0.436979 0.015000 0.018750
0 0.621094 0.441146 0.022500 0.036250
0 0.508984 0.432812 0.012188 0.021250
0 0.566406 0.426563 0.026250 0.016250
0 0.605859 0.430208 0.010312 0.027500
0 0.402344 0.453646 0.043125 0.083750
0 0.524609 0.433333 0.019688 0.037500
0 0.300781 0.431250 0.016875 0.035000
0 0.276953 0.446354 0.053437 0.071250
0 0.360938 0.430208 0.048750 0.040000
0 0.459766 0.416146 0.012188 0.028750
0 0.411328 0.409896 0.019688 0.016250
0 0.807031 0.419792 0.035625 0.047500
0 0.222266 0.432812 0.047812 0.083750
0 0.542188 0.408854 0.028125 0.036250
0 0.620703 0.453125 0.089063 0.147500
0 0.359766 0.407813 0.027187 0.038750
0 0.650391 0.397917 0.012188 0.017500
0 0.439844 0.438021 0.043125 0.126250
0 0.315625 0.420312 0.033750 0.088750
0 0.509375 0.394792 0.031875 0.035000
0 0.661328 0.417708 0.049687 0.092500
0 0.275391 0.388542 0.027187 0.022500
0 0.360938 0.378125 0.016875 0.012500
0 0.766406 0.391146 0.026250 0.053750
0 0.379688 0.379688 0.024375 0.026250
0 0.548047 0.377604 0.034687 0.033750
0 0.287500 0.366146 0.020625 0.018750
0 0.328906 0.375521 0.052500 0.046250
0 0.579297 0.375521 0.036562 0.048750
0 0.408203 0.381771 0.083437 0.071250
0 0.542188 0.354167 0.024375 0.015000
0 0.469922 0.393750 0.064687 0.110000
0 0.258203 0.352604 0.017813 0.011250
0 0.255078 0.368750 0.034687 0.050000
0 0.497266 0.362500 0.021562 0.040000
0 0.360547 0.356771 0.038437 0.038750
0 0.403516 0.352604 0.034687 0.036250
0 0.521875 0.367708 0.039375 0.087500
0 0.463281 0.337500 0.022500 0.015000
0 0.619922 0.334375 0.023438 0.022500
0 0.481641 0.334375 0.017813 0.027500
0 0.242578 0.332813 0.030937 0.031250
0 0.366797 0.328646 0.015938 0.026250
0 0.343359 0.325000 0.021562 0.017500
0 0.573438 0.320312 0.018750 0.013750
0 0.310156 0.318229 0.009375 0.021250
0 0.646875 0.365625 0.075000 0.140000
0 0.297656 0.332292 0.090000 0.065000
0 0.642188 0.315625 0.020625 0.030000
0 0.627734 0.310417 0.012188 0.017500
0 0.273438 0.306771 0.011250 0.008750
0 0.557031 0.308333 0.015000 0.017500
0 0.425391 0.336458 0.049687 0.085000
0 0.370312 0.309896 0.009375 0.021250
0 0.585938 0.344271 0.078750 0.121250
0 0.599219 0.301042 0.007500 0.027500
0 0.541016 0.291146 0.015938 0.008750
0 0.400781 0.314583 0.052500 0.067500
0 0.181250 0.314583 0.054375 0.072500
0 0.516797 0.313021 0.055313 0.071250
0 0.500000 0.298958 0.026250 0.047500
0 0.458984 0.294792 0.030937 0.042500
0 0.587500 0.295833 0.018750 0.047500
0 0.430859 0.291146 0.012188 0.036250
0 0.720313 0.304167 0.046875 0.070000
0 0.240234 0.294792 0.025312 0.050000
0 0.607812 0.280208 0.033750 0.022500
0 0.299219 0.283333 0.033750 0.045000
0 0.277734 0.267708 0.021562 0.012500
0 0.486328 0.285417 0.027187 0.057500
0 0.524609 0.269271 0.038437 0.028750
0 0.263672 0.275521 0.012188 0.048750
0 0.591406 0.260417 0.018750 0.030000
0 0.447656 0.252604 0.030000 0.028750
0 0.482031 0.254688 0.026250 0.046250
0 0.203516 0.252083 0.027187 0.045000
0 0.525391 0.240104 0.012188 0.023750
0 0.556641 0.249479 0.057188 0.058750
0 0.503125 0.243750 0.026250 0.047500
0 0.273047 0.234375 0.027187 0.035000
0 0.561719 0.223958 0.020625 0.012500
0 0.607422 0.242188 0.064687 0.073750
0 0.406250 0.255729 0.069375 0.116250
0 0.429688 0.211458 0.030000 0.015000
0 0.785547 0.224479 0.029062 0.051250
0 0.508594 0.213542 0.013125 0.025000
0 0.576562 0.213021 0.016875 0.031250
0 0.466016 0.216667 0.049687 0.040000
0 0.308203 0.217708 0.060937 0.047500
0 0.537500 0.210938 0.046875 0.038750
0 0.493359 0.207292 0.015938 0.042500
0 0.366797 0.253125 0.109688 0.162500
0 0.475781 0.191667 0.015000 0.022500
0 0.454297 0.192188 0.034687 0.023750
0 0.414453 0.182292 0.008437 0.022500
0 0.315234 0.180208 0.036562 0.040000
0 0.661328 0.179688 0.030937 0.043750
0 0.353516 0.169271 0.047812 0.028750
0 0.568359 0.181250 0.075938 0.060000
0 0.465625 0.166146 0.033750 0.026250
0 0.423828 0.165104 0.049687 0.056250
0 0.512109 0.165625 0.057188 0.060000
0 0.539453 0.141667 0.012188 0.022500
0 0.434375 0.132292 0.016875 0.010000
0 0.502734 0.133333 0.021562 0.015000
0 0.385156 0.134375 0.037500 0.035000
0 0.413672 0.126042 0.025312 0.025000
0 0.472266 0.128646 0.045937 0.048750
0 0.520703 0.133854 0.094687 0.063750
0 0.439844 0.112500 0.022500 0.012500
0 0.503906 0.113021 0.022500 0.016250
0 0.424219 0.107292 0.011250 0.012500
0 0.473438 0.092708 0.037500 0.032500
0 0.579297 0.088021 0.030937 0.046250
0 0.524219 0.080208 0.024375 0.050000
0 0.461719 0.067187 0.026250 0.048750
0 0.683594 0.022917 0.028125 0.040000
0 0.910937 0.178125 0.178125 0.356250
0 0.231094 0.205625 0.462188 0.411250
