0 0.762500 0.986500 0.060000 0.027000
0 0.211250 0.985000 0.069000 0.030000
0 0.140000 0.983500 0.090000 0.033000
0 0.568750 0.977500 0.027000 0.045000
0 0.303750 0.976000 0.045000 0.048000
0 0.618750 0.963750 0.045000 0.039000
0 0.236250 0.960000 0.051000 0.036000
0 0.373750 0.964000 0.111000 0.072000
0 0.695000 0.950000 0.060000 0.030000
0 0.285000 0.945000 0.042000 0.072000
0 0.065000 0.953500 0.060000 0.093000
0 0.151250 0.936250 0.141000 0.069000
0 0.378750 0.915000 0.039000 0.024000
0 0.635000 0.940000 0.090000 0.090000
0 0.460000 0.941500 0.156000 0.117000
0 0.528750 0.922500 0.033000 0.054000
0 0.241250 0.922500 0.057000 0.054000
0 0.682500 0.898750 0.078000 0.045000
0 0.747500 0.901250 0.222000 0.087000
0 0.037500 0.885000 0.075000 0.060000
0 0.155000 0.878750 0.054000 0.051000
0 0.206250 0.882500 0.057000 0.072000
0 0.470000 0.853750 0.042000 0.045000
0 0.378750 0.865000 0.093000 0.078000
0 0.643750 0.845000 0.099000 0.036000
0 0.280000 0.881250 0.132000 0.147000
0 0.116250 0.832500 0.039000 0.036000
0 0.203750 0.825000 0.069000 0.042000
0 0.563750 0.877500 0.117000 0.174000
0 0.788750 0.843750 0.135000 0.099000
0 0.668750 0.810000 0.075000 0.054000
0 0.752500 0.802500 0.108000 0.054000
0 0.082500 0.836250 0.108000 0.147000
0 0.391250 0.805000 0.093000 0.084000
0 0.590000 0.790000 0.066000 0.072000
0 0.183750 0.777500 0.051000 0.042000
0 0.126250 0.772500 0.051000 0.030000
0 0.868750 0.777500 0.051000 0.078000
0 0.968500 0.773750 0.063000 0.075000
0 0.040000 0.757500 0.060000 0.048000
0 0.748750 0.760000 0.135000 0.066000
0 0.861250 0.726250 0.057000 0.039000
0 0.318750 0.776250 0.087000 0.177000
0 0.172500 0.720000 0.048000 0.048000
0 0.831250 0.742500 0.057000 0.108000
0 0.111250 0.731250 0.111000 0.081000
0 0.707500 0.720000 0.090000 0.060000
0 0.476250 0.760000 0.189000 0.156000
0 0.621250 0.738750 0.141000 0.117000
0 0.013750 0.708750 0.021000 0.045000
0 0.520000 0.698750 0.042000 0.027000
0 0.290000 0.697500 0.054000 0.024000
0 0.198750 0.705000 0.051000 0.066000
0 0.461250 0.695000 0.087000 0.072000
0 0.246250 0.732500 0.099000 0.192000
0 0.388750 0.723750 0.135000 0.201000
0 0.572500 0.647500 0.054000 0.036000
0 0.522500 0.650000 0.054000 0.048000
0 0.216250 0.632500 0.069000 0.024000
0 0.019500 0.640000 0.039000 0.042000
0 0.108750 0.633750 0.075000 0.033000
0 0.470000 0.633750 0.054000 0.039000
0 0.820000 0.667500 0.270000 0.138000
0 0.663750 0.626250 0.033000 0.039000
0 0.625000 0.673750 0.102000 0.153000
0 0.278750 0.613750 0.045000 0.027000
0 0.431250 0.627500 0.027000 0.066000
0 0.556250 0.611250 0.045000 0.039000
0 0.327500 0.615000 0.054000 0.054000
0 0.380000 0.625000 0.060000 0.090000
0 0.522500 0.605000 0.024000 0.054000
0 0.710000 0.606250 0.048000 0.063000
0 0.847500 0.611250 0.096000 0.081000
0 0.576250 0.581250 0.081000 0.051000
0 0.160000 0.582500 0.126000 0.060000
0 0.343750 0.566250 0.099000 0.033000
0 0.447500 0.570000 0.084000 0.048000
0 0.891250 0.576250 0.081000 0.069000
0 0.667500 0.557500 0.060000 0.036000
0 0.625000 0.571250 0.066000 0.069000
0 0.237500 0.567500 0.084000 0.060000
0 0.852500 0.556250 0.054000 0.039000
0 0.063000 0.585000 0.126000 0.138000
0 0.755000 0.532500 0.042000 0.036000
0 0.356250 0.537500 0.177000 0.072000
0 0.738750 0.573750 0.159000 0.165000
0 0.022500 0.518750 0.045000 0.051000
0 0.506250 0.528750 0.063000 0.099000
0 0.891250 0.510000 0.093000 0.078000
0 0.760000 0.492500 0.060000 0.036000
0 0.828750 0.498750 0.063000 0.069000
0 0.578750 0.501250 0.111000 0.087000
0 0.151250 0.485000 0.087000 0.048000
0 0.355000 0.478750 0.060000 0.051000
0 0.652500 0.477500 0.042000 0.060000
0 0.695000 0.466250 0.060000 0.057000
0 0.086250 0.495000 0.165000 0.138000
0 0.298750 0.466250 0.069000 0.075000
0 0.220000 0.473750 0.132000 0.099000
0 0.756250 0.445000 0.075000 0.036000
0 0.888750 0.442500 0.081000 0.060000
0 0.155000 0.430000 0.072000 0.042000
0 0.800000 0.422500 0.036000 0.036000
0 0.016500 0.423750 0.033000 0.051000
0 0.308750 0.423750 0.069000 0.063000
0 0.158750 0.402500 0.063000 0.036000
0 0.761250 0.395000 0.021000 0.048000
0 0.493750 0.460000 0.261000 0.204000
0 0.357500 0.407500 0.072000 0.078000
0 0.626250 0.405000 0.135000 0.078000
0 0.072500 0.425000 0.108000 0.126000
0 0.717500 0.391250 0.054000 0.075000
0 0.308750 0.361250 0.039000 0.033000
0 0.862500 0.396250 0.090000 0.135000
0 0.817500 0.365000 0.066000 0.060000
0 0.595000 0.358750 0.078000 0.063000
0 0.192500 0.362500 0.054000 0.078000
0 0.731250 0.345000 0.105000 0.060000
0 0.102500 0.321250 0.054000 0.027000
0 0.782500 0.317500 0.054000 0.042000
0 0.618750 0.310000 0.057000 0.036000
0 0.666250 0.322500 0.045000 0.072000
0 0.845000 0.310000 0.090000 0.048000
0 0.567500 0.311250 0.024000 0.051000
0 0.255000 0.312500 0.054000 0.060000
0 0.516250 0.337500 0.093000 0.138000
0 0.682500 0.275000 0.072000 0.060000
0 0.387500 0.331250 0.246000 0.201000
0 0.336250 0.261250 0.117000 0.063000
0 0.147000 0.308750 0.294000 0.177000
0 0.708750 0.250000 0.045000 0.054000
0 0.892500 0.267500 0.174000 0.108000
0 0.342500 0.222500 0.060000 0.024000
0 0.717500 0.223750 0.042000 0.045000
0 0.103750 0.206250 0.039000 0.045000
0 0.048750 0.220000 0.093000 0.078000
0 0.781250 0.237500 0.105000 0.126000
0 0.232500 0.231250 0.126000 0.117000
0 0.302500 0.196250 0.108000 0.051000
0 0.663750 0.200000 0.063000 0.084000
0 0.161250 0.190000 0.039000 0.084000
0 0.626250 0.166250 0.105000 0.081000
0 0.223750 0.158750 0.075000 0.063000
0 0.742500 0.146250 0.054000 0.039000
0 0.475000 0.187500 0.318000 0.156000
0 0.888750 0.176250 0.087000 0.147000
0 0.708750 0.121250 0.051000 0.027000
0 0.271250 0.130000 0.153000 0.078000
0 0.438750 0.117500 0.141000 0.078000
0 0.357500 0.100000 0.054000 0.054000
0 0.538750 0.120000 0.117000 0.108000
0 0.647500 0.095000 0.144000 0.054000
0 0.072000 0.115000 0.144000 0.102000
0 0.780000 0.098750 0.072000 0.081000
0 0.230000 0.080000 0.072000 0.060000
0 0.157500 0.098750 0.108000 0.123000
0 0.302500 0.053750 0.072000 0.033000
0 0.707500 0.055000 0.162000 0.072000
0 0.088750 0.046250 0.105000 0.057000
0 0.150000 0.033750 0.036000 0.045000
0 0.790000 0.035000 0.054000 0.054000
0 0.888750 0.013500 0.063000 0.027000
0 0.640000 0.018000 0.054000 0.036000
0 0.546250 0.012000 0.039000 0.024000
0 0.542500 0.045000 0.132000 0.090000
0 0.411250 0.055500 0.159000 0.111000
0 0.247500 0.028500 0.096000 0.057000
0 0.181250 0.024000 0.039000 0.048000
0 0.031500 0.030000 0.063000 0.060000
