0 0.523047 0.923958 0.029062 0.052500
0 0.477734 0.891667 0.010312 0.015000
0 0.765625 0.896354 0.031875 0.041250
0 0.532031 0.888021 0.041250 0.028750
0 0.493750 0.881771 0.024375 0.013750
0 0.508984 0.869792 0.012188 0.012500
0 0.464062 0.872917 0.028125 0.022500
0 0.422656 0.878125 0.016875 0.035000
0 0.587500 0.886458 0.026250 0.057500
0 0.484375 0.862500 0.018750 0.017500
0 0.436328 0.869792 0.030937 0.040000
0 0.564844 0.855729 0.015000 0.021250
0 0.398047 0.847396 0.036562 0.026250
0 0.358984 0.843229 0.015938 0.016250
0 0.645312 0.857812 0.030000 0.056250
0 0.524609 0.851562 0.055313 0.041250
0 0.348438 0.851042 0.031875 0.042500
0 0.557031 0.834896 0.024375 0.018750
0 0.603516 0.827604 0.025312 0.031250
0 0.402734 0.818229 0.010312 0.013750
0 0.544531 0.829688 0.114375 0.066250
0 0.595703 0.814063 0.012188 0.031250
0 0.468359 0.825000 0.064687 0.060000
0 0.609375 0.805208 0.018750 0.020000
0 0.221094 0.803646 0.024375 0.043750
0 0.297266 0.801562 0.029062 0.041250
0 0.377344 0.789062 0.022500 0.013750
0 0.245625 0.870000 0.491250 0.260000
0 0.471094 0.788542 0.013125 0.017500
0 0.517969 0.779687 0.009375 0.011250
0 0.342969 0.777604 0.018750 0.011250
0 0.497266 0.786979 0.034687 0.038750
0 0.469922 0.776563 0.038437 0.028750
0 0.567578 0.789062 0.094687 0.068750
0 0.326562 0.765625 0.033750 0.015000
0 0.182422 0.765625 0.038437 0.045000
0 0.464844 0.752083 0.013125 0.015000
0 0.289453 0.761458 0.042188 0.055000
0 0.550781 0.745313 0.018750 0.033750
0 0.503516 0.750521 0.053437 0.048750
0 0.594141 0.731250 0.025312 0.015000
0 0.625391 0.754167 0.064687 0.075000
0 0.571875 0.739583 0.026250 0.045000
0 0.255469 0.745833 0.030000 0.060000
0 0.311328 0.736979 0.042188 0.048750
0 0.287109 0.722396 0.012188 0.013750
0 0.718750 0.729167 0.035625 0.045000
0 0.478516 0.720833 0.038437 0.027500
0 0.194531 0.724479 0.035625 0.041250
0 0.614844 0.720833 0.041250 0.037500
0 0.461328 0.705208 0.010312 0.017500
0 0.337109 0.711979 0.010312 0.033750
0 0.565625 0.706771 0.011250 0.026250
0 0.944219 0.813750 0.111562 0.372500
0 0.539844 0.732292 0.028125 0.105000
0 0.514453 0.706771 0.038437 0.048750
0 0.385937 0.759375 0.180000 0.180000
0 0.247656 0.701562 0.026250 0.041250
0 0.301563 0.695312 0.041250 0.043750
0 0.649219 0.693750 0.058125 0.045000
0 0.389453 0.683854 0.012188 0.021250
0 0.456250 0.684375 0.015000 0.037500
0 0.358984 0.677083 0.021562 0.027500
0 0.560156 0.673958 0.043125 0.027500
0 0.597656 0.689063 0.061875 0.071250
0 0.520703 0.677083 0.025312 0.042500
0 0.267969 0.671354 0.026250 0.028750
0 0.632422 0.663542 0.023438 0.032500
0 0.508984 0.661979 0.015938 0.041250
0 0.421484 0.667188 0.062812 0.061250
0 0.329297 0.705208 0.143437 0.152500
0 0.574219 0.644792 0.016875 0.012500
0 0.533594 0.654687 0.020625 0.041250
0 0.258203 0.652604 0.036562 0.038750
0 0.667969 0.654687 0.026250 0.046250
0 0.485547 0.661979 0.032813 0.063750
0 0.519531 0.636979 0.011250 0.013750
0 0.601562 0.634896 0.011250 0.013750
0 0.640625 0.638021 0.016875 0.026250
0 0.369141 0.651042 0.053437 0.060000
0 0.655078 0.626042 0.015938 0.017500
0 0.277344 0.630729 0.028125 0.031250
0 0.465234 0.622917 0.012188 0.017500
0 0.482812 0.622917 0.030000 0.025000
0 0.588281 0.623958 0.016875 0.030000
0 0.381250 0.627604 0.015000 0.038750
0 0.844922 0.633333 0.029062 0.062500
0 0.505469 0.617708 0.022500 0.030000
0 0.623047 0.624479 0.021562 0.051250
0 0.635156 0.614062 0.009375 0.028750
0 0.335938 0.626042 0.054375 0.062500
0 0.576562 0.604688 0.011250 0.013750
0 0.604688 0.602083 0.018750 0.020000
0 0.207031 0.617188 0.028125 0.058750
0 0.480078 0.600521 0.040313 0.023750
0 0.664062 0.592708 0.013125 0.020000
0 0.540625 0.620833 0.069375 0.095000
0 0.321094 0.595833 0.030000 0.060000
0 0.566797 0.575000 0.025312 0.020000
0 0.418750 0.592708 0.097500 0.062500
0 0.599219 0.583854 0.050625 0.053750
0 0.531250 0.573438 0.013125 0.031250
0 0.515625 0.579688 0.022500 0.046250
0 0.409766 0.615625 0.139687 0.132500
0 0.652344 0.567187 0.028125 0.021250
0 0.299219 0.572917 0.022500 0.037500
0 0.494141 0.575000 0.023438 0.045000
0 0.221094 0.576562 0.026250 0.048750
0 0.638281 0.585938 0.041250 0.073750
0 0.678906 0.575521 0.018750 0.056250
0 0.470703 0.564583 0.029062 0.030000
0 0.424609 0.559375 0.034687 0.017500
0 0.669922 0.556771 0.012188 0.018750
0 0.773438 0.572396 0.030000 0.061250
0 0.364453 0.555208 0.049687 0.025000
0 0.323437 0.551562 0.024375 0.018750
0 0.303516 0.558854 0.019688 0.038750
0 0.598437 0.543229 0.030000 0.018750
0 0.757422 0.558854 0.032813 0.058750
0 0.269531 0.562500 0.054375 0.087500
0 0.560547 0.551562 0.057188 0.066250
0 0.261328 0.532292 0.012188 0.020000
0 0.524609 0.542188 0.029062 0.046250
0 0.316797 0.532292 0.012188 0.025000
0 0.603125 0.535417 0.045000 0.047500
0 0.352734 0.523438 0.029062 0.028750
0 0.628125 0.529687 0.022500 0.056250
0 0.487109 0.531771 0.057188 0.063750
0 0.217188 0.534896 0.082500 0.078750
0 0.679688 0.540104 0.090000 0.098750
0 0.558984 0.513542 0.027187 0.045000
0 0.274609 0.508333 0.027187 0.032500
0 0.244141 0.509375 0.040313 0.037500
0 0.504297 0.498958 0.017813 0.017500
0 0.405078 0.526042 0.040313 0.082500
0 0.519531 0.505208 0.013125 0.042500
0 0.361719 0.498958 0.011250 0.027500
0 0.675391 0.486979 0.010312 0.021250
0 0.578516 0.483854 0.032813 0.026250
0 0.536719 0.493750 0.022500 0.050000
0 0.416406 0.478646 0.018750 0.013750
0 0.368359 0.505208 0.034687 0.087500
0 0.396484 0.489583 0.032813 0.052500
0 0.651953 0.485938 0.027187 0.051250
0 0.442969 0.518750 0.050625 0.147500
0 0.483594 0.469792 0.031875 0.055000
0 0.232031 0.465625 0.016875 0.045000
0 0.315625 0.487500 0.084375 0.112500
0 0.508984 0.460938 0.029062 0.053750
0 0.429297 0.453125 0.012188 0.035000
0 0.619141 0.475000 0.047812 0.090000
0 0.312109 0.459375 0.027187 0.052500
0 0.355078 0.457292 0.064687 0.050000
0 0.800000 0.453646 0.026250 0.061250
0 0.586719 0.434375 0.011250 0.022500
0 0.274609 0.432292 0.021562 0.022500
0 0.254688 0.453646 0.052500 0.078750
0 0.659766 0.429688 0.025312 0.023750
0 0.683984 0.458854 0.053437 0.103750
0 0.832812 0.422917 0.016875 0.025000
0 0.532422 0.453646 0.072187 0.101250
0 0.297266 0.421354 0.038437 0.026250
0 0.626953 0.437500 0.049687 0.070000
0 0.533594 0.414062 0.011250 0.018750
0 0.489844 0.418750 0.028125 0.032500
0 0.566406 0.439063 0.071250 0.091250
0 0.350391 0.420833 0.023438 0.047500
0 0.525000 0.404167 0.013125 0.012500
0 0.422656 0.432812 0.127500 0.086250
0 0.235547 0.413021 0.038437 0.038750
0 0.330078 0.410938 0.025312 0.046250
0 0.582031 0.422396 0.052500 0.076250
0 0.698828 0.400521 0.042188 0.038750
0 0.839453 0.403646 0.034687 0.048750
0 0.300000 0.385937 0.030000 0.026250
0 0.239063 0.382292 0.007500 0.020000
0 0.696484 0.378125 0.012188 0.020000
0 0.504297 0.385417 0.064687 0.037500
0 0.447656 0.382292 0.022500 0.032500
0 0.387891 0.393750 0.051562 0.067500
0 0.468359 0.373437 0.019688 0.023750
0 0.683984 0.371354 0.012188 0.023750
0 0.611328 0.384896 0.055313 0.061250
0 0.274219 0.387500 0.033750 0.070000
0 0.654687 0.391667 0.043125 0.082500
0 0.348438 0.361979 0.013125 0.018750
0 0.251172 0.380729 0.029062 0.068750
0 0.498437 0.361979 0.058125 0.028750
0 0.553906 0.366667 0.041250 0.047500
0 0.331250 0.365104 0.031875 0.043750
0 0.530469 0.357812 0.009375 0.028750
0 0.723437 0.366146 0.022500 0.058750
0 0.590234 0.358854 0.053437 0.046250
0 0.454688 0.351562 0.041250 0.031250
0 0.285938 0.346354 0.020625 0.036250
0 0.352344 0.353646 0.031875 0.058750
0 0.301172 0.346875 0.012188 0.042500
0 0.538672 0.331771 0.025312 0.018750
0 0.435156 0.333333 0.011250 0.022500
0 0.247656 0.352604 0.063750 0.068750
0 0.687109 0.350521 0.066562 0.076250
0 0.630469 0.343750 0.063750 0.060000
0 0.423828 0.327083 0.010312 0.020000
0 0.597266 0.330208 0.010312 0.032500
0 0.567969 0.322917 0.028125 0.020000
0 0.509375 0.331250 0.035625 0.045000
0 0.412500 0.316146 0.035625 0.028750
0 0.392578 0.311979 0.010312 0.018750
0 0.246484 0.321875 0.040313 0.045000
0 0.589453 0.311458 0.019688 0.027500
0 0.453906 0.307812 0.015000 0.028750
0 0.709766 0.296875 0.017813 0.010000
0 0.332422 0.309896 0.021562 0.043750
0 0.392578 0.350521 0.102187 0.146250
0 0.465625 0.311458 0.018750 0.055000
0 0.682813 0.305208 0.037500 0.047500
0 0.483984 0.315625 0.021562 0.072500
0 0.530469 0.297917 0.015000 0.032500
0 0.631641 0.299479 0.077812 0.038750
0 0.299219 0.303125 0.024375 0.052500
0 0.366797 0.285938 0.014063 0.013750
0 0.430469 0.292187 0.037500 0.031250
0 0.269922 0.300521 0.040313 0.061250
0 0.569141 0.279687 0.014063 0.021250
0 0.241406 0.278125 0.018750 0.027500
0 0.276953 0.271875 0.010312 0.017500
0 0.669922 0.279687 0.014063 0.038750
0 0.583594 0.280208 0.016875 0.040000
0 0.724609 0.300000 0.070312 0.100000
0 0.431641 0.259896 0.019688 0.021250
0 0.698047 0.251042 0.015938 0.010000
0 0.458203 0.266146 0.038437 0.051250
0 0.390234 0.250000 0.019688 0.015000
0 0.681250 0.263021 0.018750 0.056250
0 0.473438 0.257292 0.039375 0.050000
0 0.376563 0.269271 0.033750 0.078750
0 0.659766 0.250000 0.027187 0.035000
0 0.312891 0.265625 0.068437 0.090000
0 0.618750 0.255208 0.065625 0.075000
0 0.378125 0.229687 0.011250 0.013750
0 0.424219 0.232292 0.013125 0.025000
0 0.344922 0.234896 0.042188 0.041250
0 0.594141 0.232292 0.027187 0.042500
0 0.497266 0.262500 0.059062 0.125000
0 0.266797 0.238021 0.047812 0.068750
0 0.443750 0.228646 0.061875 0.048750
0 0.707031 0.235937 0.065625 0.068750
0 0.386328 0.246354 0.064687 0.133750
0 0.328906 0.204687 0.067500 0.036250
0 0.630469 0.192188 0.016875 0.028750
0 0.588281 0.194271 0.035625 0.033750
0 0.615234 0.186979 0.012188 0.018750
0 0.405859 0.200000 0.027187 0.067500
0 0.549609 0.241146 0.081562 0.168750
0 0.493750 0.177604 0.024375 0.016250
0 0.646484 0.202083 0.051562 0.080000
0 0.413281 0.177083 0.015000 0.025000
0 0.286719 0.205729 0.054375 0.098750
0 0.328516 0.175521 0.057188 0.033750
0 0.223047 0.182292 0.038437 0.050000
0 0.315625 0.167708 0.020625 0.022500
0 0.638672 0.161458 0.021562 0.027500
0 0.673047 0.171875 0.032813 0.060000
0 0.543750 0.155729 0.022500 0.021250
0 0.616016 0.161458 0.027187 0.037500
0 0.375391 0.163021 0.077812 0.073750
0 0.512109 0.155729 0.038437 0.058750
0 0.438672 0.164062 0.068437 0.086250
0 0.448437 0.134375 0.009375 0.025000
0 0.408984 0.128646 0.010312 0.023750
0 0.313281 0.141667 0.061875 0.062500
0 0.517578 0.120833 0.025312 0.022500
0 0.569531 0.151042 0.078750 0.105000
0 0.621875 0.123958 0.065625 0.052500
0 0.307422 0.105729 0.019688 0.021250
0 0.581250 0.115625 0.033750 0.057500
0 0.663281 0.115625 0.030000 0.060000
0 0.435156 0.114583 0.043125 0.062500
0 0.526953 0.096875 0.038437 0.022500
0 0.562500 0.103125 0.015000 0.040000
0 0.348047 0.111458 0.096562 0.067500
0 0.407422 0.084375 0.017813 0.015000
0 0.637109 0.089583 0.027187 0.030000
0 0.607422 0.084375 0.012188 0.022500
0 0.618359 0.085938 0.015938 0.028750
0 0.370703 0.084896 0.025312 0.033750
0 0.397656 0.090625 0.037500 0.067500
0 0.546875 0.076042 0.011250 0.045000
0 0.510938 0.072396 0.018750 0.041250
0 0.530078 0.067708 0.023438 0.040000
0 0.608594 0.058854 0.016875 0.033750
0 0.594922 0.053125 0.010312 0.020000
0 0.430469 0.064062 0.041250 0.058750
0 0.479297 0.083333 0.070312 0.107500
0 0.402344 0.053125 0.022500 0.052500
0 0.464062 0.046875 0.033750 0.045000
0 0.642188 0.055208 0.063750 0.075000
0 0.603906 0.032292 0.013125 0.025000
0 0.350000 0.039583 0.043125 0.045000
0 0.491797 0.027604 0.014063 0.021250
0 0.585547 0.023958 0.023438 0.022500
0 0.550391 0.052083 0.100312 0.097500
0 0.607422 0.023125 0.025312 0.046250
0 0.923594 0.041250 0.152812 0.082500
0 0.633984 0.015625 0.010312 0.031250
0 0.564453 0.020625 0.021562 0.041250
0 0.546484 0.009375 0.014063 0.018750
0 0.497266 0.010000 0.014063 0.020000
0 0.029062 0.097500 0.058125 0.195000
