0 0.167361 0.725938 0.015987 0.011250
0 0.359700 0.711875 0.035970 0.024000
0 0.194421 0.694063 0.030974 0.021750
0 0.186095 0.685312 0.014988 0.009750
0 0.364696 0.676562 0.041965 0.017250
0 0.531640 0.670312 0.032973 0.014250
0 0.730641 0.666875 0.032973 0.025500
0 0.211074 0.664375 0.030974 0.024000
0 0.704413 0.663438 0.031973 0.026250
0 0.526228 0.651250 0.011990 0.018000
0 0.535803 0.646563 0.022981 0.014250
0 0.167361 0.645625 0.031973 0.024000
0 0.300999 0.651250 0.056953 0.040500
0 0.597002 0.640938 0.017985 0.017250
0 0.246461 0.642813 0.027977 0.030750
0 0.750208 0.635938 0.037968 0.017250
0 0.699001 0.616250 0.052956 0.028500
0 0.655287 0.620313 0.081932 0.048750
0 0.447960 0.600625 0.009992 0.007500
0 0.267694 0.613125 0.072939 0.043500
0 0.599084 0.593750 0.034971 0.022500
0 0.236886 0.584375 0.012989 0.013500
0 0.732306 0.582812 0.018984 0.017250
0 0.498335 0.574063 0.008993 0.008250
0 0.432556 0.571875 0.012989 0.007500
0 0.350958 0.567813 0.026978 0.006750
0 0.431307 0.563125 0.011990 0.010500
0 0.330974 0.564688 0.024979 0.021750
0 0.266445 0.546875 0.021982 0.019500
0 0.470025 0.537813 0.024979 0.006750
0 0.750624 0.544687 0.028976 0.024750
0 0.715237 0.535312 0.025978 0.006750
0 0.429226 0.528125 0.012989 0.009000
0 0.484180 0.527813 0.012989 0.020250
0 0.288093 0.526875 0.029975 0.024000
0 0.384679 0.518750 0.021982 0.012000
0 0.183181 0.516563 0.027977 0.012750
0 0.614488 0.515625 0.013988 0.015000
0 0.432140 0.601875 0.521565 0.225000
0 0.215654 0.536250 0.137885 0.069000
0 0.653622 0.521250 0.047960 0.036000
0 0.272273 0.511875 0.029975 0.013500
0 0.604913 0.505625 0.024979 0.013500
0 0.369276 0.491563 0.030974 0.009750
0 0.631973 0.547813 0.279767 0.150750
0 0.359284 0.538438 0.164863 0.132750
0 0.712739 0.486250 0.035970 0.009000
0 0.576603 0.493125 0.080933 0.028500
0 0.315987 0.484063 0.030974 0.015750
0 0.165279 0.487500 0.026978 0.028500
0 0.540799 0.490000 0.068943 0.039000
0 0.744380 0.484375 0.037968 0.028500
0 0.237302 0.477812 0.011990 0.014250
0 0.454205 0.504062 0.166861 0.081750
0 0.646961 0.478125 0.051957 0.030000
0 0.202748 0.455313 0.014988 0.008250
0 0.741465 0.460313 0.024979 0.027750
0 0.477519 0.453125 0.024979 0.012000
0 0.214821 0.449688 0.009992 0.011250
0 0.725229 0.447188 0.011990 0.012750
0 0.398418 0.450000 0.028976 0.025500
0 0.228976 0.445000 0.013988 0.015000
0 0.457952 0.444375 0.009992 0.015000
0 0.519983 0.437812 0.030974 0.018750
0 0.201499 0.436563 0.041965 0.017250
0 0.431307 0.441563 0.053955 0.030750
0 0.540383 0.434063 0.021982 0.014250
0 0.732306 0.437812 0.022981 0.027750
0 0.235637 0.427187 0.039967 0.020250
0 0.552456 0.420938 0.012989 0.009750
0 0.532473 0.453125 0.252789 0.090000
0 0.638218 0.448125 0.144879 0.084000
0 0.290591 0.422812 0.033972 0.023250
0 0.613655 0.415625 0.021982 0.012000
0 0.750624 0.419375 0.048959 0.024000
0 0.356786 0.410000 0.008993 0.007500
0 0.736053 0.413438 0.021982 0.018750
0 0.638634 0.416250 0.039967 0.028500
0 0.596170 0.407187 0.021982 0.011250
0 0.346378 0.409687 0.031973 0.018750
0 0.265612 0.412500 0.033972 0.025500
0 0.704829 0.403125 0.012989 0.009000
0 0.649459 0.399062 0.011990 0.011250
0 0.497502 0.410000 0.040966 0.043500
0 0.695254 0.435312 0.077935 0.110250
0 0.623647 0.396250 0.029975 0.018000
0 0.699833 0.393125 0.012989 0.018000
0 0.315570 0.411250 0.067943 0.063000
0 0.295587 0.386250 0.013988 0.012000
0 0.722731 0.381875 0.029975 0.021000
0 0.678185 0.379688 0.034971 0.021750
0 0.559950 0.372188 0.036969 0.021750
0 0.303913 0.371250 0.041965 0.019500
0 0.367194 0.370000 0.061948 0.030000
0 0.633222 0.373437 0.054954 0.039750
0 0.576187 0.386562 0.091923 0.072750
0 0.332639 0.434063 0.408659 0.186750
0 0.534555 0.390625 0.061948 0.087000
0 0.453372 0.358438 0.030974 0.015750
0 0.594921 0.355000 0.016986 0.009000
0 0.568693 0.357500 0.039967 0.021000
0 0.376769 0.355625 0.036969 0.016500
0 0.333056 0.355625 0.029975 0.027000
0 0.692340 0.347813 0.034971 0.020250
0 0.485012 0.357812 0.076936 0.053250
0 0.599917 0.314375 0.024979 0.027000
0 0.488343 0.310312 0.036969 0.018750
0 0.494588 0.297500 0.039967 0.019500
0 0.414654 0.297812 0.033972 0.021750
0 0.691507 0.265313 0.022981 0.024750
0 0.402165 0.266875 0.027977 0.028500
0 0.517485 0.245938 0.040966 0.020250
0 0.511241 0.172187 0.011990 0.014250
