0 0.527477 0.790625 0.008993 0.015000
0 0.550791 0.704375 0.048959 0.022500
0 0.756869 0.699375 0.027977 0.028500
0 0.420899 0.665625 0.036969 0.031500
0 0.531224 0.640000 0.045962 0.024000
0 0.440050 0.631563 0.040966 0.024750
0 0.656953 0.629687 0.029975 0.030750
0 0.528310 0.623437 0.048959 0.018750
0 0.768110 0.601562 0.044963 0.021750
0 0.564530 0.568438 0.041965 0.012750
0 0.579933 0.561875 0.020983 0.009000
0 0.808493 0.564688 0.039967 0.023250
0 0.407577 0.559375 0.040966 0.016500
0 0.639051 0.568438 0.072939 0.041250
0 0.615737 0.558750 0.032973 0.021000
0 0.703580 0.564688 0.063947 0.042750
0 0.639467 0.551562 0.017985 0.021750
0 0.605745 0.546562 0.014988 0.009750
0 0.567444 0.548750 0.014988 0.021000
0 0.412157 0.542188 0.015987 0.006750
0 0.682764 0.550625 0.027977 0.031500
0 0.470441 0.536563 0.017985 0.008250
0 0.597002 0.534687 0.017985 0.008250
0 0.791007 0.534687 0.017985 0.018750
0 0.467111 0.548750 0.101915 0.052500
0 0.585346 0.542500 0.039967 0.040500
0 0.527061 0.558438 0.073938 0.089250
0 0.626978 0.524375 0.015987 0.009000
0 0.472523 0.524687 0.022981 0.011250
0 0.454205 0.520938 0.018984 0.008250
0 0.336803 0.530000 0.072939 0.030000
0 0.706911 0.530625 0.037968 0.034500
0 0.614072 0.530312 0.038968 0.036750
0 0.855121 0.523438 0.033972 0.026250
0 0.828476 0.524062 0.027977 0.030750
0 0.671940 0.528750 0.065945 0.049500
0 0.726894 0.514375 0.033972 0.022500
0 0.633222 0.510312 0.040966 0.021750
0 0.452123 0.506250 0.009992 0.015000
0 0.529975 0.509687 0.028976 0.030750
0 0.617402 0.499688 0.008993 0.008250
0 0.325562 0.509062 0.029975 0.032250
0 0.568693 0.502188 0.015987 0.017250
0 0.430891 0.496250 0.008993 0.007500
0 0.456703 0.493437 0.014988 0.005250
0 0.671107 0.501875 0.023980 0.033000
0 0.828893 0.498125 0.028976 0.025500
0 0.822231 0.485938 0.008993 0.012750
0 0.592839 0.503125 0.035970 0.055500
0 0.442132 0.488750 0.017985 0.021000
0 0.764363 0.525000 0.061948 0.111000
0 0.292256 0.482812 0.037968 0.029250
0 0.498751 0.473750 0.011990 0.012000
0 0.752706 0.513125 0.075937 0.109500
0 0.323064 0.468125 0.011990 0.009000
0 0.716486 0.485312 0.074938 0.053250
0 0.842631 0.474687 0.025978 0.030750
0 0.715654 0.465313 0.008993 0.008250
0 0.317652 0.473438 0.038968 0.027750
0 0.738968 0.476250 0.044963 0.036000
0 0.570774 0.492812 0.088926 0.086250
0 0.630308 0.476562 0.071940 0.053250
0 0.425479 0.458437 0.023980 0.011250
0 0.318485 0.455313 0.026978 0.011250
0 0.806411 0.489375 0.046961 0.097500
0 0.391757 0.506563 0.138884 0.141750
0 0.415903 0.450937 0.022981 0.009750
0 0.755620 0.445937 0.012989 0.008250
0 0.649875 0.450625 0.014988 0.019500
0 0.728143 0.452188 0.012989 0.027750
0 0.592007 0.448437 0.037968 0.018750
0 0.557036 0.447500 0.039967 0.019500
0 0.853039 0.447813 0.030974 0.030750
0 0.683597 0.460000 0.069942 0.060000
0 0.720649 0.435625 0.018984 0.006000
0 0.825978 0.438437 0.021982 0.015750
0 0.395504 0.439063 0.023980 0.018750
0 0.561615 0.435625 0.012989 0.012000
0 0.303913 0.446875 0.055953 0.039000
0 0.366361 0.437500 0.043963 0.021000
0 0.663614 0.435625 0.027977 0.022500
0 0.478351 0.472813 0.098918 0.117750
0 0.714405 0.425312 0.029975 0.012750
0 0.570774 0.425312 0.010991 0.012750
0 0.338468 0.426875 0.042964 0.021000
0 0.840133 0.421250 0.017985 0.013500
0 0.266445 0.443437 0.061948 0.068250
0 0.447127 0.418438 0.019983 0.017250
0 0.311407 0.421563 0.033972 0.024750
0 0.522065 0.447500 0.073938 0.091500
0 0.634471 0.431250 0.069942 0.058500
0 0.241465 0.425938 0.055953 0.054750
0 0.432140 0.406250 0.013988 0.009000
0 0.598251 0.420000 0.038968 0.043500
0 0.374271 0.415938 0.066944 0.039750
0 0.294338 0.404687 0.024979 0.017250
0 0.556203 0.405313 0.035970 0.026250
0 0.522065 0.398750 0.033972 0.018000
0 0.421316 0.392813 0.021982 0.008250
0 0.213156 0.421875 0.071940 0.085500
0 0.815154 0.390937 0.019983 0.012750
0 0.454205 0.397188 0.028976 0.029250
0 0.252706 0.395313 0.028976 0.024750
0 0.696087 0.387188 0.011990 0.009750
0 0.807244 0.384688 0.018984 0.009750
0 0.435470 0.386875 0.017985 0.018000
0 0.346378 0.387813 0.029975 0.021750
0 0.385928 0.404687 0.094921 0.063750
0 0.191923 0.388437 0.030974 0.032250
0 0.810158 0.374688 0.011990 0.008250
0 0.487927 0.395625 0.041965 0.069000
0 0.318068 0.368750 0.009992 0.006000
0 0.229808 0.375937 0.027977 0.023250
0 0.364696 0.369688 0.033972 0.017250
0 0.450042 0.371875 0.048959 0.031500
0 0.270192 0.361250 0.022981 0.015000
0 0.506661 0.360312 0.018984 0.018750
0 0.739384 0.355625 0.021982 0.013500
0 0.487510 0.360312 0.026978 0.029250
0 0.656953 0.357500 0.019983 0.024000
0 0.358868 0.354687 0.021982 0.017250
0 0.848043 0.370000 0.068943 0.055500
0 0.785179 0.349687 0.009992 0.008250
0 0.219817 0.353438 0.031973 0.021750
0 0.403830 0.363125 0.057952 0.051000
0 0.266861 0.376875 0.070941 0.084000
0 0.770608 0.343750 0.020983 0.006000
0 0.617402 0.352812 0.074938 0.035250
0 0.455454 0.347500 0.017985 0.022500
0 0.578684 0.368437 0.161865 0.075750
0 0.482515 0.341562 0.018984 0.011250
0 0.437968 0.340000 0.019983 0.007500
0 0.247294 0.341250 0.015987 0.012000
0 0.335554 0.355625 0.029975 0.049500
0 0.731474 0.372500 0.112906 0.094500
0 0.428393 0.346875 0.028976 0.033000
0 0.578268 0.335000 0.014988 0.007500
0 0.651540 0.339687 0.022981 0.021750
0 0.843047 0.333125 0.030974 0.024000
0 0.210658 0.332188 0.037968 0.029250
0 0.236886 0.331562 0.030974 0.029250
0 0.343464 0.327813 0.040966 0.024750
0 0.711490 0.327813 0.050958 0.035250
0 0.758951 0.315625 0.008993 0.009000
0 0.439634 0.322188 0.029975 0.026250
0 0.345962 0.314688 0.012989 0.008250
0 0.628643 0.325000 0.079933 0.036000
0 0.407993 0.328750 0.031973 0.046500
0 0.374688 0.330000 0.025978 0.054000
0 0.462115 0.310625 0.013988 0.019500
0 0.296836 0.360000 0.110908 0.138000
0 0.546211 0.319375 0.065945 0.042000
0 0.696087 0.310937 0.039967 0.024750
0 0.326811 0.304063 0.026978 0.012750
0 0.609076 0.304375 0.012989 0.015000
0 0.278518 0.304375 0.036969 0.021000
0 0.437136 0.295625 0.011990 0.010500
0 0.589925 0.310625 0.042964 0.048000
0 0.382182 0.296563 0.015987 0.014250
0 0.556619 0.296250 0.034971 0.015000
0 0.771440 0.376250 0.178851 0.213000
0 0.509575 0.320312 0.055953 0.080250
0 0.657369 0.297500 0.030974 0.028500
0 0.818068 0.291875 0.044963 0.021000
0 0.680683 0.290000 0.040966 0.018000
0 0.334721 0.294375 0.033972 0.028500
0 0.529142 0.285313 0.006994 0.008250
0 0.732723 0.286250 0.025978 0.019500
0 0.482931 0.279375 0.019983 0.016500
0 0.301415 0.285938 0.037968 0.032250
0 0.564946 0.281562 0.026978 0.023250
0 0.872606 0.278125 0.043963 0.016500
0 0.603247 0.278125 0.042964 0.021000
0 0.383014 0.271562 0.007993 0.012750
0 0.773938 0.280625 0.072939 0.037500
0 0.371774 0.276562 0.020983 0.027750
0 0.544130 0.267188 0.018984 0.006750
0 0.529142 0.280625 0.044963 0.045000
0 0.495004 0.266250 0.032973 0.016500
0 0.395087 0.265313 0.022981 0.029250
0 0.648210 0.260313 0.018984 0.020250
0 0.686928 0.265313 0.065945 0.033750
0 0.671524 0.254063 0.012989 0.008250
0 0.625729 0.280938 0.074938 0.075750
0 0.581599 0.258750 0.020983 0.028500
0 0.559950 0.255000 0.024979 0.022500
0 0.437968 0.293750 0.127893 0.121500
0 0.531640 0.251250 0.032973 0.022500
0 0.597835 0.243750 0.015987 0.012000
0 0.334721 0.278125 0.093922 0.096000
0 0.629059 0.243125 0.030974 0.022500
0 0.825978 0.243438 0.037968 0.026250
0 0.485429 0.238437 0.007993 0.014250
0 0.854704 0.241875 0.038968 0.024000
0 0.658201 0.237813 0.022981 0.032250
0 0.713572 0.232500 0.035970 0.021000
0 0.420483 0.240625 0.059950 0.046500
0 0.508743 0.240625 0.047960 0.048000
0 0.567027 0.233750 0.043963 0.033000
0 0.741465 0.229687 0.050958 0.027750
0 0.470025 0.237187 0.060949 0.047250
0 0.421316 0.217500 0.017985 0.007500
0 0.616570 0.224688 0.074938 0.026250
0 0.313489 0.224688 0.028976 0.032250
0 0.225645 0.214375 0.031973 0.028500
0 0.361782 0.234687 0.036969 0.078750
0 0.522065 0.221875 0.057952 0.054000
0 0.689425 0.224375 0.053955 0.061500
0 0.459201 0.203437 0.026978 0.018750
0 0.570774 0.212188 0.100916 0.042750
0 0.532057 0.203437 0.037968 0.027750
0 0.417985 0.227500 0.111907 0.088500
0 0.275187 0.199063 0.030974 0.027750
0 0.486261 0.204687 0.065945 0.045750
0 0.262281 0.166563 0.037968 0.026250
0 0.447544 0.160312 0.042964 0.024750
0 0.241049 0.127812 0.016986 0.011250
0 0.993505 0.012750 0.012989 0.025500
0 0.600000 0.598500 1.000000 1.000000
