0 0.086178 0.894687 0.032973 0.012750
0 0.411324 0.899062 0.055953 0.033750
0 0.169858 0.905312 0.043963 0.054750
0 0.734804 0.889375 0.022981 0.018000
0 0.385512 0.884375 0.015987 0.012000
0 0.746878 0.894687 0.029975 0.038250
0 0.063697 0.885312 0.008993 0.017250
0 0.746461 0.869375 0.024979 0.013500
0 0.525812 0.867500 0.020983 0.015000
0 0.087427 0.868125 0.059950 0.022500
0 0.550791 0.880313 0.042964 0.053250
0 0.625312 0.871563 0.071940 0.033750
0 0.719817 0.880938 0.032973 0.069750
0 0.364696 0.867188 0.025978 0.038250
0 0.409659 0.856563 0.019983 0.015750
0 0.757702 0.854688 0.021982 0.015750
0 0.673605 0.858750 0.053955 0.034500
0 0.392590 0.846562 0.030974 0.011250
0 0.707327 0.842812 0.024979 0.008250
0 0.072023 0.847812 0.020983 0.030750
0 0.330142 0.844688 0.032973 0.029250
0 0.728976 0.835625 0.024979 0.010500
0 0.290175 0.858437 0.084929 0.065250
0 0.577019 0.836250 0.007993 0.013500
0 0.311823 0.833438 0.048959 0.014250
0 0.077435 0.830937 0.013988 0.008250
0 0.661116 0.840313 0.061948 0.032250
0 0.421732 0.834063 0.012989 0.020250
0 0.515404 0.849688 0.043963 0.065250
0 0.298918 0.826250 0.021982 0.009000
0 0.094921 0.825000 0.029975 0.009000
0 0.841799 0.837187 0.021982 0.041250
0 0.242298 0.824063 0.017985 0.009750
0 0.206911 0.839688 0.050958 0.047250
0 0.360949 0.854062 0.070941 0.084750
0 0.822231 0.836250 0.044963 0.043500
0 0.401332 0.827812 0.023980 0.027750
0 0.480017 0.823125 0.020983 0.018000
0 0.569942 0.855000 0.056953 0.105000
0 0.272273 0.819063 0.037968 0.020250
0 0.598251 0.830313 0.080933 0.057750
0 0.649042 0.813125 0.032973 0.027000
0 0.767277 0.810312 0.030974 0.023250
0 0.342215 0.812813 0.029975 0.029250
0 0.460450 0.845000 0.095920 0.112500
0 0.383014 0.810312 0.019983 0.029250
0 0.525812 0.809063 0.028976 0.027750
0 0.211490 0.822187 0.075937 0.069750
0 0.659034 0.797188 0.030974 0.011250
0 0.791007 0.797188 0.025978 0.017250
0 0.601582 0.795937 0.014988 0.018750
0 0.448793 0.792188 0.029975 0.017250
0 0.796420 0.787188 0.014988 0.008250
0 0.373022 0.800625 0.035970 0.040500
0 0.339301 0.791250 0.046961 0.018000
0 0.725645 0.785937 0.022981 0.006750
0 0.744796 0.806875 0.040966 0.061500
0 0.272689 0.802188 0.108909 0.063750
0 0.532473 0.775000 0.010991 0.009000
0 0.512073 0.784062 0.105912 0.038250
0 0.912989 0.788438 0.052956 0.053250
0 0.638634 0.786250 0.059950 0.048000
0 0.796420 0.773125 0.016986 0.018000
0 0.178601 0.790000 0.050958 0.058500
0 0.425479 0.767188 0.011990 0.011250
0 0.519567 0.768437 0.013988 0.017250
0 0.546211 0.771875 0.015987 0.027000
0 0.313489 0.770000 0.028976 0.031500
0 0.589092 0.776563 0.068943 0.051750
0 0.595337 0.759375 0.025978 0.012000
0 0.753122 0.782813 0.146878 0.071250
0 0.196503 0.753125 0.017985 0.006000
0 0.836386 0.767500 0.036969 0.042000
0 0.441299 0.766875 0.053955 0.042000
0 0.782265 0.756875 0.060949 0.019500
0 0.259784 0.755000 0.021982 0.025500
0 0.154455 0.761875 0.020983 0.042000
0 0.527477 0.748125 0.030974 0.025500
0 0.169442 0.739688 0.020983 0.006750
0 0.084097 0.748125 0.027977 0.028500
0 0.817236 0.739062 0.014988 0.012750
0 0.261449 0.759375 0.075937 0.061500
0 0.226894 0.752812 0.056953 0.054750
0 0.493755 0.733437 0.027977 0.011250
0 0.781432 0.731563 0.044963 0.017250
0 0.742714 0.736563 0.029975 0.030750
0 0.411740 0.728750 0.020983 0.015000
0 0.641965 0.750938 0.063947 0.069750
0 0.470441 0.740938 0.025978 0.047250
0 0.833472 0.725313 0.017985 0.012750
0 0.066195 0.736875 0.054954 0.045000
0 0.712739 0.735625 0.029975 0.051000
0 0.202331 0.731875 0.049958 0.043500
0 0.500833 0.716875 0.012989 0.012000
0 0.822648 0.723750 0.061948 0.031500
0 0.559117 0.739375 0.054954 0.069000
0 0.380516 0.724375 0.029975 0.039000
0 0.492923 0.706875 0.013988 0.010500
0 0.815987 0.709063 0.043963 0.018750
0 0.449625 0.702500 0.017985 0.009000
0 0.734388 0.710625 0.015987 0.030000
0 0.767277 0.702187 0.016986 0.014250
0 0.745629 0.698438 0.032973 0.015750
0 0.601582 0.695625 0.026978 0.015000
0 0.062032 0.704063 0.018984 0.036750
0 0.817236 0.688438 0.040966 0.011250
0 0.432973 0.687813 0.023980 0.011250
0 0.129059 0.682187 0.015987 0.009750
0 0.158201 0.687813 0.073938 0.024750
0 0.350125 0.742500 0.200833 0.159000
0 0.786844 0.685625 0.027977 0.031500
0 0.654038 0.677500 0.012989 0.016500
0 0.857619 0.689063 0.055953 0.047250
0 0.727311 0.679375 0.032973 0.033000
0 0.506245 0.698438 0.065945 0.093750
0 0.263114 0.678750 0.059950 0.049500
0 0.116570 0.665625 0.009992 0.021000
0 0.847627 0.657188 0.013988 0.008250
0 0.980516 0.655000 0.038968 0.018000
0 0.699833 0.661563 0.080933 0.033750
0 0.043963 0.665312 0.087927 0.042750
0 0.420067 0.654062 0.034971 0.018750
0 0.227311 0.652188 0.015987 0.015750
0 0.487927 0.650937 0.029975 0.017250
0 0.805579 0.656875 0.084929 0.043500
0 0.754371 0.664687 0.047960 0.063750
0 0.525812 0.646250 0.012989 0.021000
0 0.407161 0.687813 0.119900 0.122250
0 0.967111 0.641875 0.018984 0.013500
0 0.066195 0.639687 0.010991 0.008250
0 0.448376 0.666562 0.072939 0.074250
0 0.875104 0.647813 0.041965 0.032250
0 0.564530 0.681562 0.095920 0.113250
0 0.035803 0.640938 0.037968 0.017250
0 0.381349 0.634375 0.017985 0.010500
0 0.159450 0.652500 0.084929 0.054000
0 0.589092 0.634062 0.010991 0.011250
0 0.410075 0.633437 0.026978 0.009750
0 0.332223 0.638125 0.027977 0.022500
0 0.214405 0.629687 0.014988 0.012750
0 0.454205 0.627188 0.020983 0.011250
0 0.647377 0.637500 0.048959 0.040500
0 0.554538 0.625000 0.021982 0.013500
0 0.523730 0.622812 0.015987 0.009750
0 0.245629 0.631563 0.051957 0.030750
0 0.238968 0.621563 0.009992 0.011250
0 0.661532 0.724063 0.154871 0.260250
0 0.345129 0.620000 0.032973 0.015000
0 0.093256 0.648125 0.069942 0.085500
0 0.205662 0.645625 0.065945 0.082500
0 0.674438 0.616250 0.025978 0.018000
0 0.380516 0.614375 0.007993 0.015000
0 0.422148 0.619687 0.051957 0.032250
0 0.288510 0.615313 0.020983 0.021750
0 0.614904 0.609688 0.028976 0.009750
0 0.106578 0.605938 0.019983 0.006750
0 0.661532 0.608125 0.018984 0.015000
0 0.698585 0.614375 0.065945 0.046500
0 0.283930 0.613125 0.057952 0.045000
0 0.333472 0.599688 0.008993 0.018750
0 0.644463 0.604062 0.043963 0.038250
0 0.149042 0.609375 0.067943 0.052500
0 0.258951 0.591875 0.009992 0.012000
0 0.829309 0.606875 0.045962 0.049500
0 0.201499 0.602187 0.053955 0.038250
0 0.791007 0.595938 0.035970 0.024750
0 0.507077 0.624062 0.043963 0.093750
0 0.872606 0.607812 0.053955 0.056250
0 0.228976 0.588750 0.013988 0.012000
0 0.587011 0.623750 0.069942 0.103500
0 0.847627 0.579063 0.021982 0.011250
0 0.076187 0.576562 0.010991 0.012750
0 0.770192 0.578125 0.011990 0.019500
0 0.105745 0.590938 0.069942 0.050250
0 0.058285 0.588437 0.039967 0.045750
0 0.787677 0.571250 0.013988 0.009000
0 0.241465 0.574375 0.017985 0.021000
0 0.671940 0.578125 0.037968 0.039000
0 0.768526 0.601250 0.187843 0.103500
0 0.289759 0.572187 0.015987 0.035250
0 0.311407 0.617188 0.105912 0.144750
0 0.357202 0.564688 0.011990 0.020250
0 0.377186 0.603437 0.067943 0.122250
0 0.041216 0.556562 0.054954 0.018750
0 0.845962 0.553438 0.019983 0.014250
0 0.193589 0.564688 0.044963 0.047250
0 0.110741 0.564375 0.131890 0.049500
0 0.498335 0.554063 0.040966 0.035250
0 0.590758 0.559063 0.046961 0.057750
0 0.686928 0.542813 0.011990 0.021750
0 0.751041 0.555312 0.091923 0.057750
0 0.092839 0.536563 0.018984 0.014250
0 0.104496 0.535000 0.018984 0.015000
0 0.660699 0.545625 0.048959 0.045000
0 0.059117 0.534687 0.035970 0.018750
0 0.869276 0.535625 0.013988 0.027000
0 0.377186 0.534062 0.047960 0.024750
0 0.810158 0.553750 0.035970 0.076500
0 0.430475 0.525000 0.037968 0.010500
0 0.306411 0.515625 0.029975 0.021000
0 0.917569 0.512813 0.009992 0.015750
0 0.166112 0.510000 0.012989 0.010500
0 0.844296 0.525312 0.039967 0.048750
0 0.629892 0.545937 0.066944 0.105750
0 0.502082 0.506563 0.021982 0.014250
0 0.253539 0.517813 0.048959 0.041250
0 0.828060 0.504375 0.012989 0.012000
0 0.035387 0.512813 0.022981 0.033750
0 0.185679 0.505625 0.031973 0.019500
0 0.869276 0.506563 0.019983 0.030750
0 0.475021 0.502812 0.020983 0.029250
0 0.622814 0.494375 0.019983 0.013500
0 0.801415 0.500625 0.054954 0.030000
0 0.303913 0.489063 0.005995 0.011250
0 0.221482 0.501250 0.069942 0.042000
0 0.729808 0.509375 0.112906 0.063000
0 0.053705 0.484687 0.012989 0.011250
0 0.526644 0.532188 0.100916 0.132750
0 0.286012 0.482500 0.014988 0.019500
0 0.130308 0.507500 0.102914 0.090000
0 0.712323 0.480312 0.026978 0.029250
0 0.744380 0.471562 0.043963 0.018750
0 0.980516 0.485000 0.038968 0.054000
0 0.654455 0.476875 0.065945 0.036000
0 0.720649 0.463438 0.014988 0.005250
0 0.273106 0.526250 0.229808 0.160500
0 0.700666 0.462813 0.034971 0.012750
0 0.669858 0.455625 0.036969 0.010500
0 0.226478 0.456562 0.015987 0.012750
0 0.065362 0.490625 0.074938 0.094500
0 0.733139 0.455937 0.012989 0.014250
0 0.475021 0.449688 0.032973 0.012750
0 0.013739 0.447500 0.018984 0.010500
0 0.620733 0.443437 0.026978 0.006750
0 0.521649 0.460938 0.046961 0.053250
0 0.781016 0.462187 0.049958 0.057750
0 0.363863 0.440000 0.017985 0.006000
0 0.435054 0.448125 0.050958 0.030000
0 0.838884 0.467500 0.084929 0.078000
0 0.443797 0.465625 0.169858 0.081000
0 0.752706 0.439688 0.029975 0.020250
0 0.860533 0.444375 0.030974 0.034500
0 0.695670 0.440625 0.044963 0.028500
0 0.657369 0.434063 0.034971 0.018750
0 0.246045 0.429688 0.020983 0.017250
0 0.844713 0.425625 0.006994 0.010500
0 0.673189 0.429375 0.030974 0.022500
0 0.117402 0.423438 0.021982 0.009750
0 0.011990 0.421875 0.023980 0.009000
0 0.420067 0.424375 0.026978 0.019500
0 0.038301 0.418750 0.013988 0.010500
0 0.461282 0.419375 0.035970 0.013500
0 0.446295 0.429063 0.027977 0.041250
0 0.581182 0.472500 0.105912 0.147000
0 0.049958 0.462813 0.099917 0.131250
0 0.121565 0.447188 0.075937 0.095250
0 0.842215 0.406250 0.010991 0.007500
0 0.718984 0.407500 0.050958 0.018000
0 0.791007 0.405313 0.023980 0.017250
0 0.689425 0.400938 0.013988 0.008250
0 0.308077 0.400625 0.013988 0.007500
0 0.274771 0.401875 0.015987 0.010500
0 0.383847 0.413125 0.059950 0.040500
0 0.169858 0.398438 0.007993 0.012750
0 0.124063 0.395625 0.045962 0.015000
0 0.823064 0.416563 0.090924 0.068250
0 0.655704 0.416563 0.110908 0.078750
0 0.028976 0.399375 0.057952 0.037500
0 0.621149 0.384062 0.009992 0.006750
0 0.068693 0.392500 0.048959 0.027000
0 0.413405 0.396875 0.040966 0.043500
0 0.101998 0.380312 0.020983 0.005250
0 0.703164 0.387813 0.020983 0.027750
0 0.798918 0.381563 0.010991 0.017250
0 0.435887 0.376563 0.012989 0.023250
0 0.305162 0.372500 0.006994 0.015000
0 0.161532 0.365312 0.019983 0.008250
0 0.779767 0.396562 0.052956 0.089250
0 0.022898 0.368437 0.018984 0.024750
0 0.685679 0.376563 0.034971 0.050250
0 0.485845 0.402500 0.128893 0.112500
0 0.033722 0.358125 0.010991 0.012000
0 0.136969 0.384375 0.106911 0.076500
0 0.313072 0.358125 0.043963 0.015000
0 0.825562 0.365625 0.064946 0.036000
0 0.595337 0.380625 0.113905 0.072000
0 0.379267 0.484687 0.232806 0.324750
0 0.763947 0.360000 0.028976 0.034500
0 0.293089 0.351875 0.011990 0.018000
0 0.581182 0.349687 0.023980 0.015750
0 0.390092 0.347500 0.012989 0.013500
0 0.317652 0.347187 0.042964 0.015750
0 0.128643 0.351875 0.056953 0.027000
0 0.081599 0.351250 0.019983 0.025500
0 0.783930 0.342500 0.034971 0.010500
0 0.728560 0.361875 0.059950 0.060000
0 0.219817 0.339375 0.015987 0.009000
0 0.175687 0.346250 0.017985 0.027000
0 0.559950 0.348750 0.034971 0.036000
0 0.303497 0.336250 0.026978 0.010500
0 0.653206 0.351562 0.040966 0.050250
0 0.094921 0.334062 0.031973 0.014250
0 0.770608 0.332188 0.028976 0.011250
0 0.448376 0.333750 0.016986 0.015000
0 0.763114 0.326562 0.018984 0.009750
0 0.669442 0.334375 0.031973 0.031500
0 0.377186 0.324688 0.019983 0.011250
0 0.819317 0.327188 0.011990 0.024750
0 0.025978 0.334688 0.051957 0.042750
0 0.532889 0.342813 0.029975 0.066750
0 0.826811 0.318750 0.013988 0.012000
0 0.504580 0.331250 0.025978 0.043500
0 0.261449 0.319063 0.023980 0.014250
0 0.211907 0.315625 0.016986 0.007500
0 0.067027 0.318125 0.012989 0.018000
0 0.744380 0.328750 0.057952 0.045000
0 0.186095 0.403750 0.150874 0.228000
0 0.855537 0.328125 0.042964 0.052500
0 0.773106 0.312500 0.022981 0.016500
0 0.204413 0.315312 0.020983 0.026250
0 0.281848 0.307500 0.008993 0.009000
0 0.480849 0.306563 0.008993 0.008250
0 0.425895 0.343750 0.116903 0.099000
0 0.633222 0.302500 0.020983 0.007500
0 0.510408 0.303438 0.033972 0.011250
0 0.232723 0.301250 0.012989 0.009000
0 0.472523 0.320937 0.038968 0.060750
0 0.266861 0.300625 0.014988 0.012000
0 0.547460 0.300625 0.010991 0.018000
0 0.279767 0.297500 0.007993 0.010500
0 0.713572 0.300312 0.049958 0.023250
0 0.603664 0.327813 0.093922 0.090750
0 0.429226 0.312500 0.040966 0.057000
0 0.089509 0.292812 0.018984 0.009750
0 0.587427 0.294375 0.028976 0.015000
0 0.245212 0.291875 0.008993 0.012000
0 0.248543 0.374375 0.114904 0.213000
0 0.089925 0.335938 0.179850 0.120750
0 0.256037 0.286562 0.012989 0.008250
0 0.364280 0.314688 0.102914 0.081750
0 0.816403 0.316250 0.076936 0.090000
0 0.557036 0.283750 0.013988 0.019500
0 0.217319 0.280000 0.027977 0.010500
0 0.303497 0.289687 0.040966 0.035250
0 0.709825 0.278125 0.012989 0.012000
0 0.453372 0.285625 0.016986 0.031500
0 0.083680 0.274687 0.020983 0.012750
0 0.690258 0.295625 0.063947 0.066000
0 0.805995 0.272500 0.029975 0.013500
0 0.731057 0.275313 0.029975 0.023250
0 0.239384 0.274062 0.016986 0.024750
0 0.187760 0.272500 0.036969 0.025500
0 0.158618 0.285000 0.110908 0.057000
0 0.097002 0.267813 0.024979 0.017250
0 0.631973 0.260625 0.009992 0.009000
0 0.538301 0.265937 0.036969 0.024750
0 0.354704 0.261562 0.009992 0.014250
0 0.655704 0.260000 0.008993 0.012000
0 0.274355 0.272500 0.082931 0.043500
0 0.388426 0.264688 0.034971 0.032250
0 0.593256 0.263125 0.016986 0.031500
0 0.815987 0.254688 0.011990 0.012750
0 0.849709 0.263437 0.066944 0.042750
0 0.213156 0.246875 0.017985 0.004500
0 0.359700 0.248750 0.017985 0.012000
0 0.637386 0.275313 0.062948 0.078750
0 0.763114 0.275000 0.058951 0.079500
0 0.568693 0.279062 0.095920 0.090750
0 0.465029 0.245312 0.012989 0.012750
0 0.099500 0.249688 0.018984 0.026250
0 0.317652 0.250937 0.014988 0.030750
0 0.197752 0.244688 0.012989 0.017250
0 0.060783 0.251250 0.051957 0.037500
0 0.254371 0.244688 0.014988 0.023250
0 0.511241 0.254063 0.027977 0.047250
0 0.409659 0.256563 0.085928 0.057750
0 0.775187 0.234687 0.017985 0.015750
0 0.274355 0.233125 0.024979 0.013500
0 0.645296 0.242188 0.023980 0.039750
0 0.111990 0.230000 0.036969 0.010500
0 0.159867 0.242812 0.075937 0.042750
0 0.473772 0.240937 0.059950 0.053250
0 0.549542 0.231250 0.021982 0.034500
0 0.079101 0.225625 0.031973 0.022500
0 0.238135 0.221875 0.021982 0.015000
0 0.570358 0.221875 0.013988 0.016500
0 0.282265 0.218125 0.011990 0.010500
0 0.683181 0.216250 0.010991 0.012000
0 0.746878 0.214688 0.017985 0.009750
0 0.815987 0.229375 0.027977 0.046500
0 0.774771 0.216562 0.018984 0.018750
0 0.542048 0.213750 0.009992 0.019500
0 0.569109 0.221250 0.042964 0.043500
0 0.741465 0.238125 0.044963 0.085500
0 0.417152 0.221562 0.081932 0.053250
0 0.803497 0.222188 0.039967 0.056250
0 0.345962 0.221250 0.060949 0.060000
0 0.154871 0.209063 0.059950 0.033750
0 0.397585 0.193750 0.022981 0.006000
0 0.694005 0.241250 0.096919 0.123000
0 0.367194 0.195000 0.015987 0.012000
0 0.276853 0.195937 0.006994 0.015750
0 0.250208 0.208750 0.054954 0.049500
0 0.500000 0.209687 0.100916 0.053250
0 0.666112 0.188438 0.019983 0.006750
0 0.181099 0.205313 0.042964 0.054750
0 0.496669 0.188438 0.028976 0.018750
0 0.417569 0.178437 0.020983 0.014250
0 0.708576 0.180000 0.037968 0.024000
0 0.380100 0.179063 0.012989 0.026250
0 0.244380 0.179688 0.064946 0.027750
0 0.641132 0.176875 0.031973 0.025500
0 0.291424 0.202500 0.045962 0.091500
0 0.301415 0.173750 0.019983 0.024000
0 0.077852 0.174375 0.028976 0.031500
0 0.713156 0.162500 0.010991 0.012000
0 0.290175 0.158125 0.022981 0.010500
0 0.101582 0.167813 0.069942 0.033750
0 0.211907 0.200625 0.082931 0.114000
0 0.684430 0.169063 0.037968 0.039750
0 0.369692 0.159375 0.021982 0.016500
0 0.585346 0.182500 0.139883 0.075000
0 0.221482 0.159062 0.023980 0.020250
0 0.583264 0.155938 0.024979 0.017250
0 0.351790 0.155938 0.034971 0.027750
0 0.257286 0.144687 0.011990 0.006750
0 0.555371 0.150000 0.031973 0.037500
0 0.304746 0.140313 0.011990 0.026250
0 0.364696 0.130938 0.007993 0.014250
0 0.382182 0.132500 0.017985 0.021000
0 0.331391 0.161562 0.067943 0.092250
0 0.405495 0.156875 0.041965 0.082500
0 0.482515 0.166875 0.136886 0.108000
0 0.288926 0.134375 0.051957 0.043500
0 0.611990 0.120938 0.027977 0.012750
0 0.357202 0.119063 0.019983 0.009750
0 0.380933 0.119063 0.016986 0.011250
0 0.426311 0.133437 0.025978 0.051750
0 0.337635 0.116250 0.020983 0.015000
0 0.654871 0.130938 0.050958 0.059250
0 0.398418 0.107813 0.012989 0.009750
0 0.039134 0.120313 0.063947 0.042750
0 0.343880 0.103438 0.027977 0.014250
0 0.594088 0.102500 0.030974 0.013500
0 0.423397 0.102188 0.026978 0.012750
0 0.385512 0.100625 0.011990 0.015000
0 0.573689 0.097187 0.013988 0.023250
0 0.536636 0.090938 0.020983 0.015750
0 0.406328 0.093438 0.021982 0.021750
0 0.485845 0.103125 0.026978 0.055500
0 0.330974 0.089375 0.010991 0.022500
0 0.421316 0.078437 0.011990 0.015750
0 0.497086 0.072813 0.021982 0.009750
0 0.463364 0.075625 0.026978 0.019500
0 0.380516 0.076875 0.013988 0.025500
0 0.361366 0.060937 0.015987 0.006750
0 0.626145 0.080625 0.043963 0.057000
0 0.562864 0.114062 0.131890 0.141750
0 0.421316 0.059687 0.021982 0.027750
0 0.352623 0.061250 0.042964 0.037500
0 0.102415 0.050000 0.013988 0.015000
0 0.074938 0.054688 0.041965 0.044250
0 0.366361 0.046250 0.047960 0.039000
0 0.579933 0.053437 0.058951 0.063750
0 0.469609 0.033438 0.023980 0.033750
0 0.502498 0.034063 0.046961 0.036750
