0 0.396094 0.943750 0.024375 0.037500
0 0.342578 0.934375 0.029062 0.030000
0 0.366406 0.905208 0.022500 0.037500
0 0.498828 0.900000 0.032813 0.030000
0 0.024375 0.930000 0.048750 0.140000
0 0.555078 0.882812 0.027187 0.036250
0 0.519141 0.874479 0.023438 0.031250
0 0.380078 0.858854 0.030937 0.031250
0 0.394531 0.827083 0.018750 0.022500
0 0.351172 0.816667 0.019688 0.012500
0 0.551172 0.838021 0.137813 0.083750
0 0.506250 0.823438 0.043125 0.058750
0 0.581641 0.806771 0.027187 0.026250
0 0.448047 0.805729 0.010312 0.023750
0 0.796563 0.874375 0.406875 0.251250
0 0.531250 0.799479 0.011250 0.028750
0 0.499219 0.791667 0.018750 0.015000
0 0.474219 0.782292 0.009375 0.017500
0 0.450781 0.782813 0.009375 0.018750
0 0.583594 0.783854 0.071250 0.041250
0 0.439453 0.765625 0.017813 0.012500
0 0.514844 0.768229 0.018750 0.021250
0 0.462500 0.777604 0.013125 0.043750
0 0.289062 0.770833 0.028125 0.032500
0 0.480469 0.816667 0.071250 0.157500
0 0.454688 0.747396 0.050625 0.028750
0 0.608984 0.745313 0.023438 0.041250
0 0.579297 0.735417 0.014063 0.022500
0 0.535156 0.766146 0.056250 0.096250
0 0.486328 0.740625 0.030937 0.042500
0 0.374219 0.726042 0.028125 0.030000
0 0.394531 0.715104 0.016875 0.038750
0 0.435547 0.703646 0.014063 0.013750
0 0.507422 0.723437 0.036562 0.076250
0 0.465234 0.701562 0.027187 0.036250
0 0.511719 0.685417 0.016875 0.012500
0 0.551562 0.700521 0.018750 0.051250
0 0.573047 0.693229 0.034687 0.048750
0 0.589453 0.719271 0.070312 0.116250
0 0.321484 0.689063 0.029062 0.043750
0 0.539453 0.682292 0.019688 0.032500
0 0.365625 0.698958 0.031875 0.082500
0 0.305078 0.676562 0.029062 0.028750
0 0.603906 0.670833 0.009375 0.020000
0 0.505078 0.665625 0.010312 0.010000
0 0.448047 0.670833 0.017813 0.022500
0 0.528906 0.698438 0.037500 0.091250
0 0.372656 0.754687 0.183750 0.251250
0 0.531641 0.651563 0.029062 0.013750
0 0.399609 0.665104 0.049687 0.058750
0 0.510938 0.646354 0.018750 0.016250
0 0.466797 0.692187 0.079687 0.126250
0 0.346484 0.653125 0.015938 0.035000
0 0.549219 0.651042 0.013125 0.035000
0 0.380078 0.643229 0.025312 0.031250
0 0.638672 0.674479 0.062812 0.111250
0 0.354297 0.664062 0.045937 0.086250
0 0.482031 0.631771 0.039375 0.018750
0 0.445703 0.626042 0.015938 0.012500
0 0.341797 0.629167 0.021562 0.020000
0 0.547656 0.626042 0.039375 0.035000
0 0.520312 0.623958 0.028125 0.032500
0 0.623437 0.625000 0.031875 0.040000
0 0.471875 0.627604 0.078750 0.053750
0 0.428906 0.628125 0.020625 0.055000
0 0.378906 0.614062 0.018750 0.033750
0 0.340625 0.607812 0.026250 0.018750
0 0.641016 0.610938 0.015938 0.038750
0 0.325391 0.601562 0.012188 0.016250
0 0.594531 0.573438 0.018750 0.016250
0 0.309375 0.619271 0.058125 0.128750
0 0.350391 0.580208 0.019688 0.037500
0 0.537500 0.585417 0.041250 0.052500
0 0.724609 0.575000 0.025312 0.040000
0 0.589844 0.612500 0.108750 0.147500
0 0.525781 0.575521 0.056250 0.063750
0 0.469922 0.561458 0.021562 0.037500
0 0.339453 0.546875 0.015938 0.020000
0 0.535937 0.543229 0.022500 0.013750
0 0.694531 0.547396 0.018750 0.041250
0 0.483594 0.538021 0.011250 0.018750
0 0.494531 0.538542 0.009375 0.022500
0 0.394922 0.534896 0.010312 0.026250
0 0.607422 0.552083 0.045937 0.070000
0 0.283594 0.538542 0.058125 0.055000
0 0.514844 0.534896 0.035625 0.048750
0 0.549219 0.503646 0.018750 0.008750
0 0.497656 0.511458 0.020625 0.027500
0 0.428516 0.566146 0.179062 0.173750
0 0.313281 0.528646 0.054375 0.083750
0 0.363672 0.541667 0.087188 0.127500
0 0.587500 0.484375 0.018750 0.015000
0 0.489453 0.486979 0.012188 0.026250
0 0.348828 0.501563 0.036562 0.063750
0 0.592187 0.521875 0.097500 0.122500
0 0.512109 0.477604 0.017813 0.016250
0 0.467969 0.491667 0.035625 0.050000
0 0.280859 0.497396 0.030937 0.066250
0 0.423438 0.486979 0.067500 0.043750
0 0.661719 0.481771 0.024375 0.038750
0 0.325391 0.473438 0.019688 0.018750
0 0.601172 0.477083 0.023438 0.037500
0 0.673047 0.471354 0.021562 0.041250
0 0.365625 0.470313 0.037500 0.041250
0 0.468359 0.457813 0.023438 0.023750
0 0.310547 0.455729 0.025312 0.036250
0 0.550391 0.448437 0.008437 0.021250
0 0.582812 0.442188 0.024375 0.021250
0 0.541406 0.446875 0.013125 0.032500
0 0.421484 0.459896 0.085312 0.066250
0 0.502734 0.449479 0.060937 0.056250
0 0.389062 0.448958 0.039375 0.065000
0 0.543359 0.470833 0.107813 0.132500
0 0.448437 0.424479 0.011250 0.026250
0 0.722656 0.425000 0.020625 0.042500
0 0.482812 0.425000 0.041250 0.045000
0 0.805859 0.397917 0.015938 0.012500
0 0.490234 0.405208 0.021562 0.032500
0 0.556641 0.414062 0.115312 0.058750
0 0.463281 0.397917 0.028125 0.020000
0 0.308594 0.400000 0.020625 0.040000
0 0.262109 0.405208 0.036562 0.057500
0 0.454297 0.383854 0.010312 0.021250
0 0.351172 0.418750 0.134063 0.115000
0 0.545312 0.383333 0.060000 0.035000
0 0.631250 0.373958 0.026250 0.032500
0 0.505469 0.386979 0.020625 0.066250
0 0.516016 0.372396 0.015938 0.033750
0 0.391797 0.360938 0.017813 0.008750
0 0.337109 0.360417 0.021562 0.025000
0 0.284766 0.363021 0.017813 0.036250
0 0.475391 0.357292 0.023438 0.025000
0 0.484375 0.365104 0.043125 0.058750
0 0.443750 0.345833 0.013125 0.027500
0 0.377734 0.328646 0.015938 0.013750
0 0.426953 0.326562 0.014063 0.023750
0 0.412891 0.323958 0.012188 0.017500
0 0.405859 0.385417 0.143437 0.170000
0 0.466016 0.307292 0.014063 0.010000
0 0.529297 0.343229 0.132187 0.098750
0 0.519531 0.305208 0.015000 0.015000
0 0.472656 0.324479 0.088125 0.061250
0 0.429297 0.304167 0.029062 0.030000
0 0.476953 0.297917 0.029062 0.017500
0 0.453516 0.297396 0.023438 0.028750
0 0.577344 0.296354 0.022500 0.036250
0 0.498437 0.286979 0.028125 0.018750
0 0.537109 0.282813 0.017813 0.038750
0 0.661719 0.261979 0.022500 0.028750
0 0.491797 0.264583 0.019688 0.035000
0 0.892188 0.310625 0.215625 0.621250
0 0.285000 0.176250 0.570000 0.352500
