0 0.745313 0.988750 0.030000 0.022500
0 0.260156 0.986875 0.028125 0.026250
0 0.455078 0.984375 0.036562 0.031250
0 0.402734 0.978750 0.064687 0.042500
0 0.689063 0.976875 0.095625 0.046250
0 0.608203 0.975000 0.044062 0.050000
0 0.747266 0.967187 0.008437 0.023750
0 0.756641 0.956771 0.017813 0.016250
0 0.319531 0.959896 0.013125 0.023750
0 0.635938 0.960417 0.013125 0.030000
0 0.353906 0.964375 0.041250 0.071250
0 0.765625 0.953125 0.011250 0.035000
0 0.386719 0.961458 0.063750 0.060000
0 0.208984 0.958854 0.047812 0.056250
0 0.400781 0.930729 0.007500 0.016250
0 0.435547 0.924479 0.010312 0.011250
0 0.547266 0.939583 0.019688 0.050000
0 0.748828 0.920312 0.029062 0.028750
0 0.512109 0.925000 0.051562 0.042500
0 0.428516 0.920312 0.034687 0.038750
0 0.595313 0.935937 0.114375 0.081250
0 0.660156 0.923438 0.052500 0.056250
0 0.301953 0.928125 0.040313 0.080000
0 0.727344 0.906771 0.039375 0.033750
0 0.692187 0.912500 0.022500 0.052500
0 0.707422 0.895312 0.012188 0.013750
0 0.784375 0.913542 0.046875 0.060000
0 0.891016 0.902604 0.040313 0.036250
0 0.494922 0.932500 0.137813 0.135000
0 0.221484 0.910417 0.049687 0.057500
0 0.539844 0.894271 0.018750 0.026250
0 0.424219 0.888542 0.015000 0.035000
0 0.493359 0.886458 0.012188 0.032500
0 0.881250 0.880729 0.030000 0.021250
0 0.644922 0.885417 0.012188 0.035000
0 0.772656 0.879167 0.009375 0.022500
0 0.750391 0.879687 0.040313 0.023750
0 0.725000 0.876042 0.011250 0.025000
0 0.439063 0.872396 0.056250 0.026250
0 0.691406 0.872396 0.015000 0.031250
0 0.405078 0.868229 0.019688 0.026250
0 0.584766 0.898438 0.087188 0.101250
0 0.290625 0.878125 0.037500 0.052500
0 0.660937 0.874479 0.031875 0.058750
0 0.504687 0.867708 0.058125 0.045000
0 0.605078 0.854688 0.019688 0.021250
0 0.374609 0.880208 0.059062 0.082500
0 0.310156 0.845833 0.024375 0.022500
0 0.494531 0.839583 0.015000 0.010000
0 0.540234 0.855729 0.036562 0.066250
0 0.666406 0.836458 0.013125 0.022500
0 0.732031 0.845313 0.080625 0.051250
0 0.799609 0.849479 0.066562 0.063750
0 0.687500 0.825000 0.031875 0.015000
0 0.470313 0.840104 0.018750 0.051250
0 0.350781 0.878125 0.073125 0.147500
0 0.630469 0.842187 0.039375 0.066250
0 0.723828 0.821354 0.034687 0.021250
0 0.507031 0.818750 0.043125 0.032500
0 0.343359 0.809375 0.023438 0.015000
0 0.584375 0.835417 0.069375 0.082500
0 0.479297 0.808854 0.023438 0.018750
0 0.767578 0.804688 0.023438 0.016250
0 0.296094 0.811458 0.037500 0.032500
0 0.698828 0.799479 0.019688 0.008750
0 0.650391 0.804167 0.025312 0.030000
0 0.385547 0.797917 0.038437 0.027500
0 0.815625 0.794792 0.035625 0.027500
0 0.631641 0.789062 0.014063 0.013750
0 0.402734 0.809375 0.083437 0.067500
0 0.325391 0.785417 0.034687 0.027500
0 0.236719 0.786458 0.033750 0.045000
0 0.791797 0.779167 0.042188 0.037500
0 0.760938 0.770833 0.024375 0.027500
0 0.551172 0.792188 0.074063 0.091250
0 0.407031 0.766667 0.024375 0.040000
0 0.510156 0.767188 0.076875 0.053750
0 0.429297 0.754687 0.019688 0.028750
0 0.235547 0.754687 0.036562 0.028750
0 0.598437 0.767708 0.035625 0.062500
0 0.702344 0.746875 0.015000 0.017500
0 0.677734 0.749479 0.010312 0.026250
0 0.564453 0.744792 0.021562 0.017500
0 0.244922 0.745833 0.006563 0.022500
0 0.352344 0.735938 0.018750 0.008750
0 0.726953 0.760938 0.044062 0.073750
0 0.549219 0.739583 0.011250 0.022500
0 0.654687 0.759896 0.088125 0.076250
0 0.578906 0.738542 0.009375 0.025000
0 0.671484 0.729688 0.006563 0.018750
0 0.813672 0.730208 0.010312 0.025000
0 0.378125 0.747396 0.037500 0.071250
0 0.238672 0.721875 0.010312 0.022500
0 0.308984 0.732292 0.060937 0.050000
0 0.639844 0.719271 0.016875 0.023750
0 0.917188 0.711458 0.013125 0.015000
0 0.476172 0.775521 0.145313 0.168750
0 0.255078 0.722396 0.027187 0.051250
0 0.616016 0.721354 0.034687 0.051250
0 0.224609 0.706250 0.027187 0.015000
0 0.869531 0.705729 0.013125 0.021250
0 0.382422 0.698958 0.017813 0.012500
0 0.360938 0.701042 0.011250 0.022500
0 0.783984 0.722396 0.038437 0.078750
0 0.590625 0.706771 0.035625 0.041250
0 0.560156 0.699479 0.037500 0.028750
0 0.949609 0.709375 0.030937 0.055000
0 0.350781 0.687500 0.016875 0.007500
0 0.409375 0.693750 0.026250 0.025000
0 0.435156 0.692187 0.037500 0.023750
0 0.949219 0.681250 0.022500 0.022500
0 0.834375 0.690625 0.075000 0.045000
0 0.723828 0.677083 0.034687 0.017500
0 0.326172 0.683333 0.034687 0.045000
0 0.680469 0.678646 0.041250 0.048750
0 0.924609 0.680208 0.036562 0.057500
0 0.517578 0.689063 0.070312 0.083750
0 0.631250 0.665625 0.035625 0.032500
0 0.842969 0.659896 0.007500 0.026250
0 0.478125 0.671354 0.045000 0.053750
0 0.819141 0.658854 0.038437 0.031250
0 0.584766 0.667188 0.023438 0.053750
0 0.605859 0.657813 0.019688 0.038750
0 0.445312 0.659375 0.015000 0.045000
0 0.403125 0.659375 0.026250 0.045000
0 0.246484 0.673958 0.104062 0.082500
0 0.560547 0.646354 0.040313 0.031250
0 0.734766 0.658854 0.087188 0.068750
0 0.508203 0.647396 0.027187 0.041250
0 0.787500 0.654687 0.028125 0.061250
0 0.312891 0.643750 0.040313 0.037500
0 0.277734 0.636979 0.047812 0.023750
0 0.389844 0.632292 0.011250 0.017500
0 0.497266 0.632292 0.008437 0.022500
0 0.835938 0.634375 0.009375 0.030000
0 0.485547 0.628646 0.017813 0.018750
0 0.814063 0.632292 0.041250 0.035000
0 0.660547 0.663021 0.060937 0.108750
0 0.264844 0.614062 0.016875 0.008750
0 0.336328 0.610417 0.029062 0.017500
0 0.526563 0.605208 0.018750 0.012500
0 0.749219 0.615104 0.054375 0.038750
0 0.703906 0.606771 0.018750 0.021250
0 0.815625 0.604688 0.009375 0.021250
0 0.530469 0.612500 0.037500 0.045000
0 0.382812 0.627604 0.112500 0.086250
0 0.355469 0.606771 0.024375 0.036250
0 0.470703 0.613542 0.045937 0.060000
0 0.296875 0.601562 0.052500 0.051250
0 0.753125 0.588021 0.011250 0.023750
0 0.520703 0.590625 0.042188 0.030000
0 0.727344 0.585938 0.016875 0.021250
0 0.601953 0.597396 0.049687 0.048750
0 0.844531 0.596354 0.026250 0.056250
0 0.441406 0.624479 0.060000 0.128750
0 0.438281 0.578646 0.018750 0.018750
0 0.497266 0.577604 0.015938 0.023750
0 0.550781 0.570833 0.005625 0.020000
0 0.564844 0.568750 0.013125 0.017500
0 0.976953 0.575521 0.012188 0.036250
0 0.680469 0.565625 0.016875 0.012500
0 0.805078 0.580729 0.079687 0.056250
0 0.326172 0.564063 0.036562 0.031250
0 0.735938 0.562500 0.035625 0.032500
0 0.405078 0.572917 0.055313 0.067500
0 0.360547 0.572917 0.036562 0.070000
0 0.638672 0.592708 0.111562 0.120000
0 0.276562 0.574479 0.058125 0.083750
0 0.701562 0.564583 0.035625 0.062500
0 0.719531 0.545833 0.007500 0.020000
0 0.538672 0.548438 0.025312 0.031250
0 0.969922 0.550000 0.034687 0.047500
0 0.631641 0.544271 0.034687 0.041250
0 0.844922 0.549479 0.015938 0.056250
0 0.782031 0.553125 0.060000 0.067500
0 0.816406 0.531771 0.013125 0.021250
0 0.607422 0.534375 0.034687 0.032500
0 0.699609 0.528125 0.030937 0.022500
0 0.400391 0.530208 0.023438 0.037500
0 0.267578 0.530729 0.045937 0.043750
0 0.660937 0.525000 0.022500 0.040000
0 0.641406 0.516146 0.026250 0.018750
0 0.355469 0.525521 0.078750 0.053750
0 0.416016 0.520312 0.017813 0.056250
0 0.798828 0.507812 0.019688 0.033750
0 0.736328 0.519271 0.047812 0.063750
0 0.682422 0.502083 0.012188 0.022500
0 0.747656 0.497917 0.015000 0.017500
0 0.847266 0.503125 0.034687 0.042500
0 0.430078 0.492708 0.025312 0.025000
0 0.392188 0.482292 0.018750 0.020000
0 0.571875 0.474479 0.018750 0.013750
0 0.492188 0.516667 0.165000 0.117500
0 0.561719 0.482292 0.018750 0.055000
0 0.670312 0.466667 0.016875 0.025000
0 0.736719 0.471875 0.022500 0.040000
0 0.779687 0.494271 0.056250 0.101250
0 0.813281 0.456771 0.024375 0.018750
0 0.676562 0.453646 0.013125 0.018750
0 0.493359 0.459375 0.023438 0.032500
0 0.591406 0.500521 0.093750 0.136250
0 0.630078 0.454167 0.008437 0.030000
0 0.551562 0.451562 0.011250 0.028750
0 0.527734 0.452083 0.038437 0.030000
0 0.678125 0.439063 0.011250 0.011250
0 0.652734 0.453125 0.038437 0.045000
0 0.408984 0.455208 0.038437 0.050000
0 0.868359 0.461458 0.029062 0.067500
0 0.426172 0.444271 0.010312 0.026250
0 0.769922 0.461458 0.042188 0.070000
0 0.695312 0.440625 0.031875 0.030000
0 0.266797 0.433854 0.029062 0.031250
0 0.548047 0.423958 0.014063 0.012500
0 0.391797 0.424479 0.006563 0.021250
0 0.628906 0.427604 0.024375 0.036250
0 0.785937 0.419271 0.016875 0.026250
0 0.350781 0.432292 0.031875 0.065000
0 0.375781 0.425000 0.028125 0.050000
0 0.623047 0.396875 0.010312 0.015000
0 0.830469 0.429167 0.061875 0.095000
0 0.403906 0.396354 0.022500 0.031250
0 0.318750 0.464062 0.176250 0.201250
0 0.771484 0.390104 0.044062 0.026250
0 0.725000 0.427083 0.097500 0.117500
0 0.588672 0.408854 0.070312 0.073750
0 0.603906 0.386458 0.016875 0.022500
0 0.369922 0.389062 0.014063 0.028750
0 0.874219 0.403646 0.048750 0.068750
0 0.336719 0.394271 0.024375 0.046250
0 0.448828 0.414062 0.079687 0.098750
0 0.802734 0.392188 0.021562 0.048750
0 0.456641 0.382812 0.025312 0.026250
0 0.497266 0.400521 0.059062 0.071250
0 0.287109 0.376042 0.017813 0.015000
0 0.486719 0.381771 0.031875 0.033750
0 0.689844 0.400000 0.114375 0.080000
0 0.353906 0.378125 0.028125 0.027500
0 0.441406 0.372917 0.011250 0.017500
0 0.540625 0.379167 0.037500 0.042500
0 0.268750 0.369271 0.024375 0.018750
0 0.699219 0.368750 0.007500 0.020000
0 0.879297 0.371354 0.051562 0.031250
0 0.821875 0.371354 0.028125 0.036250
0 0.666797 0.373958 0.072187 0.065000
0 0.794141 0.363021 0.010312 0.041250
0 0.632031 0.367188 0.033750 0.051250
0 0.854688 0.354167 0.015000 0.022500
0 0.479687 0.358333 0.028125 0.035000
0 0.535547 0.347917 0.014063 0.012500
0 0.752734 0.355729 0.015938 0.036250
0 0.597656 0.355208 0.016875 0.040000
0 0.801562 0.349479 0.011250 0.033750
0 0.837109 0.343229 0.025312 0.026250
0 0.740234 0.329688 0.012188 0.013750
0 0.575000 0.344271 0.048750 0.056250
0 0.528516 0.342708 0.087188 0.057500
0 0.799609 0.329688 0.015938 0.036250
0 0.772656 0.333854 0.028125 0.051250
0 0.668750 0.333333 0.043125 0.060000
0 0.810937 0.315625 0.009375 0.022500
0 0.784766 0.310937 0.017813 0.018750
0 0.492188 0.312500 0.011250 0.022500
0 0.718359 0.329167 0.044062 0.072500
0 0.608594 0.310417 0.013125 0.027500
0 0.301953 0.305729 0.021562 0.023750
0 0.693359 0.300000 0.019688 0.022500
0 0.708984 0.298438 0.010312 0.021250
0 0.643359 0.298438 0.010312 0.021250
0 0.857031 0.314063 0.039375 0.066250
0 0.565234 0.292708 0.032813 0.015000
0 0.467578 0.295833 0.012188 0.022500
0 0.474609 0.319271 0.079687 0.098750
0 0.821094 0.290625 0.039375 0.035000
0 0.650781 0.278125 0.020625 0.022500
0 0.769531 0.275521 0.009375 0.023750
0 0.761719 0.287500 0.060000 0.075000
0 0.742188 0.265104 0.022500 0.028750
0 0.544531 0.262500 0.020625 0.025000
0 0.691797 0.259375 0.042188 0.025000
0 0.517578 0.259896 0.044062 0.026250
0 0.455469 0.257292 0.015000 0.020000
0 0.805078 0.254688 0.012188 0.021250
0 0.721875 0.255729 0.024375 0.023750
0 0.642188 0.253646 0.011250 0.026250
0 0.579688 0.261458 0.063750 0.045000
0 0.479687 0.268229 0.028125 0.063750
0 0.241406 0.265625 0.046875 0.057500
0 0.310937 0.264583 0.043125 0.057500
0 0.608594 0.277604 0.067500 0.096250
0 0.764062 0.247396 0.018750 0.028750
0 0.517969 0.241667 0.013125 0.020000
0 0.499609 0.234375 0.019688 0.010000
0 0.371484 0.304167 0.231562 0.180000
0 0.586719 0.231771 0.009375 0.018750
0 0.325391 0.233854 0.014063 0.023750
0 0.545312 0.228125 0.031875 0.040000
0 0.510547 0.221875 0.010312 0.025000
0 0.737500 0.226562 0.028125 0.043750
0 0.462109 0.217188 0.017813 0.023750
0 0.790625 0.228125 0.045000 0.055000
0 0.585547 0.209375 0.029062 0.017500
0 0.678125 0.232813 0.110625 0.081250
0 0.714453 0.195833 0.021562 0.010000
0 0.668359 0.197396 0.017813 0.013750
0 0.409375 0.216146 0.101250 0.063750
0 0.351562 0.206771 0.045000 0.051250
0 0.537109 0.196875 0.008437 0.030000
0 0.605469 0.178646 0.024375 0.021250
0 0.382422 0.175000 0.030937 0.020000
0 0.503125 0.179167 0.009375 0.032500
0 0.681641 0.157812 0.027187 0.018750
0 0.496094 0.192708 0.071250 0.107500
0 0.661328 0.164062 0.019688 0.041250
0 0.353516 0.165625 0.049687 0.045000
0 0.743359 0.172917 0.119063 0.067500
0 0.519922 0.149479 0.008437 0.016250
0 0.621094 0.195312 0.048750 0.131250
0 0.751172 0.147917 0.019688 0.020000
0 0.413281 0.147917 0.020625 0.027500
0 0.428906 0.142187 0.011250 0.021250
0 0.737109 0.129688 0.019688 0.013750
0 0.440625 0.131250 0.016875 0.017500
0 0.434766 0.163021 0.096562 0.098750
0 0.499609 0.126562 0.006563 0.021250
0 0.670703 0.118750 0.027187 0.027500
0 0.501953 0.108333 0.021562 0.020000
0 0.718750 0.122396 0.016875 0.061250
0 0.396484 0.107813 0.040313 0.026250
0 0.457813 0.105208 0.030000 0.040000
0 0.688672 0.109375 0.014063 0.055000
0 0.614453 0.111458 0.036562 0.065000
0 0.394531 0.082812 0.022500 0.016250
0 0.375781 0.093229 0.018750 0.046250
0 0.641797 0.093229 0.029062 0.056250
0 0.572266 0.122917 0.139687 0.147500
0 0.376563 0.030729 0.011250 0.041250
0 0.357031 0.022500 0.020625 0.045000
