0 0.491563 0.985012 0.009750 0.029975
0 0.473438 0.982015 0.032250 0.035970
0 0.727187 0.961699 0.014250 0.013988
0 0.722500 0.960866 0.037500 0.037968
0 0.557500 0.966278 0.040500 0.050958
0 0.528750 0.950042 0.031500 0.045962
0 0.475000 0.940466 0.024000 0.024979
0 0.538438 0.926311 0.011250 0.012989
0 0.560312 0.930475 0.039750 0.040966
0 0.399062 0.916736 0.008250 0.013988
0 0.456250 0.916736 0.013500 0.015987
0 0.424063 0.948543 0.096750 0.102914
0 0.442500 0.924230 0.016500 0.039967
0 0.545937 0.917152 0.015750 0.032973
0 0.467813 0.905079 0.017250 0.011990
0 0.481250 0.905912 0.012000 0.025978
0 0.791875 0.911324 0.037500 0.048959
0 0.434063 0.901332 0.012750 0.024979
0 0.507812 0.896753 0.014250 0.017985
0 0.445312 0.888843 0.018750 0.014988
0 0.497188 0.887594 0.009750 0.025978
0 0.747500 0.889675 0.037500 0.042964
0 0.520625 0.909659 0.082500 0.102914
0 0.518750 0.879684 0.018000 0.034971
0 0.377812 0.884679 0.029250 0.064946
0 0.600313 0.873855 0.030750 0.050958
0 0.391250 0.860117 0.007500 0.023980
0 0.418125 0.877186 0.069000 0.078934
0 0.489375 0.876769 0.037500 0.083930
0 0.571875 0.844296 0.015000 0.011990
0 0.480000 0.835970 0.007500 0.011990
0 0.461562 0.854704 0.029250 0.060949
0 0.578750 0.867194 0.061500 0.102914
0 0.521563 0.829309 0.014250 0.019983
0 0.627500 0.843464 0.046500 0.055953
0 0.714063 0.834305 0.045750 0.039967
0 0.650625 0.836386 0.034500 0.044963
0 0.352187 0.838052 0.039750 0.052956
0 0.514687 0.813905 0.005250 0.018984
0 0.552813 0.827227 0.027750 0.068943
0 0.504687 0.835554 0.089250 0.094921
0 0.440000 0.799750 0.012000 0.008993
0 0.402500 0.820150 0.055500 0.063947
0 0.641563 0.796003 0.017250 0.011990
0 0.604062 0.806411 0.018750 0.040966
0 0.391875 0.798085 0.019500 0.020983
0 0.375000 0.796836 0.013500 0.019983
0 0.361875 0.793089 0.010500 0.014988
0 0.662500 0.804330 0.031500 0.043963
0 0.683125 0.798501 0.030000 0.031973
0 0.365625 0.803081 0.036000 0.056953
0 0.618437 0.796003 0.036750 0.049958
0 0.526250 0.781016 0.012000 0.019983
0 0.456562 0.796420 0.027750 0.056953
0 0.633437 0.777269 0.014250 0.016986
0 0.526875 0.788510 0.057000 0.047960
0 0.316563 0.787261 0.044250 0.046961
0 0.282187 0.788093 0.027750 0.062948
0 0.436250 0.796003 0.039000 0.101915
0 0.532188 0.761449 0.015750 0.020983
0 0.492500 0.761449 0.013500 0.022981
0 0.745625 0.756037 0.009000 0.021982
0 0.543125 0.751041 0.010500 0.019983
0 0.606875 0.758118 0.048000 0.048959
0 0.565312 0.770608 0.042750 0.082931
0 0.521875 0.738551 0.009000 0.015987
0 0.290000 0.746878 0.039000 0.045962
0 0.580000 0.734804 0.049500 0.022981
0 0.514375 0.746878 0.024000 0.051957
0 0.697812 0.729808 0.005250 0.018984
0 0.668438 0.726062 0.009750 0.011990
0 0.500000 0.728976 0.007500 0.022981
0 0.619375 0.728976 0.016500 0.026978
0 0.342813 0.723980 0.011250 0.018984
0 0.337500 0.744796 0.052500 0.070941
0 0.419063 0.738968 0.029250 0.062948
0 0.575000 0.711907 0.018000 0.013988
0 0.280938 0.716070 0.030750 0.025978
0 0.440000 0.711907 0.007500 0.019983
0 0.715625 0.710241 0.007500 0.017985
0 0.663125 0.709409 0.040500 0.021982
0 0.308750 0.714405 0.036000 0.047960
0 0.725938 0.720649 0.059250 0.068943
0 0.368437 0.736470 0.095250 0.108909
0 0.450000 0.729808 0.054000 0.094921
0 0.256250 0.725645 0.040500 0.086928
0 0.497188 0.695670 0.012750 0.024979
0 0.650000 0.721482 0.111000 0.092923
0 0.419687 0.697752 0.029250 0.035970
0 0.575313 0.674022 0.011250 0.010991
0 0.651250 0.679017 0.028500 0.046961
0 0.643125 0.667361 0.012000 0.018984
0 0.466875 0.723564 0.087000 0.157868
0 0.276562 0.667361 0.008250 0.026978
0 0.579063 0.660699 0.023250 0.012989
0 0.620625 0.656536 0.010500 0.010991
0 0.703750 0.684013 0.075000 0.080933
0 0.760312 0.669026 0.021750 0.056953
0 0.263125 0.669442 0.052500 0.059950
0 0.550000 0.661116 0.045000 0.041965
0 0.468750 0.656953 0.021000 0.031973
0 0.423750 0.650708 0.031500 0.016986
0 0.676250 0.655287 0.051000 0.037968
0 0.391562 0.653206 0.009750 0.036969
0 0.375000 0.669026 0.084000 0.080933
0 0.492500 0.648210 0.034500 0.036969
0 0.595938 0.643214 0.012750 0.030974
0 0.620000 0.665279 0.045000 0.085928
0 0.812813 0.652373 0.035250 0.056953
0 0.731875 0.652789 0.049500 0.071940
0 0.102500 0.640716 0.043500 0.048959
0 0.457188 0.626978 0.014250 0.023980
0 0.260000 0.629059 0.015000 0.040966
0 0.545000 0.621982 0.018000 0.025978
0 0.311563 0.653206 0.068250 0.112906
0 0.299375 0.610325 0.009000 0.011990
0 0.480312 0.621149 0.038250 0.041965
0 0.529375 0.609492 0.013500 0.017985
0 0.550000 0.663197 0.126000 0.156869
0 0.305312 0.609492 0.017250 0.029975
0 0.152188 0.617402 0.032250 0.056953
0 0.350625 0.620733 0.034500 0.066944
0 0.386250 0.608659 0.049500 0.045962
0 0.581562 0.594921 0.009750 0.014988
0 0.700313 0.589925 0.027750 0.014988
0 0.591562 0.611574 0.059250 0.068943
0 0.752812 0.614904 0.042750 0.078934
0 0.635625 0.619484 0.048000 0.093922
0 0.747812 0.584513 0.011250 0.013988
0 0.702812 0.579933 0.017250 0.008993
0 0.560000 0.584929 0.015000 0.030974
0 0.303125 0.583264 0.018000 0.028976
0 0.281875 0.580766 0.019500 0.022981
0 0.738125 0.582848 0.013500 0.029975
0 0.649375 0.584513 0.027000 0.039967
0 0.273750 0.621982 0.060000 0.129892
0 0.488125 0.582015 0.064500 0.035970
0 0.422812 0.571191 0.014250 0.013988
0 0.772813 0.569942 0.018750 0.022981
0 0.531250 0.575770 0.052500 0.040966
0 0.696250 0.601998 0.091500 0.111907
0 0.301563 0.557036 0.012750 0.005995
0 0.464687 0.569109 0.032250 0.036969
0 0.450313 0.554538 0.012750 0.011990
0 0.767188 0.553289 0.012750 0.012989
0 0.712500 0.567860 0.042000 0.047960
0 0.377500 0.552040 0.018000 0.017985
0 0.737812 0.557036 0.053250 0.045962
0 0.537188 0.549126 0.026250 0.030974
0 0.600313 0.538301 0.014250 0.008993
0 0.685312 0.546211 0.021750 0.049958
0 0.266875 0.548709 0.064500 0.057952
0 0.715000 0.529142 0.019500 0.012989
0 0.336250 0.566611 0.066000 0.104913
0 0.271250 0.534971 0.012000 0.028976
0 0.640312 0.525396 0.008250 0.009992
0 0.352500 0.529559 0.033000 0.027977
0 0.690625 0.528726 0.030000 0.035970
0 0.757812 0.529142 0.039750 0.052956
0 0.706562 0.514155 0.014250 0.026978
0 0.300000 0.508743 0.015000 0.015987
0 0.489687 0.539550 0.044250 0.091923
0 0.514062 0.517069 0.041250 0.039967
0 0.650000 0.522481 0.064500 0.060949
0 0.492500 0.502082 0.010500 0.013988
0 0.444688 0.519983 0.060750 0.064946
0 0.166563 0.505828 0.027750 0.038968
0 0.327500 0.502498 0.043500 0.042964
0 0.457813 0.485845 0.008250 0.018984
0 0.404062 0.558701 0.108750 0.193838
0 0.445000 0.487510 0.019500 0.026978
0 0.686562 0.486678 0.029250 0.028976
0 0.167813 0.475437 0.020250 0.019983
0 0.630938 0.486261 0.021750 0.047960
0 0.275000 0.507077 0.085500 0.101915
0 0.749062 0.498335 0.056250 0.084929
0 0.249062 0.467943 0.012750 0.011990
0 0.143437 0.487927 0.029250 0.063947
0 0.652188 0.475853 0.035250 0.038968
0 0.261562 0.462948 0.009750 0.015987
0 0.752500 0.465445 0.010500 0.023980
0 0.476875 0.476270 0.037500 0.051957
0 0.227187 0.471274 0.044250 0.041965
0 0.340625 0.466694 0.042000 0.032973
0 0.516875 0.450458 0.016500 0.007993
0 0.443125 0.460866 0.036000 0.032973
0 0.716250 0.473772 0.045000 0.065945
0 0.416250 0.469609 0.027000 0.059950
0 0.313125 0.470441 0.027000 0.063947
0 0.684063 0.454205 0.039750 0.028976
0 0.577812 0.450874 0.011250 0.022981
0 0.339687 0.450458 0.029250 0.025978
0 0.674375 0.444213 0.012000 0.012989
0 0.275313 0.445462 0.027750 0.023980
0 0.055313 0.454205 0.029250 0.066944
0 0.705625 0.433389 0.015000 0.020983
0 0.244688 0.442964 0.012750 0.043963
0 0.607187 0.424646 0.012750 0.013988
0 0.743437 0.443381 0.045750 0.066944
0 0.256563 0.426728 0.009750 0.028976
0 0.707500 0.416736 0.013500 0.016986
0 0.315312 0.402165 0.014250 0.009992
0 0.416250 0.419650 0.028500 0.053955
0 0.379375 0.437968 0.063000 0.103913
0 0.295312 0.400500 0.014250 0.013988
0 0.689063 0.399667 0.011250 0.015987
0 0.286562 0.420067 0.060750 0.064946
0 0.458125 0.415487 0.063000 0.055953
0 0.414062 0.397585 0.009750 0.018984
0 0.323125 0.390508 0.004500 0.017985
0 0.342813 0.408410 0.074250 0.062948
0 0.257812 0.387594 0.018750 0.020983
0 0.346875 0.380933 0.010500 0.012989
0 0.671250 0.407993 0.064500 0.079933
0 0.327500 0.375520 0.010500 0.013988
0 0.607500 0.416320 0.078000 0.115903
0 0.397813 0.384679 0.024750 0.043963
0 0.733750 0.402165 0.037500 0.087927
0 0.710625 0.385928 0.040500 0.052956
0 0.568125 0.375937 0.024000 0.028976
0 0.430937 0.377186 0.054750 0.041965
0 0.278438 0.380516 0.020250 0.053955
0 0.311875 0.361782 0.012000 0.010991
0 0.294375 0.377186 0.030000 0.047960
0 0.451562 0.362198 0.008250 0.015987
0 0.373125 0.359700 0.012000 0.019983
0 0.562500 0.466694 0.180000 0.284763
0 0.686250 0.359284 0.030000 0.030974
0 0.280313 0.350541 0.017250 0.009992
0 0.466250 0.367194 0.030000 0.055953
0 0.246562 0.352623 0.008250 0.020983
0 0.644687 0.350958 0.011250 0.026978
0 0.601562 0.350541 0.026250 0.037968
0 0.339062 0.353455 0.021750 0.046961
0 0.323750 0.342215 0.013500 0.019983
0 0.718437 0.347627 0.044250 0.036969
0 0.267188 0.341799 0.012750 0.022981
0 0.418125 0.340133 0.027000 0.020983
0 0.640625 0.371774 0.066000 0.110908
0 0.694063 0.330558 0.015750 0.019983
0 0.553125 0.387177 0.052500 0.157868
0 0.435937 0.328476 0.021750 0.022981
0 0.379375 0.355121 0.072000 0.090924
0 0.249062 0.342631 0.056250 0.102914
0 0.343750 0.307244 0.042000 0.025978
0 0.165625 0.311407 0.042000 0.041965
0 0.363438 0.297252 0.009750 0.019983
0 0.645938 0.311823 0.027750 0.056953
0 0.739062 0.306411 0.087750 0.075937
0 0.388125 0.288510 0.034500 0.034971
0 0.555312 0.317236 0.084750 0.107910
0 0.509687 0.275604 0.021750 0.009992
0 0.680625 0.305162 0.051000 0.092923
0 0.302500 0.302664 0.061500 0.086928
0 0.617500 0.287677 0.036000 0.056953
0 0.473438 0.272689 0.018750 0.020983
0 0.476250 0.312240 0.103500 0.115903
0 0.331250 0.275604 0.016500 0.027977
0 0.271875 0.281016 0.030000 0.040966
0 0.427812 0.290591 0.032250 0.065945
0 0.585000 0.276020 0.030000 0.042964
0 0.579063 0.247294 0.017250 0.027977
0 0.548438 0.255204 0.056250 0.046961
0 0.603437 0.245629 0.030750 0.029975
0 0.305625 0.258118 0.055500 0.081932
0 0.654375 0.236886 0.028500 0.038968
0 0.461562 0.228560 0.009750 0.018984
0 0.420312 0.228143 0.039750 0.017985
0 0.259375 0.251873 0.061500 0.088926
0 0.557187 0.221066 0.020250 0.030974
0 0.332813 0.225645 0.032250 0.045962
0 0.484063 0.239384 0.113250 0.088926
0 0.733125 0.246045 0.040500 0.108909
0 0.659062 0.203997 0.014250 0.019983
0 0.377500 0.262698 0.085500 0.164863
0 0.480938 0.192340 0.014250 0.007993
0 0.675312 0.203580 0.026250 0.048959
0 0.509062 0.189009 0.008250 0.013988
0 0.430000 0.191507 0.016500 0.021982
0 0.342500 0.186928 0.007500 0.012989
0 0.393125 0.208160 0.067500 0.067943
0 0.656875 0.194838 0.022500 0.051957
0 0.585625 0.181099 0.010500 0.020983
0 0.674687 0.177352 0.009750 0.013988
0 0.303125 0.199001 0.081000 0.071940
0 0.344062 0.171524 0.014250 0.019983
0 0.490625 0.196087 0.079500 0.088926
0 0.567813 0.157369 0.009750 0.011990
0 0.334688 0.153206 0.020250 0.013988
0 0.071875 0.163197 0.039000 0.037968
0 0.419375 0.163197 0.034500 0.039967
0 0.624062 0.150708 0.011250 0.015987
0 0.611250 0.148626 0.016500 0.016986
0 0.381875 0.170275 0.051000 0.068943
0 0.363750 0.149875 0.043500 0.019983
0 0.312812 0.152373 0.032250 0.025978
0 0.663750 0.155287 0.042000 0.040966
0 0.567500 0.139051 0.012000 0.011990
0 0.285313 0.166528 0.078750 0.085928
0 0.211250 0.156953 0.030000 0.062948
0 0.591250 0.149042 0.043500 0.049958
0 0.435000 0.134471 0.012000 0.016986
0 0.302187 0.129059 0.015750 0.021982
0 0.424063 0.125312 0.008250 0.030974
0 0.569063 0.125729 0.032250 0.039967
0 0.520625 0.117402 0.024000 0.041965
0 0.512813 0.109908 0.018750 0.029975
0 0.435625 0.101998 0.006000 0.012989
0 0.578438 0.096586 0.015750 0.013988
0 0.651563 0.116570 0.029250 0.063947
0 0.404062 0.116986 0.063750 0.064946
0 0.720000 0.109908 0.037500 0.051957
0 0.379375 0.092423 0.012000 0.011990
0 0.616875 0.107827 0.051000 0.056953
0 0.265625 0.103247 0.031500 0.055953
0 0.524687 0.085762 0.026250 0.023980
0 0.319063 0.084097 0.030750 0.023980
0 0.440000 0.088676 0.010500 0.040966
0 0.540625 0.152373 0.253500 0.209825
0 0.454062 0.071191 0.012750 0.016986
0 0.337813 0.075770 0.009750 0.027977
0 0.363750 0.079517 0.028500 0.038968
0 0.318750 0.067027 0.015000 0.014988
0 0.596875 0.076187 0.037500 0.042964
0 0.554375 0.080350 0.052500 0.064946
0 0.484375 0.068276 0.054000 0.035970
0 0.395000 0.063281 0.042000 0.035970
0 0.724688 0.069109 0.035250 0.053955
0 0.433125 0.048709 0.043500 0.036969
0 0.519375 0.055787 0.052500 0.073938
0 0.325937 0.040383 0.036750 0.048959
0 0.674375 0.039550 0.024000 0.060949
