0 0.449609 0.792708 0.019688 0.022500
0 0.743125 0.868125 0.513750 0.263750
0 0.283203 0.782292 0.021562 0.022500
0 0.439063 0.773438 0.015000 0.013750
0 0.405859 0.766667 0.015938 0.017500
0 0.427734 0.742708 0.015938 0.012500
0 0.491406 0.741146 0.035625 0.018750
0 0.424609 0.736458 0.049687 0.025000
0 0.548438 0.731250 0.026250 0.022500
0 0.482031 0.729688 0.026250 0.028750
0 0.417578 0.720833 0.027187 0.015000
0 0.500781 0.720833 0.013125 0.017500
0 0.573047 0.716146 0.032813 0.021250
0 0.437891 0.712500 0.023438 0.015000
0 0.407031 0.703646 0.030000 0.018750
0 0.509766 0.700521 0.021562 0.016250
0 0.525391 0.712500 0.044062 0.047500
0 0.585547 0.694271 0.021562 0.011250
0 0.608203 0.695833 0.019688 0.020000
0 0.391406 0.691667 0.022500 0.025000
0 0.680859 0.684375 0.017813 0.010000
0 0.444141 0.691146 0.012188 0.028750
0 0.458984 0.684375 0.017813 0.025000
0 0.557031 0.684375 0.030000 0.030000
0 0.373437 0.681250 0.020625 0.022500
0 0.417187 0.675521 0.013125 0.013750
0 0.318359 0.671354 0.025312 0.016250
0 0.592578 0.675521 0.015938 0.028750
0 0.503906 0.669271 0.016875 0.016250
0 0.482031 0.668229 0.022500 0.016250
0 0.673828 0.660937 0.017813 0.011250
0 0.441016 0.656250 0.015938 0.020000
0 0.411328 0.654687 0.017813 0.016250
0 0.457031 0.659375 0.020625 0.030000
0 0.533203 0.659896 0.010312 0.033750
0 0.563281 0.654687 0.031875 0.023750
0 0.521094 0.657813 0.026250 0.031250
0 0.607031 0.651563 0.035625 0.023750
0 0.364453 0.647917 0.029062 0.015000
0 0.428125 0.638542 0.028125 0.015000
0 0.399219 0.641667 0.033750 0.027500
0 0.064687 0.775625 0.129375 0.448750
0 0.592969 0.631771 0.045000 0.021250
0 0.476562 0.634896 0.013125 0.031250
0 0.522656 0.633333 0.041250 0.040000
0 0.354687 0.622917 0.018750 0.015000
0 0.611328 0.619792 0.015938 0.012500
0 0.633984 0.619792 0.017813 0.020000
0 0.589844 0.611458 0.018750 0.010000
0 0.556250 0.627604 0.033750 0.051250
0 0.367969 0.612500 0.020625 0.017500
0 0.385937 0.607812 0.015000 0.013750
0 0.410156 0.604688 0.011250 0.011250
0 0.230859 0.608854 0.017813 0.021250
0 0.503125 0.617188 0.026250 0.043750
0 0.482812 0.605208 0.020625 0.015000
0 0.467187 0.602604 0.015000 0.016250
0 0.448047 0.603125 0.027187 0.027500
0 0.525781 0.602083 0.028125 0.027500
0 0.573828 0.594792 0.015938 0.015000
0 0.547266 0.590625 0.017813 0.010000
0 0.488281 0.590625 0.015000 0.012500
0 0.371875 0.587500 0.018750 0.025000
0 0.564453 0.578646 0.021562 0.016250
0 0.592578 0.582292 0.017813 0.027500
0 0.526172 0.581771 0.064687 0.031250
0 0.462109 0.577604 0.012188 0.023750
0 0.410156 0.578646 0.048750 0.026250
0 0.632031 0.573958 0.026250 0.017500
0 0.365234 0.570833 0.015938 0.012500
0 0.474609 0.572917 0.014063 0.025000
0 0.660156 0.567187 0.013125 0.016250
0 0.489453 0.562500 0.015938 0.012500
0 0.421875 0.551042 0.016875 0.012500
0 0.348828 0.551562 0.029062 0.016250
0 0.677344 0.548958 0.028125 0.015000
0 0.453906 0.547396 0.015000 0.013750
0 0.541016 0.546354 0.012188 0.016250
0 0.401953 0.544271 0.025312 0.013750
0 0.574219 0.538542 0.015000 0.015000
0 0.487891 0.541667 0.017813 0.027500
0 0.359766 0.535937 0.032813 0.018750
0 0.666406 0.536979 0.024375 0.028750
0 0.512109 0.544792 0.023438 0.057500
0 0.648047 0.527083 0.027187 0.017500
0 0.389062 0.520833 0.028125 0.015000
0 0.535156 0.526563 0.020625 0.031250
0 0.607422 0.518750 0.030937 0.027500
0 0.366406 0.511979 0.015000 0.016250
0 0.503125 0.520312 0.013125 0.038750
0 0.415234 0.502083 0.019688 0.010000
0 0.634375 0.501042 0.018750 0.015000
0 0.345703 0.507812 0.036562 0.031250
0 0.395703 0.493229 0.015938 0.013750
0 0.376172 0.493750 0.012188 0.020000
0 0.601172 0.493750 0.014063 0.022500
0 0.651563 0.492708 0.009375 0.027500
0 0.564063 0.491667 0.058125 0.040000
0 0.342969 0.488542 0.028125 0.035000
0 0.531250 0.481250 0.018750 0.022500
0 0.413281 0.480208 0.026250 0.022500
0 0.613281 0.472396 0.024375 0.013750
0 0.479297 0.473958 0.017813 0.020000
0 0.434375 0.479167 0.035625 0.037500
0 0.507031 0.472917 0.037500 0.027500
0 0.592187 0.467708 0.018750 0.022500
0 0.236328 0.466146 0.023438 0.028750
0 0.336328 0.462500 0.029062 0.022500
0 0.394531 0.466667 0.041250 0.037500
0 0.464062 0.452083 0.024375 0.017500
0 0.558594 0.453646 0.018750 0.026250
0 0.489453 0.450521 0.030937 0.028750
0 0.385937 0.443750 0.018750 0.020000
0 0.633594 0.445312 0.016875 0.031250
0 0.472266 0.436458 0.030937 0.015000
0 0.437891 0.440625 0.027187 0.027500
0 0.527344 0.445312 0.016875 0.041250
0 0.650781 0.435937 0.022500 0.028750
0 0.412109 0.436458 0.038437 0.030000
0 0.505469 0.429167 0.024375 0.017500
0 0.609375 0.428125 0.015000 0.032500
0 0.336719 0.429167 0.030000 0.035000
0 0.448828 0.418229 0.012188 0.013750
0 0.639062 0.418229 0.016875 0.018750
0 0.392969 0.415625 0.026250 0.012500
0 0.361328 0.434896 0.021562 0.058750
0 0.564453 0.421875 0.019688 0.030000
0 0.551953 0.415625 0.014063 0.015000
0 0.428516 0.411979 0.019688 0.011250
0 0.463672 0.415625 0.010312 0.025000
0 0.529687 0.412500 0.009375 0.025000
0 0.591016 0.407813 0.014063 0.016250
0 0.540625 0.407292 0.015000 0.017500
0 0.651172 0.406771 0.027187 0.023750
0 0.507812 0.400521 0.009375 0.018750
0 0.499219 0.404167 0.009375 0.032500
0 0.488281 0.401042 0.013125 0.025000
0 0.600000 0.418229 0.041250 0.071250
0 0.473047 0.395313 0.014063 0.016250
0 0.348828 0.397917 0.025312 0.022500
0 0.437109 0.392188 0.017813 0.018750
0 0.311328 0.390104 0.029062 0.013750
0 0.528125 0.393750 0.016875 0.027500
0 0.544531 0.388021 0.016875 0.021250
0 0.635156 0.394792 0.028125 0.040000
0 0.598828 0.387500 0.006563 0.022500
0 0.449609 0.379167 0.015938 0.007500
0 0.330859 0.379688 0.021562 0.021250
0 0.505469 0.373958 0.026250 0.032500
0 0.389844 0.372396 0.033750 0.033750
0 0.350000 0.367708 0.011250 0.022500
0 0.476953 0.367708 0.015938 0.027500
0 0.428125 0.361458 0.018750 0.012500
0 0.495703 0.364583 0.027187 0.022500
0 0.364844 0.363542 0.016875 0.020000
0 0.628125 0.362500 0.058125 0.032500
0 0.600000 0.363021 0.015000 0.036250
0 0.392969 0.353646 0.016875 0.013750
0 0.562891 0.371354 0.021562 0.061250
0 0.584375 0.352083 0.026250 0.027500
0 0.409375 0.348958 0.013125 0.020000
0 0.483594 0.345833 0.031875 0.020000
0 0.332422 0.352604 0.045937 0.038750
0 0.633594 0.341146 0.015000 0.013750
0 0.606250 0.336979 0.022500 0.011250
0 0.453125 0.349479 0.022500 0.043750
0 0.378516 0.342708 0.027187 0.027500
0 0.435937 0.337500 0.020625 0.020000
0 0.557422 0.345833 0.045937 0.055000
0 0.590234 0.329167 0.030937 0.017500
0 0.414844 0.323958 0.020625 0.010000
0 0.510938 0.322917 0.024375 0.015000
0 0.469531 0.328125 0.011250 0.030000
0 0.544922 0.321354 0.014063 0.023750
0 0.448047 0.317708 0.015938 0.015000
0 0.625000 0.331250 0.020625 0.062500
0 0.596484 0.313021 0.036562 0.021250
0 0.668359 0.308854 0.019688 0.013750
0 0.381641 0.303646 0.015938 0.013750
0 0.357031 0.308333 0.022500 0.030000
0 0.397656 0.300000 0.016875 0.012500
0 0.562500 0.307292 0.039375 0.040000
0 0.413281 0.301042 0.015000 0.032500
0 0.470703 0.298438 0.027187 0.031250
0 0.607031 0.286458 0.028125 0.032500
0 0.437500 0.295833 0.039375 0.065000
0 0.393359 0.275000 0.045937 0.022500
0 0.568359 0.273438 0.025312 0.021250
0 0.517578 0.267708 0.010312 0.020000
0 0.421094 0.264583 0.018750 0.015000
0 0.364063 0.273958 0.020625 0.040000
0 0.529687 0.280208 0.026250 0.060000
0 0.460156 0.261458 0.024375 0.015000
0 0.436328 0.266146 0.010312 0.026250
0 0.585547 0.270833 0.059062 0.045000
0 0.482812 0.263021 0.020625 0.031250
0 0.383984 0.255729 0.019688 0.016250
0 0.570703 0.250000 0.017813 0.015000
0 0.473047 0.247917 0.014063 0.020000
0 0.551562 0.255729 0.026250 0.041250
0 0.422656 0.242188 0.016875 0.016250
0 0.520312 0.240625 0.007500 0.030000
0 0.404687 0.235417 0.013125 0.022500
0 0.437891 0.237500 0.017813 0.032500
0 0.532813 0.236458 0.020625 0.032500
0 0.462500 0.236458 0.024375 0.032500
0 0.494531 0.242708 0.045000 0.050000
0 0.368359 0.236458 0.015938 0.045000
0 0.506250 0.226042 0.022500 0.025000
0 0.385547 0.228646 0.027187 0.038750
0 0.584375 0.220312 0.026250 0.026250
0 0.420703 0.211458 0.015938 0.012500
0 0.457813 0.214062 0.035625 0.021250
0 0.405469 0.211458 0.016875 0.032500
0 0.434766 0.208333 0.015938 0.032500
0 0.380859 0.207292 0.019688 0.042500
0 0.475391 0.196354 0.029062 0.018750
0 0.451172 0.193229 0.021562 0.028750
0 0.415625 0.181250 0.026250 0.035000
0 0.600391 0.177083 0.019688 0.035000
0 0.471875 0.170313 0.031875 0.028750
0 0.624219 0.143750 0.022500 0.012500
0 0.574609 0.135417 0.023438 0.032500
0 0.935312 0.224375 0.129375 0.448750
0 0.257344 0.131875 0.514687 0.263750
