0 0.646250 0.932500 0.177000 0.135000
0 0.067500 0.710000 0.135000 0.192000
0 0.950500 0.637500 0.099000 0.096000
0 0.425000 0.611250 0.156000 0.171000
0 0.533750 0.598750 0.093000 0.171000
0 0.501250 0.556250 0.069000 0.135000
0 0.898000 0.516250 0.204000 0.177000
0 0.665000 0.358750 0.078000 0.039000
0 0.805000 0.358750 0.048000 0.075000
0 0.798750 0.312500 0.033000 0.060000
0 0.763000 0.366250 0.474000 0.285000
0 0.773750 0.232500 0.189000 0.102000
0 0.968500 0.210000 0.063000 0.084000
0 0.953500 0.221250 0.093000 0.165000
0 0.858750 0.118750 0.069000 0.081000
0 0.805000 0.133750 0.270000 0.141000
0 0.751250 0.088750 0.087000 0.045000
0 0.235000 0.122500 0.180000 0.126000
0 0.815000 0.082500 0.036000 0.060000
0 0.575000 0.060000 0.060000 0.054000
0 0.842500 0.037500 0.060000 0.042000
0 0.668750 0.085000 0.093000 0.168000
0 0.943000 0.079500 0.114000 0.159000
0 0.888750 0.039000 0.051000 0.078000
0 0.762500 0.034500 0.126000 0.069000
0 0.541250 0.099000 0.213000 0.198000
