0 0.158750 0.495000 0.051000 0.060000
0 0.062500 0.477500 0.060000 0.060000
0 0.212500 0.442500 0.036000 0.072000
0 0.065000 0.417500 0.048000 0.054000
0 0.178750 0.405000 0.027000 0.054000
0 0.141250 0.390000 0.051000 0.036000
0 0.091250 0.381250 0.063000 0.021000
0 0.101250 0.347500 0.075000 0.054000
0 0.358750 0.338750 0.033000 0.057000
0 0.276250 0.385000 0.087000 0.174000
0 0.166250 0.328750 0.069000 0.075000
0 0.507500 0.295000 0.048000 0.024000
0 0.035000 0.298750 0.030000 0.057000
0 0.353750 0.286250 0.063000 0.081000
0 0.567500 0.240000 0.036000 0.054000
0 0.455000 0.258750 0.066000 0.111000
0 0.175000 0.237500 0.036000 0.060000
0 0.387500 0.228750 0.072000 0.063000
0 0.275000 0.208750 0.060000 0.057000
0 0.045000 0.205000 0.072000 0.072000
0 0.531250 0.191250 0.069000 0.063000
0 0.377500 0.161250 0.042000 0.081000
0 0.270000 0.157500 0.072000 0.072000
0 0.035000 0.143750 0.036000 0.039000
0 0.561250 0.145000 0.105000 0.084000
0 0.408750 0.127500 0.033000 0.054000
0 0.512500 0.125000 0.024000 0.060000
0 0.177500 0.111250 0.030000 0.051000
0 0.558750 0.103750 0.063000 0.045000
0 0.085000 0.100000 0.066000 0.096000
0 0.345000 0.068750 0.036000 0.051000
0 0.347500 0.027000 0.024000 0.054000
0 0.178750 0.037500 0.051000 0.075000
