0 0.296484 0.965104 0.014063 0.051250
0 0.458203 0.908333 0.010312 0.017500
0 0.479687 0.909896 0.026250 0.028750
0 0.310156 0.896875 0.033750 0.045000
0 0.467969 0.875000 0.035625 0.025000
0 0.362500 0.872396 0.011250 0.018750
0 0.501172 0.865104 0.027187 0.036250
0 0.419531 0.850521 0.033750 0.018750
0 0.276953 0.853646 0.025312 0.026250
0 0.551562 0.860938 0.028125 0.053750
0 0.326172 0.846875 0.023438 0.030000
0 0.380469 0.847917 0.026250 0.052500
0 0.486328 0.837500 0.051562 0.045000
0 0.540234 0.823438 0.021562 0.013750
0 0.519141 0.835938 0.019688 0.046250
0 0.447656 0.830729 0.030000 0.033750
0 0.179297 0.815104 0.029062 0.018750
0 0.351953 0.831250 0.032813 0.065000
0 0.562500 0.814583 0.020625 0.040000
0 0.325000 0.813021 0.037500 0.041250
0 0.305469 0.799479 0.022500 0.013750
0 0.231641 0.795833 0.014063 0.012500
0 0.312500 0.814063 0.056250 0.063750
0 0.484766 0.801562 0.019688 0.036250
0 0.514062 0.801562 0.018750 0.038750
0 0.463672 0.798438 0.015938 0.033750
0 0.271875 0.809896 0.045000 0.066250
0 0.424609 0.807292 0.027187 0.062500
0 0.598437 0.805208 0.020625 0.062500
0 0.398047 0.792708 0.014063 0.037500
0 0.380078 0.796875 0.023438 0.055000
0 0.533984 0.779687 0.023438 0.028750
0 0.559766 0.778646 0.014063 0.036250
0 0.448047 0.782292 0.027187 0.050000
0 0.478516 0.769271 0.038437 0.023750
0 0.279297 0.769792 0.055313 0.030000
0 0.339453 0.771875 0.045937 0.040000
0 0.585938 0.778646 0.035625 0.061250
0 0.471875 0.755208 0.018750 0.010000
0 0.371875 0.767188 0.024375 0.041250
0 0.388281 0.755208 0.013125 0.017500
0 0.225000 0.750521 0.020625 0.023750
0 0.513281 0.754167 0.013125 0.040000
0 0.319531 0.750000 0.035625 0.032500
0 0.288672 0.748437 0.042188 0.028750
0 0.611328 0.759375 0.019688 0.060000
0 0.264062 0.740104 0.033750 0.016250
0 0.362891 0.740625 0.014063 0.020000
0 0.534375 0.742708 0.026250 0.027500
0 0.585547 0.741667 0.029062 0.030000
0 0.458203 0.736979 0.027187 0.031250
0 0.417969 0.734375 0.016875 0.032500
0 0.354297 0.732812 0.017813 0.038750
0 0.178125 0.830000 0.356250 0.340000
0 0.325781 0.725000 0.018750 0.030000
0 0.615234 0.717187 0.023438 0.016250
0 0.564063 0.722917 0.039375 0.030000
0 0.217188 0.721875 0.041250 0.032500
0 0.441797 0.707292 0.023438 0.012500
0 0.397266 0.714583 0.044062 0.037500
0 0.589844 0.706771 0.016875 0.026250
0 0.422266 0.706250 0.010312 0.027500
0 0.292578 0.709375 0.042188 0.047500
0 0.376563 0.694271 0.022500 0.016250
0 0.249219 0.701042 0.039375 0.045000
0 0.492578 0.684896 0.017813 0.026250
0 0.540625 0.692187 0.020625 0.051250
0 0.346875 0.694271 0.028125 0.063750
0 0.503906 0.710417 0.039375 0.112500
0 0.397266 0.674479 0.044062 0.026250
0 0.564844 0.677604 0.022500 0.036250
0 0.318750 0.678646 0.020625 0.048750
0 0.196094 0.669271 0.031875 0.026250
0 0.585156 0.667708 0.020625 0.030000
0 0.270703 0.689063 0.021562 0.086250
0 0.535937 0.658854 0.030000 0.018750
0 0.443359 0.662500 0.030937 0.037500
0 0.215625 0.674479 0.037500 0.073750
0 0.377344 0.652083 0.018750 0.022500
0 0.183594 0.636979 0.020625 0.011250
0 0.418359 0.645833 0.036562 0.037500
0 0.326953 0.648438 0.017813 0.043750
0 0.228516 0.634375 0.015938 0.012500
0 0.619922 0.649479 0.027187 0.051250
0 0.206250 0.639583 0.028125 0.035000
0 0.505469 0.643750 0.028125 0.050000
0 0.195312 0.627604 0.013125 0.011250
0 0.346094 0.634375 0.024375 0.032500
0 0.278125 0.632812 0.018750 0.031250
0 0.479687 0.644271 0.035625 0.068750
0 0.403516 0.637500 0.034687 0.055000
0 0.253516 0.642708 0.027187 0.072500
0 0.579297 0.618229 0.025312 0.016250
0 0.496875 0.622917 0.007500 0.027500
0 0.232422 0.619271 0.012188 0.018750
0 0.369922 0.623437 0.023438 0.033750
0 0.244141 0.622917 0.010312 0.032500
0 0.444531 0.626563 0.022500 0.046250
0 0.540234 0.618750 0.021562 0.035000
0 0.347656 0.607812 0.016875 0.023750
0 0.514062 0.607812 0.026250 0.033750
0 0.565625 0.603646 0.020625 0.026250
0 0.500391 0.598437 0.010312 0.023750
0 0.482422 0.601042 0.023438 0.030000
0 0.332422 0.600000 0.019688 0.030000
0 0.397266 0.597917 0.012188 0.030000
0 0.296875 0.593750 0.015000 0.022500
0 0.212109 0.602083 0.021562 0.047500
0 0.540234 0.585938 0.012188 0.013750
0 0.198437 0.597396 0.015000 0.051250
0 0.718281 0.745000 0.563437 0.510000
0 0.448828 0.586979 0.023438 0.028750
0 0.310937 0.613542 0.033750 0.092500
0 0.345703 0.579688 0.015938 0.013750
0 0.276172 0.587500 0.021562 0.035000
0 0.180859 0.583854 0.029062 0.028750
0 0.560156 0.584896 0.030000 0.041250
0 0.249219 0.577604 0.009375 0.026250
0 0.665625 0.572917 0.024375 0.017500
0 0.223828 0.574479 0.010312 0.021250
0 0.603125 0.573958 0.020625 0.035000
0 0.526563 0.575000 0.013125 0.037500
0 0.498437 0.572396 0.024375 0.031250
0 0.639062 0.580729 0.039375 0.061250
0 0.623437 0.563542 0.015000 0.032500
0 0.426172 0.574479 0.021562 0.058750
0 0.397266 0.555729 0.034687 0.033750
0 0.532422 0.547396 0.012188 0.016250
0 0.236719 0.548958 0.037500 0.022500
0 0.215625 0.547396 0.016875 0.021250
0 0.456250 0.552083 0.018750 0.040000
0 0.289062 0.539062 0.018750 0.021250
0 0.608203 0.537500 0.010312 0.020000
0 0.508594 0.539583 0.026250 0.025000
0 0.328125 0.546354 0.050625 0.043750
0 0.267969 0.546354 0.026250 0.043750
0 0.388281 0.535417 0.020625 0.020000
0 0.555078 0.542188 0.034687 0.041250
0 0.180469 0.540104 0.013125 0.043750
0 0.408203 0.529167 0.017813 0.025000
0 0.366406 0.543229 0.020625 0.061250
0 0.623047 0.522396 0.034687 0.016250
0 0.589063 0.525521 0.031875 0.028750
0 0.443359 0.528125 0.042188 0.035000
0 0.202734 0.518229 0.029062 0.028750
0 0.663672 0.526563 0.066562 0.058750
0 0.321094 0.505729 0.028125 0.021250
0 0.253125 0.512500 0.020625 0.037500
0 0.645703 0.500000 0.029062 0.015000
0 0.426953 0.509896 0.023438 0.041250
0 0.559375 0.508854 0.037500 0.041250
0 0.493359 0.506250 0.036562 0.060000
0 0.584375 0.486458 0.018750 0.015000
0 0.385547 0.494271 0.040313 0.038750
0 0.407813 0.484896 0.011250 0.023750
0 0.181250 0.486979 0.039375 0.031250
0 0.527734 0.496875 0.049687 0.060000
0 0.355469 0.490104 0.026250 0.046250
0 0.278906 0.474479 0.018750 0.013750
0 0.291797 0.490625 0.062812 0.062500
0 0.426953 0.476042 0.027187 0.037500
0 0.449219 0.466146 0.024375 0.016250
0 0.136328 0.469792 0.040313 0.030000
0 0.561719 0.469792 0.020625 0.035000
0 0.396484 0.460417 0.012188 0.032500
0 0.619141 0.452604 0.012188 0.016250
0 0.310547 0.454167 0.017813 0.027500
0 0.545312 0.458333 0.045000 0.040000
0 0.163672 0.472917 0.055313 0.077500
0 0.247266 0.481250 0.060937 0.122500
0 0.218750 0.441146 0.018750 0.031250
0 0.612109 0.466667 0.090937 0.100000
0 0.158203 0.435937 0.017813 0.026250
0 0.376563 0.443750 0.039375 0.057500
0 0.312891 0.423958 0.008437 0.022500
0 0.287109 0.429167 0.027187 0.035000
0 0.521094 0.443750 0.039375 0.072500
0 0.491016 0.444271 0.053437 0.073750
0 0.639844 0.419271 0.022500 0.018750
0 0.557422 0.425000 0.040313 0.032500
0 0.447656 0.421875 0.018750 0.025000
0 0.423828 0.429688 0.015938 0.053750
0 0.622656 0.420833 0.016875 0.037500
0 0.135937 0.413021 0.016875 0.018750
0 0.639844 0.405208 0.016875 0.012500
0 0.237891 0.415104 0.017813 0.038750
0 0.541797 0.401562 0.019688 0.013750
0 0.199609 0.410938 0.040313 0.036250
0 0.469141 0.400521 0.010312 0.016250
0 0.337500 0.427083 0.043125 0.080000
0 0.481641 0.419792 0.032813 0.067500
0 0.517969 0.400521 0.026250 0.023750
0 0.572656 0.396354 0.018750 0.028750
0 0.335547 0.397917 0.025312 0.035000
0 0.147656 0.392708 0.007500 0.025000
0 0.300391 0.395313 0.040313 0.036250
0 0.538672 0.383333 0.010312 0.017500
0 0.452344 0.387500 0.011250 0.032500
0 0.288672 0.379167 0.012188 0.012500
0 0.603906 0.375521 0.024375 0.011250
0 0.475391 0.381771 0.006563 0.026250
0 0.349219 0.374479 0.018750 0.008750
0 0.555469 0.382292 0.013125 0.030000
0 0.378906 0.397917 0.043125 0.070000
0 0.626172 0.382812 0.025312 0.056250
0 0.491797 0.368750 0.023438 0.022500
0 0.254297 0.377083 0.023438 0.047500
0 0.773438 0.367188 0.026250 0.026250
0 0.324609 0.364583 0.032813 0.022500
0 0.296484 0.363021 0.027187 0.021250
0 0.426563 0.372396 0.035625 0.053750
0 0.585156 0.360417 0.020625 0.030000
0 0.211719 0.356771 0.018750 0.023750
0 0.553906 0.358854 0.037500 0.031250
0 0.458203 0.353125 0.021562 0.027500
0 0.403516 0.345833 0.019688 0.027500
0 0.280078 0.346354 0.019688 0.028750
0 0.628125 0.349479 0.018750 0.041250
0 0.731641 0.340104 0.019688 0.026250
0 0.320312 0.337500 0.028125 0.032500
0 0.532031 0.333333 0.033750 0.025000
0 0.255078 0.331250 0.027187 0.022500
0 0.501563 0.331250 0.028125 0.025000
0 0.477344 0.331250 0.022500 0.032500
0 0.311719 0.325000 0.013125 0.017500
0 0.582031 0.320833 0.022500 0.017500
0 0.560547 0.327083 0.014063 0.032500
0 0.192578 0.317708 0.015938 0.010000
0 0.424609 0.326562 0.019688 0.046250
0 0.344531 0.314063 0.030000 0.018750
0 0.402344 0.310937 0.020625 0.016250
0 0.289453 0.316146 0.014063 0.028750
0 0.358594 0.328125 0.075000 0.060000
0 0.442578 0.314583 0.017813 0.037500
0 0.496875 0.300000 0.018750 0.017500
0 0.605469 0.298958 0.041250 0.032500
0 0.474609 0.291146 0.021562 0.023750
0 0.244531 0.309375 0.076875 0.070000
0 0.413281 0.285417 0.020625 0.017500
0 0.287500 0.282813 0.016875 0.011250
0 0.432422 0.280729 0.019688 0.031250
0 0.526563 0.284375 0.046875 0.042500
0 0.113281 0.271875 0.026250 0.017500
0 0.223828 0.277604 0.051562 0.041250
0 0.581250 0.270313 0.022500 0.031250
0 0.311328 0.274479 0.019688 0.051250
0 0.183594 0.264062 0.011250 0.026250
0 0.370312 0.287500 0.056250 0.097500
0 0.248828 0.249479 0.012188 0.016250
0 0.630469 0.261979 0.028125 0.053750
0 0.692969 0.248958 0.035625 0.035000
0 0.514062 0.244792 0.015000 0.025000
0 0.348438 0.265104 0.058125 0.076250
0 0.466016 0.263021 0.055313 0.073750
0 0.453906 0.247917 0.030000 0.037500
0 0.564453 0.263021 0.036562 0.076250
0 0.382422 0.236979 0.014063 0.038750
0 0.406641 0.238021 0.023438 0.046250
0 0.547656 0.235417 0.020625 0.042500
0 0.244141 0.236979 0.019688 0.048750
0 0.221484 0.220312 0.021562 0.011250
0 0.578906 0.217188 0.015000 0.011250
0 0.148438 0.218750 0.015000 0.020000
0 0.203906 0.230208 0.020625 0.055000
0 0.291016 0.240625 0.051562 0.087500
0 0.444922 0.218750 0.023438 0.045000
0 0.483984 0.207292 0.042188 0.032500
0 0.353516 0.221875 0.066562 0.075000
0 0.291797 0.206250 0.045937 0.052500
0 0.590234 0.190625 0.025312 0.030000
0 0.352734 0.186458 0.015938 0.020000
0 0.403125 0.191667 0.033750 0.035000
0 0.226953 0.187500 0.010312 0.025000
0 0.464453 0.185938 0.021562 0.033750
0 0.439844 0.192188 0.030000 0.053750
0 0.526563 0.182812 0.043125 0.053750
0 0.297266 0.165104 0.023438 0.016250
0 0.569141 0.163542 0.034687 0.017500
0 0.411328 0.154688 0.017813 0.011250
0 0.525781 0.152604 0.018750 0.011250
0 0.360156 0.158333 0.031875 0.042500
0 0.388281 0.146875 0.031875 0.017500
0 0.543750 0.143750 0.018750 0.025000
0 0.433203 0.149479 0.032813 0.043750
0 0.771484 0.144792 0.010312 0.037500
0 0.296094 0.155208 0.138750 0.070000
0 0.504297 0.139583 0.047812 0.040000
0 0.455469 0.136979 0.015000 0.046250
0 0.416797 0.122396 0.034687 0.016250
0 0.475000 0.134375 0.016875 0.047500
0 0.278125 0.120313 0.015000 0.013750
0 0.561719 0.118229 0.020625 0.026250
0 0.312891 0.113542 0.010312 0.027500
0 0.464844 0.104167 0.028125 0.020000
0 0.530859 0.106771 0.030937 0.046250
0 0.636719 0.100521 0.033750 0.036250
0 0.514062 0.097396 0.024375 0.036250
0 0.430078 0.093229 0.038437 0.031250
0 0.385156 0.094271 0.063750 0.063750
0 0.350391 0.071875 0.017813 0.017500
0 0.489844 0.089583 0.039375 0.065000
0 0.468750 0.073438 0.048750 0.028750
0 0.525391 0.064062 0.017813 0.021250
0 0.472656 0.054167 0.024375 0.017500
0 0.402344 0.054167 0.020625 0.017500
0 0.380859 0.051042 0.025312 0.030000
0 0.498047 0.047396 0.019688 0.036250
0 0.440625 0.052083 0.052500 0.055000
0 0.451172 0.013542 0.027187 0.025000
0 0.864062 0.130000 0.271875 0.260000
0 0.562500 0.010625 0.018750 0.021250
0 0.501953 0.010000 0.019688 0.020000
0 0.159844 0.144375 0.319688 0.288750
