0 0.472500 0.991000 0.036000 0.018000
0 0.962500 0.986500 0.048000 0.027000
0 0.182500 0.985000 0.042000 0.024000
0 0.361250 0.983500 0.045000 0.033000
0 0.627500 0.965500 0.072000 0.069000
0 0.400000 0.965500 0.060000 0.069000
0 0.715000 0.959500 0.132000 0.081000
0 0.755000 0.953750 0.072000 0.057000
0 0.867500 0.949000 0.180000 0.102000
0 0.183750 0.933750 0.051000 0.063000
0 0.875000 0.925000 0.030000 0.048000
0 0.372500 0.918750 0.042000 0.033000
0 0.677500 0.917500 0.030000 0.042000
0 0.980500 0.911250 0.039000 0.051000
0 0.598750 0.925000 0.087000 0.084000
0 0.698750 0.881250 0.165000 0.063000
0 0.058750 0.866250 0.039000 0.045000
0 0.425000 0.863750 0.054000 0.069000
0 0.380000 0.847500 0.042000 0.054000
0 0.126000 0.893500 0.252000 0.213000
0 0.722500 0.833750 0.042000 0.033000
0 0.493750 0.833750 0.039000 0.039000
0 0.121250 0.857500 0.099000 0.096000
0 0.025500 0.832500 0.051000 0.066000
0 0.980500 0.843750 0.039000 0.099000
0 0.728750 0.780000 0.033000 0.030000
0 0.307500 0.857500 0.264000 0.285000
0 0.132500 0.793750 0.234000 0.123000
0 0.687500 0.783750 0.084000 0.117000
0 0.363750 0.751250 0.033000 0.045000
0 0.021000 0.757500 0.042000 0.066000
0 0.910000 0.736250 0.060000 0.063000
0 0.037500 0.725000 0.066000 0.060000
0 0.861250 0.708750 0.051000 0.057000
0 0.471250 0.811000 0.303000 0.378000
0 0.461250 0.726250 0.063000 0.111000
0 0.818750 0.690000 0.033000 0.042000
0 0.566250 0.682500 0.093000 0.042000
0 0.771250 0.670000 0.063000 0.054000
0 0.800000 0.655000 0.030000 0.030000
0 0.062500 0.652500 0.036000 0.048000
0 0.785500 0.784000 0.429000 0.432000
0 0.786250 0.643750 0.057000 0.045000
0 0.440000 0.638750 0.096000 0.045000
0 0.022500 0.633750 0.045000 0.039000
0 0.107500 0.646250 0.072000 0.087000
0 0.214500 0.700000 0.429000 0.240000
0 0.730000 0.636250 0.042000 0.105000
0 0.332500 0.628750 0.120000 0.123000
0 0.907500 0.595000 0.048000 0.048000
0 0.841250 0.595000 0.027000 0.060000
0 0.195000 0.575000 0.066000 0.054000
0 0.540000 0.545000 0.042000 0.030000
0 0.036000 0.572500 0.072000 0.156000
0 0.305000 0.561250 0.192000 0.141000
0 0.705000 0.500000 0.048000 0.036000
0 0.648750 0.497500 0.063000 0.030000
0 0.398750 0.500000 0.051000 0.036000
0 0.788750 0.491250 0.069000 0.051000
0 0.278750 0.458750 0.033000 0.021000
0 0.232500 0.507500 0.156000 0.144000
0 0.082500 0.465000 0.042000 0.066000
0 0.016500 0.455000 0.033000 0.042000
0 0.787500 0.435000 0.048000 0.060000
0 0.063000 0.497500 0.126000 0.240000
0 0.776250 0.398750 0.039000 0.027000
0 0.382500 0.392500 0.054000 0.030000
0 0.250000 0.415000 0.054000 0.084000
0 0.751250 0.378750 0.033000 0.045000
0 0.093750 0.375000 0.063000 0.036000
0 0.418750 0.388750 0.051000 0.075000
0 0.416250 0.348750 0.057000 0.027000
0 0.345000 0.386250 0.108000 0.129000
0 0.245000 0.362500 0.066000 0.072000
0 0.130000 0.357500 0.042000 0.072000
0 0.601000 0.618750 0.798000 0.705000
0 0.295000 0.370000 0.084000 0.132000
0 0.168750 0.330000 0.045000 0.036000
0 0.061500 0.366250 0.123000 0.123000
0 0.191250 0.373750 0.117000 0.195000
0 0.488750 0.331250 0.153000 0.135000
0 0.151250 0.283750 0.087000 0.069000
0 0.050000 0.266250 0.030000 0.033000
0 0.620000 0.307500 0.144000 0.138000
0 0.481250 0.263750 0.039000 0.033000
0 0.205000 0.267500 0.030000 0.048000
0 0.553750 0.265000 0.039000 0.048000
0 0.081250 0.253750 0.033000 0.033000
0 0.036000 0.253750 0.072000 0.063000
0 0.166250 0.245000 0.045000 0.060000
0 0.118750 0.245000 0.063000 0.066000
0 0.888750 0.225000 0.033000 0.042000
0 0.356250 0.270000 0.273000 0.150000
0 0.772500 0.230000 0.060000 0.060000
0 0.416250 0.222500 0.063000 0.042000
0 0.083750 0.213750 0.039000 0.045000
0 0.505000 0.237500 0.060000 0.108000
0 0.321250 0.205000 0.057000 0.042000
0 0.360000 0.202500 0.018000 0.048000
0 0.542500 0.207500 0.054000 0.072000
0 0.417500 0.191250 0.036000 0.039000
0 0.382500 0.182500 0.030000 0.042000
0 0.476250 0.187500 0.057000 0.066000
0 0.020000 0.197500 0.036000 0.090000
0 0.217500 0.208750 0.132000 0.129000
0 0.148750 0.181250 0.105000 0.063000
0 0.078750 0.172500 0.057000 0.054000
0 0.732500 0.142500 0.048000 0.030000
0 0.113750 0.151250 0.039000 0.057000
0 0.895000 0.162500 0.210000 0.096000
0 0.443750 0.140000 0.051000 0.042000
0 0.242500 0.142500 0.060000 0.060000
0 0.195000 0.131250 0.030000 0.033000
0 0.078750 0.128750 0.039000 0.033000
0 0.132500 0.132500 0.030000 0.054000
0 0.725000 0.117500 0.048000 0.030000
0 0.673750 0.115000 0.051000 0.042000
0 0.161250 0.111250 0.039000 0.063000
0 0.385000 0.128750 0.102000 0.111000
0 0.126250 0.096250 0.045000 0.039000
0 0.346250 0.090000 0.045000 0.042000
0 0.268750 0.108750 0.105000 0.105000
0 0.196250 0.088750 0.063000 0.057000
0 0.050000 0.088750 0.078000 0.063000
0 0.403750 0.073750 0.033000 0.039000
0 0.022500 0.096250 0.045000 0.093000
0 0.110000 0.058750 0.054000 0.045000
0 0.355000 0.050000 0.072000 0.054000
0 0.037500 0.043750 0.072000 0.039000
0 0.283750 0.050000 0.129000 0.066000
0 0.161250 0.055000 0.057000 0.090000
0 0.886000 0.090000 0.228000 0.180000
0 0.895000 0.021000 0.102000 0.042000
0 0.823750 0.030000 0.093000 0.060000
0 0.783750 0.016500 0.039000 0.033000
0 0.619000 0.367500 0.762000 0.735000
0 0.205000 0.024000 0.042000 0.048000
0 0.142500 0.028500 0.084000 0.057000
