0 0.534062 0.978768 0.041250 0.036969
0 0.290625 0.955037 0.036000 0.027977
0 0.454688 0.956703 0.039750 0.049958
0 0.485625 0.940050 0.007500 0.013988
0 0.482812 0.940883 0.030750 0.043963
0 0.451875 0.924646 0.039000 0.030974
0 0.222812 0.912573 0.033750 0.023980
0 0.564063 0.942964 0.150750 0.100916
0 0.563125 0.918818 0.030000 0.050958
0 0.591250 0.888010 0.051000 0.034971
0 0.539062 0.893422 0.033750 0.053955
0 0.265937 0.880933 0.035250 0.041965
0 0.632812 0.881349 0.027750 0.046961
0 0.461562 0.859284 0.012750 0.007993
0 0.420312 0.860533 0.006750 0.016986
0 0.411875 0.865112 0.030000 0.047960
0 0.593437 0.856370 0.069750 0.042964
0 0.550625 0.853455 0.027000 0.037968
0 0.498437 0.878018 0.093750 0.106911
0 0.547813 0.825146 0.017250 0.011990
0 0.299063 0.830558 0.044250 0.026978
0 0.618750 0.820983 0.004500 0.017985
0 0.384688 0.833888 0.045750 0.054954
0 0.417500 0.818901 0.010500 0.022981
0 0.658125 0.828476 0.037500 0.051957
0 0.484375 0.815154 0.025500 0.025978
0 0.439063 0.845962 0.074250 0.129892
0 0.330313 0.796003 0.030750 0.017985
0 0.608125 0.809326 0.055500 0.059950
0 0.620938 0.787677 0.011250 0.019983
0 0.648125 0.783930 0.012000 0.016986
0 0.356875 0.810991 0.046500 0.083930
0 0.693438 0.784346 0.042750 0.029975
0 0.643437 0.793505 0.038250 0.055953
0 0.396562 0.789759 0.045750 0.056953
0 0.481875 0.781432 0.061500 0.040966
0 0.418438 0.773106 0.005250 0.020983
0 0.517188 0.814321 0.116250 0.121898
0 0.522813 0.769359 0.030750 0.023980
0 0.727500 0.778102 0.027000 0.060949
0 0.574375 0.787261 0.037500 0.098918
0 0.518125 0.751873 0.013500 0.021982
0 0.268125 0.746045 0.010500 0.015987
0 0.314688 0.757286 0.098250 0.044963
0 0.474375 0.748127 0.024000 0.030974
0 0.633125 0.752706 0.057000 0.045962
0 0.394375 0.762281 0.073500 0.072939
0 0.672813 0.746878 0.050250 0.043963
0 0.446250 0.761032 0.042000 0.081932
0 0.753750 0.738135 0.037500 0.032973
0 0.591875 0.732723 0.009000 0.023980
0 0.719375 0.738135 0.037500 0.042964
0 0.359063 0.721482 0.018750 0.008993
0 0.495000 0.738135 0.028500 0.050958
0 0.431875 0.726478 0.049500 0.022981
0 0.393125 0.720649 0.016500 0.024979
0 0.682187 0.731057 0.015750 0.059950
0 0.591562 0.729392 0.027750 0.061948
0 0.289062 0.721898 0.053250 0.045962
0 0.285938 0.708160 0.014250 0.016986
0 0.729062 0.708576 0.032250 0.021982
0 0.347813 0.721898 0.083250 0.069942
0 0.295312 0.699417 0.011250 0.021982
0 0.522500 0.693172 0.009000 0.012989
0 0.531875 0.716070 0.057000 0.069942
0 0.754375 0.710658 0.025500 0.058951
0 0.266562 0.691923 0.009750 0.019983
0 0.560937 0.721066 0.051750 0.093922
0 0.568750 0.696087 0.012000 0.035970
0 0.641563 0.708160 0.093750 0.072939
0 0.525937 0.680266 0.012750 0.005995
0 0.592812 0.689009 0.023250 0.034971
0 0.392188 0.696503 0.038250 0.054954
0 0.544063 0.677352 0.029250 0.020983
0 0.281875 0.674438 0.009000 0.021982
0 0.566250 0.666528 0.030000 0.028976
0 0.369063 0.658618 0.012750 0.017985
0 0.464375 0.684846 0.132000 0.082931
0 0.732500 0.658618 0.007500 0.025978
0 0.606250 0.660283 0.013500 0.029975
0 0.313437 0.676103 0.068250 0.079933
0 0.433125 0.649875 0.022500 0.018984
0 0.758125 0.661532 0.021000 0.054954
0 0.905625 0.643630 0.042000 0.019983
0 0.587500 0.642381 0.033000 0.016986
0 0.543438 0.643630 0.012750 0.019983
0 0.200937 0.649459 0.033750 0.045962
0 0.640312 0.661116 0.069750 0.077935
0 0.614688 0.645296 0.018750 0.039967
0 0.586250 0.634055 0.012000 0.012989
0 0.391875 0.659867 0.043500 0.082931
0 0.418750 0.635304 0.019500 0.029975
0 0.451875 0.638218 0.012000 0.046961
0 0.607187 0.623231 0.041250 0.020983
0 0.358438 0.612406 0.008250 0.008993
0 0.855000 0.619900 0.027000 0.028976
0 0.709063 0.666112 0.093750 0.141882
0 0.432812 0.618651 0.029250 0.029975
0 0.736563 0.608659 0.008250 0.011990
0 0.466250 0.614488 0.018000 0.025978
0 0.497812 0.605745 0.005250 0.020983
0 0.525312 0.622814 0.050250 0.063947
0 0.710000 0.601166 0.009000 0.013988
0 0.465000 0.632806 0.052500 0.091923
0 0.623750 0.603664 0.049500 0.023980
0 0.500000 0.620316 0.028500 0.069942
0 0.376250 0.621982 0.048000 0.073938
0 0.702187 0.601582 0.012750 0.026978
0 0.659375 0.611990 0.034500 0.067943
0 0.344062 0.637386 0.069750 0.128893
0 0.310937 0.583264 0.030750 0.016986
0 0.260625 0.607827 0.042000 0.077935
0 0.390937 0.581182 0.008250 0.017985
0 0.452500 0.581599 0.012000 0.020983
0 0.630313 0.581599 0.044250 0.028976
0 0.289062 0.626978 0.102750 0.137885
0 0.722187 0.570358 0.009750 0.009992
0 0.364375 0.579933 0.025500 0.032973
0 0.275000 0.576603 0.013500 0.028976
0 0.706250 0.574521 0.018000 0.029975
0 0.419687 0.589925 0.056250 0.066944
0 0.524375 0.575354 0.060000 0.033972
0 0.735000 0.598668 0.058500 0.091923
0 0.240313 0.565779 0.018750 0.016986
0 0.475938 0.569942 0.042750 0.034971
0 0.493437 0.558285 0.021750 0.018984
0 0.343750 0.567444 0.024000 0.040966
0 0.248125 0.554538 0.024000 0.013988
0 0.545625 0.562864 0.036000 0.039967
0 0.628437 0.547044 0.009750 0.009992
0 0.425938 0.548709 0.012750 0.013988
0 0.274375 0.550375 0.054000 0.045962
0 0.389062 0.558285 0.035250 0.066944
0 0.473750 0.541632 0.025500 0.028976
0 0.308750 0.551207 0.064500 0.071940
0 0.742188 0.539967 0.062250 0.058951
0 0.370937 0.519151 0.008250 0.010991
0 0.710938 0.527477 0.027750 0.032973
0 0.428125 0.544546 0.085500 0.077935
0 0.370937 0.530391 0.041250 0.043963
0 0.672813 0.553705 0.065250 0.101915
0 0.520625 0.538301 0.043500 0.076936
0 0.255312 0.524563 0.039750 0.047960
0 0.617500 0.503331 0.012000 0.014988
0 0.321562 0.517069 0.029250 0.047960
0 0.300625 0.512490 0.027000 0.036969
0 0.841875 0.504996 0.025500 0.020983
0 0.566250 0.517485 0.058500 0.052956
0 0.496563 0.510824 0.041250 0.038968
0 0.351250 0.509575 0.037500 0.037968
0 0.682187 0.500833 0.042750 0.026978
0 0.600938 0.563697 0.119250 0.177852
0 0.612187 0.477102 0.008250 0.013988
0 0.560937 0.481266 0.027750 0.023980
0 0.264062 0.499167 0.054750 0.066944
0 0.751563 0.471274 0.018750 0.013988
0 0.863437 0.483764 0.029250 0.053955
0 0.837500 0.467527 0.010500 0.018984
0 0.740313 0.487094 0.068250 0.065945
0 0.360000 0.470441 0.034500 0.035970
0 0.622500 0.462531 0.028500 0.026978
0 0.575313 0.458784 0.015750 0.019983
0 0.534062 0.469609 0.035250 0.049958
0 0.781250 0.464197 0.043500 0.038968
0 0.950000 0.460033 0.021000 0.030974
0 0.384688 0.473356 0.030750 0.062948
0 0.756250 0.455037 0.030000 0.030974
0 0.679688 0.465029 0.065250 0.056953
0 0.494063 0.444629 0.015750 0.007993
0 0.562500 0.447960 0.016500 0.017985
0 0.593750 0.462948 0.025500 0.057952
0 0.692813 0.446295 0.018750 0.021982
0 0.328437 0.448376 0.039750 0.028976
0 0.433125 0.444629 0.010500 0.021982
0 0.470000 0.439217 0.012000 0.018984
0 0.295312 0.462948 0.101250 0.077935
0 0.306563 0.427977 0.014250 0.019983
0 0.354687 0.422981 0.029250 0.029975
0 0.739062 0.428393 0.039750 0.046961
0 0.629687 0.424230 0.062250 0.050958
0 0.593750 0.419234 0.027000 0.038968
0 0.389688 0.406744 0.020250 0.012989
0 0.724063 0.413405 0.054750 0.062948
0 0.666562 0.407161 0.072750 0.047960
0 0.551875 0.408826 0.061500 0.053955
0 0.428438 0.385512 0.018750 0.015987
0 0.303125 0.390092 0.033000 0.028976
0 0.691562 0.388010 0.017250 0.025978
0 0.457500 0.411740 0.051000 0.082931
0 0.281250 0.403830 0.030000 0.067943
0 0.662188 0.374271 0.011250 0.010991
0 0.544375 0.375104 0.028500 0.020983
0 0.749375 0.370525 0.009000 0.013988
0 0.682500 0.368443 0.013500 0.014988
0 0.695625 0.372190 0.007500 0.025978
0 0.401875 0.408826 0.072000 0.113905
0 0.435937 0.369276 0.006750 0.022981
0 0.769062 0.368443 0.030750 0.022981
0 0.288125 0.364696 0.007500 0.013988
0 0.711875 0.372606 0.034500 0.044963
0 0.578438 0.370941 0.053250 0.040966
0 0.464062 0.371357 0.030750 0.043963
0 0.745313 0.370108 0.029250 0.044963
0 0.558438 0.357619 0.008250 0.014988
0 0.696250 0.356370 0.015000 0.015987
0 0.635312 0.355121 0.012750 0.016986
0 0.354375 0.389675 0.096000 0.099917
0 0.406250 0.353872 0.007500 0.015987
0 0.674687 0.355537 0.009750 0.025978
0 0.456562 0.437136 0.158250 0.221815
0 0.325625 0.354704 0.028500 0.027977
0 0.573750 0.348043 0.006000 0.017985
0 0.294063 0.346378 0.044250 0.025978
0 0.435937 0.343880 0.032250 0.029975
0 0.733125 0.337219 0.030000 0.025978
0 0.591250 0.333472 0.027000 0.020983
0 0.556250 0.336386 0.034500 0.027977
0 0.461562 0.330558 0.033750 0.029975
0 0.431563 0.320566 0.011250 0.015987
0 0.629062 0.348460 0.071250 0.090924
0 0.841562 0.313489 0.041250 0.018984
0 0.755938 0.317236 0.057750 0.033972
0 0.340000 0.319734 0.028500 0.043963
0 0.267500 0.317236 0.039000 0.037968
0 0.570625 0.315987 0.027000 0.038968
0 0.296875 0.315570 0.030000 0.037968
0 0.365938 0.312656 0.026250 0.042964
0 0.621563 0.309326 0.042750 0.038968
0 0.706562 0.311823 0.053250 0.048959
0 0.662500 0.297669 0.046500 0.032973
0 0.255312 0.295587 0.042750 0.027977
0 0.694375 0.281016 0.036000 0.026978
0 0.285000 0.278102 0.024000 0.019983
0 0.718750 0.277685 0.016500 0.020983
0 0.620938 0.283097 0.033750 0.033972
0 0.393125 0.287677 0.034500 0.044963
0 0.330937 0.286012 0.048750 0.044963
0 0.738125 0.279351 0.024000 0.030974
0 0.674687 0.269359 0.008250 0.026978
0 0.536250 0.266445 0.018000 0.019983
0 0.425938 0.270608 0.029250 0.041965
0 0.711875 0.253955 0.022500 0.025978
0 0.761875 0.261865 0.028500 0.048959
0 0.407500 0.245629 0.030000 0.017985
0 0.608750 0.240216 0.009000 0.010991
0 0.614375 0.267694 0.111000 0.078934
0 0.568125 0.241465 0.004500 0.017985
0 0.494688 0.281432 0.177750 0.117902
0 0.455313 0.248543 0.072750 0.048959
0 0.691250 0.241465 0.025500 0.041965
0 0.739375 0.236053 0.039000 0.040966
0 0.356875 0.233139 0.028500 0.035970
0 0.362812 0.223564 0.011250 0.018984
0 0.588750 0.222731 0.039000 0.018984
0 0.453437 0.217735 0.020250 0.030974
0 0.277813 0.223980 0.036750 0.045962
0 0.336875 0.211490 0.025500 0.019983
0 0.676875 0.219817 0.030000 0.043963
0 0.350625 0.199833 0.012000 0.013988
0 0.362187 0.200250 0.005250 0.020983
0 0.656250 0.209825 0.024000 0.047960
0 0.528750 0.188593 0.015000 0.008993
0 0.745000 0.189842 0.022500 0.013988
0 0.523438 0.227311 0.107250 0.105912
0 0.621875 0.204829 0.052500 0.061948
0 0.578125 0.185679 0.013500 0.017985
0 0.401250 0.206078 0.093000 0.068943
0 0.423750 0.179850 0.009000 0.013988
0 0.352812 0.180683 0.017250 0.025978
0 0.513750 0.199833 0.090000 0.075937
0 0.800312 0.166528 0.017250 0.025978
0 0.589688 0.164863 0.033750 0.023980
0 0.934063 0.161532 0.036750 0.025978
0 0.442188 0.154455 0.009750 0.012989
0 0.673750 0.148626 0.019500 0.012989
0 0.339062 0.156120 0.020250 0.030974
0 0.385625 0.171107 0.076500 0.072939
0 0.674687 0.181515 0.150750 0.099917
0 0.645938 0.145296 0.042750 0.018984
0 0.400313 0.144047 0.015750 0.017985
0 0.348125 0.143214 0.013500 0.015987
0 0.442500 0.136553 0.010500 0.009992
0 0.726875 0.133639 0.009000 0.012989
0 0.417812 0.146128 0.042750 0.048959
0 0.707500 0.140716 0.060000 0.057952
0 0.293125 0.119900 0.031500 0.019983
0 0.578438 0.124063 0.023250 0.033972
0 0.476562 0.113239 0.008250 0.009992
0 0.487187 0.113239 0.006750 0.013988
0 0.445000 0.121982 0.042000 0.038968
0 0.497812 0.110325 0.017250 0.018984
0 0.666562 0.109076 0.063750 0.029975
0 0.741875 0.106994 0.027000 0.034971
0 0.367188 0.104080 0.011250 0.033972
0 0.431875 0.094088 0.015000 0.013988
0 0.355938 0.113239 0.020250 0.061948
0 0.604688 0.112406 0.063750 0.061948
0 0.628750 0.088260 0.012000 0.011990
0 0.653750 0.086595 0.006000 0.013988
0 0.569063 0.085346 0.006750 0.014988
0 0.689063 0.082015 0.029250 0.018984
0 0.288750 0.080350 0.030000 0.018984
0 0.484687 0.082015 0.024750 0.024979
0 0.401562 0.097419 0.063750 0.073938
0 0.503750 0.136969 0.169500 0.178851
0 0.542813 0.069942 0.006750 0.023980
0 0.573125 0.062032 0.019500 0.008993
0 0.456250 0.080350 0.049500 0.056953
0 0.613437 0.061199 0.041250 0.032973
0 0.590000 0.053705 0.007500 0.016986
0 0.285313 0.049542 0.014250 0.008993
0 0.491250 0.063281 0.049500 0.049958
0 0.561875 0.049958 0.007500 0.023980
0 0.336250 0.049126 0.022500 0.029975
0 0.681875 0.043297 0.034500 0.031973
