0 0.616563 0.994505 0.021750 0.010991
0 0.454688 0.991507 0.005250 0.016986
0 0.391562 0.990008 0.021750 0.019983
0 0.804375 0.988510 0.034500 0.022981
0 0.681250 0.984180 0.009000 0.021982
0 0.586562 0.982098 0.015750 0.020983
0 0.549063 0.984013 0.059250 0.031973
0 0.232500 0.982931 0.022500 0.030974
0 0.375312 0.979600 0.023250 0.024979
0 0.183438 0.968776 0.020250 0.014988
0 0.312188 0.972939 0.023250 0.042964
0 0.348125 0.971690 0.051000 0.045962
0 0.327188 0.957952 0.012750 0.014988
0 0.676562 0.961699 0.021750 0.029975
0 0.390000 0.957535 0.019500 0.021982
0 0.489687 0.971024 0.062250 0.057952
0 0.559688 0.952956 0.017250 0.014988
0 0.579375 0.957952 0.028500 0.028976
0 0.380312 0.952123 0.011250 0.018984
0 0.463750 0.949625 0.010500 0.014988
0 0.534062 0.951291 0.039750 0.020983
0 0.595313 0.962115 0.047250 0.050958
0 0.190312 0.945046 0.032250 0.019983
0 0.617188 0.939634 0.008250 0.026978
0 0.302187 0.942964 0.029250 0.038968
0 0.552813 0.932973 0.009750 0.020983
0 0.630625 0.927977 0.021000 0.016986
0 0.339687 0.933389 0.033750 0.033972
0 0.342187 0.919234 0.009750 0.009992
0 0.283750 0.922148 0.015000 0.016986
0 0.555625 0.919234 0.009000 0.011990
0 0.519687 0.932556 0.044250 0.045962
0 0.482500 0.920483 0.033000 0.016986
0 0.261562 0.925062 0.027750 0.059950
0 0.343750 0.902581 0.009000 0.009992
0 0.199375 0.908826 0.031500 0.026978
0 0.576875 0.898002 0.009000 0.014988
0 0.474687 0.898834 0.012750 0.016986
0 0.291563 0.897585 0.011250 0.013988
0 0.593437 0.917985 0.077250 0.068943
0 0.253750 0.894671 0.015000 0.012989
0 0.320312 0.906744 0.036750 0.047960
0 0.452813 0.911740 0.039750 0.061948
0 0.549687 0.890508 0.020250 0.048959
0 0.247500 0.884263 0.021000 0.035970
0 0.515625 0.888843 0.051000 0.052956
0 0.565625 0.878435 0.019500 0.029975
0 0.300938 0.874688 0.053250 0.034971
0 0.277500 0.868443 0.015000 0.019983
0 0.488438 0.865112 0.035250 0.021982
0 0.585938 0.868027 0.024750 0.040966
0 0.305312 0.854704 0.014250 0.010991
0 0.606875 0.860533 0.022500 0.026978
0 0.263125 0.858868 0.018000 0.022981
0 0.509062 0.852206 0.009750 0.008993
0 0.641250 0.875104 0.061500 0.079933
0 0.420625 0.873022 0.066000 0.080933
0 0.263437 0.840966 0.012750 0.013988
0 0.573438 0.840550 0.008250 0.018984
0 0.360938 0.843880 0.020250 0.026978
0 0.503437 0.839717 0.009750 0.020983
0 0.616875 0.838052 0.019500 0.018984
0 0.635000 0.840550 0.022500 0.032973
0 0.534062 0.844296 0.062250 0.051957
0 0.735000 0.836803 0.037500 0.039967
0 0.459062 0.834305 0.017250 0.035970
0 0.250625 0.828476 0.025500 0.023980
0 0.368750 0.890092 0.214500 0.219817
0 0.343438 0.814738 0.018750 0.022981
0 0.550312 0.810158 0.008250 0.017985
0 0.428125 0.842631 0.093000 0.095920
0 0.321875 0.806828 0.028500 0.015987
0 0.525312 0.814738 0.029250 0.036969
0 0.508125 0.806411 0.009000 0.024979
0 0.657500 0.810158 0.049500 0.035970
0 0.568438 0.805579 0.038250 0.024979
0 0.272188 0.808493 0.027750 0.031973
0 0.486563 0.811823 0.027750 0.045962
0 0.372500 0.815154 0.048000 0.053955
0 0.495937 0.793922 0.009750 0.008993
0 0.313437 0.788510 0.015750 0.007993
0 0.605938 0.815154 0.057750 0.073938
0 0.198125 0.806411 0.031500 0.054954
0 0.644062 0.787261 0.009750 0.022981
0 0.633125 0.774355 0.015000 0.007993
0 0.341562 0.784763 0.027750 0.034971
0 0.529375 0.788926 0.037500 0.046961
0 0.303438 0.773106 0.006750 0.024979
0 0.485312 0.767277 0.018750 0.022981
0 0.439688 0.791007 0.083250 0.081932
0 0.603750 0.759367 0.009000 0.009992
0 0.378437 0.772689 0.060750 0.041965
0 0.673125 0.762281 0.028500 0.026978
0 0.642188 0.758535 0.009750 0.021982
0 0.503125 0.759367 0.024000 0.023980
0 0.313125 0.765196 0.030000 0.049958
0 0.208437 0.756037 0.026250 0.027977
0 0.584063 0.754371 0.006750 0.025978
0 0.624375 0.752290 0.022500 0.032973
0 0.657188 0.744796 0.017250 0.016986
0 0.590938 0.742714 0.009750 0.011990
0 0.473438 0.750208 0.042750 0.031973
0 0.421875 0.751873 0.082500 0.037968
0 0.539687 0.762698 0.063750 0.067943
0 0.356250 0.747294 0.034500 0.042964
0 0.574063 0.733139 0.009750 0.010991
0 0.381875 0.735221 0.034500 0.021982
0 0.606250 0.720649 0.012000 0.008993
0 0.290625 0.736053 0.022500 0.045962
0 0.542813 0.723147 0.024750 0.018984
0 0.358750 0.718152 0.031500 0.024979
0 0.506875 0.723147 0.021000 0.040966
0 0.244062 0.713572 0.008250 0.017985
0 0.256563 0.741049 0.051750 0.085928
0 0.225938 0.723147 0.024750 0.050958
0 0.486563 0.718984 0.026250 0.042964
0 0.463438 0.710658 0.027750 0.022981
0 0.340938 0.714405 0.009750 0.033972
0 0.663750 0.707327 0.007500 0.026978
0 0.852187 0.708576 0.023250 0.031973
0 0.191250 0.719400 0.057000 0.061948
0 0.582500 0.707327 0.072000 0.042964
0 0.362187 0.694838 0.009750 0.022981
0 0.636250 0.708576 0.048000 0.067943
0 0.387813 0.700250 0.030750 0.047960
0 0.226250 0.689842 0.042000 0.026978
0 0.647500 0.684846 0.025500 0.018984
0 0.749687 0.681099 0.014250 0.011990
0 0.256875 0.688177 0.027000 0.028976
0 0.334062 0.686511 0.021750 0.026978
0 0.288438 0.686095 0.032250 0.025978
0 0.360312 0.676103 0.008250 0.011990
0 0.670937 0.688593 0.026250 0.055953
0 0.588437 0.671107 0.024750 0.013988
0 0.225312 0.669442 0.011250 0.013988
0 0.560000 0.675687 0.037500 0.032973
0 0.515000 0.678185 0.027000 0.038968
0 0.536563 0.678185 0.030750 0.048959
0 0.312500 0.679434 0.024000 0.053955
0 0.475313 0.678601 0.057750 0.053955
0 0.695625 0.671524 0.039000 0.042964
0 0.341562 0.661948 0.009750 0.025978
0 0.775000 0.671524 0.024000 0.060949
0 0.322500 0.650291 0.021000 0.011990
0 0.589688 0.653206 0.039750 0.024979
0 0.240000 0.648210 0.033000 0.024979
0 0.489375 0.643214 0.019500 0.016986
0 0.338438 0.640716 0.012750 0.010991
0 0.756250 0.647794 0.025500 0.029975
0 0.545625 0.644463 0.030000 0.031973
0 0.615313 0.655287 0.026250 0.059950
0 0.502812 0.636553 0.012750 0.018984
0 0.400625 0.634471 0.016500 0.017985
0 0.385313 0.661116 0.048750 0.083930
0 0.538125 0.624480 0.013500 0.013988
0 0.291250 0.631141 0.028500 0.037968
0 0.424063 0.672773 0.059250 0.145878
0 0.275313 0.643214 0.048750 0.074938
0 0.520000 0.635720 0.024000 0.058951
0 0.335000 0.637386 0.067500 0.074938
0 0.223125 0.632806 0.031500 0.063947
0 0.606875 0.621565 0.042000 0.038968
0 0.248125 0.613239 0.012000 0.020983
0 0.491250 0.613239 0.027000 0.026978
0 0.196875 0.610325 0.006000 0.019983
0 0.331250 0.605329 0.010500 0.011990
0 0.465000 0.618651 0.033000 0.051957
0 0.547813 0.601582 0.011250 0.014988
0 0.662188 0.602415 0.012750 0.024979
0 0.269688 0.597002 0.038250 0.021982
0 0.211875 0.598668 0.033000 0.025978
0 0.589063 0.594921 0.021750 0.020983
0 0.655937 0.625312 0.072750 0.101915
0 0.534062 0.598251 0.027750 0.038968
0 0.300938 0.582848 0.032250 0.039967
0 0.507188 0.582848 0.035250 0.041965
0 0.669687 0.587427 0.053250 0.054954
0 0.593750 0.582848 0.042000 0.045962
0 0.322500 0.577435 0.019500 0.044963
0 0.487187 0.565362 0.023250 0.025978
0 0.271875 0.564530 0.027000 0.023980
0 0.435000 0.566611 0.037500 0.032973
0 0.566250 0.558701 0.040500 0.027977
0 0.244375 0.573272 0.040500 0.066944
0 0.540937 0.570774 0.089250 0.070941
0 0.637813 0.550791 0.018750 0.024979
0 0.220312 0.567027 0.032250 0.063947
0 0.836562 0.544963 0.018750 0.020983
0 0.391875 0.579517 0.130500 0.107910
0 0.417187 0.537052 0.023250 0.027977
0 0.299063 0.542048 0.032250 0.039967
0 0.781875 0.547460 0.025500 0.056953
0 0.486563 0.531224 0.033750 0.029975
0 0.567813 0.530391 0.041250 0.029975
0 0.460625 0.550375 0.034500 0.079933
0 0.436563 0.524979 0.018750 0.018984
0 0.831875 0.524147 0.040500 0.020983
0 0.251875 0.529142 0.024000 0.032973
0 0.637500 0.524563 0.013500 0.025978
0 0.605938 0.550791 0.056250 0.088926
0 0.215000 0.541632 0.058500 0.072939
0 0.320625 0.529142 0.033000 0.044963
0 0.267188 0.524563 0.014250 0.033972
0 0.599063 0.520816 0.014250 0.026978
0 0.447500 0.515404 0.010500 0.017985
0 0.472187 0.511241 0.047250 0.023980
0 0.666875 0.536636 0.048000 0.090924
0 0.683125 0.513739 0.016500 0.037968
0 0.422187 0.509159 0.041250 0.032973
0 0.338750 0.512490 0.030000 0.042964
0 0.210938 0.512490 0.039750 0.044963
0 0.530312 0.519151 0.051750 0.066944
0 0.280000 0.508743 0.016500 0.045962
0 0.374688 0.523730 0.074250 0.085928
0 0.499688 0.499167 0.008250 0.028976
0 0.399062 0.497086 0.015750 0.027977
0 0.599688 0.494588 0.035250 0.033972
0 0.380937 0.484180 0.011250 0.012989
0 0.467813 0.484180 0.014250 0.020983
0 0.344062 0.482515 0.009750 0.016986
0 0.550625 0.483347 0.039000 0.022981
0 0.296875 0.490008 0.024000 0.042964
0 0.511250 0.482931 0.007500 0.027977
0 0.502812 0.472939 0.009750 0.007993
0 0.623437 0.475853 0.026250 0.020983
0 0.231563 0.489176 0.045750 0.052956
0 0.431875 0.475437 0.012000 0.027977
0 0.482500 0.477102 0.022500 0.033972
0 0.316563 0.475853 0.024750 0.030974
0 0.257812 0.484596 0.035250 0.053955
0 0.201250 0.471690 0.018000 0.022981
0 0.696875 0.477935 0.018000 0.055953
0 0.534062 0.462115 0.029250 0.017985
0 0.418438 0.465862 0.014250 0.026978
0 0.678125 0.469192 0.030000 0.038968
0 0.234375 0.464197 0.013500 0.026978
0 0.564375 0.465862 0.009000 0.034971
0 0.363750 0.471690 0.028500 0.050958
0 0.494063 0.453372 0.014250 0.014988
0 0.387188 0.455037 0.027750 0.028976
0 0.644687 0.479600 0.057750 0.089925
0 0.470313 0.452540 0.030750 0.028976
0 0.217812 0.448376 0.029250 0.024979
0 0.554063 0.447960 0.015750 0.027977
0 0.334688 0.452540 0.038250 0.056953
0 0.655312 0.432973 0.009750 0.017985
0 0.586875 0.455870 0.063000 0.074938
0 0.594063 0.432140 0.014250 0.019983
0 0.517188 0.436303 0.029250 0.029975
0 0.374375 0.435887 0.016500 0.028976
0 0.674063 0.426311 0.030750 0.015987
0 0.390937 0.422981 0.021750 0.013988
0 0.614375 0.427560 0.031500 0.032973
0 0.347500 0.421316 0.019500 0.017985
0 0.328437 0.430058 0.024750 0.046961
0 0.498437 0.418401 0.026250 0.020983
0 0.266250 0.445462 0.060000 0.085928
0 0.418125 0.425895 0.039000 0.042964
0 0.648125 0.423813 0.036000 0.039967
0 0.696250 0.429226 0.040500 0.060949
0 0.544375 0.419234 0.019500 0.036969
0 0.230000 0.426728 0.028500 0.060949
0 0.333125 0.403414 0.010500 0.014988
0 0.470938 0.403414 0.009750 0.022981
0 0.300312 0.410075 0.047250 0.038968
0 0.700625 0.403414 0.039000 0.028976
0 0.380625 0.398002 0.009000 0.025978
0 0.678438 0.400500 0.012750 0.035970
0 0.664375 0.383014 0.021000 0.013988
0 0.410625 0.401749 0.088500 0.066944
0 0.354375 0.405495 0.036000 0.075937
0 0.244688 0.399251 0.027750 0.068943
0 0.323750 0.388426 0.034500 0.046961
0 0.280938 0.385928 0.063750 0.040966
0 0.447813 0.432140 0.051750 0.155870
0 0.625625 0.390924 0.048000 0.066944
0 0.173750 0.383847 0.036000 0.049958
0 0.224688 0.376353 0.023250 0.045962
0 0.549063 0.380100 0.026250 0.060949
0 0.318750 0.359700 0.037500 0.023980
0 0.359063 0.372190 0.029250 0.057952
0 0.584063 0.384679 0.069750 0.089925
0 0.491875 0.378018 0.048000 0.075937
0 0.383750 0.352206 0.010500 0.013988
0 0.274687 0.361782 0.062250 0.040966
0 0.240313 0.351374 0.011250 0.017985
0 0.519687 0.380933 0.045750 0.094921
0 0.423438 0.347627 0.012750 0.020983
0 0.361875 0.349292 0.015000 0.024979
0 0.403438 0.348876 0.035250 0.027977
0 0.680625 0.359700 0.027000 0.059950
0 0.649687 0.352206 0.038250 0.047960
0 0.460938 0.352623 0.020250 0.050958
0 0.440937 0.337219 0.024750 0.023980
0 0.390625 0.334305 0.009000 0.022981
0 0.582500 0.329725 0.012000 0.015987
0 0.488438 0.328476 0.027750 0.024979
0 0.264688 0.325146 0.050250 0.042964
0 0.605938 0.328893 0.030750 0.057952
0 0.374375 0.318485 0.037500 0.042964
0 0.354375 0.300999 0.012000 0.018984
0 0.247188 0.299334 0.009750 0.018984
0 0.451562 0.309742 0.056250 0.049958
0 0.412813 0.310575 0.021750 0.061948
0 0.573750 0.305995 0.052500 0.054954
0 0.512500 0.310575 0.042000 0.069942
0 0.539375 0.316403 0.031500 0.091923
0 0.621563 0.298085 0.033750 0.053955
0 0.348438 0.281432 0.015750 0.013988
0 0.292500 0.298918 0.093000 0.057952
0 0.517813 0.278934 0.018750 0.011990
0 0.370000 0.285595 0.031500 0.051957
0 0.384688 0.278518 0.014250 0.038968
0 0.530312 0.266445 0.008250 0.019983
0 0.310625 0.268110 0.027000 0.025978
0 0.431563 0.274355 0.015750 0.048959
0 0.395625 0.258535 0.007500 0.020983
0 0.330000 0.269359 0.025500 0.046961
0 0.564063 0.256037 0.066750 0.034971
0 0.428438 0.259784 0.038250 0.047960
0 0.524062 0.247710 0.026250 0.022981
0 0.485938 0.258951 0.018750 0.059950
0 0.465000 0.260200 0.040500 0.062948
0 0.441563 0.229392 0.011250 0.006994
0 0.603437 0.247710 0.026250 0.058951
0 0.343125 0.240633 0.031500 0.045962
0 0.366563 0.240633 0.041250 0.053955
0 0.573438 0.228976 0.030750 0.031973
0 0.403125 0.219817 0.007500 0.015987
0 0.553750 0.221482 0.012000 0.021982
0 0.285625 0.226062 0.042000 0.032973
0 0.471875 0.225645 0.013500 0.035970
0 0.413750 0.240216 0.063000 0.088926
0 0.499375 0.233555 0.027000 0.084929
0 0.534687 0.200666 0.012750 0.009992
0 0.516875 0.207327 0.027000 0.025978
0 0.395625 0.214821 0.031500 0.043963
0 0.547500 0.201082 0.012000 0.030974
0 0.426250 0.194838 0.012000 0.017985
0 0.466250 0.201915 0.051000 0.052956
0 0.450625 0.188177 0.013500 0.023980
0 0.496875 0.174022 0.025500 0.037968
0 0.439688 0.167361 0.039750 0.029975
0 0.260625 0.171107 0.031500 0.044963
0 0.470938 0.156953 0.030750 0.042964
0 0.555625 0.176520 0.112500 0.105912
0 0.222500 0.139051 0.037500 0.037968
0 0.445625 0.134471 0.040500 0.044963
0 0.521875 0.129475 0.039000 0.040966
0 0.292500 0.104496 0.033000 0.032973
0 0.578250 0.600000 1.000000 1.000000
