0 0.544963 0.874687 0.012989 0.021750
0 0.771024 0.863750 0.023980 0.025500
0 0.613239 0.844063 0.024979 0.006750
0 0.638634 0.857187 0.059950 0.045750
0 0.508743 0.850000 0.035970 0.028500
0 0.516236 0.831562 0.019983 0.015750
0 0.553289 0.850000 0.066944 0.084000
0 0.453372 0.820312 0.054954 0.023250
0 0.348043 0.811250 0.039967 0.010500
0 0.477519 0.802188 0.034971 0.012750
0 0.515404 0.811250 0.045962 0.037500
0 0.601582 0.795937 0.008993 0.008250
0 0.827644 0.796875 0.047960 0.019500
0 0.378435 0.796875 0.030974 0.027000
0 0.201082 0.788438 0.028976 0.018750
0 0.263947 0.787188 0.007993 0.017250
0 0.420899 0.795625 0.032973 0.039000
0 0.713156 0.792500 0.060949 0.033000
0 0.439634 0.784375 0.009992 0.015000
0 0.548293 0.777813 0.024979 0.014250
0 0.758535 0.790312 0.051957 0.054750
0 0.816403 0.765938 0.016986 0.009750
0 0.523730 0.771563 0.027977 0.023250
0 0.859284 0.773438 0.025978 0.030750
0 0.377602 0.764062 0.016986 0.008250
0 0.405495 0.769062 0.015987 0.024750
0 0.812656 0.777813 0.079933 0.048750
0 0.771024 0.757188 0.015987 0.012750
0 0.130724 0.761875 0.051957 0.025500
0 0.407577 0.753125 0.016986 0.009000
0 0.830142 0.754687 0.009992 0.015750
0 0.738551 0.754687 0.059950 0.023250
0 0.699417 0.756875 0.059950 0.039000
0 0.507910 0.745313 0.035970 0.012750
0 0.584929 0.753125 0.078934 0.033000
0 0.421732 0.746250 0.014988 0.018000
0 0.156536 0.742188 0.069942 0.020250
0 0.485429 0.739062 0.011990 0.018750
0 0.184013 0.753125 0.107910 0.054000
0 0.260616 0.727812 0.011990 0.008250
0 0.838052 0.730313 0.036969 0.020250
0 0.589509 0.728125 0.035970 0.018000
0 0.892173 0.724063 0.012989 0.015750
0 0.885096 0.735938 0.053955 0.044250
0 0.308077 0.721250 0.007993 0.009000
0 0.110325 0.720313 0.020983 0.015750
0 0.038718 0.716562 0.038968 0.009750
0 0.309742 0.725625 0.121898 0.036000
0 0.314738 0.759687 0.227810 0.119250
0 0.238135 0.718125 0.029975 0.019500
0 0.506245 0.704375 0.009992 0.012000
0 0.901749 0.702500 0.013988 0.009000
0 0.525396 0.706562 0.017985 0.021750
0 0.572440 0.697812 0.010991 0.005250
0 0.865529 0.709063 0.024979 0.033750
0 0.011990 0.705000 0.023980 0.027000
0 0.633222 0.698750 0.022981 0.018000
0 0.042881 0.694063 0.018984 0.008250
0 0.815154 0.721875 0.091923 0.082500
0 0.757702 0.718125 0.061948 0.073500
0 0.706495 0.692187 0.014988 0.014250
0 0.333472 0.702500 0.132889 0.042000
0 0.299750 0.687187 0.017985 0.006750
0 0.430891 0.694375 0.052956 0.030000
0 0.325562 0.684375 0.023980 0.010500
0 0.401332 0.686250 0.007993 0.016500
0 0.176520 0.688125 0.023980 0.028500
0 0.517485 0.673750 0.026978 0.013500
0 0.399667 0.674375 0.033972 0.015000
0 0.048293 0.678125 0.055953 0.024000
0 0.196503 0.672188 0.021982 0.011250
0 0.737719 0.678438 0.029975 0.027750
0 0.937136 0.675000 0.034971 0.022500
0 0.227311 0.690312 0.129892 0.059250
0 0.600000 0.800937 1.000000 0.326250
0 0.860949 0.670937 0.017985 0.015750
0 0.481266 0.670000 0.029975 0.018000
0 0.350541 0.667500 0.009992 0.016500
0 0.686928 0.664062 0.021982 0.009750
0 0.717319 0.663750 0.044963 0.016500
0 0.213572 0.661875 0.016986 0.012000
0 0.423813 0.659062 0.023980 0.008250
0 0.298085 0.658125 0.021982 0.006000
0 0.987510 0.660625 0.011990 0.013500
0 0.810991 0.672813 0.087927 0.045750
0 0.119900 0.699688 0.131890 0.119250
0 0.913405 0.670625 0.083930 0.079500
0 0.610325 0.642188 0.013988 0.011250
0 0.346378 0.648438 0.069942 0.026250
0 0.222731 0.652500 0.116903 0.037500
0 0.394671 0.638750 0.015987 0.012000
0 0.632390 0.637813 0.038968 0.015750
0 0.539550 0.641563 0.075937 0.024750
0 0.656536 0.634375 0.016986 0.013500
0 0.907993 0.635625 0.030974 0.018000
0 0.458784 0.642813 0.023980 0.038250
0 0.735221 0.646563 0.047960 0.053250
0 0.533722 0.633437 0.039967 0.023250
0 0.605329 0.625313 0.017985 0.018750
0 0.016486 0.623437 0.032973 0.020250
0 0.410075 0.637188 0.074938 0.056250
0 0.763114 0.618437 0.042964 0.014250
0 0.364696 0.619687 0.025978 0.018750
0 0.327644 0.623437 0.058951 0.027750
0 0.277685 0.620313 0.048959 0.021750
0 0.496669 0.625625 0.060949 0.036000
0 0.982931 0.620625 0.026978 0.025500
0 0.105745 0.636563 0.099917 0.066750
0 0.940466 0.616250 0.026978 0.019500
0 0.485012 0.611563 0.010991 0.009750
0 0.461282 0.606250 0.011990 0.007500
0 0.108659 0.612187 0.042964 0.026250
0 0.699833 0.608125 0.052956 0.021000
0 0.321399 0.602812 0.011990 0.011250
0 0.795171 0.623437 0.069942 0.062250
0 0.057452 0.622188 0.075937 0.060750
0 0.856370 0.628437 0.066944 0.080250
0 0.557868 0.599688 0.021982 0.011250
0 0.459617 0.609688 0.039967 0.042750
0 0.722731 0.593750 0.023980 0.006000
0 0.641965 0.597812 0.007993 0.015750
0 0.663614 0.600313 0.027977 0.026250
0 0.128226 0.594063 0.009992 0.011250
0 0.502082 0.594688 0.021982 0.015750
0 0.196087 0.612500 0.144879 0.070500
0 0.031973 0.592500 0.063947 0.024000
0 0.315987 0.585938 0.010991 0.011250
0 0.883430 0.586875 0.025978 0.018000
0 0.604496 0.585313 0.017985 0.015750
0 0.795587 0.579688 0.014988 0.008250
0 0.848043 0.584063 0.040966 0.030750
0 0.024480 0.578438 0.048959 0.017250
0 0.058701 0.576562 0.036969 0.014250
0 0.942964 0.573750 0.012989 0.009000
0 0.932556 0.572500 0.017985 0.009000
0 0.725229 0.589688 0.143880 0.050250
0 0.539967 0.580625 0.014988 0.030000
0 0.941715 0.588437 0.105912 0.050250
0 0.635304 0.579375 0.051957 0.031500
0 0.964197 0.570937 0.027977 0.021750
0 0.563281 0.565625 0.020983 0.009000
0 0.335554 0.570312 0.035970 0.023250
0 0.522898 0.565000 0.025978 0.015000
0 0.326395 0.563438 0.009992 0.011250
0 0.260616 0.558750 0.017985 0.007500
0 0.088260 0.563750 0.017985 0.022500
0 0.594088 0.568438 0.046961 0.035250
0 0.637802 0.555937 0.013988 0.006750
0 0.725645 0.558438 0.038968 0.015750
0 0.252706 0.577500 0.116903 0.061500
0 0.289342 0.553125 0.016986 0.009000
0 0.241465 0.546875 0.007993 0.012000
0 0.103664 0.549063 0.030974 0.017250
0 0.830142 0.554063 0.061948 0.035250
0 0.763530 0.542813 0.023980 0.011250
0 0.136553 0.549063 0.051957 0.030750
0 0.664863 0.545937 0.042964 0.027750
0 0.429642 0.565000 0.179850 0.079500
0 0.977019 0.546250 0.045962 0.037500
0 0.923813 0.546562 0.084929 0.053250
0 0.679017 0.528125 0.010991 0.010500
0 0.704829 0.540937 0.042964 0.042750
0 0.066611 0.539062 0.077935 0.039750
0 0.887177 0.522500 0.022981 0.009000
0 0.354288 0.520625 0.014988 0.007500
0 0.179017 0.528750 0.033972 0.028500
0 0.082431 0.519375 0.009992 0.009000
0 0.022481 0.534687 0.044963 0.047250
0 0.410075 0.519687 0.018984 0.012750
0 0.336803 0.519687 0.016986 0.012750
0 0.144879 0.520938 0.007993 0.015750
0 0.768526 0.515938 0.017985 0.006750
0 0.435887 0.522813 0.032973 0.023250
0 0.633222 0.527188 0.046961 0.035250
0 0.051207 0.515625 0.016986 0.007500
0 0.975021 0.517500 0.049958 0.019500
0 0.505828 0.512813 0.028976 0.024750
0 0.383014 0.510938 0.037968 0.020250
0 0.913405 0.505000 0.011990 0.010500
0 0.864280 0.510312 0.023980 0.024750
0 0.957952 0.501563 0.016986 0.005250
0 0.752706 0.510625 0.015987 0.027000
0 0.023314 0.500938 0.017985 0.005250
0 0.138218 0.503437 0.031973 0.015750
0 0.581182 0.519687 0.077935 0.056250
0 0.441715 0.500625 0.012989 0.012000
0 0.053705 0.505625 0.066944 0.025500
0 0.295171 0.527188 0.156869 0.083250
0 0.462948 0.500625 0.047960 0.022500
0 0.819734 0.502500 0.072939 0.031500
0 0.845962 0.492188 0.031973 0.008250
0 0.007077 0.494375 0.012989 0.015000
0 0.310575 0.489063 0.015987 0.009750
0 0.983514 0.487187 0.032973 0.011250
0 0.808077 0.483438 0.010991 0.009750
0 0.866778 0.485000 0.023980 0.015000
0 0.405079 0.485312 0.018984 0.015750
0 0.238551 0.481875 0.014988 0.010500
0 0.086178 0.478750 0.026978 0.009000
0 0.167777 0.476875 0.012989 0.006000
0 0.352623 0.475938 0.012989 0.014250
0 0.377186 0.473125 0.033972 0.010500
0 0.440883 0.481250 0.046961 0.031500
0 0.760616 0.474375 0.048959 0.019500
0 0.068693 0.468438 0.018984 0.006750
0 0.112406 0.473750 0.025978 0.021000
0 0.027977 0.472813 0.055953 0.020250
0 0.872190 0.468750 0.038968 0.012000
0 0.147794 0.464375 0.018984 0.006000
0 0.218984 0.478125 0.043963 0.042000
0 0.285595 0.468125 0.035970 0.021000
0 0.507910 0.462187 0.009992 0.011250
0 0.023730 0.460313 0.010991 0.009750
0 0.853039 0.460625 0.022981 0.013500
0 0.701499 0.457500 0.026978 0.009000
0 0.394671 0.460000 0.007993 0.015000
0 0.201082 0.456875 0.010991 0.013500
0 0.253539 0.452813 0.018984 0.005250
0 0.807244 0.465000 0.060949 0.037500
0 0.671524 0.451250 0.018984 0.013500
0 0.929642 0.454375 0.034971 0.028500
0 0.991007 0.445000 0.017985 0.009000
0 0.464197 0.450000 0.012989 0.024000
0 0.426311 0.454062 0.059950 0.039750
0 0.033306 0.446562 0.013988 0.021750
0 0.343464 0.447500 0.062948 0.025500
0 0.875104 0.438125 0.017985 0.007500
0 0.568276 0.437812 0.008993 0.009750
0 0.775187 0.435312 0.019983 0.009750
0 0.637802 0.438750 0.071940 0.018000
0 0.928809 0.437188 0.058951 0.017250
0 0.837219 0.432500 0.014988 0.012000
0 0.548709 0.430625 0.017985 0.009000
0 0.375520 0.431563 0.011990 0.012750
0 0.183597 0.429375 0.028976 0.007500
0 0.161948 0.429375 0.010991 0.010500
0 0.965862 0.438437 0.037968 0.039750
0 0.734388 0.433750 0.049958 0.031500
0 0.497086 0.427187 0.025978 0.015750
0 0.606994 0.425000 0.047960 0.012000
0 0.855537 0.425312 0.022981 0.015750
0 0.270192 0.433125 0.062948 0.034500
0 0.128643 0.423125 0.046961 0.018000
0 0.089925 0.418750 0.025978 0.009000
0 0.217735 0.423125 0.038968 0.024000
0 0.160283 0.416250 0.012989 0.009000
0 0.071607 0.416875 0.009992 0.010500
0 0.018318 0.415625 0.017985 0.007500
0 0.688177 0.418750 0.026978 0.021000
0 0.828060 0.415625 0.032973 0.015000
0 0.807244 0.414687 0.012989 0.014250
0 0.320566 0.413750 0.033972 0.013500
0 0.743547 0.411250 0.025978 0.009000
0 0.673189 0.408438 0.016986 0.008250
0 0.411324 0.419375 0.065945 0.036000
0 0.644047 0.407187 0.028976 0.009750
0 0.356786 0.408750 0.010991 0.015000
0 0.278518 0.408750 0.026978 0.018000
0 0.985012 0.402500 0.029975 0.012000
0 0.800167 0.401250 0.021982 0.010500
0 0.900916 0.407187 0.017985 0.026250
0 0.049126 0.402187 0.039967 0.014250
0 0.769359 0.400625 0.017985 0.012000
0 0.122398 0.397813 0.027977 0.008250
0 0.468776 0.390000 0.011990 0.009000
0 0.333888 0.390937 0.041965 0.011250
0 0.243963 0.395313 0.041965 0.023250
0 0.495004 0.392500 0.024979 0.018000
0 0.436719 0.411250 0.088926 0.063000
0 0.577019 0.390000 0.043963 0.016500
0 0.204829 0.391250 0.053955 0.024000
0 0.412989 0.384062 0.021982 0.008250
0 0.970025 0.384375 0.017985 0.010500
0 0.865529 0.390937 0.048959 0.033750
0 0.727727 0.379375 0.035970 0.009000
0 0.929226 0.391562 0.097918 0.041250
0 0.293922 0.376875 0.015987 0.012000
0 0.076187 0.373437 0.016986 0.008250
0 0.230641 0.374375 0.011990 0.013500
0 0.369692 0.372188 0.019983 0.009750
0 0.345962 0.368750 0.030974 0.009000
0 0.783097 0.368437 0.040966 0.015750
0 0.968776 0.367188 0.010991 0.014250
0 0.837219 0.366875 0.034971 0.016500
0 0.380933 0.363438 0.012989 0.009750
0 0.639051 0.369375 0.062948 0.027000
0 0.082848 0.366563 0.038968 0.020250
0 0.111157 0.359063 0.020983 0.008250
0 0.236053 0.358125 0.042964 0.012000
0 0.768943 0.355312 0.008993 0.014250
0 0.216486 0.353438 0.013988 0.009750
0 0.920899 0.360000 0.021982 0.030000
0 0.318485 0.350938 0.008993 0.011250
0 0.715237 0.349687 0.029975 0.009750
0 0.673605 0.351562 0.037968 0.015750
0 0.521232 0.362500 0.119900 0.046500
0 0.422565 0.357500 0.060949 0.036000
0 0.981515 0.346875 0.036969 0.018000
0 0.951707 0.340625 0.013988 0.009000
0 0.876353 0.339687 0.024979 0.009750
0 0.769775 0.337813 0.032973 0.012750
0 0.566195 0.335625 0.015987 0.009000
0 0.912157 0.337813 0.030974 0.020250
0 0.333056 0.330625 0.017985 0.009000
0 0.174854 0.334688 0.055953 0.021750
0 0.991674 0.331562 0.015987 0.015750
0 0.268110 0.331562 0.015987 0.015750
0 0.403830 0.325937 0.011990 0.011250
0 0.420483 0.327813 0.031973 0.018750
0 0.368027 0.326562 0.019983 0.015750
0 0.900500 0.324375 0.020983 0.018000
0 0.744796 0.320937 0.014988 0.012750
0 0.954621 0.316875 0.018984 0.015000
0 0.513739 0.325625 0.057952 0.040500
0 0.655287 0.310937 0.021982 0.006750
0 0.267694 0.316563 0.024979 0.020250
0 0.438801 0.310937 0.011990 0.020250
0 0.316403 0.307188 0.011990 0.011250
0 0.169026 0.309688 0.059950 0.017250
0 0.773106 0.304688 0.026978 0.017250
0 0.822648 0.300938 0.011990 0.012750
0 0.559950 0.301875 0.016986 0.022500
0 0.311407 0.295000 0.009992 0.010500
0 0.869692 0.290312 0.014988 0.006750
0 0.372606 0.303438 0.116903 0.038250
0 0.905495 0.288750 0.030974 0.012000
0 0.205246 0.294375 0.014988 0.027000
0 0.397169 0.279062 0.011990 0.011250
0 0.515404 0.276875 0.029975 0.010500
0 0.832223 0.282187 0.014988 0.024750
0 0.429642 0.281250 0.053955 0.025500
0 0.310158 0.277813 0.068943 0.021750
0 0.497918 0.267188 0.019983 0.011250
0 0.468360 0.266875 0.050958 0.015000
0 0.555371 0.264062 0.017985 0.011250
0 0.850125 0.272188 0.033972 0.035250
0 0.405495 0.262813 0.037968 0.014250
0 0.358035 0.259062 0.025978 0.012750
0 0.204413 0.255625 0.038968 0.016500
0 0.272273 0.246875 0.023980 0.010500
0 0.647794 0.255312 0.029975 0.033750
0 0.726478 0.255937 0.050958 0.036750
0 0.234804 0.243125 0.009992 0.009000
0 0.362198 0.242812 0.019983 0.009750
0 0.329725 0.237813 0.011990 0.008250
0 0.386761 0.241563 0.030974 0.021750
0 0.941715 0.245000 0.049958 0.031500
0 0.811407 0.235937 0.042964 0.018750
0 0.664863 0.227187 0.018984 0.008250
0 0.732306 0.229687 0.042964 0.017250
0 0.606162 0.225938 0.033972 0.014250
0 0.452540 0.230000 0.030974 0.024000
0 0.263114 0.224375 0.015987 0.013500
0 0.322231 0.222188 0.023980 0.014250
0 0.649459 0.218125 0.007993 0.015000
0 0.863863 0.207813 0.020983 0.009750
0 0.797669 0.204687 0.009992 0.009750
0 0.655287 0.200625 0.015987 0.009000
0 0.589092 0.200625 0.020983 0.012000
0 0.695254 0.195625 0.015987 0.007500
0 0.362614 0.193438 0.026978 0.014250
0 0.439217 0.201875 0.068943 0.036000
0 0.717319 0.192812 0.028976 0.021750
0 0.675271 0.190625 0.027977 0.021000
0 0.482098 0.192812 0.031973 0.035250
0 0.624896 0.182188 0.022981 0.014250
0 0.641132 0.180625 0.009992 0.018000
0 0.454205 0.176875 0.012989 0.012000
0 0.532473 0.194062 0.090924 0.063750
0 0.307244 0.169375 0.017985 0.006000
0 0.712739 0.167813 0.013988 0.006750
0 0.577435 0.169063 0.028976 0.024750
0 0.603247 0.155625 0.012989 0.006000
0 0.390092 0.170625 0.060949 0.055500
0 0.345545 0.147813 0.011990 0.012750
0 0.418401 0.146875 0.040966 0.013500
0 0.459617 0.149062 0.053955 0.024750
0 0.509992 0.145000 0.018984 0.025500
0 0.930475 0.136250 0.008993 0.009000
0 0.336803 0.130938 0.036969 0.009750
0 0.471274 0.122500 0.021982 0.010500
0 0.398418 0.115312 0.030974 0.014250
0 0.763114 0.080000 0.012989 0.007500
0 0.705745 0.078750 0.588510 0.157500
0 0.273272 0.250125 0.546545 0.500250
