0 0.828125 0.993750 0.018750 0.012500
0 0.651563 0.931771 0.013125 0.011250
0 0.666797 0.943750 0.195937 0.112500
0 0.716406 0.915104 0.037500 0.051250
0 0.652344 0.904687 0.030000 0.046250
0 0.574609 0.890625 0.010312 0.012500
0 0.655078 0.876042 0.021562 0.017500
0 0.595313 0.884896 0.045000 0.038750
0 0.636719 0.873437 0.011250 0.016250
0 0.539062 0.858854 0.011250 0.013750
0 0.642188 0.855729 0.009375 0.021250
0 0.680859 0.856771 0.044062 0.041250
0 0.677734 0.845313 0.015938 0.013750
0 0.601562 0.854167 0.039375 0.042500
0 0.551953 0.832812 0.019688 0.008750
0 0.648438 0.840625 0.028125 0.035000
0 0.528516 0.833854 0.030937 0.026250
0 0.705859 0.827604 0.019688 0.021250
0 0.587500 0.825000 0.022500 0.015000
0 0.916406 0.890000 0.127500 0.220000
0 0.657813 0.823438 0.015000 0.018750
0 0.819141 0.834896 0.036562 0.053750
0 0.495703 0.819792 0.042188 0.040000
0 0.963281 0.806771 0.033750 0.031250
0 0.550000 0.805729 0.030000 0.036250
0 0.587109 0.803646 0.053437 0.033750
0 0.732031 0.805208 0.043125 0.042500
0 0.475781 0.784896 0.013125 0.016250
0 0.571094 0.779167 0.022500 0.020000
0 0.548047 0.776042 0.027187 0.012500
0 0.727344 0.775000 0.011250 0.020000
0 0.688672 0.773438 0.032813 0.016250
0 0.587109 0.770312 0.023438 0.016250
0 0.454688 0.773438 0.030000 0.023750
0 0.986875 0.780208 0.026250 0.047500
0 0.706641 0.761979 0.021562 0.016250
0 0.662109 0.757812 0.015938 0.013750
0 0.643359 0.755729 0.019688 0.013750
0 0.430859 0.755729 0.029062 0.021250
0 0.759766 0.765625 0.059062 0.057500
0 0.556641 0.745833 0.051562 0.025000
0 0.667188 0.739062 0.015000 0.021250
0 0.775391 0.736979 0.045937 0.028750
0 0.649219 0.732812 0.013125 0.031250
0 0.408984 0.745313 0.045937 0.063750
0 0.540234 0.724479 0.015938 0.018750
0 0.558984 0.722396 0.019688 0.026250
0 0.775781 0.712500 0.016875 0.017500
0 0.642969 0.711458 0.018750 0.017500
0 0.904297 0.725521 0.030937 0.056250
0 0.685156 0.704167 0.048750 0.022500
0 0.842187 0.696354 0.013125 0.013750
0 0.396875 0.694792 0.016875 0.012500
0 0.574219 0.692187 0.016875 0.008750
0 0.796875 0.691146 0.020625 0.018750
0 0.888672 0.702604 0.042188 0.048750
0 0.501953 0.692187 0.015938 0.023750
0 0.374219 0.689583 0.024375 0.030000
0 0.385547 0.680729 0.010312 0.026250
0 0.626172 0.675000 0.021562 0.017500
0 0.679688 0.675000 0.007500 0.022500
0 0.705859 0.672917 0.006563 0.022500
0 0.818750 0.665104 0.016875 0.013750
0 0.289062 0.663542 0.013125 0.012500
0 0.668750 0.660937 0.018750 0.013750
0 0.365625 0.655729 0.020625 0.016250
0 0.789062 0.658854 0.050625 0.028750
0 0.953516 0.652083 0.012188 0.017500
0 0.299219 0.646354 0.030000 0.041250
0 0.732031 0.632812 0.031875 0.016250
0 0.836328 0.649479 0.019688 0.066250
0 0.992578 0.627083 0.010312 0.020000
0 0.751563 0.624479 0.009375 0.018750
0 0.698047 0.622917 0.045937 0.025000
0 0.618359 0.619792 0.025312 0.027500
0 0.952734 0.624479 0.032813 0.041250
0 0.787891 0.626563 0.021562 0.046250
0 0.387109 0.605208 0.010312 0.015000
0 0.661328 0.625000 0.017813 0.065000
0 0.846094 0.611458 0.018750 0.035000
0 0.766406 0.616146 0.026250 0.048750
0 0.819922 0.600521 0.010312 0.013750
0 0.993437 0.604167 0.013125 0.025000
0 0.649219 0.604688 0.013125 0.028750
0 0.346094 0.612500 0.033750 0.055000
0 0.633594 0.593229 0.020625 0.028750
0 0.779687 0.584375 0.011250 0.025000
0 0.591016 0.585938 0.025312 0.028750
0 0.800000 0.572917 0.030000 0.015000
0 0.399609 0.571354 0.025312 0.011250
0 0.622656 0.573438 0.028125 0.018750
0 0.752734 0.571875 0.012188 0.027500
0 0.503125 0.568750 0.022500 0.020000
0 0.855078 0.573958 0.012188 0.042500
0 0.665625 0.560937 0.016875 0.011250
0 0.348438 0.571354 0.028125 0.036250
0 0.709375 0.561979 0.011250 0.026250
0 0.598828 0.558854 0.032813 0.021250
0 0.695312 0.552083 0.016875 0.010000
0 0.279297 0.577604 0.068437 0.073750
0 0.499219 0.558854 0.026250 0.036250
0 0.755078 0.550000 0.010312 0.022500
0 0.441016 0.550000 0.029062 0.022500
0 0.870703 0.545312 0.021562 0.021250
0 0.810547 0.543750 0.023438 0.020000
0 0.643750 0.546354 0.011250 0.028750
0 0.464453 0.538542 0.025312 0.025000
0 0.634766 0.533333 0.008437 0.015000
0 0.584766 0.543750 0.023438 0.042500
0 0.738281 0.534896 0.022500 0.026250
0 0.551172 0.528646 0.021562 0.016250
0 0.679297 0.522917 0.012188 0.012500
0 0.655469 0.525521 0.033750 0.023750
0 0.366406 0.523438 0.031875 0.021250
0 0.616797 0.518750 0.025312 0.017500
0 0.396094 0.520312 0.031875 0.028750
0 0.483594 0.519271 0.009375 0.033750
0 0.892969 0.521875 0.022500 0.050000
0 0.528516 0.504687 0.012188 0.016250
0 0.770312 0.508333 0.015000 0.030000
0 0.652344 0.497396 0.015000 0.013750
0 0.445703 0.514062 0.030937 0.058750
0 0.585547 0.488021 0.017813 0.011250
0 0.902344 0.488542 0.009375 0.020000
0 0.400781 0.483854 0.041250 0.026250
0 0.878125 0.481250 0.009375 0.022500
0 0.480859 0.486979 0.019688 0.036250
0 0.562500 0.479687 0.009375 0.023750
0 0.604297 0.481771 0.010312 0.038750
0 0.628906 0.472917 0.016875 0.025000
0 0.534766 0.465625 0.015938 0.010000
0 0.438672 0.470313 0.017813 0.031250
0 0.885547 0.461458 0.019688 0.012500
0 0.549219 0.460938 0.015000 0.011250
0 0.391406 0.461458 0.033750 0.025000
0 0.921875 0.464583 0.041250 0.037500
0 0.330078 0.473438 0.036562 0.061250
0 0.358203 0.449479 0.014063 0.031250
0 0.341406 0.439583 0.013125 0.017500
0 0.542578 0.433333 0.023438 0.015000
0 0.401562 0.430729 0.015000 0.016250
0 0.796094 0.439063 0.031875 0.038750
0 0.505859 0.428125 0.017813 0.012500
0 0.385156 0.434375 0.011250 0.030000
0 0.888281 0.425000 0.013125 0.020000
0 0.917188 0.423438 0.022500 0.021250
0 0.333984 0.420833 0.019688 0.020000
0 0.875391 0.416667 0.012188 0.022500
0 0.488672 0.408854 0.019688 0.016250
0 0.414844 0.409375 0.031875 0.017500
0 0.790234 0.402083 0.021562 0.010000
0 0.917578 0.402604 0.034687 0.021250
0 0.438672 0.398438 0.025312 0.013750
0 0.336328 0.399479 0.036562 0.018750
0 0.870703 0.391667 0.021562 0.020000
0 0.390234 0.392708 0.040313 0.025000
0 0.358594 0.385417 0.028125 0.025000
0 0.436719 0.414062 0.076875 0.101250
0 0.428516 0.380729 0.008437 0.023750
0 0.696484 0.378125 0.017813 0.020000
0 0.890234 0.375521 0.032813 0.031250
0 0.450391 0.369792 0.012188 0.022500
0 0.618750 0.365625 0.015000 0.015000
0 0.855469 0.364583 0.013125 0.020000
0 0.700000 0.356250 0.011250 0.020000
0 0.830859 0.343750 0.017813 0.012500
0 0.415234 0.342187 0.027187 0.021250
0 0.390625 0.354687 0.030000 0.053750
0 0.833203 0.328125 0.012188 0.025000
0 0.414062 0.321354 0.015000 0.016250
0 0.819141 0.314063 0.014063 0.018750
0 0.880469 0.320312 0.035625 0.036250
0 0.804688 0.313542 0.013125 0.022500
0 0.394922 0.302604 0.023438 0.011250
0 0.824609 0.281771 0.019688 0.011250
0 0.500391 0.268229 0.014063 0.013750
0 0.743750 0.269792 0.033750 0.020000
0 0.857422 0.264062 0.019688 0.008750
0 0.410938 0.272396 0.035625 0.031250
0 0.882422 0.271354 0.038437 0.031250
0 0.806641 0.268750 0.015938 0.027500
0 0.866016 0.251563 0.014063 0.011250
0 0.707031 0.247396 0.018750 0.011250
0 0.737500 0.252083 0.009375 0.025000
0 0.939531 0.282813 0.120937 0.113750
0 0.426953 0.231250 0.023438 0.015000
0 0.814063 0.228646 0.013125 0.016250
0 0.792188 0.219792 0.009375 0.025000
0 0.436328 0.201042 0.014063 0.020000
0 0.463281 0.192188 0.031875 0.021250
0 0.473828 0.170833 0.015938 0.020000
0 0.747656 0.142187 0.016875 0.013750
0 0.496484 0.140104 0.049687 0.038750
0 0.731641 0.120833 0.019688 0.010000
0 0.588672 0.119271 0.014063 0.008750
0 0.572266 0.111458 0.019688 0.017500
0 0.529297 0.113021 0.017813 0.023750
0 0.441016 0.116146 0.045937 0.041250
0 0.601953 0.101042 0.023438 0.025000
0 0.652734 0.094792 0.051562 0.032500
0 0.548047 0.090625 0.044062 0.025000
0 0.592187 0.060937 0.043125 0.048750
0 0.664062 0.053646 0.180000 0.098750
0 0.580469 0.005625 0.018750 0.011250
0 0.327734 0.540000 0.584063 1.000000
