0 0.942578 0.993750 0.015938 0.012500
0 0.164062 0.993125 0.013125 0.013750
0 0.405469 0.992500 0.024375 0.015000
0 0.214453 0.991875 0.012188 0.016250
0 0.103125 0.991250 0.016875 0.017500
0 0.329688 0.991146 0.007500 0.016250
0 0.086328 0.990000 0.021562 0.020000
0 0.508203 0.989375 0.042188 0.021250
0 0.273047 0.989375 0.012188 0.021250
0 0.137109 0.989375 0.025312 0.021250
0 0.034375 0.989375 0.022500 0.021250
0 0.517578 0.986979 0.015938 0.018750
0 0.154297 0.987500 0.010312 0.025000
0 0.013594 0.987500 0.027187 0.025000
0 0.321094 0.985625 0.015000 0.028750
0 0.367969 0.985000 0.030000 0.030000
0 0.243750 0.986250 0.026250 0.027500
0 0.098047 0.982812 0.014063 0.021250
0 0.604297 0.978646 0.012188 0.013750
0 0.291406 0.983750 0.028125 0.032500
0 0.970469 0.981875 0.059062 0.036250
0 0.344922 0.983125 0.027187 0.033750
0 0.023828 0.973437 0.029062 0.026250
0 0.993906 0.966146 0.012188 0.013750
0 0.174219 0.976250 0.069375 0.047500
0 0.291797 0.964583 0.010312 0.017500
0 0.224609 0.971875 0.038437 0.040000
0 0.006094 0.966146 0.012188 0.028750
0 0.031641 0.961458 0.014063 0.027500
0 0.253125 0.970625 0.030000 0.058750
0 0.868750 0.967500 0.052500 0.065000
0 0.237500 0.953646 0.015000 0.023750
0 0.195312 0.953125 0.033750 0.032500
0 0.935937 0.947917 0.018750 0.022500
0 0.055469 0.946354 0.011250 0.018750
0 0.667969 0.943229 0.011250 0.013750
0 0.330469 0.941146 0.031875 0.026250
0 0.883984 0.950521 0.053437 0.066250
0 0.006563 0.935937 0.013125 0.031250
0 0.021484 0.929167 0.017813 0.020000
0 0.987813 0.927604 0.024375 0.033750
0 0.471094 0.927604 0.031875 0.041250
0 0.104688 0.919271 0.015000 0.021250
0 0.311328 0.914062 0.012188 0.011250
0 0.612109 0.919271 0.029062 0.026250
0 0.127344 0.945312 0.061875 0.091250
0 0.121875 0.914583 0.020625 0.020000
0 0.425391 0.934896 0.062812 0.073750
0 0.571484 0.896875 0.017813 0.017500
0 0.961094 0.938542 0.077812 0.120000
0 0.228906 0.901563 0.071250 0.033750
0 0.727344 0.889583 0.016875 0.015000
0 0.991563 0.906771 0.016875 0.058750
0 0.979688 0.898438 0.024375 0.041250
0 0.816406 0.927500 0.110625 0.145000
0 0.571094 0.883854 0.011250 0.013750
0 0.242969 0.881771 0.009375 0.018750
0 0.008906 0.882812 0.017813 0.031250
0 0.257422 0.874479 0.012188 0.016250
0 0.752734 0.919375 0.154688 0.161250
0 0.126953 0.869792 0.012188 0.015000
0 0.507812 0.883854 0.024375 0.058750
0 0.271484 0.865104 0.042188 0.028750
0 0.008906 0.859896 0.017813 0.023750
0 0.694141 0.850000 0.012188 0.010000
0 0.287109 0.855208 0.023438 0.025000
0 0.986406 0.861458 0.027187 0.042500
0 0.735938 0.857812 0.030000 0.048750
0 0.665625 0.835417 0.013125 0.010000
0 0.974219 0.840104 0.020625 0.023750
0 0.206641 0.836979 0.047812 0.041250
0 0.331641 0.833854 0.027187 0.043750
0 0.970313 0.822396 0.024375 0.026250
0 0.989219 0.824479 0.021562 0.051250
0 0.013281 0.818750 0.018750 0.042500
0 0.773438 0.801562 0.011250 0.013750
0 0.979297 0.798438 0.015938 0.016250
0 0.005156 0.800000 0.010312 0.030000
0 0.994375 0.793229 0.011250 0.018750
0 0.633984 0.789062 0.010312 0.018750
0 0.015000 0.788542 0.030000 0.037500
0 0.994844 0.779167 0.010312 0.020000
0 0.653125 0.790104 0.054375 0.061250
0 0.496484 0.768229 0.008437 0.013750
0 0.005469 0.766146 0.009375 0.016250
0 0.980859 0.765625 0.012188 0.017500
0 0.035547 0.751563 0.008437 0.013750
0 0.008906 0.742188 0.017813 0.026250
0 0.441406 0.738021 0.016875 0.023750
0 0.765625 0.733333 0.024375 0.030000
0 0.004219 0.720833 0.008437 0.015000
0 0.759766 0.719271 0.014063 0.016250
0 0.622656 0.709896 0.007500 0.013750
0 0.766406 0.708854 0.015000 0.013750
0 0.787109 0.710938 0.049687 0.053750
0 0.646875 0.691667 0.015000 0.017500
0 0.007500 0.692708 0.015000 0.022500
0 0.795312 0.686458 0.015000 0.015000
0 0.595703 0.687500 0.015938 0.022500
0 0.040234 0.681250 0.008437 0.012500
0 0.812500 0.683333 0.020625 0.020000
0 0.560547 0.686458 0.015938 0.030000
0 0.775000 0.669792 0.011250 0.012500
0 0.311719 0.669271 0.016875 0.016250
0 0.570703 0.663021 0.014063 0.021250
0 0.677734 0.659896 0.008437 0.016250
0 0.660937 0.657813 0.013125 0.016250
0 0.533594 0.655208 0.018750 0.020000
0 0.199219 0.645833 0.011250 0.015000
0 0.274609 0.641667 0.027187 0.020000
0 0.191406 0.635938 0.016875 0.021250
0 0.814453 0.631771 0.010312 0.018750
0 0.330859 0.623958 0.012188 0.012500
0 0.506641 0.626563 0.030937 0.028750
0 0.411719 0.625000 0.009375 0.032500
0 0.053516 0.618229 0.019688 0.016250
0 0.052734 0.601042 0.012188 0.010000
0 0.216406 0.602604 0.018750 0.026250
0 0.197656 0.599479 0.024375 0.026250
0 0.520703 0.618750 0.081562 0.077500
0 0.274219 0.593750 0.015000 0.017500
0 0.523828 0.586458 0.015938 0.017500
0 0.303516 0.582812 0.010312 0.013750
0 0.216016 0.582812 0.010312 0.013750
0 0.206250 0.585417 0.015000 0.022500
0 0.062891 0.583854 0.023438 0.021250
0 0.035547 0.581250 0.023438 0.025000
0 0.833594 0.575000 0.015000 0.012500
0 0.478906 0.575521 0.011250 0.016250
0 0.051562 0.575521 0.013125 0.026250
0 0.085547 0.568750 0.017813 0.015000
0 0.828906 0.564583 0.011250 0.012500
0 0.380078 0.564063 0.015938 0.016250
0 0.157422 0.563021 0.019688 0.021250
0 0.183984 0.557813 0.027187 0.043750
0 0.500000 0.547917 0.007500 0.025000
0 0.155469 0.548438 0.043125 0.036250
0 0.407813 0.564583 0.050625 0.087500
0 0.832031 0.529167 0.013125 0.012500
0 0.975781 0.523958 0.013125 0.020000
0 0.517969 0.521354 0.011250 0.013750
0 0.461719 0.520833 0.015000 0.015000
0 0.030937 0.565104 0.061875 0.121250
0 0.298438 0.521354 0.020625 0.026250
0 0.125391 0.518750 0.023438 0.022500
0 0.842969 0.515625 0.026250 0.020000
0 0.243750 0.513542 0.020625 0.027500
0 0.144531 0.513542 0.020625 0.027500
0 0.975000 0.508333 0.016875 0.020000
0 0.171484 0.513542 0.040313 0.057500
0 0.390234 0.518750 0.068437 0.090000
0 0.480469 0.490625 0.015000 0.027500
0 0.189062 0.497396 0.024375 0.046250
0 0.437891 0.481250 0.012188 0.015000
0 0.972813 0.521875 0.054375 0.115000
0 0.953516 0.505729 0.057188 0.081250
0 0.791797 0.478646 0.008437 0.028750
0 0.422656 0.495833 0.018750 0.072500
0 0.300391 0.479687 0.021562 0.036250
0 0.259375 0.473958 0.018750 0.022500
0 0.510938 0.471354 0.031875 0.026250
0 0.986719 0.467187 0.009375 0.021250
0 0.328125 0.451562 0.024375 0.033750
0 0.350781 0.431771 0.009375 0.023750
0 0.415234 0.431250 0.015938 0.025000
0 0.057031 0.439583 0.028125 0.047500
0 0.027656 0.441146 0.055313 0.078750
0 0.130078 0.418229 0.015938 0.026250
0 0.224609 0.414062 0.019688 0.026250
0 0.064844 0.410938 0.009375 0.018750
0 0.788672 0.398958 0.010312 0.012500
0 0.857031 0.404687 0.024375 0.031250
0 0.215625 0.405208 0.028125 0.040000
0 0.833984 0.391667 0.008437 0.012500
0 0.919141 0.391146 0.017813 0.013750
0 0.208594 0.389062 0.013125 0.018750
0 0.875391 0.389583 0.012188 0.025000
0 0.191406 0.385937 0.009375 0.018750
0 0.128906 0.395833 0.037500 0.042500
0 0.988281 0.373437 0.013125 0.011250
0 0.007031 0.373437 0.014063 0.011250
0 0.830469 0.375000 0.015000 0.025000
0 0.073047 0.383333 0.029062 0.045000
0 0.824609 0.397396 0.047812 0.091250
0 0.038906 0.394271 0.077812 0.083750
0 0.350391 0.397917 0.096562 0.100000
0 0.167969 0.361458 0.024375 0.015000
0 0.844531 0.377604 0.033750 0.056250
0 0.264844 0.361458 0.015000 0.017500
0 0.175000 0.396354 0.086250 0.106250
0 0.012891 0.359375 0.025312 0.022500
0 0.852344 0.353646 0.020625 0.011250
0 0.869922 0.365625 0.038437 0.042500
0 0.882812 0.351562 0.009375 0.013750
0 0.983125 0.355208 0.033750 0.032500
0 0.399609 0.349479 0.015938 0.018750
0 0.196484 0.347917 0.010312 0.015000
0 0.321094 0.342708 0.013125 0.010000
0 0.025781 0.343750 0.026250 0.020000
0 0.976562 0.339583 0.009375 0.012500
0 0.852734 0.339583 0.014063 0.015000
0 0.356641 0.341146 0.015938 0.021250
0 0.040234 0.345833 0.029062 0.037500
0 0.293750 0.352083 0.052500 0.055000
0 0.005625 0.334896 0.011250 0.021250
0 0.289453 0.328125 0.010312 0.015000
0 0.073047 0.336458 0.019688 0.035000
0 0.027734 0.328646 0.015938 0.016250
0 0.073828 0.351042 0.068437 0.082500
0 0.201953 0.319271 0.014063 0.011250
0 0.109766 0.320312 0.015938 0.018750
0 0.905469 0.355729 0.052500 0.111250
0 0.098828 0.314583 0.008437 0.015000
0 0.086328 0.314063 0.015938 0.013750
0 0.953125 0.313021 0.024375 0.016250
0 0.724219 0.311458 0.009375 0.012500
0 0.685156 0.311458 0.028125 0.025000
0 0.236328 0.307812 0.014063 0.016250
0 0.691406 0.301042 0.013125 0.010000
0 0.204297 0.296354 0.012188 0.008750
0 0.138281 0.305208 0.018750 0.030000
0 0.817187 0.298438 0.016875 0.028750
0 0.790625 0.292187 0.013125 0.013750
0 0.962891 0.288542 0.010312 0.017500
0 0.695312 0.291667 0.020625 0.030000
0 0.875391 0.284375 0.014063 0.020000
0 0.220312 0.295312 0.061875 0.051250
0 0.793750 0.278125 0.015000 0.012500
0 0.136328 0.282813 0.017813 0.028750
0 0.891797 0.278646 0.019688 0.021250
0 0.688672 0.273438 0.019688 0.011250
0 0.216016 0.270313 0.012188 0.016250
0 0.112500 0.300521 0.067500 0.093750
0 0.918359 0.261979 0.008437 0.016250
0 0.689844 0.261458 0.011250 0.015000
0 0.390234 0.269792 0.027187 0.042500
0 0.674219 0.256771 0.018750 0.023750
0 0.018281 0.286979 0.036562 0.096250
0 0.271875 0.277604 0.037500 0.078750
0 0.865234 0.253125 0.025312 0.022500
0 0.647266 0.253125 0.023438 0.032500
0 0.014453 0.246354 0.014063 0.016250
0 0.942187 0.240625 0.028125 0.017500
0 0.842187 0.245833 0.030000 0.030000
0 0.608203 0.248438 0.019688 0.038750
0 0.803906 0.232813 0.015000 0.013750
0 0.656641 0.242708 0.030937 0.040000
0 0.678125 0.234896 0.015000 0.033750
0 0.447266 0.225000 0.008437 0.012500
0 0.874219 0.235937 0.041250 0.041250
0 0.833594 0.233854 0.024375 0.036250
0 0.978906 0.240625 0.042188 0.055000
0 0.848437 0.224479 0.020625 0.021250
0 0.039453 0.218750 0.012188 0.017500
0 0.623437 0.239063 0.039375 0.071250
0 0.693359 0.231771 0.023438 0.056250
0 0.352344 0.214062 0.022500 0.018750
0 0.218750 0.211458 0.007500 0.012500
0 0.061719 0.271354 0.110625 0.163750
0 0.060937 0.210417 0.016875 0.017500
0 0.645703 0.218750 0.019688 0.040000
0 0.049609 0.208333 0.008437 0.020000
0 0.453906 0.205208 0.039375 0.032500
0 0.319531 0.212500 0.071250 0.052500
0 0.774219 0.198437 0.007500 0.021250
0 0.082031 0.204687 0.016875 0.038750
0 0.343750 0.198958 0.028125 0.027500
0 0.616406 0.198437 0.020625 0.028750
0 0.534375 0.201042 0.039375 0.035000
0 0.673047 0.207292 0.040313 0.052500
0 0.542969 0.187500 0.013125 0.010000
0 0.051562 0.192188 0.028125 0.023750
0 0.135156 0.202083 0.035625 0.050000
0 0.030469 0.213021 0.035625 0.076250
0 0.006563 0.188542 0.013125 0.020000
0 0.967187 0.183854 0.013125 0.013750
0 0.519141 0.185417 0.010312 0.020000
0 0.138281 0.182292 0.013125 0.015000
0 0.649609 0.189062 0.027187 0.036250
0 0.631250 0.191667 0.022500 0.045000
0 0.960547 0.178125 0.014063 0.015000
0 0.880469 0.185938 0.026250 0.038750
0 0.618359 0.179688 0.029062 0.026250
0 0.337500 0.183333 0.022500 0.037500
0 0.074219 0.175000 0.013125 0.020000
0 0.108203 0.185938 0.047812 0.048750
0 0.039062 0.177604 0.039375 0.031250
0 0.007969 0.170833 0.015938 0.017500
0 0.531641 0.165104 0.014063 0.016250
0 0.159375 0.166146 0.015000 0.023750
0 0.084375 0.162500 0.016875 0.025000
0 0.667969 0.154167 0.013125 0.017500
0 0.041797 0.156250 0.025312 0.022500
0 0.877734 0.152604 0.014063 0.018750
0 0.439844 0.152604 0.015000 0.021250
0 0.521484 0.148958 0.014063 0.022500
0 0.835156 0.145833 0.013125 0.025000
0 0.662109 0.142187 0.012188 0.016250
0 0.143359 0.141146 0.010312 0.013750
0 0.181641 0.158854 0.036562 0.058750
0 0.205078 0.150521 0.030937 0.046250
0 0.607031 0.148438 0.039375 0.048750
0 0.258203 0.132812 0.012188 0.011250
0 0.604688 0.136458 0.016875 0.025000
0 0.288281 0.133333 0.022500 0.022500
0 0.041797 0.137500 0.019688 0.032500
0 0.004687 0.130729 0.009375 0.018750
0 0.923047 0.126562 0.014063 0.011250
0 0.728125 0.131250 0.015000 0.022500
0 0.808984 0.129167 0.010312 0.020000
0 0.504687 0.128646 0.015000 0.021250
0 0.302734 0.131771 0.019688 0.036250
0 0.050000 0.122917 0.033750 0.027500
0 0.903125 0.121354 0.015000 0.026250
0 0.599219 0.117708 0.016875 0.017500
0 0.139844 0.111458 0.033750 0.020000
0 0.537891 0.130208 0.027187 0.067500
0 0.992500 0.108854 0.015000 0.021250
0 0.255859 0.113021 0.030937 0.031250
0 0.123047 0.115625 0.023438 0.040000
0 0.669531 0.101562 0.011250 0.013750
0 0.295312 0.101562 0.020625 0.016250
0 0.962969 0.119792 0.074063 0.062500
0 0.225781 0.093750 0.009375 0.012500
0 0.927734 0.096875 0.021562 0.027500
0 0.835938 0.094271 0.009375 0.021250
0 0.987500 0.087500 0.020625 0.027500
0 0.069922 0.140625 0.075938 0.155000
0 0.558984 0.084896 0.021562 0.031250
0 0.054297 0.080208 0.025312 0.020000
0 0.217969 0.097917 0.016875 0.065000
0 0.942969 0.093750 0.033750 0.057500
0 0.984766 0.076042 0.008437 0.020000
0 0.508594 0.073958 0.011250 0.015000
0 0.658984 0.079167 0.027187 0.035000
0 0.376953 0.069792 0.012188 0.012500
0 0.116797 0.072396 0.014063 0.021250
0 0.533984 0.083854 0.047812 0.053750
0 0.012656 0.091146 0.025312 0.071250
0 0.725391 0.065104 0.015938 0.013750
0 0.364844 0.072396 0.024375 0.031250
0 0.925781 0.073438 0.011250 0.036250
0 0.503906 0.065104 0.009375 0.016250
0 0.392578 0.067708 0.021562 0.022500
0 0.241797 0.063021 0.012188 0.013750
0 0.358594 0.090625 0.060000 0.082500
0 0.058203 0.066667 0.027187 0.025000
0 0.914453 0.088021 0.047812 0.088750
0 0.175391 0.062500 0.015938 0.027500
0 0.090625 0.065104 0.045000 0.033750
0 0.575391 0.067187 0.027187 0.041250
0 0.457813 0.066146 0.041250 0.038750
0 0.432812 0.059896 0.020625 0.023750
0 0.224219 0.058854 0.024375 0.021250
0 0.073438 0.053125 0.015000 0.012500
0 0.219531 0.051562 0.018750 0.013750
0 0.086719 0.055729 0.011250 0.023750
0 0.884375 0.059375 0.039375 0.035000
0 0.446875 0.051042 0.013125 0.015000
0 0.324609 0.065625 0.027187 0.052500
0 0.923828 0.047917 0.012188 0.012500
0 0.901563 0.048958 0.015000 0.017500
0 0.596094 0.050000 0.009375 0.020000
0 0.055469 0.048958 0.020625 0.017500
0 0.107813 0.046875 0.015000 0.017500
0 0.233203 0.043750 0.008437 0.012500
0 0.206250 0.045312 0.016875 0.016250
0 0.133984 0.110937 0.120937 0.173750
0 0.196094 0.092708 0.054375 0.132500
0 0.364453 0.050521 0.062812 0.033750
0 0.310937 0.054167 0.030000 0.042500
0 0.291016 0.043750 0.012188 0.017500
0 0.266016 0.044792 0.010312 0.020000
0 0.914453 0.042188 0.014063 0.016250
0 0.582422 0.054167 0.029062 0.045000
0 0.461328 0.040625 0.012188 0.015000
0 0.432031 0.043750 0.020625 0.022500
0 0.410938 0.052083 0.031875 0.042500
0 0.394531 0.047396 0.018750 0.031250
0 0.600000 0.580000 1.000000 1.000000
0 0.925781 0.036979 0.016875 0.013750
0 0.539844 0.049479 0.073125 0.043750
0 0.733203 0.043229 0.017813 0.043750
0 0.970938 0.061979 0.058125 0.091250
0 0.776172 0.031250 0.014063 0.017500
0 0.913672 0.026562 0.015938 0.018750
0 0.007500 0.025521 0.015000 0.016250
0 0.959375 0.015625 0.013125 0.012500
0 0.905469 0.016146 0.011250 0.021250
0 0.782031 0.015625 0.016875 0.025000
0 0.661328 0.014063 0.012188 0.023750
0 0.268750 0.010417 0.015000 0.017500
0 0.021484 0.015625 0.025312 0.031250
0 0.992969 0.011875 0.014063 0.023750
0 0.975781 0.011250 0.011250 0.022500
0 0.952734 0.043125 0.055313 0.086250
0 0.948828 0.010625 0.010312 0.021250
0 0.938672 0.005625 0.012188 0.011250
0 0.923438 0.011875 0.031875 0.023750
0 0.882422 0.031250 0.044062 0.062500
0 0.856250 0.068750 0.105000 0.137500
0 0.830078 0.007500 0.029062 0.015000
0 0.810156 0.017500 0.022500 0.035000
0 0.794922 0.013750 0.015938 0.027500
0 0.731250 0.030000 0.106875 0.060000
0 0.685547 0.017500 0.019688 0.035000
0 0.568750 0.006875 0.009375 0.013750
0 0.557813 0.004375 0.015000 0.008750
0 0.545703 0.006875 0.014063 0.013750
0 0.485938 0.008125 0.018750 0.016250
0 0.466797 0.011875 0.023438 0.023750
0 0.397266 0.008750 0.015938 0.017500
0 0.257812 0.006875 0.013125 0.013750
0 0.106641 0.007500 0.017813 0.015000
0 0.060156 0.008750 0.028125 0.017500
0 0.007422 0.009375 0.014063 0.018750
