2 0.055500 0.923500 0.111000 0.153000
2 0.425000 0.822500 0.144000 0.156000
2 0.226250 0.830000 0.297000 0.258000
2 0.421250 0.607500 0.123000 0.192000
2 0.120000 0.483750 0.120000 0.057000
2 0.240000 0.490000 0.138000 0.180000
2 0.618750 0.462500 0.129000 0.174000
2 0.165000 0.610000 0.330000 0.564000
2 0.307500 0.367500 0.126000 0.186000
2 0.357500 0.262500 0.048000 0.132000
2 0.172500 0.230000 0.126000 0.180000
2 0.062500 0.211250 0.108000 0.183000
2 0.386250 0.063750 0.033000 0.045000
2 0.350000 0.205500 0.438000 0.411000
2 0.363750 0.025500 0.033000 0.051000
