2 0.234750 0.838634 0.469500 0.322731
2 0.356250 0.631973 0.027000 0.041965
2 0.425312 0.606162 0.026250 0.029975
2 0.393125 0.597002 0.057000 0.065945
2 0.366563 0.582848 0.030750 0.033972
2 0.322813 0.560783 0.018750 0.044963
2 0.412187 0.550375 0.045750 0.047960
2 0.510312 0.538301 0.026250 0.024979
2 0.540000 0.533722 0.028500 0.025978
2 0.265937 0.527061 0.027750 0.025978
2 0.350313 0.527477 0.050250 0.044963
2 0.304063 0.523314 0.021750 0.036969
2 0.462187 0.529975 0.053250 0.074938
2 0.399375 0.510408 0.067500 0.057952
2 0.517500 0.500416 0.060000 0.059950
2 0.473438 0.483347 0.029250 0.026978
2 0.447188 0.482515 0.030750 0.034971
2 0.422500 0.466694 0.007500 0.012989
2 0.313437 0.473772 0.017250 0.047960
2 0.466562 0.457952 0.020250 0.037968
2 0.276875 0.449625 0.007500 0.021982
2 0.317188 0.445046 0.009750 0.018984
2 0.347813 0.474188 0.062250 0.100916
2 0.503125 0.441299 0.019500 0.043963
2 0.365312 0.426311 0.021750 0.023980
2 0.418438 0.453789 0.101250 0.101915
2 0.251875 0.426728 0.019500 0.042964
2 0.485000 0.425062 0.033000 0.060949
2 0.310625 0.400916 0.024000 0.030974
2 0.282500 0.434221 0.069000 0.114904
2 0.419063 0.378018 0.041250 0.027977
2 0.432188 0.362614 0.011250 0.008993
2 0.358438 0.363863 0.015750 0.027977
2 0.461562 0.354704 0.017250 0.015987
2 0.351875 0.355537 0.015000 0.019983
2 0.328437 0.357619 0.051750 0.068943
2 0.459688 0.325146 0.062250 0.060949
2 0.491875 0.307244 0.031500 0.031973
2 0.420000 0.307660 0.022500 0.040966
2 0.476875 0.288093 0.007500 0.019983
2 0.454375 0.293089 0.045000 0.031973
2 0.506563 0.279767 0.014250 0.033972
2 0.447500 0.363863 0.301500 0.255787
2 0.392813 0.255620 0.017250 0.023980
2 0.364375 0.289342 0.058500 0.120899
2 0.402500 0.279351 0.039000 0.100916
2 0.812500 0.531391 0.364500 0.937219
2 0.407500 0.221482 0.027000 0.035970
2 0.445625 0.208576 0.018000 0.022981
2 0.464687 0.243131 0.119250 0.139883
2 0.482500 0.192340 0.028500 0.027977
2 0.465313 0.163197 0.060750 0.037968
2 0.808750 0.130891 0.376500 0.261782
2 0.067500 0.173855 0.135000 0.347710
