2 0.974500 0.979000 0.051000 0.042000
2 0.656250 0.956500 0.081000 0.087000
2 0.971500 0.891250 0.057000 0.081000
2 0.812500 0.907000 0.330000 0.186000
2 0.663750 0.862500 0.237000 0.126000
2 0.900000 0.830000 0.102000 0.096000
2 0.964000 0.825000 0.072000 0.090000
2 0.613750 0.800000 0.045000 0.030000
2 0.553750 0.875500 0.135000 0.249000
2 0.768750 0.800000 0.117000 0.102000
2 0.678750 0.776250 0.105000 0.075000
2 0.586250 0.738750 0.039000 0.057000
2 0.635000 0.721250 0.054000 0.069000
2 0.788750 0.718750 0.081000 0.069000
2 0.408750 0.823000 0.249000 0.354000
2 0.725000 0.710000 0.096000 0.102000
2 0.611250 0.678750 0.063000 0.027000
2 0.872500 0.755000 0.255000 0.234000
2 0.692500 0.675000 0.096000 0.066000
2 0.321250 0.691250 0.111000 0.111000
2 0.825000 0.673750 0.072000 0.075000
2 0.487500 0.696250 0.096000 0.147000
2 0.371250 0.661250 0.069000 0.087000
2 0.752500 0.642500 0.126000 0.096000
2 0.448750 0.645000 0.111000 0.102000
2 0.427500 0.607500 0.042000 0.030000
2 0.976000 0.602500 0.048000 0.024000
2 0.658750 0.627500 0.081000 0.096000
2 0.377500 0.608750 0.084000 0.051000
2 0.551250 0.626250 0.117000 0.147000
2 0.423750 0.575000 0.111000 0.060000
2 0.974500 0.556250 0.051000 0.081000
2 0.600000 0.542500 0.090000 0.108000
2 0.510000 0.528750 0.078000 0.105000
2 0.310000 0.561250 0.114000 0.219000
2 0.798750 0.440000 0.051000 0.030000
2 0.747500 0.526250 0.492000 0.357000
2 0.877500 0.418750 0.216000 0.129000
2 0.361250 0.408750 0.099000 0.105000
2 0.980500 0.406250 0.039000 0.117000
2 0.421250 0.387500 0.051000 0.114000
2 0.466250 0.352500 0.099000 0.060000
2 0.986500 0.328750 0.027000 0.057000
2 0.827500 0.343750 0.204000 0.099000
2 0.311250 0.317500 0.105000 0.060000
2 0.417500 0.298750 0.096000 0.057000
2 0.919000 0.302500 0.162000 0.078000
2 0.973000 0.253750 0.054000 0.033000
2 0.603750 0.302500 0.219000 0.186000
2 0.823750 0.242500 0.069000 0.090000
2 0.742500 0.223750 0.108000 0.069000
2 0.926250 0.146250 0.117000 0.081000
2 0.693750 0.110000 0.105000 0.060000
2 0.818750 0.122500 0.201000 0.162000
2 0.942500 0.042000 0.060000 0.084000
