2 0.477344 0.678125 0.026250 0.027500
2 0.502344 0.660417 0.024375 0.027500
2 0.588672 0.646354 0.017813 0.041250
2 0.484375 0.633854 0.054375 0.048750
2 0.653125 0.610938 0.030000 0.031250
2 0.611328 0.611458 0.057188 0.047500
2 0.577344 0.598958 0.020625 0.040000
2 0.535547 0.604167 0.053437 0.082500
2 0.628906 0.578125 0.030000 0.030000
2 0.591797 0.572396 0.017813 0.041250
2 0.476953 0.563542 0.025312 0.037500
2 0.450391 0.545833 0.023438 0.015000
2 0.437500 0.582292 0.054375 0.110000
2 0.493359 0.535417 0.019688 0.050000
2 0.597266 0.532813 0.019688 0.046250
2 0.573047 0.540625 0.036562 0.072500
2 0.656641 0.517188 0.019688 0.041250
2 0.457813 0.513542 0.061875 0.060000
2 0.528906 0.538542 0.061875 0.122500
2 0.626172 0.509375 0.045937 0.055000
2 0.488281 0.496875 0.030000 0.032500
2 0.569141 0.505208 0.034687 0.087500
2 0.486328 0.470833 0.025312 0.015000
2 0.467187 0.473958 0.018750 0.035000
2 0.505078 0.472917 0.017813 0.042500
2 0.451953 0.467187 0.015938 0.048750
2 0.660547 0.465104 0.017813 0.046250
2 0.460938 0.443229 0.037500 0.031250
2 0.514062 0.439583 0.013125 0.032500
2 0.611719 0.467187 0.063750 0.103750
2 0.693359 0.438021 0.021562 0.041250
2 0.538281 0.450521 0.063750 0.083750
2 0.560937 0.431250 0.020625 0.042500
2 0.472656 0.414062 0.018750 0.033750
2 0.456250 0.397396 0.007500 0.028750
2 0.593359 0.402604 0.042188 0.051250
2 0.409375 0.482292 0.065625 0.247500
2 0.427344 0.385417 0.018750 0.050000
2 0.498047 0.370833 0.019688 0.050000
2 0.615625 0.357812 0.016875 0.043750
2 0.518359 0.351562 0.019688 0.041250
2 0.427734 0.351042 0.040313 0.047500
2 0.669141 0.347917 0.017813 0.047500
2 0.673047 0.329688 0.023438 0.038750
2 0.649219 0.381250 0.088125 0.165000
2 0.582422 0.336979 0.057188 0.098750
2 0.465625 0.345313 0.065625 0.131250
2 0.420703 0.308333 0.053437 0.047500
2 0.570703 0.289583 0.021562 0.060000
2 0.526953 0.362500 0.152812 0.240000
2 0.403516 0.278646 0.023438 0.051250
2 0.425781 0.267708 0.028125 0.035000
2 0.531094 0.584375 1.000000 1.000000
