2 0.163672 0.994375 0.015938 0.011250
2 0.729297 0.993125 0.008437 0.013750
2 0.688281 0.991875 0.016875 0.016250
2 0.328125 0.991875 0.020625 0.016250
2 0.080078 0.991875 0.023438 0.016250
2 0.622656 0.991250 0.020625 0.017500
2 0.948438 0.990625 0.030000 0.018750
2 0.641406 0.990625 0.030000 0.018750
2 0.401953 0.989375 0.017813 0.021250
2 0.099609 0.988125 0.017813 0.023750
2 0.108984 0.985417 0.015938 0.017500
2 0.780859 0.986250 0.025312 0.027500
2 0.341797 0.986250 0.019688 0.027500
2 0.173047 0.987500 0.010312 0.025000
2 0.610938 0.985625 0.015000 0.028750
2 0.249609 0.985000 0.015938 0.030000
2 0.026562 0.985000 0.018750 0.030000
2 0.202734 0.985625 0.027187 0.028750
2 0.656250 0.983750 0.033750 0.032500
2 0.910937 0.978125 0.015000 0.020000
2 0.932031 0.979167 0.016875 0.030000
2 0.896484 0.980000 0.066562 0.040000
2 0.682031 0.974479 0.013125 0.018750
2 0.263672 0.972396 0.010312 0.013750
2 0.332031 0.971354 0.009375 0.016250
2 0.780859 0.972396 0.019688 0.021250
2 0.750781 0.976562 0.011250 0.031250
2 0.207031 0.969271 0.022500 0.013750
2 0.364453 0.975000 0.042188 0.050000
2 0.826172 0.974375 0.083437 0.051250
2 0.285156 0.965104 0.018750 0.018750
2 0.232031 0.973750 0.046875 0.052500
2 0.147266 0.973125 0.049687 0.053750
2 0.780859 0.957292 0.012188 0.015000
2 0.642188 0.969792 0.088125 0.045000
2 0.793750 0.956771 0.020625 0.016250
2 0.948828 0.969792 0.023438 0.050000
2 0.873437 0.966146 0.031875 0.046250
2 0.716797 0.967500 0.068437 0.065000
2 0.641797 0.954688 0.014063 0.023750
2 0.470703 0.966250 0.036562 0.067500
2 0.921484 0.950000 0.017813 0.020000
2 0.018750 0.965000 0.037500 0.070000
2 0.658984 0.947396 0.010312 0.018750
2 0.683594 0.943229 0.009375 0.011250
2 0.648438 0.945312 0.013125 0.016250
2 0.236328 0.946875 0.017813 0.020000
2 0.520312 0.943229 0.013125 0.016250
2 0.980859 0.950521 0.021562 0.036250
2 0.906641 0.954688 0.060937 0.048750
2 0.455469 0.958333 0.041250 0.060000
2 0.426953 0.959375 0.045937 0.081250
2 0.696484 0.943229 0.017813 0.033750
2 0.523438 0.932813 0.015000 0.008750
2 0.789453 0.937500 0.008437 0.022500
2 0.778125 0.938542 0.015000 0.025000
2 0.226562 0.938542 0.015000 0.025000
2 0.171875 0.935937 0.013125 0.018750
2 0.762500 0.955625 0.035625 0.088750
2 0.357812 0.949479 0.050625 0.058750
2 0.953906 0.931250 0.016875 0.017500
2 0.805078 0.951042 0.042188 0.067500
2 0.328906 0.936979 0.015000 0.033750
2 0.066016 0.953125 0.081562 0.093750
2 0.472266 0.926562 0.010312 0.016250
2 0.917578 0.932813 0.014063 0.033750
2 0.653516 0.927083 0.015938 0.020000
2 0.484766 0.925521 0.014063 0.021250
2 0.935547 0.939063 0.034687 0.056250
2 0.966406 0.924479 0.013125 0.023750
2 0.115625 0.948750 0.050625 0.102500
2 0.515234 0.918229 0.012188 0.013750
2 0.775000 0.916667 0.009375 0.017500
2 0.424219 0.919271 0.015000 0.023750
2 0.674219 0.938542 0.045000 0.072500
2 0.366797 0.920312 0.029062 0.028750
2 0.198828 0.945000 0.060937 0.110000
2 0.015234 0.930208 0.027187 0.052500
2 0.268359 0.914062 0.014063 0.018750
2 0.690234 0.909896 0.008437 0.011250
2 0.528125 0.909896 0.015000 0.016250
2 0.034766 0.919792 0.021562 0.042500
2 0.754687 0.915625 0.033750 0.035000
2 0.346484 0.910937 0.021562 0.023750
2 0.171094 0.906771 0.013125 0.013750
2 0.701562 0.903125 0.013125 0.012500
2 0.282813 0.908333 0.022500 0.027500
2 0.969063 0.937500 0.061875 0.125000
2 0.372266 0.901563 0.010312 0.013750
2 0.160547 0.901563 0.012188 0.013750
2 0.289062 0.936875 0.095625 0.126250
2 0.687109 0.897917 0.014063 0.010000
2 0.187891 0.902604 0.017813 0.021250
2 0.205078 0.905208 0.025312 0.030000
2 0.602344 0.901042 0.007500 0.022500
2 0.343750 0.896354 0.018750 0.011250
2 0.407422 0.902083 0.025312 0.030000
2 0.710547 0.893750 0.014063 0.012500
2 0.194531 0.893750 0.013125 0.012500
2 0.398438 0.938021 0.050625 0.121250
2 0.028516 0.898438 0.025312 0.028750
2 0.111328 0.902604 0.029062 0.041250
2 0.815234 0.889583 0.012188 0.017500
2 0.308984 0.893750 0.025312 0.027500
2 0.858984 0.886979 0.010312 0.016250
2 0.325000 0.888021 0.011250 0.018750
2 0.362109 0.892708 0.015938 0.035000
2 0.285156 0.885417 0.022500 0.032500
2 0.917188 0.880729 0.013125 0.023750
2 0.333203 0.877604 0.008437 0.016250
2 0.244922 0.903646 0.049687 0.093750
2 0.355469 0.869792 0.011250 0.017500
2 0.760938 0.867708 0.013125 0.015000
2 0.364063 0.866667 0.013125 0.017500
2 0.050391 0.861458 0.012188 0.015000
2 0.387500 0.858854 0.009375 0.013750
2 0.448437 0.861458 0.013125 0.022500
2 0.245703 0.858854 0.010312 0.018750
2 0.958984 0.888542 0.044062 0.092500
2 0.984531 0.880208 0.030937 0.075000
2 0.263281 0.876563 0.031875 0.066250
2 0.916406 0.895312 0.061875 0.116250
2 0.354297 0.852083 0.017813 0.012500
2 0.420312 0.847917 0.015000 0.012500
2 0.434375 0.844792 0.016875 0.015000
2 0.946484 0.846875 0.006563 0.025000
2 0.929297 0.845313 0.032813 0.021250
2 0.743750 0.846354 0.015000 0.023750
2 0.355469 0.840104 0.018750 0.018750
2 0.976953 0.843229 0.012188 0.028750
2 0.252344 0.840104 0.041250 0.023750
2 0.015938 0.853125 0.031875 0.065000
2 0.815625 0.830208 0.013125 0.012500
2 0.456641 0.828646 0.010312 0.013750
2 0.990156 0.837500 0.019688 0.037500
2 0.107031 0.831771 0.026250 0.023750
2 0.076953 0.825521 0.015938 0.008750
2 0.360156 0.825000 0.011250 0.010000
2 0.685547 0.829167 0.015938 0.022500
2 0.970313 0.833854 0.031875 0.036250
2 0.161328 0.820312 0.010312 0.013750
2 0.121094 0.835938 0.026250 0.051250
2 0.449219 0.822396 0.009375 0.021250
2 0.072656 0.877604 0.145313 0.153750
2 0.936719 0.823438 0.020625 0.031250
2 0.685937 0.814583 0.015000 0.012500
2 0.967969 0.813542 0.018750 0.015000
2 0.946875 0.820312 0.018750 0.036250
2 0.112891 0.813542 0.032813 0.020000
2 0.921484 0.811979 0.015938 0.023750
2 0.087891 0.807813 0.019688 0.016250
2 0.247656 0.813542 0.028125 0.035000
2 0.980469 0.809896 0.020625 0.028750
2 0.026562 0.823438 0.041250 0.061250
2 0.461328 0.805208 0.029062 0.025000
2 0.141406 0.816667 0.030000 0.055000
2 0.289062 0.803646 0.018750 0.026250
2 0.064453 0.805208 0.030937 0.030000
2 0.904687 0.800000 0.009375 0.020000
2 0.296875 0.803125 0.015000 0.030000
2 0.862500 0.796875 0.009375 0.020000
2 0.242578 0.792708 0.017813 0.012500
2 0.899609 0.790625 0.014063 0.015000
2 0.432422 0.802604 0.047812 0.048750
2 0.872656 0.842187 0.131250 0.146250
2 0.008906 0.796875 0.017813 0.037500
2 0.823828 0.789062 0.014063 0.021250
2 0.286719 0.783333 0.009375 0.015000
2 0.458203 0.783333 0.012188 0.017500
2 0.782031 0.781771 0.028125 0.016250
2 0.357812 0.776042 0.020625 0.015000
2 0.887891 0.775521 0.023438 0.018750
2 0.255469 0.776563 0.024375 0.021250
2 0.294531 0.778125 0.016875 0.027500
2 0.280078 0.802083 0.074063 0.085000
2 0.872656 0.792708 0.046875 0.065000
2 0.835156 0.771354 0.015000 0.013750
2 0.099609 0.793229 0.034687 0.066250
2 0.236328 0.787500 0.030937 0.055000
2 0.801172 0.766667 0.010312 0.015000
2 0.774609 0.770312 0.030937 0.023750
2 0.213672 0.770833 0.012188 0.025000
2 0.811328 0.761979 0.012188 0.008750
2 0.201953 0.761979 0.014063 0.011250
2 0.859375 0.760417 0.013125 0.010000
2 0.032031 0.759896 0.016875 0.011250
2 0.791016 0.760938 0.008437 0.021250
2 0.810547 0.774479 0.042188 0.056250
2 0.254688 0.759375 0.028125 0.022500
2 0.130078 0.754687 0.008437 0.016250
2 0.267969 0.753125 0.009375 0.015000
2 0.224219 0.757812 0.020625 0.028750
2 0.068359 0.754167 0.010312 0.020000
2 0.100391 0.775521 0.075938 0.073750
2 0.044531 0.779687 0.086250 0.083750
2 0.032031 0.746875 0.011250 0.010000
2 0.460547 0.745833 0.014063 0.012500
2 0.109766 0.748437 0.012188 0.018750
2 0.989687 0.747396 0.020625 0.023750
2 0.373047 0.744792 0.015938 0.020000
2 0.078125 0.741146 0.020625 0.011250
2 0.048438 0.740625 0.009375 0.015000
2 0.248438 0.740625 0.016875 0.017500
2 0.441406 0.740104 0.007500 0.018750
2 0.134766 0.738542 0.019688 0.020000
2 0.992500 0.730208 0.015000 0.012500
2 0.091016 0.734375 0.021562 0.022500
2 0.023438 0.750000 0.046875 0.062500
2 0.116016 0.731771 0.015938 0.021250
2 0.986328 0.720833 0.008437 0.015000
2 0.178906 0.841667 0.159375 0.305000
2 0.202344 0.733333 0.075000 0.055000
2 0.188281 0.718229 0.007500 0.018750
2 0.197266 0.711979 0.014063 0.013750
2 0.103516 0.721354 0.025312 0.043750
2 0.055469 0.725521 0.075000 0.053750
2 0.010312 0.716667 0.020625 0.032500
2 0.087500 0.711979 0.013125 0.023750
2 0.180469 0.705729 0.026250 0.018750
2 0.073828 0.694792 0.014063 0.017500
2 0.171094 0.694792 0.016875 0.020000
2 0.844141 0.693229 0.010312 0.018750
2 0.290625 0.695312 0.015000 0.033750
2 0.023828 0.700000 0.032813 0.047500
2 0.825781 0.703125 0.031875 0.060000
2 0.389453 0.683333 0.036562 0.020000
2 0.278906 0.682813 0.016875 0.018750
2 0.994375 0.688021 0.011250 0.033750
2 0.339062 0.720833 0.155625 0.115000
2 0.062891 0.679167 0.027187 0.020000
2 0.992188 0.674479 0.009375 0.011250
2 0.852734 0.684375 0.023438 0.040000
2 0.826562 0.677604 0.018750 0.026250
2 0.298438 0.678125 0.028125 0.052500
2 0.210938 0.671875 0.033750 0.040000
2 0.950000 0.660417 0.007500 0.017500
2 0.179297 0.665104 0.019688 0.028750
2 0.026953 0.663542 0.012188 0.027500
2 0.883750 0.736979 0.232500 0.216250
2 0.042578 0.664583 0.030937 0.047500
2 0.012656 0.659896 0.025312 0.036250
2 0.972656 0.653646 0.024375 0.023750
2 0.219141 0.650000 0.010312 0.017500
2 0.953906 0.647917 0.018750 0.017500
2 0.111719 0.688021 0.131250 0.116250
2 0.922656 0.660937 0.022500 0.063750
2 0.080078 0.644271 0.021562 0.026250
2 0.935547 0.651042 0.025312 0.047500
2 0.992188 0.637500 0.013125 0.020000
2 0.515234 0.638542 0.015938 0.030000
2 0.121484 0.632812 0.010312 0.016250
2 0.981641 0.633333 0.008437 0.027500
2 0.885547 0.627083 0.012188 0.012500
2 0.033203 0.627604 0.029062 0.018750
2 0.955859 0.628646 0.038437 0.033750
2 0.957422 0.614583 0.014063 0.015000
2 0.882422 0.619271 0.015938 0.028750
2 0.886328 0.639062 0.090937 0.081250
2 0.907031 0.598958 0.009375 0.017500
2 0.069922 0.600521 0.019688 0.023750
2 0.131250 0.590625 0.031875 0.037500
2 0.911719 0.580729 0.026250 0.018750
2 0.033203 0.580729 0.023438 0.021250
2 0.150391 0.569271 0.021562 0.028750
2 0.142969 0.551042 0.011250 0.012500
2 0.866016 0.547396 0.012188 0.013750
2 0.860156 0.539583 0.011250 0.015000
2 0.992969 0.535417 0.014063 0.017500
2 0.976172 0.527604 0.012188 0.011250
2 0.952344 0.528125 0.011250 0.017500
2 0.944531 0.524479 0.009375 0.028750
2 0.989687 0.520312 0.020625 0.031250
2 0.082031 0.586458 0.164062 0.200000
2 0.947969 0.565625 0.104062 0.152500
2 0.014531 0.507292 0.029062 0.020000
2 0.953125 0.509896 0.022500 0.033750
2 0.987344 0.500521 0.025312 0.031250
2 0.141797 0.490104 0.023438 0.013750
2 0.014844 0.488542 0.028125 0.015000
2 0.917969 0.509896 0.058125 0.071250
2 0.030469 0.489063 0.022500 0.031250
2 0.007031 0.480729 0.014063 0.013750
2 0.179297 0.478125 0.014063 0.012500
2 0.950781 0.483854 0.020625 0.036250
2 0.202734 0.479167 0.021562 0.025000
2 0.034375 0.473958 0.009375 0.017500
2 0.885547 0.465625 0.008437 0.012500
2 0.229297 0.463542 0.014063 0.012500
2 0.352344 0.461979 0.013125 0.023750
2 0.214062 0.461458 0.016875 0.022500
2 0.983125 0.469271 0.033750 0.048750
2 0.233594 0.451562 0.009375 0.018750
2 0.335938 0.447396 0.009375 0.011250
2 0.901172 0.465625 0.090937 0.062500
2 0.885938 0.442188 0.015000 0.021250
2 0.096484 0.439063 0.019688 0.023750
2 0.325000 0.434896 0.028125 0.028750
2 0.010312 0.438021 0.020625 0.038750
2 0.143750 0.423438 0.018750 0.016250
2 0.095703 0.515104 0.145313 0.278750
2 0.223438 0.403646 0.013125 0.016250
2 0.136719 0.394792 0.013125 0.007500
2 0.027187 0.434896 0.054375 0.103750
2 0.005859 0.390104 0.010312 0.013750
2 0.964844 0.393229 0.028125 0.026250
2 0.027344 0.386458 0.016875 0.017500
2 0.151953 0.393750 0.047812 0.057500
2 0.965625 0.376042 0.018750 0.017500
2 0.011250 0.375000 0.022500 0.032500
2 0.034375 0.354167 0.016875 0.022500
2 0.275781 0.372917 0.041250 0.077500
2 0.007969 0.345833 0.015938 0.032500
2 0.973828 0.340625 0.017813 0.022500
2 0.979375 0.358854 0.041250 0.073750
2 0.006563 0.329688 0.013125 0.026250
2 0.048047 0.317188 0.019688 0.023750
2 0.065625 0.313021 0.009375 0.016250
2 0.073828 0.317708 0.014063 0.040000
2 0.985938 0.319792 0.028125 0.050000
2 0.331641 0.316146 0.021562 0.051250
2 0.004687 0.300521 0.009375 0.016250
2 0.123438 0.309375 0.022500 0.045000
2 0.105859 0.297396 0.015938 0.016250
2 0.991094 0.293229 0.017813 0.018750
2 0.369141 0.311458 0.075938 0.065000
2 0.038672 0.283854 0.015938 0.016250
2 0.118750 0.284896 0.022500 0.021250
2 0.082031 0.338021 0.164062 0.156250
2 0.069531 0.283854 0.026250 0.038750
2 0.092578 0.271875 0.012188 0.015000
2 0.111328 0.273958 0.019688 0.025000
2 0.070312 0.270313 0.018750 0.016250
2 0.995313 0.267188 0.009375 0.013750
2 0.360938 0.285417 0.061875 0.060000
2 0.044922 0.265104 0.010312 0.021250
2 0.008906 0.262500 0.017813 0.027500
2 0.229687 0.260417 0.015000 0.027500
2 0.126562 0.260937 0.028125 0.033750
2 0.109766 0.254167 0.010312 0.017500
2 0.159375 0.271354 0.022500 0.063750
2 0.133984 0.251563 0.014063 0.018750
2 0.042188 0.246875 0.013125 0.015000
2 0.052734 0.242708 0.012188 0.022500
2 0.315625 0.244792 0.018750 0.032500
2 0.130859 0.235937 0.014063 0.011250
2 0.005156 0.239063 0.010312 0.018750
2 0.231641 0.239583 0.012188 0.022500
2 0.092969 0.243750 0.028125 0.042500
2 0.058984 0.233854 0.029062 0.026250
2 0.076172 0.235417 0.023438 0.052500
2 0.062891 0.215625 0.029062 0.017500
2 0.119141 0.225521 0.023438 0.043750
2 0.250781 0.220833 0.015000 0.035000
2 0.007812 0.211979 0.015000 0.021250
2 0.159766 0.236458 0.066562 0.085000
2 0.332813 0.217188 0.033750 0.041250
2 0.192188 0.211979 0.011250 0.028750
2 0.270313 0.217708 0.035625 0.047500
2 0.091797 0.210938 0.027187 0.043750
2 0.991563 0.209896 0.016875 0.043750
2 0.106250 0.200000 0.016875 0.020000
2 0.117969 0.208854 0.043125 0.046250
2 0.965234 0.192708 0.012188 0.017500
2 0.153516 0.193750 0.040313 0.020000
2 0.982031 0.191146 0.026250 0.028750
2 0.055859 0.192188 0.032813 0.033750
2 0.168750 0.179167 0.009375 0.012500
2 0.298047 0.181250 0.010312 0.022500
2 0.030000 0.231771 0.060000 0.156250
2 0.039844 0.172396 0.030000 0.031250
2 0.006563 0.166146 0.013125 0.023750
2 0.021484 0.164583 0.019688 0.025000
2 0.307031 0.164062 0.020625 0.028750
2 0.142187 0.173437 0.046875 0.051250
2 0.102344 0.175521 0.033750 0.056250
2 0.032031 0.156771 0.028125 0.013750
2 0.071875 0.150000 0.015000 0.012500
2 0.276562 0.177604 0.052500 0.081250
2 0.151953 0.152604 0.021562 0.021250
2 0.965234 0.136979 0.014063 0.013750
2 0.038281 0.147396 0.046875 0.046250
2 0.305469 0.131250 0.011250 0.012500
2 0.153906 0.135937 0.058125 0.041250
2 0.977969 0.153646 0.044062 0.091250
2 0.030078 0.121875 0.014063 0.015000
2 0.221875 0.125000 0.015000 0.025000
2 0.126953 0.147917 0.051562 0.082500
2 0.062891 0.131771 0.032813 0.048750
2 0.987813 0.118229 0.024375 0.023750
2 0.078125 0.116667 0.016875 0.022500
2 0.941406 0.113542 0.011250 0.017500
2 0.889062 0.111979 0.009375 0.013750
2 0.252734 0.115104 0.023438 0.026250
2 0.214062 0.111458 0.009375 0.017500
2 0.139063 0.108854 0.015000 0.011250
2 0.757031 0.108333 0.015000 0.012500
2 0.162891 0.111458 0.017813 0.022500
2 0.189453 0.115625 0.045937 0.037500
2 0.266406 0.103646 0.007500 0.016250
2 0.153125 0.105729 0.016875 0.021250
2 0.227734 0.111458 0.038437 0.037500
2 0.869141 0.107813 0.034687 0.038750
2 0.148047 0.095312 0.015938 0.011250
2 0.323437 0.097917 0.018750 0.020000
2 0.258594 0.095833 0.009375 0.015000
2 0.116016 0.103646 0.019688 0.036250
2 0.041406 0.108333 0.031875 0.047500
2 0.822266 0.080729 0.021562 0.013750
2 0.883203 0.088542 0.047812 0.037500
2 0.076953 0.080208 0.012188 0.025000
2 0.667188 0.075521 0.020625 0.018750
2 0.992969 0.088542 0.014063 0.052500
2 0.966797 0.073438 0.008437 0.021250
2 0.516016 0.065104 0.015938 0.008750
2 0.234766 0.078125 0.064687 0.045000
2 0.946484 0.064062 0.012188 0.018750
2 0.673047 0.063542 0.014063 0.020000
2 0.721094 0.059896 0.011250 0.013750
2 0.194141 0.068750 0.010312 0.035000
2 0.031250 0.078125 0.037500 0.060000
2 0.995703 0.058333 0.006563 0.017500
2 0.126172 0.058854 0.027187 0.023750
2 0.017969 0.056771 0.018750 0.021250
2 0.801562 0.074479 0.054375 0.071250
2 0.759766 0.051042 0.025312 0.017500
2 0.702344 0.057813 0.031875 0.033750
2 0.888281 0.041667 0.013125 0.012500
2 0.756250 0.042708 0.009375 0.015000
2 0.089453 0.045833 0.030937 0.022500
2 0.979688 0.047396 0.028125 0.028750
2 0.739062 0.053646 0.028125 0.043750
2 0.721484 0.042188 0.023438 0.026250
2 0.106250 0.038542 0.016875 0.017500
2 0.018359 0.040104 0.023438 0.021250
2 0.025000 0.031250 0.011250 0.010000
2 0.758594 0.032813 0.015000 0.018750
2 0.777344 0.036979 0.020625 0.036250
2 0.878906 0.028646 0.013125 0.018750
2 0.849609 0.026042 0.010312 0.015000
2 0.087500 0.030208 0.026250 0.025000
2 0.987891 0.031771 0.017813 0.031250
2 0.716406 0.025521 0.007500 0.016250
2 0.065625 0.028125 0.024375 0.027500
2 0.932031 0.021875 0.011250 0.020000
2 0.150000 0.021354 0.016875 0.018750
2 0.946484 0.027604 0.021562 0.038750
2 0.755859 0.016667 0.017813 0.012500
2 0.674219 0.018229 0.016875 0.016250
2 0.014063 0.024479 0.028125 0.033750
2 0.994844 0.021354 0.010312 0.028750
2 0.770312 0.019792 0.026250 0.025000
2 0.182422 0.015104 0.010312 0.013750
2 0.906641 0.012500 0.010312 0.020000
2 0.924609 0.011979 0.015938 0.021250
2 0.314063 0.029375 0.056250 0.058750
2 0.077344 0.009896 0.013125 0.016250
2 0.727344 0.009896 0.022500 0.018750
2 0.708203 0.024375 0.019688 0.048750
2 0.147266 0.052500 0.098437 0.105000
2 0.915234 0.009375 0.014063 0.018750
2 0.869922 0.010000 0.014063 0.020000
2 0.825391 0.045000 0.055313 0.090000
2 0.798047 0.040000 0.038437 0.080000
2 0.740234 0.016250 0.034687 0.032500
2 0.645312 0.041250 0.136875 0.082500
2 0.497266 0.008750 0.014063 0.017500
2 0.441797 0.007500 0.014063 0.015000
2 0.336719 0.013750 0.007500 0.027500
2 0.246875 0.013750 0.033750 0.027500
2 0.579844 0.600000 1.000000 1.000000
2 0.097266 0.008750 0.029062 0.017500
2 0.058203 0.011250 0.025312 0.022500
2 0.083594 0.106875 0.140625 0.213750
2 0.016875 0.014375 0.033750 0.028750
