2 0.801250 0.980500 0.099000 0.039000
2 0.398750 0.976250 0.039000 0.033000
2 0.122500 0.977500 0.036000 0.045000
2 0.470000 0.976250 0.030000 0.039000
2 0.550000 0.973000 0.024000 0.054000
2 0.876250 0.965500 0.087000 0.069000
2 0.810000 0.958750 0.024000 0.039000
2 0.428750 0.965500 0.045000 0.069000
2 0.100000 0.943750 0.030000 0.027000
2 0.776250 0.928750 0.045000 0.033000
2 0.862500 0.933750 0.030000 0.051000
2 0.471250 0.946000 0.117000 0.108000
2 0.018000 0.949000 0.036000 0.102000
2 0.115000 0.918750 0.102000 0.039000
2 0.533750 0.915000 0.033000 0.054000
2 0.815000 0.897500 0.036000 0.042000
2 0.048000 0.926500 0.096000 0.147000
2 0.965500 0.923500 0.069000 0.153000
2 0.760000 0.892500 0.054000 0.054000
2 0.900000 0.905000 0.096000 0.090000
2 0.566250 0.919000 0.117000 0.162000
2 0.276250 0.891250 0.051000 0.063000
2 0.080000 0.872500 0.060000 0.024000
2 0.952500 0.863750 0.042000 0.045000
2 0.441250 0.863750 0.045000 0.063000
2 0.406250 0.891250 0.063000 0.135000
2 0.671250 0.898000 0.153000 0.204000
2 0.985000 0.846250 0.030000 0.051000
2 0.893750 0.830000 0.039000 0.036000
2 0.557500 0.832500 0.060000 0.042000
2 0.801250 0.856250 0.135000 0.117000
2 0.862500 0.828750 0.036000 0.057000
2 0.626250 0.820000 0.051000 0.042000
2 0.932500 0.816250 0.048000 0.039000
2 0.687500 0.803750 0.054000 0.039000
2 0.912500 0.787500 0.030000 0.048000
2 0.813750 0.812500 0.063000 0.108000
2 0.875000 0.785000 0.042000 0.066000
2 0.610000 0.788750 0.078000 0.081000
2 0.822500 0.766250 0.036000 0.033000
2 0.661250 0.718750 0.045000 0.033000
2 0.081000 0.786250 0.162000 0.195000
2 0.893750 0.718750 0.075000 0.057000
2 0.945000 0.751250 0.084000 0.147000
2 0.831250 0.721250 0.081000 0.075000
2 0.220000 0.801250 0.258000 0.267000
2 0.621250 0.706250 0.033000 0.045000
2 0.028750 0.703750 0.057000 0.039000
2 0.158750 0.682500 0.033000 0.030000
2 0.875000 0.685000 0.042000 0.042000
2 0.982000 0.710000 0.036000 0.108000
2 0.848750 0.675000 0.033000 0.030000
2 0.537500 0.735000 0.084000 0.198000
2 0.542500 0.660000 0.030000 0.036000
2 0.613750 0.727500 0.159000 0.204000
2 0.366250 0.660000 0.039000 0.042000
2 0.926250 0.658750 0.039000 0.045000
2 0.967000 0.658750 0.066000 0.063000
2 0.721250 0.662500 0.099000 0.078000
2 0.712500 0.631250 0.054000 0.033000
2 0.456250 0.646250 0.057000 0.075000
2 0.877500 0.647500 0.078000 0.090000
2 0.950000 0.617500 0.054000 0.030000
2 0.747500 0.711250 0.198000 0.279000
2 0.481250 0.607500 0.039000 0.048000
2 0.345000 0.606250 0.054000 0.051000
2 0.273750 0.637500 0.093000 0.126000
2 0.647500 0.611250 0.048000 0.069000
2 0.853750 0.571250 0.045000 0.021000
2 0.626250 0.563750 0.039000 0.039000
2 0.112500 0.653750 0.225000 0.291000
2 0.253750 0.531250 0.057000 0.039000
2 0.034500 0.563750 0.069000 0.117000
2 0.407500 0.531250 0.024000 0.045000
2 0.733750 0.555000 0.117000 0.126000
2 0.937500 0.522500 0.042000 0.054000
2 0.672500 0.516250 0.054000 0.051000
2 0.337500 0.697000 0.474000 0.606000
2 0.641250 0.517500 0.027000 0.060000
2 0.082500 0.537500 0.102000 0.114000
2 0.747500 0.497500 0.042000 0.042000
2 0.886250 0.485000 0.039000 0.036000
2 0.400000 0.497500 0.120000 0.090000
2 0.108750 0.487500 0.033000 0.072000
2 0.902500 0.452500 0.048000 0.036000
2 0.590000 0.530000 0.144000 0.228000
2 0.396250 0.448750 0.051000 0.039000
2 0.223750 0.442500 0.057000 0.030000
2 0.943000 0.501250 0.114000 0.189000
2 0.931250 0.430000 0.039000 0.024000
2 0.885000 0.412500 0.048000 0.030000
2 0.320000 0.407500 0.066000 0.042000
2 0.095000 0.416250 0.048000 0.069000
2 0.803750 0.503750 0.381000 0.285000
2 0.051000 0.435000 0.102000 0.150000
2 0.177500 0.410000 0.132000 0.102000
2 0.628750 0.401250 0.081000 0.087000
2 0.943000 0.398750 0.114000 0.105000
2 0.320000 0.356250 0.030000 0.057000
2 0.983500 0.343750 0.033000 0.033000
2 0.756250 0.372500 0.111000 0.126000
2 0.673750 0.348750 0.105000 0.069000
2 0.935000 0.337500 0.096000 0.054000
2 0.588750 0.340000 0.057000 0.066000
2 0.852500 0.357500 0.114000 0.120000
2 0.712500 0.327500 0.042000 0.060000
2 0.045000 0.330000 0.090000 0.108000
2 0.977500 0.297500 0.036000 0.042000
2 0.656250 0.298750 0.039000 0.045000
2 0.517500 0.395000 0.276000 0.300000
2 0.907500 0.293750 0.126000 0.069000
2 0.810000 0.283750 0.090000 0.051000
2 0.400000 0.275000 0.066000 0.036000
2 0.245000 0.272500 0.042000 0.030000
2 0.145000 0.296250 0.120000 0.129000
2 0.237500 0.253750 0.048000 0.033000
2 0.602500 0.250000 0.036000 0.042000
2 0.191250 0.241250 0.057000 0.033000
2 0.740000 0.267500 0.090000 0.108000
2 0.800000 0.240000 0.030000 0.048000
2 0.281250 0.491250 0.393000 0.657000
2 0.646250 0.232500 0.057000 0.042000
2 0.352500 0.245000 0.036000 0.072000
2 0.701250 0.241250 0.063000 0.075000
2 0.393750 0.232500 0.051000 0.066000
2 0.800000 0.206250 0.036000 0.045000
2 0.307500 0.207500 0.054000 0.066000
2 0.531250 0.188750 0.045000 0.027000
2 0.088500 0.232500 0.177000 0.138000
2 0.626250 0.193750 0.087000 0.057000
2 0.568750 0.198750 0.105000 0.069000
2 0.661250 0.182500 0.045000 0.048000
2 0.902500 0.221250 0.114000 0.147000
2 0.486250 0.225000 0.219000 0.156000
2 0.838750 0.205000 0.045000 0.114000
2 0.735000 0.183750 0.120000 0.087000
2 0.222500 0.191250 0.186000 0.105000
2 0.952500 0.157500 0.042000 0.030000
2 0.586250 0.147500 0.069000 0.042000
2 0.731250 0.131250 0.057000 0.033000
2 0.635000 0.128750 0.060000 0.045000
2 0.380000 0.132500 0.078000 0.078000
2 0.964000 0.170000 0.072000 0.186000
2 0.505000 0.125000 0.126000 0.120000
2 0.618750 0.081250 0.033000 0.039000
2 0.048000 0.127500 0.096000 0.168000
2 0.122500 0.117500 0.114000 0.150000
2 0.478750 0.063750 0.039000 0.051000
2 0.231250 0.101250 0.093000 0.147000
2 0.302500 0.106250 0.114000 0.189000
2 0.453750 0.036250 0.033000 0.051000
2 0.885000 0.090000 0.138000 0.180000
2 0.473750 0.017500 0.027000 0.030000
2 0.405000 0.097500 0.186000 0.195000
2 0.945000 0.040500 0.096000 0.081000
2 0.750000 0.108000 0.276000 0.216000
2 0.698750 0.024000 0.045000 0.048000
2 0.580000 0.087000 0.192000 0.174000
2 0.507500 0.024000 0.048000 0.048000
2 0.430000 0.031500 0.036000 0.063000
2 0.306250 0.019500 0.063000 0.039000
2 0.140000 0.039000 0.204000 0.078000
2 0.037500 0.028500 0.075000 0.057000
