2 0.830313 0.920625 0.339375 0.158750
2 0.668359 0.826042 0.019688 0.045000
2 0.550000 0.795833 0.016875 0.007500
2 0.635156 0.806250 0.033750 0.042500
2 0.589063 0.819271 0.071250 0.078750
2 0.507422 0.786979 0.008437 0.018750
2 0.547656 0.813021 0.045000 0.083750
2 0.640234 0.780208 0.038437 0.022500
2 0.529297 0.777604 0.014063 0.016250
2 0.668359 0.780208 0.019688 0.042500
2 0.579688 0.781250 0.024375 0.047500
2 0.556250 0.772396 0.030000 0.048750
2 0.647656 0.760417 0.022500 0.042500
2 0.589063 0.743750 0.033750 0.035000
2 0.537891 0.751563 0.049687 0.056250
2 0.521484 0.729688 0.012188 0.016250
2 0.485938 0.778125 0.106875 0.137500
2 0.517969 0.714063 0.016875 0.013750
2 0.532813 0.717187 0.015000 0.038750
2 0.449609 0.710417 0.060937 0.032500
2 0.658203 0.717708 0.023438 0.052500
2 0.523438 0.694792 0.030000 0.025000
2 0.437891 0.686458 0.038437 0.037500
2 0.549609 0.682292 0.029062 0.037500
2 0.655078 0.695312 0.057188 0.078750
2 0.482422 0.693229 0.062812 0.083750
2 0.500391 0.675000 0.023438 0.045000
2 0.531250 0.667708 0.018750 0.040000
2 0.519922 0.657292 0.027187 0.035000
2 0.710547 0.659375 0.025312 0.045000
2 0.417187 0.661458 0.041250 0.055000
2 0.507031 0.645833 0.005625 0.020000
2 0.382031 0.656771 0.022500 0.046250
2 0.485156 0.644792 0.024375 0.032500
2 0.353125 0.641667 0.039375 0.035000
2 0.538672 0.645312 0.036562 0.046250
2 0.515234 0.633333 0.015938 0.022500
2 0.672266 0.640104 0.023438 0.046250
2 0.493750 0.620313 0.011250 0.011250
2 0.509766 0.618229 0.021562 0.011250
2 0.600000 0.619271 0.011250 0.021250
2 0.390625 0.623437 0.041250 0.033750
2 0.525000 0.610417 0.022500 0.030000
2 0.660547 0.606250 0.030937 0.030000
2 0.357031 0.601562 0.024375 0.048750
2 0.699609 0.606250 0.047812 0.087500
2 0.628906 0.605729 0.039375 0.086250
2 0.469922 0.581250 0.034687 0.042500
2 0.428906 0.620833 0.105000 0.140000
2 0.573438 0.639583 0.131250 0.222500
2 0.722266 0.555729 0.030937 0.036250
2 0.685156 0.560417 0.026250 0.050000
2 0.548047 0.544271 0.036562 0.031250
2 0.456641 0.542188 0.051562 0.053750
2 0.550391 0.518750 0.036562 0.032500
2 0.482422 0.518229 0.019688 0.041250
2 0.636719 0.538542 0.033750 0.120000
2 0.598437 0.509896 0.075000 0.088750
2 0.505469 0.550521 0.091875 0.191250
2 0.661328 0.482812 0.034687 0.031250
2 0.556641 0.484896 0.027187 0.043750
2 0.493359 0.466146 0.017813 0.028750
2 0.508984 0.478125 0.034687 0.062500
2 0.470313 0.464062 0.020625 0.033750
2 0.261094 0.665625 0.522188 0.668750
2 0.566016 0.451042 0.015938 0.027500
2 0.503516 0.456250 0.014063 0.050000
2 0.585938 0.455208 0.048750 0.050000
2 0.628516 0.442188 0.030937 0.041250
2 0.530078 0.423958 0.027187 0.042500
2 0.452734 0.490104 0.164062 0.203750
2 0.626563 0.382292 0.022500 0.047500
2 0.524609 0.369792 0.025312 0.037500
2 0.560937 0.376563 0.076875 0.133750
2 0.808281 0.245625 0.383437 0.491250
