2 0.228281 0.854375 0.456562 0.291250
2 0.462891 0.770833 0.023438 0.040000
2 0.560156 0.730729 0.028125 0.036250
2 0.460156 0.719792 0.031875 0.035000
2 0.426953 0.686458 0.034687 0.025000
2 0.610938 0.702083 0.106875 0.100000
2 0.540625 0.628125 0.037500 0.025000
2 0.366406 0.628646 0.031875 0.031250
2 0.403125 0.622396 0.026250 0.041250
2 0.507422 0.708854 0.167812 0.268750
2 0.619531 0.592708 0.035625 0.035000
2 0.427734 0.582292 0.030937 0.025000
2 0.389062 0.584896 0.046875 0.073750
2 0.733984 0.569792 0.025312 0.042500
2 0.458984 0.580729 0.040313 0.071250
2 0.416016 0.554688 0.023438 0.038750
2 0.378125 0.540625 0.024375 0.037500
2 0.737500 0.535937 0.041250 0.028750
2 0.699609 0.535937 0.042188 0.066250
2 0.544922 0.515625 0.045937 0.052500
2 0.567187 0.500000 0.024375 0.020000
2 0.569922 0.483333 0.017813 0.012500
2 0.650000 0.493229 0.039375 0.051250
2 0.433203 0.503125 0.057188 0.075000
2 0.498047 0.463021 0.032813 0.028750
2 0.419531 0.438542 0.018750 0.035000
2 0.448437 0.434375 0.043125 0.080000
2 0.419922 0.401042 0.019688 0.037500
2 0.564063 0.393229 0.018750 0.021250
2 0.583594 0.542708 0.296250 0.405000
