2 0.581250 0.961979 0.043125 0.061250
2 0.526563 0.953125 0.078750 0.093750
2 0.337500 0.922396 0.035625 0.036250
2 0.432422 0.935625 0.107813 0.128750
2 0.565625 0.918750 0.031875 0.072500
2 0.367188 0.927604 0.043125 0.126250
2 0.448828 0.898438 0.040313 0.076250
2 0.391797 0.857292 0.012188 0.012500
2 0.409375 0.886458 0.112500 0.095000
2 0.495703 0.851042 0.055313 0.055000
2 0.360547 0.845833 0.059062 0.067500
2 0.570703 0.824479 0.042188 0.068750
2 0.427734 0.804167 0.015938 0.020000
2 0.421484 0.829167 0.089063 0.082500
2 0.743359 0.815625 0.029062 0.077500
2 0.425000 0.787500 0.009375 0.020000
2 0.314844 0.842708 0.103125 0.162500
2 0.474219 0.793229 0.054375 0.051250
2 0.438281 0.782292 0.007500 0.027500
2 0.398047 0.777083 0.019688 0.020000
2 0.626953 0.833333 0.109688 0.157500
2 0.516797 0.789583 0.044062 0.072500
2 0.488281 0.765625 0.013125 0.017500
2 0.574609 0.779167 0.087188 0.067500
2 0.444141 0.755208 0.010312 0.012500
2 0.344922 0.746875 0.012188 0.022500
2 0.603125 0.745833 0.015000 0.025000
2 0.499219 0.746354 0.028125 0.026250
2 0.744531 0.739583 0.009375 0.017500
2 0.702344 0.759375 0.039375 0.077500
2 0.363281 0.776042 0.159375 0.140000
2 0.589063 0.744271 0.052500 0.066250
2 0.770312 0.720833 0.009375 0.015000
2 0.444141 0.743750 0.042188 0.070000
2 0.489063 0.736979 0.063750 0.061250
2 0.756641 0.739583 0.072187 0.095000
2 0.801562 0.713542 0.039375 0.080000
2 0.477344 0.702083 0.048750 0.055000
2 0.718750 0.704167 0.037500 0.062500
2 0.561328 0.710417 0.083437 0.080000
2 0.818594 0.802500 0.362812 0.395000
2 0.551172 0.694271 0.057188 0.058750
2 0.855078 0.673438 0.010312 0.013750
2 0.534766 0.673438 0.015938 0.016250
2 0.333203 0.673958 0.010312 0.025000
2 0.585156 0.667708 0.030000 0.025000
2 0.852734 0.672396 0.062812 0.051250
2 0.510547 0.677083 0.036562 0.085000
2 0.606250 0.676562 0.037500 0.091250
2 0.458203 0.653646 0.025312 0.036250
2 0.472266 0.665625 0.055313 0.082500
2 0.327344 0.696354 0.086250 0.163750
2 0.580859 0.640104 0.042188 0.033750
2 0.791016 0.653646 0.053437 0.073750
2 0.670312 0.680729 0.052500 0.143750
2 0.566406 0.625000 0.026250 0.027500
2 0.450391 0.622396 0.012188 0.021250
2 0.712500 0.633854 0.037500 0.078750
2 0.454297 0.613542 0.040313 0.035000
2 0.500781 0.626563 0.067500 0.073750
2 0.402734 0.623437 0.038437 0.076250
2 0.307031 0.613021 0.039375 0.078750
2 0.646094 0.631771 0.052500 0.161250
2 0.278516 0.581250 0.049687 0.065000
2 0.575391 0.606771 0.134063 0.148750
2 0.330078 0.538021 0.008437 0.021250
2 0.701562 0.553646 0.091875 0.071250
2 0.740625 0.523958 0.018750 0.015000
2 0.308984 0.541667 0.042188 0.065000
2 0.251953 0.541146 0.049687 0.068750
2 0.763672 0.563542 0.079687 0.125000
2 0.604297 0.534375 0.049687 0.057500
2 0.459766 0.536979 0.038437 0.078750
2 0.395703 0.507812 0.014063 0.016250
2 0.821875 0.521875 0.048750 0.055000
2 0.384375 0.612500 0.150000 0.305000
2 0.426172 0.539062 0.036562 0.136250
2 0.634766 0.502083 0.059062 0.050000
2 0.743750 0.500000 0.056250 0.055000
2 0.400391 0.483854 0.032813 0.038750
2 0.425000 0.471354 0.030000 0.013750
2 0.701562 0.492188 0.086250 0.081250
2 0.287500 0.488542 0.048750 0.072500
2 0.491016 0.481771 0.036562 0.076250
2 0.500000 0.527604 0.180000 0.196250
2 0.530469 0.458854 0.037500 0.043750
2 0.543359 0.439063 0.025312 0.023750
2 0.611328 0.455729 0.085312 0.093750
2 0.808594 0.440104 0.037500 0.076250
2 0.427344 0.442188 0.144375 0.103750
2 0.747656 0.421875 0.045000 0.060000
2 0.557031 0.441667 0.031875 0.110000
2 0.681250 0.435937 0.110625 0.101250
2 0.476953 0.418229 0.120937 0.058750
2 0.517969 0.398958 0.018750 0.017500
2 0.540625 0.408854 0.030000 0.046250
2 0.585938 0.389062 0.026250 0.043750
2 0.597266 0.372396 0.027187 0.033750
2 0.467578 0.376042 0.064687 0.047500
2 0.858984 0.352604 0.038437 0.078750
2 0.681250 0.345833 0.033750 0.075000
2 0.713281 0.337500 0.035625 0.082500
2 0.769531 0.317708 0.020625 0.045000
2 0.574219 0.368229 0.187500 0.191250
2 0.564453 0.305729 0.053437 0.053750
2 0.719141 0.269271 0.038437 0.073750
2 0.776172 0.301042 0.109688 0.235000
2 0.593438 0.555000 1.000000 1.000000
