2 0.568438 0.584097 0.009750 0.012989
2 0.533750 0.585762 0.024000 0.020983
2 0.558750 0.584097 0.027000 0.036969
2 0.506875 0.580766 0.015000 0.028976
2 0.583750 0.570774 0.028500 0.030974
2 0.642188 0.555371 0.005250 0.015987
2 0.553438 0.555371 0.017250 0.017985
2 0.637500 0.555371 0.013500 0.037968
2 0.482812 0.562864 0.081750 0.057952
2 0.607500 0.546211 0.024000 0.031973
2 0.453750 0.537469 0.028500 0.022981
2 0.556875 0.535387 0.024000 0.021982
2 0.533125 0.547460 0.043500 0.064946
2 0.652375 0.710741 0.695250 0.578518
2 0.612187 0.524563 0.032250 0.017985
2 0.433437 0.517069 0.017250 0.019983
2 0.635312 0.512906 0.012750 0.029975
2 0.519062 0.519567 0.050250 0.055953
2 0.566250 0.507494 0.027000 0.028976
2 0.617812 0.504163 0.020250 0.028976
2 0.489687 0.496669 0.015750 0.012989
2 0.475625 0.513739 0.058500 0.055953
2 0.368750 0.491674 0.015000 0.006994
2 0.437500 0.498335 0.028500 0.024979
2 0.539375 0.492090 0.030000 0.023980
2 0.554688 0.482098 0.021750 0.013988
2 0.508125 0.480433 0.027000 0.011990
2 0.411875 0.487094 0.019500 0.035970
2 0.388437 0.483764 0.015750 0.027977
2 0.365000 0.477102 0.027000 0.019983
2 0.554063 0.470441 0.030750 0.015987
2 0.464375 0.480433 0.030000 0.039967
2 0.421875 0.469609 0.015000 0.019983
2 0.486563 0.468776 0.020250 0.031973
2 0.528125 0.464197 0.021000 0.034971
2 0.392188 0.459617 0.027750 0.023980
2 0.609062 0.459617 0.015750 0.031973
2 0.514375 0.457535 0.016500 0.034971
2 0.473125 0.449209 0.021000 0.020983
2 0.452500 0.446295 0.019500 0.013988
2 0.363750 0.439217 0.012000 0.018984
2 0.578125 0.444629 0.042000 0.033972
2 0.491250 0.434638 0.018000 0.013988
2 0.479063 0.427144 0.009750 0.007993
2 0.619687 0.442964 0.050250 0.049958
2 0.506250 0.440050 0.051000 0.056953
2 0.572187 0.425895 0.018750 0.026978
2 0.405625 0.419650 0.013500 0.015987
2 0.552813 0.426728 0.038250 0.060949
2 0.503437 0.408410 0.021750 0.018984
2 0.462187 0.405912 0.017250 0.014988
2 0.476250 0.412989 0.045000 0.039967
2 0.425000 0.439217 0.087000 0.106911
2 0.453750 0.393838 0.022500 0.013988
2 0.667500 0.398834 0.022500 0.033972
2 0.530625 0.401749 0.039000 0.044963
2 0.579375 0.386345 0.021000 0.015987
2 0.630313 0.389675 0.015750 0.027977
2 0.650312 0.379267 0.014250 0.020983
2 0.393125 0.385512 0.019500 0.037968
2 0.564375 0.385096 0.040500 0.042964
2 0.487500 0.381349 0.018000 0.033972
2 0.618750 0.362198 0.022500 0.015987
2 0.451250 0.367194 0.024000 0.027977
2 0.419687 0.360949 0.011250 0.012989
2 0.433750 0.372606 0.018000 0.042964
2 0.593437 0.375520 0.036750 0.067943
2 0.520312 0.345129 0.030750 0.018984
2 0.532188 0.366778 0.083250 0.072939
2 0.429375 0.358868 0.048000 0.061948
2 0.484687 0.350958 0.024750 0.044963
2 0.464062 0.341799 0.015750 0.034971
2 0.655000 0.352206 0.040500 0.073938
2 0.476250 0.328893 0.016500 0.023980
2 0.523438 0.320566 0.023250 0.027977
2 0.637188 0.314738 0.014250 0.033972
2 0.540312 0.307660 0.012750 0.020983
2 0.455937 0.310991 0.027750 0.028976
2 0.569375 0.314321 0.049500 0.044963
2 0.468750 0.300167 0.018000 0.012989
2 0.520312 0.302664 0.011250 0.020983
2 0.432188 0.315154 0.062250 0.050958
2 0.672188 0.299750 0.026250 0.029975
2 0.507188 0.294338 0.015750 0.016986
2 0.466875 0.290591 0.012000 0.015987
2 0.519375 0.289759 0.007500 0.015987
2 0.527813 0.280600 0.012750 0.011990
2 0.448750 0.286844 0.028500 0.026978
2 0.595313 0.305162 0.030750 0.086928
2 0.482812 0.291840 0.029250 0.060949
2 0.434063 0.273938 0.032250 0.017985
2 0.556875 0.279767 0.057000 0.037968
2 0.615313 0.265196 0.014250 0.006994
2 0.480312 0.263530 0.027750 0.028976
2 0.530625 0.258951 0.013500 0.021982
2 0.621875 0.253955 0.013500 0.011990
2 0.609062 0.255620 0.015750 0.017985
2 0.497500 0.253955 0.012000 0.015987
2 0.461250 0.261865 0.027000 0.042964
2 0.551875 0.248959 0.031500 0.023980
2 0.512813 0.240633 0.009750 0.015987
2 0.498437 0.242298 0.023250 0.019983
2 0.584063 0.233139 0.027750 0.027977
2 0.540625 0.223980 0.027000 0.031973
2 0.512188 0.213572 0.072750 0.062948
2 0.538438 0.181932 0.018750 0.036969
2 0.579063 0.180266 0.020250 0.034971
2 0.508125 0.171940 0.037500 0.042964
2 0.917875 0.179351 0.164250 0.358701
2 0.258750 0.600000 0.517500 1.000000
