2 0.576953 0.857292 0.064687 0.050000
2 0.291406 0.813021 0.011250 0.011250
2 0.688672 0.781250 0.029062 0.015000
2 0.296484 0.809375 0.044062 0.082500
2 0.649219 0.793750 0.063750 0.057500
2 0.438281 0.788542 0.052500 0.060000
2 0.516406 0.781771 0.065625 0.046250
2 0.627734 0.748958 0.012188 0.015000
2 0.723437 0.767188 0.063750 0.068750
2 0.651953 0.742188 0.027187 0.013750
2 0.650000 0.746354 0.084375 0.053750
2 0.278516 0.742708 0.064687 0.047500
2 0.603125 0.730729 0.071250 0.048750
2 0.332422 0.735417 0.049687 0.070000
2 0.654297 0.707812 0.015938 0.026250
2 0.554688 0.705729 0.061875 0.056250
2 0.705859 0.704167 0.074063 0.090000
2 0.428906 0.710938 0.095625 0.111250
2 0.276172 0.667708 0.014063 0.012500
2 0.485938 0.692187 0.037500 0.073750
2 0.649609 0.673438 0.072187 0.048750
2 0.271875 0.682292 0.067500 0.095000
2 0.211719 0.657292 0.060000 0.037500
2 0.521484 0.663542 0.044062 0.057500
2 0.547656 0.653646 0.015000 0.036250
2 0.581641 0.660417 0.025312 0.057500
2 0.319141 0.640625 0.055313 0.045000
2 0.380078 0.640104 0.066562 0.048750
2 0.652734 0.631250 0.068437 0.045000
2 0.521484 0.639062 0.057188 0.063750
2 0.275781 0.614062 0.061875 0.048750
2 0.468750 0.634896 0.112500 0.113750
2 0.662500 0.573958 0.069375 0.047500
2 0.356250 0.583854 0.114375 0.076250
2 0.516406 0.557813 0.007500 0.021250
2 0.570703 0.586458 0.066562 0.117500
2 0.405859 0.558854 0.137813 0.073750
2 0.531250 0.556771 0.031875 0.073750
2 0.688672 0.548958 0.096562 0.100000
2 0.373828 0.511979 0.019688 0.026250
2 0.644922 0.504687 0.038437 0.033750
2 0.509766 0.514062 0.055313 0.061250
2 0.564844 0.517188 0.045000 0.071250
2 0.325391 0.493750 0.017813 0.017500
2 0.213672 0.502604 0.051562 0.041250
2 0.228906 0.481771 0.007500 0.018750
2 0.402734 0.494792 0.038437 0.072500
2 0.636328 0.475521 0.032813 0.028750
2 0.372656 0.478646 0.043125 0.041250
2 0.732031 0.486979 0.063750 0.063750
2 0.253516 0.514583 0.100312 0.135000
2 0.427344 0.477083 0.016875 0.052500
2 0.626172 0.509896 0.081562 0.133750
2 0.377344 0.455729 0.011250 0.013750
2 0.332813 0.476042 0.045000 0.065000
2 0.442969 0.458854 0.015000 0.033750
2 0.683203 0.477604 0.072187 0.083750
2 0.148828 0.447917 0.040313 0.052500
2 0.271875 0.447396 0.048750 0.053750
2 0.571484 0.452604 0.072187 0.081250
2 0.469531 0.427083 0.009375 0.020000
2 0.662109 0.423438 0.014063 0.018750
2 0.191797 0.431771 0.057188 0.038750
2 0.607422 0.435937 0.040313 0.061250
2 0.412891 0.417708 0.017813 0.017500
2 0.312109 0.455208 0.064687 0.107500
2 0.390625 0.435417 0.039375 0.072500
2 0.359766 0.431250 0.029062 0.070000
2 0.466797 0.398958 0.047812 0.040000
2 0.112109 0.394792 0.042188 0.057500
2 0.181250 0.394792 0.052500 0.062500
2 0.321484 0.384896 0.068437 0.053750
2 0.503516 0.353646 0.017813 0.013750
2 0.350781 0.353646 0.011250 0.023750
2 0.458203 0.347396 0.019688 0.011250
2 0.166016 0.370833 0.059062 0.067500
2 0.258594 0.355208 0.009375 0.037500
2 0.612500 0.364583 0.093750 0.082500
2 0.549609 0.335938 0.010312 0.013750
2 0.700000 0.385417 0.050625 0.142500
2 0.459375 0.332292 0.018750 0.015000
2 0.378125 0.357292 0.037500 0.075000
2 0.275781 0.353646 0.045000 0.066250
2 0.410547 0.343229 0.032813 0.061250
2 0.560547 0.336458 0.070312 0.047500
2 0.451172 0.426563 0.150938 0.278750
2 0.657422 0.384375 0.072187 0.192500
2 0.503125 0.311979 0.009375 0.021250
2 0.374219 0.297917 0.011250 0.012500
2 0.497656 0.360938 0.123750 0.173750
2 0.638672 0.322917 0.060937 0.090000
2 0.387500 0.301042 0.063750 0.052500
2 0.251172 0.292708 0.057188 0.047500
2 0.482031 0.289583 0.056250 0.047500
2 0.352344 0.273438 0.026250 0.013750
2 0.436719 0.283854 0.046875 0.061250
2 0.283594 0.281250 0.026250 0.057500
2 0.592187 0.264062 0.013125 0.021250
2 0.508203 0.258854 0.066562 0.048750
2 0.359375 0.294792 0.151875 0.152500
2 0.689453 0.260937 0.042188 0.073750
2 0.658594 0.258333 0.033750 0.072500
2 0.336328 0.249479 0.040313 0.061250
2 0.270703 0.232813 0.023438 0.028750
2 0.200781 0.267708 0.078750 0.127500
2 0.532813 0.214062 0.041250 0.018750
2 0.406250 0.209896 0.016875 0.013750
2 0.434375 0.216146 0.052500 0.036250
2 0.325000 0.204687 0.052500 0.038750
2 0.593359 0.181250 0.010312 0.022500
2 0.256250 0.221875 0.110625 0.125000
2 0.551172 0.241667 0.229687 0.175000
2 0.543359 0.188021 0.047812 0.046250
2 0.405078 0.172917 0.017813 0.017500
2 0.357031 0.184896 0.028125 0.046250
2 0.405469 0.198437 0.118125 0.086250
2 0.325391 0.173958 0.015938 0.032500
2 0.493750 0.173437 0.058125 0.051250
2 0.387109 0.166667 0.044062 0.040000
2 0.271484 0.163021 0.017813 0.036250
2 0.277734 0.144792 0.019688 0.010000
2 0.612500 0.150000 0.060000 0.050000
2 0.412891 0.132292 0.008437 0.017500
2 0.549609 0.145313 0.059062 0.053750
2 0.430078 0.142187 0.062812 0.051250
2 0.472266 0.139583 0.059062 0.052500
2 0.667969 0.127083 0.052500 0.062500
2 0.351562 0.137500 0.151875 0.120000
2 0.591406 0.109896 0.046875 0.063750
2 0.635938 0.080208 0.063750 0.060000
2 0.577031 0.588125 1.000000 1.000000
