2 0.026250 0.982656 0.052500 0.034687
2 0.495312 0.795312 0.043750 0.041250
2 0.338542 0.775781 0.040000 0.011250
2 0.616250 0.862187 0.767500 0.275625
2 0.386979 0.770312 0.061250 0.022500
2 0.478125 0.755078 0.040000 0.010312
2 0.285938 0.760156 0.056250 0.022500
2 0.440625 0.764453 0.042500 0.045937
2 0.516667 0.754297 0.040000 0.040313
2 0.446354 0.734375 0.023750 0.013125
2 0.366667 0.726953 0.025000 0.027187
2 0.483333 0.716797 0.022500 0.021562
2 0.530729 0.708984 0.026250 0.014063
2 0.194271 0.710938 0.023750 0.018750
2 0.404167 0.695312 0.045000 0.015000
2 0.497396 0.685156 0.031250 0.026250
2 0.459896 0.680859 0.021250 0.015938
2 0.568229 0.677344 0.028750 0.022500
2 0.652604 0.667578 0.031250 0.032813
2 0.156250 0.657422 0.047500 0.032813
2 0.641146 0.650000 0.023750 0.022500
2 0.490625 0.645312 0.017500 0.016875
2 0.592187 0.638281 0.038750 0.020625
2 0.641146 0.628125 0.011250 0.022500
2 0.536979 0.607422 0.033750 0.021562
2 0.691667 0.605859 0.020000 0.034687
2 0.725521 0.578906 0.031250 0.011250
2 0.572917 0.561328 0.015000 0.021562
2 0.664583 0.555078 0.022500 0.032813
2 0.077604 0.537891 0.026250 0.006563
2 0.604167 0.516016 0.017500 0.030937
2 0.655208 0.487891 0.045000 0.012188
2 0.635938 0.467969 0.033750 0.009375
2 0.614583 0.441016 0.037500 0.019688
2 0.550000 0.430078 0.040000 0.012188
2 0.453646 0.389453 0.028750 0.010312
2 0.479167 0.384375 0.020000 0.013125
2 0.642188 0.380859 0.021250 0.036562
2 0.915625 0.214844 0.168750 0.114375
