2 0.942500 0.985000 0.060000 0.030000
2 0.653750 0.983500 0.027000 0.033000
2 0.461250 0.982000 0.033000 0.036000
2 0.280000 0.975000 0.084000 0.030000
2 0.412500 0.977500 0.066000 0.042000
2 0.688750 0.973000 0.033000 0.054000
2 0.130000 0.963750 0.060000 0.027000
2 0.153750 0.965000 0.051000 0.042000
2 0.093750 0.970000 0.045000 0.060000
2 0.765000 0.965500 0.132000 0.069000
2 0.852500 0.967000 0.066000 0.066000
2 0.196250 0.960000 0.045000 0.048000
2 0.342500 0.962500 0.060000 0.072000
2 0.257500 0.946250 0.036000 0.033000
2 0.847500 0.932500 0.072000 0.030000
2 0.057500 0.937500 0.048000 0.042000
2 0.178750 0.931250 0.051000 0.045000
2 0.407500 0.923750 0.090000 0.039000
2 0.773750 0.916250 0.069000 0.051000
2 0.915000 0.913750 0.072000 0.063000
2 0.661250 0.916250 0.063000 0.081000
2 0.028500 0.934000 0.057000 0.132000
2 0.745000 0.896250 0.042000 0.045000
2 0.531250 0.911250 0.051000 0.087000
2 0.296250 0.901250 0.213000 0.081000
2 0.958750 0.920000 0.075000 0.138000
2 0.573750 0.920000 0.171000 0.150000
2 0.682500 0.881250 0.108000 0.105000
2 0.923750 0.857500 0.039000 0.072000
2 0.725000 0.847500 0.036000 0.048000
2 0.537500 0.847500 0.042000 0.060000
2 0.236250 0.845000 0.105000 0.060000
2 0.385000 0.833750 0.054000 0.057000
2 0.448750 0.890000 0.183000 0.198000
2 0.642500 0.817500 0.060000 0.030000
2 0.282500 0.828750 0.054000 0.063000
2 0.426250 0.826250 0.057000 0.087000
2 0.221250 0.802500 0.087000 0.030000
2 0.348750 0.822500 0.057000 0.084000
2 0.126000 0.867500 0.252000 0.192000
2 0.877500 0.808750 0.048000 0.075000
2 0.595000 0.805000 0.102000 0.066000
2 0.453750 0.790000 0.039000 0.048000
2 0.965000 0.781250 0.036000 0.033000
2 0.838750 0.805000 0.069000 0.090000
2 0.787500 0.777500 0.042000 0.024000
2 0.393750 0.788750 0.069000 0.063000
2 0.180000 0.767500 0.048000 0.042000
2 0.112500 0.793750 0.084000 0.105000
2 0.982000 0.777500 0.036000 0.078000
2 0.147500 0.768750 0.054000 0.075000
2 0.412500 0.748750 0.066000 0.045000
2 0.938750 0.761250 0.057000 0.087000
2 0.361250 0.741250 0.045000 0.045000
2 0.777500 0.817500 0.318000 0.240000
2 0.513750 0.747500 0.039000 0.072000
2 0.667500 0.726250 0.042000 0.039000
2 0.196250 0.725000 0.051000 0.048000
2 0.707500 0.717500 0.024000 0.048000
2 0.615000 0.732500 0.078000 0.084000
2 0.783750 0.716250 0.039000 0.051000
2 0.102000 0.763750 0.204000 0.165000
2 0.297500 0.752500 0.114000 0.144000
2 0.235000 0.738750 0.096000 0.111000
2 0.040500 0.718750 0.081000 0.099000
2 0.933750 0.695000 0.027000 0.048000
2 0.436250 0.727500 0.153000 0.156000
2 0.968500 0.677500 0.063000 0.048000
2 0.636250 0.671250 0.045000 0.051000
2 0.666250 0.656250 0.021000 0.051000
2 0.383750 0.646250 0.087000 0.069000
2 0.856250 0.695000 0.147000 0.198000
2 0.791250 0.651250 0.093000 0.093000
2 0.501250 0.627500 0.027000 0.036000
2 0.087000 0.665000 0.174000 0.150000
2 0.966250 0.618750 0.057000 0.045000
2 0.448750 0.618750 0.033000 0.057000
2 0.173750 0.608750 0.033000 0.033000
2 0.025500 0.607500 0.051000 0.042000
2 0.500000 0.596250 0.084000 0.051000
2 0.925000 0.611250 0.072000 0.099000
2 0.277500 0.583750 0.036000 0.033000
2 0.751250 0.588750 0.087000 0.111000
2 0.015000 0.562500 0.030000 0.060000
2 0.862500 0.581250 0.084000 0.129000
2 0.803750 0.516250 0.063000 0.027000
2 0.022500 0.527500 0.045000 0.060000
2 0.763750 0.530000 0.123000 0.078000
2 0.648750 0.522500 0.057000 0.072000
2 0.222500 0.571250 0.114000 0.201000
2 0.970000 0.515000 0.060000 0.084000
2 0.952500 0.480000 0.024000 0.036000
2 0.653750 0.487500 0.027000 0.054000
2 0.452500 0.607500 0.678000 0.342000
2 0.802500 0.481250 0.114000 0.057000
2 0.452500 0.506250 0.240000 0.129000
2 0.727500 0.475000 0.060000 0.060000
2 0.982000 0.461250 0.036000 0.033000
2 0.888750 0.471250 0.051000 0.063000
2 0.040000 0.475000 0.072000 0.072000
2 0.820000 0.445000 0.042000 0.036000
2 0.490000 0.442500 0.054000 0.036000
2 0.256250 0.456250 0.075000 0.081000
2 0.570000 0.440000 0.084000 0.054000
2 0.415000 0.411250 0.048000 0.033000
2 0.948750 0.418750 0.051000 0.057000
2 0.793750 0.427500 0.141000 0.084000
2 0.312500 0.483750 0.144000 0.243000
2 0.873750 0.406250 0.129000 0.087000
2 0.471250 0.422500 0.261000 0.132000
2 0.620000 0.360000 0.048000 0.042000
2 0.958000 0.378750 0.084000 0.099000
2 0.682500 0.352500 0.072000 0.048000
2 0.711250 0.411250 0.297000 0.195000
2 0.032500 0.340000 0.060000 0.042000
2 0.733750 0.343750 0.075000 0.075000
2 0.582500 0.353750 0.078000 0.105000
2 0.773750 0.321250 0.027000 0.045000
2 0.832500 0.308750 0.054000 0.045000
2 0.655000 0.315000 0.078000 0.060000
2 0.248750 0.323750 0.063000 0.105000
2 0.106250 0.302500 0.027000 0.054000
2 0.138000 0.438750 0.276000 0.387000
2 0.034500 0.298750 0.069000 0.051000
2 0.183750 0.301250 0.099000 0.063000
2 0.878750 0.286250 0.045000 0.033000
2 0.727500 0.291250 0.078000 0.045000
2 0.785000 0.285000 0.126000 0.102000
2 0.902500 0.302500 0.195000 0.174000
2 0.525000 0.308750 0.132000 0.189000
2 0.322500 0.322500 0.342000 0.240000
2 0.633750 0.260000 0.099000 0.114000
2 0.132500 0.252500 0.060000 0.114000
2 0.467500 0.257500 0.114000 0.150000
2 0.956500 0.220000 0.087000 0.066000
2 0.607500 0.208750 0.042000 0.039000
2 0.480000 0.197500 0.048000 0.024000
2 0.260000 0.212500 0.072000 0.060000
2 0.202500 0.238750 0.090000 0.135000
2 0.385000 0.233750 0.132000 0.129000
2 0.671250 0.220000 0.099000 0.108000
2 0.518750 0.187500 0.033000 0.036000
2 0.251250 0.162500 0.063000 0.036000
2 0.298750 0.155000 0.045000 0.048000
2 0.093750 0.150000 0.027000 0.036000
2 0.230000 0.141250 0.042000 0.045000
2 0.980500 0.135000 0.039000 0.036000
2 0.528750 0.171250 0.147000 0.141000
2 0.121250 0.122500 0.039000 0.036000
2 0.072000 0.192500 0.144000 0.228000
2 0.323750 0.117500 0.069000 0.060000
2 0.982000 0.092500 0.036000 0.060000
2 0.325000 0.081250 0.048000 0.045000
2 0.042000 0.111250 0.084000 0.117000
2 0.147500 0.057500 0.084000 0.048000
2 0.800000 0.060000 0.048000 0.072000
2 0.377500 0.118750 0.216000 0.231000
2 0.090000 0.058750 0.078000 0.117000
2 0.067500 0.015000 0.060000 0.024000
2 0.801250 0.013500 0.039000 0.027000
2 0.772500 0.022500 0.030000 0.045000
2 0.603750 0.019500 0.069000 0.039000
2 0.695500 0.169500 0.609000 0.339000
2 0.477500 0.018000 0.036000 0.036000
2 0.467500 0.099000 0.156000 0.198000
2 0.342500 0.022500 0.072000 0.045000
2 0.207500 0.121500 0.228000 0.243000
2 0.040500 0.033000 0.081000 0.066000
