2 0.362625 0.796669 0.725250 0.406661
2 0.476875 0.658618 0.048000 0.043963
2 0.445000 0.646961 0.033000 0.019983
2 0.420000 0.643630 0.024000 0.019983
2 0.359375 0.646128 0.027000 0.037968
2 0.559688 0.631141 0.009750 0.005995
2 0.460313 0.636553 0.050250 0.030974
2 0.437188 0.625312 0.011250 0.029975
2 0.327500 0.643630 0.055500 0.073938
2 0.560625 0.614488 0.012000 0.009992
2 0.345938 0.615321 0.032250 0.041965
2 0.332188 0.599084 0.014250 0.026978
2 0.489687 0.628226 0.084750 0.098918
2 0.529375 0.621565 0.100500 0.088926
2 0.455625 0.584513 0.019500 0.013988
2 0.475938 0.578684 0.027750 0.015987
2 0.403438 0.575770 0.029250 0.016986
2 0.560937 0.591174 0.075750 0.071940
2 0.542188 0.576603 0.056250 0.042964
2 0.330313 0.560783 0.009750 0.012989
2 0.378437 0.560783 0.029250 0.026978
2 0.428438 0.558701 0.050250 0.041965
2 0.301875 0.554122 0.024000 0.040966
2 0.393437 0.587843 0.192750 0.135887
2 0.425625 0.535803 0.013500 0.014988
2 0.438125 0.537885 0.018000 0.021982
2 0.404062 0.554954 0.048750 0.068943
2 0.403125 0.532473 0.015000 0.020983
2 0.527500 0.534971 0.025500 0.036969
2 0.420938 0.520816 0.027750 0.016986
2 0.368437 0.522065 0.038250 0.027977
2 0.620938 0.524563 0.026250 0.035970
2 0.309063 0.508326 0.008250 0.008993
2 0.499375 0.527893 0.036000 0.057952
2 0.581250 0.518734 0.057000 0.075937
2 0.417500 0.492090 0.025500 0.015987
2 0.345313 0.495837 0.036750 0.028976
2 0.595625 0.491257 0.025500 0.033972
2 0.907750 0.685762 0.184500 0.628476
2 0.500938 0.485012 0.032250 0.036969
2 0.524375 0.482098 0.031500 0.033972
2 0.406562 0.468776 0.011250 0.009992
2 0.403438 0.473356 0.030750 0.024979
2 0.464062 0.515820 0.128250 0.164863
2 0.497188 0.457535 0.044250 0.028976
2 0.549375 0.460866 0.046500 0.046961
2 0.465625 0.438801 0.007500 0.011990
2 0.445000 0.439634 0.010500 0.017985
2 0.530625 0.431307 0.054000 0.039967
2 0.340313 0.426311 0.011250 0.027977
2 0.456875 0.446295 0.105000 0.131890
2 0.318437 0.406744 0.048750 0.038968
2 0.338438 0.469609 0.186750 0.199833
2 0.472187 0.400916 0.065250 0.046961
2 0.298438 0.400916 0.057750 0.060949
2 0.355312 0.375520 0.009750 0.027977
2 0.503125 0.381765 0.063000 0.048959
2 0.549375 0.369692 0.036000 0.025978
2 0.456250 0.368443 0.036000 0.028976
2 0.310937 0.359284 0.035250 0.024979
2 0.386250 0.358035 0.108000 0.099917
2 0.512188 0.340550 0.042750 0.081932
2 0.478750 0.319734 0.028500 0.041965
2 0.427500 0.327644 0.052500 0.062948
2 0.336250 0.312240 0.087000 0.053955
2 0.377812 0.286428 0.035250 0.027977
2 0.418750 0.286428 0.027000 0.031973
2 0.495625 0.282265 0.022500 0.045962
2 0.292812 0.303913 0.081750 0.105912
2 0.343438 0.243963 0.030750 0.033972
2 0.695500 0.188343 0.609000 0.376686
