2 0.826562 0.995000 0.011250 0.010000
2 0.700391 0.995000 0.017813 0.010000
2 0.351953 0.993125 0.014063 0.013750
2 0.281250 0.990625 0.018750 0.018750
2 0.108594 0.991146 0.007500 0.016250
2 0.166016 0.987500 0.032813 0.025000
2 0.079297 0.986458 0.014063 0.017500
2 0.340234 0.988021 0.008437 0.023750
2 0.777734 0.983333 0.014063 0.015000
2 0.009375 0.983750 0.018750 0.032500
2 0.534766 0.975521 0.015938 0.011250
2 0.394141 0.978646 0.014063 0.018750
2 0.930078 0.983333 0.029062 0.032500
2 0.694141 0.980625 0.032813 0.038750
2 0.850391 0.980000 0.014063 0.040000
2 0.856641 0.971875 0.008437 0.015000
2 0.768750 0.973437 0.015000 0.018750
2 0.381250 0.979375 0.018750 0.041250
2 0.214453 0.971354 0.012188 0.018750
2 0.145703 0.973437 0.014063 0.026250
2 0.977500 0.976875 0.045000 0.046250
2 0.976953 0.963021 0.017813 0.011250
2 0.350000 0.973437 0.015000 0.036250
2 0.816406 0.972500 0.052500 0.055000
2 0.365234 0.971875 0.034687 0.056250
2 0.567187 0.968125 0.063750 0.063750
2 0.889453 0.952083 0.010312 0.015000
2 0.938281 0.959375 0.011250 0.035000
2 0.924609 0.955208 0.021562 0.027500
2 0.955469 0.964375 0.031875 0.071250
2 0.958984 0.943229 0.014063 0.013750
2 0.926562 0.934896 0.013125 0.011250
2 0.914844 0.947396 0.016875 0.041250
2 0.169922 0.934375 0.012188 0.010000
2 0.961328 0.934896 0.019688 0.013750
2 0.850000 0.936979 0.020625 0.023750
2 0.121875 0.932813 0.015000 0.016250
2 0.888281 0.954375 0.086250 0.091250
2 0.401172 0.953125 0.077812 0.093750
2 0.084375 0.945312 0.046875 0.056250
2 0.973047 0.939583 0.017813 0.045000
2 0.807813 0.929167 0.022500 0.020000
2 0.621094 0.926042 0.015000 0.015000
2 0.652734 0.928646 0.012188 0.028750
2 0.869922 0.941667 0.049687 0.062500
2 0.167187 0.920312 0.015000 0.011250
2 0.144141 0.921875 0.010312 0.015000
2 0.034687 0.950625 0.069375 0.098750
2 0.907813 0.919271 0.013125 0.011250
2 0.598047 0.927083 0.015938 0.030000
2 0.848437 0.919271 0.020625 0.013750
2 0.726953 0.923958 0.015938 0.025000
2 0.071094 0.922396 0.009375 0.023750
2 0.682813 0.927083 0.054375 0.045000
2 0.442188 0.919271 0.007500 0.026250
2 0.186328 0.927083 0.032813 0.050000
2 0.986406 0.937500 0.027187 0.077500
2 0.556250 0.910417 0.013125 0.012500
2 0.393750 0.913542 0.015000 0.020000
2 0.208984 0.916146 0.012188 0.026250
2 0.792188 0.913021 0.016875 0.023750
2 0.861719 0.911458 0.026250 0.027500
2 0.835938 0.910937 0.030000 0.036250
2 0.543359 0.917188 0.040313 0.051250
2 0.381250 0.913021 0.031875 0.041250
2 0.879687 0.898958 0.011250 0.015000
2 0.517969 0.898438 0.015000 0.013750
2 0.992969 0.893750 0.014063 0.017500
2 0.869922 0.897917 0.029062 0.035000
2 0.016797 0.888021 0.015938 0.013750
2 0.689844 0.897917 0.054375 0.040000
2 0.075391 0.885417 0.012188 0.012500
2 0.568750 0.884375 0.013125 0.015000
2 0.517188 0.884375 0.018750 0.020000
2 0.838672 0.881771 0.015938 0.016250
2 0.751172 0.890104 0.023438 0.036250
2 0.568750 0.911979 0.054375 0.091250
2 0.557031 0.883854 0.020625 0.026250
2 0.037891 0.878646 0.012188 0.013750
2 0.970703 0.883854 0.023438 0.028750
2 0.947656 0.878646 0.013125 0.016250
2 0.869922 0.878125 0.012188 0.017500
2 0.897266 0.895833 0.055313 0.070000
2 0.825391 0.882812 0.030937 0.043750
2 0.534766 0.869271 0.012188 0.018750
2 0.197266 0.868750 0.010312 0.017500
2 0.025000 0.871354 0.022500 0.026250
2 0.932813 0.896875 0.045000 0.100000
2 0.749609 0.868229 0.030937 0.036250
2 0.492188 0.860938 0.009375 0.023750
2 0.099609 0.867188 0.030937 0.038750
2 0.976094 0.888021 0.047812 0.091250
2 0.970703 0.861979 0.017813 0.028750
2 0.452734 0.855208 0.008437 0.015000
2 0.351953 0.854688 0.010312 0.013750
2 0.951172 0.885938 0.047812 0.093750
2 0.729297 0.850000 0.015938 0.020000
2 0.748828 0.847917 0.008437 0.025000
2 0.876953 0.852604 0.027187 0.038750
2 0.380859 0.838542 0.015938 0.010000
2 0.642188 0.842708 0.018750 0.022500
2 0.574219 0.845313 0.018750 0.028750
2 0.996719 0.840625 0.006563 0.020000
2 0.985156 0.844271 0.020625 0.031250
2 0.840625 0.864062 0.058125 0.078750
2 0.004687 0.837500 0.009375 0.017500
2 0.435547 0.835417 0.019688 0.017500
2 0.618750 0.830729 0.007500 0.013750
2 0.448437 0.834896 0.009375 0.028750
2 0.913672 0.845313 0.059062 0.056250
2 0.472266 0.826042 0.017813 0.012500
2 0.080078 0.837500 0.034687 0.042500
2 0.021094 0.838542 0.042188 0.045000
2 0.844922 0.826042 0.017813 0.025000
2 0.377734 0.811458 0.008437 0.017500
2 0.972813 0.826042 0.054375 0.055000
2 0.387891 0.815625 0.019688 0.040000
2 0.070312 0.808854 0.022500 0.026250
2 0.643359 0.807292 0.014063 0.025000
2 0.712109 0.803125 0.017813 0.020000
2 0.993359 0.798958 0.012188 0.017500
2 0.848047 0.820312 0.094687 0.076250
2 0.723047 0.817708 0.045937 0.077500
2 0.008906 0.801042 0.017813 0.037500
2 0.062891 0.791146 0.019688 0.021250
2 0.744141 0.790625 0.014063 0.025000
2 0.991094 0.781771 0.017813 0.016250
2 0.823438 0.789062 0.030000 0.038750
2 0.564063 0.777083 0.018750 0.015000
2 0.287500 0.777083 0.007500 0.015000
2 0.714063 0.781771 0.024375 0.033750
2 0.057031 0.774479 0.016875 0.016250
2 0.874609 0.785937 0.045937 0.063750
2 0.701953 0.781771 0.017813 0.053750
2 0.304688 0.771875 0.028125 0.030000
2 0.923828 0.765104 0.010312 0.026250
2 0.093359 0.757292 0.014063 0.010000
2 0.696094 0.763542 0.018750 0.027500
2 0.796875 0.764583 0.020625 0.035000
2 0.971875 0.755729 0.009375 0.018750
2 0.927734 0.752604 0.012188 0.018750
2 0.769531 0.777083 0.050625 0.077500
2 0.384766 0.752604 0.017813 0.018750
2 0.945312 0.745833 0.015000 0.015000
2 0.008437 0.753125 0.016875 0.037500
2 0.676562 0.739583 0.018750 0.010000
2 0.415234 0.782813 0.124687 0.113750
2 0.696484 0.748437 0.040313 0.036250
2 0.403125 0.744792 0.022500 0.032500
2 0.940625 0.731250 0.030000 0.035000
2 0.595703 0.720833 0.014063 0.010000
2 0.825000 0.723958 0.007500 0.020000
2 0.407031 0.731250 0.022500 0.037500
2 0.346875 0.716146 0.011250 0.013750
2 0.757422 0.821875 0.344062 0.356250
2 0.937500 0.711458 0.037500 0.022500
2 0.461328 0.748437 0.060937 0.111250
2 0.433203 0.706771 0.019688 0.021250
2 0.791797 0.707812 0.010312 0.026250
2 0.680859 0.701562 0.019688 0.013750
2 0.485156 0.698438 0.020625 0.011250
2 0.375781 0.699479 0.011250 0.013750
2 0.325000 0.703646 0.026250 0.031250
2 0.775391 0.696354 0.019688 0.023750
2 0.764844 0.693750 0.009375 0.020000
2 0.027344 0.691667 0.013125 0.015000
2 0.867969 0.694271 0.016875 0.023750
2 0.667969 0.691667 0.009375 0.017500
2 0.718359 0.688542 0.014063 0.012500
2 0.935156 0.689063 0.031875 0.018750
2 0.838281 0.690104 0.030000 0.023750
2 0.965781 0.715625 0.068437 0.087500
2 0.851953 0.694271 0.029062 0.038750
2 0.426172 0.686458 0.015938 0.025000
2 0.392188 0.701042 0.031875 0.062500
2 0.798047 0.682292 0.032813 0.035000
2 0.570703 0.677604 0.008437 0.023750
2 0.925000 0.755208 0.150000 0.215000
2 0.984375 0.673438 0.013125 0.021250
2 0.671484 0.668229 0.010312 0.013750
2 0.537109 0.675000 0.017813 0.030000
2 0.897266 0.669792 0.032813 0.022500
2 0.371094 0.656771 0.011250 0.011250
2 0.850391 0.662500 0.029062 0.027500
2 0.990625 0.657813 0.018750 0.018750
2 0.326953 0.655208 0.017813 0.012500
2 0.426172 0.661979 0.023438 0.033750
2 0.601562 0.661979 0.024375 0.036250
2 0.772266 0.654167 0.015938 0.022500
2 0.870313 0.664062 0.024375 0.053750
2 0.988672 0.643750 0.015938 0.017500
2 0.906250 0.645312 0.016875 0.023750
2 0.755078 0.659896 0.055313 0.066250
2 0.926562 0.638021 0.011250 0.016250
2 0.895703 0.645312 0.015938 0.038750
2 0.938281 0.633854 0.022500 0.018750
2 0.963672 0.652604 0.047812 0.078750
2 0.874609 0.632812 0.036562 0.031250
2 0.023438 0.645833 0.046875 0.065000
2 0.711719 0.622396 0.009375 0.016250
2 0.770703 0.632812 0.032813 0.048750
2 0.796484 0.647396 0.045937 0.086250
2 0.646094 0.617188 0.007500 0.013750
2 0.949219 0.617188 0.009375 0.023750
2 0.512500 0.615625 0.011250 0.022500
2 0.708984 0.610417 0.038437 0.037500
2 0.956641 0.600521 0.012188 0.018750
2 0.450781 0.602604 0.013125 0.033750
2 0.603906 0.605729 0.028125 0.048750
2 0.977344 0.606771 0.045000 0.056250
2 0.774609 0.595833 0.053437 0.042500
2 0.345313 0.580729 0.007500 0.016250
2 0.922266 0.638542 0.059062 0.172500
2 0.933203 0.566667 0.012188 0.015000
2 0.534766 0.565625 0.021562 0.022500
2 0.436719 0.567187 0.030000 0.033750
2 0.572656 0.630729 0.105000 0.188750
2 0.697266 0.550521 0.019688 0.018750
2 0.853125 0.547396 0.011250 0.013750
2 0.956875 0.572917 0.086250 0.077500
2 0.962109 0.542188 0.015938 0.008750
2 0.739453 0.596875 0.100312 0.160000
2 0.980469 0.540625 0.024375 0.040000
2 0.921094 0.547396 0.028125 0.056250
2 0.416406 0.528125 0.018750 0.030000
2 0.956641 0.525000 0.027187 0.030000
2 0.783594 0.519792 0.011250 0.027500
2 0.912500 0.523438 0.037500 0.048750
2 0.537891 0.521875 0.021562 0.047500
2 0.874219 0.509375 0.015000 0.020000
2 0.994844 0.511458 0.010312 0.027500
2 0.900391 0.510938 0.029062 0.031250
2 0.940625 0.520312 0.030000 0.056250
2 0.457031 0.551562 0.045000 0.136250
2 0.912891 0.503125 0.017813 0.022500
2 0.562891 0.501563 0.025312 0.026250
2 0.607031 0.495833 0.018750 0.017500
2 0.472656 0.494271 0.024375 0.021250
2 0.733594 0.485938 0.011250 0.011250
2 0.619531 0.489583 0.009375 0.025000
2 0.697266 0.480208 0.015938 0.022500
2 0.716406 0.500521 0.076875 0.081250
2 0.605078 0.476042 0.021562 0.027500
2 0.841406 0.472917 0.020625 0.025000
2 0.821484 0.590104 0.205313 0.308750
2 0.582422 0.468229 0.006563 0.018750
2 0.923438 0.460417 0.011250 0.012500
2 0.553516 0.464062 0.017813 0.021250
2 0.915234 0.476042 0.049687 0.052500
2 0.011719 0.461979 0.023438 0.018750
2 0.964844 0.464583 0.020625 0.030000
2 0.963906 0.490104 0.072187 0.093750
2 0.782422 0.469271 0.059062 0.046250
2 0.657422 0.459375 0.015938 0.022500
2 0.592969 0.459896 0.013125 0.023750
2 0.578125 0.481250 0.046875 0.075000
2 0.978125 0.460417 0.035625 0.047500
2 0.794531 0.452604 0.022500 0.028750
2 0.628125 0.449479 0.026250 0.026250
2 0.992969 0.441146 0.013125 0.018750
2 0.939063 0.452083 0.031875 0.045000
2 0.905859 0.435417 0.019688 0.027500
2 0.783594 0.428125 0.011250 0.010000
2 0.848047 0.428125 0.017813 0.012500
2 0.768359 0.430729 0.021562 0.018750
2 0.996250 0.426563 0.007500 0.018750
2 0.985547 0.425000 0.017813 0.017500
2 0.730078 0.426042 0.008437 0.022500
2 0.988281 0.418750 0.013125 0.012500
2 0.639844 0.421875 0.015000 0.030000
2 0.806250 0.463542 0.108750 0.140000
2 0.753906 0.407813 0.013125 0.013750
2 0.832031 0.415625 0.033750 0.035000
2 0.985547 0.406771 0.014063 0.016250
2 0.950781 0.404687 0.013125 0.016250
2 0.470703 0.404687 0.008437 0.016250
2 0.864844 0.402083 0.009375 0.017500
2 0.776953 0.395313 0.034687 0.026250
2 0.767188 0.391146 0.018750 0.016250
2 0.333203 0.395833 0.015938 0.042500
2 0.805859 0.395833 0.047812 0.045000
2 0.650391 0.378646 0.014063 0.016250
2 0.737500 0.377604 0.016875 0.023750
2 0.842187 0.387500 0.043125 0.055000
2 0.310547 0.366146 0.012188 0.013750
2 0.986875 0.380729 0.026250 0.053750
2 0.747266 0.368229 0.010312 0.023750
2 0.583203 0.615000 0.482812 0.770000
2 0.698828 0.369792 0.032813 0.030000
2 0.819141 0.360938 0.012188 0.031250
2 0.783594 0.364583 0.030000 0.052500
2 0.088281 0.343229 0.016875 0.008750
2 0.801562 0.360938 0.030000 0.056250
2 0.992031 0.347396 0.015938 0.026250
2 0.732812 0.337500 0.013125 0.010000
2 0.108203 0.345833 0.014063 0.032500
2 0.678516 0.336979 0.019688 0.018750
2 0.665234 0.335938 0.010312 0.016250
2 0.693750 0.339062 0.011250 0.026250
2 0.767969 0.332292 0.013125 0.017500
2 0.624609 0.331771 0.027187 0.026250
2 0.597656 0.329688 0.028125 0.028750
2 0.778906 0.329167 0.024375 0.030000
2 0.835547 0.335417 0.029062 0.050000
2 0.829688 0.324479 0.016875 0.023750
2 0.106250 0.320833 0.009375 0.017500
2 0.006563 0.321354 0.013125 0.028750
2 0.963281 0.314583 0.011250 0.015000
2 0.732422 0.314063 0.019688 0.036250
2 0.723437 0.327604 0.026250 0.068750
2 0.739062 0.304688 0.016875 0.021250
2 0.586328 0.298958 0.021562 0.025000
2 0.558984 0.317188 0.068437 0.068750
2 0.789844 0.292708 0.009375 0.015000
2 0.848047 0.298958 0.017813 0.032500
2 0.719141 0.293750 0.014063 0.020000
2 0.604297 0.303646 0.025312 0.043750
2 0.044531 0.290104 0.016875 0.011250
2 0.775000 0.290625 0.015000 0.017500
2 0.893750 0.293229 0.022500 0.038750
2 0.847656 0.276562 0.013125 0.013750
2 0.255078 0.289062 0.036562 0.043750
2 0.042578 0.274479 0.008437 0.018750
2 0.837500 0.273958 0.009375 0.022500
2 0.628125 0.269792 0.013125 0.015000
2 0.898828 0.263021 0.010312 0.018750
2 0.022500 0.284375 0.045000 0.077500
2 0.607812 0.267708 0.033750 0.040000
2 0.857031 0.264583 0.013125 0.037500
2 0.026562 0.253646 0.007500 0.013750
2 0.618359 0.254167 0.027187 0.025000
2 0.525000 0.253125 0.009375 0.022500
2 0.057031 0.248438 0.009375 0.021250
2 0.534766 0.229687 0.012188 0.016250
2 0.013594 0.236979 0.027187 0.038750
2 0.835547 0.226562 0.017813 0.016250
2 0.950000 0.234375 0.022500 0.042500
2 0.891406 0.221875 0.011250 0.012500
2 0.526563 0.236458 0.028125 0.050000
2 0.033203 0.225521 0.027187 0.026250
2 0.259766 0.231250 0.015938 0.055000
2 0.426172 0.234375 0.070312 0.065000
2 0.405469 0.214583 0.007500 0.020000
2 0.894531 0.208333 0.011250 0.017500
2 0.053125 0.205208 0.015000 0.012500
2 0.619922 0.201563 0.012188 0.011250
2 0.440625 0.206250 0.033750 0.022500
2 0.184375 0.201563 0.015000 0.016250
2 0.401562 0.201563 0.018750 0.018750
2 0.889453 0.205208 0.014063 0.032500
2 0.492578 0.228125 0.089063 0.087500
2 0.532422 0.201042 0.034687 0.032500
2 0.127734 0.192708 0.019688 0.017500
2 0.248047 0.195312 0.010312 0.031250
2 0.011250 0.194271 0.022500 0.033750
2 0.893594 0.333854 0.212812 0.371250
2 0.607422 0.183854 0.019688 0.031250
2 0.664062 0.177083 0.016875 0.017500
2 0.108203 0.177604 0.014063 0.023750
2 0.015625 0.174479 0.011250 0.018750
2 0.953516 0.172917 0.019688 0.022500
2 0.221875 0.166146 0.007500 0.016250
2 0.957812 0.161979 0.015000 0.016250
2 0.617188 0.164062 0.013125 0.021250
2 0.009844 0.167708 0.019688 0.035000
2 0.972656 0.163542 0.020625 0.027500
2 0.633984 0.196875 0.100312 0.110000
2 0.228125 0.156250 0.009375 0.020000
2 0.979375 0.169792 0.041250 0.067500
2 0.923047 0.177604 0.072187 0.086250
2 0.641797 0.148438 0.014063 0.016250
2 0.970703 0.145833 0.012188 0.020000
2 0.626172 0.151562 0.023438 0.038750
2 0.028125 0.140625 0.015000 0.012500
2 0.213281 0.138542 0.013125 0.015000
2 0.985547 0.143750 0.025312 0.037500
2 0.054297 0.194792 0.104062 0.177500
2 0.951562 0.141146 0.026250 0.051250
2 0.148828 0.129688 0.017813 0.028750
2 0.971875 0.123438 0.028125 0.033750
2 0.225781 0.115104 0.035625 0.033750
2 0.061328 0.119792 0.019688 0.047500
2 0.129297 0.114583 0.025312 0.050000
2 0.987344 0.107292 0.025312 0.052500
2 0.938281 0.126042 0.041250 0.107500
2 0.044531 0.101562 0.030000 0.048750
2 0.094531 0.092708 0.020625 0.030000
2 0.222656 0.094792 0.024375 0.037500
2 0.129297 0.088542 0.029062 0.025000
2 0.185156 0.114062 0.078750 0.088750
2 0.156250 0.094271 0.035625 0.048750
2 0.041406 0.083854 0.015000 0.023750
2 0.919531 0.085417 0.018750 0.035000
2 0.207422 0.074479 0.017813 0.016250
2 0.583203 0.073438 0.019688 0.023750
2 0.022500 0.112500 0.045000 0.117500
2 0.992969 0.071875 0.014063 0.025000
2 0.133203 0.066667 0.014063 0.020000
2 0.205859 0.062500 0.019688 0.017500
2 0.083984 0.095312 0.102187 0.111250
2 0.071875 0.059896 0.028125 0.026250
2 0.543750 0.056250 0.013125 0.022500
2 0.550391 0.049479 0.019688 0.021250
2 0.091406 0.041146 0.013125 0.013750
2 0.229297 0.034896 0.008437 0.016250
2 0.232813 0.051562 0.043125 0.061250
2 0.081641 0.033854 0.008437 0.023750
2 0.955937 0.069792 0.088125 0.115000
2 0.290625 0.038542 0.026250 0.040000
2 0.112891 0.034896 0.032813 0.031250
2 0.092188 0.027604 0.011250 0.018750
2 0.033984 0.045312 0.049687 0.061250
2 0.995313 0.023958 0.009375 0.017500
2 0.664062 0.020313 0.016875 0.016250
2 0.141797 0.018750 0.010312 0.015000
2 0.956641 0.019271 0.006563 0.018750
2 0.082422 0.015625 0.012188 0.012500
2 0.015000 0.041146 0.030000 0.078750
2 0.560156 0.026042 0.035625 0.045000
2 0.177344 0.030208 0.016875 0.055000
2 0.848437 0.015104 0.015000 0.023750
2 0.701953 0.013021 0.014063 0.018750
2 0.283203 0.013021 0.008437 0.018750
2 0.274219 0.025521 0.018750 0.048750
2 0.218750 0.010417 0.011250 0.012500
2 0.064062 0.036875 0.088125 0.073750
2 0.537500 0.005729 0.013125 0.008750
2 0.976562 0.016875 0.039375 0.033750
2 0.926562 0.044375 0.073125 0.088750
2 0.858203 0.005625 0.017813 0.011250
2 0.759375 0.013125 0.028125 0.026250
2 0.737500 0.007500 0.016875 0.015000
2 0.680078 0.015000 0.032813 0.030000
2 0.659766 0.005625 0.019688 0.011250
2 0.628906 0.013125 0.030000 0.026250
2 0.553906 0.005625 0.024375 0.011250
2 0.472266 0.010000 0.017813 0.020000
2 0.298828 0.021250 0.030937 0.042500
2 0.259375 0.006250 0.020625 0.012500
2 0.558281 0.600000 1.000000 1.000000
2 0.230469 0.005625 0.020625 0.011250
2 0.176953 0.055000 0.137813 0.110000
2 0.116016 0.013750 0.023438 0.027500
2 0.100000 0.013750 0.009375 0.027500
2 0.024219 0.007500 0.018750 0.015000
