2 0.524479 0.635547 0.041250 0.040313
2 0.600000 0.746875 1.000000 0.318750
2 0.394792 0.622266 0.115000 0.038437
2 0.322396 0.610938 0.028750 0.015000
2 0.319792 0.614062 0.057500 0.041250
2 0.331250 0.598828 0.062500 0.042188
2 0.544271 0.595703 0.038750 0.036562
2 0.255729 0.593359 0.086250 0.047812
2 0.313021 0.566016 0.018750 0.012188
2 0.270313 0.576562 0.051250 0.037500
2 0.493229 0.593359 0.096250 0.085312
2 0.389583 0.572656 0.042500 0.058125
2 0.330208 0.556250 0.015000 0.018750
2 0.222917 0.559375 0.017500 0.026250
2 0.225521 0.545312 0.046250 0.022500
2 0.425521 0.547656 0.063750 0.031875
2 0.369792 0.544531 0.020000 0.026250
2 0.311979 0.538281 0.031250 0.016875
2 0.194271 0.543750 0.048750 0.030000
2 0.237500 0.536719 0.035000 0.020625
2 0.394792 0.525781 0.042500 0.015000
2 0.292187 0.532813 0.036250 0.035625
2 0.433333 0.519922 0.045000 0.017813
2 0.370833 0.514062 0.030000 0.022500
2 0.190104 0.514453 0.016250 0.030937
2 0.358854 0.506250 0.028750 0.015000
2 0.530208 0.521484 0.042500 0.055313
2 0.422396 0.503906 0.046250 0.022500
2 0.223438 0.494531 0.041250 0.015000
2 0.568750 0.523047 0.087500 0.085312
2 0.463021 0.502344 0.041250 0.035625
2 0.300000 0.496094 0.047500 0.024375
2 0.501563 0.512891 0.056250 0.068437
2 0.672396 0.498047 0.038750 0.042188
2 0.249479 0.487109 0.016250 0.017813
2 0.277083 0.479297 0.022500 0.012188
2 0.403125 0.484766 0.020000 0.027187
2 0.176042 0.485938 0.027500 0.030000
2 0.314063 0.485547 0.056250 0.030937
2 0.452083 0.481641 0.070000 0.025312
2 0.225521 0.476562 0.058750 0.016875
2 0.321875 0.473438 0.010000 0.015000
2 0.338542 0.467969 0.020000 0.007500
2 0.501042 0.473047 0.025000 0.029062
2 0.184375 0.462500 0.012500 0.018750
2 0.423958 0.461719 0.017500 0.026250
2 0.489583 0.455078 0.007500 0.015938
2 0.217708 0.450781 0.012500 0.011250
2 0.398958 0.457422 0.017500 0.034687
2 0.501042 0.444531 0.020000 0.013125
2 0.255208 0.446484 0.017500 0.019688
2 0.202604 0.441797 0.013750 0.019688
2 0.219271 0.438672 0.016250 0.014063
2 0.658854 0.455469 0.056250 0.056250
2 0.427604 0.431641 0.023750 0.008437
2 0.613542 0.458984 0.050000 0.075938
2 0.160417 0.442578 0.040000 0.045937
2 0.182812 0.427734 0.018750 0.012188
2 0.483854 0.421875 0.028750 0.009375
2 0.695833 0.438281 0.062500 0.052500
2 0.448958 0.423828 0.027500 0.019688
2 0.526563 0.431250 0.038750 0.039375
2 0.122917 0.430859 0.045000 0.038437
2 0.442708 0.417578 0.032500 0.017813
2 0.292187 0.419531 0.036250 0.039375
2 0.194792 0.412891 0.012500 0.023438
2 0.101042 0.411328 0.015000 0.019688
2 0.078646 0.414062 0.061250 0.030000
2 0.483333 0.407422 0.032500 0.015938
2 0.556771 0.434375 0.048750 0.082500
2 0.264583 0.409766 0.015000 0.029062
2 0.164062 0.408594 0.068750 0.026250
2 0.743750 0.407422 0.065000 0.032813
2 0.590625 0.407813 0.037500 0.035625
2 0.675521 0.406641 0.051250 0.042188
2 0.133333 0.399609 0.027500 0.025312
2 0.224479 0.394141 0.026250 0.017813
2 0.581771 0.394922 0.033750 0.023438
2 0.453125 0.388281 0.017500 0.016875
2 0.267708 0.388281 0.020000 0.016875
2 0.495833 0.393750 0.082500 0.045000
2 0.402604 0.387891 0.053750 0.032813
2 0.160938 0.381250 0.031250 0.022500
2 0.298438 0.383984 0.051250 0.042188
2 0.103646 0.380078 0.043750 0.042188
2 0.257292 0.370312 0.040000 0.024375
2 0.461979 0.367188 0.031250 0.028125
2 0.431250 0.360938 0.025000 0.018750
2 0.589063 0.359375 0.018750 0.018750
2 0.275521 0.354297 0.043750 0.014063
2 0.186458 0.362891 0.017500 0.034687
2 0.599479 0.350781 0.016250 0.015000
2 0.345833 0.373047 0.070000 0.085312
2 0.232292 0.339844 0.015000 0.009375
2 0.315104 0.351953 0.041250 0.042188
2 0.479687 0.345313 0.038750 0.030000
2 0.560937 0.343359 0.026250 0.027187
2 0.621875 0.362500 0.065000 0.075000
2 0.348438 0.336719 0.036250 0.022500
2 0.484375 0.325781 0.037500 0.009375
2 0.546875 0.349609 0.115000 0.068437
2 0.670833 0.332813 0.062500 0.030000
2 0.321875 0.325391 0.042500 0.012188
2 0.197396 0.331641 0.056250 0.036562
2 0.587500 0.326172 0.042500 0.027187
2 0.243229 0.323828 0.023750 0.023438
2 0.552604 0.316797 0.046250 0.015938
2 0.405729 0.316016 0.036250 0.019688
2 0.414583 0.355078 0.127500 0.130312
2 0.537500 0.304297 0.012500 0.015938
2 0.429167 0.294922 0.030000 0.032813
2 0.567708 0.291016 0.057500 0.027187
2 0.632812 0.293359 0.048750 0.038437
2 0.511458 0.297266 0.100000 0.051562
2 0.287500 0.288672 0.127500 0.051562
2 0.439583 0.266406 0.025000 0.037500
2 0.574479 0.263281 0.021250 0.031875
2 0.476562 0.258594 0.038750 0.039375
2 0.508854 0.255078 0.026250 0.034687
2 0.343229 0.251563 0.066250 0.030000
2 0.575521 0.241016 0.011250 0.014063
2 0.492188 0.244922 0.016250 0.025312
2 0.402083 0.243750 0.067500 0.024375
2 0.547396 0.253516 0.026250 0.051562
2 0.526042 0.237109 0.015000 0.012188
2 0.656771 0.241406 0.038750 0.041250
2 0.522396 0.209766 0.026250 0.010312
2 0.490104 0.213672 0.043750 0.040313
2 0.581250 0.216406 0.055000 0.050625
2 0.538542 0.189062 0.062500 0.041250
2 0.600000 0.187969 1.000000 0.375937
