2 0.431563 0.933805 0.080250 0.078934
2 0.556562 0.912157 0.035250 0.064946
2 0.455313 0.882598 0.027750 0.013988
2 0.452813 0.902165 0.107250 0.094921
2 0.415312 0.865945 0.009750 0.011990
2 0.389375 0.883014 0.046500 0.054954
2 0.428750 0.866778 0.019500 0.035970
2 0.475625 0.839301 0.049500 0.055953
2 0.413438 0.830558 0.038250 0.070941
2 0.554375 0.820150 0.049500 0.053955
2 0.391562 0.803081 0.042750 0.056953
2 0.325000 0.783930 0.010500 0.010991
2 0.490312 0.796003 0.060750 0.041965
2 0.318750 0.791007 0.057000 0.049958
2 0.605313 0.773522 0.057750 0.043963
2 0.351875 0.775604 0.051000 0.052956
2 0.206250 0.850624 0.412500 0.298751
2 0.462500 0.763947 0.021000 0.054954
2 0.318437 0.756869 0.038250 0.045962
2 0.261562 0.756453 0.065250 0.044963
2 0.484687 0.745629 0.056250 0.026978
2 0.445625 0.737719 0.007500 0.011990
2 0.322500 0.731474 0.027000 0.032973
2 0.521875 0.738968 0.040500 0.068943
2 0.322813 0.714405 0.032250 0.025978
2 0.265313 0.719817 0.027750 0.046961
2 0.705625 0.695254 0.010500 0.009992
2 0.393750 0.708993 0.036000 0.056953
2 0.436250 0.740216 0.066000 0.133888
2 0.395625 0.675271 0.016500 0.011990
2 0.350938 0.711074 0.054750 0.105912
2 0.700000 0.692340 0.054000 0.062948
2 0.251250 0.678185 0.051000 0.044963
2 0.561875 0.705246 0.058500 0.123897
2 0.496875 0.691091 0.123000 0.105912
2 0.419687 0.668609 0.051750 0.057952
2 0.357500 0.663614 0.070500 0.045962
2 0.371875 0.656120 0.031500 0.043963
2 0.636875 0.666944 0.043500 0.075937
2 0.204063 0.648210 0.065250 0.054954
2 0.323437 0.651124 0.018750 0.065945
2 0.300625 0.639051 0.033000 0.064946
2 0.408125 0.626561 0.060000 0.042964
2 0.903250 0.762698 0.193500 0.474604
2 0.554063 0.630724 0.045750 0.062948
2 0.673125 0.631973 0.042000 0.067943
2 0.648750 0.611574 0.036000 0.026978
2 0.217188 0.596586 0.014250 0.010991
2 0.338750 0.615737 0.054000 0.064946
2 0.659375 0.598668 0.043500 0.027977
2 0.251563 0.670275 0.152250 0.207827
2 0.633750 0.578268 0.007500 0.014988
2 0.443125 0.577435 0.016500 0.012989
2 0.590625 0.584513 0.051000 0.045962
2 0.272500 0.590341 0.042000 0.061948
2 0.637813 0.573272 0.038250 0.068943
2 0.225625 0.580350 0.070500 0.091923
2 0.493750 0.591590 0.079500 0.122898
2 0.421875 0.544546 0.033000 0.045962
2 0.471875 0.541216 0.054000 0.045962
2 0.537813 0.569942 0.060750 0.122898
2 0.199063 0.553289 0.048750 0.090924
2 0.272500 0.535387 0.055500 0.055953
2 0.159688 0.552456 0.059250 0.098918
2 0.606875 0.537052 0.039000 0.063947
2 0.325000 0.548709 0.060000 0.101915
2 0.669687 0.524979 0.038250 0.062948
2 0.477812 0.509159 0.012750 0.030974
2 0.410313 0.550791 0.132750 0.134888
2 0.208125 0.504163 0.015000 0.026978
2 0.462500 0.503747 0.021000 0.043963
2 0.442812 0.492923 0.062250 0.095920
2 0.156250 0.482931 0.064500 0.075937
2 0.468125 0.470441 0.097500 0.077935
2 0.326562 0.451707 0.014250 0.040966
2 0.083750 0.454205 0.039000 0.072939
2 0.131875 0.432140 0.054000 0.043963
2 0.240937 0.477102 0.078750 0.167860
2 0.492500 0.437968 0.085500 0.083930
2 0.357500 0.416736 0.010500 0.036969
2 0.409062 0.393422 0.015750 0.014988
2 0.572500 0.434638 0.096000 0.125895
2 0.395625 0.411740 0.052500 0.074938
2 0.510312 0.406328 0.033750 0.067943
2 0.334375 0.455037 0.169500 0.186844
2 0.207813 0.439217 0.131250 0.152873
2 0.443125 0.394671 0.061500 0.051957
2 0.073438 0.391757 0.063750 0.048959
2 0.250000 0.367610 0.033000 0.014988
2 0.353125 0.378435 0.057000 0.046961
2 0.188750 0.388843 0.097500 0.089925
2 0.120000 0.380933 0.037500 0.070941
2 0.408125 0.363863 0.061500 0.047960
2 0.285000 0.368859 0.027000 0.065945
2 0.208750 0.358451 0.063000 0.048959
2 0.267813 0.353872 0.012750 0.047960
2 0.358438 0.337635 0.018750 0.010991
2 0.368437 0.323897 0.011250 0.011990
2 0.456562 0.338468 0.057750 0.052956
2 0.327188 0.326811 0.012750 0.026978
2 0.553438 0.339301 0.035250 0.058951
2 0.585625 0.321399 0.031500 0.063947
2 0.314063 0.328476 0.095250 0.100916
2 0.294375 0.287677 0.012000 0.008993
2 0.356875 0.310575 0.055500 0.071940
2 0.382188 0.312240 0.056250 0.107910
2 0.357812 0.267277 0.012750 0.011990
2 0.250625 0.283097 0.096000 0.053955
2 0.299063 0.263530 0.020250 0.046961
2 0.534375 0.280183 0.072000 0.092923
2 0.312812 0.239800 0.021750 0.033972
2 0.581250 0.249792 0.033000 0.067943
2 0.255312 0.240633 0.095250 0.053955
2 0.411250 0.258118 0.097500 0.111907
2 0.307500 0.209409 0.076500 0.068943
2 0.449375 0.209409 0.117000 0.088926
2 0.335000 0.191507 0.033000 0.051957
2 0.364687 0.240216 0.134250 0.180849
2 0.619000 0.276270 0.762000 0.552540
2 0.009750 0.023480 0.019500 0.046961
