2 0.830000 0.996003 0.013500 0.007993
2 0.175937 0.995004 0.009750 0.009992
2 0.300938 0.994005 0.014250 0.011990
2 0.036250 0.994005 0.010500 0.011990
2 0.885938 0.993505 0.021750 0.012989
2 0.514375 0.993505 0.015000 0.012989
2 0.456875 0.993006 0.012000 0.013988
2 0.584063 0.992007 0.024750 0.015987
2 0.322500 0.990425 0.010500 0.012989
2 0.232187 0.990008 0.011250 0.011990
2 0.471250 0.990425 0.012000 0.016986
2 0.382812 0.987094 0.009750 0.008993
2 0.289687 0.990425 0.008250 0.016986
2 0.897500 0.985845 0.009000 0.009992
2 0.745313 0.989009 0.026250 0.021982
2 0.704688 0.989009 0.027750 0.021982
2 0.651875 0.989009 0.036000 0.021982
2 0.432188 0.988343 0.009750 0.015987
2 0.347500 0.990008 0.012000 0.019983
2 0.774375 0.988010 0.045000 0.023980
2 0.336250 0.986678 0.012000 0.015987
2 0.299375 0.985429 0.007500 0.012989
2 0.927188 0.986678 0.012750 0.017985
2 0.392500 0.982515 0.012000 0.009992
2 0.244375 0.987510 0.013500 0.021982
2 0.217188 0.985012 0.008250 0.015987
2 0.503437 0.983347 0.011250 0.013988
2 0.624375 0.980017 0.010500 0.007993
2 0.105625 0.981682 0.012000 0.011990
2 0.966250 0.984513 0.051000 0.030974
2 0.355625 0.979184 0.009000 0.011990
2 0.283750 0.977935 0.010500 0.008993
2 0.126250 0.979600 0.010500 0.012989
2 0.277813 0.984013 0.021750 0.031973
2 0.137187 0.979600 0.015750 0.016986
2 0.684688 0.982515 0.027750 0.034971
2 0.670937 0.975437 0.006750 0.010991
2 0.255625 0.975021 0.010500 0.009992
2 0.014687 0.975853 0.005250 0.011990
2 0.950000 0.980017 0.039000 0.023980
2 0.542188 0.977935 0.011250 0.018984
2 0.521875 0.975853 0.006000 0.015987
2 0.444063 0.977102 0.008250 0.018984
2 0.760938 0.977519 0.030750 0.021982
2 0.316250 0.977935 0.015000 0.022981
2 0.716562 0.975021 0.014250 0.017985
2 0.659062 0.980516 0.044250 0.038968
2 0.432188 0.974604 0.015750 0.016986
2 0.212500 0.971274 0.019500 0.012989
2 0.463125 0.971690 0.016500 0.015987
2 0.414687 0.971274 0.008250 0.014988
2 0.371875 0.977935 0.009000 0.030974
2 0.227187 0.970025 0.014250 0.013988
2 0.032813 0.976270 0.020250 0.028976
2 0.135000 0.970025 0.006000 0.017985
2 0.482812 0.976270 0.018750 0.034971
2 0.400625 0.969192 0.009000 0.017985
2 0.946875 0.965029 0.013500 0.009992
2 0.051562 0.976020 0.027750 0.047960
2 0.244062 0.963780 0.009750 0.010991
2 0.079062 0.968776 0.017250 0.022981
2 0.789062 0.973772 0.030750 0.036969
2 0.089063 0.968360 0.011250 0.023980
2 0.434688 0.961699 0.011250 0.011990
2 0.383750 0.959201 0.009000 0.007993
2 0.157812 0.961699 0.006750 0.013988
2 0.021250 0.973022 0.021000 0.053955
2 0.829063 0.966278 0.012750 0.028976
2 0.118438 0.959617 0.012750 0.012989
2 0.033750 0.958784 0.009000 0.010991
2 0.410938 0.958368 0.012750 0.011990
2 0.210000 0.957952 0.010500 0.010991
2 0.170625 0.958368 0.009000 0.011990
2 0.859375 0.966694 0.021000 0.033972
2 0.483438 0.960450 0.012750 0.018984
2 0.341875 0.961699 0.013500 0.021982
2 0.800000 0.960866 0.013500 0.021982
2 0.928750 0.965029 0.022500 0.033972
2 0.519062 0.956703 0.006750 0.013988
2 0.295000 0.965029 0.018000 0.033972
2 0.461250 0.956286 0.009000 0.014988
2 0.009000 0.970025 0.018000 0.059950
2 0.988750 0.970025 0.022500 0.049958
2 0.708750 0.959617 0.012000 0.024979
2 0.567813 0.955870 0.021750 0.015987
2 0.144375 0.954621 0.010500 0.012989
2 0.280313 0.952540 0.012750 0.009992
2 0.262813 0.956286 0.014250 0.018984
2 0.129688 0.954621 0.012750 0.014988
2 0.720938 0.958368 0.018750 0.025978
2 0.426563 0.950458 0.012750 0.008993
2 0.083437 0.950874 0.021750 0.009992
2 0.812187 0.967527 0.039750 0.064946
2 0.361875 0.951291 0.010500 0.012989
2 0.695312 0.963364 0.024750 0.043963
2 0.471875 0.951707 0.015000 0.015987
2 0.103750 0.953789 0.010500 0.020983
2 0.151562 0.947960 0.008250 0.008993
2 0.415312 0.948376 0.012750 0.013988
2 0.263750 0.947127 0.010500 0.010991
2 0.254375 0.946711 0.010500 0.011990
2 0.523438 0.949209 0.012750 0.019983
2 0.944063 0.950042 0.029250 0.027977
2 0.851250 0.944629 0.006000 0.014988
2 0.012000 0.946295 0.024000 0.018984
2 0.737500 0.943381 0.007500 0.015987
2 0.377188 0.944629 0.008250 0.018984
2 0.280000 0.941299 0.019500 0.010991
2 0.815625 0.940883 0.012000 0.013988
2 0.448750 0.939634 0.015000 0.010991
2 0.995500 0.940883 0.009000 0.015987
2 0.569063 0.939634 0.005250 0.012989
2 0.118438 0.942964 0.009750 0.020983
2 0.352500 0.939634 0.010500 0.014988
2 0.561250 0.939217 0.009000 0.017985
2 0.425312 0.937136 0.008250 0.012989
2 0.750938 0.933805 0.014250 0.008993
2 0.598125 0.940466 0.022500 0.024979
2 0.194688 0.935887 0.008250 0.013988
2 0.074375 0.937552 0.025500 0.017985
2 0.519375 0.933805 0.007500 0.010991
2 0.971125 0.952540 0.057750 0.057952
2 0.551875 0.939217 0.015000 0.025978
2 0.875938 0.937136 0.015750 0.024979
2 0.757812 0.956037 0.096750 0.087927
2 0.736250 0.931307 0.019500 0.010991
2 0.326562 0.940466 0.015750 0.034971
2 0.863437 0.945046 0.020250 0.047960
2 0.093125 0.928809 0.009000 0.010991
2 0.778125 0.930475 0.015000 0.018984
2 0.488438 0.928393 0.009750 0.015987
2 0.280625 0.927977 0.012000 0.014988
2 0.584688 0.927977 0.014250 0.018984
2 0.110312 0.925479 0.014250 0.012989
2 0.402813 0.927977 0.017250 0.020983
2 0.234375 0.923813 0.010500 0.010991
2 0.057813 0.924646 0.009750 0.014988
2 0.204687 0.922565 0.009750 0.011990
2 0.140937 0.924230 0.006750 0.015987
2 0.819688 0.920067 0.012750 0.007993
2 0.421250 0.922565 0.013500 0.013988
2 0.005250 0.922148 0.010500 0.016986
2 0.738750 0.920899 0.016500 0.015987
2 0.152812 0.921732 0.017250 0.017985
2 0.462500 0.918401 0.016500 0.011990
2 0.974688 0.922565 0.017250 0.023980
2 0.836875 0.917985 0.010500 0.012989
2 0.364375 0.921316 0.019500 0.020983
2 0.266562 0.923397 0.020250 0.025978
2 0.808750 0.916320 0.010500 0.010991
2 0.626875 0.919234 0.010500 0.017985
2 0.439063 0.917985 0.009750 0.014988
2 0.298750 0.918401 0.009000 0.015987
2 0.986875 0.922148 0.026250 0.026978
2 0.570312 0.916736 0.014250 0.013988
2 0.454375 0.921732 0.013500 0.025978
2 0.310937 0.927560 0.020250 0.041965
2 0.102500 0.912989 0.012000 0.008993
2 0.519687 0.913822 0.008250 0.012989
2 0.942187 0.915071 0.012750 0.017985
2 0.803125 0.928809 0.028500 0.050958
2 0.554375 0.913822 0.007500 0.014988
2 0.228750 0.913405 0.019500 0.017985
2 0.156250 0.911324 0.007500 0.012989
2 0.698125 0.910075 0.009000 0.011990
2 0.146875 0.910075 0.010500 0.011990
2 0.738750 0.909242 0.007500 0.011990
2 0.405000 0.909242 0.010500 0.011990
2 0.128125 0.909659 0.015000 0.012989
2 0.580625 0.909659 0.012000 0.014988
2 0.749375 0.916320 0.016500 0.032973
2 0.070312 0.908410 0.020250 0.013988
2 0.845625 0.911324 0.028500 0.022981
2 0.250937 0.907577 0.017250 0.017985
2 0.446875 0.905079 0.016500 0.013988
2 0.614688 0.906328 0.009750 0.018984
2 0.047500 0.901749 0.012000 0.009992
2 0.271875 0.904663 0.010500 0.018984
2 0.545625 0.907161 0.018000 0.026978
2 0.138125 0.899667 0.010500 0.010991
2 0.647188 0.900500 0.008250 0.014988
2 0.183438 0.902998 0.020250 0.020983
2 0.986250 0.904246 0.022500 0.025978
2 0.529687 0.900500 0.018750 0.016986
2 0.673125 0.896753 0.010500 0.009992
2 0.436563 0.897585 0.011250 0.013988
2 0.167187 0.896753 0.011250 0.011990
2 0.573438 0.895920 0.015750 0.011990
2 0.627500 0.895920 0.012000 0.013988
2 0.110312 0.900916 0.024750 0.025978
2 0.864062 0.894671 0.014250 0.012989
2 0.157188 0.899667 0.014250 0.024979
2 0.309688 0.894671 0.009750 0.014988
2 0.424687 0.894671 0.014250 0.016986
2 0.320937 0.893422 0.009750 0.013988
2 0.658438 0.896336 0.021750 0.024979
2 0.290625 0.889675 0.007500 0.008993
2 0.265000 0.892173 0.015000 0.014988
2 0.336562 0.888426 0.011250 0.007993
2 0.045000 0.887594 0.012000 0.005995
2 0.490000 0.893422 0.012000 0.021982
2 0.635312 0.887177 0.014250 0.008993
2 0.196563 0.890508 0.006750 0.016986
2 0.808125 0.898834 0.054000 0.038968
2 0.085938 0.886761 0.015750 0.009992
2 0.580937 0.886761 0.011250 0.011990
2 0.217188 0.887177 0.009750 0.012989
2 0.456250 0.892173 0.012000 0.026978
2 0.873125 0.883847 0.012000 0.008993
2 0.592812 0.883430 0.014250 0.007993
2 0.328125 0.884679 0.006000 0.010991
2 0.300000 0.885512 0.012000 0.012989
2 0.817500 0.883847 0.012000 0.010991
2 0.503750 0.886345 0.015000 0.016986
2 0.572187 0.884263 0.008250 0.013988
2 0.601250 0.887594 0.010500 0.023980
2 0.351250 0.885512 0.012000 0.018984
2 0.186875 0.884679 0.013500 0.016986
2 0.055000 0.882598 0.010500 0.011990
2 0.232187 0.883014 0.012750 0.014988
2 0.112500 0.880933 0.015000 0.009992
2 0.899375 0.902581 0.049500 0.063947
2 0.651563 0.881349 0.011250 0.014988
2 0.274687 0.881765 0.009750 0.015987
2 0.532188 0.881765 0.017250 0.017985
2 0.175000 0.878435 0.013500 0.009992
2 0.013125 0.891757 0.026250 0.041965
2 0.677188 0.880100 0.014250 0.015987
2 0.097187 0.878851 0.009750 0.012989
2 0.478750 0.878851 0.013500 0.014988
2 0.310000 0.877186 0.012000 0.010991
2 0.146250 0.880516 0.010500 0.018984
2 0.945312 0.875937 0.012750 0.009992
2 0.398750 0.879684 0.009000 0.020983
2 0.248438 0.873855 0.011250 0.008993
2 0.904687 0.875520 0.008250 0.016986
2 0.644062 0.875937 0.012750 0.019983
2 0.408125 0.872190 0.009000 0.012989
2 0.808438 0.873439 0.021750 0.017985
2 0.633125 0.871774 0.010500 0.013988
2 0.292187 0.871774 0.011250 0.013988
2 0.068125 0.876353 0.019500 0.026978
2 0.558438 0.870525 0.014250 0.014988
2 0.890312 0.870108 0.014250 0.019983
2 0.105938 0.868859 0.009750 0.016986
2 0.159062 0.865945 0.011250 0.011990
2 0.910937 0.877602 0.024750 0.041965
2 0.139063 0.872190 0.026250 0.028976
2 0.603437 0.865945 0.009750 0.017985
2 0.261250 0.865945 0.018000 0.017985
2 0.224062 0.862198 0.014250 0.008993
2 0.370312 0.879267 0.038250 0.051957
2 0.357187 0.865112 0.006750 0.019983
2 0.656875 0.866361 0.019500 0.026978
2 0.505000 0.864696 0.021000 0.022981
2 0.680625 0.865112 0.010500 0.025978
2 0.648750 0.860533 0.016500 0.014988
2 0.567500 0.861782 0.013500 0.017985
2 0.954688 0.864696 0.020250 0.028976
2 0.800000 0.863447 0.015000 0.025978
2 0.133437 0.860949 0.015750 0.019983
2 0.527188 0.857202 0.011250 0.012989
2 0.288750 0.856786 0.007500 0.013988
2 0.044375 0.856786 0.010500 0.013988
2 0.895000 0.855121 0.010500 0.011990
2 0.811562 0.856786 0.009750 0.015987
2 0.788750 0.855953 0.007500 0.015987
2 0.415625 0.853039 0.010500 0.010991
2 0.545000 0.853039 0.010500 0.012989
2 0.281250 0.850541 0.012000 0.006994
2 0.883437 0.860949 0.021750 0.033972
2 0.396250 0.853455 0.009000 0.015987
2 0.827187 0.860533 0.020250 0.034971
2 0.581250 0.851374 0.015000 0.012989
2 0.368125 0.855537 0.018000 0.022981
2 0.440625 0.848876 0.012000 0.010991
2 0.062500 0.847627 0.010500 0.009992
2 0.108125 0.851790 0.024000 0.021982
2 0.074375 0.849292 0.010500 0.015987
2 0.244375 0.855953 0.009000 0.033972
2 0.025937 0.845129 0.011250 0.007993
2 0.333125 0.853039 0.022500 0.028976
2 0.157812 0.848876 0.011250 0.018984
2 0.697500 0.845962 0.013500 0.015987
2 0.401875 0.845962 0.013500 0.019983
2 0.182500 0.851374 0.027000 0.032973
2 0.344062 0.840133 0.015750 0.011990
2 0.302812 0.844713 0.015750 0.022981
2 0.386875 0.838884 0.010500 0.010991
2 0.368437 0.840966 0.014250 0.015987
2 0.238437 0.841799 0.017250 0.017985
2 0.127188 0.839717 0.018750 0.014988
2 0.142500 0.837635 0.009000 0.011990
2 0.958750 0.855537 0.031500 0.056953
2 0.589063 0.839717 0.014250 0.018984
2 0.659687 0.840133 0.009750 0.021982
2 0.500313 0.838052 0.012750 0.016986
2 0.431875 0.840133 0.012000 0.021982
2 0.205000 0.840133 0.012000 0.021982
2 0.691250 0.835554 0.009000 0.012989
2 0.047500 0.840133 0.013500 0.023980
2 0.676562 0.833056 0.009750 0.012989
2 0.637188 0.837219 0.021750 0.022981
2 0.185000 0.831391 0.010500 0.012989
2 0.982187 0.829725 0.012750 0.012989
2 0.450313 0.831391 0.009750 0.018984
2 0.035000 0.832223 0.018000 0.020983
2 0.656250 0.826395 0.010500 0.008993
2 0.251875 0.828060 0.018000 0.012989
2 0.163125 0.826395 0.007500 0.010991
2 0.889000 0.892590 0.222000 0.214821
2 0.915625 0.841799 0.067500 0.049958
2 0.058125 0.827227 0.016500 0.016986
2 0.096875 0.822648 0.009000 0.009992
2 0.767813 0.825978 0.017250 0.019983
2 0.945000 0.824729 0.019500 0.018984
2 0.686562 0.820566 0.011250 0.008993
2 0.171563 0.820150 0.015750 0.007993
2 0.612500 0.822648 0.012000 0.015987
2 0.039062 0.820566 0.011250 0.010991
2 0.996250 0.820983 0.007500 0.013988
2 0.984250 0.828060 0.031500 0.030974
2 0.146250 0.818485 0.019500 0.009992
2 0.633750 0.820150 0.024000 0.015987
2 0.532188 0.819734 0.009750 0.014988
2 0.461562 0.818901 0.009750 0.014988
2 0.491563 0.819734 0.006750 0.018984
2 0.726875 0.818485 0.012000 0.017985
2 0.259062 0.818901 0.009750 0.018984
2 0.506250 0.818901 0.016500 0.020983
2 0.216875 0.818068 0.019500 0.018984
2 0.759375 0.816403 0.010500 0.018984
2 0.697812 0.813905 0.008250 0.012989
2 0.353750 0.815154 0.015000 0.015987
2 0.046875 0.885096 0.093750 0.229808
2 0.936875 0.814738 0.015000 0.016986
2 0.768750 0.813905 0.012000 0.014988
2 0.121250 0.815154 0.015000 0.017985
2 0.321875 0.812240 0.018000 0.014988
2 0.625313 0.809742 0.015750 0.012989
2 0.576875 0.817652 0.013500 0.031973
2 0.103125 0.808493 0.009000 0.009992
2 0.668438 0.813905 0.029250 0.024979
2 0.391875 0.813905 0.024000 0.024979
2 0.178437 0.811823 0.018750 0.019983
2 0.341875 0.811823 0.007500 0.021982
2 0.517813 0.809742 0.008250 0.018984
2 0.437812 0.807660 0.011250 0.017985
2 0.094375 0.807660 0.009000 0.017985
2 0.017812 0.806411 0.008250 0.014988
2 0.302187 0.808077 0.030750 0.022981
2 0.493125 0.804746 0.015000 0.016986
2 0.372188 0.803497 0.009750 0.013988
2 0.713125 0.812656 0.013500 0.037968
2 0.704375 0.805162 0.012000 0.021982
2 0.205313 0.807660 0.014250 0.027977
2 0.191250 0.801832 0.012000 0.013988
2 0.921562 0.800999 0.008250 0.013988
2 0.737187 0.800583 0.009750 0.012989
2 0.683125 0.805162 0.013500 0.023980
2 0.395000 0.799750 0.013500 0.010991
2 0.915937 0.812656 0.032250 0.045962
2 0.805000 0.797669 0.010500 0.009992
2 0.707500 0.798085 0.010500 0.012989
2 0.062187 0.803081 0.014250 0.024979
2 0.970313 0.798501 0.024750 0.017985
2 0.771250 0.799334 0.012000 0.019983
2 0.448125 0.807244 0.021000 0.038968
2 0.239063 0.794338 0.008250 0.007993
2 0.117188 0.797669 0.012750 0.015987
2 0.125625 0.794338 0.010500 0.009992
2 0.431875 0.794754 0.013500 0.012989
2 0.930937 0.795587 0.009750 0.016986
2 0.527813 0.793089 0.006750 0.010991
2 0.462813 0.795587 0.015750 0.016986
2 0.356250 0.792256 0.012000 0.008993
2 0.325625 0.795587 0.010500 0.018984
2 0.670625 0.793089 0.015000 0.016986
2 0.585000 0.795587 0.012000 0.024979
2 0.228750 0.796420 0.022500 0.026978
2 0.920312 0.789342 0.009750 0.011990
2 0.621250 0.789342 0.007500 0.013988
2 0.415312 0.791840 0.015750 0.019983
2 0.179063 0.792256 0.011250 0.020983
2 0.372500 0.789342 0.019500 0.015987
2 0.977187 0.797252 0.024750 0.036969
2 0.825937 0.788510 0.011250 0.015987
2 0.658438 0.784763 0.012750 0.006994
2 0.007125 0.784763 0.014250 0.006994
2 0.808438 0.785179 0.015750 0.009992
2 0.300938 0.790175 0.011250 0.021982
2 0.568438 0.788926 0.006750 0.020983
2 0.552500 0.785595 0.012000 0.012989
2 0.955937 0.789759 0.023250 0.024979
2 0.500625 0.786844 0.015000 0.019983
2 0.107813 0.787261 0.011250 0.020983
2 0.986875 0.793089 0.026250 0.036969
2 0.734688 0.781432 0.011250 0.010991
2 0.624375 0.780600 0.009000 0.008993
2 0.425938 0.779351 0.006750 0.011990
2 0.641563 0.780183 0.011250 0.015987
2 0.631563 0.778518 0.009750 0.011990
2 0.433437 0.780183 0.006750 0.015987
2 0.527813 0.779351 0.006750 0.015987
2 0.079062 0.778518 0.020250 0.013988
2 0.906563 0.789759 0.024750 0.044963
2 0.903750 0.778102 0.007500 0.016986
2 0.793750 0.778102 0.010500 0.016986
2 0.514687 0.779351 0.008250 0.019983
2 0.288125 0.779767 0.022500 0.020983
2 0.882188 0.776020 0.006750 0.013988
2 0.742812 0.772689 0.011250 0.005995
2 0.059062 0.776853 0.006750 0.015987
2 0.314375 0.778102 0.015000 0.020983
2 0.185312 0.779351 0.008250 0.023980
2 0.353750 0.777269 0.021000 0.020983
2 0.242500 0.778518 0.006000 0.023980
2 0.750938 0.773522 0.006750 0.013988
2 0.338750 0.773522 0.012000 0.015987
2 0.195312 0.773106 0.009750 0.014988
2 0.166563 0.771440 0.011250 0.010991
2 0.655312 0.773522 0.014250 0.017985
2 0.560625 0.776436 0.018000 0.024979
2 0.961250 0.770608 0.016500 0.012989
2 0.118750 0.770608 0.018000 0.012989
2 0.391562 0.768943 0.006750 0.010991
2 0.976250 0.771440 0.016500 0.020983
2 0.535000 0.769775 0.009000 0.016986
2 0.813125 0.767277 0.007500 0.012989
2 0.440000 0.768943 0.009000 0.016986
2 0.212188 0.766028 0.012750 0.009992
2 0.269375 0.768526 0.007500 0.017985
2 0.827812 0.769775 0.009750 0.022981
2 0.687500 0.766861 0.015000 0.015987
2 0.026875 0.764363 0.009000 0.009992
2 0.016875 0.767277 0.009000 0.016986
2 0.772188 0.764363 0.015750 0.011990
2 0.428750 0.765196 0.018000 0.015987
2 0.574063 0.763114 0.012750 0.012989
2 0.348438 0.763947 0.008250 0.014988
2 0.174687 0.765196 0.008250 0.017985
2 0.644375 0.764363 0.012000 0.017985
2 0.257500 0.765612 0.015000 0.020983
2 0.097812 0.766028 0.017250 0.023980
2 0.526563 0.763114 0.008250 0.018984
2 0.787188 0.762698 0.005250 0.019983
2 0.408750 0.759367 0.012000 0.011990
2 0.245000 0.758951 0.009000 0.012989
2 0.848750 0.757702 0.009000 0.011990
2 0.837500 0.762281 0.016500 0.022981
2 0.750938 0.759784 0.011250 0.016986
2 0.458437 0.756869 0.008250 0.009992
2 0.304688 0.763530 0.018750 0.025978
2 0.083125 0.760200 0.009000 0.017985
2 0.501563 0.756037 0.017250 0.011990
2 0.277500 0.756453 0.010500 0.012989
2 0.120000 0.758118 0.012000 0.016986
2 0.377188 0.763114 0.015750 0.032973
2 0.198750 0.756453 0.012000 0.016986
2 0.686875 0.755204 0.009000 0.015987
2 0.654687 0.755620 0.011250 0.016986
2 0.635938 0.755204 0.009750 0.015987
2 0.626563 0.754788 0.011250 0.014988
2 0.519687 0.761865 0.009750 0.031973
2 0.155000 0.761032 0.025500 0.029975
2 0.594688 0.753122 0.011250 0.012989
2 0.237500 0.757286 0.009000 0.022981
2 0.794687 0.753955 0.008250 0.016986
2 0.292500 0.758951 0.012000 0.028976
2 0.769062 0.751041 0.006750 0.013988
2 0.567813 0.752706 0.012750 0.017985
2 0.435312 0.752290 0.015750 0.016986
2 0.936250 0.756453 0.027000 0.028976
2 0.746875 0.748959 0.010500 0.010991
2 0.703125 0.748543 0.015000 0.009992
2 0.493125 0.753955 0.009000 0.022981
2 0.352812 0.751457 0.017250 0.016986
2 0.718750 0.748959 0.016500 0.014988
2 0.066562 0.749792 0.008250 0.016986
2 0.481250 0.756869 0.021000 0.035970
2 0.675312 0.746878 0.018750 0.015987
2 0.628750 0.743963 0.013500 0.008993
2 0.604062 0.751873 0.008250 0.027977
2 0.530937 0.747294 0.023250 0.016986
2 0.400938 0.745629 0.011250 0.014988
2 0.545937 0.749792 0.012750 0.030974
2 0.327188 0.746878 0.023250 0.023980
2 0.569688 0.743963 0.021750 0.018984
2 0.258125 0.741465 0.009000 0.012989
2 0.222812 0.760200 0.024750 0.057952
2 0.217188 0.742714 0.006750 0.015987
2 0.554688 0.740633 0.012750 0.012989
2 0.805000 0.745629 0.015000 0.026978
2 0.620313 0.738968 0.006750 0.010991
2 0.518437 0.738135 0.009750 0.008993
2 0.372812 0.745629 0.014250 0.028976
2 0.006875 0.737719 0.009000 0.009992
2 0.852187 0.737719 0.009750 0.011990
2 0.424063 0.741049 0.006750 0.019983
2 0.235937 0.736886 0.011250 0.009992
2 0.025000 0.742714 0.022500 0.023980
2 0.240625 0.738135 0.013500 0.014988
2 0.608750 0.739384 0.015000 0.019983
2 0.681250 0.733555 0.013500 0.007993
2 0.283125 0.740216 0.022500 0.023980
2 0.875938 0.738135 0.009750 0.020983
2 0.198750 0.736053 0.022500 0.015987
2 0.086875 0.732306 0.012000 0.006994
2 0.168750 0.735221 0.010500 0.015987
2 0.357500 0.733139 0.015000 0.012989
2 0.292187 0.734388 0.011250 0.015987
2 0.178125 0.736053 0.013500 0.019983
2 0.097500 0.733139 0.007500 0.012989
2 0.985000 0.733139 0.007500 0.014988
2 0.892500 0.734804 0.013500 0.018984
2 0.045312 0.733555 0.005250 0.015987
2 0.943125 0.738968 0.030000 0.030974
2 0.037187 0.730641 0.009750 0.010991
2 0.823125 0.731890 0.012000 0.017985
2 0.615313 0.728976 0.006750 0.010991
2 0.581250 0.736053 0.010500 0.027977
2 0.338750 0.733139 0.010500 0.020983
2 0.994062 0.729808 0.011250 0.014988
2 0.795312 0.730225 0.015750 0.015987
2 0.748125 0.731057 0.009000 0.019983
2 0.534687 0.727727 0.011250 0.011990
2 0.722812 0.732306 0.015750 0.024979
2 0.572812 0.728560 0.009750 0.015987
2 0.060312 0.726894 0.006750 0.011990
2 0.522813 0.726478 0.009750 0.012989
2 0.507188 0.726478 0.012750 0.014988
2 0.256250 0.726894 0.007500 0.015987
2 0.246562 0.726894 0.014250 0.015987
2 0.591250 0.722731 0.015000 0.009992
2 0.630938 0.728560 0.011250 0.025978
2 0.326562 0.723564 0.011250 0.013988
2 0.279062 0.722315 0.018750 0.010991
2 0.664375 0.722315 0.013500 0.012989
2 0.186875 0.723980 0.018000 0.016986
2 0.716875 0.725229 0.015000 0.021982
2 0.607187 0.722315 0.006750 0.014988
2 0.050625 0.720649 0.010500 0.010991
2 0.854062 0.722315 0.012750 0.016986
2 0.424375 0.721482 0.009000 0.014988
2 0.299687 0.721898 0.014250 0.015987
2 0.219688 0.722315 0.021750 0.016986
2 0.098125 0.718984 0.013500 0.008993
2 0.974875 0.752290 0.050250 0.090924
2 0.780625 0.723980 0.016500 0.022981
2 0.650000 0.720233 0.007500 0.013988
2 0.818750 0.720233 0.006000 0.015987
2 0.381250 0.718152 0.007500 0.010991
2 0.482500 0.719817 0.009000 0.016986
2 0.459688 0.718152 0.009750 0.012989
2 0.809688 0.719400 0.008250 0.017985
2 0.236875 0.718984 0.013500 0.016986
2 0.768437 0.715237 0.012750 0.013988
2 0.430312 0.716070 0.008250 0.015987
2 0.760000 0.717735 0.010500 0.021982
2 0.677188 0.712739 0.015750 0.009992
2 0.358438 0.713572 0.009750 0.011990
2 0.227500 0.714405 0.007500 0.013988
2 0.898750 0.721898 0.027000 0.033972
2 0.874687 0.713156 0.009750 0.012989
2 0.411875 0.715654 0.007500 0.018984
2 0.106875 0.711490 0.016500 0.008993
2 0.706875 0.712323 0.009000 0.012989
2 0.625625 0.711907 0.009000 0.015987
2 0.501563 0.713572 0.008250 0.019983
2 0.150625 0.721482 0.028500 0.038968
2 0.470938 0.709409 0.008250 0.011990
2 0.191562 0.708993 0.008250 0.010991
2 0.820312 0.707327 0.008250 0.008993
2 0.393125 0.715654 0.022500 0.028976
2 0.079687 0.712739 0.008250 0.021982
2 0.613750 0.708993 0.009000 0.016986
2 0.388125 0.706078 0.013500 0.009992
2 0.238437 0.706495 0.012750 0.010991
2 0.995500 0.711907 0.009000 0.025978
2 0.594375 0.708160 0.006000 0.016986
2 0.544687 0.705662 0.008250 0.012989
2 0.214688 0.707744 0.014250 0.017985
2 0.158125 0.704829 0.009000 0.012989
2 0.523750 0.703164 0.007500 0.010991
2 0.889687 0.705246 0.020250 0.017985
2 0.642188 0.704829 0.014250 0.016986
2 0.034063 0.705662 0.015750 0.018984
2 0.930937 0.708993 0.012750 0.028976
2 0.847187 0.705662 0.006750 0.020983
2 0.704688 0.703997 0.012750 0.016986
2 0.019062 0.703580 0.008250 0.017985
2 0.748437 0.702748 0.014250 0.017985
2 0.839063 0.704829 0.011250 0.024979
2 0.690625 0.701915 0.015000 0.017985
2 0.728750 0.700250 0.007500 0.015987
2 0.662500 0.704413 0.019500 0.025978
2 0.455937 0.700666 0.009750 0.016986
2 0.175313 0.701082 0.011250 0.017985
2 0.091563 0.704413 0.021750 0.025978
2 0.811250 0.701915 0.009000 0.021982
2 0.125312 0.701499 0.008250 0.020983
2 0.264688 0.696919 0.008250 0.011990
2 0.720000 0.697752 0.012000 0.015987
2 0.134687 0.702748 0.018750 0.027977
2 0.047813 0.702331 0.008250 0.026978
2 0.352812 0.696919 0.008250 0.015987
2 0.464687 0.697336 0.009750 0.018984
2 0.598750 0.691923 0.010500 0.007993
2 0.195000 0.695670 0.012000 0.018984
2 0.585313 0.693589 0.009750 0.015987
2 0.425000 0.694838 0.010500 0.018984
2 0.911563 0.695254 0.009750 0.021982
2 0.622188 0.692340 0.009750 0.014988
2 0.209063 0.693589 0.009750 0.017985
2 0.899687 0.690674 0.014250 0.012989
2 0.693438 0.692340 0.006750 0.016986
2 0.226875 0.690674 0.010500 0.012989
2 0.093750 0.694421 0.019500 0.021982
2 0.809063 0.687760 0.011250 0.009992
2 0.653438 0.692756 0.012750 0.021982
2 0.523125 0.691923 0.012000 0.019983
2 0.295625 0.689425 0.007500 0.013988
2 0.147813 0.686928 0.008250 0.007993
2 0.108125 0.696503 0.010500 0.030974
2 0.734062 0.687760 0.009750 0.011990
2 0.725313 0.688593 0.006750 0.013988
2 0.869375 0.686928 0.007500 0.011990
2 0.818750 0.688593 0.013500 0.015987
2 0.488438 0.688593 0.018750 0.015987
2 0.946562 0.691507 0.027750 0.024979
2 0.052812 0.686095 0.011250 0.011990
2 0.236563 0.690674 0.009750 0.024979
2 0.859688 0.684430 0.014250 0.011990
2 0.554688 0.685679 0.009750 0.014988
2 0.928750 0.684430 0.007500 0.013988
2 0.606250 0.690258 0.021000 0.027977
2 0.747500 0.682764 0.009000 0.011990
2 0.439375 0.686095 0.012000 0.019983
2 0.018125 0.685679 0.007500 0.018984
2 0.881250 0.685679 0.009000 0.020983
2 0.758125 0.684846 0.013500 0.018984
2 0.411875 0.684430 0.010500 0.019983
2 0.200000 0.680266 0.015000 0.009992
2 0.179375 0.684013 0.010500 0.018984
2 0.309688 0.679017 0.008250 0.010991
2 0.507500 0.680266 0.013500 0.015987
2 0.136563 0.681515 0.012750 0.018984
2 0.728875 0.803664 0.542250 0.392673
2 0.785625 0.676103 0.009000 0.007993
2 0.299687 0.679434 0.009750 0.015987
2 0.086250 0.678601 0.010500 0.013988
2 0.118438 0.681932 0.014250 0.023980
2 0.059687 0.677769 0.008250 0.013988
2 0.959688 0.682348 0.017250 0.026978
2 0.842500 0.680266 0.009000 0.021982
2 0.164062 0.684013 0.021750 0.030974
2 0.982187 0.676936 0.017250 0.015987
2 0.214375 0.676520 0.009000 0.014988
2 0.009375 0.681099 0.018750 0.025978
2 0.683438 0.676103 0.006750 0.017985
2 0.460625 0.676520 0.012000 0.018984
2 0.290625 0.675271 0.009000 0.015987
2 0.074063 0.679434 0.006750 0.025978
2 0.236875 0.671940 0.007500 0.009992
2 0.600313 0.674022 0.011250 0.016986
2 0.561875 0.673189 0.012000 0.014988
2 0.717812 0.672773 0.011250 0.015987
2 0.589063 0.671107 0.021750 0.011990
2 0.394062 0.669858 0.012750 0.008993
2 0.888437 0.673189 0.011250 0.018984
2 0.867812 0.670275 0.012750 0.011990
2 0.303750 0.671524 0.009000 0.014988
2 0.052500 0.669858 0.007500 0.010991
2 0.445000 0.669858 0.009000 0.012989
2 0.761563 0.669026 0.006750 0.012989
2 0.699063 0.669026 0.014250 0.012989
2 0.345000 0.668193 0.007500 0.010991
2 0.339062 0.673605 0.008250 0.023980
2 0.938438 0.668609 0.009750 0.013988
2 0.145625 0.666112 0.009000 0.007993
2 0.631250 0.669026 0.012000 0.016986
2 0.790937 0.665279 0.012750 0.009992
2 0.754375 0.664863 0.009000 0.008993
2 0.576250 0.666112 0.007500 0.011990
2 0.252188 0.667361 0.015750 0.014988
2 0.850625 0.664446 0.012000 0.009992
2 0.644062 0.670691 0.017250 0.024979
2 0.773750 0.667361 0.021000 0.018984
2 0.474062 0.667361 0.006750 0.018984
2 0.913438 0.666112 0.009750 0.017985
2 0.205937 0.666112 0.014250 0.017985
2 0.953438 0.664030 0.008250 0.014988
2 0.523438 0.671524 0.024750 0.032973
2 0.878125 0.661948 0.007500 0.011990
2 0.681250 0.662365 0.013500 0.012989
2 0.290625 0.661116 0.012000 0.013988
2 0.278750 0.662781 0.010500 0.017985
2 0.496250 0.659450 0.012000 0.011990
2 0.412500 0.661116 0.012000 0.015987
2 0.742812 0.659450 0.012750 0.013988
2 0.112812 0.659450 0.015750 0.013988
2 0.058750 0.658201 0.010500 0.010991
2 0.194688 0.662781 0.018750 0.023980
2 0.386875 0.660699 0.010500 0.020983
2 0.187812 0.655287 0.011250 0.007993
2 0.981563 0.655704 0.009750 0.010991
2 0.798125 0.660699 0.016500 0.024979
2 0.556875 0.659867 0.033000 0.022981
2 0.244688 0.658201 0.011250 0.018984
2 0.936562 0.655704 0.009750 0.014988
2 0.623750 0.654871 0.019500 0.012989
2 0.782188 0.656536 0.012750 0.018984
2 0.507188 0.655287 0.009750 0.015987
2 0.858125 0.651957 0.009000 0.011990
2 0.012812 0.653622 0.006750 0.017985
2 0.750000 0.650708 0.009000 0.012989
2 0.668750 0.649875 0.010500 0.010991
2 0.660625 0.651540 0.006000 0.014988
2 0.650312 0.651124 0.014250 0.013988
2 0.029375 0.658201 0.030000 0.030974
2 0.975625 0.652373 0.010500 0.018984
2 0.921875 0.649875 0.010500 0.012989
2 0.886250 0.653622 0.016500 0.021982
2 0.702187 0.650291 0.015750 0.015987
2 0.677813 0.648210 0.006750 0.012989
2 0.392813 0.650708 0.006750 0.018984
2 0.433437 0.658201 0.027750 0.040966
2 0.410313 0.645712 0.012750 0.010991
2 0.361250 0.649459 0.013500 0.019983
2 0.157812 0.649042 0.008250 0.018984
2 0.758750 0.645296 0.007500 0.011990
2 0.330625 0.646961 0.010500 0.015987
2 0.277813 0.646961 0.012750 0.015987
2 0.040000 0.648626 0.025500 0.021982
2 0.848125 0.645296 0.018000 0.017985
2 0.964688 0.641132 0.014250 0.009992
2 0.827187 0.643214 0.006750 0.014988
2 0.555625 0.643630 0.021000 0.017985
2 0.462187 0.641549 0.006750 0.012989
2 0.286562 0.644463 0.015750 0.019983
2 0.092500 0.645712 0.013500 0.022981
2 0.919063 0.638218 0.012750 0.008993
2 0.591562 0.641549 0.015750 0.016986
2 0.124688 0.640716 0.011250 0.014988
2 0.495625 0.637802 0.009000 0.009992
2 0.485312 0.639467 0.011250 0.013988
2 0.228125 0.638634 0.007500 0.011990
2 0.629062 0.635304 0.011250 0.007993
2 0.531563 0.643630 0.017250 0.027977
2 0.312500 0.638218 0.012000 0.014988
2 0.080000 0.638218 0.010500 0.016986
2 0.892188 0.634055 0.011250 0.008993
2 0.704688 0.638218 0.006750 0.018984
2 0.613125 0.638218 0.010500 0.018984
2 0.179063 0.636969 0.018750 0.015987
2 0.145937 0.634471 0.008250 0.011990
2 0.759375 0.634888 0.012000 0.014988
2 0.942187 0.637802 0.012750 0.023980
2 0.821562 0.633222 0.008250 0.014988
2 0.196250 0.635720 0.007500 0.020983
2 0.660937 0.634888 0.011250 0.020983
2 0.054375 0.633222 0.009000 0.016986
2 0.672813 0.631141 0.014250 0.013988
2 0.927188 0.631557 0.017250 0.016986
2 0.648125 0.628643 0.009000 0.009992
2 0.551250 0.628643 0.009000 0.013988
2 0.607500 0.628643 0.013500 0.015987
2 0.445937 0.624896 0.012750 0.006994
2 0.288125 0.627810 0.016500 0.015987
2 0.064687 0.629059 0.014250 0.018984
2 0.415625 0.626978 0.010500 0.015987
2 0.834688 0.623231 0.014250 0.008993
2 0.790937 0.625312 0.011250 0.013988
2 0.724688 0.630724 0.020250 0.026978
2 0.368125 0.626978 0.009000 0.019983
2 0.046562 0.623647 0.009750 0.011990
2 0.955313 0.629059 0.018750 0.026978
2 0.700625 0.623231 0.010500 0.014988
2 0.682500 0.623231 0.009000 0.014988
2 0.632500 0.624896 0.012000 0.018984
2 0.557813 0.620316 0.014250 0.007993
2 0.023125 0.626561 0.019500 0.022981
2 0.524062 0.622398 0.006750 0.014988
2 0.345313 0.623647 0.008250 0.017985
2 0.172500 0.626978 0.022500 0.025978
2 0.157500 0.624480 0.013500 0.019983
2 0.599063 0.622398 0.012750 0.016986
2 0.589688 0.623647 0.008250 0.019983
2 0.373125 0.617818 0.010500 0.009992
2 0.988437 0.618235 0.009750 0.014988
2 0.797500 0.616153 0.007500 0.011990
2 0.414375 0.614072 0.013500 0.008993
2 0.310312 0.618235 0.008250 0.018984
2 0.877188 0.621149 0.011250 0.027977
2 0.841875 0.614904 0.010500 0.012989
2 0.727500 0.616986 0.019500 0.017985
2 0.658438 0.615321 0.008250 0.013988
2 0.911250 0.616986 0.016500 0.019983
2 0.780312 0.614488 0.012750 0.013988
2 0.759687 0.611990 0.012750 0.007993
2 0.748437 0.613239 0.009750 0.014988
2 0.398125 0.624896 0.024000 0.042964
2 0.235313 0.616986 0.012750 0.023980
2 0.144375 0.611990 0.012000 0.011990
2 0.109063 0.611990 0.014250 0.011990
2 0.345938 0.636969 0.032250 0.073938
2 0.648125 0.609076 0.010500 0.008993
2 0.606875 0.611574 0.007500 0.016986
2 0.389375 0.607827 0.010500 0.007993
2 0.078437 0.609076 0.015750 0.010991
2 0.004875 0.612823 0.009750 0.019983
2 0.958125 0.609492 0.013500 0.013988
2 0.569688 0.607410 0.009750 0.008993
2 0.028125 0.612406 0.013500 0.020983
2 0.587812 0.607827 0.011250 0.015987
2 0.168125 0.605745 0.012000 0.010991
2 0.740938 0.610325 0.008250 0.023980
2 0.691875 0.613239 0.010500 0.034971
2 0.375625 0.621565 0.048000 0.054954
2 0.152188 0.601998 0.011250 0.007993
2 0.679063 0.610741 0.021750 0.030974
2 0.277813 0.603247 0.009750 0.012989
2 0.767188 0.601998 0.014250 0.011990
2 0.070312 0.601998 0.009750 0.011990
2 0.815312 0.600333 0.017250 0.009992
2 0.010937 0.602415 0.011250 0.016986
2 0.091250 0.600749 0.022500 0.014988
2 0.701562 0.595337 0.011250 0.007993
2 0.425625 0.598251 0.010500 0.014988
2 0.250000 0.596586 0.013500 0.012989
2 0.077813 0.596170 0.009750 0.011990
2 0.056875 0.596170 0.019500 0.011990
2 0.550312 0.595754 0.017250 0.012989
2 0.105938 0.597419 0.011250 0.016986
2 0.946562 0.594088 0.014250 0.010991
2 0.462500 0.601998 0.040500 0.031973
2 0.779062 0.594505 0.012750 0.015987
2 0.228125 0.593672 0.010500 0.015987
2 0.988437 0.595754 0.017250 0.022981
2 0.667813 0.594505 0.017250 0.019983
2 0.604375 0.591174 0.012000 0.011990
2 0.210625 0.594505 0.010500 0.019983
2 0.023438 0.589509 0.011250 0.007993
2 0.720000 0.593672 0.013500 0.019983
2 0.626250 0.590341 0.010500 0.011990
2 0.363438 0.590758 0.008250 0.012989
2 0.095000 0.592007 0.027000 0.015987
2 0.916562 0.592839 0.015750 0.019983
2 0.758437 0.592839 0.014250 0.019983
2 0.567813 0.594505 0.018750 0.023980
2 0.219062 0.591590 0.008250 0.016986
2 0.304375 0.599500 0.016500 0.037968
2 0.296250 0.591174 0.013500 0.017985
2 0.006000 0.588676 0.012000 0.011990
2 0.956875 0.592007 0.015000 0.021982
2 0.791250 0.590341 0.021000 0.017985
2 0.269688 0.587011 0.011250 0.009992
2 0.120000 0.588676 0.015000 0.013988
2 0.648125 0.587011 0.010500 0.011990
2 0.012500 0.584929 0.010500 0.006994
2 0.842812 0.595337 0.018750 0.033972
2 0.434063 0.587011 0.006750 0.013988
2 0.179688 0.586595 0.009750 0.012989
2 0.697187 0.585762 0.018750 0.012989
2 0.188125 0.589509 0.007500 0.021982
2 0.732187 0.588260 0.014250 0.020983
2 0.584375 0.585346 0.010500 0.013988
2 0.508125 0.595337 0.034500 0.037968
2 0.357187 0.587843 0.009750 0.019983
2 0.886250 0.585762 0.016500 0.016986
2 0.717187 0.583680 0.006750 0.011990
2 0.281562 0.582848 0.017250 0.009992
2 0.039062 0.584929 0.012750 0.018984
2 0.855000 0.584929 0.006000 0.020983
2 0.911250 0.580766 0.007500 0.012989
2 0.891563 0.587427 0.020250 0.028976
2 0.873750 0.581599 0.018000 0.014988
2 0.348125 0.579933 0.015000 0.014988
2 0.172500 0.579933 0.009000 0.014988
2 0.063437 0.582431 0.015750 0.020983
2 0.738750 0.583680 0.007500 0.025978
2 0.943750 0.580766 0.010500 0.020983
2 0.324375 0.578268 0.016500 0.016986
2 0.204375 0.575770 0.010500 0.010991
2 0.229375 0.575770 0.007500 0.012989
2 0.889687 0.573272 0.012750 0.008993
2 0.765938 0.574938 0.006750 0.012989
2 0.723125 0.574938 0.007500 0.014988
2 0.469375 0.573689 0.012000 0.011990
2 0.095000 0.572856 0.012000 0.011990
2 0.788438 0.574105 0.008250 0.016986
2 0.395625 0.587427 0.070500 0.048959
2 0.313125 0.572440 0.010500 0.012989
2 0.163125 0.574521 0.009000 0.017985
2 0.235000 0.570358 0.009000 0.009992
2 0.030937 0.574105 0.006750 0.018984
2 0.611563 0.573689 0.012750 0.019983
2 0.589688 0.574521 0.021750 0.021982
2 0.271250 0.572440 0.012000 0.016986
2 0.973437 0.567444 0.009750 0.008993
2 0.529375 0.571191 0.015000 0.019983
2 0.440937 0.569109 0.018750 0.014988
2 0.187188 0.567860 0.017250 0.013988
2 0.224688 0.565362 0.006750 0.009992
2 0.393437 0.565779 0.014250 0.012989
2 0.368750 0.573272 0.027000 0.030974
2 0.283750 0.566195 0.010500 0.013988
2 0.641563 0.564946 0.011250 0.012989
2 0.341562 0.572023 0.018750 0.031973
2 0.099375 0.564946 0.018000 0.014988
2 0.724688 0.562032 0.008250 0.011990
2 0.517813 0.564530 0.012750 0.017985
2 0.987187 0.562448 0.017250 0.014988
2 0.046250 0.564946 0.015000 0.020983
2 0.790625 0.561199 0.007500 0.013988
2 0.664375 0.562032 0.013500 0.015987
2 0.455625 0.560783 0.013500 0.012989
2 0.632812 0.561615 0.015750 0.016986
2 0.880313 0.558285 0.008250 0.010991
2 0.110312 0.559534 0.008250 0.013988
2 0.247500 0.561199 0.006000 0.019983
2 0.015000 0.565779 0.009000 0.030974
2 0.687813 0.555787 0.017250 0.008993
2 0.058750 0.558285 0.019500 0.014988
2 0.235313 0.558701 0.020250 0.019983
2 0.157812 0.556203 0.012750 0.013988
2 0.836250 0.555787 0.012000 0.014988
2 0.677500 0.557452 0.010500 0.018984
2 0.613437 0.557868 0.017250 0.019983
2 0.149688 0.554954 0.009750 0.012989
2 0.940937 0.556203 0.011250 0.017985
2 0.976250 0.551624 0.015000 0.008993
2 0.780625 0.554122 0.007500 0.014988
2 0.570937 0.555371 0.008250 0.017985
2 0.037187 0.551207 0.014250 0.009992
2 0.430000 0.560366 0.027000 0.033972
2 0.195937 0.550375 0.012750 0.009992
2 0.622812 0.552873 0.012750 0.017985
2 0.753125 0.552456 0.009000 0.020983
2 0.323750 0.552456 0.018000 0.020983
2 0.745000 0.549542 0.010500 0.015987
2 0.880313 0.547877 0.015750 0.013988
2 0.952500 0.549958 0.009000 0.020983
2 0.915625 0.547044 0.013500 0.013988
2 0.791875 0.545795 0.015000 0.010991
2 0.536250 0.545795 0.010500 0.010991
2 0.355000 0.547044 0.016500 0.015987
2 0.223125 0.548709 0.010500 0.019983
2 0.134063 0.547877 0.006750 0.017985
2 0.992125 0.549542 0.015750 0.023980
2 0.125312 0.546628 0.008250 0.016986
2 0.378125 0.552873 0.034500 0.033972
2 0.112187 0.545379 0.012750 0.015987
2 0.027187 0.550375 0.014250 0.031973
2 0.687500 0.539967 0.007500 0.010991
2 0.402187 0.543297 0.008250 0.018984
2 0.081562 0.548293 0.009750 0.030974
2 0.319063 0.537469 0.014250 0.006994
2 0.202813 0.540383 0.015750 0.013988
2 0.178437 0.538301 0.015750 0.008993
2 0.159062 0.539550 0.012750 0.011990
2 0.835625 0.540383 0.015000 0.015987
2 0.825313 0.537885 0.008250 0.009992
2 0.888125 0.539967 0.018000 0.016986
2 0.243438 0.542881 0.018750 0.023980
2 0.010875 0.549126 0.021750 0.038968
2 0.716250 0.542465 0.013500 0.024979
2 0.958750 0.534138 0.009000 0.006994
2 0.046875 0.534971 0.007500 0.008993
2 0.770625 0.535387 0.010500 0.011990
2 0.929063 0.536636 0.009750 0.016986
2 0.631563 0.537885 0.014250 0.021982
2 0.506875 0.533306 0.012000 0.010991
2 0.102813 0.532889 0.014250 0.009992
2 0.069375 0.533722 0.012000 0.011990
2 0.562187 0.549542 0.018750 0.051957
2 0.255312 0.532057 0.012750 0.009992
2 0.904687 0.540799 0.014250 0.032973
2 0.571875 0.537469 0.015000 0.024979
2 0.677813 0.534971 0.017250 0.020983
2 0.422187 0.529975 0.012750 0.008993
2 0.868125 0.533722 0.015000 0.019983
2 0.793438 0.532057 0.008250 0.015987
2 0.194375 0.533722 0.016500 0.019983
2 0.346875 0.530808 0.007500 0.014988
2 0.280313 0.531224 0.006750 0.015987
2 0.544687 0.532057 0.012750 0.019983
2 0.534062 0.529975 0.005250 0.014988
2 0.211562 0.541632 0.015750 0.042964
2 0.840000 0.526644 0.010500 0.008993
2 0.458437 0.527061 0.009750 0.009992
2 0.882188 0.526644 0.009750 0.010991
2 0.753750 0.529142 0.006000 0.016986
2 0.745313 0.531640 0.012750 0.024979
2 0.222188 0.525812 0.011250 0.010991
2 0.504375 0.549542 0.051000 0.069942
2 0.471250 0.542465 0.028500 0.052956
2 0.028125 0.529975 0.018000 0.022981
2 0.848750 0.526228 0.009000 0.015987
2 0.735938 0.529975 0.015750 0.024979
2 0.679688 0.524147 0.008250 0.012989
2 0.974688 0.523314 0.012750 0.012989
2 0.025000 0.523314 0.010500 0.012989
2 0.310312 0.521649 0.014250 0.010991
2 0.371563 0.527477 0.032250 0.026978
2 0.295938 0.525396 0.012750 0.023980
2 0.804688 0.528726 0.017250 0.033972
2 0.670625 0.519983 0.009000 0.012989
2 0.145937 0.523730 0.006750 0.021982
2 0.380000 0.519151 0.018000 0.012989
2 0.556250 0.520816 0.013500 0.018984
2 0.393437 0.518734 0.009750 0.013988
2 0.343438 0.516236 0.015750 0.007993
2 0.323437 0.524979 0.018750 0.028976
2 0.126562 0.520400 0.009750 0.017985
2 0.515312 0.520400 0.021750 0.019983
2 0.618750 0.517069 0.007500 0.013988
2 0.832812 0.519151 0.008250 0.020983
2 0.718437 0.517902 0.006750 0.017985
2 0.901250 0.513322 0.007500 0.008993
2 0.843437 0.515404 0.011250 0.013988
2 0.241250 0.514988 0.010500 0.014988
2 0.940937 0.521649 0.021750 0.032973
2 0.707187 0.515404 0.005250 0.017985
2 0.695937 0.513739 0.006750 0.013988
2 0.595938 0.534138 0.036750 0.062948
2 0.277187 0.514155 0.011250 0.014988
2 0.060625 0.512906 0.010500 0.011990
2 0.464062 0.512906 0.008250 0.015987
2 0.418125 0.510824 0.012000 0.010991
2 0.194062 0.517485 0.015750 0.026978
2 0.158125 0.514155 0.009000 0.018984
2 0.102188 0.515820 0.012750 0.022981
2 0.401875 0.512073 0.010500 0.015987
2 0.986563 0.511657 0.005250 0.016986
2 0.557187 0.510408 0.009750 0.013988
2 0.207187 0.509992 0.009750 0.012989
2 0.430312 0.527477 0.062250 0.056953
2 0.304688 0.510408 0.018750 0.017985
2 0.253750 0.508743 0.018000 0.013988
2 0.755000 0.507910 0.007500 0.013988
2 0.631875 0.507910 0.009000 0.013988
2 0.544687 0.507077 0.014250 0.013988
2 0.229687 0.506661 0.015750 0.012989
2 0.008625 0.506245 0.017250 0.011990
2 0.817187 0.509575 0.009750 0.021982
2 0.176563 0.507077 0.006750 0.015987
2 0.910625 0.507494 0.007500 0.018984
2 0.567813 0.506245 0.014250 0.015987
2 0.530937 0.504580 0.011250 0.011990
2 0.455625 0.505412 0.015000 0.015987
2 0.853125 0.501249 0.009000 0.009992
2 0.017188 0.508326 0.011250 0.026978
2 0.248750 0.500416 0.022500 0.011990
2 0.085000 0.500833 0.018000 0.012989
2 0.927813 0.507910 0.009750 0.031973
2 0.170313 0.500000 0.011250 0.012989
2 0.503437 0.502082 0.009750 0.019983
2 0.878437 0.502498 0.015750 0.022981
2 0.714063 0.502914 0.008250 0.025978
2 0.943438 0.499167 0.014250 0.018984
2 0.571562 0.498751 0.015750 0.017985
2 0.070312 0.495004 0.023250 0.010991
2 0.956875 0.492090 0.013500 0.005995
2 0.271250 0.500000 0.010500 0.024979
2 0.748437 0.497502 0.006750 0.020983
2 0.347813 0.499584 0.048750 0.025978
2 0.154062 0.493755 0.012750 0.011990
2 0.777500 0.508743 0.016500 0.049958
2 0.419687 0.494588 0.014250 0.015987
2 0.360938 0.492506 0.009750 0.010991
2 0.210000 0.498335 0.019500 0.024979
2 0.291563 0.492923 0.012750 0.013988
2 0.852500 0.490425 0.010500 0.009992
2 0.721250 0.494588 0.007500 0.019983
2 0.536875 0.492090 0.018000 0.013988
2 0.021250 0.492090 0.025500 0.013988
2 0.760312 0.491674 0.018750 0.014988
2 0.735313 0.499167 0.023250 0.032973
2 0.111562 0.492090 0.021750 0.015987
2 0.518125 0.496253 0.015000 0.031973
2 0.780625 0.487510 0.010500 0.012989
2 0.191250 0.485845 0.010500 0.008993
2 0.979375 0.488759 0.009000 0.017985
2 0.916875 0.487094 0.007500 0.013988
2 0.803750 0.490425 0.010500 0.021982
2 0.652500 0.488343 0.012000 0.016986
2 0.280625 0.487510 0.013500 0.014988
2 0.871875 0.486678 0.015000 0.014988
2 0.179063 0.485429 0.008250 0.011990
2 0.900312 0.493339 0.009750 0.032973
2 0.503750 0.483347 0.006000 0.010991
2 0.310312 0.484180 0.012750 0.012989
2 0.097187 0.484596 0.008250 0.013988
2 0.083750 0.483764 0.015000 0.011990
2 0.930937 0.481682 0.009750 0.008993
2 0.668438 0.488759 0.009750 0.025978
2 0.529687 0.490841 0.026250 0.030974
2 0.595000 0.505412 0.036000 0.067943
2 0.136250 0.481266 0.009000 0.009992
2 0.887188 0.487094 0.018750 0.025978
2 0.792813 0.480017 0.011250 0.010991
2 0.241875 0.481266 0.009000 0.013988
2 0.212500 0.482931 0.018000 0.019983
2 0.468125 0.502914 0.088500 0.069942
2 0.072813 0.482098 0.015750 0.019983
2 0.695937 0.479600 0.014250 0.015987
2 0.681562 0.477102 0.008250 0.009992
2 0.660312 0.477935 0.006750 0.011990
2 0.190625 0.476270 0.016500 0.009992
2 0.826562 0.479184 0.008250 0.018984
2 0.558750 0.481682 0.024000 0.024979
2 0.624062 0.480433 0.021750 0.029975
2 0.229687 0.485429 0.017250 0.041965
2 0.637813 0.480849 0.015750 0.034971
2 0.515625 0.472523 0.010500 0.014988
2 0.016250 0.472523 0.007500 0.014988
2 0.109687 0.475853 0.012750 0.024979
2 0.882812 0.472107 0.009750 0.017985
2 0.720938 0.475853 0.015750 0.026978
2 0.380625 0.469609 0.010500 0.011990
2 0.676562 0.469609 0.008250 0.013988
2 0.118750 0.470025 0.007500 0.014988
2 0.222188 0.469192 0.012750 0.014988
2 0.071875 0.466694 0.009000 0.008993
2 0.948750 0.466278 0.013500 0.009992
2 0.782500 0.471274 0.009000 0.021982
2 0.291563 0.470858 0.018750 0.022981
2 0.255312 0.472107 0.026250 0.025978
2 0.743750 0.467111 0.012000 0.015987
2 0.102813 0.465445 0.014250 0.011990
2 0.428438 0.479600 0.035250 0.047960
2 0.057813 0.466694 0.009750 0.016986
2 0.143750 0.465029 0.015000 0.014988
2 0.909687 0.463780 0.023250 0.013988
2 0.328125 0.461699 0.007500 0.010991
2 0.267500 0.461699 0.010500 0.010991
2 0.038125 0.461699 0.010500 0.010991
2 0.934688 0.459617 0.009750 0.007993
2 0.573438 0.474188 0.030750 0.042964
2 0.454062 0.468360 0.011250 0.028976
2 0.118750 0.460033 0.016500 0.008993
2 0.834688 0.467111 0.011250 0.027977
2 0.790937 0.462115 0.009750 0.015987
2 0.868437 0.458784 0.011250 0.009992
2 0.596875 0.464613 0.018000 0.023980
2 0.765000 0.462531 0.016500 0.020983
2 0.335625 0.472939 0.025500 0.045962
2 0.961562 0.458784 0.011250 0.013988
2 0.704375 0.461282 0.018000 0.019983
2 0.465313 0.457119 0.009750 0.013988
2 0.335000 0.456703 0.012000 0.012989
2 0.813750 0.459201 0.018000 0.020983
2 0.173125 0.457119 0.006000 0.015987
2 0.092500 0.457535 0.007500 0.016986
2 0.715938 0.456286 0.009750 0.017985
2 0.730938 0.452123 0.009750 0.009992
2 0.398438 0.454205 0.011250 0.014988
2 0.824688 0.455454 0.006750 0.019983
2 0.439688 0.452540 0.011250 0.012989
2 0.106250 0.453372 0.010500 0.014988
2 0.635000 0.452123 0.009000 0.013988
2 0.313750 0.455454 0.022500 0.021982
2 0.591562 0.452540 0.026250 0.018984
2 0.525312 0.462115 0.029250 0.041965
2 0.430625 0.449625 0.006000 0.011990
2 0.236875 0.447960 0.009000 0.007993
2 0.215625 0.450874 0.007500 0.014988
2 0.134375 0.455870 0.016500 0.026978
2 0.605625 0.449625 0.010500 0.015987
2 0.181875 0.447544 0.010500 0.010991
2 0.951562 0.450458 0.011250 0.019983
2 0.015312 0.452123 0.015750 0.023980
2 0.647188 0.450042 0.026250 0.020983
2 0.736563 0.445462 0.011250 0.011990
2 0.665625 0.451707 0.024000 0.026978
2 0.026875 0.446711 0.010500 0.014988
2 0.859688 0.451291 0.017250 0.029975
2 0.809375 0.442548 0.015000 0.012989
2 0.261562 0.444213 0.023250 0.016986
2 0.673125 0.441715 0.013500 0.012989
2 0.971250 0.439634 0.010500 0.009992
2 0.063437 0.439634 0.012750 0.011990
2 0.900312 0.445878 0.020250 0.028976
2 0.635312 0.437968 0.018750 0.009992
2 0.662188 0.438385 0.020250 0.012989
2 0.844688 0.442132 0.024750 0.025978
2 0.889375 0.434638 0.010500 0.009992
2 0.685000 0.433805 0.009000 0.009992
2 0.186562 0.435887 0.014250 0.014988
2 0.230937 0.443797 0.023250 0.035970
2 0.912813 0.435054 0.011250 0.016986
2 0.551875 0.441299 0.033000 0.031973
2 0.618125 0.433805 0.013500 0.015987
2 0.852812 0.432140 0.009750 0.013988
2 0.996625 0.434638 0.006750 0.025978
2 0.976875 0.430475 0.010500 0.015987
2 0.763125 0.432140 0.013500 0.019983
2 0.421250 0.431307 0.007500 0.017985
2 0.142813 0.432556 0.041250 0.020983
2 0.037500 0.430891 0.012000 0.016986
2 0.794375 0.431307 0.025500 0.019983
2 0.569688 0.427977 0.012750 0.011990
2 0.753750 0.432556 0.009000 0.024979
2 0.808438 0.429226 0.006750 0.018984
2 0.291563 0.433805 0.015750 0.031973
2 0.196875 0.425062 0.010500 0.010991
2 0.744062 0.424646 0.008250 0.011990
2 0.782188 0.428809 0.015750 0.023980
2 0.379688 0.452123 0.036750 0.079933
2 0.648438 0.427977 0.012750 0.023980
2 0.435625 0.431724 0.016500 0.032973
2 0.357812 0.460033 0.048750 0.100916
2 0.265000 0.425479 0.009000 0.019983
2 0.667813 0.420483 0.018750 0.009992
2 0.911563 0.421732 0.015750 0.014988
2 0.152500 0.420899 0.007500 0.012989
2 0.949375 0.423397 0.015000 0.020983
2 0.313437 0.423813 0.018750 0.021982
2 0.182188 0.418401 0.017250 0.008993
2 0.874687 0.421732 0.011250 0.018984
2 0.698750 0.421316 0.022500 0.017985
2 0.564063 0.418401 0.009750 0.010991
2 0.513437 0.435054 0.056250 0.050958
2 0.093438 0.421316 0.014250 0.017985
2 0.411250 0.449625 0.039000 0.089925
2 0.958750 0.417152 0.007500 0.013988
2 0.356250 0.417985 0.009000 0.015987
2 0.867500 0.417985 0.015000 0.017985
2 0.447188 0.428809 0.024750 0.043963
2 0.029687 0.415487 0.009750 0.017985
2 0.724688 0.411324 0.006750 0.011990
2 0.642500 0.412573 0.010500 0.014988
2 0.015625 0.411324 0.012000 0.011990
2 0.934063 0.410075 0.015750 0.010991
2 0.833125 0.411740 0.006000 0.014988
2 0.775937 0.410491 0.012750 0.013988
2 0.140313 0.411324 0.005250 0.015987
2 0.809375 0.411324 0.015000 0.017985
2 0.280000 0.411324 0.010500 0.017985
2 0.176563 0.407993 0.018750 0.009992
2 0.670312 0.408410 0.015750 0.012989
2 0.790937 0.408410 0.009750 0.014988
2 0.745000 0.411740 0.027000 0.022981
2 0.657500 0.408826 0.009000 0.015987
2 0.165000 0.406744 0.007500 0.012989
2 0.006000 0.404663 0.012000 0.009992
2 0.855000 0.403414 0.012000 0.008993
2 0.685312 0.406744 0.011250 0.016986
2 0.630313 0.406744 0.014250 0.016986
2 0.562813 0.405912 0.011250 0.014988
2 0.888437 0.410075 0.020250 0.026978
2 0.245000 0.409242 0.013500 0.026978
2 0.955000 0.404246 0.015000 0.016986
2 0.873437 0.402998 0.015750 0.013988
2 0.718437 0.400916 0.009750 0.008993
2 0.208437 0.405079 0.015750 0.018984
2 0.763437 0.400083 0.015750 0.008993
2 0.472500 0.402165 0.012000 0.013988
2 0.072813 0.402998 0.008250 0.015987
2 0.061562 0.402581 0.015750 0.014988
2 0.930625 0.399667 0.015000 0.009992
2 0.155625 0.401332 0.015000 0.013988
2 0.661563 0.397585 0.018750 0.008993
2 0.114375 0.400916 0.013500 0.016986
2 0.684063 0.396336 0.015750 0.007993
2 0.261250 0.399251 0.010500 0.014988
2 0.801562 0.396753 0.012750 0.018984
2 0.763125 0.393006 0.010500 0.009992
2 0.714063 0.411740 0.033750 0.058951
2 0.537813 0.394671 0.012750 0.017985
2 0.286250 0.390508 0.007500 0.009992
2 0.071563 0.390924 0.011250 0.012989
2 0.745000 0.395504 0.015000 0.025978
2 0.178125 0.390508 0.016500 0.013988
2 0.467813 0.427560 0.072750 0.108909
2 0.271562 0.389259 0.008250 0.016986
2 0.955937 0.388843 0.011250 0.017985
2 0.857500 0.390092 0.007500 0.020983
2 0.225625 0.388426 0.015000 0.016986
2 0.209375 0.388010 0.010500 0.015987
2 0.822500 0.385928 0.012000 0.012989
2 0.030312 0.385512 0.017250 0.011990
2 0.379375 0.402581 0.033000 0.054954
2 0.633125 0.382182 0.013500 0.007993
2 0.060000 0.387177 0.013500 0.021982
2 0.915000 0.392173 0.022500 0.035970
2 0.980938 0.381765 0.006750 0.012989
2 0.887188 0.385928 0.017250 0.022981
2 0.180938 0.380100 0.011250 0.008993
2 0.166875 0.385096 0.009000 0.020983
2 0.297812 0.380100 0.015750 0.012989
2 0.596250 0.400500 0.067500 0.063947
2 0.452500 0.379267 0.010500 0.012989
2 0.805000 0.378435 0.007500 0.012989
2 0.685000 0.378851 0.012000 0.013988
2 0.230000 0.379267 0.012000 0.016986
2 0.155312 0.375937 0.009750 0.008993
2 0.964063 0.375520 0.011250 0.009992
2 0.736875 0.375104 0.010500 0.010991
2 0.147500 0.378018 0.009000 0.017985
2 0.646875 0.380516 0.018000 0.025978
2 0.242188 0.388843 0.027750 0.047960
2 0.201563 0.380100 0.015750 0.026978
2 0.116250 0.372190 0.010500 0.007993
2 0.071563 0.377186 0.014250 0.019983
2 0.941875 0.378851 0.018000 0.025978
2 0.269375 0.373022 0.010500 0.011990
2 0.906250 0.375520 0.018000 0.019983
2 0.757500 0.375937 0.022500 0.020983
2 0.014687 0.372606 0.006750 0.012989
2 0.667813 0.374271 0.006750 0.018984
2 0.564063 0.378018 0.017250 0.027977
2 0.455625 0.369692 0.010500 0.009992
2 0.441875 0.377602 0.021000 0.030974
2 0.989062 0.370108 0.006750 0.014988
2 0.829063 0.372606 0.008250 0.020983
2 0.154688 0.367194 0.014250 0.007993
2 0.179688 0.367610 0.011250 0.012989
2 0.980938 0.363863 0.008250 0.007993
2 0.575313 0.363863 0.012750 0.007993
2 0.861875 0.367194 0.009000 0.017985
2 0.222500 0.364280 0.012000 0.010991
2 0.052187 0.365529 0.008250 0.013988
2 0.890000 0.363863 0.009000 0.011990
2 0.307500 0.367610 0.007500 0.020983
2 0.877500 0.361782 0.010500 0.008993
2 0.731250 0.363863 0.013500 0.013988
2 0.505000 0.363863 0.009000 0.013988
2 0.428438 0.367194 0.018750 0.021982
2 0.746563 0.362614 0.018750 0.012989
2 0.334062 0.402165 0.078750 0.107910
2 0.678750 0.362614 0.016500 0.014988
2 0.613125 0.369692 0.036000 0.033972
2 0.778125 0.359284 0.012000 0.010991
2 0.713437 0.362198 0.008250 0.017985
2 0.520000 0.362614 0.021000 0.018984
2 0.314063 0.365529 0.009750 0.027977
2 0.868125 0.365529 0.009000 0.029975
2 0.841250 0.359700 0.016500 0.015987
2 0.214688 0.358035 0.011250 0.011990
2 0.149062 0.357202 0.006750 0.009992
2 0.275625 0.356786 0.013500 0.010991
2 0.639062 0.357202 0.009750 0.013988
2 0.927188 0.355121 0.012750 0.010991
2 0.184688 0.355537 0.011250 0.011990
2 0.168750 0.358451 0.022500 0.020983
2 0.853750 0.353039 0.010500 0.011990
2 0.596562 0.369276 0.021750 0.050958
2 0.415938 0.379684 0.044250 0.075937
2 0.456875 0.355121 0.025500 0.018984
2 0.439375 0.351374 0.010500 0.009992
2 0.402813 0.351790 0.018750 0.010991
2 0.811250 0.349709 0.009000 0.009992
2 0.236250 0.355953 0.009000 0.024979
2 0.613750 0.348876 0.012000 0.009992
2 0.346562 0.360117 0.035250 0.038968
2 0.704063 0.348876 0.012750 0.013988
2 0.982500 0.350541 0.013500 0.019983
2 0.714688 0.346378 0.011250 0.009992
2 0.262500 0.352623 0.021000 0.024979
2 0.316875 0.348460 0.019500 0.016986
2 0.285938 0.347211 0.006750 0.013988
2 0.143750 0.348460 0.009000 0.016986
2 0.030937 0.347627 0.008250 0.014988
2 0.945625 0.345545 0.013500 0.011990
2 0.823750 0.343880 0.015000 0.007993
2 0.415938 0.348043 0.009750 0.017985
2 0.954688 0.355121 0.035250 0.036969
2 0.634062 0.345129 0.015750 0.012989
2 0.494688 0.383014 0.084750 0.103913
2 0.914375 0.354288 0.021000 0.036969
2 0.068750 0.344296 0.006000 0.014988
2 0.797813 0.343880 0.021750 0.017985
2 0.770312 0.346378 0.018750 0.025978
2 0.664062 0.345129 0.015750 0.022981
2 0.523438 0.348460 0.018750 0.032973
2 0.490625 0.338884 0.018000 0.011990
2 0.187188 0.340550 0.006750 0.015987
2 0.138437 0.336803 0.017250 0.010991
2 0.576562 0.345545 0.026250 0.033972
2 0.102188 0.339301 0.020250 0.018984
2 0.792188 0.335970 0.009750 0.012989
2 0.718125 0.336803 0.013500 0.016986
2 0.173437 0.338468 0.021750 0.020983
2 0.119063 0.335554 0.012750 0.015987
2 0.675312 0.334305 0.017250 0.014988
2 0.388437 0.333472 0.017250 0.014988
2 0.085312 0.332223 0.008250 0.011990
2 0.870625 0.335137 0.019500 0.020983
2 0.546875 0.358451 0.040500 0.076936
2 0.283750 0.330558 0.012000 0.011990
2 0.845938 0.329309 0.020250 0.010991
2 0.430000 0.334721 0.019500 0.023980
2 0.047813 0.333056 0.005250 0.019983
2 0.905937 0.332223 0.015750 0.019983
2 0.009375 0.329725 0.016500 0.013988
2 0.190625 0.328893 0.009000 0.013988
2 0.861875 0.328476 0.009000 0.014988
2 0.754375 0.331807 0.012000 0.022981
2 0.033438 0.328893 0.014250 0.015987
2 0.261250 0.327644 0.010500 0.014988
2 0.495937 0.326811 0.012750 0.014988
2 0.163750 0.328060 0.013500 0.017985
2 0.320312 0.325978 0.009750 0.014988
2 0.948125 0.327227 0.015000 0.019983
2 0.455937 0.325146 0.008250 0.014988
2 0.024063 0.327227 0.009750 0.019983
2 0.994062 0.325562 0.006750 0.017985
2 0.891563 0.334305 0.015750 0.038968
2 0.936562 0.323897 0.011250 0.015987
2 0.424375 0.324313 0.010500 0.016986
2 0.598437 0.325562 0.009750 0.021982
2 0.360312 0.345545 0.084750 0.069942
2 0.219375 0.320983 0.013500 0.010991
2 0.145937 0.323480 0.011250 0.016986
2 0.299375 0.323064 0.024000 0.017985
2 0.070312 0.320566 0.012750 0.011990
2 0.059375 0.320983 0.009000 0.012989
2 0.912188 0.321815 0.014250 0.016986
2 0.446875 0.330974 0.019500 0.040966
2 0.901563 0.317236 0.009750 0.009992
2 0.698750 0.317236 0.022500 0.011990
2 0.622500 0.327644 0.040500 0.036969
2 0.572812 0.315987 0.008250 0.008993
2 0.176563 0.317236 0.008250 0.011990
2 0.878437 0.316819 0.009750 0.012989
2 0.852812 0.315987 0.008250 0.010991
2 0.538438 0.319734 0.021750 0.019983
2 0.395000 0.321399 0.049500 0.023980
2 0.051562 0.319317 0.012750 0.018984
2 0.773438 0.319317 0.015750 0.020983
2 0.652500 0.328476 0.022500 0.042964
2 0.970938 0.316819 0.008250 0.016986
2 0.756563 0.315570 0.011250 0.013988
2 0.455625 0.319317 0.027000 0.022981
2 0.375625 0.312240 0.021000 0.009992
2 0.105938 0.313072 0.009750 0.011990
2 0.961875 0.314321 0.007500 0.016986
2 0.609688 0.313489 0.008250 0.014988
2 0.808438 0.310158 0.009750 0.008993
2 0.767813 0.314321 0.014250 0.018984
2 0.260000 0.311407 0.007500 0.011990
2 0.085938 0.311407 0.011250 0.011990
2 0.514375 0.310158 0.007500 0.014988
2 0.678750 0.309742 0.015000 0.015987
2 0.415312 0.309326 0.012750 0.014988
2 0.161875 0.308077 0.013500 0.013988
2 0.181250 0.308077 0.007500 0.015987
2 0.293438 0.309326 0.015750 0.020983
2 0.337187 0.304330 0.011250 0.010991
2 0.026562 0.304746 0.008250 0.011990
2 0.199063 0.311407 0.029250 0.029975
2 0.888437 0.304746 0.020250 0.015987
2 0.011875 0.305579 0.007500 0.017985
2 0.722500 0.306411 0.010500 0.021982
2 0.531250 0.305579 0.018000 0.021982
2 0.457500 0.301832 0.009000 0.012989
2 0.285313 0.299750 0.009750 0.007993
2 0.740313 0.305579 0.017250 0.023980
2 0.610625 0.301415 0.006000 0.013988
2 0.520312 0.300999 0.005250 0.012989
2 0.777188 0.302248 0.008250 0.017985
2 0.585000 0.302248 0.010500 0.017985
2 0.249062 0.298085 0.009750 0.007993
2 0.248750 0.303081 0.019500 0.019983
2 0.348750 0.308909 0.019500 0.035970
2 0.227500 0.304330 0.009000 0.024979
2 0.089063 0.300167 0.014250 0.014988
2 0.446250 0.302664 0.013500 0.022981
2 0.432500 0.305995 0.025500 0.030974
2 0.405313 0.297669 0.009750 0.014988
2 0.833125 0.296836 0.015000 0.016986
2 0.127500 0.296003 0.009000 0.014988
2 0.017188 0.296836 0.011250 0.018984
2 0.466875 0.296836 0.012000 0.022981
2 0.209687 0.293505 0.014250 0.016986
2 0.953750 0.294754 0.024000 0.021982
2 0.155000 0.290591 0.018000 0.011990
2 0.174375 0.288926 0.010500 0.009992
2 0.052187 0.289759 0.011250 0.011990
2 0.752812 0.290591 0.012750 0.015987
2 0.473125 0.289759 0.012000 0.013988
2 0.076875 0.288510 0.009000 0.010991
2 0.865313 0.290591 0.009750 0.017985
2 0.373750 0.298085 0.039000 0.035970
2 0.928438 0.289342 0.015750 0.016986
2 0.647813 0.288093 0.018750 0.015987
2 0.634687 0.298085 0.020250 0.039967
2 0.907188 0.286428 0.009750 0.015987
2 0.037187 0.292256 0.023250 0.029975
2 0.766563 0.288093 0.011250 0.021982
2 0.698438 0.284346 0.011250 0.012989
2 0.264062 0.292256 0.012750 0.031973
2 0.245312 0.285179 0.006750 0.014988
2 0.182812 0.283097 0.008250 0.009992
2 0.687187 0.283930 0.009750 0.013988
2 0.596875 0.286428 0.013500 0.019983
2 0.253437 0.287261 0.008250 0.021982
2 0.200000 0.283930 0.015000 0.013988
2 0.953438 0.281848 0.017250 0.010991
2 0.843437 0.283514 0.008250 0.014988
2 0.729375 0.288510 0.012000 0.028976
2 0.716250 0.281016 0.015000 0.010991
2 0.229375 0.281848 0.013500 0.012989
2 0.884687 0.279767 0.006750 0.009992
2 0.422187 0.288093 0.027750 0.029975
2 0.320000 0.296420 0.027000 0.049958
2 0.982187 0.285179 0.009750 0.028976
2 0.914375 0.278518 0.012000 0.012989
2 0.547500 0.300167 0.037500 0.064946
2 0.390625 0.277269 0.010500 0.011990
2 0.303125 0.281432 0.012000 0.021982
2 0.010625 0.278934 0.012000 0.015987
2 0.478125 0.305162 0.052500 0.082931
2 0.417187 0.274355 0.014250 0.008993
2 0.292500 0.282265 0.015000 0.027977
2 0.873437 0.275187 0.012750 0.014988
2 0.990625 0.284346 0.018750 0.038968
2 0.568750 0.282265 0.028500 0.033972
2 0.593437 0.271024 0.008250 0.008993
2 0.501563 0.298085 0.029250 0.073938
2 0.974375 0.272689 0.010500 0.014988
2 0.856563 0.272273 0.006750 0.013988
2 0.671562 0.285595 0.023250 0.045962
2 0.071875 0.274355 0.015000 0.018984
2 0.257812 0.273106 0.009750 0.017985
2 0.805625 0.272273 0.015000 0.017985
2 0.338438 0.280183 0.027750 0.036969
2 0.280625 0.274355 0.013500 0.022981
2 0.184062 0.271024 0.017250 0.014988
2 0.119063 0.270192 0.005250 0.014988
2 0.714688 0.268110 0.008250 0.013988
2 0.400625 0.277269 0.025500 0.035970
2 0.821875 0.265612 0.012000 0.009992
2 0.295000 0.268526 0.009000 0.016986
2 0.168437 0.267694 0.012750 0.014988
2 0.625938 0.286012 0.026250 0.060949
2 0.249375 0.268110 0.009000 0.017985
2 0.194688 0.268110 0.012750 0.019983
2 0.095625 0.266445 0.007500 0.015987
2 0.641875 0.270192 0.022500 0.026978
2 0.085938 0.265612 0.009750 0.019983
2 0.488750 0.266861 0.024000 0.024979
2 0.131250 0.271440 0.015000 0.035970
2 0.110312 0.265196 0.011250 0.020983
2 0.918750 0.264363 0.015000 0.022981
2 0.904062 0.267694 0.015750 0.030974
2 0.784375 0.262281 0.006000 0.017985
2 0.425938 0.262281 0.008250 0.017985
2 0.299063 0.261865 0.009750 0.016986
2 0.215000 0.268526 0.018000 0.032973
2 0.508750 0.261449 0.024000 0.019983
2 0.325625 0.259367 0.006000 0.014988
2 0.725000 0.260200 0.015000 0.018984
2 0.152500 0.256869 0.015000 0.010991
2 0.359375 0.269359 0.039000 0.042964
2 0.312812 0.257286 0.017250 0.013988
2 0.033438 0.262281 0.014250 0.025978
2 0.989688 0.255204 0.011250 0.012989
2 0.801562 0.256869 0.009750 0.016986
2 0.625313 0.253122 0.015750 0.007993
2 0.454062 0.272689 0.050250 0.054954
2 0.895312 0.253955 0.006750 0.013988
2 0.846875 0.256869 0.019500 0.020983
2 0.600000 0.253539 0.016500 0.012989
2 0.021875 0.253955 0.010500 0.013988
2 0.820000 0.253539 0.010500 0.014988
2 0.425312 0.253955 0.029250 0.015987
2 0.277500 0.253955 0.010500 0.015987
2 0.270000 0.256869 0.010500 0.024979
2 0.931875 0.250624 0.009000 0.011990
2 0.509062 0.248127 0.017250 0.007993
2 0.293438 0.247710 0.014250 0.008993
2 0.772500 0.253539 0.019500 0.024979
2 0.973125 0.248959 0.010500 0.015987
2 0.522188 0.247710 0.009750 0.012989
2 0.096562 0.248127 0.014250 0.013988
2 0.179688 0.247294 0.009750 0.013988
2 0.915000 0.245212 0.006000 0.012989
2 0.996625 0.241465 0.006750 0.009992
2 0.959688 0.251041 0.018750 0.032973
2 0.744062 0.255620 0.020250 0.045962
2 0.749062 0.243963 0.017250 0.019983
2 0.707500 0.243131 0.010500 0.017985
2 0.589063 0.241049 0.009750 0.014988
2 0.320000 0.243547 0.006000 0.020983
2 0.310000 0.242298 0.010500 0.019983
2 0.485312 0.238551 0.011250 0.012989
2 0.445625 0.248959 0.018000 0.037968
2 0.192188 0.238551 0.008250 0.012989
2 0.797813 0.235637 0.012750 0.007993
2 0.753750 0.237719 0.013500 0.014988
2 0.455313 0.241465 0.011250 0.023980
2 0.851875 0.235221 0.009000 0.010991
2 0.666250 0.241465 0.016500 0.025978
2 0.061875 0.235221 0.007500 0.010991
2 0.963750 0.234804 0.010500 0.011990
2 0.837812 0.241882 0.024750 0.028976
2 0.545937 0.235221 0.005250 0.012989
2 0.680937 0.234804 0.011250 0.013988
2 0.474062 0.237302 0.011250 0.019983
2 0.766875 0.235221 0.015000 0.018984
2 0.574375 0.241882 0.028500 0.034971
2 0.712812 0.233139 0.006750 0.015987
2 0.083750 0.233972 0.012000 0.017985
2 0.932813 0.231057 0.009750 0.012989
2 0.919687 0.229808 0.014250 0.009992
2 0.243750 0.229392 0.009000 0.008993
2 0.126562 0.232306 0.009750 0.017985
2 0.028438 0.230641 0.005250 0.013988
2 0.990313 0.229392 0.011250 0.012989
2 0.146563 0.232306 0.008250 0.019983
2 0.277500 0.234388 0.033000 0.026978
2 0.096562 0.230225 0.014250 0.016986
2 0.499063 0.228143 0.005250 0.015987
2 0.467500 0.226478 0.018000 0.011990
2 0.454375 0.225645 0.012000 0.009992
2 0.253437 0.228143 0.018750 0.015987
2 0.110625 0.231057 0.012000 0.022981
2 0.722187 0.233139 0.017250 0.029975
2 0.231250 0.230225 0.015000 0.022981
2 0.178125 0.226894 0.012000 0.014988
2 0.043750 0.236470 0.016500 0.037968
2 0.870625 0.223147 0.012000 0.007993
2 0.218125 0.227311 0.018000 0.023980
2 0.808125 0.221482 0.015000 0.011990
2 0.790625 0.222315 0.009000 0.013988
2 0.967500 0.220233 0.013500 0.010991
2 0.892500 0.223564 0.015000 0.018984
2 0.621250 0.230641 0.019500 0.037968
2 0.836250 0.220649 0.009000 0.015987
2 0.584688 0.223147 0.014250 0.021982
2 0.442812 0.224396 0.017250 0.024979
2 0.037500 0.219817 0.009000 0.013988
2 0.523125 0.217319 0.009000 0.011990
2 0.074688 0.231057 0.021750 0.044963
2 0.736563 0.217735 0.008250 0.018984
2 0.677500 0.213572 0.009000 0.010991
2 0.275000 0.213572 0.010500 0.012989
2 0.150312 0.216070 0.008250 0.018984
2 0.075313 0.214821 0.009750 0.015987
2 0.881563 0.210241 0.009750 0.008993
2 0.022500 0.213156 0.007500 0.015987
2 0.953125 0.219400 0.015000 0.032973
2 0.759687 0.211074 0.014250 0.016986
2 0.939063 0.209825 0.012750 0.015987
2 0.821250 0.206911 0.010500 0.008993
2 0.908750 0.206078 0.007500 0.008993
2 0.246562 0.213156 0.017250 0.025978
2 0.095312 0.205246 0.014250 0.010991
2 0.830625 0.209825 0.010500 0.023980
2 0.116875 0.207744 0.018000 0.018984
2 0.694063 0.205246 0.015750 0.014988
2 0.483750 0.213572 0.019500 0.034971
2 0.255937 0.206911 0.009750 0.018984
2 0.104688 0.206495 0.008250 0.017985
2 0.035312 0.203164 0.012750 0.009992
2 0.713437 0.205246 0.011250 0.016986
2 0.321875 0.208576 0.019500 0.024979
2 0.776875 0.204829 0.007500 0.017985
2 0.350938 0.226062 0.039750 0.068943
2 0.295000 0.204413 0.018000 0.016986
2 0.200313 0.213572 0.027750 0.038968
2 0.768750 0.201915 0.012000 0.014988
2 0.739375 0.202331 0.009000 0.015987
2 0.962500 0.201499 0.007500 0.015987
2 0.792813 0.201499 0.012750 0.015987
2 0.925312 0.199001 0.017250 0.011990
2 0.531250 0.201499 0.018000 0.017985
2 0.138750 0.202331 0.021000 0.019983
2 0.012188 0.206495 0.012750 0.029975
2 0.724688 0.202748 0.017250 0.022981
2 0.703750 0.199417 0.013500 0.014988
2 0.562187 0.224813 0.062250 0.077935
2 0.464687 0.207744 0.029250 0.038968
2 0.433125 0.199417 0.009000 0.018984
2 0.277187 0.198168 0.011250 0.015987
2 0.978437 0.195670 0.011250 0.011990
2 0.682187 0.195254 0.015750 0.016986
2 0.626250 0.194838 0.009000 0.015987
2 0.708750 0.193589 0.009000 0.014988
2 0.118438 0.194421 0.015750 0.016986
2 0.955937 0.193172 0.006750 0.015987
2 0.010313 0.191091 0.014250 0.012989
2 0.970313 0.190258 0.011250 0.012989
2 0.211562 0.194421 0.012750 0.022981
2 0.102188 0.190674 0.008250 0.013988
2 0.082187 0.191091 0.006750 0.014988
2 0.910000 0.191507 0.013500 0.017985
2 0.667188 0.191507 0.008250 0.017985
2 0.173750 0.191507 0.013500 0.017985
2 0.044062 0.192756 0.011250 0.020983
2 0.896563 0.189009 0.009750 0.013988
2 0.815625 0.187760 0.012000 0.010991
2 0.269688 0.187344 0.015750 0.009992
2 0.230937 0.187760 0.011250 0.010991
2 0.034063 0.189009 0.006750 0.013988
2 0.991375 0.191091 0.017250 0.020983
2 0.850000 0.188593 0.018000 0.014988
2 0.570625 0.191091 0.016500 0.020983
2 0.316250 0.205246 0.033000 0.054954
2 0.758750 0.186511 0.007500 0.011990
2 0.351875 0.187344 0.007500 0.017985
2 0.714688 0.185679 0.008250 0.015987
2 0.108125 0.181932 0.012000 0.006994
2 0.238125 0.184846 0.012000 0.015987
2 0.399375 0.230641 0.082500 0.127893
2 0.633750 0.190258 0.022500 0.032973
2 0.453750 0.191507 0.022500 0.037968
2 0.747812 0.186928 0.014250 0.028976
2 0.194375 0.178185 0.006000 0.013988
2 0.118125 0.178601 0.009000 0.014988
2 0.917188 0.177352 0.008250 0.013988
2 0.673438 0.178185 0.009750 0.015987
2 0.856875 0.176936 0.016500 0.016986
2 0.596562 0.203997 0.063750 0.081932
2 0.057813 0.177352 0.024750 0.017985
2 0.907500 0.174022 0.007500 0.013988
2 0.897188 0.172356 0.011250 0.009992
2 0.777500 0.175271 0.012000 0.016986
2 0.108750 0.173189 0.018000 0.011990
2 0.029687 0.174854 0.011250 0.015987
2 0.836562 0.176103 0.015750 0.020983
2 0.784062 0.171940 0.012750 0.010991
2 0.167813 0.172356 0.008250 0.011990
2 0.927500 0.176520 0.016500 0.025978
2 0.282500 0.179017 0.016500 0.031973
2 0.208437 0.171107 0.008250 0.014988
2 0.184062 0.169442 0.014250 0.010991
2 0.304375 0.171524 0.009000 0.017985
2 0.144063 0.171940 0.014250 0.018984
2 0.700000 0.169442 0.010500 0.014988
2 0.426563 0.175271 0.026250 0.028976
2 0.566875 0.172356 0.042000 0.023980
2 0.078125 0.170691 0.009000 0.019983
2 0.007500 0.174022 0.012000 0.027977
2 0.658125 0.172773 0.013500 0.026978
2 0.154375 0.169858 0.012000 0.019983
2 0.989688 0.168193 0.015750 0.019983
2 0.407813 0.171107 0.012750 0.026978
2 0.311875 0.168193 0.012000 0.019983
2 0.945000 0.168609 0.022500 0.022981
2 0.754687 0.163614 0.009750 0.014988
2 0.733125 0.164863 0.007500 0.017985
2 0.298438 0.164863 0.014250 0.017985
2 0.546562 0.161948 0.008250 0.012989
2 0.278125 0.161532 0.009000 0.011990
2 0.042188 0.161116 0.017250 0.010991
2 0.819063 0.161532 0.008250 0.013988
2 0.590313 0.163614 0.011250 0.018984
2 0.640938 0.164030 0.018750 0.023980
2 0.970000 0.163614 0.016500 0.024979
2 0.777188 0.159450 0.011250 0.014988
2 0.465313 0.177352 0.068250 0.057952
2 0.332813 0.168609 0.032250 0.036969
2 0.200937 0.159034 0.011250 0.013988
2 0.748437 0.155704 0.011250 0.007993
2 0.572500 0.158201 0.019500 0.013988
2 0.113750 0.160699 0.012000 0.019983
2 0.839375 0.159867 0.009000 0.019983
2 0.959375 0.156953 0.006000 0.014988
2 0.861875 0.157785 0.007500 0.016986
2 0.010313 0.154871 0.009750 0.011990
2 0.410313 0.153622 0.008250 0.010991
2 0.392813 0.154871 0.011250 0.013988
2 0.361250 0.173605 0.022500 0.058951
2 0.036562 0.152373 0.011250 0.007993
2 0.258437 0.155704 0.015750 0.017985
2 0.797500 0.156536 0.019500 0.021982
2 0.620000 0.152373 0.006000 0.011990
2 0.339375 0.151540 0.013500 0.009992
2 0.108438 0.153622 0.009750 0.014988
2 0.825000 0.155287 0.018000 0.020983
2 0.510625 0.151540 0.033000 0.015987
2 0.883750 0.153206 0.012000 0.021982
2 0.214688 0.155287 0.012750 0.026978
2 0.870938 0.152789 0.015750 0.022981
2 0.850625 0.148626 0.015000 0.012989
2 0.376250 0.149042 0.009000 0.013988
2 0.153125 0.151124 0.016500 0.018984
2 0.006375 0.145712 0.012750 0.007993
2 0.983437 0.147794 0.008250 0.014988
2 0.052187 0.149459 0.008250 0.018984
2 0.694688 0.150708 0.006750 0.023980
2 0.721875 0.150708 0.015000 0.025978
2 0.951562 0.147377 0.009750 0.019983
2 0.562813 0.142381 0.008250 0.007993
2 0.928438 0.143214 0.014250 0.011990
2 0.266250 0.145296 0.006000 0.016986
2 0.993625 0.144879 0.012750 0.017985
2 0.589688 0.141965 0.006750 0.010991
2 0.424063 0.144047 0.017250 0.017985
2 0.290000 0.146961 0.012000 0.024979
2 0.043125 0.144463 0.009000 0.018984
2 0.807187 0.141965 0.012750 0.014988
2 0.348125 0.140300 0.018000 0.012989
2 0.125312 0.146128 0.021750 0.026978
2 0.512813 0.139883 0.009750 0.015987
2 0.617812 0.139051 0.024750 0.015987
2 0.784062 0.140716 0.018750 0.021982
2 0.855938 0.135720 0.006750 0.011990
2 0.629687 0.136553 0.009750 0.013988
2 0.237500 0.136553 0.009000 0.013988
2 0.191562 0.137802 0.021750 0.016986
2 0.743437 0.138218 0.011250 0.019983
2 0.401250 0.137802 0.012000 0.018984
2 0.100000 0.138218 0.015000 0.019983
2 0.598437 0.143630 0.011250 0.034971
2 0.726875 0.141132 0.019500 0.030974
2 0.145937 0.134055 0.012750 0.013988
2 0.940625 0.131973 0.013500 0.010991
2 0.200625 0.131973 0.010500 0.010991
2 0.764062 0.131973 0.008250 0.012989
2 0.537500 0.163614 0.054000 0.088926
2 0.005625 0.132806 0.010500 0.014988
2 0.929688 0.130724 0.008250 0.011990
2 0.897188 0.129892 0.009750 0.009992
2 0.069062 0.139051 0.009750 0.031973
2 0.777500 0.131973 0.009000 0.016986
2 0.584375 0.136553 0.027000 0.027977
2 0.418438 0.130724 0.008250 0.013988
2 0.263437 0.131557 0.009750 0.015987
2 0.119063 0.133639 0.026250 0.020983
2 0.346562 0.129892 0.014250 0.013988
2 0.175313 0.128643 0.012750 0.010991
2 0.502188 0.211490 0.101250 0.211823
2 0.380312 0.129059 0.012750 0.015987
2 0.784375 0.124896 0.007500 0.007993
2 0.802500 0.124896 0.009000 0.009992
2 0.673750 0.136137 0.024000 0.036969
2 0.040313 0.129892 0.020250 0.021982
2 0.863125 0.126561 0.006000 0.015987
2 0.496875 0.125729 0.010500 0.013988
2 0.402187 0.124063 0.006750 0.009992
2 0.059687 0.124896 0.008250 0.011990
2 0.485312 0.126145 0.012750 0.018984
2 0.192812 0.124896 0.009750 0.015987
2 0.918125 0.133639 0.015000 0.038968
2 0.184688 0.121982 0.012750 0.010991
2 0.683438 0.122814 0.009750 0.014988
2 0.249688 0.120733 0.014250 0.009992
2 0.433125 0.133222 0.018000 0.041965
2 0.273125 0.124480 0.009000 0.020983
2 0.577500 0.121565 0.006000 0.015987
2 0.505313 0.117818 0.009750 0.006994
2 0.069062 0.119484 0.011250 0.010991
2 0.021250 0.126145 0.016500 0.026978
2 0.449062 0.122814 0.008250 0.020983
2 0.346250 0.118651 0.013500 0.012989
2 0.565937 0.124480 0.017250 0.028976
2 0.545625 0.119900 0.010500 0.017985
2 0.374688 0.118235 0.015750 0.015987
2 0.333437 0.116153 0.011250 0.010991
2 0.820625 0.119484 0.018000 0.020983
2 0.789062 0.117818 0.009750 0.016986
2 0.321250 0.118651 0.015000 0.020983
2 0.100312 0.119067 0.009750 0.021982
2 0.611250 0.118651 0.012000 0.022981
2 0.085312 0.121565 0.032250 0.029975
2 0.844063 0.113655 0.008250 0.012989
2 0.588125 0.114904 0.019500 0.015987
2 0.237500 0.112823 0.007500 0.010991
2 0.025937 0.113655 0.012750 0.012989
2 0.641875 0.116153 0.007500 0.022981
2 0.430000 0.114072 0.018000 0.017985
2 0.706875 0.119900 0.028500 0.033972
2 0.925312 0.111990 0.006750 0.016986
2 0.885312 0.116570 0.009750 0.027977
2 0.863750 0.110741 0.012000 0.015987
2 0.825313 0.107827 0.011250 0.008993
2 0.053750 0.122398 0.013500 0.043963
2 0.764375 0.115737 0.021000 0.031973
2 0.559688 0.107827 0.023250 0.012989
2 0.247812 0.107410 0.023250 0.013988
2 0.993125 0.107827 0.012000 0.016986
2 0.631563 0.110741 0.014250 0.023980
2 0.368750 0.109492 0.013500 0.020983
2 0.121250 0.104496 0.015000 0.008993
2 0.742500 0.112406 0.022500 0.029975
2 0.793438 0.104080 0.017250 0.011990
2 0.532188 0.110325 0.027750 0.026978
2 0.501563 0.104080 0.006750 0.011990
2 0.177187 0.107827 0.008250 0.020983
2 0.150000 0.105329 0.010500 0.014988
2 0.721875 0.101582 0.012000 0.007993
2 0.916875 0.106994 0.013500 0.022981
2 0.694063 0.102415 0.009750 0.011990
2 0.683125 0.104496 0.016500 0.016986
2 0.475938 0.105329 0.011250 0.018984
2 0.742812 0.100749 0.014250 0.011990
2 0.514062 0.105745 0.012750 0.023980
2 0.494063 0.099917 0.008250 0.009992
2 0.228437 0.101582 0.021750 0.013988
2 0.411250 0.099917 0.013500 0.011990
2 0.945000 0.109076 0.012000 0.035970
2 0.287813 0.102415 0.008250 0.019983
2 0.266250 0.099917 0.007500 0.013988
2 0.076563 0.100333 0.009750 0.014988
2 0.798125 0.097419 0.010500 0.009992
2 0.386250 0.095754 0.007500 0.009992
2 0.272813 0.096170 0.011250 0.010991
2 0.164062 0.106162 0.023250 0.034971
2 0.955937 0.105745 0.020250 0.035970
2 0.819688 0.097419 0.009750 0.015987
2 0.665312 0.094921 0.014250 0.011990
2 0.349687 0.095754 0.006750 0.013988
2 0.630625 0.094088 0.010500 0.011990
2 0.565625 0.096586 0.015000 0.017985
2 0.463750 0.093672 0.009000 0.010991
2 0.608750 0.095754 0.022500 0.017985
2 0.359687 0.102415 0.027750 0.033972
2 0.236875 0.093256 0.021000 0.011990
2 0.189062 0.104080 0.020250 0.037968
2 0.103750 0.093672 0.015000 0.012989
2 0.832500 0.096586 0.015000 0.023980
2 0.448125 0.092839 0.009000 0.016986
2 0.307188 0.092423 0.009750 0.015987
2 0.471250 0.091590 0.007500 0.015987
2 0.646563 0.087843 0.008250 0.008993
2 0.519375 0.089925 0.007500 0.013988
2 0.436250 0.100333 0.033000 0.038968
2 0.399062 0.090758 0.005250 0.015987
2 0.211875 0.103664 0.021000 0.046961
2 0.713437 0.087843 0.006750 0.010991
2 0.485625 0.090758 0.010500 0.017985
2 0.145313 0.094505 0.020250 0.026978
2 0.130000 0.100749 0.018000 0.041965
2 0.082812 0.088260 0.015750 0.011990
2 0.838750 0.087011 0.013500 0.010991
2 0.525625 0.088260 0.012000 0.015987
2 0.573125 0.085346 0.012000 0.010991
2 0.745000 0.083264 0.016500 0.007993
2 0.388750 0.085346 0.007500 0.012989
2 0.227813 0.084097 0.011250 0.009992
2 0.055000 0.096586 0.048000 0.039967
2 0.808750 0.084513 0.010500 0.012989
2 0.778125 0.088676 0.019500 0.022981
2 0.336875 0.085762 0.010500 0.015987
2 0.456875 0.086178 0.012000 0.018984
2 0.069375 0.085762 0.013500 0.019983
2 0.251563 0.083680 0.006750 0.018984
2 0.966875 0.079933 0.016500 0.011990
2 0.204687 0.082431 0.018750 0.017985
2 0.631563 0.081599 0.012750 0.019983
2 0.607812 0.079933 0.006750 0.015987
2 0.589063 0.083264 0.020250 0.023980
2 0.682813 0.084513 0.026250 0.028976
2 0.617188 0.079101 0.012750 0.015987
2 0.255937 0.080766 0.011250 0.019983
2 0.182500 0.079933 0.016500 0.017985
2 0.907813 0.078268 0.011250 0.015987
2 0.700625 0.076603 0.013500 0.011990
2 0.280625 0.081182 0.012000 0.022981
2 0.752812 0.074105 0.011250 0.007993
2 0.687500 0.073689 0.012000 0.006994
2 0.572187 0.075770 0.015750 0.011990
2 0.826875 0.075770 0.010500 0.013988
2 0.375312 0.074105 0.012750 0.009992
2 0.139687 0.077852 0.011250 0.020983
2 0.005000 0.072856 0.006000 0.012989
2 0.790312 0.076603 0.018750 0.023980
2 0.634375 0.072023 0.006000 0.012989
2 0.533750 0.082015 0.013500 0.036969
2 0.300938 0.074105 0.014250 0.017985
2 0.861250 0.074521 0.025500 0.020983
2 0.780312 0.076603 0.015750 0.025978
2 0.173437 0.074105 0.006750 0.019983
2 0.163125 0.070358 0.013500 0.014988
2 0.708125 0.069525 0.009000 0.014988
2 0.476250 0.067027 0.013500 0.008993
2 0.126250 0.072023 0.015000 0.020983
2 0.559375 0.069942 0.019500 0.017985
2 0.467813 0.071607 0.011250 0.021982
2 0.982500 0.068693 0.007500 0.016986
2 0.970313 0.066611 0.008250 0.011990
2 0.291250 0.074938 0.010500 0.031973
2 0.200937 0.067444 0.015750 0.013988
2 0.108438 0.067027 0.011250 0.012989
2 0.716875 0.066195 0.007500 0.012989
2 0.677500 0.067027 0.009000 0.014988
2 0.539375 0.064946 0.009000 0.009992
2 0.415938 0.067027 0.020250 0.014988
2 0.087188 0.066195 0.009750 0.012989
2 0.875625 0.069942 0.012000 0.023980
2 0.762188 0.076603 0.021750 0.039967
2 0.508437 0.070774 0.018750 0.025978
2 0.023125 0.066195 0.015000 0.014988
2 0.548750 0.064113 0.010500 0.011990
2 0.181875 0.067027 0.009000 0.020983
2 0.994062 0.062032 0.011250 0.010991
2 0.233125 0.064113 0.009000 0.015987
2 0.817187 0.070358 0.026250 0.032973
2 0.748125 0.062032 0.009000 0.014988
2 0.455000 0.065779 0.013500 0.025978
2 0.299687 0.060783 0.012750 0.013988
2 0.560000 0.057868 0.013500 0.008993
2 0.521563 0.068693 0.023250 0.034971
2 0.269062 0.069525 0.020250 0.036969
2 0.886875 0.062448 0.019500 0.021982
2 0.468438 0.059117 0.011250 0.013988
2 0.425312 0.064946 0.024750 0.027977
2 0.147187 0.060783 0.014250 0.017985
2 0.800937 0.056619 0.015750 0.009992
2 0.371250 0.061199 0.015000 0.020983
2 0.350938 0.064113 0.018750 0.027977
2 0.934375 0.061615 0.016500 0.023980
2 0.390313 0.064530 0.017250 0.030974
2 0.269375 0.056203 0.012000 0.010991
2 0.699688 0.063281 0.014250 0.029975
2 0.638437 0.057868 0.015750 0.018984
2 0.595625 0.059950 0.016500 0.023980
2 0.914062 0.055787 0.008250 0.015987
2 0.922813 0.053705 0.012750 0.012989
2 0.444063 0.059534 0.012750 0.026978
2 0.290938 0.054122 0.014250 0.013988
2 0.853750 0.059534 0.039000 0.028976
2 0.569688 0.058701 0.012750 0.026978
2 0.023750 0.053289 0.013500 0.013988
2 0.658750 0.064113 0.031500 0.041965
2 0.612812 0.058701 0.029250 0.028976
2 0.466875 0.050375 0.010500 0.010991
2 0.331250 0.054122 0.007500 0.019983
2 0.007875 0.054538 0.015750 0.020983
2 0.775312 0.055787 0.017250 0.025978
2 0.403750 0.052040 0.024000 0.016986
2 0.211875 0.053289 0.021000 0.019983
2 0.120313 0.055787 0.015750 0.025978
2 0.826562 0.052040 0.014250 0.020983
2 0.684063 0.047460 0.011250 0.011990
2 0.439063 0.046628 0.006750 0.009992
2 0.106250 0.051624 0.016500 0.021982
2 0.945625 0.047460 0.010500 0.013988
2 0.891875 0.047460 0.010500 0.013988
2 0.309375 0.048293 0.019500 0.015987
2 0.751250 0.047877 0.012000 0.016986
2 0.735313 0.052456 0.021750 0.027977
2 0.665312 0.045379 0.006750 0.010991
2 0.457188 0.047044 0.008250 0.014988
2 0.243750 0.054954 0.012000 0.033972
2 0.224062 0.052040 0.021750 0.028976
2 0.924687 0.045379 0.015750 0.014988
2 0.846562 0.045795 0.015750 0.015987
2 0.365312 0.045379 0.021750 0.022981
2 0.188438 0.049542 0.026250 0.032973
2 0.638125 0.043714 0.030000 0.020983
2 0.883125 0.041632 0.015000 0.017985
2 0.198437 0.039550 0.008250 0.012989
2 0.897500 0.038718 0.007500 0.014988
2 0.339687 0.042881 0.011250 0.024979
2 0.750000 0.035803 0.015000 0.011990
2 0.178750 0.034555 0.016500 0.008993
2 0.532188 0.044130 0.030750 0.033972
2 0.559063 0.037885 0.009750 0.020983
2 0.905937 0.035803 0.006750 0.017985
2 0.572500 0.034138 0.007500 0.013988
2 0.145625 0.032473 0.009000 0.009992
2 0.094062 0.034555 0.017250 0.014988
2 0.501563 0.036636 0.014250 0.021982
2 0.440312 0.029975 0.012750 0.005995
2 0.428750 0.039134 0.043500 0.027977
2 0.797813 0.036636 0.015750 0.023980
2 0.604062 0.042465 0.017250 0.037968
2 0.541875 0.034138 0.009000 0.017985
2 0.168437 0.034971 0.018750 0.019983
2 0.040625 0.043297 0.027000 0.039967
2 0.810937 0.035803 0.009750 0.023980
2 0.690000 0.034971 0.009000 0.023980
2 0.878125 0.029142 0.009000 0.011990
2 0.866250 0.032057 0.013500 0.018984
2 0.833438 0.027893 0.008250 0.008993
2 0.701875 0.038301 0.022500 0.033972
2 0.627812 0.031224 0.014250 0.016986
2 0.455937 0.036636 0.017250 0.029975
2 0.218125 0.033722 0.016500 0.022981
2 0.146563 0.043297 0.041250 0.045962
2 0.857500 0.034138 0.009000 0.025978
2 0.298750 0.030808 0.012000 0.017985
2 0.843750 0.027061 0.009000 0.012989
2 0.524062 0.027061 0.012750 0.012989
2 0.502812 0.028310 0.008250 0.015987
2 0.246875 0.027893 0.007500 0.014988
2 0.394375 0.027061 0.009000 0.014988
2 0.055000 0.025396 0.007500 0.010991
2 0.655937 0.024979 0.006750 0.011990
2 0.769062 0.037885 0.027750 0.044963
2 0.481875 0.037469 0.028500 0.043963
2 0.785937 0.022898 0.012750 0.010991
2 0.341250 0.023730 0.007500 0.012989
2 0.280938 0.022898 0.012750 0.010991
2 0.673438 0.022065 0.012750 0.010991
2 0.327813 0.029559 0.020250 0.028976
2 0.318750 0.028726 0.012000 0.026978
2 0.200625 0.025812 0.025500 0.019983
2 0.097500 0.022481 0.007500 0.011990
2 0.723125 0.042048 0.030000 0.060949
2 0.333750 0.020816 0.009000 0.009992
2 0.486250 0.023314 0.010500 0.017985
2 0.082187 0.025396 0.021750 0.022981
2 0.978125 0.024147 0.009000 0.021982
2 0.580000 0.020816 0.010500 0.015987
2 0.355312 0.029559 0.030750 0.036969
2 0.222188 0.024979 0.023250 0.025978
2 0.238437 0.019567 0.014250 0.014988
2 0.953125 0.020400 0.009000 0.018984
2 0.346562 0.018318 0.009750 0.013988
2 0.258125 0.017485 0.009000 0.011990
2 0.810312 0.016653 0.015750 0.013988
2 0.684688 0.031640 0.026250 0.049958
2 0.837187 0.017485 0.011250 0.017985
2 0.765000 0.016236 0.012000 0.014988
2 0.037812 0.015404 0.006750 0.014988
2 0.883437 0.018318 0.014250 0.023980
2 0.755313 0.017902 0.017250 0.022981
2 0.160312 0.021649 0.032250 0.031973
2 0.774062 0.011657 0.014250 0.009992
2 0.641250 0.013739 0.024000 0.014988
2 0.279687 0.013739 0.011250 0.014988
2 0.792188 0.012490 0.009750 0.013988
2 0.559375 0.014155 0.007500 0.017985
2 0.948438 0.010408 0.011250 0.010991
2 0.869687 0.014571 0.014250 0.020983
2 0.965000 0.014988 0.010500 0.023980
2 0.586562 0.010408 0.014250 0.012989
2 0.530000 0.012906 0.009000 0.020983
2 0.746563 0.010408 0.009750 0.018984
2 0.470313 0.006245 0.012750 0.010991
2 0.453437 0.011490 0.012750 0.022981
2 0.417812 0.016486 0.020250 0.032973
2 0.405938 0.009159 0.006750 0.017985
2 0.365000 0.011490 0.013500 0.022981
2 0.250000 0.011490 0.010500 0.022981
2 0.986500 0.032973 0.027000 0.065945
2 0.899375 0.010491 0.024000 0.020983
2 0.843750 0.008993 0.031500 0.017985
2 0.814063 0.007494 0.018750 0.014988
2 0.718437 0.004996 0.009750 0.009992
2 0.707812 0.015987 0.038250 0.031973
2 0.681250 0.010991 0.024000 0.021982
2 0.659062 0.010991 0.011250 0.021982
2 0.653438 0.005995 0.009750 0.011990
2 0.607187 0.008993 0.012750 0.017985
2 0.570000 0.020983 0.016500 0.041965
2 0.541250 0.008993 0.018000 0.017985
2 0.519062 0.004996 0.014250 0.009992
2 0.478438 0.010491 0.009750 0.020983
2 0.444375 0.004996 0.012000 0.009992
2 0.385625 0.025479 0.033000 0.050958
2 0.373750 0.006994 0.010500 0.013988
2 0.345000 0.007993 0.034500 0.015987
2 0.320625 0.008993 0.012000 0.017985
2 0.303125 0.006495 0.006000 0.012989
2 0.293125 0.008993 0.009000 0.017985
2 0.268125 0.010991 0.028500 0.021982
2 0.241875 0.004496 0.010500 0.008993
2 0.232500 0.008993 0.007500 0.017985
2 0.218750 0.009992 0.022500 0.019983
2 0.197187 0.017985 0.045750 0.035970
2 0.172500 0.005995 0.012000 0.011990
2 0.098625 0.071440 0.197250 0.142881
2 0.116875 0.003997 0.012000 0.007993
2 0.106250 0.008493 0.012000 0.016986
2 0.084687 0.008493 0.020250 0.016986
2 0.057500 0.014988 0.046500 0.029975
2 0.020250 0.034471 0.040500 0.068943
