2 0.682188 0.833750 0.635625 0.332500
2 0.532422 0.719792 0.029062 0.020000
2 0.557422 0.715104 0.019688 0.043750
2 0.543750 0.685417 0.067500 0.030000
2 0.486328 0.681771 0.029062 0.031250
2 0.539844 0.670833 0.016875 0.027500
2 0.530859 0.644271 0.017813 0.018750
2 0.499609 0.632292 0.017813 0.027500
2 0.494922 0.650000 0.085312 0.075000
2 0.580078 0.626042 0.017813 0.025000
2 0.451562 0.631250 0.022500 0.037500
2 0.404297 0.632292 0.015938 0.045000
2 0.417187 0.610938 0.020625 0.011250
2 0.563281 0.619792 0.013125 0.037500
2 0.569141 0.611979 0.008437 0.021250
2 0.456641 0.618750 0.030937 0.040000
2 0.539062 0.634375 0.075000 0.080000
2 0.406250 0.602083 0.015000 0.010000
2 0.540625 0.606771 0.033750 0.033750
2 0.473438 0.605729 0.024375 0.031250
2 0.436719 0.632812 0.061875 0.103750
2 0.577344 0.596354 0.013125 0.018750
2 0.593359 0.599479 0.017813 0.036250
2 0.416797 0.589063 0.010312 0.013750
2 0.495312 0.600000 0.022500 0.042500
2 0.454297 0.591667 0.025312 0.022500
2 0.390625 0.598958 0.018750 0.040000
2 0.530469 0.583854 0.015000 0.011250
2 0.446094 0.581250 0.018750 0.012500
2 0.558203 0.577604 0.044062 0.028750
2 0.519922 0.570833 0.017813 0.012500
2 0.428516 0.564583 0.017813 0.017500
2 0.396875 0.573438 0.020625 0.038750
2 0.567969 0.558854 0.020625 0.013750
2 0.480469 0.561458 0.022500 0.022500
2 0.413281 0.566667 0.028125 0.035000
2 0.512891 0.557292 0.017813 0.015000
2 0.504687 0.573438 0.046875 0.061250
2 0.583594 0.558333 0.016875 0.047500
2 0.385156 0.551042 0.022500 0.035000
2 0.501953 0.536979 0.017813 0.026250
2 0.349219 0.550521 0.084375 0.058750
2 0.406250 0.517708 0.052500 0.032500
2 0.443359 0.540625 0.070312 0.092500
2 0.585547 0.515104 0.023438 0.041250
2 0.400000 0.500521 0.016875 0.008750
2 0.351953 0.500000 0.010312 0.012500
2 0.335938 0.501042 0.028125 0.027500
2 0.490625 0.492708 0.022500 0.017500
2 0.512109 0.490625 0.027187 0.020000
2 0.367188 0.497917 0.024375 0.037500
2 0.596094 0.486458 0.045000 0.035000
2 0.417578 0.486458 0.038437 0.045000
2 0.385156 0.482812 0.016875 0.043750
2 0.519141 0.475000 0.023438 0.030000
2 0.591016 0.465104 0.025312 0.028750
2 0.504297 0.506771 0.135937 0.146250
2 0.566797 0.457292 0.021562 0.035000
2 0.537891 0.494792 0.102187 0.137500
2 0.335156 0.450521 0.026250 0.031250
2 0.411719 0.452083 0.037500 0.037500
2 0.436719 0.459896 0.020625 0.063750
2 0.373437 0.443229 0.020625 0.038750
2 0.531641 0.431250 0.044062 0.027500
2 0.446484 0.431250 0.113437 0.057500
2 0.593359 0.406250 0.019688 0.032500
2 0.390625 0.403646 0.018750 0.041250
2 0.577344 0.401042 0.013125 0.040000
2 0.563281 0.394792 0.020625 0.025000
2 0.466016 0.394271 0.017813 0.036250
2 0.536328 0.383854 0.023438 0.018750
2 0.525781 0.392708 0.046875 0.062500
2 0.485547 0.379167 0.025312 0.030000
2 0.569531 0.370833 0.024375 0.020000
2 0.596875 0.368229 0.026250 0.021250
2 0.433203 0.371875 0.030937 0.030000
2 0.458594 0.353125 0.056250 0.052500
2 0.488672 0.335938 0.023438 0.028750
2 0.420312 0.332813 0.026250 0.036250
2 0.578906 0.600000 1.000000 1.000000
