2 0.494141 0.785417 0.021562 0.040000
2 0.509375 0.746875 0.020625 0.037500
2 0.380859 0.740625 0.029062 0.050000
2 0.480859 0.738021 0.053437 0.086250
2 0.426563 0.710938 0.015000 0.046250
2 0.421484 0.726042 0.066562 0.112500
2 0.527344 0.670833 0.015000 0.010000
2 0.446875 0.680729 0.033750 0.033750
2 0.395703 0.666146 0.044062 0.036250
2 0.590234 0.656771 0.015938 0.046250
2 0.388672 0.641667 0.008437 0.020000
2 0.421484 0.652604 0.047812 0.048750
2 0.523438 0.668750 0.061875 0.095000
2 0.378906 0.634375 0.009375 0.017500
2 0.451562 0.643229 0.030000 0.043750
2 0.405859 0.634896 0.017813 0.028750
2 0.436328 0.616667 0.014063 0.012500
2 0.559766 0.622917 0.021562 0.047500
2 0.429688 0.604688 0.033750 0.033750
2 0.410156 0.598437 0.045000 0.051250
2 0.597656 0.604167 0.058125 0.072500
2 0.561719 0.589063 0.024375 0.036250
2 0.462500 0.585417 0.030000 0.035000
2 0.435547 0.577083 0.019688 0.045000
2 0.637891 0.569271 0.034687 0.031250
2 0.411719 0.570312 0.031875 0.046250
2 0.478906 0.615625 0.065625 0.157500
2 0.326562 0.568229 0.030000 0.046250
2 0.599609 0.558333 0.027187 0.045000
2 0.383203 0.552083 0.027187 0.037500
2 0.360156 0.549479 0.011250 0.031250
2 0.398438 0.533333 0.011250 0.012500
2 0.551172 0.547396 0.021562 0.048750
2 0.511328 0.546875 0.025312 0.097500
2 0.437109 0.522917 0.149062 0.105000
2 0.294922 0.505729 0.055313 0.071250
2 0.260547 0.493750 0.034687 0.042500
2 0.571484 0.504687 0.044062 0.076250
2 0.476172 0.486979 0.032813 0.036250
2 0.388672 0.489583 0.025312 0.047500
2 0.603906 0.479167 0.031875 0.032500
2 0.320312 0.469792 0.043125 0.027500
2 0.346484 0.593229 0.122812 0.343750
2 0.538281 0.479167 0.069375 0.090000
2 0.276172 0.460938 0.025312 0.046250
2 0.527734 0.426563 0.017813 0.026250
2 0.485547 0.447917 0.079687 0.077500
2 0.587500 0.429688 0.022500 0.046250
2 0.333984 0.418750 0.032813 0.035000
2 0.432812 0.441667 0.046875 0.095000
2 0.525391 0.411458 0.021562 0.025000
2 0.460156 0.413021 0.041250 0.053750
2 0.450000 0.396875 0.020625 0.030000
2 0.427734 0.386458 0.017813 0.032500
2 0.385937 0.418750 0.146250 0.137500
2 0.606250 0.376563 0.020625 0.048750
2 0.501172 0.372396 0.019688 0.046250
2 0.549219 0.391146 0.030000 0.103750
2 0.465234 0.373958 0.044062 0.090000
2 0.425391 0.346875 0.034687 0.032500
2 0.552344 0.347917 0.060000 0.057500
2 0.522266 0.347396 0.044062 0.098750
2 0.544922 0.307812 0.036562 0.056250
