2 0.466562 0.937968 0.011250 0.010991
2 0.443750 0.939634 0.040500 0.028976
2 0.475000 0.921732 0.009000 0.027977
2 0.370312 0.932556 0.060750 0.055953
2 0.530312 0.905079 0.030750 0.013988
2 0.357187 0.901332 0.011250 0.012989
2 0.561562 0.928393 0.044250 0.079933
2 0.381875 0.901332 0.007500 0.014988
2 0.235000 0.930891 0.118500 0.087927
2 0.296250 0.895087 0.042000 0.023980
2 0.375312 0.889259 0.012750 0.011990
2 0.567813 0.886761 0.014250 0.019983
2 0.495000 0.893838 0.042000 0.038968
2 0.455000 0.900500 0.055500 0.054954
2 0.416563 0.897169 0.036750 0.046961
2 0.355000 0.879684 0.019500 0.008993
2 0.414062 0.873439 0.005250 0.015987
2 0.436563 0.869276 0.029250 0.015987
2 0.492500 0.868443 0.013500 0.017985
2 0.395625 0.868443 0.072000 0.035970
2 0.507500 0.868443 0.030000 0.037968
2 0.269375 0.873855 0.058500 0.076936
2 0.449062 0.847627 0.009750 0.017985
2 0.221562 0.860117 0.057750 0.049958
2 0.324375 0.877602 0.066000 0.095920
2 0.469062 0.855121 0.045750 0.047960
2 0.404687 0.842631 0.023250 0.025978
2 0.773125 0.856370 0.049500 0.064946
2 0.594688 0.868859 0.093750 0.094921
2 0.422812 0.831807 0.017250 0.007993
2 0.305937 0.830974 0.021750 0.015987
2 0.754375 0.829309 0.013500 0.013988
2 0.515938 0.839301 0.021750 0.039967
2 0.327813 0.829309 0.024750 0.019983
2 0.348438 0.826395 0.015750 0.020983
2 0.615938 0.833472 0.032250 0.083930
2 0.736563 0.805995 0.018750 0.019983
2 0.540000 0.838884 0.055500 0.116903
2 0.372188 0.820983 0.044250 0.079933
2 0.510938 0.790591 0.020250 0.008993
2 0.718750 0.834305 0.064500 0.117902
2 0.490625 0.803913 0.055500 0.048959
2 0.323437 0.801415 0.065250 0.046961
2 0.443125 0.807660 0.046500 0.069942
2 0.237187 0.803913 0.048750 0.068943
2 0.650000 0.804746 0.039000 0.074938
2 0.585313 0.814321 0.056250 0.109908
2 0.544375 0.777685 0.042000 0.029975
2 0.273125 0.773522 0.027000 0.023980
2 0.683438 0.791007 0.047250 0.069942
2 0.346875 0.768110 0.028500 0.054954
2 0.286875 0.750208 0.006000 0.017985
2 0.772188 0.773106 0.063750 0.084929
2 0.739062 0.763530 0.041250 0.073938
2 0.399687 0.767694 0.044250 0.083930
2 0.308125 0.757286 0.046500 0.064946
2 0.585625 0.735637 0.012000 0.018984
2 0.275625 0.735637 0.024000 0.030974
2 0.375625 0.731057 0.027000 0.029975
2 0.711562 0.736053 0.032250 0.047960
2 0.089250 0.828643 0.178500 0.342714
2 0.623437 0.716486 0.021750 0.014988
2 0.556250 0.716070 0.007500 0.013988
2 0.675937 0.713572 0.008250 0.017985
2 0.316563 0.734804 0.038250 0.088926
2 0.717187 0.714405 0.045750 0.055953
2 0.316563 0.694421 0.011250 0.007993
2 0.655312 0.693172 0.018750 0.012989
2 0.590313 0.701499 0.087750 0.052956
2 0.210625 0.711490 0.034500 0.078934
2 0.267188 0.723147 0.096750 0.122898
2 0.388750 0.676520 0.016500 0.014988
2 0.533750 0.681515 0.055500 0.038968
2 0.572812 0.678185 0.047250 0.040966
2 0.236563 0.666944 0.027750 0.035970
2 0.215625 0.661532 0.009000 0.030974
2 0.811875 0.667777 0.052500 0.057952
2 0.691250 0.673189 0.039000 0.078934
2 0.362500 0.646961 0.027000 0.021982
2 0.460625 0.663197 0.042000 0.062948
2 0.533438 0.649875 0.029250 0.034971
2 0.413438 0.635720 0.018750 0.018984
2 0.195625 0.661116 0.031500 0.079933
2 0.385625 0.647377 0.027000 0.052956
2 0.640938 0.671524 0.032250 0.124896
2 0.427187 0.641965 0.030750 0.055953
2 0.227813 0.629475 0.033750 0.035970
2 0.330625 0.678185 0.073500 0.156869
2 0.256563 0.618651 0.009750 0.019983
2 0.221562 0.615737 0.005250 0.016986
2 0.481875 0.698168 0.283500 0.216819
2 0.356875 0.619900 0.036000 0.034971
2 0.467500 0.637802 0.121500 0.109908
2 0.739375 0.612406 0.040500 0.078934
2 0.267813 0.624063 0.060750 0.112906
2 0.211250 0.608243 0.033000 0.074938
2 0.240625 0.594088 0.033000 0.042964
2 0.664062 0.630724 0.066750 0.136886
2 0.468125 0.580350 0.042000 0.029975
2 0.492500 0.575354 0.015000 0.025978
2 0.624687 0.581182 0.023250 0.041965
2 0.266250 0.568276 0.021000 0.014988
2 0.191562 0.575770 0.011250 0.036969
2 0.365625 0.558285 0.019500 0.010991
2 0.168437 0.601166 0.053250 0.113905
2 0.321250 0.558701 0.009000 0.013988
2 0.246875 0.559950 0.025500 0.018984
2 0.394688 0.586595 0.059250 0.086928
2 0.345625 0.572023 0.024000 0.051957
2 0.460938 0.555787 0.024750 0.026978
2 0.229687 0.550791 0.008250 0.018984
2 0.287187 0.560366 0.030750 0.055953
2 0.497500 0.547877 0.027000 0.031973
2 0.325937 0.542048 0.032250 0.019983
2 0.235625 0.535387 0.015000 0.013988
2 0.608437 0.602415 0.074250 0.178851
2 0.365625 0.531224 0.015000 0.007993
2 0.680625 0.547877 0.063000 0.057952
2 0.316563 0.563281 0.042750 0.100916
2 0.477187 0.535387 0.011250 0.039967
2 0.538125 0.565362 0.088500 0.113905
2 0.450625 0.531224 0.019500 0.033972
2 0.355938 0.515820 0.011250 0.012989
2 0.297812 0.513322 0.026250 0.034971
2 0.509062 0.505828 0.006750 0.024979
2 0.252812 0.517902 0.047250 0.053955
2 0.495000 0.498751 0.013500 0.009992
2 0.457500 0.510824 0.031500 0.046961
2 0.728437 0.517069 0.044250 0.069942
2 0.425000 0.536220 0.060000 0.117902
2 0.227187 0.491257 0.012750 0.011990
2 0.649062 0.509159 0.063750 0.056953
2 0.461562 0.492506 0.045750 0.038968
2 0.351875 0.517485 0.099000 0.102914
2 0.525312 0.503747 0.033750 0.083930
2 0.302812 0.478768 0.024750 0.023980
2 0.558438 0.492923 0.054750 0.063947
2 0.343125 0.469609 0.022500 0.011990
2 0.281875 0.495420 0.022500 0.085928
2 0.369375 0.467943 0.007500 0.023980
2 0.599375 0.481266 0.048000 0.079933
2 0.473125 0.463364 0.012000 0.038968
2 0.183750 0.509992 0.094500 0.152873
2 0.276250 0.445462 0.012000 0.009992
2 0.447500 0.455037 0.052500 0.046961
2 0.371563 0.470441 0.042750 0.087927
2 0.223125 0.481266 0.093000 0.121898
2 0.409375 0.450042 0.042000 0.070941
2 0.530000 0.435054 0.042000 0.068943
2 0.266250 0.406744 0.010500 0.012989
2 0.452188 0.417985 0.033750 0.041965
2 0.335000 0.413822 0.052500 0.063947
2 0.665000 0.398834 0.066000 0.051957
2 0.413438 0.394255 0.054750 0.058951
2 0.274375 0.413405 0.061500 0.106911
2 0.184688 0.400083 0.041250 0.076936
2 0.709063 0.357619 0.021750 0.010991
2 0.725000 0.353039 0.015000 0.011990
2 0.599688 0.350541 0.012750 0.015987
2 0.720938 0.337219 0.008250 0.015987
2 0.692187 0.345545 0.014250 0.035970
2 0.461875 0.334305 0.021000 0.010991
2 0.565937 0.383847 0.081750 0.133888
2 0.741563 0.331391 0.005250 0.011990
2 0.437188 0.346378 0.062250 0.047960
2 0.477500 0.330558 0.012000 0.031973
2 0.606875 0.338052 0.079500 0.077935
2 0.658125 0.331807 0.046500 0.074938
2 0.485000 0.349709 0.054000 0.133888
2 0.238750 0.375104 0.100500 0.200833
2 0.447500 0.305162 0.049500 0.060949
2 0.379375 0.291007 0.039000 0.070941
2 0.345313 0.267277 0.042750 0.033972
2 0.327188 0.279351 0.077250 0.086928
2 0.572812 0.267277 0.041250 0.073938
2 0.380937 0.231890 0.054750 0.046961
2 0.324688 0.194838 0.057750 0.047960
2 0.635125 0.363197 0.729750 0.726395
2 0.054375 0.045462 0.108750 0.090924
