2 0.828125 0.908594 0.343750 0.182812
2 0.408333 0.735547 0.052500 0.032813
2 0.324479 0.716016 0.073750 0.036562
2 0.268229 0.716016 0.051250 0.038437
2 0.313021 0.701562 0.033750 0.009375
2 0.323958 0.682031 0.022500 0.005625
2 0.440625 0.683984 0.060000 0.027187
2 0.312500 0.675000 0.012500 0.015000
2 0.277083 0.680078 0.082500 0.042188
2 0.356771 0.681250 0.066250 0.048750
2 0.508854 0.672266 0.056250 0.029062
2 0.297917 0.656641 0.030000 0.030937
2 0.391146 0.653516 0.066250 0.027187
2 0.359375 0.642969 0.015000 0.007500
2 0.316667 0.653125 0.030000 0.033750
2 0.630729 0.654687 0.043750 0.045000
2 0.385937 0.631250 0.011250 0.016875
2 0.372396 0.630469 0.021250 0.016875
2 0.296875 0.631250 0.055000 0.026250
2 0.215000 0.772188 0.430000 0.455625
2 0.460938 0.630859 0.073750 0.045937
2 0.585417 0.624219 0.042500 0.045000
2 0.495312 0.627734 0.071250 0.070312
2 0.274479 0.608594 0.058750 0.024375
2 0.234375 0.608203 0.047500 0.032813
2 0.240104 0.588672 0.033750 0.029062
2 0.363542 0.593750 0.037500 0.046875
2 0.420833 0.605859 0.175000 0.079687
2 0.522396 0.583594 0.061250 0.033750
2 0.288542 0.585156 0.067500 0.037500
2 0.260417 0.575391 0.027500 0.015938
2 0.197917 0.575000 0.062500 0.028125
2 0.276042 0.565234 0.025000 0.015938
2 0.628125 0.592187 0.067500 0.090000
2 0.307812 0.557813 0.023750 0.028125
2 0.672396 0.555469 0.056250 0.030000
2 0.591146 0.555469 0.093750 0.058125
2 0.383854 0.558203 0.061250 0.066562
2 0.530729 0.546484 0.096250 0.060937
2 0.476042 0.544531 0.127500 0.061875
2 0.471354 0.516406 0.031250 0.020625
2 0.501042 0.512109 0.015000 0.014063
2 0.329688 0.548047 0.051250 0.111562
2 0.201042 0.503516 0.012500 0.014063
2 0.216146 0.482812 0.018750 0.015000
2 0.275521 0.489063 0.056250 0.031875
2 0.608854 0.484766 0.106250 0.068437
2 0.601042 0.474609 0.050000 0.062812
2 0.299479 0.458594 0.066250 0.030000
2 0.539583 0.464453 0.075000 0.059062
2 0.571354 0.451953 0.038750 0.038437
2 0.178646 0.444531 0.041250 0.041250
2 0.325000 0.432812 0.030000 0.031875
2 0.395313 0.424609 0.011250 0.019688
2 0.514062 0.427734 0.063750 0.029062
2 0.479687 0.420312 0.011250 0.013125
2 0.293229 0.423438 0.048750 0.020625
2 0.407813 0.417578 0.021250 0.012188
2 0.681771 0.424609 0.033750 0.036562
2 0.306250 0.407422 0.015000 0.010312
2 0.360938 0.454297 0.078750 0.124687
2 0.641667 0.412891 0.060000 0.057188
2 0.463542 0.416797 0.052500 0.066562
2 0.326042 0.394141 0.037500 0.015938
2 0.451562 0.459375 0.218750 0.174375
2 0.549479 0.400000 0.051250 0.037500
2 0.391146 0.401172 0.038750 0.040313
2 0.308854 0.388672 0.026250 0.017813
2 0.332292 0.380078 0.032500 0.008437
2 0.307812 0.373047 0.013750 0.012188
2 0.703125 0.384375 0.037500 0.041250
2 0.645833 0.383984 0.055000 0.040313
2 0.212500 0.381250 0.062500 0.058125
2 0.446875 0.363672 0.032500 0.017813
2 0.159375 0.367969 0.047500 0.043125
2 0.493229 0.354687 0.021250 0.033750
2 0.501563 0.376953 0.076250 0.089063
2 0.242188 0.457422 0.173750 0.297187
2 0.377604 0.366406 0.223750 0.084375
2 0.370833 0.339844 0.067500 0.024375
2 0.218229 0.339062 0.038750 0.041250
2 0.173437 0.334375 0.061250 0.030000
2 0.319271 0.328516 0.048750 0.029062
2 0.378125 0.316406 0.100000 0.028125
2 0.571875 0.339453 0.145000 0.085312
2 0.468229 0.321875 0.246250 0.114375
2 0.785000 0.227812 0.430000 0.455625
2 0.171875 0.091406 0.343750 0.182812
