2 0.929500 0.810575 0.141000 0.074938
2 0.493125 0.744380 0.027000 0.041965
2 0.522188 0.724396 0.036750 0.029975
2 0.453125 0.727311 0.082500 0.040966
2 0.416875 0.716070 0.024000 0.013988
2 0.614688 0.724396 0.029250 0.035970
2 0.326562 0.720233 0.032250 0.035970
2 0.388437 0.722315 0.035250 0.042964
2 0.447188 0.709409 0.012750 0.015987
2 0.405313 0.705662 0.015750 0.008993
2 0.377812 0.708160 0.017250 0.020983
2 0.580000 0.715654 0.022500 0.044963
2 0.594688 0.700666 0.015750 0.022981
2 0.368750 0.693589 0.010500 0.007993
2 0.607812 0.699417 0.008250 0.027977
2 0.352500 0.695254 0.024000 0.017985
2 0.619687 0.697336 0.006750 0.026978
2 0.504687 0.689842 0.015750 0.008993
2 0.402500 0.687760 0.016500 0.007993
2 0.301563 0.702748 0.023250 0.051957
2 0.474375 0.687760 0.010500 0.023980
2 0.386562 0.686095 0.017250 0.019983
2 0.587500 0.680266 0.012000 0.011990
2 0.450937 0.687760 0.024750 0.029975
2 0.497500 0.680266 0.012000 0.015987
2 0.530937 0.690258 0.015750 0.043963
2 0.477500 0.692756 0.021000 0.049958
2 0.418438 0.677352 0.026250 0.014988
2 0.512500 0.689425 0.018000 0.057952
2 0.551875 0.681932 0.019500 0.045962
2 0.570625 0.676936 0.022500 0.045962
2 0.311563 0.668193 0.032250 0.030974
2 0.623750 0.670691 0.025500 0.040966
2 0.463125 0.662365 0.028500 0.028976
2 0.607500 0.661116 0.009000 0.027977
2 0.503750 0.665695 0.045000 0.042964
2 0.383125 0.652373 0.021000 0.022981
2 0.437500 0.669442 0.022500 0.065945
2 0.375625 0.658618 0.030000 0.047960
2 0.517813 0.637386 0.023250 0.028976
2 0.063750 0.778684 0.127500 0.442631
2 0.562187 0.632806 0.024750 0.019983
2 0.594375 0.642798 0.022500 0.047960
2 0.338125 0.657785 0.058500 0.099917
2 0.538125 0.623231 0.031500 0.020983
2 0.415312 0.634471 0.023250 0.051957
2 0.356875 0.622814 0.009000 0.031973
2 0.528125 0.614072 0.028500 0.014988
2 0.545937 0.606994 0.011250 0.007993
2 0.649062 0.619484 0.023250 0.045962
2 0.400313 0.595337 0.011250 0.005995
2 0.582500 0.610741 0.024000 0.046961
2 0.505938 0.615737 0.054750 0.062948
2 0.334688 0.599917 0.023250 0.052956
2 0.376563 0.628643 0.074250 0.125895
2 0.557813 0.580350 0.014250 0.017985
2 0.493750 0.589092 0.027000 0.042964
2 0.435312 0.619484 0.117750 0.119900
2 0.369688 0.576187 0.030750 0.017985
2 0.349375 0.574521 0.013500 0.015987
2 0.614062 0.581599 0.021750 0.048959
2 0.403125 0.562448 0.015000 0.014988
2 0.544375 0.569942 0.016500 0.050958
2 0.323437 0.573689 0.039750 0.065945
2 0.312812 0.555371 0.020250 0.037968
2 0.383125 0.552456 0.030000 0.040966
2 0.420625 0.557452 0.061500 0.056953
2 0.336562 0.532473 0.011250 0.008993
2 0.357187 0.543297 0.035250 0.052956
2 0.556562 0.568693 0.075750 0.115903
2 0.327813 0.530391 0.041250 0.027977
2 0.401875 0.524979 0.013500 0.016986
2 0.415312 0.525812 0.014250 0.022981
2 0.386562 0.523314 0.021750 0.022981
2 0.614062 0.525396 0.026250 0.039967
2 0.462813 0.552873 0.095250 0.105912
2 0.323437 0.517902 0.017250 0.031973
2 0.405313 0.505828 0.014250 0.008993
2 0.367812 0.522065 0.023250 0.047960
2 0.443437 0.514155 0.018750 0.040966
2 0.578750 0.522898 0.052500 0.065945
2 0.351250 0.507077 0.028500 0.033972
2 0.327813 0.497502 0.017250 0.012989
2 0.365312 0.495004 0.005250 0.020983
2 0.420625 0.499167 0.021000 0.034971
2 0.481250 0.502498 0.027000 0.052956
2 0.410938 0.482931 0.009750 0.011990
2 0.455000 0.497086 0.052500 0.051957
2 0.509375 0.513739 0.037500 0.095920
2 0.545000 0.491257 0.022500 0.049958
2 0.327500 0.482098 0.027000 0.035970
2 0.392813 0.482515 0.042750 0.068943
2 0.466875 0.464613 0.033000 0.031973
2 0.360312 0.470025 0.029250 0.046961
2 0.381250 0.456286 0.018000 0.025978
2 0.517500 0.475437 0.039000 0.083930
2 0.422812 0.459617 0.023250 0.051957
2 0.586562 0.452123 0.033750 0.035970
2 0.542813 0.447127 0.021750 0.043963
2 0.306250 0.483347 0.048000 0.138884
2 0.569688 0.423813 0.014250 0.017985
2 0.618750 0.423397 0.037500 0.030974
2 0.405313 0.425895 0.032250 0.036969
2 0.455937 0.437552 0.050250 0.078934
2 0.527813 0.415487 0.024750 0.045962
2 0.569063 0.403414 0.015750 0.024979
2 0.375937 0.410491 0.023250 0.043963
2 0.587812 0.412157 0.023250 0.049958
2 0.551250 0.410908 0.025500 0.046961
2 0.347500 0.412157 0.027000 0.057952
2 0.465313 0.396336 0.032250 0.031973
2 0.349375 0.434638 0.084000 0.123897
2 0.490000 0.403830 0.039000 0.077935
2 0.474375 0.374271 0.027000 0.040966
2 0.545000 0.366361 0.019500 0.047960
2 0.359063 0.384679 0.060750 0.091923
2 0.419687 0.350541 0.063750 0.065945
2 0.443125 0.325978 0.028500 0.030974
2 0.415000 0.300167 0.031500 0.032973
2 0.934750 0.224813 0.130500 0.449625
2 0.257250 0.132390 0.514500 0.264779
