2 0.592500 0.741882 0.022500 0.045962
2 0.511563 0.721066 0.017250 0.025978
2 0.441563 0.693172 0.008250 0.008993
2 0.571250 0.701499 0.019500 0.046961
2 0.590000 0.701499 0.021000 0.048959
2 0.515312 0.689425 0.015750 0.025978
2 0.343125 0.678601 0.028500 0.039967
2 0.625938 0.713988 0.065250 0.142881
2 0.675312 0.665695 0.021750 0.046961
2 0.323125 0.655287 0.024000 0.051957
2 0.520312 0.629892 0.023250 0.014988
2 0.610625 0.640300 0.027000 0.041965
2 0.646875 0.618651 0.022500 0.047960
2 0.544687 0.611990 0.035250 0.031973
2 0.442500 0.618235 0.022500 0.050958
2 0.654687 0.564113 0.029250 0.036969
2 0.566562 0.603664 0.134250 0.145878
2 0.620938 0.550375 0.047250 0.071940
2 0.590625 0.512073 0.022500 0.049958
2 0.551562 0.524979 0.030750 0.098918
2 0.637188 0.485012 0.032250 0.040966
2 0.459688 0.469192 0.008250 0.012989
2 0.565937 0.489592 0.030750 0.087927
2 0.673750 0.463364 0.037500 0.030974
2 0.594688 0.467943 0.023250 0.041965
2 0.475938 0.450042 0.026250 0.048959
2 0.625313 0.440466 0.068250 0.061948
2 0.585313 0.434221 0.023250 0.046961
2 0.510000 0.440883 0.051000 0.094921
2 0.464375 0.413405 0.033000 0.034971
2 0.431250 0.396336 0.010500 0.017985
2 0.438125 0.391341 0.021000 0.045962
2 0.609688 0.390508 0.017250 0.047960
2 0.540937 0.402165 0.065250 0.097918
2 0.440000 0.545379 0.274500 0.521565
2 0.514375 0.326395 0.025500 0.033972
2 0.488125 0.344296 0.060000 0.076936
2 0.491875 0.293922 0.027000 0.035970
