2 0.347813 0.875937 0.057750 0.097918
2 0.539375 0.825978 0.055500 0.055953
2 0.344687 0.811823 0.018750 0.031973
2 0.355625 0.832223 0.139500 0.128893
2 0.512500 0.777685 0.015000 0.031973
2 0.393125 0.789342 0.033000 0.079933
2 0.420000 0.782265 0.031500 0.074938
2 0.497812 0.757286 0.026250 0.026978
2 0.621563 0.761032 0.060750 0.045962
2 0.253750 0.767694 0.033000 0.075937
2 0.340625 0.758535 0.034500 0.073938
2 0.505000 0.743131 0.025500 0.044963
2 0.609062 0.717319 0.006750 0.018984
2 0.687813 0.719400 0.051750 0.051957
2 0.559375 0.701082 0.012000 0.011990
2 0.481250 0.762698 0.079500 0.187843
2 0.345938 0.704413 0.047250 0.059950
2 0.423125 0.679850 0.009000 0.014988
2 0.378750 0.687344 0.028500 0.038968
2 0.674375 0.674438 0.007500 0.013988
2 0.546250 0.682348 0.039000 0.056953
2 0.285313 0.684430 0.036750 0.073938
2 0.435312 0.689842 0.162750 0.104913
2 0.484063 0.650708 0.038250 0.028976
2 0.780937 0.655287 0.039750 0.069942
2 0.584063 0.654871 0.035250 0.074938
2 0.670625 0.629475 0.012000 0.017985
2 0.711875 0.637386 0.069000 0.044963
2 0.441875 0.629892 0.055500 0.048959
2 0.387188 0.624896 0.011250 0.042964
2 0.664375 0.616986 0.016500 0.025978
2 0.730625 0.605745 0.010500 0.022981
2 0.261250 0.604080 0.049500 0.052956
2 0.806562 0.604913 0.051750 0.068943
2 0.749687 0.601998 0.044250 0.065945
2 0.605000 0.601166 0.039000 0.077935
2 0.655625 0.557868 0.010500 0.013988
2 0.365000 0.615321 0.112500 0.163863
2 0.602187 0.672356 0.243750 0.318734
2 0.773438 0.563697 0.041250 0.063947
2 0.309375 0.565779 0.063000 0.120899
2 0.481875 0.513739 0.042000 0.035970
2 0.648125 0.572023 0.052500 0.205828
2 0.587812 0.485845 0.020250 0.034971
2 0.706250 0.550791 0.117000 0.198834
2 0.348125 0.497918 0.036000 0.077935
2 0.628125 0.462531 0.006000 0.014988
2 0.207500 0.455870 0.009000 0.012989
2 0.707812 0.481682 0.045750 0.080933
2 0.271250 0.476270 0.046500 0.069942
2 0.210938 0.457119 0.056250 0.049958
2 0.412500 0.501249 0.040500 0.157868
2 0.475313 0.445878 0.011250 0.038968
2 0.627500 0.462115 0.076500 0.095920
2 0.450937 0.458784 0.057750 0.091923
2 0.708125 0.436719 0.085500 0.080933
2 0.332188 0.428809 0.039750 0.061948
2 0.659062 0.437136 0.066750 0.083930
2 0.381250 0.452956 0.036000 0.141882
2 0.300938 0.393422 0.006750 0.016986
2 0.252500 0.417569 0.036000 0.078934
2 0.662500 0.387177 0.012000 0.019983
2 0.676875 0.389675 0.021000 0.027977
2 0.585000 0.384263 0.012000 0.014988
2 0.545000 0.399667 0.055500 0.067943
2 0.539062 0.375937 0.015750 0.016986
2 0.627188 0.365112 0.017250 0.020983
2 0.287813 0.393006 0.066750 0.091923
2 0.337813 0.375104 0.035250 0.074938
2 0.665625 0.350125 0.009000 0.016986
2 0.605313 0.366361 0.032250 0.063947
2 0.700313 0.378435 0.071250 0.106911
2 0.511250 0.349709 0.048000 0.071940
2 0.290625 0.319317 0.027000 0.076936
2 0.466250 0.356370 0.105000 0.169858
2 0.384375 0.325562 0.069000 0.103913
2 0.621563 0.286844 0.012750 0.014988
2 0.530937 0.450458 0.243750 0.415654
2 0.520312 0.288926 0.053250 0.053955
2 0.411250 0.280183 0.067500 0.096919
2 0.698125 0.288093 0.115500 0.195837
2 0.636563 0.293505 0.096750 0.312739
2 0.423438 0.177769 0.035250 0.058951
2 0.569688 0.219400 0.120750 0.180849
2 0.468750 0.193589 0.088500 0.136886
2 0.449062 0.115737 0.036750 0.063947
