2 0.661719 0.831250 0.060000 0.102500
2 0.608594 0.809375 0.037500 0.077500
2 0.635938 0.758333 0.018750 0.022500
2 0.478516 0.750521 0.029062 0.018750
2 0.471484 0.733333 0.014063 0.020000
2 0.612500 0.740104 0.033750 0.083750
2 0.584766 0.732812 0.032813 0.078750
2 0.374609 0.715625 0.062812 0.047500
2 0.760547 0.715104 0.034687 0.081250
2 0.497266 0.708333 0.040313 0.080000
2 0.668750 0.744792 0.110625 0.170000
2 0.412500 0.729167 0.170625 0.182500
2 0.411719 0.659896 0.045000 0.036250
2 0.460938 0.645833 0.018750 0.025000
2 0.661719 0.650521 0.048750 0.063750
2 0.619922 0.632812 0.045937 0.038750
2 0.346875 0.619271 0.028125 0.013750
2 0.449219 0.626563 0.035625 0.046250
2 0.381250 0.631771 0.054375 0.066250
2 0.518750 0.699479 0.086250 0.231250
2 0.567969 0.640625 0.170625 0.097500
2 0.725391 0.627604 0.038437 0.078750
2 0.324609 0.644792 0.098437 0.122500
2 0.541797 0.600521 0.014063 0.021250
2 0.511719 0.592708 0.030000 0.017500
2 0.209766 0.610417 0.042188 0.072500
2 0.412109 0.605208 0.036562 0.077500
2 0.280469 0.590625 0.071250 0.047500
2 0.473828 0.576042 0.057188 0.045000
2 0.559766 0.576562 0.057188 0.053750
2 0.640625 0.582292 0.118125 0.082500
2 0.182422 0.558854 0.053437 0.071250
2 0.240625 0.554688 0.043125 0.068750
2 0.750391 0.543229 0.051562 0.056250
2 0.390234 0.549479 0.040313 0.081250
2 0.216406 0.515625 0.043125 0.065000
2 0.634375 0.516667 0.093750 0.075000
2 0.394531 0.462500 0.011250 0.020000
2 0.698438 0.504167 0.067500 0.125000
2 0.519141 0.509896 0.124687 0.143750
2 0.250391 0.481250 0.036562 0.080000
2 0.517188 0.456250 0.041250 0.037500
2 0.460156 0.459896 0.024375 0.061250
2 0.301953 0.500000 0.098437 0.207500
2 0.657031 0.434375 0.037500 0.082500
2 0.487109 0.404167 0.019688 0.017500
2 0.283594 0.430208 0.048750 0.082500
2 0.317578 0.403125 0.029062 0.022500
2 0.805078 0.384896 0.010312 0.013750
2 0.738281 0.408854 0.048750 0.073750
2 0.350391 0.386979 0.027187 0.023750
2 0.802344 0.391146 0.060000 0.041250
2 0.399609 0.463021 0.162187 0.236250
2 0.536328 0.389583 0.030937 0.065000
2 0.486719 0.425000 0.105000 0.160000
2 0.541797 0.403646 0.074063 0.111250
2 0.428906 0.402083 0.063750 0.110000
2 0.282031 0.383333 0.086250 0.085000
2 0.332031 0.371354 0.033750 0.063750
2 0.672656 0.363542 0.041250 0.062500
2 0.509375 0.348438 0.054375 0.041250
2 0.401562 0.350000 0.035625 0.045000
2 0.621875 0.388542 0.037500 0.147500
2 0.457422 0.329167 0.017813 0.012500
2 0.455078 0.344271 0.045937 0.056250
2 0.436719 0.338021 0.026250 0.048750
2 0.704297 0.322917 0.006563 0.017500
2 0.454688 0.311458 0.015000 0.020000
2 0.364453 0.306250 0.017813 0.020000
2 0.325000 0.294792 0.007500 0.020000
2 0.731641 0.332292 0.100312 0.117500
2 0.380469 0.296875 0.013125 0.040000
2 0.289453 0.323437 0.072187 0.111250
2 0.350781 0.320833 0.103125 0.110000
2 0.666797 0.305729 0.036562 0.078750
2 0.398438 0.273438 0.013125 0.013750
2 0.592187 0.275000 0.009375 0.020000
2 0.337500 0.267188 0.013125 0.021250
2 0.484375 0.286979 0.048750 0.076250
2 0.322656 0.267188 0.026250 0.036250
2 0.541016 0.287500 0.085312 0.165000
2 0.369922 0.223958 0.012188 0.012500
2 0.412500 0.279687 0.129375 0.151250
2 0.716016 0.245312 0.027187 0.081250
2 0.473828 0.224479 0.055313 0.056250
2 0.602734 0.234896 0.105937 0.161250
2 0.347266 0.210417 0.079687 0.132500
2 0.416797 0.188021 0.077812 0.103750
2 0.291016 0.229687 0.117188 0.203750
2 0.553516 0.150000 0.029062 0.075000
2 0.360547 0.152604 0.047812 0.131250
2 0.574609 0.104167 0.036562 0.062500
2 0.421875 0.133333 0.123750 0.140000
2 0.520312 0.106771 0.076875 0.101250
2 0.546875 0.040625 0.039375 0.065000
