2 0.421875 0.793505 0.034500 0.039967
2 0.821250 0.777685 0.010500 0.005995
2 0.513125 0.791007 0.033000 0.041965
2 0.476250 0.778518 0.046500 0.035970
2 0.385937 0.760616 0.014250 0.008993
2 0.275938 0.766028 0.036750 0.027977
2 0.314375 0.759784 0.033000 0.024979
2 0.455000 0.758535 0.049500 0.031973
2 0.773500 0.841632 0.453000 0.316736
2 0.500313 0.746461 0.039750 0.036969
2 0.431250 0.742298 0.034500 0.042964
2 0.327188 0.729808 0.030750 0.032973
2 0.367812 0.714821 0.035250 0.026978
2 0.295312 0.723147 0.048750 0.048959
2 0.457188 0.719817 0.023250 0.042964
2 0.505938 0.698168 0.020250 0.008993
2 0.376875 0.725229 0.069000 0.073938
2 0.559688 0.702331 0.021750 0.046961
2 0.269375 0.686928 0.027000 0.035970
2 0.451562 0.684430 0.065250 0.063947
2 0.510000 0.681515 0.096000 0.060949
2 0.357187 0.659450 0.012750 0.007993
2 0.376563 0.656536 0.026250 0.036969
2 0.331562 0.656120 0.024750 0.039967
2 0.389375 0.666944 0.094500 0.069942
2 0.585000 0.655704 0.027000 0.044963
2 0.277500 0.638634 0.021000 0.011990
2 0.633437 0.643630 0.035250 0.029975
2 0.284375 0.643214 0.090000 0.068943
2 0.256875 0.625729 0.025500 0.042964
2 0.365312 0.606578 0.009750 0.008993
2 0.292812 0.616570 0.018750 0.038968
2 0.349687 0.615321 0.024750 0.041965
2 0.559375 0.587011 0.015000 0.009992
2 0.267188 0.590341 0.035250 0.023980
2 0.635000 0.587427 0.034500 0.032973
2 0.376875 0.572856 0.013500 0.007993
2 0.538750 0.619900 0.103500 0.130891
2 0.619062 0.568276 0.006750 0.014988
2 0.439063 0.615321 0.126750 0.135887
2 0.615313 0.583264 0.074250 0.060949
2 0.486250 0.578268 0.022500 0.048959
2 0.426563 0.574938 0.084750 0.062948
2 0.638437 0.547877 0.011250 0.007993
2 0.524375 0.546628 0.015000 0.006994
2 0.605000 0.547877 0.066000 0.031973
2 0.517813 0.560783 0.054750 0.070941
2 0.578438 0.537052 0.029250 0.037968
2 0.653125 0.539134 0.022500 0.044963
2 0.619375 0.525396 0.027000 0.037968
2 0.384688 0.581599 0.291750 0.174854
2 0.420938 0.508743 0.008250 0.021982
2 0.334375 0.516236 0.021000 0.039967
2 0.520625 0.514988 0.031500 0.040966
2 0.283438 0.537885 0.053250 0.095920
2 0.318437 0.501665 0.024750 0.038968
2 0.502188 0.493755 0.047250 0.033972
2 0.525312 0.487927 0.021750 0.023980
2 0.443125 0.495837 0.027000 0.042964
2 0.367188 0.494588 0.027750 0.041965
2 0.470938 0.487094 0.030750 0.029975
2 0.555312 0.504163 0.063750 0.078934
2 0.339062 0.480017 0.020250 0.040966
2 0.470938 0.464613 0.036750 0.021982
2 0.400625 0.447544 0.016500 0.010991
2 0.549375 0.462948 0.037500 0.067943
2 0.369688 0.462531 0.053250 0.076936
2 0.498125 0.447544 0.109500 0.078934
2 0.442500 0.417985 0.013500 0.011990
2 0.416563 0.416320 0.020250 0.021982
2 0.371875 0.412573 0.033000 0.024979
2 0.418438 0.477102 0.135750 0.185845
2 0.400000 0.416320 0.027000 0.043963
2 0.410313 0.382598 0.032250 0.024979
2 0.381875 0.383430 0.037500 0.026978
2 0.406250 0.373022 0.018000 0.007993
2 0.852187 0.296836 0.009750 0.010991
2 0.904750 0.245296 0.190500 0.490591
2 0.278625 0.184346 0.557250 0.368693
