2 0.587891 0.808854 0.079687 0.091250
2 0.599609 0.751563 0.019688 0.016250
2 0.534766 0.768229 0.045937 0.066250
2 0.714844 0.746875 0.035625 0.075000
2 0.596094 0.737500 0.140625 0.160000
2 0.526172 0.686458 0.040313 0.067500
2 0.383984 0.677604 0.066562 0.048750
2 0.625781 0.648438 0.061875 0.046250
2 0.697266 0.653125 0.047812 0.065000
2 0.577344 0.627083 0.009375 0.015000
2 0.442969 0.632812 0.031875 0.033750
2 0.439063 0.616146 0.033750 0.033750
2 0.543750 0.592187 0.009375 0.023750
2 0.741797 0.588542 0.060937 0.047500
2 0.307422 0.583333 0.070312 0.052500
2 0.655469 0.557813 0.015000 0.018750
2 0.305859 0.537500 0.015938 0.015000
2 0.487109 0.540104 0.023438 0.033750
2 0.314063 0.527604 0.018750 0.008750
2 0.514062 0.501563 0.061875 0.041250
2 0.524609 0.482812 0.025312 0.013750
2 0.296484 0.485938 0.027187 0.021250
2 0.690625 0.528646 0.065625 0.126250
2 0.831641 0.473438 0.012188 0.011250
2 0.827734 0.477083 0.062812 0.045000
2 0.823828 0.458333 0.045937 0.025000
2 0.278906 0.445833 0.015000 0.017500
2 0.756250 0.467187 0.048750 0.076250
2 0.664062 0.455729 0.043125 0.071250
2 0.359375 0.445312 0.052500 0.066250
2 0.153516 0.422396 0.040313 0.073750
2 0.218359 0.398438 0.014063 0.026250
2 0.789062 0.418229 0.043125 0.076250
2 0.317969 0.390625 0.016875 0.017500
2 0.695703 0.395313 0.051562 0.051250
2 0.594531 0.432812 0.067500 0.143750
2 0.491016 0.355208 0.025312 0.012500
2 0.636719 0.398958 0.052500 0.135000
2 0.755859 0.379688 0.074063 0.096250
2 0.134766 0.361458 0.064687 0.052500
2 0.702734 0.343750 0.040313 0.072500
2 0.181641 0.337500 0.040313 0.070000
2 0.569922 0.302083 0.015938 0.020000
2 0.767578 0.310937 0.034687 0.071250
2 0.273828 0.280208 0.010312 0.025000
2 0.268750 0.289062 0.061875 0.063750
2 0.475781 0.267188 0.020625 0.036250
2 0.418359 0.255729 0.027187 0.021250
2 0.280078 0.248438 0.104062 0.056250
2 0.489844 0.266667 0.116250 0.102500
2 0.345313 0.229687 0.011250 0.018750
2 0.651172 0.250521 0.109688 0.143750
2 0.516406 0.188542 0.061875 0.052500
2 0.354687 0.131771 0.026250 0.033750
2 0.645312 0.128646 0.033750 0.063750
2 0.591797 0.125000 0.090937 0.147500
2 0.471875 0.047917 0.013125 0.015000
2 0.630859 0.057813 0.036562 0.068750
2 0.423828 0.413750 0.589687 0.827500
