2 0.520938 0.696503 0.021750 0.048959
2 0.395000 0.683181 0.018000 0.028976
2 0.535000 0.645296 0.019500 0.045962
2 0.454375 0.640716 0.024000 0.052956
2 0.413438 0.659867 0.158250 0.134888
2 0.508125 0.647377 0.051000 0.106911
2 0.380625 0.605329 0.016500 0.023980
2 0.476875 0.600333 0.031500 0.037968
2 0.382812 0.578268 0.065250 0.064946
2 0.438750 0.586595 0.079500 0.108909
2 0.464062 0.546211 0.008250 0.013988
2 0.480938 0.557036 0.027750 0.041965
2 0.359687 0.554122 0.029250 0.038968
2 0.441875 0.554954 0.039000 0.060949
2 0.366875 0.531224 0.006000 0.015987
2 0.547813 0.555787 0.057750 0.102914
2 0.461562 0.527061 0.030750 0.033972
2 0.368437 0.527477 0.027750 0.040966
2 0.450937 0.512906 0.023250 0.043963
2 0.610313 0.512490 0.015750 0.050958
2 0.348750 0.501249 0.019500 0.051957
2 0.365938 0.491674 0.020250 0.042964
2 0.330313 0.490425 0.023250 0.047960
2 0.465000 0.487510 0.022500 0.052956
2 0.581562 0.486678 0.020250 0.054954
2 0.435937 0.480433 0.012750 0.041965
2 0.492812 0.484180 0.030750 0.058951
2 0.312188 0.470858 0.023250 0.048959
2 0.696625 0.669775 0.606750 0.660450
2 0.446562 0.479184 0.030750 0.086928
2 0.347813 0.456286 0.035250 0.035970
2 0.506563 0.511657 0.060750 0.174854
2 0.583438 0.450874 0.023250 0.034971
2 0.465000 0.448376 0.012000 0.030974
2 0.617188 0.451707 0.054750 0.094921
2 0.325625 0.430475 0.022500 0.051957
2 0.386562 0.412989 0.006750 0.011990
2 0.363750 0.424230 0.039000 0.044963
2 0.424687 0.414238 0.023250 0.046961
2 0.496563 0.428809 0.069750 0.093922
2 0.394688 0.474604 0.086250 0.203830
2 0.573438 0.408410 0.020250 0.050958
2 0.371875 0.393422 0.009000 0.028976
2 0.654375 0.396336 0.033000 0.039967
2 0.398125 0.384679 0.015000 0.013988
2 0.618437 0.400500 0.026250 0.053955
2 0.504062 0.377186 0.029250 0.033972
2 0.376563 0.364280 0.029250 0.044963
2 0.410000 0.346378 0.012000 0.015987
2 0.455937 0.345129 0.020250 0.044963
2 0.594688 0.355953 0.035250 0.088926
2 0.449688 0.323480 0.008250 0.012989
2 0.622188 0.313489 0.029250 0.032973
2 0.510000 0.312656 0.019500 0.038968
2 0.479063 0.293922 0.015750 0.021982
2 0.470625 0.376353 0.142500 0.221815
2 0.482500 0.282681 0.015000 0.020983
2 0.420938 0.331391 0.096750 0.151873
2 0.535625 0.298501 0.052500 0.086928
2 0.561250 0.319317 0.064500 0.148876
2 0.469687 0.270192 0.017250 0.030974
2 0.606563 0.268110 0.021750 0.045962
2 0.493125 0.285179 0.043500 0.110908
2 0.458437 0.253122 0.030750 0.037968
2 0.526875 0.244380 0.018000 0.046961
2 0.490625 0.248127 0.031500 0.057952
2 0.542188 0.230641 0.018750 0.053955
2 0.564375 0.207744 0.006000 0.018984
2 0.623125 0.201915 0.018000 0.050958
2 0.538125 0.188177 0.021000 0.043963
2 0.571562 0.194838 0.059250 0.145878
2 0.907375 0.266778 0.185250 0.533555
2 0.221875 0.600000 0.378000 1.000000
