2 0.570625 0.986678 0.012000 0.017985
2 0.525937 0.982015 0.015750 0.035970
2 0.444688 0.973772 0.009750 0.012989
2 0.342813 0.956286 0.009750 0.012989
2 0.533750 0.907577 0.009000 0.013988
2 0.333750 0.927560 0.031500 0.077935
2 0.520625 0.885512 0.007500 0.016986
2 0.632188 0.856786 0.023250 0.011990
2 0.681562 0.850541 0.018750 0.008993
2 0.586562 0.831807 0.009750 0.011990
2 0.347813 0.845962 0.029250 0.073938
2 0.468438 0.826811 0.047250 0.059950
2 0.385625 0.867194 0.054000 0.166861
2 0.693750 0.802664 0.063000 0.057952
2 0.566875 0.785179 0.028500 0.019983
2 0.664687 0.780183 0.008250 0.015987
2 0.527813 0.760200 0.009750 0.027977
2 0.777500 0.778518 0.034500 0.079933
2 0.820937 0.766028 0.060750 0.055953
2 0.534375 0.746461 0.009000 0.016986
2 0.496250 0.762698 0.058500 0.059950
2 0.927250 0.840133 0.145500 0.319734
2 0.441563 0.749376 0.032250 0.077935
2 0.672500 0.718568 0.010500 0.019983
2 0.664062 0.713988 0.009750 0.014988
2 0.539687 0.743131 0.041250 0.084929
2 0.640938 0.713988 0.024750 0.036969
2 0.586250 0.702331 0.006000 0.018984
2 0.770938 0.699001 0.015750 0.024979
2 0.471562 0.687760 0.006750 0.021982
2 0.775937 0.679434 0.011250 0.013988
2 0.294063 0.672773 0.008250 0.011990
2 0.826875 0.694838 0.037500 0.084929
2 0.400938 0.716903 0.090750 0.143880
2 0.612187 0.665279 0.023250 0.035970
2 0.467500 0.700250 0.070500 0.125895
2 0.922500 0.653206 0.010500 0.014988
2 0.351875 0.649042 0.009000 0.010991
2 0.612187 0.670691 0.080250 0.158868
2 0.777500 0.602415 0.010500 0.008993
2 0.769062 0.596586 0.005250 0.014988
2 0.334375 0.613655 0.045000 0.071940
2 0.518437 0.584513 0.015750 0.009992
2 0.684375 0.602415 0.057000 0.062948
2 0.600313 0.580350 0.008250 0.019983
2 0.749062 0.582848 0.014250 0.027977
2 0.682187 0.573272 0.008250 0.010991
2 0.393437 0.599084 0.044250 0.074938
2 0.610313 0.565362 0.014250 0.013988
2 0.380312 0.552873 0.009750 0.019983
2 0.420938 0.545795 0.048750 0.052956
2 0.763750 0.526228 0.010500 0.009992
2 0.545000 0.661116 0.184500 0.341715
2 0.720313 0.543714 0.089250 0.087927
2 0.759062 0.511241 0.021750 0.011990
2 0.462500 0.562032 0.078000 0.139883
2 0.984062 0.508326 0.006750 0.022981
2 0.597187 0.498751 0.014250 0.017985
2 0.505313 0.537885 0.095250 0.139883
2 0.593437 0.497502 0.053250 0.048959
2 0.707812 0.479184 0.012750 0.006994
2 0.464375 0.492923 0.051000 0.071940
2 0.620000 0.463780 0.007500 0.009992
2 0.368750 0.526644 0.061500 0.162864
2 0.689063 0.484180 0.029250 0.072939
2 0.709063 0.460033 0.014250 0.020983
2 0.881250 0.439217 0.012000 0.010991
2 0.619375 0.424230 0.010500 0.012989
2 0.401562 0.451291 0.035250 0.085928
2 0.626250 0.405495 0.013500 0.021982
2 0.355938 0.422565 0.039750 0.070941
2 0.632500 0.431307 0.049500 0.129892
2 0.483125 0.407577 0.061500 0.140883
2 0.747188 0.351374 0.014250 0.017985
2 0.588125 0.345129 0.009000 0.024979
2 0.597812 0.338468 0.008250 0.016986
2 0.759687 0.349709 0.057750 0.051957
2 0.714375 0.318485 0.013500 0.014988
2 0.462187 0.330142 0.050250 0.050958
2 0.551875 0.390924 0.157500 0.206828
2 0.607812 0.571857 0.494250 0.856286
2 0.569063 0.304330 0.056250 0.048959
2 0.660000 0.296836 0.048000 0.064946
2 0.520938 0.277269 0.051750 0.061948
2 0.647188 0.265196 0.042750 0.080933
2 0.596250 0.254788 0.051000 0.063947
2 0.628750 0.218568 0.024000 0.024979
2 0.620313 0.206911 0.039750 0.026978
2 0.510312 0.199417 0.006750 0.010991
2 0.635312 0.165279 0.021750 0.022981
2 0.543125 0.171940 0.042000 0.074938
2 0.649375 0.175271 0.127500 0.156869
2 0.385625 0.032889 0.009000 0.010991
2 0.779875 0.222814 0.440250 0.445629
2 0.198750 0.600000 0.397500 1.000000
