2 0.010500 0.976000 0.021000 0.048000
2 0.042000 0.925000 0.084000 0.066000
2 0.091250 0.877500 0.057000 0.036000
2 0.196250 0.875000 0.189000 0.114000
2 0.031250 0.845000 0.057000 0.048000
2 0.051250 0.803750 0.033000 0.033000
2 0.022500 0.801250 0.045000 0.039000
2 0.341250 0.832500 0.141000 0.192000
2 0.298750 0.801250 0.075000 0.117000
2 0.425000 0.788750 0.174000 0.105000
2 0.060000 0.761250 0.120000 0.063000
2 0.128750 0.797500 0.171000 0.156000
2 0.408750 0.736250 0.045000 0.051000
2 0.056250 0.727500 0.027000 0.048000
2 0.521250 0.726250 0.051000 0.075000
2 0.476250 0.710000 0.075000 0.048000
2 0.132500 0.697500 0.054000 0.060000
2 0.426250 0.690000 0.057000 0.048000
2 0.033000 0.650000 0.066000 0.030000
2 0.516250 0.647500 0.153000 0.090000
2 0.325000 0.638750 0.036000 0.069000
2 0.210000 0.652500 0.084000 0.108000
2 0.137500 0.642500 0.066000 0.090000
2 0.337500 0.655000 0.210000 0.138000
2 0.428750 0.616250 0.021000 0.057000
2 0.187500 0.596250 0.072000 0.075000
2 0.475000 0.595000 0.036000 0.084000
2 0.532500 0.580000 0.096000 0.054000
2 0.145000 0.572500 0.072000 0.054000
2 0.247500 0.548750 0.126000 0.081000
2 0.077500 0.522500 0.042000 0.036000
2 0.273750 0.525000 0.057000 0.054000
2 0.045000 0.502500 0.036000 0.042000
2 0.112500 0.455000 0.084000 0.060000
2 0.113750 0.412500 0.099000 0.048000
2 0.571250 0.537500 0.171000 0.366000
2 0.383750 0.412500 0.087000 0.144000
2 0.330000 0.445000 0.462000 0.228000
2 0.027000 0.370000 0.054000 0.078000
2 0.253750 0.328750 0.111000 0.093000
2 0.206250 0.301250 0.075000 0.033000
2 0.166250 0.347500 0.063000 0.162000
2 0.022500 0.272500 0.045000 0.090000
2 0.090000 0.245000 0.030000 0.054000
2 0.235000 0.255000 0.342000 0.126000
2 0.541250 0.282500 0.249000 0.216000
2 0.681250 0.226250 0.111000 0.093000
2 0.033000 0.192500 0.066000 0.042000
2 0.080000 0.196250 0.036000 0.075000
2 0.563750 0.173750 0.105000 0.093000
2 0.403750 0.131250 0.111000 0.087000
2 0.102000 0.118750 0.204000 0.093000
2 0.312500 0.132500 0.210000 0.252000
2 0.022500 0.052500 0.045000 0.084000
2 0.193750 0.028500 0.129000 0.057000
2 0.097500 0.034500 0.096000 0.069000
