2 0.471875 0.995504 0.009000 0.008993
2 0.909687 0.995004 0.012750 0.009992
2 0.880313 0.995004 0.015750 0.009992
2 0.657188 0.994505 0.017250 0.010991
2 0.062812 0.994505 0.006750 0.010991
2 0.554063 0.992923 0.015750 0.006994
2 0.783438 0.992923 0.009750 0.010991
2 0.186562 0.993006 0.008250 0.013988
2 0.947187 0.992506 0.009750 0.014988
2 0.415000 0.992923 0.015000 0.012989
2 0.646563 0.992007 0.011250 0.015987
2 0.370937 0.991507 0.015750 0.016986
2 0.164062 0.991507 0.014250 0.016986
2 0.977187 0.991674 0.023250 0.015987
2 0.885000 0.990008 0.007500 0.011990
2 0.232813 0.989592 0.006750 0.010991
2 0.853437 0.990508 0.023250 0.018984
2 0.615938 0.991257 0.012750 0.016986
2 0.951875 0.988759 0.010500 0.012989
2 0.698438 0.990008 0.039750 0.019983
2 0.331562 0.990008 0.015750 0.019983
2 0.117500 0.990008 0.009000 0.015987
2 0.043125 0.990008 0.012000 0.019983
2 0.315000 0.989509 0.024000 0.020983
2 0.994000 0.988510 0.012000 0.022981
2 0.822500 0.988510 0.040500 0.022981
2 0.798438 0.989509 0.015750 0.020983
2 0.194688 0.987510 0.006750 0.015987
2 0.052187 0.988010 0.015750 0.023980
2 0.704375 0.987094 0.013500 0.018984
2 0.927813 0.985845 0.011250 0.017985
2 0.833750 0.982515 0.009000 0.009992
2 0.224375 0.982931 0.012000 0.012989
2 0.015938 0.986678 0.015750 0.021982
2 0.596562 0.987011 0.029250 0.025978
2 0.125312 0.982515 0.012750 0.015987
2 0.609375 0.979184 0.016500 0.009992
2 0.917188 0.982931 0.012750 0.020983
2 0.304688 0.978768 0.006750 0.010991
2 0.208125 0.985012 0.012000 0.025978
2 0.199063 0.980017 0.006750 0.013988
2 0.990000 0.984180 0.010500 0.025978
2 0.534062 0.981682 0.009750 0.019983
2 0.346875 0.981266 0.018000 0.018984
2 0.041563 0.978351 0.009750 0.011990
2 0.773125 0.983514 0.019500 0.032973
2 0.889062 0.981682 0.015750 0.023980
2 0.428438 0.982931 0.023250 0.026978
2 0.391250 0.983014 0.042000 0.033972
2 0.089688 0.977519 0.009750 0.013988
2 0.938750 0.979184 0.016500 0.019983
2 0.740313 0.980433 0.011250 0.022981
2 0.190312 0.979600 0.011250 0.020983
2 0.114375 0.979600 0.013500 0.020983
2 0.075938 0.984013 0.020250 0.031973
2 0.962812 0.977935 0.009750 0.018984
2 0.677188 0.982015 0.026250 0.035970
2 0.555625 0.975853 0.009000 0.013988
2 0.312188 0.975437 0.008250 0.012989
2 0.272500 0.982015 0.055500 0.035970
2 0.622500 0.982515 0.031500 0.034971
2 0.901250 0.980849 0.015000 0.029975
2 0.548750 0.979600 0.015000 0.026978
2 0.501250 0.981016 0.076500 0.037968
2 0.104375 0.977519 0.013500 0.021982
2 0.907188 0.971274 0.011250 0.008993
2 0.755938 0.977935 0.023250 0.024979
2 0.414062 0.973772 0.008250 0.014988
2 0.364687 0.975853 0.008250 0.019983
2 0.323750 0.973772 0.012000 0.014988
2 0.015938 0.973356 0.006750 0.013988
2 0.533125 0.972107 0.013500 0.012989
2 0.360312 0.979600 0.008250 0.032973
2 0.875625 0.977519 0.024000 0.029975
2 0.788125 0.968360 0.007500 0.009992
2 0.831250 0.971274 0.007500 0.018984
2 0.623125 0.967943 0.009000 0.010991
2 0.748125 0.972107 0.013500 0.022981
2 0.456250 0.966694 0.012000 0.009992
2 0.301563 0.967527 0.008250 0.011990
2 0.225312 0.968360 0.020250 0.013988
2 0.175937 0.977519 0.023250 0.044963
2 0.059062 0.970441 0.011250 0.018984
2 0.385625 0.969609 0.015000 0.020983
2 0.290312 0.972523 0.015750 0.027977
2 0.194688 0.966278 0.009750 0.012989
2 0.146875 0.976020 0.037500 0.047960
2 0.920625 0.968360 0.022500 0.021982
2 0.816562 0.970858 0.024750 0.027977
2 0.865313 0.966694 0.012750 0.019983
2 0.572812 0.975021 0.032250 0.049958
2 0.340625 0.965445 0.013500 0.016986
2 0.681250 0.963364 0.009000 0.015987
2 0.593437 0.963780 0.011250 0.016986
2 0.055000 0.961699 0.009000 0.011990
2 0.008438 0.962948 0.012750 0.014988
2 0.951875 0.963780 0.019500 0.020983
2 0.161250 0.962115 0.019500 0.016986
2 0.994750 0.962115 0.010500 0.018984
2 0.688750 0.966278 0.010500 0.028976
2 0.471250 0.965445 0.018000 0.026978
2 0.257812 0.961282 0.017250 0.018984
2 0.804063 0.959201 0.009750 0.017985
2 0.780000 0.961699 0.018000 0.025978
2 0.982812 0.962115 0.020250 0.028976
2 0.674375 0.962948 0.016500 0.032973
2 0.480000 0.959201 0.025500 0.023980
2 0.862812 0.953372 0.015750 0.011990
2 0.033438 0.955454 0.006750 0.016986
2 0.742812 0.953789 0.018750 0.014988
2 0.421875 0.970025 0.112500 0.059950
2 0.040000 0.967527 0.030000 0.047960
2 0.432188 0.954205 0.009750 0.017985
2 0.026875 0.951707 0.007500 0.011990
2 0.252500 0.951291 0.016500 0.016986
2 0.237500 0.950458 0.012000 0.014988
2 0.014063 0.954205 0.020250 0.023980
2 0.421250 0.950458 0.016500 0.016986
2 0.335313 0.953789 0.017250 0.024979
2 0.226875 0.948793 0.010500 0.012989
2 0.076875 0.950874 0.015000 0.017985
2 0.708750 0.965529 0.081000 0.068943
2 0.656563 0.952123 0.033750 0.022981
2 0.561250 0.951707 0.015000 0.021982
2 0.447500 0.953372 0.025500 0.025978
2 0.211875 0.953372 0.031500 0.025978
2 0.873750 0.947127 0.007500 0.014988
2 0.628125 0.955454 0.021000 0.034971
2 0.329375 0.946711 0.007500 0.013988
2 0.124375 0.954621 0.028500 0.032973
2 0.054375 0.948376 0.010500 0.017985
2 0.987500 0.946295 0.015000 0.014988
2 0.144375 0.947544 0.024000 0.017985
2 0.794063 0.960866 0.021750 0.051957
2 0.242812 0.945046 0.014250 0.013988
2 0.733750 0.941715 0.007500 0.007993
2 0.537188 0.944213 0.008250 0.013988
2 0.921562 0.942964 0.005250 0.012989
2 0.189375 0.944213 0.009000 0.015987
2 0.215625 0.941715 0.009000 0.011990
2 0.944063 0.945046 0.012750 0.021982
2 0.571562 0.946295 0.011250 0.026978
2 0.500313 0.943797 0.015750 0.020983
2 0.121250 0.940050 0.022500 0.013988
2 0.069375 0.943381 0.019500 0.023980
2 0.224062 0.937136 0.011250 0.010991
2 0.956875 0.949625 0.025500 0.042964
2 0.970313 0.941299 0.014250 0.024979
2 0.146875 0.937136 0.018000 0.014988
2 0.900000 0.942964 0.024000 0.030974
2 0.730625 0.934638 0.019500 0.010991
2 0.285313 0.932973 0.018750 0.010991
2 0.095937 0.940050 0.024750 0.027977
2 0.767813 0.949625 0.036750 0.052956
2 0.645625 0.955454 0.040500 0.066944
2 0.111562 0.933389 0.009750 0.013988
2 0.067812 0.931307 0.011250 0.008993
2 0.059687 0.932556 0.008250 0.011990
2 0.833125 0.930058 0.013500 0.007993
2 0.205000 0.935054 0.022500 0.023980
2 0.122813 0.930475 0.012750 0.012989
2 0.828125 0.945462 0.045000 0.050958
2 0.642813 0.928393 0.009750 0.009992
2 0.017188 0.933389 0.030750 0.021982
2 0.269688 0.932556 0.015750 0.021982
2 0.935625 0.933805 0.009000 0.026978
2 0.754687 0.938385 0.018750 0.037968
2 0.662500 0.928393 0.010500 0.013988
2 0.340938 0.947960 0.090750 0.060949
2 0.355625 0.929226 0.015000 0.015987
2 0.523438 0.929642 0.009750 0.018984
2 0.390000 0.935887 0.034500 0.033972
2 0.244375 0.932556 0.016500 0.025978
2 0.813438 0.927560 0.020250 0.017985
2 0.498437 0.926728 0.009750 0.015987
2 0.405313 0.933389 0.024750 0.031973
2 0.161250 0.925062 0.009000 0.011990
2 0.965000 0.924230 0.013500 0.011990
2 0.863125 0.936303 0.040500 0.042964
2 0.668750 0.929226 0.025500 0.025978
2 0.890312 0.922148 0.006750 0.012989
2 0.705313 0.932973 0.023250 0.038968
2 0.977812 0.929642 0.009750 0.032973
2 0.920625 0.925062 0.016500 0.021982
2 0.737500 0.922565 0.015000 0.015987
2 0.424063 0.930891 0.050250 0.035970
2 0.356250 0.920067 0.012000 0.009992
2 0.694688 0.925062 0.008250 0.025978
2 0.391250 0.916736 0.013500 0.005995
2 0.608750 0.917985 0.012000 0.010991
2 0.102500 0.918401 0.007500 0.011990
2 0.635625 0.916736 0.010500 0.009992
2 0.205625 0.917569 0.012000 0.011990
2 0.900000 0.920067 0.012000 0.019983
2 0.927188 0.921316 0.012750 0.024979
2 0.655000 0.926728 0.016500 0.037968
2 0.188750 0.917569 0.009000 0.015987
2 0.719375 0.917985 0.013500 0.018984
2 0.148438 0.915903 0.015750 0.013988
2 0.049688 0.915487 0.006750 0.012989
2 0.846250 0.917569 0.010500 0.019983
2 0.229687 0.920067 0.024750 0.025978
2 0.173125 0.932973 0.042000 0.056953
2 0.855000 0.914238 0.009000 0.013988
2 0.197187 0.921316 0.009750 0.030974
2 0.035312 0.926311 0.027750 0.044963
2 0.871250 0.912157 0.012000 0.012989
2 0.993437 0.917152 0.012750 0.026978
2 0.939375 0.914654 0.012000 0.020983
2 0.892500 0.910908 0.007500 0.011990
2 0.554063 0.937136 0.056250 0.074938
2 0.072500 0.909242 0.009000 0.009992
2 0.057500 0.910908 0.010500 0.013988
2 0.883125 0.913405 0.013500 0.021982
2 0.134687 0.908410 0.011250 0.009992
2 0.820625 0.913405 0.015000 0.023980
2 0.519687 0.908410 0.011250 0.011990
2 0.644062 0.911740 0.009750 0.021982
2 0.470625 0.926728 0.064500 0.057952
2 0.217500 0.907993 0.016500 0.012989
2 0.833438 0.908826 0.011250 0.016986
2 0.682187 0.908410 0.006750 0.015987
2 0.669063 0.921732 0.054750 0.047960
2 0.845000 0.904246 0.012000 0.007993
2 0.340938 0.907577 0.012750 0.015987
2 0.126250 0.908410 0.012000 0.017985
2 0.007875 0.910908 0.015750 0.023980
2 0.987187 0.907993 0.012750 0.018984
2 0.572812 0.906328 0.009750 0.016986
2 0.551250 0.901749 0.015000 0.009992
2 0.150312 0.904246 0.020250 0.017985
2 0.064375 0.903414 0.013500 0.015987
2 0.944688 0.907161 0.027750 0.026978
2 0.791562 0.916320 0.029250 0.048959
2 0.177813 0.904246 0.009750 0.019983
2 0.112812 0.900916 0.011250 0.013988
2 0.973125 0.902165 0.009000 0.018984
2 0.730938 0.901332 0.008250 0.018984
2 0.049375 0.905495 0.016500 0.030974
2 0.712500 0.899667 0.010500 0.018984
2 0.514062 0.897169 0.008250 0.012989
2 0.818125 0.896336 0.012000 0.012989
2 0.685000 0.895920 0.022500 0.011990
2 0.122813 0.900083 0.012750 0.021982
2 0.696562 0.903414 0.026250 0.031973
2 0.364687 0.905495 0.038250 0.036969
2 0.951250 0.898002 0.010500 0.020983
2 0.925625 0.899251 0.021000 0.025978
2 0.757812 0.905495 0.056250 0.040966
2 0.657813 0.895920 0.014250 0.017985
2 0.244062 0.893422 0.011250 0.011990
2 0.837187 0.892590 0.008250 0.011990
2 0.674375 0.894255 0.009000 0.015987
2 0.071563 0.891757 0.008250 0.009992
2 0.912813 0.891757 0.008250 0.011990
2 0.141250 0.893838 0.016500 0.016986
2 0.808125 0.902165 0.013500 0.038968
2 0.881875 0.890508 0.015000 0.014988
2 0.258437 0.894671 0.011250 0.024979
2 0.100937 0.889259 0.014250 0.011990
2 0.041250 0.890924 0.010500 0.015987
2 0.016250 0.890508 0.012000 0.014988
2 0.826875 0.888843 0.012000 0.012989
2 0.650000 0.893006 0.012000 0.022981
2 0.569063 0.890092 0.012750 0.015987
2 0.432188 0.906744 0.075750 0.055953
2 0.348750 0.895087 0.019500 0.027977
2 0.086250 0.893006 0.016500 0.022981
2 0.940312 0.885928 0.011250 0.007993
2 0.161875 0.891757 0.010500 0.021982
2 0.799687 0.889259 0.009750 0.017985
2 0.559063 0.895087 0.018750 0.031973
2 0.134687 0.887177 0.008250 0.012989
2 0.977187 0.885096 0.012750 0.009992
2 0.632188 0.885928 0.014250 0.011990
2 0.514062 0.884679 0.008250 0.010991
2 0.462813 0.890508 0.012750 0.024979
2 0.230313 0.887594 0.011250 0.017985
2 0.957187 0.894255 0.024750 0.035970
2 0.908125 0.881349 0.010500 0.008993
2 0.785000 0.880933 0.010500 0.007993
2 0.609062 0.918818 0.084750 0.098918
2 0.928750 0.882598 0.015000 0.013988
2 0.528750 0.894255 0.025500 0.043963
2 0.440625 0.880933 0.018000 0.013988
2 0.892813 0.884263 0.023250 0.023980
2 0.498437 0.879267 0.008250 0.011990
2 0.048438 0.881349 0.017250 0.018984
2 0.990313 0.881349 0.012750 0.020983
2 0.675625 0.875937 0.010500 0.009992
2 0.251563 0.882182 0.021750 0.024979
2 0.087188 0.876769 0.011250 0.011990
2 0.623437 0.876353 0.011250 0.012989
2 0.411250 0.877186 0.007500 0.014988
2 0.404062 0.876353 0.006750 0.012989
2 0.358125 0.884679 0.027000 0.032973
2 0.864688 0.888010 0.036750 0.042964
2 0.968437 0.875937 0.014250 0.015987
2 0.805625 0.878018 0.019500 0.020983
2 0.771250 0.882598 0.018000 0.031973
2 0.724063 0.884679 0.018750 0.036969
2 0.915625 0.875520 0.024000 0.016986
2 0.859062 0.874688 0.015750 0.014988
2 0.423438 0.884263 0.020250 0.039967
2 0.978750 0.873439 0.009000 0.015987
2 0.936875 0.873439 0.013500 0.015987
2 0.301250 0.873022 0.009000 0.014988
2 0.819688 0.873439 0.018750 0.019983
2 0.614062 0.870525 0.011250 0.012989
2 0.180312 0.871357 0.014250 0.014988
2 0.038125 0.869276 0.012000 0.009992
2 0.645938 0.873022 0.015750 0.020983
2 0.667188 0.877186 0.015750 0.032973
2 0.994375 0.866778 0.009000 0.009992
2 0.894687 0.868027 0.006750 0.012989
2 0.194375 0.871774 0.021000 0.021982
2 0.835000 0.873022 0.019500 0.028976
2 0.092500 0.870525 0.019500 0.022981
2 0.950313 0.866361 0.006750 0.014988
2 0.845313 0.870108 0.018750 0.023980
2 0.745938 0.878018 0.054750 0.044963
2 0.500000 0.864696 0.009000 0.012989
2 0.160625 0.881349 0.109500 0.052956
2 0.061562 0.864280 0.009750 0.011990
2 0.028125 0.865945 0.015000 0.015987
2 0.749687 0.865112 0.011250 0.015987
2 0.471250 0.861366 0.007500 0.010991
2 0.408750 0.863031 0.018000 0.014988
2 0.005250 0.861366 0.010500 0.012989
2 0.955625 0.858868 0.009000 0.010991
2 0.943125 0.861366 0.006000 0.016986
2 0.965938 0.862198 0.011250 0.022981
2 0.882812 0.862614 0.018750 0.023980
2 0.868125 0.859284 0.012000 0.015987
2 0.594063 0.868027 0.032250 0.036969
2 0.908125 0.856786 0.012000 0.011990
2 0.805937 0.861782 0.027750 0.025978
2 0.638437 0.864696 0.026250 0.032973
2 0.152500 0.859284 0.010500 0.019983
2 0.674687 0.856786 0.008250 0.015987
2 0.543750 0.877602 0.037500 0.067943
2 0.033750 0.854704 0.012000 0.012989
2 0.836562 0.854288 0.008250 0.013988
2 0.618750 0.856786 0.024000 0.019983
2 0.453125 0.868027 0.016500 0.046961
2 0.173125 0.860949 0.037500 0.029975
2 0.458750 0.855953 0.012000 0.019983
2 0.991250 0.855537 0.013500 0.022981
2 0.892500 0.851790 0.015000 0.013988
2 0.175000 0.849709 0.016500 0.008993
2 0.591250 0.853455 0.010500 0.019983
2 0.743125 0.850541 0.006000 0.014988
2 0.510312 0.911574 0.062250 0.176853
2 0.015625 0.856370 0.027000 0.028976
2 0.869375 0.848043 0.012000 0.010991
2 0.790000 0.859284 0.030000 0.039967
2 0.659375 0.855121 0.027000 0.031973
2 0.635312 0.850958 0.012750 0.021982
2 0.219688 0.865945 0.053250 0.057952
2 0.297187 0.849709 0.017250 0.024979
2 0.972187 0.858868 0.036750 0.048959
2 0.800625 0.845545 0.012000 0.016986
2 0.693750 0.865112 0.046500 0.063947
2 0.862812 0.844713 0.017250 0.016986
2 0.853750 0.851374 0.009000 0.032973
2 0.609375 0.851374 0.027000 0.032973
2 0.527188 0.840550 0.009750 0.006994
2 0.829375 0.850541 0.015000 0.034971
2 0.546250 0.851374 0.033000 0.036969
2 0.517813 0.838884 0.006750 0.010991
2 0.362500 0.843047 0.024000 0.020983
2 0.762188 0.850958 0.035250 0.041965
2 0.754375 0.839301 0.007500 0.015987
2 0.101562 0.841382 0.024750 0.020983
2 0.977812 0.838468 0.005250 0.015987
2 0.124688 0.839717 0.011250 0.020983
2 0.110000 0.836803 0.016500 0.015987
2 0.965000 0.834305 0.012000 0.011990
2 0.220312 0.838052 0.024750 0.020983
2 0.875625 0.833472 0.012000 0.011990
2 0.597187 0.832223 0.014250 0.008993
2 0.421875 0.833056 0.009000 0.010991
2 0.084375 0.837219 0.019500 0.020983
2 0.783125 0.835137 0.030000 0.017985
2 0.299687 0.833056 0.009750 0.012989
2 0.190938 0.844296 0.035250 0.039967
2 0.841875 0.840133 0.015000 0.031973
2 0.987812 0.840966 0.012750 0.035970
2 0.252188 0.850125 0.032250 0.057952
2 0.545937 0.830558 0.012750 0.012989
2 0.634375 0.834721 0.025500 0.024979
2 0.613750 0.832639 0.019500 0.019983
2 0.505625 0.832223 0.009000 0.020983
2 0.382812 0.830974 0.015750 0.017985
2 0.466562 0.833472 0.011250 0.025978
2 0.239063 0.835137 0.015750 0.029975
2 0.848750 0.830974 0.007500 0.021982
2 0.822812 0.832639 0.014250 0.027977
2 0.369063 0.826395 0.011250 0.012989
2 0.167187 0.832639 0.021750 0.027977
2 0.912188 0.830142 0.011250 0.023980
2 0.891250 0.836386 0.027000 0.038968
2 0.283125 0.824729 0.006000 0.014988
2 0.480312 0.861366 0.056250 0.104913
2 0.199063 0.828060 0.024750 0.024979
2 0.809375 0.835554 0.028500 0.044963
2 0.181562 0.820983 0.014250 0.009992
2 0.123438 0.822648 0.014250 0.013988
2 0.660625 0.829725 0.033000 0.032973
2 0.255000 0.825146 0.019500 0.021982
2 0.043125 0.823064 0.024000 0.018984
2 0.989688 0.818485 0.009750 0.009992
2 0.805000 0.818901 0.009000 0.010991
2 0.678750 0.826811 0.033000 0.029975
2 0.926562 0.818485 0.008250 0.011990
2 0.588437 0.826811 0.032250 0.031973
2 0.013750 0.818068 0.009000 0.010991
2 0.944063 0.832639 0.018750 0.047960
2 0.660625 0.818068 0.013500 0.012989
2 0.241875 0.817652 0.015000 0.013988
2 0.385937 0.863447 0.089250 0.125895
2 0.452500 0.815570 0.012000 0.012989
2 0.713437 0.816403 0.012750 0.016986
2 0.915625 0.816819 0.016500 0.019983
2 0.892500 0.813072 0.015000 0.010991
2 0.140313 0.835970 0.030750 0.067943
2 0.160625 0.827644 0.033000 0.049958
2 0.995125 0.810575 0.009750 0.010991
2 0.501875 0.812240 0.013500 0.016986
2 0.495312 0.809326 0.009750 0.011990
2 0.196563 0.811407 0.009750 0.016986
2 0.807500 0.808909 0.021000 0.012989
2 0.185625 0.808077 0.013500 0.012989
2 0.005625 0.809326 0.011250 0.017985
2 0.934688 0.814321 0.021750 0.031973
2 0.767813 0.805995 0.009750 0.011990
2 0.782500 0.815154 0.036000 0.035970
2 0.218750 0.818068 0.033000 0.042964
2 0.955313 0.808909 0.018750 0.022981
2 0.667188 0.807244 0.018750 0.018984
2 0.648750 0.812240 0.024000 0.030974
2 0.877812 0.809742 0.012750 0.028976
2 0.381563 0.810158 0.027750 0.029975
2 0.570625 0.806828 0.013500 0.023980
2 0.107500 0.813072 0.025500 0.038968
2 0.075000 0.818485 0.054000 0.053955
2 0.540312 0.800583 0.009750 0.012989
2 0.291563 0.802248 0.011250 0.016986
2 0.247812 0.799334 0.012750 0.009992
2 0.608750 0.809326 0.015000 0.035970
2 0.599375 0.805162 0.021000 0.025978
2 0.346562 0.800999 0.023250 0.017985
2 0.128438 0.805995 0.018750 0.029975
2 0.736563 0.799750 0.011250 0.016986
2 0.202813 0.798085 0.009750 0.012989
2 0.866563 0.798501 0.009750 0.015987
2 0.477812 0.800999 0.011250 0.021982
2 0.183438 0.796420 0.012750 0.010991
2 0.559063 0.796420 0.011250 0.012989
2 0.983125 0.798918 0.010500 0.020983
2 0.489063 0.799750 0.017250 0.022981
2 0.158750 0.793922 0.009000 0.010991
2 0.520312 0.796420 0.009750 0.018984
2 0.108125 0.792673 0.007500 0.009992
2 0.938438 0.793922 0.008250 0.014988
2 0.918438 0.798085 0.030750 0.024979
2 0.891875 0.796003 0.007500 0.019983
2 0.546250 0.837219 0.091500 0.120899
2 0.448125 0.829309 0.096000 0.103913
2 0.841562 0.804330 0.053250 0.045962
2 0.677813 0.801415 0.023250 0.040966
2 0.977500 0.791007 0.015000 0.019983
2 0.188438 0.788926 0.008250 0.014988
2 0.424687 0.797669 0.033750 0.037968
2 0.383437 0.790175 0.014250 0.019983
2 0.281250 0.794754 0.010500 0.030974
2 0.661250 0.787677 0.015000 0.015987
2 0.545000 0.788510 0.022500 0.019983
2 0.036000 0.800583 0.072000 0.048959
2 0.878437 0.788510 0.015750 0.023980
2 0.987812 0.782681 0.015750 0.013988
2 0.515312 0.783514 0.011250 0.015987
2 0.934063 0.779767 0.012750 0.010991
2 0.777500 0.800583 0.046500 0.060949
2 0.126562 0.791840 0.032250 0.039967
2 0.663125 0.779351 0.013500 0.011990
2 0.165313 0.792256 0.042750 0.042964
2 0.851562 0.788093 0.029250 0.034971
2 0.508125 0.785595 0.013500 0.030974
2 0.957500 0.784763 0.010500 0.030974
2 0.342187 0.781016 0.026250 0.021982
2 0.006375 0.775604 0.012750 0.008993
2 0.739688 0.783514 0.024750 0.029975
2 0.550625 0.775604 0.009000 0.010991
2 0.982187 0.773522 0.011250 0.007993
2 0.844375 0.777269 0.007500 0.016986
2 0.776563 0.776436 0.006750 0.014988
2 0.542188 0.774355 0.008250 0.009992
2 0.168437 0.773938 0.006750 0.010991
2 0.150000 0.778102 0.015000 0.020983
2 0.433437 0.776436 0.017250 0.018984
2 0.530000 0.776020 0.018000 0.019983
2 0.866875 0.773106 0.010500 0.014988
2 0.613437 0.772273 0.011250 0.012989
2 0.095312 0.786428 0.056250 0.046961
2 0.825313 0.781848 0.018750 0.037968
2 0.364687 0.795171 0.038250 0.069942
2 0.065625 0.783097 0.022500 0.040966
2 0.948438 0.773522 0.015750 0.019983
2 0.876563 0.775604 0.009750 0.024979
2 0.344062 0.772689 0.011250 0.017985
2 0.668438 0.769775 0.017250 0.016986
2 0.381875 0.770608 0.012000 0.018984
2 0.897188 0.772689 0.015750 0.025978
2 0.850625 0.767694 0.007500 0.013988
2 0.178437 0.768526 0.008250 0.015987
2 0.960000 0.769359 0.022500 0.019983
2 0.835625 0.765196 0.013500 0.015987
2 0.814375 0.762698 0.012000 0.009992
2 0.991875 0.763114 0.013500 0.014988
2 0.451875 0.777685 0.037500 0.049958
2 0.781250 0.765612 0.031500 0.022981
2 0.922188 0.761032 0.009750 0.013988
2 0.137187 0.782265 0.029250 0.064946
2 0.729062 0.759367 0.012750 0.011990
2 0.529687 0.762698 0.027750 0.019983
2 0.366563 0.766028 0.021750 0.027977
2 0.303438 0.837635 0.123750 0.199833
2 0.161562 0.769775 0.011250 0.038968
2 0.805625 0.771857 0.025500 0.047960
2 0.686875 0.761032 0.013500 0.023980
2 0.985000 0.753955 0.010500 0.008993
2 0.635312 0.765612 0.036750 0.036969
2 0.267188 0.767277 0.018750 0.040966
2 0.239687 0.755620 0.006750 0.012989
2 0.189688 0.761032 0.021750 0.025978
2 0.146563 0.763530 0.012750 0.031973
2 0.786563 0.754371 0.024750 0.015987
2 0.606250 0.787677 0.123000 0.097918
2 0.068437 0.754788 0.012750 0.020983
2 0.929063 0.755204 0.011250 0.023980
2 0.380625 0.754788 0.013500 0.022981
2 0.007500 0.751041 0.010500 0.013988
2 0.873125 0.756869 0.037500 0.029975
2 0.855625 0.750624 0.015000 0.014988
2 0.937500 0.753122 0.013500 0.022981
2 0.459062 0.754788 0.011250 0.026978
2 0.188125 0.748127 0.007500 0.010991
2 0.528438 0.749376 0.015750 0.015987
2 0.208125 0.761032 0.024000 0.045962
2 0.833750 0.751457 0.022500 0.024979
2 0.717812 0.805579 0.096750 0.154871
2 0.562500 0.748543 0.019500 0.017985
2 0.514062 0.758118 0.021750 0.042964
2 0.090938 0.760616 0.036750 0.048959
2 0.661563 0.753539 0.053250 0.033972
2 0.541875 0.751457 0.015000 0.028976
2 0.807500 0.747710 0.012000 0.021982
2 0.218750 0.745629 0.007500 0.016986
2 0.821875 0.746045 0.024000 0.019983
2 0.622188 0.749792 0.035250 0.034971
2 0.886250 0.738968 0.021000 0.010991
2 0.480938 0.763114 0.041250 0.068943
2 0.545000 0.738135 0.013500 0.010991
2 0.652813 0.738135 0.009750 0.012989
2 0.610000 0.739384 0.009000 0.015987
2 0.345938 0.740633 0.015750 0.020983
2 0.845000 0.738551 0.018000 0.019983
2 0.660937 0.740216 0.009750 0.025978
2 0.617812 0.734804 0.008250 0.012989
2 0.644375 0.734388 0.010500 0.013988
2 0.335313 0.731890 0.008250 0.007993
2 0.871250 0.738135 0.016500 0.024979
2 0.459375 0.736053 0.019500 0.019983
2 0.291563 0.735221 0.021750 0.017985
2 0.733750 0.740633 0.022500 0.032973
2 0.688125 0.732723 0.009000 0.013988
2 0.605625 0.731474 0.009000 0.010991
2 0.412500 0.767694 0.060000 0.103913
2 0.386875 0.738968 0.039000 0.034971
2 0.522813 0.730225 0.006750 0.015987
2 0.067812 0.729392 0.009750 0.013988
2 0.821250 0.728143 0.010500 0.012989
2 0.314063 0.726478 0.011250 0.008993
2 0.068125 0.737302 0.027000 0.034971
2 0.920000 0.752706 0.046500 0.073938
2 0.859375 0.730225 0.022500 0.019983
2 0.201875 0.735637 0.021000 0.032973
2 0.706562 0.735221 0.030750 0.033972
2 0.951875 0.741465 0.022500 0.050958
2 0.835313 0.728143 0.011250 0.018984
2 0.588437 0.731890 0.015750 0.027977
2 0.327500 0.724396 0.012000 0.009992
2 0.960938 0.723980 0.011250 0.010991
2 0.043125 0.766028 0.086250 0.111907
2 0.528438 0.730225 0.012750 0.031973
2 0.359063 0.739800 0.045750 0.054954
2 0.275938 0.720233 0.009750 0.007993
2 0.992188 0.726894 0.011250 0.025978
2 0.292187 0.723564 0.027750 0.017985
2 0.674687 0.729392 0.023250 0.033972
2 0.443750 0.737302 0.027000 0.052956
2 0.332500 0.718984 0.010500 0.008993
2 0.596562 0.724813 0.023250 0.024979
2 0.537188 0.726062 0.014250 0.027977
2 0.364687 0.720649 0.012750 0.014988
2 0.215312 0.719817 0.009750 0.012989
2 0.764375 0.716903 0.009000 0.007993
2 0.170000 0.735637 0.034500 0.052956
2 0.847812 0.718568 0.012750 0.015987
2 0.660000 0.716486 0.012000 0.010991
2 0.563750 0.730225 0.051000 0.043963
2 0.006000 0.724813 0.012000 0.030974
2 0.130625 0.738135 0.078000 0.066944
2 0.918438 0.718984 0.017250 0.022981
2 0.860938 0.716070 0.015750 0.015987
2 0.517188 0.716903 0.018750 0.017985
2 0.305937 0.715654 0.006750 0.014988
2 0.893750 0.717319 0.025500 0.020983
2 0.884375 0.721066 0.019500 0.029975
2 0.122188 0.711490 0.012750 0.008993
2 0.086563 0.722731 0.020250 0.035970
2 0.545312 0.711490 0.009750 0.012989
2 0.094375 0.711907 0.009000 0.013988
2 0.145000 0.710241 0.015000 0.011990
2 0.748125 0.707327 0.012000 0.006994
2 0.432500 0.711074 0.018000 0.015987
2 0.299687 0.711490 0.020250 0.016986
2 0.994062 0.708576 0.011250 0.011990
2 0.507188 0.708993 0.006750 0.012989
2 0.968437 0.712739 0.024750 0.023980
2 0.478438 0.726478 0.032250 0.056953
2 0.905312 0.711907 0.014250 0.025978
2 0.835313 0.710241 0.009750 0.021982
2 0.519062 0.706078 0.020250 0.013988
2 0.109375 0.715237 0.028500 0.035970
2 0.339062 0.710658 0.059250 0.026978
2 0.827187 0.710241 0.009750 0.027977
2 0.603750 0.712739 0.030000 0.033972
2 0.983750 0.702331 0.012000 0.012989
2 0.687813 0.706078 0.026250 0.021982
2 0.372188 0.705246 0.017250 0.021982
2 0.945000 0.702331 0.009000 0.016986
2 0.659687 0.705246 0.038250 0.023980
2 0.936250 0.699001 0.007500 0.010991
2 0.894375 0.701082 0.013500 0.015987
2 0.881875 0.700666 0.009000 0.014988
2 0.805000 0.722315 0.037500 0.068943
2 0.534062 0.704829 0.017250 0.026978
2 0.577812 0.710658 0.030750 0.044963
2 0.424063 0.709825 0.015750 0.046961
2 0.360312 0.696503 0.015750 0.014988
2 0.630313 0.708993 0.036750 0.048959
2 0.513437 0.695670 0.017250 0.016986
2 0.400938 0.710658 0.050250 0.052956
2 0.136250 0.702331 0.015000 0.032973
2 0.696875 0.691923 0.009000 0.009992
2 0.678750 0.695670 0.016500 0.018984
2 0.103750 0.694421 0.024000 0.015987
2 0.061562 0.694005 0.006750 0.016986
2 0.867500 0.696087 0.028500 0.023980
2 0.071875 0.698168 0.022500 0.028976
2 0.505625 0.713988 0.030000 0.068943
2 0.522500 0.690258 0.007500 0.013988
2 0.838125 0.690674 0.006000 0.016986
2 0.825937 0.691923 0.018750 0.019983
2 0.341562 0.693589 0.024750 0.023980
2 0.994000 0.691923 0.012000 0.021982
2 0.655625 0.689842 0.007500 0.016986
2 0.855000 0.685262 0.012000 0.011990
2 0.405313 0.684846 0.006750 0.012989
2 0.756250 0.693589 0.019500 0.037968
2 0.003375 0.685679 0.006750 0.018984
2 0.615000 0.683597 0.016500 0.015987
2 0.786875 0.679850 0.010500 0.008993
2 0.639375 0.681515 0.019500 0.012989
2 0.200625 0.684846 0.021000 0.020983
2 0.975313 0.699833 0.030750 0.058951
2 0.884062 0.683597 0.011250 0.019983
2 0.862187 0.680266 0.005250 0.011990
2 0.844063 0.689009 0.009750 0.032973
2 0.835313 0.678601 0.012750 0.007993
2 0.665000 0.681515 0.021000 0.016986
2 0.124375 0.689842 0.028500 0.036969
2 0.550000 0.689009 0.028500 0.036969
2 0.388125 0.693589 0.031500 0.047960
2 0.369688 0.684013 0.017250 0.024979
2 0.106563 0.680683 0.012750 0.016986
2 0.746563 0.679017 0.017250 0.016986
2 0.196250 0.676103 0.016500 0.011990
2 0.097812 0.677769 0.006750 0.015987
2 0.907813 0.679850 0.011250 0.022981
2 0.078437 0.699001 0.039750 0.068943
2 0.871563 0.676936 0.014250 0.017985
2 0.264375 0.679017 0.019500 0.022981
2 0.937500 0.676520 0.027000 0.018984
2 0.491250 0.689009 0.036000 0.050958
2 0.566250 0.685679 0.013500 0.044963
2 0.588437 0.688593 0.044250 0.053955
2 0.951250 0.674854 0.007500 0.022981
2 0.039000 0.703997 0.078000 0.092923
2 0.981563 0.670275 0.006750 0.013988
2 0.289062 0.675271 0.014250 0.025978
2 0.896563 0.675687 0.018750 0.030974
2 0.853750 0.669858 0.009000 0.016986
2 0.588750 0.671940 0.016500 0.021982
2 0.017188 0.670691 0.006750 0.018984
2 0.835938 0.666528 0.009750 0.012989
2 0.343750 0.674438 0.018000 0.031973
2 0.870938 0.664446 0.012750 0.009992
2 0.027187 0.669026 0.014250 0.020983
2 0.090313 0.664446 0.014250 0.011990
2 0.686875 0.669858 0.033000 0.028976
2 0.609688 0.661948 0.012750 0.009992
2 0.576875 0.665279 0.018000 0.017985
2 0.546250 0.670691 0.010500 0.030974
2 0.996250 0.662781 0.007500 0.013988
2 0.219062 0.737719 0.104250 0.193838
2 0.880313 0.661532 0.008250 0.012989
2 0.860625 0.664863 0.007500 0.020983
2 0.312500 0.661948 0.006000 0.015987
2 0.076875 0.670275 0.021000 0.035970
2 0.009750 0.672356 0.019500 0.040966
2 0.421563 0.682348 0.065250 0.066944
2 0.960625 0.676103 0.018000 0.053955
2 0.037812 0.659034 0.009750 0.012989
2 0.358438 0.671940 0.035250 0.045962
2 0.063437 0.661948 0.011250 0.021982
2 0.672188 0.655704 0.009750 0.008993
2 0.943125 0.655287 0.012000 0.011990
2 0.705937 0.654871 0.024750 0.010991
2 0.440625 0.670691 0.016500 0.048959
2 0.315625 0.678185 0.048000 0.066944
2 0.627500 0.664030 0.034500 0.036969
2 0.864375 0.653206 0.010500 0.014988
2 0.822187 0.653206 0.011250 0.014988
2 0.082187 0.652789 0.012750 0.013988
2 0.070312 0.649459 0.014250 0.007993
2 0.525937 0.669442 0.039750 0.057952
2 0.295000 0.731057 0.138000 0.205828
2 0.989375 0.651957 0.013500 0.017985
2 0.915000 0.671107 0.057000 0.067943
2 0.847500 0.658201 0.018000 0.036969
2 0.230937 0.651540 0.017250 0.020983
2 0.421563 0.644879 0.012750 0.006994
2 0.825000 0.644879 0.010500 0.010991
2 0.925625 0.654038 0.025500 0.034971
2 0.173750 0.651957 0.019500 0.029975
2 0.874687 0.644879 0.008250 0.014988
2 0.031250 0.646128 0.012000 0.017985
2 0.681875 0.641549 0.013500 0.010991
2 0.945937 0.646128 0.021750 0.023980
2 0.813438 0.666112 0.032250 0.071940
2 0.019125 0.649042 0.038250 0.030974
2 0.752188 0.721898 0.132750 0.207827
2 0.856250 0.639883 0.009000 0.012989
2 0.473125 0.637386 0.010500 0.006994
2 0.469062 0.641132 0.014250 0.015987
2 0.992812 0.638634 0.006750 0.011990
2 0.505625 0.643630 0.013500 0.023980
2 0.837187 0.646545 0.018750 0.032973
2 0.593125 0.647377 0.022500 0.034971
2 0.191562 0.637802 0.026250 0.011990
2 0.818125 0.638218 0.012000 0.014988
2 0.417187 0.635720 0.011250 0.008993
2 0.307500 0.641965 0.027000 0.023980
2 0.666875 0.639883 0.016500 0.020983
2 0.224375 0.641965 0.013500 0.025978
2 0.392500 0.656953 0.042000 0.063947
2 0.959375 0.637386 0.010500 0.018984
2 0.562187 0.648210 0.060750 0.044963
2 0.778125 0.638634 0.007500 0.023980
2 0.493750 0.637802 0.019500 0.023980
2 0.370000 0.642798 0.018000 0.037968
2 0.915625 0.632390 0.009000 0.014988
2 0.833438 0.635720 0.011250 0.022981
2 0.770312 0.635720 0.009750 0.022981
2 0.673750 0.630308 0.010500 0.009992
2 0.704063 0.629475 0.006750 0.009992
2 0.404687 0.634888 0.017250 0.022981
2 0.980000 0.633222 0.018000 0.022981
2 0.859062 0.627810 0.011250 0.011990
2 0.561875 0.627810 0.012000 0.011990
2 0.904062 0.631973 0.020250 0.023980
2 0.376563 0.630308 0.011250 0.021982
2 0.289687 0.638218 0.027750 0.040966
2 0.788750 0.626561 0.009000 0.014988
2 0.386562 0.629059 0.006750 0.020983
2 0.196875 0.650708 0.061500 0.074938
2 0.048125 0.644463 0.034500 0.059950
2 0.840313 0.623231 0.012750 0.010991
2 0.167500 0.621982 0.010500 0.007993
2 0.367188 0.624063 0.014250 0.014988
2 0.172500 0.633222 0.040500 0.036969
2 0.992188 0.621565 0.014250 0.010991
2 0.529375 0.635304 0.052500 0.043963
2 0.328750 0.643214 0.031500 0.062948
2 0.445312 0.621565 0.017250 0.012989
2 0.128125 0.621149 0.016500 0.011990
2 0.878125 0.623647 0.012000 0.019983
2 0.498437 0.624896 0.009750 0.022981
2 0.315937 0.621982 0.008250 0.015987
2 0.070312 0.631557 0.045750 0.038968
2 0.847500 0.624063 0.015000 0.022981
2 0.281250 0.619900 0.010500 0.012989
2 0.472500 0.668609 0.106500 0.131890
2 0.248125 0.645296 0.060000 0.075937
2 0.892813 0.619484 0.018750 0.015987
2 0.829688 0.623647 0.014250 0.025978
2 0.487187 0.620733 0.020250 0.018984
2 0.605938 0.622398 0.012750 0.024979
2 0.229375 0.615737 0.009000 0.008993
2 0.151875 0.672356 0.153000 0.144879
2 0.242812 0.617818 0.006750 0.015987
2 0.067187 0.615321 0.009750 0.009992
2 0.199687 0.616986 0.005250 0.015987
2 0.090938 0.617818 0.026250 0.017985
2 0.019375 0.613239 0.009000 0.006994
2 0.711875 0.614904 0.012000 0.012989
2 0.561875 0.617818 0.025500 0.019983
2 0.531250 0.615321 0.010500 0.013988
2 0.346875 0.614072 0.007500 0.010991
2 0.913438 0.614488 0.017250 0.013988
2 0.925000 0.611990 0.007500 0.009992
2 0.931250 0.613655 0.006000 0.015987
2 0.788750 0.617402 0.024000 0.024979
2 0.338438 0.616570 0.014250 0.022981
2 0.862187 0.610741 0.012750 0.010991
2 0.576250 0.614072 0.013500 0.018984
2 0.324375 0.609908 0.010500 0.010991
2 0.964688 0.619900 0.011250 0.036969
2 0.984375 0.609908 0.015000 0.014988
2 0.975938 0.613655 0.018750 0.023980
2 0.592812 0.618651 0.026250 0.035970
2 0.821875 0.611574 0.007500 0.020983
2 0.809063 0.619067 0.030750 0.038968
2 0.894375 0.606994 0.012000 0.013988
2 0.734062 0.634471 0.080250 0.083930
2 0.406562 0.611574 0.017250 0.028976
2 0.124688 0.607410 0.020250 0.018984
2 0.022875 0.618235 0.045750 0.046961
2 0.473438 0.602831 0.011250 0.011990
2 0.287813 0.610325 0.017250 0.029975
2 0.915000 0.603247 0.009000 0.014988
2 0.766250 0.613655 0.031500 0.041965
2 0.676875 0.608659 0.025500 0.029975
2 0.845938 0.604080 0.008250 0.020983
2 0.252188 0.600333 0.009750 0.011990
2 0.660000 0.599917 0.010500 0.012989
2 0.563125 0.601582 0.013500 0.016986
2 0.277500 0.599917 0.012000 0.012989
2 0.641250 0.639467 0.093000 0.109908
2 0.193125 0.607410 0.052500 0.032973
2 0.380312 0.606162 0.030750 0.031973
2 0.081562 0.602831 0.027750 0.025978
2 0.016563 0.599917 0.018750 0.020983
2 0.669063 0.596170 0.006750 0.013988
2 0.722812 0.601582 0.027750 0.028976
2 0.468125 0.594505 0.009000 0.011990
2 0.305000 0.614072 0.028500 0.058951
2 0.122188 0.594921 0.008250 0.012989
2 0.065312 0.601998 0.030750 0.029975
2 0.951875 0.592839 0.015000 0.009992
2 0.941562 0.612823 0.021750 0.057952
2 0.865313 0.596586 0.008250 0.018984
2 0.690000 0.629475 0.033000 0.097918
2 0.513437 0.593256 0.012750 0.010991
2 0.462813 0.607827 0.026250 0.045962
2 0.208125 0.591590 0.007500 0.010991
2 0.807500 0.594921 0.030000 0.020983
2 0.850313 0.591174 0.011250 0.015987
2 0.924687 0.592839 0.011250 0.021982
2 0.873125 0.591590 0.010500 0.018984
2 0.652188 0.591590 0.012750 0.018984
2 0.580937 0.595754 0.026250 0.028976
2 0.226562 0.588260 0.011250 0.010991
2 0.156875 0.600333 0.055500 0.039967
2 0.110625 0.603247 0.021000 0.046961
2 0.832187 0.599500 0.027750 0.039967
2 0.542500 0.592839 0.033000 0.023980
2 0.991000 0.593256 0.018000 0.028976
2 0.855000 0.586178 0.007500 0.011990
2 0.277500 0.587843 0.027000 0.015987
2 0.243438 0.603664 0.065250 0.053955
2 0.779375 0.588260 0.016500 0.018984
2 0.559688 0.585346 0.011250 0.013988
2 0.161875 0.583680 0.010500 0.009992
2 0.665000 0.582431 0.019500 0.014988
2 0.649687 0.580766 0.012750 0.010991
2 0.813750 0.581599 0.012000 0.014988
2 0.733750 0.596170 0.043500 0.049958
2 0.268437 0.579517 0.008250 0.009992
2 0.183438 0.582848 0.006750 0.017985
2 0.620313 0.592839 0.056250 0.045962
2 0.915000 0.583680 0.013500 0.025978
2 0.277813 0.576187 0.012750 0.009992
2 0.146563 0.580350 0.009750 0.021982
2 0.886563 0.580350 0.027750 0.025978
2 0.621563 0.577435 0.018750 0.018984
2 0.409375 0.586595 0.058500 0.040966
2 0.823438 0.576603 0.008250 0.018984
2 0.790625 0.589509 0.027000 0.049958
2 0.343125 0.574105 0.013500 0.012989
2 0.171250 0.574938 0.018000 0.014988
2 0.157812 0.576187 0.012750 0.017985
2 0.122500 0.574105 0.009000 0.012989
2 0.947812 0.582431 0.041250 0.034971
2 0.480312 0.574521 0.015750 0.015987
2 0.923125 0.574521 0.016500 0.017985
2 0.593750 0.572440 0.010500 0.012989
2 0.833125 0.571191 0.010500 0.011990
2 0.577187 0.582431 0.029250 0.038968
2 0.059687 0.583264 0.041250 0.042964
2 0.985938 0.570358 0.008250 0.015987
2 0.004125 0.571191 0.008250 0.019983
2 0.706250 0.576187 0.033000 0.033972
2 0.706875 0.568276 0.010500 0.014988
2 0.634375 0.569109 0.021000 0.016986
2 0.236875 0.574105 0.027000 0.028976
2 0.127812 0.577435 0.033750 0.036969
2 0.858437 0.570774 0.009750 0.022981
2 0.510625 0.575770 0.028500 0.034971
2 0.916250 0.565362 0.016500 0.011990
2 0.870625 0.572856 0.018000 0.029975
2 0.803125 0.565779 0.009000 0.012989
2 0.969688 0.568693 0.026250 0.021982
2 0.731250 0.568276 0.024000 0.022981
2 0.580000 0.562032 0.009000 0.009992
2 0.125000 0.561615 0.010500 0.008993
2 0.992812 0.565362 0.005250 0.019983
2 0.795312 0.563281 0.006750 0.014988
2 0.070625 0.562864 0.013500 0.015987
2 0.322500 0.559950 0.010500 0.010991
2 0.032813 0.586595 0.060750 0.074938
2 0.826875 0.562032 0.009000 0.017985
2 0.050937 0.559534 0.017250 0.013988
2 0.027500 0.558285 0.007500 0.010991
2 0.719375 0.558285 0.009000 0.012989
2 0.514062 0.559117 0.011250 0.014988
2 0.404375 0.562032 0.018000 0.021982
2 0.007125 0.558701 0.014250 0.013988
2 0.754687 0.572856 0.024750 0.049958
2 0.383437 0.558285 0.018750 0.014988
2 0.953125 0.559117 0.013500 0.018984
2 0.886563 0.562448 0.017250 0.026978
2 0.591250 0.559117 0.013500 0.018984
2 0.731250 0.554538 0.016500 0.011990
2 0.503437 0.555371 0.011250 0.013988
2 0.374375 0.574521 0.057000 0.059950
2 0.817500 0.559117 0.018000 0.024979
2 0.611875 0.561199 0.028500 0.029975
2 0.993625 0.555371 0.012750 0.017985
2 0.914062 0.554538 0.015750 0.015987
2 0.865938 0.557868 0.038250 0.023980
2 0.035937 0.552456 0.011250 0.014988
2 0.844063 0.549126 0.009750 0.008993
2 0.805000 0.553289 0.016500 0.018984
2 0.137187 0.550791 0.009750 0.012989
2 0.836250 0.556203 0.027000 0.031973
2 0.216875 0.568276 0.088500 0.064946
2 0.467813 0.585346 0.146250 0.107910
2 0.343750 0.549126 0.018000 0.020983
2 0.962187 0.545379 0.021750 0.017985
2 0.883437 0.543297 0.012750 0.012989
2 0.609375 0.544546 0.022500 0.015987
2 0.595313 0.544546 0.006750 0.015987
2 0.317500 0.595337 0.127500 0.137885
2 0.520625 0.544963 0.025500 0.022981
2 0.466875 0.539550 0.013500 0.009992
2 0.978125 0.543714 0.013500 0.021982
2 0.811250 0.537052 0.012000 0.009992
2 0.197813 0.543714 0.026250 0.029975
2 0.937187 0.539550 0.012750 0.023980
2 0.179688 0.534971 0.012750 0.012989
2 0.928438 0.533306 0.008250 0.010991
2 0.540937 0.534138 0.011250 0.012989
2 0.051250 0.540383 0.013500 0.027977
2 0.731250 0.539550 0.025500 0.027977
2 0.518437 0.536636 0.014250 0.020983
2 0.502812 0.537052 0.027750 0.021982
2 0.860625 0.539967 0.010500 0.030974
2 0.770625 0.532473 0.012000 0.012989
2 0.649062 0.531640 0.009750 0.012989
2 0.830937 0.540799 0.032250 0.038968
2 0.395625 0.541632 0.039000 0.040966
2 0.148750 0.548293 0.019500 0.056953
2 0.870313 0.534555 0.011250 0.025978
2 0.780000 0.549542 0.030000 0.061948
2 0.617500 0.527477 0.013500 0.008993
2 0.575313 0.544963 0.042750 0.050958
2 0.287187 0.533722 0.024750 0.023980
2 0.130938 0.536220 0.018750 0.029975
2 0.636250 0.543297 0.034500 0.048959
2 0.145625 0.530391 0.012000 0.017985
2 0.380625 0.529975 0.016500 0.018984
2 0.026250 0.529559 0.021000 0.019983
2 0.808438 0.525812 0.020250 0.012989
2 0.587187 0.526228 0.023250 0.013988
2 0.795937 0.531224 0.023250 0.027977
2 0.707500 0.543714 0.042000 0.057952
2 0.088438 0.563697 0.077250 0.105912
2 0.466562 0.522065 0.011250 0.007993
2 0.167187 0.545795 0.032250 0.064946
2 0.757500 0.537885 0.057000 0.047960
2 0.170625 0.523314 0.012000 0.012989
2 0.879062 0.527477 0.008250 0.024979
2 0.724688 0.521649 0.008250 0.010991
2 0.569063 0.526644 0.020250 0.022981
2 0.127500 0.524563 0.013500 0.017985
2 0.120000 0.521649 0.010500 0.010991
2 0.949063 0.525812 0.015750 0.022981
2 0.900625 0.532889 0.042000 0.039967
2 0.210938 0.522898 0.012750 0.015987
2 0.355000 0.524979 0.019500 0.022981
2 0.691250 0.520400 0.012000 0.013988
2 0.038437 0.520400 0.017250 0.013988
2 0.041875 0.530391 0.031500 0.039967
2 0.482187 0.519151 0.008250 0.014988
2 0.961875 0.525812 0.024000 0.032973
2 0.699063 0.515820 0.011250 0.010991
2 0.260625 0.542881 0.031500 0.075937
2 0.900937 0.514571 0.009750 0.011990
2 0.026250 0.515820 0.009000 0.014988
2 0.168437 0.512490 0.014250 0.008993
2 0.674687 0.530808 0.038250 0.054954
2 0.672813 0.552040 0.063750 0.105912
2 0.431875 0.518318 0.019500 0.026978
2 0.743125 0.509575 0.010500 0.007993
2 0.918750 0.509159 0.015000 0.008993
2 0.823750 0.510408 0.018000 0.011990
2 0.363125 0.530391 0.025500 0.059950
2 0.494063 0.521649 0.029250 0.040966
2 0.853750 0.507910 0.010500 0.009992
2 0.909062 0.512073 0.023250 0.023980
2 0.434375 0.512073 0.021000 0.023980
2 0.990625 0.510408 0.018750 0.021982
2 0.017250 0.527893 0.034500 0.067943
2 0.970625 0.506245 0.007500 0.017985
2 0.198437 0.513739 0.029250 0.035970
2 0.186562 0.511657 0.017250 0.030974
2 0.661563 0.502498 0.006750 0.010991
2 0.526563 0.504580 0.012750 0.015987
2 0.525625 0.512906 0.045000 0.035970
2 0.302187 0.510824 0.042750 0.034971
2 0.945000 0.504580 0.009000 0.021982
2 0.601875 0.516236 0.037500 0.049958
2 0.269062 0.516653 0.036750 0.052956
2 0.737812 0.507910 0.044250 0.033972
2 0.325625 0.504163 0.013500 0.024979
2 0.292500 0.495420 0.007500 0.009992
2 0.008625 0.501249 0.017250 0.023980
2 0.520000 0.493339 0.012000 0.006994
2 0.962812 0.495837 0.012750 0.014988
2 0.882812 0.497502 0.009750 0.018984
2 0.651250 0.498335 0.016500 0.020983
2 0.362500 0.494588 0.013500 0.011990
2 0.833438 0.515820 0.050250 0.064946
2 0.632812 0.511241 0.044250 0.053955
2 0.271250 0.500833 0.022500 0.028976
2 0.925625 0.495837 0.010500 0.018984
2 0.796875 0.503331 0.045000 0.036969
2 0.906563 0.492506 0.014250 0.012989
2 0.935312 0.492923 0.011250 0.015987
2 0.543438 0.491257 0.009750 0.011990
2 0.435937 0.526644 0.071250 0.096919
2 0.555937 0.556203 0.078750 0.169858
2 0.332500 0.527893 0.063000 0.101915
2 0.877188 0.491257 0.008250 0.015987
2 0.868437 0.501249 0.015750 0.039967
2 0.041563 0.491674 0.012750 0.016986
2 0.377188 0.499167 0.023250 0.040966
2 0.520312 0.485429 0.017250 0.009992
2 0.801562 0.485429 0.014250 0.011990
2 0.163438 0.494172 0.023250 0.032973
2 0.957187 0.484180 0.015750 0.014988
2 0.458437 0.485429 0.012750 0.017985
2 0.972812 0.483347 0.014250 0.014988
2 0.598125 0.482098 0.007500 0.011990
2 0.901563 0.483347 0.018750 0.016986
2 0.855938 0.491674 0.020250 0.036969
2 0.826562 0.491257 0.032250 0.035970
2 0.185625 0.482098 0.010500 0.013988
2 0.082500 0.488343 0.019500 0.028976
2 0.480938 0.506661 0.039750 0.074938
2 0.584063 0.480433 0.009750 0.013988
2 0.150000 0.483764 0.016500 0.021982
2 0.008438 0.482098 0.011250 0.019983
2 0.777813 0.497502 0.029250 0.058951
2 0.716562 0.485845 0.020250 0.030974
2 0.287500 0.483347 0.015000 0.024979
2 0.590313 0.476270 0.008250 0.011990
2 0.531563 0.481266 0.017250 0.023980
2 0.501250 0.484596 0.019500 0.031973
2 0.093750 0.480017 0.012000 0.020983
2 0.953438 0.475021 0.018750 0.010991
2 0.553750 0.477935 0.009000 0.017985
2 0.320937 0.485845 0.014250 0.036969
2 0.271875 0.483764 0.016500 0.031973
2 0.703750 0.484596 0.025500 0.035970
2 0.883125 0.477102 0.009000 0.019983
2 0.833438 0.472523 0.014250 0.008993
2 0.205625 0.476686 0.025500 0.018984
2 0.917500 0.473772 0.025500 0.013988
2 0.624375 0.477935 0.025500 0.023980
2 0.780625 0.472939 0.009000 0.013988
2 0.748750 0.483347 0.057000 0.038968
2 0.564063 0.473356 0.012750 0.014988
2 0.650937 0.472107 0.017250 0.013988
2 0.054062 0.476270 0.024750 0.023980
2 0.985000 0.487510 0.019500 0.052956
2 0.108438 0.472939 0.009750 0.017985
2 0.872188 0.475021 0.017250 0.024979
2 0.857187 0.471690 0.011250 0.016986
2 0.305000 0.483764 0.031500 0.045962
2 0.171250 0.479184 0.021000 0.034971
2 0.095937 0.472107 0.017250 0.017985
2 0.079375 0.471690 0.010500 0.018984
2 0.940625 0.466694 0.010500 0.012989
2 0.151875 0.469192 0.012000 0.020983
2 0.845000 0.465862 0.018000 0.014988
2 0.765625 0.467527 0.010500 0.020983
2 0.551250 0.464613 0.006000 0.013988
2 0.314063 0.464613 0.017250 0.013988
2 0.636563 0.475853 0.021750 0.042964
2 0.505313 0.465445 0.047250 0.021982
2 0.375937 0.464613 0.008250 0.019983
2 0.787500 0.462948 0.010500 0.017985
2 0.482500 0.466278 0.013500 0.025978
2 0.773750 0.465029 0.010500 0.024979
2 0.315937 0.457535 0.012750 0.006994
2 0.568125 0.460866 0.016500 0.016986
2 0.281250 0.468360 0.027000 0.034971
2 0.554688 0.456703 0.011250 0.008993
2 0.355312 0.459617 0.011250 0.015987
2 0.898438 0.459617 0.012750 0.017985
2 0.123125 0.457119 0.013500 0.013988
2 0.805937 0.465862 0.020250 0.036969
2 0.746875 0.463780 0.030000 0.031973
2 0.937187 0.455037 0.009750 0.012989
2 0.917813 0.455870 0.011250 0.014988
2 0.405938 0.457535 0.008250 0.018984
2 0.834063 0.454621 0.008250 0.013988
2 0.490938 0.452540 0.008250 0.010991
2 0.340313 0.473356 0.036750 0.060949
2 0.672188 0.452956 0.011250 0.013988
2 0.391562 0.458368 0.014250 0.026978
2 0.048438 0.460450 0.021750 0.031973
2 0.758125 0.455454 0.010500 0.021982
2 0.619375 0.456703 0.021000 0.024979
2 0.254688 0.451291 0.021750 0.011990
2 0.789375 0.450042 0.012000 0.010991
2 0.681875 0.477935 0.090000 0.079933
2 0.838750 0.449209 0.012000 0.012989
2 0.417812 0.489176 0.095250 0.108909
2 0.969625 0.460866 0.060750 0.042964
2 0.779375 0.448793 0.007500 0.013988
2 0.659375 0.453372 0.009000 0.026978
2 0.139063 0.455870 0.029250 0.032973
2 0.606563 0.448376 0.021750 0.018984
2 0.239375 0.467943 0.043500 0.065945
2 0.589375 0.471690 0.060000 0.076936
2 0.400000 0.448793 0.012000 0.021982
2 0.350313 0.445046 0.009750 0.018984
2 0.931875 0.441715 0.015000 0.012989
2 0.877188 0.452956 0.030750 0.039967
2 0.093438 0.449625 0.023250 0.031973
2 0.750938 0.439634 0.009750 0.009992
2 0.113437 0.452540 0.038250 0.040966
2 0.031250 0.446295 0.018000 0.025978
2 0.132500 0.438385 0.012000 0.008993
2 0.907813 0.439217 0.008250 0.012989
2 0.881250 0.437552 0.010500 0.008993
2 0.818750 0.447960 0.012000 0.033972
2 0.638750 0.445462 0.018000 0.027977
2 0.912188 0.448376 0.014250 0.036969
2 0.770000 0.443797 0.013500 0.025978
2 0.994750 0.441299 0.010500 0.021982
2 0.960938 0.437968 0.008250 0.013988
2 0.667188 0.440883 0.015750 0.020983
2 0.222812 0.491257 0.078750 0.141882
2 0.459062 0.440050 0.011250 0.020983
2 0.252500 0.436719 0.010500 0.012989
2 0.210000 0.440050 0.012000 0.020983
2 0.121250 0.438385 0.013500 0.016986
2 0.567187 0.437968 0.014250 0.017985
2 0.435937 0.439634 0.045750 0.021982
2 0.733125 0.453372 0.040500 0.062948
2 0.758125 0.432973 0.012000 0.015987
2 0.260000 0.435887 0.010500 0.022981
2 0.109687 0.434638 0.009750 0.019983
2 0.026250 0.470025 0.052500 0.104913
2 0.660937 0.432556 0.015750 0.016986
2 0.615313 0.432973 0.008250 0.017985
2 0.587500 0.432140 0.009000 0.015987
2 0.073750 0.428393 0.006000 0.008993
2 0.982500 0.427560 0.016500 0.010991
2 0.782188 0.433389 0.012750 0.028976
2 0.169687 0.440050 0.024750 0.046961
2 0.190938 0.446711 0.036750 0.064946
2 0.922188 0.423397 0.008250 0.010991
2 0.332188 0.431724 0.026250 0.030974
2 0.812187 0.433389 0.039750 0.036969
2 0.165000 0.425895 0.019500 0.018984
2 0.930000 0.429226 0.021000 0.028976
2 0.874687 0.424646 0.005250 0.017985
2 0.856250 0.429226 0.013500 0.028976
2 0.429375 0.422981 0.016500 0.013988
2 0.010125 0.420067 0.020250 0.008993
2 0.880313 0.419650 0.009750 0.009992
2 0.865938 0.424646 0.012750 0.021982
2 0.485938 0.423397 0.011250 0.018984
2 0.228125 0.429642 0.019500 0.033972
2 0.956562 0.420483 0.006750 0.013988
2 0.020000 0.424646 0.028500 0.023980
2 0.400313 0.435054 0.063750 0.054954
2 0.144687 0.419650 0.018750 0.017985
2 0.993750 0.417152 0.012000 0.013988
2 0.942500 0.423397 0.012000 0.030974
2 0.624375 0.427560 0.015000 0.040966
2 0.361250 0.446295 0.037500 0.085928
2 0.603125 0.424230 0.021000 0.034971
2 0.468125 0.444213 0.043500 0.082931
2 0.099375 0.471690 0.132000 0.150874
2 0.962500 0.412573 0.012000 0.010991
2 0.812500 0.413405 0.015000 0.012989
2 0.654375 0.412573 0.010500 0.010991
2 0.078437 0.417152 0.020250 0.021982
2 0.042500 0.424230 0.027000 0.038968
2 0.894062 0.423397 0.020250 0.038968
2 0.749687 0.420899 0.020250 0.032973
2 0.035625 0.413822 0.012000 0.015987
2 0.417812 0.412157 0.012750 0.013988
2 0.128125 0.417152 0.024000 0.025978
2 0.122813 0.412573 0.009750 0.016986
2 0.217812 0.410075 0.006750 0.012989
2 0.357187 0.409242 0.006750 0.012989
2 0.105938 0.420483 0.038250 0.039967
2 0.091250 0.407161 0.010500 0.007993
2 0.929063 0.409659 0.018750 0.015987
2 0.916875 0.407993 0.015000 0.011990
2 0.686250 0.407577 0.021000 0.012989
2 0.409687 0.406328 0.012750 0.009992
2 0.017500 0.412573 0.027000 0.024979
2 0.519062 0.408826 0.015750 0.017985
2 0.296250 0.410075 0.016500 0.020983
2 0.706562 0.404663 0.008250 0.009992
2 0.206875 0.405079 0.009000 0.010991
2 0.575000 0.405079 0.016500 0.012989
2 0.817813 0.401749 0.008250 0.008993
2 0.879375 0.405495 0.010500 0.019983
2 0.561875 0.401749 0.007500 0.010991
2 0.588125 0.401332 0.016500 0.011990
2 0.436563 0.413822 0.027750 0.041965
2 0.422187 0.400500 0.006750 0.009992
2 0.401562 0.405495 0.012750 0.021982
2 0.516563 0.439217 0.104250 0.104913
2 0.909687 0.401749 0.014250 0.016986
2 0.463750 0.405495 0.013500 0.025978
2 0.990313 0.398834 0.014250 0.013988
2 0.736563 0.400500 0.014250 0.017985
2 0.935312 0.400916 0.015750 0.020983
2 0.977500 0.410491 0.021000 0.045962
2 0.841562 0.428809 0.047250 0.089925
2 0.073125 0.398002 0.009000 0.015987
2 0.948750 0.395087 0.010500 0.010991
2 0.861563 0.402581 0.024750 0.028976
2 0.225938 0.398834 0.015750 0.019983
2 0.802188 0.395920 0.011250 0.014988
2 0.579688 0.391757 0.011250 0.008993
2 0.313125 0.403830 0.025500 0.037968
2 0.237813 0.395504 0.009750 0.017985
2 0.176563 0.423813 0.090750 0.085928
2 0.887813 0.393422 0.008250 0.014988
2 0.776563 0.394255 0.006750 0.016986
2 0.840938 0.391341 0.014250 0.013988
2 0.548438 0.399667 0.009750 0.035970
2 0.831562 0.390092 0.008250 0.014988
2 0.678125 0.405079 0.051000 0.050958
2 0.148750 0.393006 0.013500 0.021982
2 0.490625 0.390924 0.006000 0.018984
2 0.467813 0.387594 0.014250 0.010991
2 0.703125 0.395087 0.019500 0.030974
2 0.689688 0.391757 0.012750 0.022981
2 0.645000 0.416320 0.037500 0.081932
2 0.603437 0.393422 0.015750 0.026978
2 0.505313 0.388843 0.024750 0.015987
2 0.922188 0.388426 0.012750 0.016986
2 0.710938 0.429226 0.092250 0.114904
2 0.449062 0.395920 0.029250 0.034971
2 0.590938 0.389259 0.015750 0.020983
2 0.289062 0.393006 0.021750 0.029975
2 0.565000 0.387177 0.010500 0.017985
2 0.041875 0.395087 0.031500 0.036969
2 0.863437 0.386761 0.018750 0.018984
2 0.673438 0.385928 0.008250 0.016986
2 0.810000 0.383430 0.010500 0.012989
2 0.613437 0.390092 0.017250 0.028976
2 0.939063 0.384679 0.017250 0.017985
2 0.635000 0.393006 0.037500 0.037968
2 0.982812 0.383430 0.011250 0.016986
2 0.310000 0.386345 0.024000 0.023980
2 0.154062 0.383847 0.008250 0.019983
2 0.960938 0.383014 0.017250 0.019983
2 0.127500 0.395504 0.033000 0.049958
2 0.533750 0.392173 0.024000 0.043963
2 0.725000 0.378018 0.022500 0.011990
2 0.103438 0.390092 0.045750 0.040966
2 0.258437 0.403830 0.072750 0.075937
2 0.908750 0.383430 0.013500 0.028976
2 0.586562 0.378018 0.021750 0.015987
2 0.665000 0.375937 0.016500 0.012989
2 0.804063 0.380100 0.012750 0.024979
2 0.627188 0.375937 0.012750 0.014988
2 0.515938 0.371774 0.015750 0.008993
2 0.470625 0.382182 0.045000 0.033972
2 0.336562 0.372190 0.011250 0.009992
2 0.393750 0.370108 0.015000 0.006994
2 0.296875 0.374688 0.006000 0.017985
2 0.428750 0.381349 0.019500 0.035970
2 0.020250 0.385096 0.040500 0.044963
2 0.709688 0.371357 0.011250 0.013988
2 0.637500 0.370525 0.009000 0.011990
2 0.086875 0.373022 0.019500 0.017985
2 0.838437 0.372190 0.006750 0.017985
2 0.551562 0.373855 0.014250 0.021982
2 0.795312 0.371774 0.011250 0.018984
2 0.647500 0.370525 0.012000 0.015987
2 0.566250 0.371357 0.018000 0.017985
2 0.964375 0.368859 0.007500 0.015987
2 0.878437 0.379267 0.015750 0.042964
2 0.698438 0.366778 0.014250 0.014988
2 0.947812 0.368859 0.014250 0.023980
2 0.300625 0.416736 0.117000 0.138884
2 0.345625 0.368443 0.012000 0.024979
2 0.067500 0.385928 0.042000 0.066944
2 0.722187 0.361782 0.009750 0.010991
2 0.713125 0.363447 0.010500 0.014988
2 0.992500 0.365945 0.015000 0.022981
2 0.146563 0.367194 0.020250 0.027977
2 0.899062 0.371357 0.018750 0.039967
2 0.525312 0.369276 0.018750 0.034971
2 0.023750 0.366778 0.009000 0.028976
2 0.820312 0.373855 0.032250 0.047960
2 0.770625 0.391341 0.085500 0.089925
2 0.537813 0.363031 0.009750 0.023980
2 0.828750 0.361366 0.022500 0.021982
2 0.752812 0.358868 0.015750 0.015987
2 0.445312 0.366361 0.023250 0.033972
2 0.513437 0.358868 0.009750 0.017985
2 0.333125 0.356786 0.016500 0.012989
2 0.252812 0.371357 0.038250 0.047960
2 0.680312 0.355121 0.009750 0.010991
2 0.629687 0.363863 0.035250 0.031973
2 0.138125 0.359700 0.018000 0.021982
2 0.985625 0.358451 0.010500 0.022981
2 0.496250 0.364696 0.033000 0.037968
2 0.789062 0.360949 0.024750 0.032973
2 0.564063 0.355953 0.014250 0.020983
2 0.893437 0.353039 0.017250 0.015987
2 0.549687 0.353872 0.017250 0.019983
2 0.281250 0.361366 0.031500 0.037968
2 0.071875 0.348876 0.009000 0.009992
2 0.847500 0.351790 0.022500 0.018984
2 0.773125 0.348460 0.009000 0.010991
2 0.689375 0.355953 0.018000 0.028976
2 0.124375 0.358868 0.019500 0.035970
2 0.876250 0.351374 0.007500 0.021982
2 0.859688 0.359700 0.042750 0.043963
2 0.733125 0.356370 0.028500 0.035970
2 0.886563 0.348043 0.012750 0.017985
2 0.601250 0.360949 0.040500 0.048959
2 0.443125 0.348043 0.012000 0.017985
2 0.931875 0.347627 0.007500 0.018984
2 0.762500 0.348043 0.012000 0.019983
2 0.486875 0.346794 0.021000 0.018984
2 0.604375 0.341799 0.015000 0.008993
2 0.503125 0.346378 0.016500 0.019983
2 0.307812 0.356786 0.036750 0.044963
2 0.150625 0.345129 0.018000 0.016986
2 0.009375 0.353039 0.012000 0.035970
2 0.418438 0.345129 0.021750 0.020983
2 0.287813 0.349292 0.020250 0.030974
2 0.660312 0.356786 0.053250 0.050958
2 0.434063 0.343464 0.017250 0.020983
2 0.385937 0.373439 0.084750 0.092923
2 0.108750 0.338884 0.006000 0.009992
2 0.057500 0.340966 0.016500 0.014988
2 0.944688 0.339717 0.011250 0.013988
2 0.333125 0.341799 0.028500 0.020983
2 0.985313 0.338052 0.014250 0.013988
2 0.594688 0.338052 0.011250 0.013988
2 0.049063 0.354704 0.059250 0.057952
2 0.625938 0.340133 0.023250 0.026978
2 0.156562 0.332223 0.008250 0.007993
2 0.921250 0.332223 0.007500 0.009992
2 0.100937 0.335554 0.008250 0.017985
2 0.354375 0.340133 0.021000 0.030974
2 0.903438 0.341799 0.023250 0.036969
2 0.888437 0.333888 0.012750 0.017985
2 0.301250 0.331807 0.012000 0.012989
2 0.965313 0.331391 0.008250 0.013988
2 0.850313 0.331391 0.009750 0.013988
2 0.339375 0.329309 0.013500 0.012989
2 0.873125 0.329725 0.019500 0.019983
2 0.365312 0.327227 0.008250 0.015987
2 0.014625 0.337635 0.029250 0.040966
2 0.989375 0.324729 0.007500 0.011990
2 0.951250 0.327227 0.007500 0.017985
2 0.941875 0.326395 0.015000 0.015987
2 0.858125 0.328893 0.009000 0.021982
2 0.650000 0.330142 0.018000 0.026978
2 0.636875 0.323480 0.009000 0.010991
2 0.545625 0.321399 0.013500 0.005995
2 0.915625 0.344296 0.030000 0.062948
2 0.849688 0.320566 0.011250 0.007993
2 0.571562 0.337635 0.045750 0.054954
2 0.863437 0.320983 0.006750 0.016986
2 0.259688 0.332223 0.039750 0.043963
2 0.890625 0.319734 0.012000 0.015987
2 0.395000 0.327227 0.025500 0.033972
2 0.030937 0.320566 0.009750 0.017985
2 0.752188 0.316819 0.008250 0.010991
2 0.931562 0.324729 0.018750 0.031973
2 0.590313 0.321815 0.014250 0.024979
2 0.373750 0.329309 0.021000 0.042964
2 0.788125 0.313489 0.010500 0.008993
2 0.642188 0.318901 0.011250 0.021982
2 0.797188 0.313905 0.009750 0.013988
2 0.610625 0.322231 0.039000 0.033972
2 0.239063 0.343880 0.038250 0.085928
2 0.542500 0.311407 0.016500 0.009992
2 0.281250 0.311407 0.009000 0.015987
2 0.890312 0.308077 0.009750 0.009992
2 0.515625 0.309742 0.012000 0.013988
2 0.760625 0.309742 0.010500 0.017985
2 0.065000 0.309742 0.022500 0.017985
2 0.980000 0.306828 0.010500 0.012989
2 0.661563 0.309326 0.008250 0.018984
2 0.318125 0.306828 0.009000 0.012989
2 0.593125 0.305995 0.010500 0.012989
2 0.372188 0.305162 0.018750 0.012989
2 0.918438 0.304330 0.011250 0.012989
2 0.034063 0.306411 0.014250 0.017985
2 0.928438 0.303913 0.006750 0.013988
2 0.994687 0.304330 0.008250 0.016986
2 0.953125 0.302664 0.015000 0.012989
2 0.348125 0.308493 0.018000 0.026978
2 0.340000 0.301415 0.010500 0.011990
2 0.714063 0.326395 0.141750 0.073938
2 0.073125 0.304330 0.021000 0.020983
2 0.800000 0.325562 0.090000 0.075937
2 0.525000 0.303497 0.007500 0.022981
2 0.511875 0.328060 0.126000 0.081932
2 0.735000 0.298918 0.018000 0.013988
2 0.236875 0.301415 0.012000 0.019983
2 0.903438 0.300583 0.018750 0.019983
2 0.847187 0.305995 0.021750 0.032973
2 0.427187 0.298085 0.009750 0.015987
2 0.876875 0.303081 0.024000 0.029975
2 0.480625 0.298918 0.033000 0.019983
2 0.232500 0.294338 0.012000 0.008993
2 0.179688 0.296836 0.008250 0.016986
2 0.813438 0.292673 0.009750 0.010991
2 0.994375 0.295171 0.011250 0.020983
2 0.604688 0.298918 0.015750 0.029975
2 0.585000 0.295171 0.010500 0.020983
2 0.432500 0.312240 0.060000 0.061948
2 0.410000 0.301832 0.034500 0.036969
2 0.321250 0.293089 0.018000 0.015987
2 0.116562 0.293922 0.008250 0.017985
2 0.981563 0.289759 0.008250 0.011990
2 0.862500 0.296003 0.016500 0.026978
2 0.969375 0.296836 0.019500 0.030974
2 0.077500 0.290591 0.012000 0.015987
2 0.003750 0.293505 0.007500 0.022981
2 0.125312 0.286012 0.012750 0.008993
2 0.659062 0.298918 0.032250 0.041965
2 0.920000 0.285595 0.015000 0.011990
2 0.766250 0.290591 0.012000 0.023980
2 0.947187 0.286844 0.012750 0.016986
2 0.855000 0.287261 0.009000 0.017985
2 0.702812 0.286844 0.023250 0.016986
2 0.567813 0.301415 0.041250 0.051957
2 0.805937 0.302664 0.075750 0.056953
2 0.630625 0.299750 0.049500 0.051957
2 0.248125 0.291007 0.013500 0.030974
2 0.956562 0.282265 0.006750 0.011990
2 0.090625 0.282265 0.010500 0.013988
2 0.754062 0.284346 0.023250 0.022981
2 0.504687 0.284346 0.033750 0.022981
2 0.858437 0.278102 0.011250 0.009992
2 0.080312 0.329309 0.104250 0.132889
2 0.973437 0.280183 0.009750 0.016986
2 0.727500 0.297669 0.045000 0.058951
2 0.717187 0.280183 0.008250 0.016986
2 0.010625 0.278102 0.010500 0.011990
2 0.044062 0.285179 0.012750 0.030974
2 0.826250 0.281432 0.012000 0.023980
2 0.488750 0.280600 0.016500 0.021982
2 0.897500 0.282265 0.031500 0.027977
2 0.876875 0.280600 0.015000 0.023980
2 0.704375 0.276436 0.006000 0.013988
2 0.002625 0.275604 0.005250 0.013988
2 0.813125 0.274355 0.015000 0.012989
2 0.534375 0.273106 0.009000 0.009992
2 0.523438 0.276853 0.009750 0.018984
2 0.988000 0.278102 0.024000 0.023980
2 0.919375 0.275187 0.022500 0.018984
2 0.883750 0.274355 0.009000 0.018984
2 0.836562 0.280183 0.018750 0.032973
2 0.241875 0.273938 0.009000 0.017985
2 0.894062 0.269775 0.009750 0.011990
2 0.542500 0.286012 0.033000 0.050958
2 0.939063 0.274771 0.014250 0.025978
2 0.929063 0.269359 0.015750 0.012989
2 0.842187 0.271857 0.011250 0.020983
2 0.776875 0.265612 0.012000 0.007993
2 0.711562 0.268943 0.006750 0.015987
2 0.724063 0.271857 0.018750 0.024979
2 0.658125 0.265612 0.012000 0.013988
2 0.177813 0.265196 0.011250 0.012989
2 0.559688 0.263530 0.011250 0.010991
2 0.965625 0.267277 0.018000 0.021982
2 0.849688 0.267277 0.006750 0.023980
2 0.756563 0.267694 0.044250 0.024979
2 0.126250 0.271440 0.034500 0.033972
2 0.605000 0.272273 0.027000 0.037968
2 0.954688 0.265196 0.017250 0.022981
2 0.881250 0.261865 0.022500 0.014988
2 0.620313 0.263947 0.024750 0.023980
2 0.521250 0.260616 0.021000 0.015987
2 0.984375 0.262698 0.027000 0.022981
2 0.602812 0.255204 0.009750 0.006994
2 0.940625 0.257702 0.012000 0.016986
2 0.507188 0.261449 0.014250 0.027977
2 0.102500 0.264779 0.027000 0.035970
2 0.845313 0.255204 0.011250 0.014988
2 0.730313 0.260200 0.017250 0.026978
2 0.543438 0.258535 0.030750 0.022981
2 0.121250 0.253955 0.009000 0.011990
2 0.977187 0.254788 0.012750 0.015987
2 0.672500 0.276853 0.021000 0.068943
2 0.497188 0.253122 0.008250 0.011990
2 0.879062 0.251457 0.014250 0.009992
2 0.592187 0.252290 0.011250 0.011990
2 0.865938 0.256453 0.012750 0.023980
2 0.663438 0.255620 0.008250 0.021982
2 0.384062 0.253122 0.009750 0.015987
2 0.337187 0.252290 0.011250 0.013988
2 0.007500 0.256037 0.015000 0.028976
2 0.089375 0.253122 0.009000 0.023980
2 0.921875 0.254371 0.025500 0.028976
2 0.695000 0.247294 0.013500 0.011990
2 0.355000 0.246045 0.009000 0.008993
2 0.173750 0.251457 0.021000 0.021982
2 0.625000 0.246878 0.007500 0.012989
2 0.395313 0.269359 0.045750 0.066944
2 0.859688 0.246045 0.008250 0.014988
2 0.850625 0.243963 0.009000 0.011990
2 0.737812 0.249376 0.023250 0.024979
2 0.442500 0.249376 0.010500 0.024979
2 0.614062 0.246045 0.012750 0.018984
2 0.127500 0.252290 0.013500 0.033972
2 0.014063 0.244796 0.005250 0.015987
2 0.550000 0.243963 0.013500 0.015987
2 0.518437 0.249376 0.024750 0.028976
2 0.604375 0.240216 0.009000 0.010991
2 0.406562 0.245629 0.015750 0.023980
2 0.994750 0.241465 0.010500 0.017985
2 0.957812 0.246045 0.024750 0.028976
2 0.829375 0.252706 0.031500 0.044963
2 0.280625 0.241049 0.015000 0.016986
2 0.982812 0.240216 0.020250 0.018984
2 0.940000 0.240216 0.016500 0.018984
2 0.666250 0.238968 0.015000 0.015987
2 0.235937 0.235637 0.012750 0.007993
2 0.130938 0.236470 0.009750 0.011990
2 0.340000 0.236886 0.006000 0.014988
2 0.193750 0.234388 0.012000 0.012989
2 0.187812 0.238968 0.012750 0.023980
2 0.540937 0.243131 0.018750 0.035970
2 0.909687 0.241882 0.029250 0.034971
2 0.789375 0.256453 0.046500 0.069942
2 0.768437 0.235637 0.015750 0.021982
2 0.805312 0.238968 0.024750 0.031973
2 0.432812 0.231890 0.017250 0.016986
2 0.639062 0.258535 0.071250 0.082931
2 0.160000 0.228976 0.016500 0.011990
2 0.309688 0.241049 0.038250 0.042964
2 0.917188 0.227311 0.011250 0.011990
2 0.778750 0.226478 0.013500 0.009992
2 0.624062 0.230225 0.020250 0.018984
2 0.345313 0.227311 0.006750 0.013988
2 0.989688 0.227727 0.012750 0.016986
2 0.966875 0.227311 0.009000 0.015987
2 0.525000 0.233972 0.019500 0.031973
2 0.229687 0.227727 0.014250 0.016986
2 0.840313 0.225645 0.011250 0.013988
2 0.664375 0.226478 0.009000 0.015987
2 0.953438 0.227727 0.018750 0.022981
2 0.880625 0.233139 0.033000 0.035970
2 0.457500 0.273522 0.103500 0.134888
2 0.240000 0.310158 0.304500 0.222814
2 0.016250 0.226062 0.016500 0.020983
2 0.512813 0.230225 0.027750 0.032973
2 0.051250 0.223980 0.009000 0.017985
2 0.434375 0.222315 0.007500 0.015987
2 0.175937 0.227311 0.015750 0.027977
2 0.873125 0.220233 0.007500 0.012989
2 0.646875 0.227727 0.025500 0.030974
2 0.577187 0.254788 0.047250 0.095920
2 0.428438 0.218568 0.009750 0.008993
2 0.338750 0.221066 0.006000 0.014988
2 0.805000 0.223980 0.027000 0.023980
2 0.677188 0.223980 0.020250 0.023980
2 0.075313 0.219400 0.014250 0.014988
2 0.733750 0.216070 0.010500 0.010991
2 0.833125 0.227727 0.030000 0.042964
2 0.502188 0.214405 0.009750 0.010991
2 0.294063 0.216903 0.011250 0.016986
2 0.199063 0.217319 0.011250 0.017985
2 0.806875 0.213988 0.009000 0.011990
2 0.724063 0.217735 0.015750 0.020983
2 0.412187 0.226894 0.032250 0.044963
2 0.363438 0.250208 0.039750 0.100916
2 0.942500 0.219400 0.034500 0.030974
2 0.304063 0.213572 0.006750 0.016986
2 0.914687 0.214821 0.014250 0.023980
2 0.857187 0.221482 0.027750 0.039967
2 0.187188 0.214405 0.015750 0.022981
2 0.277500 0.231890 0.057000 0.066944
2 0.976250 0.211907 0.015000 0.020983
2 0.877812 0.211490 0.009750 0.019983
2 0.588750 0.209409 0.015000 0.014988
2 0.029250 0.261449 0.058500 0.139883
2 0.780000 0.207744 0.007500 0.012989
2 0.636250 0.213156 0.012000 0.025978
2 0.608125 0.217319 0.031500 0.035970
2 0.964375 0.209825 0.013500 0.019983
2 0.626875 0.210658 0.009000 0.021982
2 0.990250 0.209825 0.019500 0.021982
2 0.816875 0.206495 0.018000 0.013988
2 0.944688 0.205246 0.018750 0.012989
2 0.668438 0.210241 0.042750 0.024979
2 0.737500 0.207744 0.010500 0.020983
2 0.693125 0.216070 0.022500 0.040966
2 0.845313 0.210658 0.011250 0.029975
2 0.315000 0.210658 0.024000 0.029975
2 0.831250 0.202748 0.010500 0.012989
2 0.759687 0.224813 0.036750 0.065945
2 0.053125 0.205246 0.013500 0.018984
2 0.927813 0.206078 0.009750 0.022981
2 0.495000 0.206495 0.012000 0.023980
2 0.868437 0.201915 0.008250 0.014988
2 0.657500 0.200666 0.009000 0.015987
2 0.839688 0.198168 0.014250 0.011990
2 0.387500 0.217735 0.037500 0.058951
2 0.365312 0.202331 0.012750 0.021982
2 0.477500 0.211490 0.069000 0.045962
2 0.825625 0.196087 0.015000 0.010991
2 0.797813 0.201915 0.024750 0.026978
2 0.325000 0.196919 0.007500 0.014988
2 0.204687 0.199833 0.011250 0.023980
2 0.921250 0.192756 0.012000 0.008993
2 0.443125 0.204413 0.010500 0.036969
2 0.787188 0.191923 0.012750 0.008993
2 0.712187 0.232306 0.078750 0.105912
2 0.477812 0.192756 0.009750 0.010991
2 0.879687 0.190674 0.008250 0.007993
2 0.149375 0.192340 0.018000 0.011990
2 0.777500 0.196503 0.019500 0.023980
2 0.898750 0.209825 0.039000 0.057952
2 0.129062 0.196087 0.026250 0.024979
2 0.927813 0.187760 0.014250 0.008993
2 0.644687 0.197752 0.023250 0.034971
2 0.138125 0.190258 0.007500 0.016986
2 0.805937 0.188177 0.009750 0.013988
2 0.742188 0.194005 0.017250 0.027977
2 0.654687 0.187760 0.011250 0.012989
2 0.567813 0.204829 0.051750 0.053955
2 0.784375 0.185262 0.012000 0.008993
2 0.711875 0.187760 0.009000 0.014988
2 0.202187 0.188593 0.017250 0.016986
2 0.814375 0.189842 0.015000 0.021982
2 0.347500 0.185262 0.009000 0.010991
2 0.255625 0.186511 0.016500 0.013988
2 0.026625 0.197752 0.053250 0.040966
2 0.494063 0.189842 0.023250 0.023980
2 0.857500 0.193589 0.016500 0.034971
2 0.683750 0.191091 0.034500 0.030974
2 0.445937 0.186511 0.011250 0.019983
2 0.558438 0.186928 0.020250 0.026978
2 0.437500 0.181099 0.007500 0.014988
2 0.080000 0.241465 0.106500 0.159867
2 0.939375 0.181099 0.010500 0.016986
2 0.320937 0.182348 0.006750 0.019983
2 0.158750 0.181932 0.009000 0.018984
2 0.063125 0.181515 0.024000 0.017985
2 0.648125 0.177352 0.007500 0.009992
2 0.455000 0.185262 0.016500 0.028976
2 0.073125 0.194838 0.033000 0.053955
2 0.994375 0.180266 0.010500 0.020983
2 0.835938 0.183597 0.033750 0.028976
2 0.900000 0.176936 0.019500 0.014988
2 0.632812 0.177352 0.020250 0.015987
2 0.524062 0.196087 0.060750 0.060949
2 0.965000 0.184430 0.018000 0.034971
2 0.777188 0.176520 0.009750 0.015987
2 0.335625 0.211907 0.057000 0.100916
2 0.760000 0.177352 0.012000 0.019983
2 0.714375 0.176103 0.019500 0.016986
2 0.160312 0.228560 0.098250 0.142881
2 0.853125 0.174022 0.009000 0.013988
2 0.355000 0.174854 0.006000 0.015987
2 0.228437 0.171107 0.018750 0.010991
2 0.977500 0.173605 0.019500 0.018984
2 0.925000 0.170275 0.012000 0.010991
2 0.708125 0.170275 0.015000 0.010991
2 0.292187 0.175687 0.012750 0.023980
2 0.060625 0.169442 0.013500 0.008993
2 0.801562 0.174854 0.024750 0.023980
2 0.697812 0.179017 0.023250 0.035970
2 0.909062 0.167777 0.012750 0.010991
2 0.653438 0.171524 0.012750 0.019983
2 0.604688 0.184430 0.047250 0.050958
2 0.771875 0.166944 0.009000 0.010991
2 0.327813 0.175687 0.018750 0.031973
2 0.547813 0.165695 0.008250 0.009992
2 0.354063 0.164863 0.008250 0.011990
2 0.015938 0.170691 0.020250 0.025978
2 0.949375 0.167361 0.009000 0.021982
2 0.363125 0.165695 0.009000 0.017985
2 0.092500 0.165279 0.016500 0.020983
2 0.913438 0.159450 0.014250 0.008993
2 0.993125 0.158201 0.012000 0.007993
2 0.867500 0.164863 0.048000 0.023980
2 0.807187 0.157785 0.012750 0.008993
2 0.543438 0.158201 0.012750 0.009992
2 0.618437 0.163614 0.014250 0.024979
2 0.248750 0.161116 0.024000 0.020983
2 0.706562 0.154871 0.015750 0.007993
2 0.530000 0.167777 0.033000 0.038968
2 0.447813 0.162781 0.042750 0.026978
2 0.421875 0.163197 0.013500 0.027977
2 0.213125 0.157369 0.019500 0.013988
2 0.111562 0.177352 0.036750 0.061948
2 0.414687 0.182348 0.039750 0.075937
2 0.235313 0.158618 0.006750 0.018984
2 0.944375 0.153206 0.015000 0.009992
2 0.904687 0.154871 0.012750 0.013988
2 0.959688 0.157785 0.009750 0.022981
2 0.497812 0.154455 0.012750 0.014988
2 0.831875 0.165695 0.027000 0.043963
2 0.611875 0.154871 0.007500 0.017985
2 0.975938 0.155287 0.012750 0.022981
2 0.565937 0.168609 0.035250 0.054954
2 0.090938 0.151540 0.012750 0.013988
2 0.280000 0.176103 0.102000 0.074938
2 0.651563 0.161948 0.084750 0.042964
2 0.603750 0.152373 0.007500 0.021982
2 0.572500 0.148210 0.013500 0.011990
2 0.729688 0.161116 0.020250 0.044963
2 0.915312 0.148210 0.017250 0.015987
2 0.115312 0.149459 0.024750 0.018984
2 0.225625 0.190674 0.087000 0.119900
2 0.852812 0.144047 0.008250 0.009992
2 0.759687 0.147377 0.021750 0.019983
2 0.397188 0.146128 0.012750 0.016986
2 0.353438 0.149042 0.029250 0.023980
2 0.988000 0.145712 0.024000 0.017985
2 0.697812 0.142381 0.008250 0.009992
2 0.682187 0.149042 0.035250 0.025978
2 0.480938 0.163614 0.053250 0.060949
2 0.256250 0.146545 0.021000 0.023980
2 0.841875 0.139883 0.012000 0.009992
2 0.389062 0.141132 0.011250 0.012989
2 0.860313 0.146128 0.020250 0.026978
2 0.590625 0.148210 0.028500 0.031973
2 0.177813 0.150291 0.030750 0.036969
2 0.931562 0.144879 0.015750 0.025978
2 0.917813 0.138634 0.009750 0.012989
2 0.807187 0.141549 0.008250 0.019983
2 0.712187 0.144879 0.030750 0.027977
2 0.556562 0.143630 0.021750 0.026978
2 0.090938 0.136969 0.014250 0.014988
2 0.572187 0.134888 0.018750 0.013988
2 0.335313 0.150708 0.029250 0.051957
2 0.789687 0.150708 0.024750 0.055953
2 0.729688 0.134055 0.009750 0.015987
2 0.627812 0.131557 0.009750 0.009992
2 0.165937 0.133639 0.015750 0.016986
2 0.139687 0.157369 0.063750 0.073938
2 0.039688 0.163614 0.072750 0.088926
2 0.894375 0.135304 0.043500 0.022981
2 0.670625 0.131973 0.012000 0.014988
2 0.823750 0.132390 0.027000 0.017985
2 0.208125 0.132390 0.010500 0.017985
2 0.046562 0.129892 0.012750 0.011990
2 0.445312 0.135720 0.020250 0.027977
2 0.417187 0.129892 0.012750 0.013988
2 0.245625 0.130724 0.006000 0.015987
2 0.720313 0.126978 0.011250 0.008993
2 0.906250 0.126145 0.016500 0.008993
2 0.759375 0.128226 0.010500 0.013988
2 0.948750 0.126561 0.013500 0.013988
2 0.895000 0.125729 0.010500 0.011990
2 0.268750 0.124063 0.012000 0.009992
2 0.690000 0.124896 0.015000 0.013988
2 0.705313 0.126978 0.017250 0.020983
2 0.617812 0.129892 0.012750 0.027977
2 0.648750 0.133639 0.042000 0.038968
2 0.748750 0.127394 0.012000 0.025978
2 0.436250 0.122398 0.010500 0.013988
2 0.166563 0.120733 0.009750 0.009992
2 0.019688 0.122398 0.014250 0.013988
2 0.582812 0.126978 0.032250 0.026978
2 0.958125 0.126978 0.010500 0.028976
2 0.775312 0.134471 0.026250 0.046961
2 0.137813 0.122814 0.017250 0.018984
2 0.847500 0.118651 0.015000 0.012989
2 0.901250 0.117818 0.007500 0.012989
2 0.864062 0.126145 0.024750 0.032973
2 0.995875 0.121982 0.008250 0.024979
2 0.815625 0.116986 0.019500 0.012989
2 0.174375 0.121565 0.016500 0.027977
2 0.324688 0.124896 0.027750 0.037968
2 0.272813 0.114488 0.015750 0.012989
2 0.078437 0.143214 0.030750 0.081932
2 0.915312 0.116153 0.011250 0.018984
2 0.678750 0.115321 0.012000 0.016986
2 0.671562 0.116153 0.009750 0.018984
2 0.536563 0.142381 0.087750 0.085928
2 0.531875 0.114488 0.016500 0.018984
2 0.329375 0.110741 0.010500 0.011990
2 0.961562 0.108659 0.008250 0.012989
2 0.653750 0.109908 0.012000 0.015987
2 0.060625 0.119900 0.019500 0.039967
2 0.981563 0.114904 0.018750 0.029975
2 0.765625 0.110325 0.012000 0.018984
2 0.489375 0.110741 0.009000 0.019983
2 0.854062 0.106162 0.014250 0.010991
2 0.830625 0.108243 0.012000 0.015987
2 0.647813 0.107410 0.012750 0.013988
2 0.615313 0.109908 0.012750 0.019983
2 0.752812 0.106578 0.011250 0.013988
2 0.582500 0.104913 0.006000 0.011990
2 0.739688 0.140300 0.051750 0.098918
2 0.104688 0.107827 0.011250 0.020983
2 0.812500 0.102415 0.006000 0.013988
2 0.111562 0.121982 0.051750 0.060949
2 0.096250 0.106162 0.010500 0.022981
2 0.741563 0.102831 0.012750 0.016986
2 0.599063 0.116570 0.033750 0.049958
2 0.801250 0.110741 0.018000 0.037968
2 0.636875 0.101166 0.007500 0.014988
2 0.866250 0.097835 0.016500 0.008993
2 0.787500 0.103247 0.024000 0.021982
2 0.574688 0.100749 0.011250 0.015987
2 0.326250 0.100749 0.019500 0.015987
2 0.131562 0.098668 0.014250 0.010991
2 0.704063 0.097002 0.008250 0.008993
2 0.923750 0.106994 0.018000 0.034971
2 0.909062 0.101998 0.014250 0.022981
2 0.852187 0.097419 0.012750 0.011990
2 0.688750 0.101582 0.024000 0.021982
2 0.535937 0.098251 0.009750 0.019983
2 0.274375 0.094505 0.010500 0.010991
2 0.827500 0.095754 0.006000 0.015987
2 0.300000 0.121982 0.052500 0.082931
2 0.887188 0.097835 0.035250 0.026978
2 0.264375 0.097419 0.021000 0.025978
2 0.975000 0.097002 0.027000 0.026978
2 0.675000 0.095754 0.009000 0.023980
2 0.936250 0.108243 0.015000 0.055953
2 0.757812 0.094088 0.012750 0.021982
2 0.749062 0.090341 0.008250 0.016986
2 0.697500 0.087843 0.010500 0.010991
2 0.639062 0.089509 0.020250 0.014988
2 0.440937 0.089925 0.005250 0.015987
2 0.713437 0.099917 0.041250 0.041965
2 0.715938 0.086595 0.009750 0.009992
2 0.924687 0.087011 0.011250 0.012989
2 0.947812 0.090341 0.014250 0.022981
2 0.913750 0.085762 0.012000 0.013988
2 0.786250 0.083680 0.010500 0.008993
2 0.326250 0.086178 0.021000 0.014988
2 0.019062 0.087011 0.006750 0.016986
2 0.572500 0.086595 0.015000 0.017985
2 0.736250 0.083264 0.010500 0.011990
2 0.656875 0.087427 0.016500 0.021982
2 0.885625 0.081599 0.007500 0.009992
2 0.038750 0.106162 0.055500 0.068943
2 0.813438 0.082848 0.011250 0.014988
2 0.769687 0.087427 0.027750 0.029975
2 0.630625 0.079933 0.009000 0.013988
2 0.832500 0.077019 0.015000 0.008993
2 0.590000 0.089092 0.021000 0.037968
2 0.865625 0.082015 0.010500 0.022981
2 0.809375 0.077852 0.010500 0.014988
2 0.548750 0.080766 0.016500 0.025978
2 0.795625 0.077435 0.019500 0.019983
2 0.041563 0.085346 0.030750 0.038968
2 0.952812 0.079101 0.020250 0.029975
2 0.194062 0.077019 0.018750 0.024979
2 0.966562 0.072440 0.011250 0.015987
2 0.930312 0.072440 0.006750 0.015987
2 0.746250 0.073272 0.018000 0.017985
2 0.902188 0.073689 0.014250 0.022981
2 0.883437 0.069109 0.015750 0.011990
2 0.847812 0.068276 0.009750 0.009992
2 0.531250 0.074938 0.022500 0.027977
2 0.342813 0.084929 0.024750 0.051957
2 0.326875 0.068693 0.012000 0.012989
2 0.191875 0.082015 0.048000 0.044963
2 0.895625 0.069942 0.012000 0.017985
2 0.611250 0.082431 0.034500 0.047960
2 0.060937 0.069109 0.017250 0.015987
2 0.690000 0.074938 0.031500 0.033972
2 0.050000 0.065362 0.010500 0.010991
2 0.993750 0.064946 0.009000 0.011990
2 0.980938 0.071607 0.011250 0.027977
2 0.754062 0.066195 0.020250 0.016986
2 0.721250 0.066611 0.015000 0.019983
2 0.205000 0.065779 0.009000 0.017985
2 0.706250 0.066611 0.006000 0.021982
2 0.261562 0.065362 0.008250 0.018984
2 0.250625 0.111990 0.115500 0.130891
2 0.193438 0.106578 0.129750 0.117902
2 0.484063 0.109492 0.108750 0.126894
2 0.295625 0.064530 0.010500 0.018984
2 0.230000 0.064946 0.009000 0.019983
2 0.768437 0.064946 0.009750 0.021982
2 0.459062 0.058701 0.011250 0.008993
2 0.106875 0.063281 0.012000 0.019983
2 0.970625 0.060366 0.015000 0.014988
2 0.468438 0.062864 0.020250 0.020983
2 0.560625 0.082848 0.054000 0.070941
2 0.662500 0.077852 0.049500 0.060949
2 0.636875 0.067027 0.009000 0.034971
2 0.077500 0.059534 0.016500 0.016986
2 0.655000 0.059534 0.013500 0.020983
2 0.728750 0.061615 0.016500 0.027977
2 0.594375 0.056619 0.009000 0.015987
2 0.810625 0.061199 0.019500 0.028976
2 0.779375 0.064113 0.015000 0.035970
2 0.486563 0.063697 0.017250 0.036969
2 0.496250 0.056619 0.015000 0.021982
2 0.190000 0.054538 0.015000 0.018984
2 0.925312 0.054122 0.021750 0.019983
2 0.861875 0.053289 0.022500 0.017985
2 0.703438 0.052456 0.014250 0.015987
2 0.667188 0.052456 0.017250 0.015987
2 0.880625 0.052873 0.018000 0.018984
2 0.625313 0.059950 0.024750 0.035970
2 0.084375 0.052456 0.007500 0.017985
2 0.414062 0.051207 0.021750 0.016986
2 0.261562 0.052873 0.015750 0.020983
2 0.960625 0.048709 0.010500 0.012989
2 0.795937 0.055787 0.017250 0.029975
2 0.480938 0.048293 0.009750 0.011990
2 0.166563 0.048293 0.017250 0.011990
2 0.654687 0.048293 0.011250 0.013988
2 0.249688 0.057036 0.020250 0.034971
2 0.757188 0.051624 0.018750 0.023980
2 0.715313 0.046211 0.008250 0.010991
2 0.898125 0.049958 0.025500 0.021982
2 0.179375 0.049958 0.013500 0.021982
2 0.605938 0.049542 0.006750 0.022981
2 0.032188 0.044130 0.008250 0.013988
2 0.949688 0.051207 0.017250 0.032973
2 0.590938 0.042048 0.011250 0.010991
2 0.707187 0.042465 0.008250 0.013988
2 0.645938 0.040799 0.005250 0.009992
2 0.580625 0.044546 0.024000 0.018984
2 0.914375 0.043297 0.010500 0.019983
2 0.321250 0.039967 0.012000 0.011990
2 0.268437 0.042465 0.006750 0.017985
2 0.232813 0.044963 0.009750 0.023980
2 0.045312 0.055371 0.060750 0.050958
2 0.855625 0.039550 0.016500 0.016986
2 0.432500 0.037885 0.010500 0.012989
2 0.926250 0.038301 0.013500 0.015987
2 0.262188 0.038718 0.009750 0.016986
2 0.207500 0.050791 0.049500 0.045962
2 0.673125 0.037052 0.004500 0.014988
2 0.629375 0.036636 0.009000 0.013988
2 0.355312 0.057452 0.056250 0.063947
2 0.548125 0.036220 0.010500 0.014988
2 0.377812 0.036636 0.012750 0.015987
2 0.882188 0.033306 0.017250 0.009992
2 0.685937 0.039550 0.011250 0.024979
2 0.845625 0.038718 0.012000 0.024979
2 0.768125 0.033306 0.015000 0.011990
2 0.832500 0.037052 0.024000 0.022981
2 0.981625 0.042048 0.036750 0.036969
2 0.209375 0.035387 0.022500 0.020983
2 0.755000 0.032057 0.010500 0.014988
2 0.718750 0.032473 0.015000 0.015987
2 0.310937 0.033306 0.011250 0.017985
2 0.581562 0.030808 0.008250 0.013988
2 0.427812 0.029142 0.012750 0.009992
2 0.646563 0.031224 0.018750 0.016986
2 0.603437 0.034971 0.014250 0.025978
2 0.732500 0.037052 0.031500 0.036969
2 0.489687 0.028310 0.008250 0.015987
2 0.234063 0.027477 0.014250 0.013988
2 0.148750 0.028726 0.022500 0.016986
2 0.685312 0.022481 0.012750 0.007993
2 0.367500 0.030391 0.018000 0.026978
2 0.942187 0.025812 0.027750 0.017985
2 0.886563 0.026228 0.015750 0.018984
2 0.410938 0.036636 0.036750 0.043963
2 0.918125 0.024147 0.013500 0.015987
2 0.858125 0.024979 0.021000 0.017985
2 0.227187 0.022065 0.011250 0.010991
2 0.030625 0.030391 0.021000 0.030974
2 0.977187 0.022481 0.008250 0.013988
2 0.601562 0.020400 0.011250 0.010991
2 0.592500 0.025812 0.015000 0.023980
2 0.725625 0.020816 0.009000 0.013988
2 0.558125 0.020816 0.007500 0.013988
2 0.770312 0.019567 0.009750 0.012989
2 0.679375 0.023314 0.015000 0.021982
2 0.346875 0.024563 0.019500 0.024979
2 0.993625 0.024979 0.012750 0.027977
2 0.836250 0.022065 0.018000 0.020983
2 0.752812 0.017902 0.014250 0.010991
2 0.329062 0.027477 0.021750 0.033972
2 0.044687 0.023314 0.015750 0.023980
2 0.622188 0.027061 0.030750 0.034971
2 0.520625 0.021232 0.010500 0.020983
2 0.817187 0.026228 0.023250 0.034971
2 0.402813 0.111407 0.159750 0.222814
2 0.905937 0.022065 0.014250 0.026978
2 0.126250 0.014988 0.021000 0.009992
2 0.009000 0.021232 0.018000 0.026978
2 0.566562 0.021649 0.026250 0.029975
2 0.575625 0.015820 0.009000 0.017985
2 0.359063 0.015404 0.015750 0.016986
2 0.240937 0.014988 0.024750 0.019983
2 0.184688 0.024979 0.026250 0.043963
2 0.703438 0.014571 0.014250 0.020983
2 0.640000 0.012490 0.013500 0.015987
2 0.149688 0.011657 0.011250 0.015987
2 0.068125 0.012906 0.013500 0.018984
2 0.891563 0.014155 0.009750 0.023980
2 0.836250 0.009575 0.013500 0.012989
2 0.755000 0.009159 0.013500 0.011990
2 0.794375 0.030974 0.036000 0.061948
2 0.163125 0.024480 0.028500 0.048959
2 0.860625 0.005412 0.015000 0.008993
2 0.104063 0.062448 0.134250 0.124896
2 0.012500 0.004996 0.012000 0.007993
2 0.993625 0.007993 0.012750 0.015987
2 0.974688 0.011990 0.018750 0.023980
2 0.952812 0.007993 0.009750 0.015987
2 0.927813 0.011490 0.042750 0.022981
2 0.773750 0.007494 0.027000 0.014988
2 0.725625 0.008993 0.009000 0.017985
2 0.687500 0.009492 0.025500 0.018984
2 0.662188 0.021482 0.026250 0.042964
2 0.585938 0.009992 0.014250 0.019983
2 0.544375 0.016486 0.025500 0.032973
2 0.519062 0.004996 0.011250 0.009992
2 0.508125 0.005495 0.009000 0.010991
2 0.489063 0.004496 0.008250 0.008993
2 0.474062 0.009992 0.011250 0.019983
2 0.455000 0.006994 0.009000 0.013988
2 0.445937 0.005995 0.008250 0.011990
2 0.337500 0.007993 0.015000 0.015987
2 0.321250 0.009992 0.010500 0.019983
2 0.292812 0.056453 0.083250 0.112906
2 0.276562 0.011990 0.011250 0.023980
2 0.256875 0.015987 0.025500 0.031973
2 0.234063 0.003997 0.015750 0.007993
2 0.212188 0.011490 0.041250 0.022981
2 0.190000 0.004996 0.013500 0.009992
2 0.142813 0.012989 0.012750 0.025978
2 0.124688 0.005995 0.015750 0.011990
2 0.095625 0.009492 0.027000 0.018984
2 0.081875 0.014488 0.025500 0.028976
2 0.068125 0.031474 0.046500 0.062948
2 0.045625 0.006994 0.009000 0.013988
2 0.021562 0.005995 0.008250 0.011990
