2 0.517188 0.995504 0.008250 0.008993
2 0.588125 0.995004 0.019500 0.009992
2 0.572812 0.995004 0.014250 0.009992
2 0.496250 0.994005 0.010500 0.011990
2 0.545312 0.993505 0.011250 0.012989
2 0.103750 0.993505 0.007500 0.012989
2 0.652500 0.993006 0.022500 0.013988
2 0.559375 0.992506 0.010500 0.014988
2 0.236250 0.992007 0.010500 0.015987
2 0.816875 0.991507 0.018000 0.016986
2 0.345625 0.991507 0.018000 0.016986
2 0.009375 0.991507 0.018750 0.016986
2 0.216562 0.991007 0.008250 0.017985
2 0.722812 0.990508 0.008250 0.018984
2 0.135625 0.990508 0.009000 0.018984
2 0.769687 0.990008 0.024750 0.019983
2 0.646875 0.987927 0.012000 0.012989
2 0.601875 0.989009 0.027000 0.021982
2 0.503750 0.984180 0.009000 0.011990
2 0.785312 0.980849 0.011250 0.007993
2 0.971125 0.986012 0.057750 0.027977
2 0.716250 0.982098 0.006000 0.014988
2 0.578438 0.982515 0.015750 0.015987
2 0.403438 0.985512 0.021750 0.028976
2 0.468438 0.983347 0.009750 0.021982
2 0.639687 0.978768 0.008250 0.014988
2 0.566875 0.982515 0.028500 0.023980
2 0.883750 0.977519 0.007500 0.013988
2 0.981563 0.975021 0.009750 0.013988
2 0.410000 0.981266 0.022500 0.032973
2 0.104375 0.977519 0.019500 0.023980
2 0.458437 0.979184 0.012750 0.029975
2 0.199375 0.972107 0.021000 0.012989
2 0.786875 0.970441 0.010500 0.010991
2 0.483438 0.979017 0.023250 0.041965
2 0.747500 0.978018 0.042000 0.043963
2 0.447813 0.970025 0.006750 0.015987
2 0.956875 0.968360 0.009000 0.013988
2 0.729375 0.974188 0.009000 0.027977
2 0.014250 0.977019 0.028500 0.045962
2 0.964688 0.968360 0.008250 0.019983
2 0.665312 0.967111 0.014250 0.016986
2 0.557813 0.963364 0.014250 0.007993
2 0.689063 0.975520 0.060750 0.048959
2 0.716875 0.965862 0.024000 0.019983
2 0.567500 0.961282 0.007500 0.008993
2 0.490312 0.965862 0.020250 0.025978
2 0.230937 0.955870 0.018750 0.011990
2 0.995125 0.954205 0.009750 0.009992
2 0.738125 0.959617 0.010500 0.022981
2 0.728437 0.953372 0.014250 0.019983
2 0.742812 0.948793 0.012750 0.012989
2 0.710625 0.949209 0.018000 0.013988
2 0.265625 0.963031 0.051000 0.073938
2 0.226875 0.944629 0.013500 0.018984
2 0.574063 0.955454 0.032250 0.046961
2 0.650625 0.960033 0.024000 0.063947
2 0.551562 0.937552 0.008250 0.011990
2 0.923438 0.958535 0.119250 0.082931
2 0.415938 0.935470 0.012750 0.014988
2 0.551562 0.958784 0.030750 0.076936
2 0.379063 0.955037 0.072750 0.089925
2 0.284687 0.927560 0.008250 0.009992
2 0.146875 0.927144 0.007500 0.008993
2 0.945000 0.929642 0.012000 0.024979
2 0.004500 0.923397 0.009000 0.017985
2 0.507188 0.921316 0.030750 0.022981
2 0.562813 0.914238 0.009750 0.011990
2 0.939063 0.913822 0.020250 0.012989
2 0.039750 0.945046 0.079500 0.109908
2 0.988750 0.926728 0.022500 0.049958
2 0.370312 0.907161 0.011250 0.006994
2 0.051875 0.907577 0.006000 0.011990
2 0.043750 0.906744 0.006000 0.011990
2 0.525937 0.911740 0.018750 0.025978
2 0.927500 0.906744 0.007500 0.015987
2 0.400938 0.907577 0.015750 0.031973
2 0.552813 0.907993 0.023250 0.044963
2 0.310625 0.897169 0.007500 0.020983
2 0.003375 0.893422 0.006750 0.013988
2 0.017250 0.907161 0.034500 0.052956
2 0.463125 0.887177 0.006000 0.012989
2 0.532813 0.885512 0.012750 0.012989
2 0.954688 0.885928 0.012750 0.015987
2 0.446250 0.883847 0.015000 0.014988
2 0.302187 0.883430 0.015750 0.021982
2 0.968125 0.883014 0.022500 0.024979
2 0.535000 0.877186 0.012000 0.014988
2 0.581250 0.872190 0.007500 0.012989
2 0.208125 0.870525 0.016500 0.008993
2 0.346250 0.885928 0.027000 0.049958
2 0.575313 0.869692 0.005250 0.012989
2 0.065312 0.870941 0.027750 0.021982
2 0.040938 0.870108 0.012750 0.019983
2 0.964375 0.922981 0.071250 0.148876
2 0.540000 0.871357 0.013500 0.024979
2 0.228125 0.871357 0.027000 0.024979
2 0.034063 0.864280 0.008250 0.013988
2 0.735313 0.860533 0.006750 0.010991
2 0.309375 0.860117 0.007500 0.019983
2 0.067812 0.860533 0.024750 0.030974
2 0.405625 0.850958 0.016500 0.011990
2 0.353438 0.904080 0.152250 0.191840
2 0.282500 0.845545 0.013500 0.012989
2 0.296250 0.851374 0.028500 0.042964
2 0.596875 0.841799 0.018000 0.029975
2 0.313750 0.837635 0.021000 0.027977
2 0.071563 0.836386 0.024750 0.034971
2 0.398750 0.826395 0.013500 0.012989
2 0.342500 0.823897 0.012000 0.010991
2 0.597500 0.823480 0.012000 0.011990
2 0.565937 0.848460 0.054750 0.085928
2 0.119688 0.823064 0.020250 0.024979
2 0.253437 0.811823 0.008250 0.007993
2 0.995125 0.815570 0.009750 0.020983
2 0.319375 0.813072 0.012000 0.014988
2 0.044062 0.815570 0.017250 0.028976
2 0.116875 0.807660 0.009000 0.013988
2 0.278438 0.819317 0.030750 0.045962
2 0.409062 0.819734 0.018750 0.048959
2 0.237500 0.800167 0.010500 0.007993
2 0.050000 0.805579 0.012000 0.020983
2 0.304688 0.814321 0.032250 0.045962
2 0.357500 0.832223 0.040500 0.096919
2 0.514687 0.794754 0.009750 0.012989
2 0.291563 0.792673 0.009750 0.013988
2 0.608750 0.791424 0.012000 0.018984
2 0.464687 0.792256 0.021750 0.024979
2 0.603750 0.782265 0.013500 0.020983
2 0.408750 0.778934 0.012000 0.014988
2 0.462500 0.776436 0.007500 0.012989
2 0.530312 0.819734 0.068250 0.118901
2 0.185938 0.776853 0.015750 0.021982
2 0.903438 0.772689 0.024750 0.017985
2 0.957500 0.759367 0.009000 0.015987
2 0.525000 0.756037 0.010500 0.019983
2 0.511875 0.774771 0.043500 0.068943
2 0.455000 0.750208 0.009000 0.009992
2 0.338750 0.758118 0.024000 0.028976
2 0.681875 0.751457 0.019500 0.024979
2 0.255625 0.752290 0.013500 0.026978
2 0.335625 0.745629 0.010500 0.018984
2 0.476875 0.744380 0.013500 0.023980
2 0.972187 0.736053 0.015750 0.007993
2 0.519375 0.741465 0.012000 0.020983
2 0.233437 0.736886 0.008250 0.011990
2 0.898438 0.750624 0.029250 0.048959
2 0.512500 0.735221 0.016500 0.015987
2 0.340938 0.732723 0.012750 0.009992
2 0.187188 0.733555 0.014250 0.013988
2 0.243125 0.734388 0.013500 0.019983
2 0.253437 0.731474 0.009750 0.014988
2 0.663125 0.728560 0.009000 0.011990
2 0.886875 0.726894 0.009000 0.013988
2 0.475000 0.751873 0.064500 0.073938
2 0.323125 0.744796 0.016500 0.058951
2 0.698125 0.724813 0.006000 0.012989
2 0.895312 0.723980 0.009750 0.014988
2 0.721562 0.726894 0.012750 0.021982
2 0.031563 0.727311 0.009750 0.022981
2 0.909062 0.725645 0.024750 0.020983
2 0.653750 0.725229 0.010500 0.019983
2 0.645312 0.722731 0.008250 0.017985
2 0.329062 0.725229 0.012750 0.025978
2 0.982500 0.722731 0.010500 0.031973
2 0.285938 0.712323 0.009750 0.012989
2 0.402500 0.712739 0.007500 0.015987
2 0.177500 0.716903 0.034500 0.027977
2 0.989875 0.724813 0.020250 0.048959
2 0.718125 0.711490 0.006000 0.016986
2 0.298750 0.712739 0.021000 0.021982
2 0.041563 0.711490 0.008250 0.020983
2 0.395313 0.707327 0.006750 0.012989
2 0.360312 0.706078 0.012750 0.013988
2 0.292500 0.704413 0.010500 0.011990
2 0.377188 0.713988 0.038250 0.036969
2 0.044062 0.703580 0.008250 0.015987
2 0.417500 0.707327 0.040500 0.030974
2 0.279375 0.701915 0.016500 0.017985
2 0.201563 0.699001 0.011250 0.012989
2 0.994375 0.698168 0.011250 0.012989
2 0.984375 0.701915 0.016500 0.023980
2 0.716562 0.696087 0.009750 0.013988
2 0.681875 0.708576 0.021000 0.047960
2 0.661250 0.705246 0.022500 0.039967
2 0.291563 0.694005 0.005250 0.014988
2 0.366875 0.691507 0.030000 0.024979
2 0.642813 0.682348 0.012750 0.010991
2 0.030312 0.678601 0.015750 0.013988
2 0.016875 0.677352 0.015000 0.012989
2 0.356250 0.764363 0.144000 0.223813
2 0.668750 0.681099 0.019500 0.029975
2 0.768125 0.674438 0.010500 0.019983
2 0.007500 0.669026 0.015000 0.018984
2 0.776875 0.666528 0.015000 0.016986
2 0.532813 0.662781 0.009750 0.011990
2 0.396875 0.666112 0.006000 0.019983
2 0.478750 0.659867 0.010500 0.010991
2 0.238750 0.662781 0.025500 0.027977
2 0.120313 0.661532 0.017250 0.032973
2 0.427187 0.656536 0.015750 0.022981
2 0.239375 0.646545 0.010500 0.010991
2 0.691250 0.689009 0.058500 0.124896
2 0.743125 0.707744 0.100500 0.173855
2 0.119063 0.639051 0.017250 0.016986
2 0.401875 0.636969 0.013500 0.015987
2 0.726875 0.632390 0.012000 0.014988
2 0.739062 0.636137 0.017250 0.025978
2 0.720313 0.629059 0.011250 0.008993
2 0.705000 0.638634 0.021000 0.035970
2 0.690625 0.631557 0.009000 0.018984
2 0.923438 0.628643 0.008250 0.013988
2 0.497500 0.627810 0.009000 0.011990
2 0.095937 0.638634 0.059250 0.051957
2 0.041875 0.617402 0.007500 0.014988
2 0.390000 0.626978 0.034500 0.041965
2 0.285625 0.611990 0.015000 0.007993
2 0.270937 0.615321 0.014250 0.021982
2 0.223750 0.611990 0.013500 0.015987
2 0.532500 0.610325 0.013500 0.023980
2 0.257188 0.604080 0.009750 0.012989
2 0.193438 0.602415 0.006750 0.010991
2 0.022875 0.613655 0.045750 0.055953
2 0.270000 0.599084 0.025500 0.024979
2 0.494688 0.597002 0.017250 0.023980
2 0.198750 0.592007 0.024000 0.021982
2 0.686562 0.587427 0.009750 0.014988
2 0.473750 0.580350 0.013500 0.007993
2 0.063437 0.584097 0.012750 0.018984
2 0.010500 0.582848 0.021000 0.031973
2 0.422500 0.577019 0.009000 0.019983
2 0.393125 0.575770 0.010500 0.024979
2 0.330937 0.568693 0.011250 0.011990
2 0.009375 0.568693 0.018750 0.017985
2 0.691250 0.577019 0.042000 0.039967
2 0.398750 0.563697 0.007500 0.011990
2 0.417812 0.566611 0.014250 0.024979
2 0.031563 0.548709 0.012750 0.011990
2 0.418750 0.546211 0.010500 0.015987
2 0.323437 0.548293 0.018750 0.032973
2 0.135937 0.540383 0.012750 0.017985
2 0.996625 0.535387 0.006750 0.015987
2 0.889687 0.542048 0.008250 0.031973
2 0.337500 0.562032 0.058500 0.097918
2 0.235625 0.527893 0.013500 0.017985
2 0.132188 0.540799 0.042750 0.050958
2 0.186875 0.527477 0.007500 0.020983
2 0.200000 0.524147 0.016500 0.016986
2 0.532813 0.527477 0.018750 0.032973
2 0.303750 0.526228 0.018000 0.029975
2 0.169687 0.516653 0.006750 0.010991
2 0.557813 0.517485 0.008250 0.016986
2 0.123438 0.524147 0.032250 0.032973
2 0.006375 0.521649 0.012750 0.026978
2 0.313750 0.514988 0.012000 0.014988
2 0.239375 0.512906 0.012000 0.013988
2 0.163125 0.509159 0.009000 0.010991
2 0.116250 0.510824 0.019500 0.020983
2 0.028125 0.524147 0.045000 0.056953
2 0.015000 0.510408 0.030000 0.029975
2 0.315625 0.501249 0.010500 0.015987
2 0.237187 0.500833 0.006750 0.014988
2 0.336250 0.500833 0.016500 0.022981
2 0.127188 0.488343 0.005250 0.014988
2 0.326250 0.494172 0.021000 0.036969
2 0.552188 0.484180 0.012750 0.032973
2 0.182812 0.475021 0.017250 0.018984
2 0.881250 0.470441 0.009000 0.017985
2 0.272500 0.471274 0.012000 0.019983
2 0.414687 0.461282 0.015750 0.013988
2 0.279375 0.456286 0.009000 0.011990
2 0.399375 0.457952 0.013500 0.019983
2 0.783750 0.462115 0.015000 0.031973
2 0.136563 0.453372 0.009750 0.010991
2 0.003750 0.451707 0.006000 0.010991
2 0.362187 0.446711 0.009750 0.016986
2 0.352500 0.444213 0.009000 0.012989
2 0.113750 0.447544 0.028500 0.022981
2 0.784687 0.441299 0.011250 0.015987
2 0.306563 0.441299 0.009750 0.019983
2 0.296563 0.438801 0.009750 0.015987
2 0.171875 0.427977 0.013500 0.013988
2 0.585625 0.432140 0.007500 0.025978
2 0.410625 0.437552 0.064500 0.038968
2 0.291875 0.426728 0.010500 0.012989
2 0.868125 0.422565 0.013500 0.016986
2 0.788125 0.422981 0.015000 0.017985
2 0.109687 0.458784 0.056250 0.103913
2 0.379063 0.429642 0.024750 0.035970
2 0.158125 0.447960 0.040500 0.081932
2 0.363125 0.419650 0.009000 0.015987
2 0.345313 0.421316 0.012750 0.019983
2 0.240625 0.419650 0.007500 0.015987
2 0.174687 0.417985 0.015750 0.015987
2 0.396875 0.417152 0.018000 0.027977
2 0.164375 0.409242 0.007500 0.012989
2 0.288438 0.408826 0.011250 0.015987
2 0.223438 0.405495 0.011250 0.011990
2 0.180938 0.406744 0.009750 0.016986
2 0.338438 0.406744 0.020250 0.026978
2 0.456562 0.399251 0.014250 0.012989
2 0.301563 0.399251 0.005250 0.012989
2 0.753437 0.400083 0.014250 0.018984
2 0.248750 0.405912 0.010500 0.032973
2 0.237187 0.400083 0.017250 0.018984
2 0.773438 0.421732 0.054750 0.074938
2 0.129375 0.393422 0.007500 0.010991
2 0.056875 0.387594 0.012000 0.006994
2 0.397500 0.388426 0.007500 0.010991
2 0.767813 0.388010 0.012750 0.015987
2 0.569063 0.385928 0.012750 0.010991
2 0.170000 0.391341 0.022500 0.045962
2 0.050313 0.382182 0.012750 0.023980
2 0.492812 0.381349 0.050250 0.031973
2 0.764687 0.375520 0.017250 0.019983
2 0.316563 0.374271 0.011250 0.016986
2 0.375937 0.391757 0.051750 0.064946
2 0.394062 0.367610 0.014250 0.008993
2 0.077188 0.361782 0.009750 0.010991
2 0.906875 0.360117 0.009000 0.010991
2 0.543750 0.367194 0.021000 0.035970
2 0.224062 0.356786 0.008250 0.016986
2 0.030000 0.357202 0.010500 0.017985
2 0.266562 0.367610 0.057750 0.052956
2 0.897813 0.347627 0.011250 0.028976
2 0.455000 0.341382 0.010500 0.013988
2 0.021875 0.340133 0.016500 0.020983
2 0.907188 0.335970 0.012750 0.012989
2 0.439688 0.338884 0.008250 0.019983
2 0.160312 0.335137 0.008250 0.012989
2 0.004875 0.333056 0.009750 0.009992
2 0.200313 0.330558 0.009750 0.009992
2 0.273438 0.327227 0.009750 0.013988
2 0.877812 0.330558 0.015750 0.031973
2 0.186562 0.334721 0.018750 0.041965
2 0.343125 0.319317 0.007500 0.010991
2 0.005250 0.322648 0.010500 0.018984
2 0.269375 0.319734 0.012000 0.017985
2 0.090625 0.320566 0.024000 0.021982
2 0.069062 0.323897 0.023250 0.031973
2 0.314063 0.316819 0.009750 0.020983
2 0.036250 0.315570 0.016500 0.021982
2 0.076250 0.310158 0.007500 0.010991
2 0.341875 0.308077 0.012000 0.007993
2 0.441875 0.581848 0.282000 0.836303
2 0.003750 0.306411 0.007500 0.015987
2 0.446875 0.320566 0.037500 0.051957
2 0.228437 0.310158 0.027750 0.026978
2 0.086563 0.302664 0.011250 0.012989
2 0.178750 0.417152 0.267000 0.291757
2 0.169687 0.298085 0.008250 0.019983
2 0.761875 0.298085 0.013500 0.021982
2 0.778750 0.294754 0.016500 0.015987
2 0.989375 0.293089 0.021000 0.015987
2 0.146875 0.306828 0.031500 0.054954
2 0.720313 0.288926 0.006750 0.013988
2 0.127500 0.306828 0.022500 0.060949
2 0.252188 0.335554 0.083250 0.133888
2 0.418125 0.303497 0.048000 0.058951
2 0.160625 0.289342 0.021000 0.024979
2 0.020313 0.283514 0.009750 0.012989
2 0.457500 0.281432 0.010500 0.013988
2 0.824063 0.293922 0.042750 0.047960
2 0.138750 0.282265 0.021000 0.023980
2 0.119688 0.279351 0.006750 0.016986
2 0.768750 0.281016 0.016500 0.022981
2 0.967500 0.275604 0.007500 0.011990
2 0.755625 0.285595 0.015000 0.037968
2 0.728750 0.279351 0.013500 0.024979
2 0.429063 0.283514 0.018750 0.034971
2 0.829688 0.273522 0.011250 0.012989
2 0.447500 0.276020 0.006000 0.020983
2 0.319063 0.298085 0.042750 0.073938
2 0.716562 0.273106 0.017250 0.019983
2 0.320937 0.271440 0.020250 0.019983
2 0.759375 0.266445 0.018000 0.011990
2 0.124063 0.266028 0.011250 0.016986
2 0.297812 0.273938 0.032250 0.047960
2 0.425000 0.266445 0.027000 0.031973
2 0.361563 0.283930 0.087750 0.073938
2 0.753437 0.260200 0.023250 0.018984
2 0.276250 0.290591 0.069000 0.091923
2 0.169063 0.271440 0.038250 0.045962
2 0.478750 0.286844 0.090000 0.086928
2 0.737812 0.255620 0.027750 0.021982
2 0.140313 0.262281 0.036750 0.037968
2 0.518125 0.258535 0.028500 0.040966
2 0.488750 0.258535 0.040500 0.040966
2 0.820937 0.244796 0.014250 0.013988
2 0.139063 0.243131 0.026250 0.013988
2 0.045937 0.241049 0.011250 0.010991
2 0.604688 0.239800 0.011250 0.011990
2 0.727500 0.238968 0.009000 0.011990
2 0.080937 0.272689 0.084750 0.092923
2 0.925000 0.237302 0.007500 0.015987
2 0.155938 0.234804 0.011250 0.011990
2 0.005938 0.233555 0.009750 0.016986
2 0.629062 0.232306 0.012750 0.021982
2 0.463750 0.235637 0.024000 0.033972
2 0.117500 0.226894 0.009000 0.014988
2 0.075313 0.226894 0.021750 0.020983
2 0.039062 0.224396 0.009750 0.014988
2 0.212188 0.220233 0.006750 0.012989
2 0.791250 0.219817 0.013500 0.015987
2 0.435625 0.224396 0.012000 0.032973
2 0.469062 0.218152 0.020250 0.021982
2 0.785625 0.213988 0.012000 0.013988
2 0.493437 0.233555 0.035250 0.062948
2 0.320000 0.220233 0.019500 0.030974
2 0.444375 0.212739 0.015000 0.018984
2 0.290312 0.210241 0.008250 0.012989
2 0.003375 0.209825 0.006750 0.013988
2 0.335938 0.206911 0.008250 0.010991
2 0.052812 0.222731 0.032250 0.048959
2 0.359375 0.232723 0.039000 0.074938
2 0.035625 0.207744 0.012000 0.014988
2 0.980125 0.245629 0.039750 0.111907
2 0.300625 0.203997 0.010500 0.019983
2 0.446875 0.200250 0.016500 0.024979
2 0.106875 0.192340 0.012000 0.009992
2 0.125938 0.191507 0.008250 0.011990
2 0.334688 0.193172 0.011250 0.017985
2 0.355625 0.195670 0.034500 0.025978
2 0.116250 0.206078 0.024000 0.052956
2 0.436563 0.192340 0.006750 0.023980
2 0.478125 0.186095 0.012000 0.010991
2 0.991375 0.187344 0.017250 0.017985
2 0.227187 0.184013 0.006750 0.011990
2 0.038437 0.179017 0.009750 0.007993
2 0.176250 0.179434 0.010500 0.010991
2 0.995125 0.178601 0.009750 0.012989
2 0.482812 0.177352 0.008250 0.009992
2 0.185938 0.186511 0.020250 0.035970
2 0.141250 0.176520 0.012000 0.011990
2 0.807187 0.181099 0.015750 0.026978
2 0.310625 0.196087 0.088500 0.066944
2 0.008750 0.173605 0.007500 0.012989
2 0.240313 0.173189 0.014250 0.017985
2 0.420312 0.227311 0.119250 0.149875
2 0.203437 0.170691 0.011250 0.013988
2 0.977187 0.184846 0.030750 0.053955
2 0.389062 0.171524 0.012750 0.021982
2 0.035937 0.180683 0.029250 0.045962
2 0.395313 0.160283 0.011250 0.008993
2 0.176250 0.166112 0.021000 0.022981
2 0.050313 0.165279 0.009750 0.026978
2 0.089375 0.158201 0.010500 0.021982
2 0.986875 0.154455 0.012000 0.016986
2 0.401562 0.153622 0.009750 0.014988
2 0.386562 0.148210 0.021750 0.017985
2 0.283750 0.146961 0.018000 0.016986
2 0.413438 0.151540 0.027750 0.033972
2 0.982812 0.139467 0.009750 0.012989
2 0.799687 0.152373 0.015750 0.043963
2 0.062187 0.136553 0.009750 0.011990
2 0.358438 0.166112 0.087750 0.084929
2 0.349375 0.136553 0.006000 0.017985
2 0.126875 0.138634 0.006000 0.022981
2 0.480625 0.134471 0.015000 0.014988
2 0.034688 0.133639 0.017250 0.012989
2 0.384062 0.134055 0.021750 0.021982
2 0.226562 0.149042 0.042750 0.067943
2 0.339062 0.132806 0.017250 0.032973
2 0.991375 0.130724 0.017250 0.029975
2 0.963125 0.125729 0.015000 0.017985
2 0.379375 0.124480 0.016500 0.016986
2 0.273750 0.138218 0.028500 0.049958
2 0.225625 0.121982 0.009000 0.012989
2 0.976250 0.124063 0.013500 0.019983
2 0.212812 0.115737 0.014250 0.013988
2 0.805937 0.111990 0.011250 0.012989
2 0.197500 0.112406 0.019500 0.013988
2 0.154375 0.119067 0.019500 0.029975
2 0.958750 0.111157 0.024000 0.012989
2 0.327500 0.106578 0.013500 0.009992
2 0.788438 0.104496 0.008250 0.008993
2 0.221875 0.106162 0.015000 0.014988
2 0.145625 0.105745 0.010500 0.013988
2 0.240750 0.542048 0.481500 1.000000
2 0.920000 0.102415 0.010500 0.015987
2 0.100625 0.111574 0.018000 0.037968
2 0.028750 0.130308 0.051000 0.082931
2 0.805625 0.099500 0.009000 0.014988
2 0.170625 0.101166 0.027000 0.018984
2 0.272813 0.105745 0.017250 0.031973
2 0.244375 0.127810 0.054000 0.086928
2 0.474687 0.094921 0.008250 0.017985
2 0.347813 0.084513 0.008250 0.014988
2 0.074688 0.096170 0.026250 0.042964
2 0.930312 0.095337 0.014250 0.046961
2 0.085625 0.079933 0.012000 0.013988
2 0.021875 0.078684 0.007500 0.014988
2 0.994750 0.077852 0.010500 0.016986
2 0.762813 0.082848 0.018750 0.030974
2 0.365625 0.077852 0.015000 0.020983
2 0.120938 0.074521 0.012750 0.014988
2 0.174687 0.076603 0.012750 0.025978
2 0.775000 0.083680 0.037500 0.044963
2 0.437188 0.072023 0.009750 0.016986
2 0.110000 0.069109 0.012000 0.013988
2 0.216875 0.202748 0.309000 0.336719
2 0.022812 0.065362 0.005250 0.012989
2 0.780625 0.065362 0.009000 0.016986
2 0.752500 0.069942 0.015000 0.031973
2 0.958375 0.091590 0.083250 0.087927
2 0.011250 0.073689 0.022500 0.058951
2 0.995500 0.052456 0.009000 0.009992
2 0.285938 0.051624 0.012750 0.011990
2 0.113125 0.053705 0.028500 0.018984
2 0.314063 0.050791 0.008250 0.015987
2 0.128750 0.072023 0.039000 0.066944
2 0.027813 0.053705 0.011250 0.024979
2 0.335938 0.047877 0.009750 0.016986
2 0.556875 0.046628 0.006000 0.015987
2 0.013125 0.044130 0.009000 0.011990
2 0.286250 0.042048 0.013500 0.010991
2 0.358438 0.038301 0.009750 0.021982
2 0.843750 0.032057 0.015000 0.014988
2 0.177813 0.032057 0.006750 0.014988
2 0.039062 0.028726 0.012750 0.010991
2 0.082187 0.126145 0.131250 0.246794
2 0.096875 0.027477 0.010500 0.013988
2 0.014250 0.032473 0.028500 0.029975
2 0.155000 0.061199 0.054000 0.100916
2 0.869375 0.027477 0.015000 0.021982
2 0.184062 0.020816 0.009750 0.013988
2 0.165000 0.023314 0.009000 0.019983
2 0.289062 0.024979 0.017250 0.027977
2 0.093438 0.019983 0.011250 0.017985
2 0.148750 0.012906 0.015000 0.018984
2 0.953438 0.006495 0.015750 0.012989
2 0.926875 0.016986 0.021000 0.033972
2 0.912188 0.010491 0.021750 0.020983
2 0.825937 0.021482 0.041250 0.042964
2 0.765000 0.047960 0.126000 0.095920
2 0.701875 0.004996 0.019500 0.009992
2 0.554063 0.008993 0.017250 0.017985
2 0.534375 0.006495 0.013500 0.012989
2 0.493437 0.017485 0.042750 0.034971
2 0.468750 0.021982 0.027000 0.043963
2 0.414687 0.007993 0.023250 0.015987
2 0.619750 0.600000 0.760500 1.000000
2 0.362500 0.016486 0.022500 0.032973
2 0.347500 0.008493 0.016500 0.016986
2 0.319688 0.006994 0.008250 0.013988
2 0.305312 0.009992 0.023250 0.019983
2 0.288438 0.005995 0.015750 0.011990
2 0.269375 0.022481 0.036000 0.044963
2 0.297812 0.110408 0.204750 0.220816
2 0.240313 0.003997 0.015750 0.007993
2 0.225625 0.012490 0.015000 0.024979
2 0.188750 0.113405 0.084000 0.226811
2 0.194688 0.006994 0.009750 0.013988
2 0.182500 0.007494 0.009000 0.014988
2 0.175625 0.014988 0.012000 0.029975
2 0.105938 0.030475 0.083250 0.060949
2 0.044375 0.067943 0.066000 0.135887
2 0.028875 0.013489 0.057750 0.026978
2 0.013750 0.003997 0.012000 0.007993
