2 0.125625 0.928125 0.251250 0.143750
2 0.416797 0.740625 0.027187 0.027500
2 0.296484 0.742708 0.014063 0.040000
2 0.303125 0.735417 0.011250 0.035000
2 0.360547 0.717708 0.023438 0.035000
2 0.392578 0.708854 0.029062 0.028750
2 0.314844 0.698958 0.024375 0.040000
2 0.472656 0.686458 0.020625 0.037500
2 0.437891 0.691667 0.057188 0.060000
2 0.259766 0.666667 0.029062 0.025000
2 0.288281 0.685937 0.035625 0.076250
2 0.465234 0.650000 0.025312 0.025000
2 0.447266 0.657292 0.040313 0.047500
2 0.416406 0.642188 0.013125 0.023750
2 0.297266 0.644792 0.051562 0.042500
2 0.443359 0.626042 0.027187 0.022500
2 0.453125 0.592187 0.043125 0.043750
2 0.337500 0.581250 0.028125 0.017500
2 0.272266 0.596875 0.059062 0.057500
2 0.373047 0.631771 0.122812 0.168750
2 0.271875 0.571354 0.020625 0.036250
2 0.327734 0.564583 0.021562 0.025000
2 0.311719 0.565625 0.018750 0.037500
2 0.435547 0.560417 0.010312 0.027500
2 0.227734 0.556771 0.019688 0.031250
2 0.441797 0.570312 0.042188 0.066250
2 0.289062 0.558854 0.033750 0.048750
2 0.248047 0.547396 0.027187 0.023750
2 0.304688 0.541667 0.026250 0.017500
2 0.350391 0.578646 0.117188 0.128750
2 0.322656 0.538542 0.011250 0.035000
2 0.209766 0.529167 0.019688 0.032500
2 0.304688 0.518229 0.030000 0.031250
2 0.325000 0.510417 0.020625 0.022500
2 0.238281 0.519792 0.035625 0.052500
2 0.283984 0.503125 0.025312 0.040000
2 0.447656 0.492188 0.016875 0.018750
2 0.309375 0.493750 0.018750 0.027500
2 0.405859 0.486979 0.027187 0.026250
2 0.316406 0.483854 0.009375 0.018750
2 0.408203 0.525521 0.175313 0.133750
2 0.432812 0.490104 0.054375 0.066250
2 0.286328 0.471354 0.057188 0.031250
2 0.243750 0.472917 0.018750 0.040000
2 0.330078 0.456771 0.045937 0.036250
2 0.269141 0.446354 0.012188 0.013750
2 0.311328 0.447396 0.019688 0.031250
2 0.285938 0.442708 0.022500 0.022500
2 0.341406 0.435937 0.048750 0.033750
2 0.267188 0.411979 0.020625 0.016250
2 0.351172 0.411979 0.025312 0.018750
2 0.294922 0.428125 0.120937 0.077500
2 0.288281 0.403125 0.022500 0.030000
2 0.424609 0.404167 0.023438 0.045000
2 0.400000 0.392708 0.024375 0.025000
2 0.391797 0.444271 0.165938 0.156250
2 0.444922 0.385937 0.019688 0.031250
2 0.415625 0.377083 0.018750 0.032500
2 0.326953 0.382812 0.085312 0.046250
2 0.432812 0.363542 0.024375 0.032500
2 0.652187 0.600000 0.695625 1.000000
2 0.054375 0.169375 0.108750 0.338750
