2 0.310000 0.767500 0.096000 0.120000
2 0.051000 0.716250 0.102000 0.093000
2 0.150000 0.693750 0.126000 0.123000
2 0.323750 0.645000 0.093000 0.114000
2 0.192500 0.627500 0.180000 0.078000
2 0.235000 0.577500 0.102000 0.120000
2 0.024000 0.493750 0.048000 0.069000
2 0.217500 0.437500 0.102000 0.114000
2 0.118750 0.421250 0.099000 0.123000
2 0.021000 0.325000 0.042000 0.036000
2 0.291250 0.416250 0.261000 0.267000
2 0.102000 0.348750 0.204000 0.117000
2 0.552500 0.341250 0.120000 0.129000
2 0.069000 0.277500 0.138000 0.132000
2 0.382500 0.260000 0.114000 0.132000
2 0.035000 0.207500 0.030000 0.048000
2 0.056250 0.175000 0.051000 0.030000
2 0.340000 0.168750 0.144000 0.093000
2 0.518750 0.186250 0.237000 0.225000
2 0.092500 0.130000 0.168000 0.120000
2 0.192500 0.143750 0.174000 0.249000
2 0.638750 0.061250 0.159000 0.099000
2 0.252500 0.062500 0.096000 0.102000
2 0.191250 0.027500 0.027000 0.048000
2 0.466250 0.063000 0.123000 0.126000
2 0.046500 0.045000 0.093000 0.090000
