2 0.437109 0.714583 0.027187 0.032500
2 0.460156 0.686979 0.024375 0.031250
2 0.436719 0.668229 0.058125 0.066250
2 0.553125 0.636979 0.016875 0.043750
2 0.342578 0.630208 0.023438 0.052500
2 0.329688 0.607292 0.026250 0.022500
2 0.417578 0.602083 0.030937 0.035000
2 0.489453 0.619271 0.060937 0.088750
2 0.533203 0.595313 0.021562 0.043750
2 0.571875 0.593750 0.061875 0.052500
2 0.617578 0.577083 0.034687 0.030000
2 0.430859 0.569792 0.023438 0.047500
2 0.544531 0.564583 0.020625 0.040000
2 0.477344 0.557292 0.016875 0.027500
2 0.585547 0.553646 0.030937 0.036250
2 0.372656 0.542708 0.005625 0.020000
2 0.377344 0.529167 0.015000 0.017500
2 0.519141 0.541146 0.032813 0.081250
2 0.391016 0.515625 0.019688 0.022500
2 0.543750 0.523958 0.020625 0.047500
2 0.465625 0.558854 0.065625 0.141250
2 0.368359 0.511458 0.012188 0.027500
2 0.411719 0.508854 0.028125 0.023750
2 0.508203 0.507292 0.030937 0.095000
2 0.607031 0.481771 0.026250 0.036250
2 0.362891 0.564583 0.167812 0.275000
2 0.392969 0.458333 0.041250 0.040000
2 0.368750 0.447396 0.013125 0.033750
2 0.526563 0.433854 0.009375 0.033750
2 0.603516 0.429688 0.021562 0.046250
2 0.407031 0.405208 0.022500 0.050000
2 0.635156 0.388542 0.022500 0.045000
2 0.314063 0.376042 0.058125 0.057500
2 0.288672 0.353646 0.029062 0.048750
2 0.485938 0.343750 0.022500 0.030000
2 0.536719 0.341146 0.018750 0.046250
2 0.403516 0.324479 0.027187 0.016250
2 0.310156 0.331771 0.030000 0.038750
2 0.463281 0.395833 0.371250 0.305000
