2 0.911125 0.932057 0.177750 0.135887
2 0.576562 0.711907 0.030750 0.029975
2 0.547813 0.692756 0.029250 0.027977
2 0.447813 0.670691 0.021750 0.040966
2 0.567500 0.666112 0.063000 0.053955
2 0.374688 0.628643 0.036750 0.027977
2 0.421250 0.632806 0.066000 0.045962
2 0.640312 0.612406 0.008250 0.014988
2 0.508125 0.631973 0.061500 0.083930
2 0.533438 0.604080 0.029250 0.032973
2 0.604375 0.603664 0.024000 0.039967
2 0.401250 0.597835 0.034500 0.027977
2 0.575000 0.594921 0.028500 0.034971
2 0.452813 0.607827 0.042750 0.073938
2 0.566250 0.563281 0.045000 0.048959
2 0.493125 0.543714 0.009000 0.011990
2 0.436875 0.554538 0.024000 0.043963
2 0.464375 0.564946 0.042000 0.074938
2 0.369688 0.532473 0.023250 0.038968
2 0.403125 0.527477 0.052500 0.056953
2 0.567187 0.482098 0.017250 0.019983
2 0.365312 0.480433 0.021750 0.043963
2 0.649062 0.475021 0.026250 0.076936
2 0.409375 0.443797 0.012000 0.007993
2 0.328437 0.449625 0.027750 0.031973
2 0.558438 0.438801 0.015750 0.013988
2 0.410625 0.433389 0.007500 0.014988
2 0.588125 0.425895 0.007500 0.020983
2 0.647500 0.427144 0.016500 0.029975
2 0.470313 0.392173 0.021750 0.015987
2 0.547188 0.399667 0.023250 0.047960
2 0.380937 0.417152 0.047250 0.115903
2 0.524375 0.376353 0.024000 0.041965
2 0.415000 0.375520 0.019500 0.041965
2 0.169125 0.606328 0.338250 0.787344
2 0.643437 0.350958 0.030750 0.028976
2 0.371875 0.371774 0.084000 0.096919
2 0.350938 0.345962 0.026250 0.036969
2 0.603750 0.331807 0.021000 0.016986
2 0.532813 0.329309 0.012750 0.012989
2 0.447188 0.358035 0.054750 0.093922
2 0.565312 0.308493 0.032250 0.030974
2 0.637188 0.311823 0.062250 0.052956
2 0.534062 0.475853 0.345750 0.448626
2 0.270000 0.022481 0.006000 0.009992
2 0.830875 0.393672 0.338250 0.787344
2 0.088875 0.067943 0.177750 0.135887
