2 0.300781 0.808854 0.011250 0.013750
2 0.296484 0.798958 0.006563 0.017500
2 0.293750 0.805729 0.015000 0.058750
2 0.309766 0.804688 0.021562 0.073750
2 0.286328 0.753646 0.010312 0.023750
2 0.273438 0.721875 0.018750 0.020000
2 0.546484 0.719792 0.059062 0.042500
2 0.324609 0.723958 0.051562 0.057500
2 0.207813 0.713542 0.058125 0.035000
2 0.422266 0.725521 0.042188 0.066250
2 0.265625 0.691146 0.013125 0.008750
2 0.269531 0.724479 0.080625 0.118750
2 0.486328 0.686458 0.059062 0.050000
2 0.399609 0.665625 0.089063 0.075000
2 0.292187 0.636979 0.015000 0.011250
2 0.256641 0.646875 0.057188 0.045000
2 0.301172 0.647396 0.040313 0.053750
2 0.362500 0.620833 0.011250 0.017500
2 0.350781 0.621354 0.060000 0.046250
2 0.614844 0.606250 0.022500 0.025000
2 0.589844 0.596875 0.028125 0.030000
2 0.582031 0.589583 0.015000 0.020000
2 0.508203 0.606250 0.049687 0.065000
2 0.179297 0.582292 0.017813 0.025000
2 0.170313 0.572396 0.018750 0.021250
2 0.321094 0.582292 0.106875 0.047500
2 0.113281 0.563021 0.018750 0.013750
2 0.598828 0.605729 0.177187 0.123750
2 0.513672 0.551562 0.012188 0.013750
2 0.521875 0.556250 0.030000 0.047500
2 0.121094 0.553125 0.033750 0.042500
2 0.439063 0.586979 0.120000 0.143750
2 0.220312 0.576042 0.097500 0.127500
2 0.579297 0.540625 0.060937 0.055000
2 0.361328 0.539062 0.120937 0.058750
2 0.153516 0.523438 0.055313 0.036250
2 0.075000 0.526042 0.045000 0.045000
2 0.626563 0.542188 0.063750 0.093750
2 0.499219 0.508333 0.016875 0.012500
2 0.226562 0.501042 0.013125 0.020000
2 0.576562 0.502604 0.058125 0.041250
2 0.226172 0.504687 0.049687 0.048750
2 0.284375 0.500521 0.046875 0.056250
2 0.463281 0.488021 0.035625 0.068750
2 0.485938 0.466667 0.022500 0.027500
2 0.262500 0.493750 0.050625 0.105000
2 0.125781 0.486458 0.073125 0.092500
2 0.443359 0.460938 0.045937 0.066250
2 0.490625 0.426563 0.013125 0.018750
2 0.501563 0.492188 0.061875 0.206250
2 0.260156 0.423438 0.058125 0.063750
2 0.215625 0.418229 0.041250 0.068750
2 0.364453 0.452083 0.179062 0.170000
2 0.543359 0.370312 0.027187 0.021250
2 0.300000 0.376563 0.052500 0.068750
2 0.184766 0.370312 0.057188 0.053750
2 0.262891 0.375000 0.040313 0.070000
2 0.297266 0.347917 0.023438 0.027500
2 0.539844 0.339062 0.016875 0.016250
2 0.338281 0.366667 0.069375 0.085000
2 0.514453 0.348958 0.040313 0.047500
2 0.293750 0.326042 0.013125 0.015000
2 0.350391 0.338542 0.034687 0.062500
2 0.304688 0.313021 0.015000 0.011250
2 0.568750 0.315625 0.011250 0.025000
2 0.191406 0.310417 0.015000 0.032500
2 0.372656 0.301042 0.009375 0.015000
2 0.278906 0.295312 0.026250 0.021250
2 0.498828 0.303125 0.057188 0.045000
2 0.224219 0.289583 0.007500 0.015000
2 0.292969 0.270313 0.016875 0.011250
2 0.460156 0.282292 0.060000 0.052500
2 0.356641 0.263021 0.015938 0.008750
2 0.385547 0.272917 0.049687 0.047500
2 0.573828 0.255208 0.010312 0.020000
2 0.399219 0.244792 0.011250 0.010000
2 0.183203 0.242188 0.008437 0.013750
2 0.181641 0.244792 0.023438 0.027500
2 0.551562 0.242708 0.015000 0.030000
2 0.282422 0.231771 0.015938 0.023750
2 0.550781 0.340625 0.219375 0.305000
2 0.534766 0.273438 0.077812 0.151250
2 0.369141 0.206250 0.010312 0.017500
2 0.490625 0.195312 0.016875 0.016250
2 0.217578 0.194792 0.006563 0.017500
2 0.206250 0.201563 0.013125 0.033750
2 0.555859 0.166667 0.008437 0.032500
2 0.305859 0.155729 0.014063 0.021250
2 0.316797 0.175521 0.059062 0.081250
2 0.544922 0.191146 0.070312 0.121250
2 0.377734 0.164583 0.049687 0.060000
2 0.405078 0.140625 0.014063 0.012500
2 0.204687 0.278125 0.230625 0.365000
2 0.392188 0.254688 0.307500 0.323750
2 0.482422 0.120313 0.025312 0.016250
2 0.423438 0.137500 0.058125 0.092500
2 0.484766 0.127083 0.068437 0.125000
2 0.452344 0.072396 0.045000 0.048750
2 0.521484 0.053125 0.051562 0.047500
2 0.596484 0.600000 0.535312 1.000000
2 0.487500 0.032500 0.054375 0.065000
2 0.178125 0.600000 0.356250 1.000000
