2 0.442969 0.724479 0.020625 0.036250
2 0.445312 0.714583 0.016875 0.030000
2 0.381250 0.676562 0.030000 0.026250
2 0.447266 0.676562 0.029062 0.036250
2 0.498437 0.670312 0.020625 0.041250
2 0.561719 0.660937 0.028125 0.026250
2 0.416406 0.678646 0.050625 0.068750
2 0.527344 0.646354 0.026250 0.033750
2 0.410156 0.635417 0.052500 0.035000
2 0.468359 0.631250 0.074063 0.062500
2 0.565234 0.607292 0.062812 0.047500
2 0.429688 0.599479 0.056250 0.033750
2 0.367188 0.607812 0.061875 0.061250
2 0.314844 0.592708 0.024375 0.027500
2 0.363672 0.583333 0.025312 0.030000
2 0.600781 0.584375 0.016875 0.040000
2 0.478125 0.596875 0.020625 0.070000
2 0.286719 0.579167 0.026250 0.027500
2 0.528125 0.572396 0.011250 0.016250
2 0.565234 0.573438 0.049687 0.031250
2 0.447656 0.572396 0.058125 0.033750
2 0.562891 0.558854 0.014063 0.013750
2 0.431250 0.559375 0.024375 0.027500
2 0.581641 0.554688 0.025312 0.026250
2 0.417187 0.550521 0.028125 0.021250
2 0.551562 0.546354 0.026250 0.023750
2 0.319141 0.559375 0.059062 0.062500
2 0.384375 0.554167 0.063750 0.060000
2 0.485547 0.536458 0.034687 0.055000
2 0.405078 0.527604 0.014063 0.033750
2 0.378516 0.521875 0.025312 0.035000
2 0.529297 0.515625 0.023438 0.027500
2 0.511328 0.566667 0.064687 0.152500
2 0.441406 0.531771 0.078750 0.068750
2 0.545703 0.506250 0.012188 0.010000
2 0.354297 0.517188 0.019688 0.043750
2 0.420312 0.501042 0.026250 0.015000
2 0.551562 0.509896 0.037500 0.056250
2 0.523047 0.491146 0.015938 0.023750
2 0.319922 0.472917 0.015938 0.010000
2 0.396484 0.483333 0.068437 0.060000
2 0.545703 0.476562 0.045937 0.063750
2 0.336328 0.460938 0.017813 0.028750
2 0.362500 0.452083 0.016875 0.032500
2 0.514453 0.445833 0.017813 0.027500
2 0.471094 0.440104 0.026250 0.028750
2 0.326172 0.423438 0.027187 0.023750
2 0.485547 0.458854 0.149062 0.138750
2 0.418750 0.405729 0.022500 0.018750
2 0.351172 0.459896 0.137813 0.163750
2 0.391406 0.400000 0.022500 0.027500
2 0.384375 0.381771 0.024375 0.028750
2 0.428125 0.380729 0.052500 0.031250
2 0.349219 0.388542 0.058125 0.062500
2 0.408984 0.371875 0.034687 0.032500
2 0.441406 0.419792 0.174375 0.162500
2 0.434375 0.356771 0.026250 0.021250
2 0.460547 0.354167 0.021562 0.042500
2 0.444141 0.336458 0.023438 0.027500
2 0.477344 0.328125 0.026250 0.027500
2 0.456641 0.314583 0.019688 0.040000
