2 0.757812 0.750208 0.032250 0.063947
2 0.791562 0.681099 0.012750 0.023980
2 0.565937 0.627394 0.029250 0.024979
2 0.820937 0.621149 0.012750 0.023980
2 0.642813 0.593256 0.009750 0.006994
2 0.545312 0.588260 0.033750 0.022981
2 0.506875 0.584929 0.030000 0.024979
2 0.436563 0.582848 0.023250 0.037968
2 0.853750 0.554538 0.019500 0.037968
2 0.461250 0.552040 0.022500 0.035970
2 0.513437 0.547877 0.041250 0.055953
2 0.625938 0.530808 0.030750 0.020983
2 0.867812 0.525812 0.011250 0.020983
2 0.495937 0.512073 0.033750 0.023980
2 0.436875 0.531224 0.036000 0.071940
2 0.466562 0.506245 0.030750 0.021982
2 0.585625 0.555787 0.172500 0.144879
2 0.410313 0.503747 0.030750 0.021982
2 0.878437 0.504163 0.012750 0.024979
2 0.446875 0.489176 0.030000 0.024979
2 0.654062 0.478768 0.008250 0.013988
2 0.490625 0.482931 0.054000 0.043963
2 0.893750 0.473356 0.018000 0.034971
2 0.647813 0.463364 0.035250 0.022981
2 0.909687 0.440466 0.018750 0.035970
2 0.444063 0.437136 0.060750 0.065945
2 0.926875 0.405495 0.012000 0.021982
2 0.401875 0.396753 0.019500 0.028976
2 0.618437 0.387594 0.036750 0.024979
2 0.937187 0.384679 0.012750 0.023980
2 0.496875 0.383847 0.036000 0.023980
2 0.658438 0.378018 0.006750 0.015987
2 0.516250 0.373855 0.006000 0.011990
2 0.590938 0.374271 0.015750 0.020983
2 0.543438 0.374271 0.015750 0.032973
2 0.388437 0.365945 0.020250 0.032973
2 0.475938 0.363863 0.027750 0.031973
2 0.422187 0.373855 0.035250 0.067943
2 0.539687 0.350958 0.035250 0.024979
2 0.600000 0.338884 0.024000 0.013988
2 0.671250 0.325978 0.015000 0.026978
2 0.665312 0.309326 0.033750 0.034971
2 0.694375 0.300583 0.024000 0.033972
2 0.605313 0.281848 0.021750 0.022981
2 0.661250 0.281848 0.021000 0.032973
2 0.686562 0.273938 0.035250 0.023980
2 0.562187 0.385928 0.323250 0.332723
2 0.934000 0.159867 0.132000 0.319734
2 0.443625 0.575520 0.887250 1.000000
