2 0.358750 0.897169 0.013500 0.010991
2 0.494688 0.891341 0.011250 0.014988
2 0.336250 0.875520 0.036000 0.072939
2 0.235875 0.895087 0.471750 0.209825
2 0.968125 0.889092 0.063750 0.221815
2 0.483438 0.810575 0.005250 0.014988
2 0.620938 0.806828 0.024750 0.033972
2 0.383750 0.828060 0.079500 0.102914
2 0.955937 0.793922 0.006750 0.022981
2 0.571875 0.787677 0.013500 0.015987
2 0.327188 0.798918 0.033750 0.068943
2 0.636563 0.746878 0.011250 0.011990
2 0.359687 0.768110 0.035250 0.070941
2 0.461562 0.739384 0.062250 0.055953
2 0.668750 0.709825 0.025500 0.016986
2 0.599375 0.713572 0.015000 0.027977
2 0.638437 0.699417 0.015750 0.023980
2 0.726562 0.687344 0.021750 0.012989
2 0.510938 0.697336 0.065250 0.050958
2 0.562813 0.674438 0.020250 0.015987
2 0.399062 0.682348 0.036750 0.074938
2 0.471250 0.675271 0.064500 0.061948
2 0.719375 0.644463 0.012000 0.009992
2 0.588125 0.777685 0.390000 0.329725
2 0.511563 0.655704 0.014250 0.036969
2 0.677500 0.645296 0.037500 0.017985
2 0.545312 0.639051 0.009750 0.010991
2 0.538438 0.624063 0.009750 0.018984
2 0.720625 0.640300 0.064500 0.067943
2 0.520625 0.641965 0.057000 0.073938
2 0.415938 0.616986 0.008250 0.019983
2 0.331875 0.667777 0.106500 0.151873
2 0.557813 0.589925 0.011250 0.014988
2 0.430312 0.623647 0.129750 0.125895
2 0.222188 0.598668 0.038250 0.075937
2 0.813125 0.590758 0.040500 0.074938
2 0.500938 0.560366 0.026250 0.013988
2 0.861250 0.566195 0.066000 0.053955
2 0.435937 0.559950 0.036750 0.048959
2 0.577500 0.546628 0.010500 0.024979
2 0.287813 0.565779 0.041250 0.076936
2 0.767188 0.535387 0.017250 0.031973
2 0.255937 0.529975 0.008250 0.018984
2 0.678125 0.528310 0.019500 0.018984
2 0.779062 0.525812 0.015750 0.020983
2 0.797188 0.537885 0.056250 0.053955
2 0.227500 0.515820 0.046500 0.028976
2 0.252812 0.535387 0.039750 0.079933
2 0.776875 0.504580 0.010500 0.011990
2 0.300938 0.511657 0.053250 0.052956
2 0.238750 0.496253 0.036000 0.029975
2 0.482812 0.500416 0.039750 0.047960
2 0.846562 0.500416 0.041250 0.079933
2 0.710938 0.481266 0.015750 0.033972
2 0.460313 0.474188 0.036750 0.016986
2 0.685312 0.475021 0.017250 0.024979
2 0.720938 0.472107 0.014250 0.023980
2 0.729375 0.548709 0.162000 0.213822
2 0.459375 0.462115 0.016500 0.015987
2 0.358438 0.509575 0.059250 0.143880
2 0.210000 0.482515 0.043500 0.078934
2 0.640938 0.468360 0.056250 0.068943
2 0.676562 0.521232 0.078750 0.201832
2 0.750313 0.436719 0.014250 0.008993
2 0.737812 0.432556 0.006750 0.014988
2 0.336562 0.448376 0.045750 0.074938
2 0.171563 0.422565 0.012750 0.012989
2 0.708438 0.426728 0.027750 0.024979
2 0.403438 0.474188 0.077250 0.150874
2 0.176875 0.425479 0.060000 0.059950
2 0.246250 0.433389 0.048000 0.080933
2 0.757188 0.395087 0.014250 0.016986
2 0.490000 0.407161 0.063000 0.051957
2 0.693125 0.382598 0.018000 0.008993
2 0.704063 0.373855 0.011250 0.009992
2 0.762188 0.396753 0.053250 0.066944
2 0.490312 0.373439 0.008250 0.014988
2 0.656563 0.402581 0.092250 0.086928
2 0.602500 0.363031 0.036000 0.067943
2 0.493437 0.333888 0.009750 0.015987
2 0.556250 0.325562 0.033000 0.017985
2 0.319375 0.369692 0.064500 0.133888
2 0.612812 0.318901 0.008250 0.013988
2 0.496875 0.314321 0.006000 0.022981
2 0.704063 0.322648 0.069750 0.054954
2 0.362500 0.319317 0.048000 0.070941
2 0.391875 0.347627 0.130500 0.150874
2 0.270625 0.305579 0.061500 0.049958
2 0.574063 0.287261 0.035250 0.033972
2 0.420938 0.264779 0.005250 0.013988
2 0.422812 0.278102 0.024750 0.051957
2 0.573438 0.266861 0.032250 0.034971
2 0.536250 0.469192 0.310500 0.536553
2 0.483125 0.312240 0.160500 0.187843
2 0.676875 0.347627 0.222000 0.280766
2 0.575000 0.232306 0.006000 0.013988
2 0.390625 0.244796 0.063000 0.047960
2 0.577500 0.244796 0.046500 0.073938
2 0.320625 0.238135 0.051000 0.067943
2 0.565312 0.208993 0.012750 0.011990
2 0.635000 0.220233 0.069000 0.050958
2 0.557187 0.216903 0.096750 0.090924
2 0.493437 0.207327 0.042750 0.069942
2 0.468125 0.186095 0.039000 0.082931
2 0.415938 0.143630 0.041250 0.034971
2 0.311875 0.139883 0.036000 0.075937
2 0.418750 0.106162 0.010500 0.012989
2 0.490625 0.121149 0.048000 0.066944
2 0.421875 0.151957 0.117000 0.166861
2 0.441875 0.077852 0.082500 0.094921
2 0.026250 0.091424 0.052500 0.182848
