2 0.008437 0.966250 0.016875 0.067500
2 0.571484 0.905208 0.032813 0.080000
2 0.330469 0.878125 0.031875 0.060000
2 0.578516 0.821354 0.030937 0.076250
2 0.529297 0.824479 0.077812 0.176250
2 0.454297 0.745833 0.055313 0.062500
2 0.265234 0.702083 0.021562 0.020000
2 0.323047 0.697917 0.010312 0.015000
2 0.510547 0.686979 0.032813 0.081250
2 0.358203 0.662500 0.025312 0.027500
2 0.444531 0.674479 0.058125 0.071250
2 0.340625 0.789062 0.356250 0.358750
2 0.407031 0.650521 0.020625 0.043750
2 0.223438 0.632292 0.013125 0.030000
2 0.571875 0.674479 0.095625 0.171250
2 0.398828 0.635417 0.051562 0.082500
2 0.494141 0.610417 0.008437 0.025000
2 0.217969 0.621354 0.060000 0.076250
2 0.362891 0.577604 0.014063 0.018750
2 0.671875 0.604167 0.035625 0.085000
2 0.415625 0.546354 0.022500 0.013750
2 0.133984 0.562500 0.036562 0.082500
2 0.610156 0.563542 0.037500 0.087500
2 0.089453 0.533333 0.060937 0.062500
2 0.597656 0.502604 0.048750 0.061250
2 0.160938 0.485417 0.018750 0.042500
2 0.164844 0.469792 0.011250 0.015000
2 0.662500 0.503646 0.084375 0.158750
2 0.544531 0.497396 0.056250 0.161250
2 0.101953 0.460938 0.036562 0.088750
2 0.560547 0.416146 0.014063 0.013750
2 0.286328 0.436979 0.051562 0.078750
2 0.563672 0.430208 0.042188 0.085000
2 0.711328 0.413021 0.055313 0.066250
2 0.502734 0.455208 0.072187 0.172500
2 0.646875 0.417708 0.043125 0.090000
2 0.225391 0.386979 0.021562 0.023750
2 0.434375 0.350521 0.011250 0.016250
2 0.268359 0.363021 0.089063 0.098750
2 0.228125 0.323437 0.013125 0.023750
2 0.239453 0.318750 0.014063 0.017500
2 0.392969 0.325521 0.020625 0.041250
2 0.314063 0.320833 0.041250 0.075000
2 0.576953 0.342708 0.059062 0.150000
2 0.239453 0.272396 0.010312 0.021250
2 0.536328 0.283333 0.044062 0.080000
2 0.621484 0.271875 0.057188 0.057500
2 0.226172 0.270833 0.062812 0.062500
2 0.342578 0.235417 0.032813 0.042500
2 0.478516 0.235937 0.027187 0.056250
2 0.342578 0.215625 0.030937 0.037500
2 0.463672 0.284375 0.233438 0.240000
2 0.510156 0.198437 0.058125 0.056250
2 0.269141 0.258333 0.147187 0.207500
2 0.573828 0.194271 0.047812 0.078750
2 0.285938 0.159896 0.061875 0.058750
2 0.414453 0.152083 0.040313 0.080000
2 0.327734 0.401042 0.484687 0.685000
2 0.498047 0.140625 0.045937 0.077500
2 0.473828 0.091146 0.023438 0.033750
2 0.580859 0.082812 0.032813 0.088750
2 0.483984 0.042188 0.014063 0.011250
2 0.415625 0.055208 0.045000 0.077500
2 0.472656 0.091875 0.121875 0.183750
2 0.697188 0.600000 0.605625 1.000000
2 0.467187 0.031875 0.058125 0.063750
2 0.040781 0.020000 0.081562 0.040000
