2 0.614688 0.868027 0.024750 0.014988
2 0.647500 0.875520 0.051000 0.052956
2 0.515625 0.878018 0.030000 0.070941
2 0.636250 0.847627 0.006000 0.017985
2 0.600313 0.859284 0.066750 0.065945
2 0.627188 0.822648 0.008250 0.025978
2 0.913000 0.883097 0.174000 0.233805
2 0.633125 0.811823 0.010500 0.017985
2 0.666250 0.807660 0.009000 0.009992
2 0.654375 0.808493 0.075000 0.067943
2 0.502500 0.783514 0.049500 0.049958
2 0.591250 0.797252 0.075000 0.094921
2 0.445625 0.753122 0.054000 0.048959
2 0.637188 0.757286 0.038250 0.064946
2 0.591875 0.731890 0.021000 0.011990
2 0.558125 0.742714 0.057000 0.047960
2 0.331250 0.716070 0.007500 0.009992
2 0.654375 0.723147 0.043500 0.052956
2 0.336250 0.706495 0.010500 0.012989
2 0.583750 0.708576 0.009000 0.031973
2 0.481563 0.702331 0.050250 0.066944
2 0.340313 0.694421 0.044250 0.065945
2 0.609062 0.673605 0.017250 0.023980
2 0.611563 0.653622 0.005250 0.017985
2 0.505938 0.649042 0.024750 0.010991
2 0.758750 0.649042 0.007500 0.014988
2 0.469062 0.658618 0.035250 0.079933
2 0.634062 0.633222 0.009750 0.020983
2 0.395625 0.656536 0.037500 0.080933
2 0.697500 0.668609 0.099000 0.117902
2 0.355000 0.632806 0.042000 0.063947
2 0.555937 0.659450 0.168750 0.163863
2 0.469062 0.598251 0.047250 0.060949
2 0.726875 0.609908 0.150000 0.098918
2 0.725313 0.576187 0.023250 0.031973
2 0.385937 0.570358 0.008250 0.017985
2 0.370937 0.574105 0.060750 0.102914
2 0.787813 0.534138 0.008250 0.014988
2 0.490938 0.551624 0.032250 0.072939
2 0.340625 0.522481 0.042000 0.058951
2 0.751563 0.500833 0.009750 0.014988
2 0.533750 0.541216 0.114000 0.117902
2 0.492500 0.494172 0.016500 0.010991
2 0.418125 0.536220 0.073500 0.111907
2 0.608125 0.558285 0.057000 0.166861
2 0.461250 0.509159 0.039000 0.056953
2 0.791250 0.482098 0.010500 0.009992
2 0.518437 0.479600 0.014250 0.027977
2 0.760000 0.523314 0.150000 0.158868
2 0.631875 0.475437 0.036000 0.057952
2 0.652188 0.442548 0.012750 0.014988
2 0.718125 0.430058 0.054000 0.054954
2 0.629375 0.416320 0.007500 0.025978
2 0.762500 0.457952 0.120000 0.127893
2 0.816562 0.407161 0.012750 0.011990
2 0.830625 0.429226 0.040500 0.070941
2 0.508125 0.406328 0.022500 0.037968
2 0.785937 0.393838 0.009750 0.021982
2 0.759687 0.406328 0.048750 0.055953
2 0.701875 0.392590 0.031500 0.028976
2 0.424063 0.407993 0.092250 0.133888
2 0.605000 0.496253 0.223500 0.379684
2 0.496250 0.395087 0.082500 0.144879
2 0.610000 0.342215 0.016500 0.021982
2 0.576875 0.342215 0.013500 0.023980
2 0.640312 0.348043 0.021750 0.045962
2 0.572500 0.329309 0.010500 0.024979
2 0.830313 0.335137 0.021750 0.048959
2 0.822500 0.315570 0.015000 0.009992
2 0.700000 0.317236 0.007500 0.013988
2 0.540000 0.332223 0.061500 0.051957
2 0.611563 0.295587 0.012750 0.011990
2 0.623437 0.293922 0.012750 0.009992
2 0.718750 0.289342 0.033000 0.014988
2 0.680937 0.330974 0.086250 0.116903
2 0.828750 0.299750 0.058500 0.061948
2 0.385937 0.295587 0.029250 0.067943
2 0.421563 0.268943 0.015750 0.009992
2 0.514062 0.278934 0.051750 0.055953
2 0.765938 0.334305 0.153750 0.196836
2 0.673438 0.235221 0.023250 0.020983
2 0.793750 0.250208 0.039000 0.064946
2 0.569063 0.226894 0.008250 0.012989
2 0.652188 0.218984 0.017250 0.007993
2 0.835625 0.242298 0.033000 0.071940
2 0.430937 0.265612 0.062250 0.149875
2 0.379688 0.222315 0.030750 0.071940
2 0.682813 0.191923 0.015750 0.006994
2 0.745000 0.202331 0.054000 0.041965
2 0.698125 0.200666 0.054000 0.037968
2 0.648438 0.189842 0.038250 0.017985
2 0.596250 0.186511 0.009000 0.011990
2 0.617188 0.230225 0.381750 0.342714
2 0.657500 0.134055 0.159000 0.121898
2 0.893125 0.165862 0.213750 0.331724
2 0.237375 0.600000 0.474750 1.000000
