2 0.638750 0.982000 0.051000 0.036000
2 0.152500 0.979000 0.090000 0.042000
2 0.258750 0.971500 0.069000 0.057000
2 0.432500 0.958000 0.084000 0.084000
2 0.067500 0.941500 0.135000 0.117000
2 0.337500 0.925000 0.162000 0.150000
2 0.540000 0.916250 0.072000 0.117000
2 0.191250 0.906250 0.171000 0.117000
2 0.358750 0.820000 0.237000 0.162000
2 0.550000 0.785000 0.090000 0.096000
2 0.438750 0.765000 0.159000 0.162000
2 0.159000 0.790000 0.318000 0.270000
2 0.046500 0.697500 0.093000 0.072000
2 0.103750 0.667500 0.057000 0.072000
2 0.336250 0.685000 0.069000 0.120000
2 0.200000 0.652500 0.060000 0.060000
2 0.048000 0.640000 0.096000 0.048000
2 0.473750 0.606250 0.111000 0.087000
2 0.100000 0.597500 0.096000 0.078000
2 0.251250 0.641250 0.111000 0.201000
2 0.336250 0.581250 0.069000 0.099000
2 0.581250 0.548750 0.123000 0.075000
2 0.300000 0.505000 0.072000 0.108000
2 0.428750 0.507500 0.207000 0.126000
2 0.081000 0.531250 0.162000 0.183000
2 0.153750 0.447500 0.201000 0.216000
2 0.362500 0.398750 0.054000 0.105000
2 0.035000 0.356250 0.054000 0.099000
2 0.012000 0.322500 0.024000 0.054000
2 0.056250 0.283750 0.081000 0.075000
