2 0.676250 0.995504 0.019500 0.008993
2 0.236250 0.995504 0.016500 0.008993
2 0.623125 0.994005 0.015000 0.011990
2 0.109375 0.994005 0.021000 0.011990
2 0.898750 0.993505 0.009000 0.012989
2 0.536250 0.993505 0.012000 0.012989
2 0.800625 0.993339 0.006000 0.011990
2 0.662188 0.992506 0.021750 0.014988
2 0.591562 0.992506 0.008250 0.014988
2 0.437188 0.992506 0.009750 0.014988
2 0.474687 0.992007 0.015750 0.015987
2 0.250625 0.992007 0.013500 0.015987
2 0.046875 0.989176 0.007500 0.011990
2 0.788125 0.989509 0.025500 0.020983
2 0.099062 0.988759 0.012750 0.014988
2 0.060937 0.989509 0.011250 0.020983
2 0.770938 0.989009 0.023250 0.021982
2 0.034688 0.987510 0.011250 0.013988
2 0.042188 0.988510 0.009750 0.022981
2 0.800937 0.982931 0.011250 0.010991
2 0.243438 0.985845 0.012750 0.019983
2 0.351875 0.986012 0.019500 0.027977
2 0.903438 0.979184 0.018750 0.013988
2 0.748437 0.977102 0.011250 0.008993
2 0.517500 0.983514 0.018000 0.032973
2 0.262813 0.982515 0.027750 0.023980
2 0.225625 0.983514 0.025500 0.032973
2 0.028750 0.979600 0.013500 0.016986
2 0.020938 0.975437 0.009750 0.008993
2 0.641250 0.982515 0.030000 0.034971
2 0.526250 0.976686 0.006000 0.015987
2 0.333125 0.981515 0.031500 0.036969
2 0.268750 0.972107 0.007500 0.010991
2 0.013500 0.980516 0.027000 0.038968
2 0.454062 0.970025 0.012750 0.011990
2 0.395000 0.979017 0.013500 0.041965
2 0.823438 0.979600 0.023250 0.036969
2 0.343750 0.972107 0.015000 0.020983
2 0.171563 0.976520 0.039750 0.046961
2 0.004500 0.968360 0.009000 0.017985
2 0.260000 0.968776 0.027000 0.020983
2 0.279062 0.975520 0.035250 0.048959
2 0.893437 0.965862 0.009750 0.017985
2 0.809375 0.975021 0.018000 0.049958
2 0.212500 0.968360 0.015000 0.025978
2 0.197500 0.974521 0.027000 0.050958
2 0.716562 0.963780 0.018750 0.016986
2 0.175937 0.963364 0.011250 0.015987
2 0.125938 0.963780 0.006750 0.018984
2 0.316875 0.964613 0.015000 0.026978
2 0.415625 0.969525 0.037500 0.060949
2 0.984250 0.969026 0.031500 0.061948
2 0.183438 0.953372 0.014250 0.011990
2 0.580313 0.952540 0.011250 0.011990
2 0.943438 0.968027 0.102750 0.063947
2 0.443125 0.968360 0.043500 0.053955
2 0.350000 0.962948 0.024000 0.042964
2 0.310000 0.956703 0.012000 0.027977
2 0.476250 0.950458 0.006000 0.016986
2 0.714063 0.948376 0.012750 0.015987
2 0.703438 0.949209 0.008250 0.017985
2 0.983750 0.950458 0.021000 0.024979
2 0.423125 0.945046 0.018000 0.013988
2 0.412187 0.945462 0.012750 0.014988
2 0.170000 0.949209 0.015000 0.023980
2 0.107500 0.943381 0.012000 0.011990
2 0.795312 0.962115 0.033750 0.058951
2 0.650312 0.938801 0.009750 0.014988
2 0.635625 0.944213 0.019500 0.027977
2 0.966875 0.943381 0.022500 0.027977
2 0.075313 0.935887 0.006750 0.015987
2 0.018375 0.946711 0.036750 0.041965
2 0.115000 0.956037 0.124500 0.087927
2 0.048125 0.933805 0.007500 0.016986
2 0.087188 0.939217 0.017250 0.031973
2 0.657500 0.932556 0.007500 0.017985
2 0.293750 0.931307 0.007500 0.014988
2 0.175937 0.935054 0.017250 0.025978
2 0.194688 0.942548 0.015750 0.045962
2 0.024375 0.932973 0.013500 0.024979
2 0.327500 0.947127 0.045000 0.060949
2 0.007500 0.924230 0.013500 0.009992
2 0.880313 0.927560 0.009750 0.019983
2 0.611250 0.922981 0.006000 0.010991
2 0.267500 0.923813 0.010500 0.016986
2 0.173750 0.922148 0.009000 0.012989
2 0.016563 0.917152 0.017250 0.010991
2 0.567813 0.947044 0.074250 0.105912
2 0.076563 0.922148 0.009750 0.024979
2 0.034375 0.926728 0.024000 0.035970
2 0.340938 0.915071 0.009750 0.013988
2 0.005313 0.912989 0.009750 0.012989
2 0.650000 0.906328 0.010500 0.010991
2 0.338438 0.904246 0.014250 0.009992
2 0.090625 0.912157 0.021000 0.028976
2 0.530000 0.944047 0.060000 0.111907
2 0.480000 0.938551 0.087000 0.122898
2 0.735313 0.910075 0.042750 0.033972
2 0.490312 0.903414 0.014250 0.017985
2 0.708750 0.903830 0.016500 0.020983
2 0.363750 0.905495 0.019500 0.024979
2 0.131250 0.901749 0.015000 0.025978
2 0.683125 0.895087 0.010500 0.011990
2 0.370000 0.899251 0.012000 0.021982
2 0.384062 0.899667 0.026250 0.026978
2 0.025625 0.898418 0.030000 0.023980
2 0.478750 0.900083 0.015000 0.029975
2 0.349062 0.912157 0.024750 0.058951
2 0.862812 0.925479 0.078750 0.094921
2 0.675312 0.891757 0.012750 0.017985
2 0.035000 0.888843 0.018000 0.010991
2 0.006000 0.885928 0.012000 0.007993
2 0.057188 0.931724 0.065250 0.121898
2 0.613125 0.885928 0.007500 0.017985
2 0.053125 0.888843 0.021000 0.024979
2 0.064687 0.885096 0.014250 0.027977
2 0.502500 0.886345 0.009000 0.032973
2 0.327813 0.881349 0.017250 0.020983
2 0.141250 0.882182 0.028500 0.030974
2 0.085938 0.885928 0.035250 0.041965
2 0.549063 0.875937 0.014250 0.021982
2 0.131875 0.911324 0.087000 0.106911
2 0.996250 0.871774 0.007500 0.013988
2 0.911875 0.878018 0.019500 0.028976
2 0.658750 0.919067 0.205500 0.161865
2 0.262500 0.869276 0.009000 0.011990
2 0.303125 0.871774 0.019500 0.019983
2 0.481563 0.878435 0.024750 0.037968
2 0.113125 0.870525 0.010500 0.018984
2 0.231875 0.870941 0.021000 0.023980
2 0.964375 0.870941 0.010500 0.025978
2 0.419063 0.867194 0.009750 0.018984
2 0.705625 0.865112 0.007500 0.015987
2 0.269688 0.872190 0.030750 0.034971
2 0.239687 0.864280 0.012750 0.017985
2 0.587812 0.860117 0.009750 0.009992
2 0.028125 0.881349 0.056250 0.060949
2 0.480000 0.859700 0.015000 0.012989
2 0.893125 0.856786 0.007500 0.011990
2 0.792500 0.856786 0.007500 0.011990
2 0.366563 0.855953 0.009750 0.013988
2 0.004500 0.854704 0.009000 0.012989
2 0.521875 0.861782 0.021000 0.033972
2 0.228125 0.852623 0.009000 0.015987
2 0.022812 0.854288 0.020250 0.019983
2 0.561875 0.883430 0.066000 0.097918
2 0.405625 0.868443 0.048000 0.063947
2 0.269062 0.851374 0.017250 0.022981
2 0.051562 0.846794 0.009750 0.011990
2 0.782813 0.847211 0.009750 0.018984
2 0.625938 0.844296 0.011250 0.013988
2 0.904375 0.848043 0.016500 0.024979
2 0.213750 0.854288 0.027000 0.041965
2 0.041875 0.851374 0.027000 0.036969
2 0.112187 0.842215 0.014250 0.016986
2 0.618750 0.840133 0.009000 0.013988
2 0.417812 0.850958 0.020250 0.039967
2 0.582500 0.838468 0.007500 0.013988
2 0.943438 0.833472 0.008250 0.013988
2 0.828750 0.839301 0.016500 0.029975
2 0.086563 0.830558 0.008250 0.008993
2 0.224688 0.829309 0.012750 0.007993
2 0.197187 0.832223 0.012750 0.016986
2 0.526563 0.825562 0.011250 0.010991
2 0.636875 0.863863 0.108000 0.112906
2 0.429375 0.824313 0.009000 0.017985
2 0.353438 0.827227 0.036750 0.026978
2 0.688438 0.823897 0.009750 0.024979
2 0.512813 0.858451 0.050250 0.107910
2 0.499688 0.818485 0.008250 0.013988
2 0.827187 0.818901 0.009750 0.016986
2 0.981250 0.844713 0.037500 0.080933
2 0.609375 0.825562 0.028500 0.034971
2 0.708125 0.828476 0.039000 0.047960
2 0.138750 0.813905 0.007500 0.016986
2 0.840938 0.816403 0.023250 0.024979
2 0.833750 0.810575 0.007500 0.010991
2 0.952812 0.812240 0.011250 0.018984
2 0.994750 0.806828 0.010500 0.011990
2 0.077813 0.805579 0.011250 0.012989
2 0.664687 0.811823 0.017250 0.029975
2 0.220625 0.802248 0.013500 0.010991
2 0.290312 0.801832 0.029250 0.015987
2 0.759687 0.800999 0.005250 0.015987
2 0.467187 0.802664 0.008250 0.019983
2 0.370000 0.803913 0.036000 0.022981
2 0.857500 0.799334 0.007500 0.013988
2 0.710000 0.800167 0.010500 0.015987
2 0.695312 0.803913 0.012750 0.026978
2 0.562813 0.840133 0.099750 0.113905
2 0.888437 0.798085 0.009750 0.016986
2 0.875625 0.797252 0.015000 0.014988
2 0.717187 0.801832 0.018750 0.027977
2 0.771875 0.798085 0.021000 0.020983
2 0.846562 0.796836 0.017250 0.019983
2 0.101250 0.799750 0.022500 0.026978
2 0.782188 0.791840 0.009750 0.009992
2 0.417812 0.872107 0.185250 0.255787
2 0.035937 0.793089 0.009750 0.014988
2 0.010875 0.797252 0.021750 0.036969
2 0.898125 0.795587 0.025500 0.034971
2 0.590938 0.786428 0.017250 0.014988
2 0.670625 0.790175 0.015000 0.025978
2 0.204063 0.785179 0.009750 0.015987
2 0.688125 0.792673 0.028500 0.037968
2 0.364375 0.781848 0.010500 0.011990
2 0.439688 0.784763 0.008250 0.022981
2 0.391875 0.830558 0.103500 0.132889
2 0.845938 0.778518 0.006750 0.009992
2 0.777813 0.781432 0.018750 0.016986
2 0.528438 0.797252 0.065250 0.056953
2 0.307500 0.783097 0.016500 0.024979
2 0.582500 0.779767 0.012000 0.020983
2 0.296250 0.775187 0.010500 0.015987
2 0.340313 0.783514 0.029250 0.039967
2 0.678750 0.775604 0.015000 0.026978
2 0.556875 0.774355 0.010500 0.023980
2 0.642500 0.800167 0.057000 0.087927
2 0.428750 0.769359 0.015000 0.013988
2 0.449062 0.768943 0.011250 0.014988
2 0.273125 0.852623 0.193500 0.215820
2 0.610313 0.786012 0.036750 0.057952
2 0.304375 0.767694 0.019500 0.015987
2 0.364063 0.779767 0.033750 0.046961
2 0.570937 0.781016 0.026250 0.051957
2 0.777188 0.765196 0.014250 0.019983
2 0.576875 0.763114 0.009000 0.016986
2 0.852187 0.761865 0.015750 0.015987
2 0.651875 0.763114 0.024000 0.020983
2 0.381250 0.766445 0.015000 0.030974
2 0.700000 0.765612 0.039000 0.040966
2 0.397500 0.773522 0.070500 0.065945
2 0.845313 0.762281 0.026250 0.040966
2 0.214375 0.753955 0.018000 0.026978
2 0.735313 0.798501 0.083250 0.135887
2 0.659375 0.751873 0.015000 0.023980
2 0.273438 0.768110 0.051750 0.064946
2 0.302187 0.752706 0.020250 0.029975
2 0.389375 0.746461 0.016500 0.016986
2 0.032188 0.740216 0.012750 0.007993
2 0.400625 0.734388 0.009000 0.011990
2 0.682500 0.742714 0.027000 0.033972
2 0.947187 0.737719 0.018750 0.025978
2 0.838437 0.743131 0.042750 0.040966
2 0.697187 0.731057 0.008250 0.013988
2 0.880938 0.731057 0.011250 0.015987
2 0.774375 0.730225 0.013500 0.019983
2 0.707812 0.737302 0.018750 0.038968
2 0.443437 0.726478 0.009750 0.012989
2 0.682813 0.724813 0.015750 0.012989
2 0.856250 0.719817 0.009000 0.008993
2 0.928438 0.727727 0.032250 0.029975
2 0.287813 0.728976 0.026250 0.034971
2 0.625313 0.726894 0.030750 0.031973
2 0.389688 0.715237 0.014250 0.011990
2 0.244375 0.716903 0.012000 0.019983
2 0.447813 0.714405 0.008250 0.017985
2 0.271875 0.717319 0.021000 0.024979
2 0.265000 0.713988 0.013500 0.020983
2 0.309375 0.720649 0.030000 0.042964
2 0.063125 0.711074 0.022500 0.027977
2 0.899687 0.785179 0.117750 0.207827
2 0.441563 0.703580 0.012750 0.011990
2 0.807500 0.708576 0.018000 0.025978
2 0.764062 0.703164 0.006750 0.014988
2 0.429063 0.736053 0.065250 0.095920
2 0.919063 0.703580 0.011250 0.021982
2 0.440000 0.695670 0.010500 0.008993
2 0.291250 0.696503 0.012000 0.012989
2 0.835625 0.694005 0.010500 0.008993
2 0.852187 0.705246 0.030750 0.037968
2 0.194062 0.693589 0.014250 0.011990
2 0.060625 0.694005 0.019500 0.014988
2 0.744687 0.721482 0.066750 0.082931
2 0.300000 0.690674 0.013500 0.012989
2 0.642188 0.708993 0.026250 0.058951
2 0.417187 0.694421 0.020250 0.023980
2 0.067500 0.688177 0.009000 0.008993
2 0.036875 0.687760 0.007500 0.009992
2 0.207500 0.686511 0.009000 0.012989
2 0.290625 0.683597 0.009000 0.011990
2 0.757812 0.687760 0.021750 0.025978
2 0.198437 0.684013 0.017250 0.018984
2 0.667813 0.679017 0.008250 0.014988
2 0.570000 0.681099 0.019500 0.025978
2 0.830000 0.703164 0.049500 0.084929
2 0.647188 0.722315 0.075750 0.130891
2 0.959688 0.671524 0.006750 0.010991
2 0.937813 0.671940 0.008250 0.013988
2 0.636250 0.677769 0.007500 0.027977
2 0.925937 0.680683 0.024750 0.036969
2 0.907500 0.686511 0.019500 0.058951
2 0.035312 0.671524 0.012750 0.022981
2 0.570625 0.669026 0.019500 0.018984
2 0.320312 0.666528 0.020250 0.014988
2 0.996250 0.664863 0.007500 0.012989
2 0.761250 0.668609 0.007500 0.023980
2 0.914062 0.662365 0.005250 0.012989
2 0.015938 0.664446 0.029250 0.017985
2 0.129375 0.657785 0.007500 0.013988
2 0.032813 0.655704 0.014250 0.008993
2 0.857500 0.655704 0.010500 0.010991
2 0.637500 0.654871 0.015000 0.008993
2 0.764687 0.654871 0.012750 0.010991
2 0.665625 0.659867 0.013500 0.028976
2 0.703750 0.686095 0.069000 0.095920
2 0.595938 0.651124 0.014250 0.011990
2 0.004125 0.653622 0.008250 0.019983
2 0.932500 0.654455 0.012000 0.023980
2 0.087188 0.646128 0.008250 0.011990
2 0.315312 0.650708 0.018750 0.024979
2 0.914062 0.649875 0.030750 0.028976
2 0.682500 0.641549 0.013500 0.012989
2 0.634062 0.642798 0.009750 0.015987
2 0.586250 0.640300 0.010500 0.013988
2 0.927188 0.638634 0.012750 0.011990
2 0.842187 0.668609 0.051750 0.083930
2 0.131250 0.644047 0.015000 0.026978
2 0.095937 0.637386 0.009750 0.012989
2 0.068125 0.637802 0.024000 0.015987
2 0.988750 0.639051 0.022500 0.020983
2 0.839688 0.643214 0.015750 0.030974
2 0.422812 0.643214 0.014250 0.030974
2 0.579688 0.634055 0.008250 0.010991
2 0.770938 0.645296 0.020250 0.039967
2 0.503125 0.633639 0.021000 0.015987
2 0.817500 0.631973 0.007500 0.017985
2 0.130938 0.629475 0.014250 0.011990
2 0.525312 0.714405 0.179250 0.225812
2 0.518125 0.631973 0.021000 0.031973
2 0.996250 0.624063 0.007500 0.014988
2 0.174375 0.623647 0.022500 0.017985
2 0.020625 0.620316 0.010500 0.011990
2 0.826250 0.622814 0.012000 0.019983
2 0.220000 0.614488 0.009000 0.013988
2 0.567813 0.619484 0.021750 0.037968
2 0.680312 0.609076 0.012750 0.014988
2 0.526563 0.611574 0.012750 0.020983
2 0.776563 0.605745 0.012750 0.008993
2 0.281250 0.609076 0.010500 0.016986
2 0.595313 0.611574 0.020250 0.024979
2 0.475000 0.605329 0.007500 0.011990
2 0.995500 0.608659 0.009000 0.021982
2 0.971250 0.603664 0.012000 0.017985
2 0.857812 0.666112 0.105750 0.171857
2 0.582187 0.613239 0.012750 0.046961
2 0.506563 0.610325 0.035250 0.045962
2 0.772188 0.598251 0.009750 0.018984
2 0.452188 0.606994 0.018750 0.043963
2 0.424063 0.594505 0.011250 0.013988
2 0.995125 0.592423 0.009750 0.014988
2 0.616250 0.679434 0.106500 0.223813
2 0.579688 0.594088 0.021750 0.018984
2 0.804375 0.591174 0.015000 0.015987
2 0.520000 0.593256 0.027000 0.026978
2 0.027500 0.587427 0.012000 0.012989
2 0.200625 0.748709 0.401250 0.502581
2 0.682500 0.630724 0.087000 0.122898
2 0.445625 0.584097 0.013500 0.010991
2 0.814375 0.591590 0.012000 0.036969
2 0.467187 0.577435 0.011250 0.012989
2 0.525312 0.579101 0.020250 0.020983
2 0.959375 0.569109 0.010500 0.012989
2 0.006750 0.581182 0.013500 0.043963
2 0.645312 0.567027 0.014250 0.017985
2 0.508437 0.565362 0.006750 0.013988
2 0.762500 0.583264 0.052500 0.058951
2 0.589688 0.562864 0.008250 0.011990
2 0.583438 0.571191 0.014250 0.031973
2 0.636875 0.573272 0.025500 0.038968
2 0.480938 0.596170 0.060750 0.093922
2 0.675000 0.579101 0.060000 0.054954
2 0.513125 0.568693 0.015000 0.033972
2 0.236563 0.590341 0.041250 0.085928
2 0.845000 0.554954 0.012000 0.018984
2 0.733125 0.617818 0.070500 0.169858
2 0.021875 0.551624 0.010500 0.010991
2 0.637188 0.551624 0.009750 0.012989
2 0.646250 0.552456 0.009000 0.016986
2 0.736250 0.567444 0.027000 0.056953
2 0.809063 0.546211 0.008250 0.011990
2 0.657500 0.547460 0.015000 0.014988
2 0.189375 0.544963 0.010500 0.010991
2 0.667813 0.543297 0.008250 0.010991
2 0.851562 0.543297 0.011250 0.018984
2 0.872188 0.537885 0.009750 0.007993
2 0.242500 0.544546 0.013500 0.023980
2 0.963750 0.543297 0.012000 0.028976
2 0.951875 0.534555 0.016500 0.013988
2 0.746563 0.533722 0.021750 0.013988
2 0.681875 0.533722 0.009000 0.019983
2 0.835625 0.535387 0.025500 0.031973
2 0.669375 0.534971 0.030000 0.030974
2 0.489687 0.527893 0.026250 0.019983
2 0.971875 0.527061 0.013500 0.023980
2 0.934688 0.522481 0.011250 0.012989
2 0.687500 0.522065 0.006000 0.013988
2 0.261250 0.518318 0.009000 0.008993
2 0.554063 0.529559 0.020250 0.037968
2 0.675000 0.520816 0.022500 0.018984
2 0.747812 0.519983 0.041250 0.020983
2 0.248750 0.521232 0.019500 0.029975
2 0.579375 0.560366 0.114000 0.129892
2 0.898750 0.507077 0.010500 0.011990
2 0.855938 0.517069 0.035250 0.041965
2 0.794063 0.547460 0.107250 0.118901
2 0.711562 0.527061 0.060750 0.073938
2 0.896563 0.500416 0.018750 0.015987
2 0.629375 0.548293 0.091500 0.130891
2 0.259688 0.497502 0.008250 0.008993
2 0.255312 0.492090 0.011250 0.009992
2 0.242500 0.494588 0.010500 0.015987
2 0.194688 0.490841 0.006750 0.014988
2 0.893750 0.559117 0.177000 0.186844
2 0.825313 0.507077 0.039750 0.061948
2 0.914375 0.487927 0.012000 0.017985
2 0.951875 0.485012 0.009000 0.014988
2 0.712187 0.486261 0.015750 0.021982
2 0.269375 0.487510 0.021000 0.024979
2 0.725313 0.487927 0.011250 0.027977
2 0.642813 0.475853 0.011250 0.006994
2 0.817187 0.477102 0.009750 0.013988
2 0.230313 0.477102 0.014250 0.015987
2 0.681875 0.491257 0.057000 0.051957
2 0.865938 0.477519 0.012750 0.020983
2 0.168750 0.474604 0.009000 0.013988
2 0.914062 0.472107 0.008250 0.015987
2 0.750938 0.488759 0.053250 0.057952
2 0.942187 0.485012 0.045750 0.050958
2 0.906250 0.468776 0.010500 0.011990
2 0.694063 0.469192 0.011250 0.012989
2 0.622188 0.485012 0.051750 0.052956
2 0.606250 0.477519 0.015000 0.034971
2 0.483438 0.470441 0.014250 0.019983
2 0.898438 0.465029 0.009750 0.008993
2 0.458750 0.468776 0.016500 0.017985
2 0.672188 0.471690 0.023250 0.026978
2 0.725313 0.469609 0.035250 0.025978
2 0.767813 0.460450 0.012750 0.011990
2 0.775937 0.460866 0.009750 0.016986
2 0.653125 0.468776 0.019500 0.039967
2 0.170625 0.454621 0.018000 0.009992
2 0.895625 0.455037 0.010500 0.014988
2 0.784375 0.456286 0.007500 0.021982
2 0.616563 0.450458 0.009750 0.011990
2 0.494375 0.450458 0.009000 0.011990
2 0.855625 0.442964 0.012000 0.011990
2 0.650937 0.445046 0.014250 0.016986
2 0.712812 0.445462 0.008250 0.019983
2 0.218750 0.441715 0.015000 0.010991
2 0.976562 0.447544 0.020250 0.030974
2 0.860938 0.433805 0.011250 0.009992
2 0.658125 0.434221 0.009000 0.014988
2 0.171875 0.438385 0.025500 0.030974
2 0.889062 0.428809 0.014250 0.013988
2 0.617500 0.428809 0.015000 0.019983
2 0.869375 0.436303 0.016500 0.039967
2 0.524062 0.423813 0.009750 0.013988
2 0.701562 0.442132 0.104250 0.061948
2 0.667500 0.421316 0.010500 0.015987
2 0.858437 0.421316 0.006750 0.017985
2 0.989125 0.430058 0.021750 0.042964
2 0.184062 0.421316 0.011250 0.021982
2 0.585313 0.413822 0.008250 0.013988
2 0.195312 0.414654 0.011250 0.015987
2 0.031250 0.412573 0.015000 0.012989
2 0.461875 0.417985 0.010500 0.027977
2 0.244375 0.410908 0.007500 0.010991
2 0.991750 0.412573 0.016500 0.016986
2 0.735625 0.409242 0.009000 0.008993
2 0.539375 0.406744 0.010500 0.008993
2 0.944063 0.406328 0.011250 0.009992
2 0.676562 0.407993 0.018750 0.015987
2 0.017500 0.407577 0.016500 0.016986
2 0.923125 0.405912 0.009000 0.018984
2 0.834375 0.401749 0.006000 0.012989
2 0.601875 0.405079 0.013500 0.022981
2 0.186875 0.398002 0.012000 0.011990
2 0.259375 0.404246 0.027000 0.028976
2 0.022500 0.393422 0.007500 0.010991
2 0.925000 0.394671 0.010500 0.021982
2 0.160938 0.388843 0.011250 0.011990
2 0.037812 0.398002 0.030750 0.033972
2 0.804375 0.388426 0.012000 0.020983
2 0.990625 0.390092 0.018750 0.030974
2 0.580313 0.401749 0.035250 0.060949
2 0.817187 0.380516 0.014250 0.019983
2 0.762500 0.377602 0.009000 0.012989
2 0.888125 0.378018 0.016500 0.023980
2 0.905312 0.390092 0.066750 0.054954
2 0.549375 0.383847 0.028500 0.039967
2 0.255312 0.383430 0.032250 0.038968
2 0.748437 0.393422 0.023250 0.064946
2 0.876250 0.374688 0.012000 0.021982
2 0.198125 0.378018 0.024000 0.029975
2 0.588750 0.373022 0.015000 0.031973
2 0.015000 0.391341 0.030000 0.077935
2 0.883125 0.362198 0.007500 0.011990
2 0.200625 0.359284 0.009000 0.012989
2 0.192812 0.359700 0.008250 0.013988
2 0.576875 0.363031 0.030000 0.023980
2 0.185312 0.355953 0.011250 0.012989
2 0.162500 0.358451 0.015000 0.026978
2 0.036250 0.366361 0.021000 0.047960
2 0.747500 0.350541 0.009000 0.013988
2 0.831562 0.348460 0.006750 0.010991
2 0.028125 0.357202 0.031500 0.033972
2 0.276875 0.347211 0.012000 0.011990
2 0.215625 0.359284 0.028500 0.040966
2 0.694375 0.377602 0.037500 0.086928
2 0.646250 0.345545 0.007500 0.009992
2 0.722500 0.381349 0.051000 0.097918
2 0.106563 0.346378 0.005250 0.015987
2 0.200313 0.345545 0.012750 0.015987
2 0.840000 0.353872 0.024000 0.039967
2 0.285625 0.341382 0.007500 0.011990
2 0.303438 0.343880 0.030750 0.019983
2 0.780000 0.354704 0.034500 0.061948
2 0.632812 0.335137 0.011250 0.022981
2 0.765625 0.348460 0.042000 0.056953
2 0.241250 0.364696 0.045000 0.095920
2 0.080625 0.343047 0.027000 0.043963
2 0.199375 0.336803 0.021000 0.030974
2 0.159375 0.334721 0.034500 0.025978
2 0.520938 0.338884 0.020250 0.041965
2 0.014063 0.323480 0.008250 0.010991
2 0.949688 0.322648 0.008250 0.012989
2 0.985938 0.329725 0.020250 0.031973
2 0.640938 0.324729 0.011250 0.021982
2 0.740313 0.325562 0.041250 0.029975
2 0.250625 0.324313 0.027000 0.030974
2 0.219375 0.315570 0.012000 0.011990
2 0.167813 0.315154 0.009750 0.010991
2 0.078437 0.319317 0.011250 0.020983
2 0.931250 0.312656 0.010500 0.010991
2 0.053750 0.345129 0.082500 0.090924
2 0.818438 0.313489 0.005250 0.016986
2 0.711250 0.330142 0.087000 0.056953
2 0.141250 0.313905 0.025500 0.017985
2 0.774375 0.314738 0.024000 0.021982
2 0.162500 0.313905 0.009000 0.019983
2 0.597812 0.330974 0.066750 0.062948
2 0.695312 0.310991 0.008250 0.016986
2 0.637188 0.308493 0.006750 0.014988
2 0.745938 0.308077 0.015750 0.015987
2 0.835313 0.305995 0.012750 0.014988
2 0.013875 0.323064 0.027750 0.055953
2 0.228125 0.304330 0.012000 0.012989
2 0.867188 0.302248 0.006750 0.015987
2 0.365938 0.291840 0.009750 0.010991
2 0.130000 0.291840 0.007500 0.010991
2 0.824688 0.394671 0.201750 0.261782
2 0.142813 0.305579 0.045750 0.049958
2 0.866563 0.287677 0.015750 0.010991
2 0.837500 0.293505 0.018000 0.028976
2 0.818750 0.291840 0.021000 0.028976
2 0.670625 0.309326 0.075000 0.070941
2 0.855625 0.291840 0.024000 0.032973
2 0.072500 0.281848 0.009000 0.008993
2 0.820625 0.282681 0.007500 0.014988
2 0.659687 0.278934 0.011250 0.009992
2 0.871250 0.279351 0.009000 0.016986
2 0.675312 0.279767 0.011250 0.017985
2 0.709063 0.279351 0.020250 0.018984
2 0.248438 0.288093 0.017250 0.045962
2 0.662188 0.271857 0.021750 0.018984
2 0.588750 0.267277 0.010500 0.007993
2 0.299063 0.269775 0.005250 0.013988
2 0.600625 0.283097 0.021000 0.047960
2 0.221250 0.270192 0.013500 0.018984
2 0.397500 0.272273 0.024000 0.031973
2 0.800500 0.553372 0.399000 0.893256
2 0.837812 0.266445 0.014250 0.025978
2 0.360312 0.258118 0.011250 0.013988
2 0.910000 0.272689 0.025500 0.052956
2 0.824063 0.265196 0.020250 0.038968
2 0.795937 0.279767 0.050250 0.075937
2 0.600000 0.252290 0.016500 0.017985
2 0.630313 0.284346 0.053250 0.098918
2 0.824688 0.246878 0.009750 0.010991
2 0.061875 0.245629 0.012000 0.007993
2 0.798125 0.247710 0.013500 0.014988
2 0.391562 0.245212 0.012750 0.008993
2 0.382188 0.251457 0.042750 0.023980
2 0.946562 0.260200 0.029250 0.046961
2 0.789062 0.249376 0.014250 0.020983
2 0.801875 0.243131 0.010500 0.007993
2 0.395625 0.241465 0.010500 0.011990
2 0.013500 0.244796 0.027000 0.025978
2 0.930000 0.262698 0.034500 0.070941
2 0.826875 0.236470 0.013500 0.009992
2 0.767188 0.272689 0.042750 0.100916
2 0.610000 0.237719 0.015000 0.016986
2 0.011250 0.236053 0.007500 0.012989
2 0.429688 0.237719 0.011250 0.018984
2 0.806875 0.231890 0.010500 0.010991
2 0.881875 0.256037 0.094500 0.074938
2 0.309375 0.228143 0.018000 0.009992
2 0.417812 0.232723 0.018750 0.030974
2 0.033125 0.225229 0.007500 0.014988
2 0.656563 0.224396 0.009750 0.014988
2 0.307812 0.220233 0.020250 0.010991
2 0.007125 0.228560 0.014250 0.032973
2 0.803438 0.220233 0.015750 0.020983
2 0.667500 0.247294 0.076500 0.085928
2 0.693750 0.222731 0.019500 0.036969
2 0.410938 0.213988 0.008250 0.019983
2 0.303438 0.211490 0.021750 0.013988
2 0.262813 0.214405 0.014250 0.020983
2 0.284375 0.238968 0.043500 0.087927
2 0.847500 0.228976 0.042000 0.065945
2 0.886875 0.228560 0.112500 0.070941
2 0.681250 0.211074 0.030000 0.036969
2 0.426563 0.203164 0.006750 0.017985
2 0.321562 0.205662 0.029250 0.037968
2 0.358125 0.207744 0.019500 0.046961
2 0.223438 0.195254 0.008250 0.016986
2 0.294687 0.192340 0.009750 0.011990
2 0.193750 0.193172 0.010500 0.017985
2 0.771875 0.188593 0.009000 0.008993
2 0.680312 0.191923 0.011250 0.016986
2 0.689688 0.190674 0.011250 0.019983
2 0.236875 0.192340 0.022500 0.023980
2 0.256563 0.197752 0.047250 0.042964
2 0.830313 0.191091 0.042750 0.028976
2 0.179688 0.189009 0.023250 0.025978
2 0.190938 0.179850 0.006750 0.013988
2 0.676562 0.182348 0.014250 0.021982
2 0.350313 0.177769 0.011250 0.010991
2 0.317500 0.181099 0.013500 0.018984
2 0.380000 0.174854 0.012000 0.013988
2 0.343750 0.192340 0.043500 0.055953
2 0.296563 0.176103 0.006750 0.016986
2 0.185625 0.170691 0.016500 0.011990
2 0.170937 0.177352 0.018750 0.027977
2 0.706250 0.184430 0.031500 0.048959
2 0.370312 0.169442 0.009750 0.012989
2 0.013500 0.175271 0.027000 0.034971
2 0.873125 0.166944 0.010500 0.018984
2 0.200937 0.164863 0.018750 0.013988
2 0.292812 0.173605 0.026250 0.052956
2 0.203437 0.155287 0.009750 0.010991
2 0.036562 0.155704 0.011250 0.011990
2 0.109063 0.155287 0.011250 0.020983
2 0.256250 0.148626 0.012000 0.014988
2 0.274687 0.148210 0.008250 0.015987
2 0.205000 0.146128 0.013500 0.010991
2 0.265625 0.146545 0.009000 0.013988
2 0.174375 0.146545 0.006000 0.013988
2 0.341250 0.149459 0.027000 0.022981
2 0.183750 0.143630 0.009000 0.010991
2 0.032625 0.178601 0.065250 0.094921
2 0.020313 0.151957 0.032250 0.038968
2 0.781875 0.137802 0.015000 0.006994
2 0.597812 0.138634 0.006750 0.010991
2 0.396562 0.140300 0.008250 0.016986
2 0.963437 0.140716 0.015750 0.019983
2 0.770312 0.139467 0.011250 0.016986
2 0.043437 0.134888 0.011250 0.007993
2 0.405000 0.140300 0.018000 0.026978
2 0.717500 0.145712 0.018000 0.041965
2 0.009375 0.137802 0.018750 0.024979
2 0.994000 0.133639 0.012000 0.016986
2 0.418750 0.131141 0.007500 0.010991
2 0.390937 0.152373 0.023250 0.061948
2 0.339375 0.131973 0.012000 0.020983
2 0.686250 0.150708 0.057000 0.067943
2 0.976875 0.128226 0.009000 0.017985
2 0.621250 0.126145 0.009000 0.014988
2 0.749687 0.218984 0.131250 0.245795
2 0.005625 0.119900 0.011250 0.019983
2 0.416875 0.118651 0.018000 0.018984
2 0.749062 0.120316 0.011250 0.024979
2 0.375625 0.116570 0.006000 0.015987
2 0.603750 0.127394 0.030000 0.043963
2 0.487812 0.115321 0.015750 0.014988
2 0.308437 0.111990 0.015750 0.006994
2 0.045625 0.119484 0.012000 0.026978
2 0.236250 0.149459 0.066000 0.100916
2 0.198125 0.134055 0.048000 0.063947
2 0.780625 0.109908 0.012000 0.009992
2 0.062500 0.126561 0.031500 0.049958
2 0.247188 0.114488 0.011250 0.022981
2 0.235625 0.105745 0.009000 0.007993
2 0.815625 0.179434 0.117000 0.190841
2 0.343438 0.113655 0.023250 0.032973
2 0.009000 0.111990 0.018000 0.030974
2 0.196250 0.106578 0.013500 0.019983
2 0.991563 0.110741 0.012750 0.031973
2 0.769375 0.104913 0.016500 0.017985
2 0.754062 0.125729 0.045750 0.067943
2 0.215312 0.115737 0.030750 0.043963
2 0.561250 0.102415 0.010500 0.013988
2 0.537188 0.101582 0.011250 0.017985
2 0.371563 0.111157 0.035250 0.048959
2 0.815625 0.094921 0.015000 0.013988
2 0.238750 0.094088 0.007500 0.013988
2 0.196875 0.096170 0.022500 0.018984
2 0.248750 0.095337 0.016500 0.020983
2 0.761250 0.097002 0.042000 0.028976
2 0.690625 0.084097 0.010500 0.007993
2 0.757188 0.079517 0.011250 0.006994
2 0.308750 0.094505 0.039000 0.042964
2 0.713437 0.084513 0.009750 0.024979
2 0.326250 0.082015 0.009000 0.024979
2 0.571562 0.084513 0.029250 0.036969
2 0.994687 0.076603 0.009750 0.019983
2 0.764062 0.077019 0.020250 0.020983
2 0.626875 0.083264 0.036000 0.035970
2 0.286562 0.135304 0.110250 0.160866
2 0.887188 0.071607 0.006750 0.011990
2 0.159000 0.358035 0.318000 0.699417
2 0.881875 0.072440 0.006000 0.017985
2 0.717187 0.066611 0.014250 0.013988
2 0.469375 0.068693 0.012000 0.018984
2 0.029375 0.068693 0.024000 0.024979
2 0.695937 0.072856 0.035250 0.036969
2 0.633125 0.063697 0.015000 0.014988
2 0.067187 0.067860 0.017250 0.024979
2 0.020313 0.062448 0.009750 0.011990
2 0.714688 0.059117 0.006750 0.011990
2 0.612500 0.055787 0.009000 0.007993
2 0.403438 0.061199 0.014250 0.020983
2 0.308125 0.064113 0.022500 0.029975
2 0.806562 0.058285 0.006750 0.017985
2 0.512188 0.057036 0.008250 0.014988
2 0.295625 0.060366 0.010500 0.022981
2 0.162188 0.055787 0.006750 0.011990
2 0.174687 0.061615 0.021750 0.029975
2 0.063125 0.053289 0.021000 0.011990
2 0.011250 0.074521 0.022500 0.062948
2 0.708750 0.050791 0.006000 0.011990
2 0.521875 0.050791 0.012000 0.013988
2 0.617812 0.051207 0.014250 0.016986
2 0.396562 0.048709 0.006750 0.010991
2 0.604688 0.047877 0.009750 0.010991
2 0.117500 0.047044 0.013500 0.012989
2 0.695000 0.053705 0.027000 0.030974
2 0.592812 0.050791 0.032250 0.023980
2 0.451875 0.048293 0.010500 0.017985
2 0.484375 0.040799 0.009000 0.007993
2 0.610000 0.040799 0.013500 0.013988
2 0.789687 0.076187 0.077250 0.100916
2 0.072188 0.041632 0.009750 0.017985
2 0.583750 0.037469 0.015000 0.009992
2 0.597500 0.036636 0.015000 0.015987
2 0.879375 0.035387 0.009000 0.014988
2 0.645938 0.033722 0.014250 0.010991
2 0.211875 0.064530 0.075000 0.086928
2 0.529062 0.043714 0.021750 0.038968
2 0.970313 0.036636 0.021750 0.027977
2 0.069687 0.028310 0.012750 0.011990
2 0.087188 0.028726 0.015750 0.018984
2 0.231250 0.023730 0.010500 0.010991
2 0.693438 0.025812 0.020250 0.019983
2 0.324375 0.025812 0.009000 0.019983
2 0.302812 0.046628 0.066750 0.073938
2 0.038750 0.081182 0.066000 0.156869
2 0.605625 0.019567 0.010500 0.010991
2 0.063125 0.020400 0.015000 0.012989
2 0.774687 0.021232 0.032250 0.028976
2 0.035000 0.017069 0.010500 0.022981
2 0.899687 0.014571 0.014250 0.020983
2 0.522188 0.010824 0.011250 0.013988
2 0.088125 0.014155 0.010500 0.021982
2 0.491875 0.007494 0.012000 0.007993
2 0.741875 0.009992 0.006000 0.015987
2 0.668125 0.029475 0.064500 0.058951
2 0.714375 0.005412 0.009000 0.008993
2 0.672500 0.010491 0.021000 0.020983
2 0.407500 0.022481 0.019500 0.044963
2 0.142813 0.009575 0.014250 0.018984
2 0.079375 0.005412 0.009000 0.008993
2 0.979375 0.030974 0.041250 0.061948
2 0.943125 0.004496 0.015000 0.008993
2 0.932187 0.007494 0.008250 0.014988
2 0.917188 0.007993 0.026250 0.015987
2 0.889062 0.011990 0.011250 0.023980
2 0.811250 0.015987 0.040500 0.031973
2 0.860125 0.191341 0.279750 0.382681
2 0.754375 0.010491 0.022500 0.020983
2 0.726875 0.008493 0.022500 0.016986
2 0.728437 0.083930 0.099750 0.167860
2 0.690937 0.009992 0.011250 0.019983
2 0.641563 0.005495 0.012750 0.010991
2 0.653125 0.071440 0.106500 0.142881
2 0.610313 0.006495 0.014250 0.012989
2 0.444375 0.460616 0.591000 0.921232
2 0.573125 0.011990 0.012000 0.023980
2 0.513125 0.009992 0.012000 0.019983
2 0.522500 0.038968 0.096000 0.077935
2 0.475625 0.012989 0.034500 0.025978
2 0.465938 0.043464 0.054750 0.086928
2 0.430312 0.005495 0.011250 0.010991
2 0.419687 0.005995 0.017250 0.011990
2 0.385625 0.008993 0.009000 0.017985
2 0.347813 0.007993 0.021750 0.015987
2 0.332813 0.005495 0.009750 0.010991
2 0.393125 0.107410 0.175500 0.214821
2 0.307188 0.014988 0.026250 0.029975
2 0.265937 0.048959 0.065250 0.097918
2 0.248750 0.019983 0.031500 0.039967
2 0.175313 0.049459 0.129750 0.098918
2 0.098125 0.089925 0.090000 0.179850
2 0.070000 0.018485 0.030000 0.036969
2 0.048750 0.007993 0.018000 0.015987
2 0.035312 0.006994 0.018750 0.013988
2 0.017250 0.027977 0.034500 0.055953
