2 0.588672 0.646354 0.019688 0.048750
2 0.401953 0.627083 0.012188 0.015000
2 0.485156 0.626042 0.020625 0.045000
2 0.518750 0.650521 0.090000 0.173750
2 0.577344 0.588542 0.026250 0.045000
2 0.600000 0.543229 0.033750 0.031250
2 0.416406 0.544271 0.020625 0.038750
2 0.395313 0.521354 0.024375 0.046250
2 0.533203 0.530208 0.068437 0.087500
2 0.273828 0.488542 0.023438 0.047500
2 0.389453 0.485938 0.029062 0.046250
2 0.644141 0.461979 0.034687 0.033750
2 0.303516 0.461979 0.040313 0.036250
2 0.566406 0.494792 0.048750 0.117500
2 0.605469 0.464583 0.026250 0.047500
2 0.262891 0.452083 0.036562 0.037500
2 0.517578 0.457292 0.034687 0.095000
2 0.288672 0.431771 0.023438 0.043750
2 0.571875 0.425521 0.028125 0.033750
2 0.312109 0.419271 0.021562 0.048750
2 0.540234 0.432292 0.027187 0.087500
2 0.609375 0.418750 0.054375 0.080000
2 0.469531 0.449479 0.103125 0.171250
2 0.431250 0.391667 0.022500 0.037500
2 0.380859 0.382812 0.014063 0.018750
2 0.574609 0.392188 0.021562 0.046250
2 0.445312 0.376563 0.031875 0.031250
2 0.415625 0.369792 0.022500 0.025000
2 0.608984 0.366146 0.017813 0.046250
2 0.396875 0.340104 0.011250 0.018750
2 0.469922 0.347396 0.032813 0.041250
2 0.407813 0.335417 0.009375 0.017500
2 0.447266 0.339062 0.034687 0.031250
2 0.502344 0.359896 0.050625 0.101250
2 0.545312 0.338021 0.060000 0.093750
2 0.471094 0.308854 0.033750 0.033750
2 0.450391 0.275521 0.027187 0.046250
2 0.539844 0.259375 0.018750 0.040000
2 0.387891 0.247396 0.019688 0.031250
2 0.510938 0.261458 0.050625 0.092500
2 0.413672 0.430208 0.267188 0.532500
2 0.530469 0.216667 0.020625 0.042500
