2 0.418125 0.989509 0.033000 0.020983
2 0.446875 0.936719 0.042000 0.071940
2 0.383437 0.913822 0.026250 0.026978
2 0.384375 0.931057 0.105000 0.137885
2 0.286562 0.910908 0.032250 0.081932
2 0.119250 0.918068 0.238500 0.163863
2 0.517500 0.846378 0.010500 0.012989
2 0.428438 0.866778 0.035250 0.087927
2 0.369375 0.857202 0.043500 0.072939
2 0.579688 0.836803 0.062250 0.053955
2 0.452188 0.845545 0.036750 0.074938
2 0.510000 0.837635 0.085500 0.099917
2 0.361250 0.802248 0.055500 0.050958
2 0.298125 0.807244 0.045000 0.072939
2 0.529062 0.807244 0.042750 0.074938
2 0.525000 0.783514 0.025500 0.031973
2 0.526875 0.763947 0.030000 0.034971
2 0.390937 0.768110 0.023250 0.050958
2 0.406562 0.748127 0.014250 0.014988
2 0.432500 0.738135 0.006000 0.016986
2 0.544687 0.736470 0.017250 0.038968
2 0.517500 0.720233 0.016500 0.011990
2 0.255937 0.733972 0.054750 0.052956
2 0.645938 0.731057 0.063750 0.057952
2 0.418438 0.757702 0.075750 0.137885
2 0.647500 0.676103 0.009000 0.009992
2 0.365938 0.712739 0.111750 0.101915
2 0.477812 0.712323 0.072750 0.120899
2 0.555937 0.684430 0.033750 0.071940
2 0.440625 0.676103 0.054000 0.059950
2 0.358750 0.658618 0.096000 0.075937
2 0.623125 0.647794 0.051000 0.083930
2 0.456250 0.633222 0.057000 0.054954
2 0.653750 0.618651 0.025500 0.021982
2 0.300312 0.667361 0.059250 0.140883
2 0.679375 0.614488 0.004500 0.015987
2 0.587187 0.637386 0.039750 0.078934
2 0.632188 0.703580 0.213750 0.291757
2 0.175625 0.603247 0.055500 0.062948
2 0.666875 0.574521 0.010500 0.015987
2 0.238437 0.597002 0.042750 0.085928
2 0.426563 0.562864 0.021750 0.011990
2 0.636875 0.574521 0.022500 0.041965
2 0.440937 0.557036 0.011250 0.005995
2 0.320000 0.584097 0.040500 0.080933
2 0.657500 0.559534 0.015000 0.029975
2 0.594063 0.573272 0.050250 0.074938
2 0.707812 0.555787 0.066750 0.072939
2 0.233750 0.530391 0.033000 0.031973
2 0.780625 0.546628 0.037500 0.084929
2 0.720313 0.517069 0.012750 0.019983
2 0.207500 0.543297 0.039000 0.084929
2 0.224688 0.508743 0.041250 0.029975
2 0.709688 0.506661 0.015750 0.032973
2 0.289687 0.515820 0.047250 0.056953
2 0.380937 0.559117 0.066750 0.162864
2 0.796000 0.692256 0.408000 0.615487
2 0.250312 0.495004 0.006750 0.018984
2 0.737187 0.504996 0.050250 0.058951
2 0.472187 0.470858 0.021750 0.014988
2 0.341875 0.519983 0.051000 0.152873
2 0.406562 0.494588 0.048750 0.097918
2 0.247812 0.489592 0.035250 0.085928
2 0.795312 0.477102 0.059250 0.057952
2 0.418438 0.469609 0.020250 0.051957
2 0.629062 0.518734 0.066750 0.215820
2 0.280938 0.458368 0.036750 0.080933
2 0.463438 0.518318 0.137250 0.228809
2 0.752812 0.450042 0.036750 0.078934
2 0.673438 0.445878 0.066750 0.074938
2 0.664062 0.485012 0.107250 0.196836
2 0.396562 0.409659 0.008250 0.021982
2 0.712500 0.432556 0.036000 0.084929
2 0.547813 0.599500 0.168750 0.497585
2 0.418125 0.422981 0.097500 0.081932
2 0.222188 0.421316 0.032250 0.079933
2 0.515625 0.416320 0.037500 0.073938
2 0.340000 0.393006 0.012000 0.023980
2 0.569063 0.413822 0.038250 0.091923
2 0.484375 0.379684 0.009000 0.015987
2 0.665625 0.376769 0.007500 0.014988
2 0.670937 0.393838 0.056250 0.071940
2 0.327813 0.373855 0.044250 0.035970
2 0.480938 0.363863 0.014250 0.025978
2 0.492188 0.385096 0.051750 0.078934
2 0.396875 0.380933 0.084000 0.082931
2 0.318437 0.382182 0.084750 0.089925
2 0.629375 0.368443 0.040500 0.062948
2 0.599063 0.369276 0.026250 0.078934
2 0.448437 0.348876 0.057750 0.065945
2 0.659687 0.347211 0.096750 0.063947
2 0.599063 0.324729 0.006750 0.015987
2 0.626563 0.317652 0.015750 0.014988
2 0.384062 0.338468 0.033750 0.078934
2 0.534062 0.312240 0.017250 0.019983
2 0.485000 0.326395 0.058500 0.053955
2 0.612812 0.315570 0.035250 0.033972
2 0.565312 0.311407 0.014250 0.027977
2 0.525937 0.293505 0.009750 0.010991
2 0.595625 0.286844 0.015000 0.006994
2 0.335625 0.325978 0.069000 0.100916
2 0.599375 0.278102 0.012000 0.013988
2 0.442812 0.280600 0.056250 0.059950
2 0.640938 0.289759 0.087750 0.089925
2 0.494375 0.238135 0.006000 0.013988
2 0.526250 0.308493 0.085500 0.194838
2 0.542813 0.231057 0.011250 0.012989
2 0.641563 0.235637 0.090750 0.081932
2 0.587500 0.213572 0.022500 0.036969
2 0.465000 0.203580 0.006000 0.018984
2 0.324062 0.212323 0.030750 0.071940
2 0.372188 0.207744 0.080250 0.168859
2 0.592812 0.172773 0.081750 0.110908
2 0.476875 0.119484 0.009000 0.014988
2 0.534375 0.236470 0.193500 0.321732
2 0.334688 0.131973 0.032250 0.076936
2 0.461562 0.129892 0.113250 0.081932
2 0.793375 0.274771 0.413250 0.549542
2 0.200625 0.116903 0.401250 0.233805
