2 0.295938 0.833888 0.011250 0.016986
2 0.484687 0.829725 0.048750 0.064946
2 0.341562 0.816403 0.035250 0.074938
2 0.287813 0.824313 0.048750 0.097918
2 0.291875 0.804330 0.021000 0.053955
2 0.575937 0.788093 0.059250 0.046961
2 0.446250 0.779351 0.049500 0.047960
2 0.647813 0.768110 0.054750 0.046961
2 0.297500 0.760200 0.013500 0.033972
2 0.454688 0.751873 0.026250 0.025978
2 0.570937 0.743547 0.008250 0.017985
2 0.590313 0.734388 0.014250 0.007993
2 0.427812 0.779767 0.057750 0.120899
2 0.377188 0.753122 0.030750 0.074938
2 0.290312 0.768526 0.102750 0.111907
2 0.465625 0.737719 0.022500 0.043963
2 0.347187 0.751873 0.033750 0.077935
2 0.538438 0.758535 0.183750 0.115903
2 0.524687 0.713572 0.009750 0.013988
2 0.747500 0.732306 0.046500 0.064946
2 0.435937 0.724813 0.033750 0.078934
2 0.582812 0.709409 0.057750 0.055953
2 0.685000 0.699833 0.072000 0.034971
2 0.633437 0.713156 0.090750 0.082931
2 0.465938 0.696919 0.041250 0.045962
2 0.303125 0.706495 0.034500 0.076936
2 0.514687 0.689842 0.044250 0.048959
2 0.781250 0.693172 0.046500 0.076936
2 0.214688 0.689425 0.035250 0.073938
2 0.353750 0.673605 0.043500 0.047960
2 0.640938 0.661116 0.018750 0.021982
2 0.493437 0.680683 0.029250 0.068943
2 0.701875 0.655287 0.022500 0.021982
2 0.555625 0.676103 0.034500 0.073938
2 0.726875 0.671524 0.040500 0.070941
2 0.370937 0.644463 0.011250 0.009992
2 0.349687 0.651540 0.032250 0.040966
2 0.447813 0.661532 0.090750 0.074938
2 0.396250 0.650291 0.060000 0.047960
2 0.316563 0.653622 0.041250 0.067943
2 0.756875 0.643214 0.046500 0.056953
2 0.504687 0.635304 0.047250 0.045962
2 0.642500 0.601582 0.009000 0.014988
2 0.585625 0.628226 0.036000 0.080933
2 0.421875 0.610741 0.055500 0.044963
2 0.261250 0.618235 0.034500 0.076936
2 0.352187 0.603664 0.035250 0.043963
2 0.450937 0.587427 0.045750 0.062948
2 0.346562 0.598668 0.111750 0.093922
2 0.545000 0.587011 0.078000 0.083930
2 0.629062 0.612823 0.062250 0.201832
2 0.696875 0.600749 0.117000 0.204829
2 0.250625 0.532057 0.045000 0.057952
2 0.705937 0.543714 0.039750 0.087927
2 0.625625 0.508743 0.018000 0.013988
2 0.356250 0.553289 0.096000 0.124896
2 0.588125 0.511241 0.024000 0.029975
2 0.591875 0.547460 0.168000 0.116903
2 0.675000 0.495420 0.030000 0.069942
2 0.303750 0.512490 0.075000 0.112906
2 0.575313 0.497918 0.051750 0.081932
2 0.715313 0.498335 0.074250 0.096919
2 0.617812 0.481682 0.044250 0.058951
2 0.651250 0.469192 0.037500 0.054954
2 0.723750 0.432973 0.016500 0.011990
2 0.506563 0.450874 0.042750 0.066944
2 0.449688 0.452540 0.032250 0.070941
2 0.351875 0.452956 0.034500 0.079933
2 0.473750 0.441715 0.039000 0.062948
2 0.413125 0.474604 0.049500 0.157868
2 0.460313 0.422148 0.011250 0.035970
2 0.554688 0.404663 0.018750 0.013988
2 0.646250 0.405079 0.019500 0.016986
2 0.523125 0.490425 0.231000 0.229808
2 0.685937 0.401749 0.006750 0.018984
2 0.707500 0.440466 0.082500 0.121898
2 0.560625 0.415487 0.060000 0.061948
2 0.280313 0.408826 0.050250 0.063947
2 0.560312 0.388010 0.014250 0.019983
2 0.222188 0.371357 0.008250 0.011990
2 0.391250 0.418818 0.049500 0.137885
2 0.486563 0.390092 0.093750 0.078934
2 0.692500 0.374271 0.031500 0.042964
2 0.346875 0.383014 0.034500 0.065945
2 0.224375 0.374688 0.057000 0.047960
2 0.322813 0.338052 0.008250 0.015987
2 0.535312 0.357619 0.041250 0.078934
2 0.653750 0.325978 0.012000 0.010991
2 0.271250 0.347627 0.036000 0.076936
2 0.298125 0.341799 0.031500 0.066944
2 0.362812 0.330558 0.035250 0.073938
2 0.326250 0.332223 0.034500 0.077935
2 0.481250 0.332639 0.081000 0.124896
2 0.555625 0.300583 0.051000 0.055953
2 0.726250 0.350125 0.096000 0.212823
2 0.456562 0.276853 0.047250 0.054954
2 0.415312 0.297252 0.057750 0.115903
2 0.326250 0.262281 0.027000 0.075937
2 0.436250 0.249792 0.037500 0.077935
2 0.491563 0.211490 0.029250 0.071940
2 0.630000 0.314321 0.181500 0.358701
2 0.528125 0.179850 0.073500 0.093922
2 0.477500 0.162781 0.039000 0.052956
2 0.514062 0.111157 0.042750 0.056953
