2 0.914219 0.814375 0.171563 0.371250
2 0.690625 0.649479 0.033750 0.036250
2 0.627344 0.645312 0.035625 0.031250
2 0.521094 0.642708 0.024375 0.047500
2 0.638672 0.628125 0.019688 0.017500
2 0.716797 0.636458 0.027187 0.052500
2 0.683984 0.608333 0.030937 0.047500
2 0.709375 0.600521 0.033750 0.031250
2 0.593359 0.607292 0.085312 0.065000
2 0.519531 0.584375 0.024375 0.030000
2 0.664844 0.576562 0.015000 0.018750
2 0.502344 0.597917 0.054375 0.080000
2 0.583594 0.569271 0.022500 0.043750
2 0.469922 0.569792 0.019688 0.045000
2 0.425391 0.573438 0.087188 0.106250
2 0.607422 0.548438 0.023438 0.051250
2 0.644922 0.571875 0.075938 0.135000
2 0.657813 0.516667 0.007500 0.027500
2 0.617578 0.505208 0.010312 0.012500
2 0.545703 0.571354 0.119063 0.203750
2 0.635547 0.500521 0.029062 0.038750
2 0.469922 0.509896 0.113437 0.081250
2 0.626172 0.479687 0.014063 0.011250
2 0.380469 0.492708 0.024375 0.042500
2 0.589453 0.478646 0.015938 0.036250
2 0.671875 0.528646 0.091875 0.188750
2 0.667188 0.454167 0.011250 0.030000
2 0.419141 0.461458 0.021562 0.047500
2 0.710547 0.450521 0.012188 0.031250
2 0.623047 0.444271 0.030937 0.016250
2 0.661719 0.433854 0.013125 0.018750
2 0.645703 0.439583 0.021562 0.037500
2 0.611328 0.479167 0.059062 0.132500
2 0.476172 0.456771 0.074063 0.106250
2 0.646484 0.415625 0.027187 0.020000
2 0.620313 0.417187 0.035625 0.033750
2 0.424609 0.407813 0.023438 0.041250
2 0.550781 0.442708 0.101250 0.157500
2 0.638281 0.392188 0.026250 0.043750
2 0.667578 0.395833 0.045937 0.055000
2 0.470313 0.403125 0.080625 0.085000
2 0.615234 0.377604 0.023438 0.051250
2 0.521875 0.377604 0.043125 0.076250
2 0.635156 0.348438 0.030000 0.038750
2 0.500781 0.346875 0.020625 0.042500
2 0.457422 0.342708 0.034687 0.032500
2 0.574219 0.376563 0.075000 0.128750
2 0.665625 0.338542 0.026250 0.040000
2 0.713281 0.426563 0.076875 0.256250
2 0.517969 0.318750 0.024375 0.042500
2 0.430078 0.310937 0.034687 0.031250
2 0.478125 0.308333 0.067500 0.047500
2 0.553125 0.313021 0.028125 0.078750
2 0.682031 0.326042 0.065625 0.115000
2 0.575391 0.298958 0.042188 0.060000
2 0.627344 0.275000 0.063750 0.055000
2 0.505469 0.269792 0.020625 0.042500
2 0.607031 0.248438 0.028125 0.028750
2 0.636719 0.228646 0.031875 0.028750
2 0.764687 0.193750 0.470625 0.387500
2 0.086250 0.185625 0.172500 0.371250
