2 0.445000 0.852206 0.007500 0.008993
2 0.438437 0.828060 0.008250 0.012989
2 0.436250 0.820983 0.033000 0.071940
2 0.401562 0.772689 0.059250 0.051957
2 0.382812 0.745629 0.012750 0.050958
2 0.331562 0.733972 0.053250 0.040966
2 0.444063 0.740633 0.050250 0.058951
2 0.649375 0.731057 0.049500 0.047960
2 0.535000 0.739384 0.034500 0.069942
2 0.383750 0.720233 0.063000 0.069942
2 0.588125 0.696919 0.048000 0.053955
2 0.502812 0.678185 0.084750 0.078934
2 0.384688 0.663197 0.090750 0.056953
2 0.453125 0.636137 0.051000 0.051957
2 0.704063 0.621149 0.021750 0.021982
2 0.520625 0.602831 0.015000 0.017985
2 0.681250 0.629475 0.049500 0.087927
2 0.676250 0.602831 0.018000 0.023980
2 0.597187 0.617402 0.036750 0.066944
2 0.645938 0.599917 0.074250 0.032973
2 0.704688 0.589092 0.012750 0.008993
2 0.397500 0.601998 0.048000 0.045962
2 0.284375 0.594921 0.043500 0.044963
2 0.436875 0.594505 0.054000 0.045962
2 0.588125 0.570774 0.013500 0.006994
2 0.530312 0.580350 0.042750 0.035970
2 0.328437 0.606162 0.063750 0.101915
2 0.676562 0.576603 0.038250 0.032973
2 0.726875 0.591174 0.036000 0.069942
2 0.562187 0.564946 0.011250 0.012989
2 0.607500 0.572440 0.010500 0.036969
2 0.219688 0.572856 0.042750 0.043963
2 0.694688 0.568276 0.018750 0.036969
2 0.304063 0.561199 0.042750 0.053955
2 0.649687 0.544130 0.053250 0.042964
2 0.171875 0.544963 0.045000 0.048959
2 0.413750 0.528310 0.015000 0.020983
2 0.695312 0.532889 0.048750 0.049958
2 0.575625 0.522898 0.028500 0.049958
2 0.341875 0.526228 0.114000 0.065945
2 0.241563 0.527477 0.068250 0.076936
2 0.643437 0.512073 0.048750 0.043963
2 0.439063 0.509159 0.011250 0.038968
2 0.448437 0.514155 0.047250 0.058951
2 0.416875 0.490425 0.024000 0.011990
2 0.451562 0.530391 0.105750 0.111907
2 0.575625 0.484596 0.015000 0.007993
2 0.416875 0.479184 0.024000 0.016986
2 0.396250 0.479600 0.016500 0.017985
2 0.344375 0.487510 0.045000 0.058951
2 0.214375 0.495420 0.070500 0.077935
2 0.635938 0.464197 0.050250 0.032973
2 0.532813 0.551624 0.140250 0.260783
2 0.603437 0.455037 0.041250 0.032973
2 0.442188 0.461699 0.030750 0.048959
2 0.378750 0.476270 0.070500 0.097918
2 0.453750 0.453789 0.034500 0.053955
2 0.396250 0.440466 0.027000 0.025978
2 0.497500 0.434638 0.015000 0.031973
2 0.616875 0.415487 0.015000 0.027977
2 0.470000 0.415487 0.030000 0.027977
2 0.291250 0.434221 0.034500 0.072939
2 0.657813 0.428809 0.044250 0.071940
2 0.579063 0.419234 0.018750 0.054954
2 0.605938 0.415903 0.035250 0.052956
2 0.479687 0.406328 0.039750 0.033972
2 0.354375 0.398834 0.012000 0.017985
2 0.364375 0.396753 0.009000 0.014988
2 0.339062 0.397585 0.017250 0.028976
2 0.580000 0.387177 0.015000 0.011990
2 0.404687 0.410075 0.042750 0.072939
2 0.444688 0.383430 0.024750 0.010991
2 0.463125 0.388010 0.006000 0.023980
2 0.417187 0.374271 0.017250 0.034971
2 0.453125 0.367610 0.018000 0.022981
2 0.451250 0.398834 0.075000 0.103913
2 0.618750 0.355953 0.007500 0.018984
2 0.610313 0.348043 0.020250 0.009992
2 0.584063 0.361782 0.086250 0.050958
2 0.357500 0.340550 0.009000 0.013988
2 0.231563 0.390092 0.111750 0.136886
2 0.211562 0.335137 0.020250 0.018984
2 0.659375 0.360949 0.043500 0.082931
2 0.589375 0.331391 0.015000 0.021982
2 0.334375 0.324729 0.015000 0.017985
2 0.547813 0.315154 0.062250 0.046961
2 0.444063 0.296003 0.021750 0.028976
2 0.619375 0.315570 0.057000 0.091923
2 0.408750 0.313905 0.069000 0.087927
2 0.578750 0.284763 0.016500 0.019983
2 0.333125 0.296003 0.025500 0.052956
2 0.503125 0.295587 0.051000 0.055953
2 0.510312 0.384263 0.198750 0.276769
2 0.275000 0.366361 0.189000 0.233805
2 0.420000 0.265196 0.010500 0.016986
2 0.423750 0.261032 0.007500 0.012989
2 0.315000 0.267694 0.036000 0.028976
2 0.544687 0.273106 0.018750 0.055953
2 0.356250 0.249376 0.012000 0.006994
2 0.468125 0.256869 0.060000 0.026978
2 0.358750 0.329309 0.093000 0.216819
2 0.443750 0.243547 0.063000 0.028976
2 0.515938 0.246461 0.048750 0.047960
2 0.588125 0.253122 0.082500 0.089925
2 0.338438 0.216486 0.008250 0.013988
2 0.523125 0.208576 0.009000 0.012989
2 0.345625 0.224813 0.028500 0.055953
2 0.528750 0.196087 0.012000 0.010991
2 0.492500 0.212323 0.045000 0.051957
2 0.256875 0.233555 0.079500 0.102914
2 0.503437 0.208576 0.030750 0.048959
2 0.445625 0.196503 0.021000 0.021982
2 0.387500 0.221066 0.067500 0.084929
2 0.326562 0.204829 0.033750 0.071940
2 0.372812 0.174438 0.014250 0.018984
2 0.362500 0.174854 0.010500 0.023980
2 0.474687 0.169442 0.021750 0.012989
2 0.440000 0.171524 0.036000 0.031973
2 0.423438 0.198585 0.104250 0.096919
2 0.535000 0.164863 0.048000 0.021982
2 0.559688 0.204829 0.071250 0.121898
2 0.351875 0.161116 0.042000 0.020983
2 0.456250 0.159450 0.018000 0.028976
2 0.305312 0.192340 0.063750 0.131890
2 0.514687 0.136969 0.027750 0.040966
2 0.417812 0.138218 0.111750 0.065945
2 0.490625 0.122398 0.040500 0.081932
2 0.461562 0.085762 0.045750 0.049958
2 0.504687 0.054122 0.096750 0.081932
2 0.556500 0.584013 1.000000 1.000000
