2 0.490938 0.831391 0.030750 0.038968
2 0.647188 0.818068 0.023250 0.052956
2 0.567500 0.796420 0.028500 0.044963
2 0.525000 0.786428 0.036000 0.034971
2 0.435312 0.775187 0.015750 0.007993
2 0.659687 0.775187 0.036750 0.039967
2 0.469375 0.759784 0.007500 0.018984
2 0.450313 0.775604 0.041250 0.058951
2 0.628750 0.768110 0.028500 0.050958
2 0.452500 0.753122 0.019500 0.014988
2 0.414687 0.761032 0.027750 0.047960
2 0.562813 0.752706 0.024750 0.055953
2 0.505313 0.734388 0.032250 0.039967
2 0.585313 0.735221 0.029250 0.047960
2 0.700000 0.722731 0.036000 0.029975
2 0.664375 0.735637 0.037500 0.068943
2 0.508125 0.705662 0.010500 0.018984
2 0.500313 0.703164 0.014250 0.020983
2 0.452500 0.726894 0.102000 0.083930
2 0.603750 0.699417 0.037500 0.035970
2 0.651875 0.695670 0.064500 0.054954
2 0.454062 0.676520 0.035250 0.030974
2 0.501563 0.669026 0.015750 0.028976
2 0.605313 0.667361 0.033750 0.036969
2 0.633125 0.655704 0.033000 0.032973
2 0.532188 0.684846 0.111750 0.156869
2 0.610000 0.611990 0.010500 0.015987
2 0.589688 0.632806 0.075750 0.071940
2 0.448750 0.617818 0.079500 0.083930
2 0.642813 0.595754 0.045750 0.032973
2 0.685937 0.621149 0.074250 0.099917
2 0.482812 0.595337 0.009750 0.037968
2 0.744375 0.578684 0.025500 0.039967
2 0.439688 0.581599 0.095250 0.054954
2 0.670312 0.572440 0.030750 0.040966
2 0.550312 0.559950 0.012750 0.012989
2 0.459688 0.559950 0.020250 0.014988
2 0.645625 0.563281 0.033000 0.046961
2 0.545625 0.552456 0.031500 0.028976
2 0.768437 0.542881 0.026250 0.041965
2 0.559688 0.532889 0.026250 0.017985
2 0.728125 0.539134 0.057000 0.092923
2 0.625000 0.503747 0.007500 0.015987
2 0.482187 0.509575 0.045750 0.033972
2 0.432188 0.500000 0.009750 0.018984
2 0.672188 0.506245 0.026250 0.049958
2 0.643125 0.508743 0.037500 0.075937
2 0.448437 0.480849 0.008250 0.020983
2 0.579688 0.478351 0.018750 0.024979
2 0.445000 0.518318 0.057000 0.120899
2 0.507812 0.480849 0.039750 0.034971
2 0.612812 0.464613 0.006750 0.009992
2 0.450937 0.477935 0.029250 0.053955
2 0.623125 0.445046 0.013500 0.010991
2 0.489375 0.450874 0.037500 0.034971
2 0.535000 0.438385 0.015000 0.010991
2 0.556875 0.457952 0.079500 0.065945
2 0.465313 0.462531 0.036750 0.076936
2 0.538125 0.428809 0.012000 0.009992
2 0.642500 0.423397 0.012000 0.010991
2 0.466250 0.422148 0.006000 0.015987
2 0.530625 0.430475 0.060000 0.039967
2 0.699688 0.446711 0.090750 0.094921
2 0.586250 0.409242 0.013500 0.006994
2 0.439063 0.424646 0.024750 0.049958
2 0.551875 0.407161 0.019500 0.011990
2 0.643437 0.415071 0.035250 0.038968
2 0.701250 0.390924 0.010500 0.008993
2 0.588125 0.376353 0.013500 0.009992
2 0.653438 0.356370 0.015750 0.007993
2 0.673125 0.393006 0.099000 0.105912
2 0.479375 0.361366 0.040500 0.065945
2 0.659687 0.340966 0.014250 0.018984
2 0.515625 0.382598 0.157500 0.126894
2 0.558125 0.339301 0.025500 0.024979
2 0.565000 0.492506 0.228000 0.394671
2 0.615625 0.335970 0.048000 0.062948
2 0.494688 0.321815 0.026250 0.044963
2 0.462500 0.315987 0.055500 0.082931
