2 0.559375 0.980000 0.030000 0.040000
2 0.673047 0.926042 0.010312 0.020000
2 0.534375 0.925000 0.031875 0.072500
2 0.578906 0.919792 0.063750 0.120000
2 0.550000 0.870313 0.024375 0.088750
2 0.659375 0.873958 0.097500 0.192500
2 0.667969 0.797917 0.052500 0.070000
2 0.612109 0.778646 0.045937 0.066250
2 0.552344 0.755208 0.031875 0.080000
2 0.717969 0.817708 0.065625 0.255000
2 0.505078 0.771354 0.089063 0.191250
2 0.731641 0.691667 0.008437 0.025000
2 0.634766 0.705729 0.045937 0.063750
2 0.699219 0.677604 0.015000 0.023750
2 0.600391 0.705729 0.038437 0.091250
2 0.624219 0.675000 0.011250 0.022500
2 0.763672 0.764583 0.092812 0.242500
2 0.553125 0.697917 0.071250 0.082500
2 0.684375 0.723958 0.052500 0.147500
2 0.416016 0.671875 0.006563 0.022500
2 0.448437 0.691146 0.030000 0.093750
2 0.416797 0.678646 0.036562 0.098750
2 0.724609 0.646875 0.008437 0.025000
2 0.651172 0.646875 0.006563 0.025000
2 0.637891 0.644271 0.023438 0.056250
2 0.622266 0.641667 0.040313 0.055000
2 0.561328 0.653125 0.083437 0.092500
2 0.623437 0.614062 0.011250 0.013750
2 0.381250 0.649479 0.058125 0.103750
2 0.666406 0.626042 0.030000 0.052500
2 0.755469 0.667708 0.071250 0.167500
2 0.328906 0.604688 0.007500 0.016250
2 0.439844 0.625000 0.031875 0.077500
2 0.331250 0.601562 0.050625 0.061250
2 0.639062 0.594271 0.037500 0.061250
2 0.582812 0.593750 0.033750 0.067500
2 0.592578 0.567187 0.015938 0.021250
2 0.554297 0.586979 0.032813 0.078750
2 0.694922 0.558854 0.006563 0.018750
2 0.755078 0.556250 0.025312 0.030000
2 0.764844 0.583333 0.069375 0.102500
2 0.383594 0.572917 0.041250 0.085000
2 0.760938 0.543750 0.007500 0.030000
2 0.681641 0.570312 0.036562 0.093750
2 0.658594 0.533333 0.018750 0.042500
2 0.449609 0.539583 0.030937 0.097500
2 0.555078 0.505208 0.012188 0.017500
2 0.760938 0.516146 0.037500 0.068750
2 0.667188 0.494271 0.009375 0.023750
2 0.626172 0.505729 0.055313 0.086250
2 0.759375 0.467187 0.033750 0.078750
2 0.787109 0.466146 0.030937 0.093750
2 0.573438 0.512500 0.129375 0.237500
2 0.411719 0.457813 0.060000 0.146250
2 0.813281 0.422917 0.037500 0.075000
2 0.367188 0.414583 0.041250 0.067500
2 0.546094 0.403646 0.043125 0.071250
2 0.715625 0.368750 0.013125 0.027500
2 0.713672 0.382812 0.023438 0.073750
2 0.666406 0.391146 0.031875 0.096250
2 0.523438 0.368229 0.048750 0.058750
2 0.839063 0.369792 0.043125 0.087500
2 0.465234 0.403125 0.077812 0.180000
2 0.760938 0.433333 0.106875 0.275000
2 0.742188 0.327604 0.026250 0.026250
2 0.700781 0.308333 0.020625 0.010000
2 0.660547 0.503125 0.205313 0.507500
2 0.674609 0.306771 0.036562 0.043750
2 0.644922 0.326562 0.030937 0.091250
2 0.450781 0.348958 0.084375 0.157500
2 0.814063 0.310417 0.037500 0.085000
2 0.383594 0.313021 0.031875 0.093750
2 0.610938 0.296354 0.035625 0.068750
2 0.526563 0.309375 0.114375 0.105000
2 0.710547 0.296875 0.087188 0.087500
2 0.435547 0.283854 0.038437 0.076250
2 0.467969 0.266146 0.033750 0.051250
2 0.654297 0.266146 0.062812 0.056250
2 0.730859 0.239583 0.045937 0.062500
2 0.569141 0.215625 0.032813 0.077500
2 0.349219 0.211979 0.030000 0.096250
2 0.671484 0.193750 0.053437 0.055000
2 0.589844 0.177083 0.013125 0.022500
2 0.637500 0.243750 0.153750 0.230000
2 0.495703 0.181771 0.027187 0.093750
2 0.435156 0.158333 0.011250 0.040000
2 0.471094 0.175000 0.028125 0.100000
2 0.550781 0.200521 0.073125 0.231250
2 0.596484 0.118750 0.045937 0.070000
2 0.448047 0.111979 0.030937 0.061250
2 0.471094 0.092708 0.031875 0.092500
2 0.420703 0.143125 0.087188 0.286250
