2 0.454688 0.692187 0.037500 0.056250
2 0.574609 0.653125 0.034687 0.032500
2 0.459375 0.652604 0.088125 0.098750
2 0.498828 0.627604 0.019688 0.046250
2 0.393750 0.623437 0.020625 0.048750
2 0.572266 0.613021 0.017813 0.033750
2 0.550000 0.603125 0.020625 0.030000
2 0.474609 0.588542 0.021562 0.025000
2 0.666016 0.581250 0.032813 0.035000
2 0.450781 0.608854 0.030000 0.103750
2 0.472266 0.572917 0.017813 0.027500
2 0.412500 0.570312 0.022500 0.046250
2 0.595703 0.593750 0.190312 0.167500
2 0.723828 0.539062 0.025312 0.046250
2 0.514453 0.552083 0.079687 0.077500
2 0.679688 0.530208 0.043125 0.027500
2 0.567187 0.558333 0.046875 0.095000
2 0.396094 0.520833 0.031875 0.032500
2 0.523828 0.513021 0.032813 0.036250
2 0.611328 0.509896 0.025312 0.048750
2 0.739453 0.506250 0.034687 0.042500
2 0.461719 0.520833 0.069375 0.090000
2 0.705078 0.493750 0.055313 0.072500
2 0.428516 0.495312 0.044062 0.076250
2 0.601562 0.466667 0.011250 0.012500
2 0.642969 0.503125 0.043125 0.112500
2 0.639453 0.450521 0.012188 0.031250
2 0.616797 0.447917 0.027187 0.037500
2 0.448828 0.452604 0.021562 0.048750
2 0.400000 0.441667 0.028125 0.045000
2 0.362500 0.430208 0.035625 0.032500
2 0.673438 0.431771 0.031875 0.046250
2 0.488672 0.453125 0.025312 0.097500
2 0.562891 0.465625 0.149062 0.132500
2 0.564453 0.422917 0.019688 0.045000
2 0.437891 0.410938 0.025312 0.036250
2 0.589844 0.401562 0.045000 0.051250
2 0.569922 0.393750 0.034687 0.037500
2 0.566797 0.371354 0.008437 0.011250
2 0.402344 0.395313 0.058125 0.073750
2 0.621094 0.365104 0.009375 0.018750
2 0.440234 0.377083 0.021562 0.047500
2 0.594141 0.365104 0.017813 0.028750
2 0.611328 0.358333 0.008437 0.020000
2 0.548438 0.356771 0.030000 0.043750
2 0.578516 0.347396 0.047812 0.048750
2 0.409766 0.343750 0.015938 0.047500
2 0.521484 0.384375 0.068437 0.157500
2 0.553125 0.319271 0.033750 0.033750
2 0.476562 0.331771 0.061875 0.096250
2 0.606641 0.288542 0.015938 0.012500
2 0.573438 0.289583 0.016875 0.047500
2 0.645703 0.383333 0.143437 0.347500
2 0.490625 0.253125 0.020625 0.037500
2 0.579297 0.273958 0.068437 0.112500
2 0.519141 0.261979 0.053437 0.086250
2 0.505859 0.214062 0.023438 0.041250
