2 0.214062 0.995000 0.015000 0.010000
2 0.405078 0.993229 0.021562 0.011250
2 0.928516 0.991250 0.015938 0.017500
2 0.684375 0.987500 0.015000 0.010000
2 0.171094 0.989375 0.020625 0.021250
2 0.869531 0.988125 0.016875 0.023750
2 0.491406 0.985417 0.018750 0.015000
2 0.441016 0.986250 0.045937 0.027500
2 0.005156 0.986250 0.010312 0.027500
2 0.320703 0.985625 0.021562 0.028750
2 0.408203 0.980208 0.008437 0.012500
2 0.104297 0.981771 0.015938 0.016250
2 0.932422 0.983333 0.010312 0.022500
2 0.986328 0.983333 0.023438 0.025000
2 0.769922 0.983750 0.034687 0.032500
2 0.298438 0.982500 0.028125 0.035000
2 0.737500 0.981250 0.037500 0.037500
2 0.140234 0.981250 0.030937 0.037500
2 0.906641 0.980625 0.045937 0.038750
2 0.348047 0.980000 0.027187 0.040000
2 0.373437 0.978750 0.050625 0.042500
2 0.210938 0.976562 0.015000 0.033750
2 0.962891 0.976875 0.044062 0.046250
2 0.941406 0.976875 0.022500 0.046250
2 0.110156 0.958854 0.013125 0.018750
2 0.195312 0.969375 0.031875 0.061250
2 0.336328 0.951562 0.015938 0.011250
2 0.087109 0.966875 0.047812 0.066250
2 0.812500 0.958333 0.031875 0.035000
2 0.323828 0.959896 0.017813 0.041250
2 0.775000 0.945833 0.015000 0.010000
2 0.122266 0.964375 0.032813 0.071250
2 0.413672 0.942187 0.019688 0.016250
2 0.914062 0.934896 0.009375 0.011250
2 0.903906 0.944792 0.016875 0.037500
2 0.117578 0.939583 0.010312 0.025000
2 0.943750 0.953646 0.112500 0.061250
2 0.825781 0.944271 0.018750 0.038750
2 0.006094 0.932813 0.012188 0.013750
2 0.265625 0.931250 0.015000 0.012500
2 0.510938 0.927604 0.011250 0.016250
2 0.646484 0.951875 0.186562 0.096250
2 0.651563 0.922396 0.011250 0.011250
2 0.019141 0.929167 0.017813 0.032500
2 0.461719 0.922396 0.015000 0.023750
2 0.700391 0.913542 0.010312 0.012500
2 0.116406 0.915625 0.015000 0.027500
2 0.664062 0.913542 0.015000 0.025000
2 0.487109 0.906250 0.017813 0.010000
2 0.237500 0.911979 0.015000 0.026250
2 0.140625 0.908333 0.015000 0.020000
2 0.268359 0.913542 0.017813 0.037500
2 0.126953 0.905208 0.010312 0.017500
2 0.902734 0.903646 0.021562 0.023750
2 0.010312 0.905208 0.020625 0.042500
2 0.122656 0.894271 0.016875 0.021250
2 0.094531 0.901563 0.048750 0.043750
2 0.654687 0.888542 0.015000 0.017500
2 0.558594 0.889583 0.024375 0.032500
2 0.083594 0.882292 0.024375 0.017500
2 0.391797 0.880208 0.008437 0.015000
2 0.109375 0.879687 0.011250 0.013750
2 0.325000 0.886979 0.031875 0.033750
2 0.571875 0.879167 0.009375 0.020000
2 0.655078 0.869792 0.030937 0.025000
2 0.107813 0.864062 0.015000 0.011250
2 0.129297 0.869271 0.030937 0.036250
2 0.070703 0.853125 0.010312 0.017500
2 0.083984 0.845833 0.015938 0.020000
2 0.614062 0.840625 0.007500 0.020000
2 0.045703 0.840104 0.019688 0.031250
2 0.031641 0.820312 0.014063 0.018750
2 0.107422 0.841146 0.053437 0.071250
2 0.089844 0.819271 0.020625 0.041250
2 0.297656 0.807292 0.022500 0.020000
2 0.199609 0.810937 0.025312 0.031250
2 0.291797 0.792708 0.014063 0.012500
2 0.067500 0.872500 0.135000 0.255000
2 0.977500 0.833854 0.045000 0.123750
2 0.033203 0.787500 0.012188 0.012500
2 0.006094 0.791667 0.012188 0.022500
2 0.294141 0.780729 0.014063 0.008750
2 0.991563 0.784375 0.016875 0.030000
2 0.307422 0.777604 0.012188 0.013750
2 0.013125 0.777604 0.026250 0.016250
2 0.047656 0.776042 0.028125 0.030000
2 0.977734 0.775521 0.032813 0.036250
2 0.350781 0.763542 0.009375 0.015000
2 0.993359 0.763021 0.012188 0.016250
2 0.129688 0.767708 0.020625 0.030000
2 0.880469 0.731771 0.018750 0.023750
2 0.098828 0.742188 0.064687 0.068750
2 0.994375 0.702083 0.011250 0.017500
2 0.984766 0.701042 0.010312 0.017500
2 0.011328 0.680729 0.015938 0.028750
2 0.958594 0.672917 0.011250 0.020000
2 0.909766 0.672396 0.025312 0.023750
2 0.932422 0.664583 0.006563 0.017500
2 0.005625 0.603125 0.011250 0.022500
2 0.864453 0.536458 0.010312 0.027500
2 0.912891 0.531250 0.012188 0.025000
2 0.857422 0.526563 0.015938 0.016250
2 0.879687 0.519792 0.016875 0.030000
2 0.843359 0.510417 0.014063 0.017500
2 0.883594 0.493750 0.018750 0.025000
2 0.006250 0.484375 0.011250 0.015000
2 0.873047 0.502083 0.057188 0.090000
2 0.993437 0.463542 0.013125 0.022500
2 0.858984 0.446875 0.027187 0.025000
2 0.957422 0.409896 0.015938 0.013750
2 0.048828 0.406250 0.014063 0.017500
2 0.016406 0.407813 0.032813 0.033750
2 0.069141 0.391146 0.012188 0.016250
2 0.855078 0.412500 0.060937 0.072500
2 0.028516 0.390625 0.029062 0.030000
2 0.071875 0.374479 0.011250 0.016250
2 0.034766 0.370312 0.015938 0.013750
2 0.016406 0.374479 0.032813 0.033750
2 0.715625 0.364583 0.022500 0.037500
2 0.978906 0.357292 0.020625 0.027500
2 0.009844 0.348958 0.019688 0.030000
2 0.972266 0.331250 0.017813 0.027500
2 0.951172 0.321875 0.042188 0.022500
2 0.707031 0.304167 0.022500 0.022500
2 0.882422 0.298958 0.015938 0.022500
2 0.737500 0.298958 0.013125 0.022500
2 0.803125 0.295833 0.015000 0.020000
2 0.992969 0.284375 0.014063 0.015000
2 0.687891 0.284896 0.038437 0.043750
2 0.717187 0.270313 0.060000 0.056250
2 0.360938 0.258333 0.031875 0.042500
2 0.730078 0.241146 0.017813 0.018750
2 0.744922 0.238542 0.008437 0.015000
2 0.416016 0.239583 0.021562 0.022500
2 0.799219 0.236458 0.018750 0.025000
2 0.993437 0.235937 0.013125 0.026250
2 0.742969 0.225521 0.013125 0.021250
2 0.480859 0.220833 0.012188 0.012500
2 0.976953 0.215625 0.015938 0.020000
2 0.729297 0.202083 0.008437 0.017500
2 0.970703 0.203125 0.010312 0.025000
2 0.782031 0.205208 0.016875 0.030000
2 0.861719 0.200000 0.035625 0.032500
2 0.486328 0.188542 0.021562 0.020000
2 0.497266 0.182812 0.017813 0.013750
2 0.880469 0.183333 0.013125 0.022500
2 0.033594 0.177604 0.007500 0.018750
2 0.723437 0.180729 0.022500 0.031250
2 0.115234 0.172396 0.008437 0.026250
2 0.993437 0.166146 0.013125 0.013750
2 0.731250 0.160938 0.020625 0.013750
2 0.105469 0.161979 0.013125 0.016250
2 0.382422 0.157812 0.015938 0.033750
2 0.057422 0.166146 0.057188 0.058750
2 0.025000 0.137500 0.009375 0.017500
2 0.030078 0.153646 0.045937 0.063750
2 0.755078 0.131250 0.010312 0.017500
2 0.380078 0.134896 0.027187 0.038750
2 0.994375 0.115104 0.011250 0.013750
2 0.113672 0.113542 0.014063 0.022500
2 0.591797 0.109375 0.010312 0.015000
2 0.807422 0.106250 0.015938 0.022500
2 0.566016 0.117188 0.057188 0.048750
2 0.448437 0.148438 0.073125 0.123750
2 0.087891 0.102604 0.015938 0.013750
2 0.402734 0.141667 0.047812 0.112500
2 0.831641 0.105208 0.036562 0.027500
2 0.644141 0.103646 0.032813 0.041250
2 0.076953 0.093750 0.014063 0.020000
2 0.007031 0.091146 0.014063 0.016250
2 0.556641 0.089583 0.010312 0.015000
2 0.823438 0.088542 0.015000 0.015000
2 0.975000 0.096875 0.030000 0.037500
2 0.728516 0.087500 0.010312 0.015000
2 0.296875 0.085417 0.011250 0.012500
2 0.456641 0.089063 0.017813 0.023750
2 0.236719 0.081250 0.013125 0.012500
2 0.870313 0.081250 0.015000 0.015000
2 0.956641 0.083333 0.023438 0.022500
2 0.856641 0.133854 0.060937 0.146250
2 0.009375 0.081771 0.018750 0.021250
2 0.611328 0.145833 0.111562 0.177500
2 0.567187 0.081250 0.018750 0.030000
2 0.991094 0.088542 0.017813 0.052500
2 0.519922 0.071875 0.012188 0.017500
2 0.453125 0.071354 0.009375 0.016250
2 0.241797 0.068750 0.014063 0.015000
2 0.895703 0.073958 0.040313 0.030000
2 0.289453 0.065625 0.012188 0.015000
2 0.252734 0.067187 0.012188 0.018750
2 0.434375 0.076563 0.039375 0.056250
2 0.336719 0.054167 0.009375 0.015000
2 0.872656 0.060937 0.024375 0.033750
2 0.855469 0.055208 0.011250 0.022500
2 0.426563 0.054688 0.011250 0.026250
2 0.963438 0.065625 0.073125 0.055000
2 0.506250 0.055729 0.022500 0.043750
2 0.264844 0.040625 0.018750 0.022500
2 0.957422 0.038542 0.014063 0.020000
2 0.966797 0.035417 0.012188 0.017500
2 0.384766 0.036979 0.012188 0.023750
2 0.055859 0.031250 0.010312 0.015000
2 0.371875 0.028125 0.011250 0.015000
2 0.947266 0.036458 0.010312 0.037500
2 0.734766 0.023958 0.014063 0.015000
2 0.547656 0.038021 0.046875 0.053750
2 0.349609 0.030208 0.015938 0.040000
2 0.992969 0.028646 0.014063 0.038750
2 0.930078 0.017708 0.014063 0.020000
2 0.123828 0.013542 0.010312 0.012500
2 0.648047 0.010937 0.017813 0.011250
2 0.367969 0.028125 0.043125 0.056250
2 0.918359 0.011875 0.021562 0.023750
2 0.780078 0.008750 0.008437 0.017500
2 0.612109 0.016875 0.015938 0.033750
2 0.497656 0.011250 0.020625 0.022500
2 0.480469 0.013750 0.024375 0.027500
2 0.427344 0.005000 0.020625 0.010000
2 0.453125 0.106250 0.255000 0.212500
2 0.331641 0.029375 0.045937 0.058750
2 0.307422 0.010000 0.027187 0.020000
2 0.284375 0.008125 0.022500 0.016250
2 0.238672 0.007500 0.021562 0.015000
2 0.600000 0.600000 1.000000 1.000000
2 0.111328 0.023750 0.032813 0.047500
2 0.063672 0.006875 0.025312 0.013750
2 0.071875 0.020000 0.078750 0.040000
