2 0.522500 0.801415 0.010500 0.010991
2 0.513750 0.791840 0.015000 0.045962
2 0.530937 0.797252 0.023250 0.062948
2 0.493750 0.754371 0.063000 0.041965
2 0.497500 0.723980 0.021000 0.034971
2 0.475938 0.728560 0.029250 0.047960
2 0.416250 0.721482 0.061500 0.030974
2 0.541875 0.727311 0.055500 0.048959
2 0.776563 0.716903 0.060750 0.035970
2 0.645625 0.726062 0.043500 0.057952
2 0.476875 0.701499 0.013500 0.006994
2 0.472187 0.702331 0.063750 0.036969
2 0.711250 0.690258 0.060000 0.043963
2 0.616875 0.674438 0.096000 0.065945
2 0.464062 0.663197 0.060750 0.038968
2 0.507188 0.662365 0.050250 0.046961
2 0.563125 0.637802 0.063000 0.041965
2 0.611875 0.621149 0.012000 0.011990
2 0.377188 0.612823 0.018750 0.013988
2 0.773750 0.620316 0.060000 0.041965
2 0.817813 0.609908 0.024750 0.022981
2 0.730000 0.620733 0.049500 0.056953
2 0.362812 0.602415 0.014250 0.018984
2 0.390000 0.603247 0.051000 0.040966
2 0.425938 0.614072 0.086250 0.084929
2 0.815000 0.580350 0.016500 0.019983
2 0.715625 0.584097 0.025500 0.028976
2 0.308125 0.584929 0.046500 0.036969
2 0.256875 0.573272 0.013500 0.010991
2 0.845625 0.613239 0.135000 0.116903
2 0.730313 0.576187 0.059250 0.043963
2 0.403125 0.575354 0.048000 0.045962
2 0.654375 0.605329 0.123000 0.125895
2 0.481250 0.552040 0.021000 0.009992
2 0.259062 0.563281 0.048750 0.038968
2 0.343750 0.558701 0.058500 0.031973
2 0.800937 0.557452 0.063750 0.036969
2 0.854062 0.545379 0.059250 0.041965
2 0.419687 0.537885 0.053250 0.037968
2 0.519375 0.528310 0.034500 0.018984
2 0.712812 0.538718 0.042750 0.047960
2 0.796562 0.529142 0.059250 0.036969
2 0.662500 0.516236 0.009000 0.011990
2 0.538438 0.526644 0.069750 0.064946
2 0.680625 0.519151 0.046500 0.060949
2 0.527500 0.499584 0.031500 0.013988
2 0.310312 0.527061 0.078750 0.081932
2 0.584688 0.500000 0.011250 0.018984
2 0.695000 0.498335 0.016500 0.016986
2 0.457188 0.529559 0.054750 0.091923
2 0.725313 0.502914 0.039750 0.037968
2 0.651250 0.496253 0.046500 0.059950
2 0.580625 0.478768 0.021000 0.021982
2 0.486875 0.510408 0.061500 0.107910
2 0.543750 0.459201 0.015000 0.022981
2 0.698750 0.468360 0.034500 0.050958
2 0.451562 0.469192 0.059250 0.056953
2 0.403125 0.465445 0.043500 0.061948
2 0.559688 0.474604 0.125250 0.097918
2 0.780625 0.442548 0.022500 0.028976
2 0.784062 0.464613 0.150750 0.083930
2 0.473125 0.432140 0.012000 0.009992
2 0.611250 0.485429 0.079500 0.139883
2 0.485312 0.432556 0.011250 0.012989
2 0.766875 0.437552 0.030000 0.030974
2 0.794375 0.424646 0.028500 0.015987
2 0.587500 0.420483 0.048000 0.035970
2 0.303125 0.409659 0.009000 0.013988
2 0.493125 0.426728 0.054000 0.060949
2 0.451562 0.425895 0.041250 0.062948
2 0.395000 0.403414 0.033000 0.042964
2 0.720938 0.396753 0.044250 0.040966
2 0.570000 0.385096 0.022500 0.014988
2 0.737187 0.380516 0.009750 0.013988
2 0.441250 0.378018 0.006000 0.011990
2 0.779375 0.398002 0.091500 0.067943
2 0.610938 0.374688 0.015750 0.015987
2 0.555000 0.407993 0.114000 0.095920
2 0.458750 0.370525 0.016500 0.015987
2 0.837187 0.390092 0.045750 0.064946
2 0.564688 0.369692 0.027750 0.017985
2 0.339687 0.417985 0.126750 0.145878
2 0.493437 0.378018 0.057750 0.051957
2 0.403750 0.351374 0.007500 0.011990
2 0.469687 0.360117 0.051750 0.036969
2 0.701250 0.356786 0.060000 0.040966
2 0.602812 0.353455 0.023250 0.040966
2 0.434688 0.375520 0.087750 0.093922
2 0.469062 0.337635 0.015750 0.016986
2 0.658750 0.339717 0.063000 0.047960
2 0.672813 0.383847 0.167250 0.159867
2 0.723437 0.320566 0.050250 0.055953
2 0.489375 0.300583 0.016500 0.009992
2 0.557187 0.327644 0.101250 0.084929
2 0.408125 0.301832 0.021000 0.026978
2 0.625938 0.286428 0.009750 0.011990
2 0.788438 0.304330 0.036750 0.068943
2 0.713750 0.284346 0.006000 0.022981
2 0.764687 0.338884 0.077250 0.155870
2 0.491563 0.281432 0.023250 0.023980
2 0.674063 0.270192 0.020250 0.016986
2 0.547500 0.275187 0.021000 0.034971
2 0.552188 0.235637 0.011250 0.011990
2 0.718125 0.266445 0.064500 0.109908
2 0.483750 0.253955 0.088500 0.085928
2 0.757812 0.234804 0.039750 0.055953
2 0.567500 0.234388 0.066000 0.054954
2 0.410625 0.264363 0.160500 0.140883
2 0.530625 0.240216 0.067500 0.100916
2 0.694063 0.216070 0.032250 0.076936
2 0.621250 0.223980 0.162000 0.163863
2 0.636563 0.154038 0.050250 0.041965
2 0.710938 0.135304 0.054750 0.040966
2 0.671562 0.111574 0.056250 0.059950
2 0.598375 0.600000 0.803250 1.000000
2 0.440625 0.600000 0.661500 1.000000
