2 0.723750 0.994505 0.012000 0.010991
2 0.618437 0.992506 0.009750 0.007993
2 0.270313 0.993505 0.014250 0.012989
2 0.095937 0.993006 0.027750 0.013988
2 0.731875 0.992506 0.007500 0.014988
2 0.594063 0.992506 0.014250 0.014988
2 0.316875 0.992506 0.025500 0.011990
2 0.197813 0.992506 0.018750 0.014988
2 0.470625 0.992007 0.018000 0.015987
2 0.449062 0.990425 0.008250 0.010991
2 0.530625 0.991674 0.025500 0.015987
2 0.392188 0.991007 0.023250 0.017985
2 0.978750 0.990508 0.010500 0.018984
2 0.850625 0.991257 0.010500 0.016986
2 0.332500 0.990508 0.018000 0.018984
2 0.245312 0.990508 0.014250 0.018984
2 0.018125 0.990841 0.021000 0.015987
2 0.553125 0.990008 0.024000 0.019983
2 0.514687 0.990008 0.015750 0.019983
2 0.159688 0.990008 0.008250 0.019983
2 0.765938 0.989509 0.008250 0.020983
2 0.739062 0.989509 0.009750 0.020983
2 0.480938 0.986678 0.012750 0.009992
2 0.921250 0.989592 0.012000 0.018984
2 0.838125 0.989009 0.016500 0.021982
2 0.460000 0.989009 0.007500 0.021982
2 0.109375 0.987094 0.012000 0.012989
2 0.226250 0.987927 0.012000 0.016986
2 0.693438 0.988010 0.036750 0.023980
2 0.987187 0.988510 0.011250 0.022981
2 0.358125 0.985845 0.009000 0.015987
2 0.993250 0.984180 0.013500 0.013988
2 0.534687 0.984596 0.015750 0.014988
2 0.630625 0.987094 0.022500 0.022981
2 0.236875 0.986678 0.015000 0.021982
2 0.044687 0.985012 0.011250 0.017985
2 0.773438 0.986012 0.012750 0.027977
2 0.673125 0.985012 0.030000 0.029975
2 0.178750 0.985012 0.034500 0.029975
2 0.061250 0.985012 0.021000 0.029975
2 0.875625 0.985012 0.016500 0.029975
2 0.049375 0.982098 0.007500 0.020983
2 0.293438 0.983014 0.041250 0.033972
2 0.248750 0.977102 0.010500 0.012989
2 0.518125 0.978351 0.010500 0.017985
2 0.259062 0.979184 0.017250 0.023980
2 0.350625 0.973772 0.013500 0.012989
2 0.797500 0.980516 0.040500 0.038968
2 0.401562 0.981266 0.021750 0.032973
2 0.160625 0.973772 0.019500 0.014988
2 0.641250 0.979517 0.016500 0.040966
2 0.613437 0.980433 0.035250 0.034971
2 0.654062 0.975437 0.015750 0.024979
2 0.425938 0.975853 0.009750 0.025978
2 0.094687 0.974188 0.009750 0.021982
2 0.966250 0.978518 0.022500 0.042964
2 0.141250 0.972939 0.019500 0.020983
2 0.241563 0.970025 0.012750 0.015987
2 0.635938 0.968776 0.006750 0.014988
2 0.489375 0.969609 0.009000 0.016986
2 0.434063 0.977519 0.072750 0.044963
2 0.375937 0.977019 0.041250 0.045962
2 0.941250 0.976520 0.039000 0.046961
2 0.758750 0.977519 0.037500 0.039967
2 0.729688 0.974604 0.018750 0.032973
2 0.262188 0.966278 0.012750 0.012989
2 0.031563 0.976520 0.029250 0.046961
2 0.742812 0.970025 0.018750 0.023980
2 0.188125 0.970025 0.024000 0.023980
2 0.785625 0.963364 0.010500 0.011990
2 0.281875 0.974188 0.036000 0.037968
2 0.482187 0.969192 0.015750 0.029975
2 0.895938 0.973522 0.053250 0.052956
2 0.330937 0.973522 0.051750 0.052956
2 0.253750 0.960866 0.009000 0.011990
2 0.777188 0.967943 0.008250 0.030974
2 0.670625 0.965029 0.012000 0.023980
2 0.499063 0.975021 0.027750 0.047960
2 0.420938 0.960450 0.014250 0.012989
2 0.180000 0.962115 0.012000 0.016986
2 0.920937 0.972523 0.041250 0.043963
2 0.111562 0.970025 0.024750 0.037968
2 0.012000 0.968776 0.024000 0.034971
2 0.692813 0.959617 0.015750 0.014988
2 0.658438 0.963364 0.017250 0.023980
2 0.442812 0.962115 0.008250 0.020983
2 0.925000 0.957952 0.009000 0.012989
2 0.471875 0.969609 0.016500 0.040966
2 0.431875 0.959617 0.010500 0.018984
2 0.381563 0.956286 0.006750 0.010991
2 0.874687 0.956286 0.018750 0.012989
2 0.627500 0.958368 0.019500 0.021982
2 0.508125 0.956703 0.010500 0.017985
2 0.401562 0.958784 0.020250 0.022981
2 0.292500 0.955870 0.012000 0.015987
2 0.279375 0.954621 0.010500 0.012989
2 0.068750 0.970525 0.054000 0.058951
2 0.745938 0.953789 0.006750 0.012989
2 0.085625 0.956286 0.007500 0.020983
2 0.240937 0.953789 0.011250 0.016986
2 0.712500 0.969192 0.048000 0.055953
2 0.524687 0.963364 0.033750 0.041965
2 0.455000 0.958368 0.021000 0.029975
2 0.077188 0.952540 0.008250 0.015987
2 0.761875 0.955037 0.009000 0.023980
2 0.579063 0.951291 0.021750 0.014988
2 0.960313 0.953789 0.021750 0.022981
2 0.302812 0.958368 0.021750 0.033972
2 0.007125 0.955454 0.014250 0.026978
2 0.890312 0.950042 0.021750 0.015987
2 0.858125 0.962531 0.022500 0.045962
2 0.742500 0.950042 0.012000 0.015987
2 0.440937 0.947127 0.008250 0.008993
2 0.685312 0.948793 0.011250 0.014988
2 0.675000 0.955870 0.024000 0.033972
2 0.607812 0.950458 0.011250 0.020983
2 0.479063 0.950874 0.023250 0.023980
2 0.191250 0.949209 0.027000 0.019983
2 0.801875 0.962531 0.028500 0.053955
2 0.146250 0.956703 0.049500 0.039967
2 0.815000 0.947127 0.010500 0.018984
2 0.643750 0.951291 0.012000 0.030974
2 0.414062 0.946295 0.012750 0.018984
2 0.330000 0.944213 0.009000 0.013988
2 0.316875 0.947127 0.018000 0.020983
2 0.295938 0.942548 0.008250 0.009992
2 0.216250 0.962531 0.048000 0.074938
2 0.920937 0.946295 0.021750 0.022981
2 0.979750 0.958784 0.040500 0.054954
2 0.523750 0.940050 0.010500 0.009992
2 0.371875 0.951707 0.019500 0.037968
2 0.207187 0.945878 0.011250 0.023980
2 0.953438 0.941715 0.017250 0.015987
2 0.666875 0.940050 0.009000 0.011990
2 0.575937 0.939217 0.012750 0.009992
2 0.580313 0.961032 0.066750 0.077935
2 0.881875 0.940466 0.013500 0.014988
2 0.736563 0.940050 0.014250 0.013988
2 0.504687 0.940466 0.014250 0.014988
2 0.107813 0.938385 0.014250 0.009992
2 0.547500 0.958784 0.024000 0.060949
2 0.339687 0.950042 0.020250 0.041965
2 0.024375 0.945878 0.019500 0.031973
2 0.353125 0.950042 0.027000 0.043963
2 0.140000 0.935887 0.016500 0.009992
2 0.759062 0.942964 0.017250 0.028976
2 0.610625 0.936303 0.007500 0.012989
2 0.616875 0.943381 0.015000 0.031973
2 0.041250 0.950042 0.036000 0.047960
2 0.961562 0.934221 0.011250 0.011990
2 0.324688 0.935470 0.009750 0.014988
2 0.787188 0.944213 0.054750 0.037968
2 0.532188 0.940883 0.014250 0.029975
2 0.311875 0.932973 0.010500 0.010991
2 0.198437 0.934221 0.009750 0.013988
2 0.170625 0.941715 0.018000 0.031973
2 0.134687 0.957036 0.054750 0.085928
2 0.843750 0.959534 0.073500 0.080933
2 0.041875 0.930891 0.015000 0.009992
2 0.030937 0.931307 0.014250 0.010991
2 0.007500 0.936303 0.015000 0.022981
2 0.402187 0.937136 0.024750 0.026978
2 0.223750 0.935054 0.013500 0.021982
2 0.782813 0.927560 0.008250 0.007993
2 0.091563 0.950042 0.029250 0.061948
2 0.505938 0.930475 0.008250 0.016986
2 0.451875 0.936719 0.013500 0.031973
2 0.261562 0.934221 0.012750 0.025978
2 0.385937 0.930891 0.012750 0.021982
2 0.053750 0.925895 0.012000 0.009992
2 0.804688 0.926728 0.014250 0.013988
2 0.661250 0.937552 0.030000 0.039967
2 0.180625 0.926728 0.012000 0.013988
2 0.105313 0.926311 0.021750 0.014988
2 0.475625 0.933389 0.028500 0.033972
2 0.248125 0.935054 0.027000 0.037968
2 0.019375 0.925479 0.012000 0.014988
2 0.190000 0.922981 0.007500 0.010991
2 0.330000 0.925479 0.033000 0.018984
2 0.537813 0.925062 0.014250 0.019983
2 0.466562 0.923813 0.009750 0.016986
2 0.041563 0.921316 0.012750 0.010991
2 0.974063 0.927977 0.023250 0.028976
2 0.912500 0.932973 0.025500 0.040966
2 0.873437 0.924230 0.026250 0.019983
2 0.266562 0.922981 0.011250 0.016986
2 0.989875 0.924646 0.020250 0.022981
2 0.069687 0.929642 0.029250 0.034971
2 0.010625 0.919650 0.009000 0.010991
2 0.405625 0.918401 0.009000 0.013988
2 0.202813 0.922148 0.009750 0.022981
2 0.413750 0.920483 0.015000 0.020983
2 0.655000 0.917569 0.016500 0.017985
2 0.392500 0.916736 0.009000 0.015987
2 0.188125 0.913822 0.010500 0.012989
2 0.779062 0.917152 0.020250 0.022981
2 0.374375 0.913822 0.006000 0.014988
2 0.336875 0.915487 0.019500 0.018984
2 0.256563 0.915903 0.017250 0.019983
2 0.934375 0.910075 0.015000 0.007993
2 0.708125 0.930058 0.058500 0.055953
2 0.109063 0.915071 0.020250 0.019983
2 0.643750 0.911740 0.012000 0.013988
2 0.586562 0.926311 0.038250 0.050958
2 0.084062 0.913405 0.011250 0.019983
2 0.910937 0.907993 0.006750 0.008993
2 0.459062 0.911740 0.015750 0.019983
2 0.195937 0.909242 0.011250 0.013988
2 0.041250 0.909659 0.009000 0.014988
2 0.694375 0.911324 0.016500 0.022981
2 0.561875 0.917569 0.025500 0.037968
2 0.980938 0.907993 0.011250 0.016986
2 0.047188 0.907993 0.008250 0.016986
2 0.552813 0.906744 0.012750 0.015987
2 0.367188 0.911740 0.011250 0.027977
2 0.370625 0.927977 0.057000 0.066944
2 0.222500 0.917152 0.037500 0.042964
2 0.096250 0.905912 0.010500 0.015987
2 0.026250 0.911740 0.024000 0.029975
2 0.765000 0.917152 0.018000 0.044963
2 0.648750 0.903414 0.015000 0.011990
2 0.529687 0.915487 0.032250 0.040966
2 0.062187 0.906744 0.023250 0.019983
2 0.957812 0.907993 0.015750 0.024979
2 0.938438 0.928809 0.042750 0.076936
2 0.636563 0.901749 0.012750 0.011990
2 0.169063 0.902581 0.008250 0.013988
2 0.753125 0.912573 0.031500 0.039967
2 0.744375 0.918818 0.030000 0.056953
2 0.409687 0.900083 0.014250 0.011990
2 0.159375 0.900500 0.009000 0.012989
2 0.692813 0.898002 0.012750 0.008993
2 0.527188 0.898002 0.009750 0.008993
2 0.847187 0.900500 0.011250 0.016986
2 0.343125 0.903830 0.013500 0.024979
2 0.263750 0.902581 0.037500 0.021982
2 0.815625 0.896753 0.009000 0.011990
2 0.558438 0.896753 0.021750 0.011990
2 0.577500 0.898834 0.019500 0.018984
2 0.402500 0.898834 0.015000 0.018984
2 0.232500 0.895920 0.010500 0.015987
2 0.038750 0.895920 0.025500 0.017985
2 0.750625 0.894671 0.031500 0.016986
2 0.536563 0.893006 0.008250 0.014988
2 0.914062 0.895504 0.024750 0.022981
2 0.434375 0.920067 0.048000 0.081932
2 0.347187 0.891341 0.012750 0.014988
2 0.291875 0.922148 0.081000 0.088926
2 0.992500 0.896336 0.015000 0.028976
2 0.657188 0.895087 0.024750 0.025978
2 0.616563 0.915071 0.074250 0.073938
2 0.582812 0.888843 0.012750 0.010991
2 0.129688 0.889259 0.008250 0.011990
2 0.928438 0.898834 0.015750 0.036969
2 0.850938 0.888010 0.009750 0.010991
2 0.480000 0.902581 0.027000 0.045962
2 0.716250 0.897585 0.039000 0.035970
2 0.515000 0.914654 0.022500 0.076936
2 0.300625 0.889675 0.009000 0.016986
2 0.145937 0.890924 0.012750 0.019983
2 0.102813 0.894255 0.017250 0.029975
2 0.626250 0.893838 0.016500 0.030974
2 0.331250 0.896753 0.016500 0.037968
2 0.261562 0.885512 0.006750 0.010991
2 0.983437 0.889675 0.017250 0.022981
2 0.031563 0.887177 0.012750 0.016986
2 0.691562 0.883847 0.005250 0.012989
2 0.840625 0.884679 0.010500 0.016986
2 0.806562 0.885512 0.018750 0.018984
2 0.783438 0.901332 0.065250 0.058951
2 0.700937 0.884263 0.014250 0.019983
2 0.830625 0.881765 0.007500 0.017985
2 0.920000 0.881349 0.016500 0.018984
2 0.848437 0.877186 0.012750 0.010991
2 0.828750 0.905079 0.043500 0.077935
2 0.551250 0.879684 0.010500 0.016986
2 0.857812 0.894671 0.029250 0.056953
2 0.682500 0.875937 0.015000 0.011990
2 0.411875 0.877186 0.019500 0.014988
2 0.774687 0.875937 0.017250 0.013988
2 0.508125 0.885512 0.025500 0.036969
2 0.498750 0.879267 0.012000 0.021982
2 0.308750 0.877602 0.012000 0.017985
2 0.101250 0.875520 0.010500 0.012989
2 0.083750 0.878018 0.016500 0.018984
2 0.236563 0.882182 0.026250 0.030974
2 0.612500 0.876353 0.039000 0.020983
2 0.871563 0.877186 0.018750 0.024979
2 0.337500 0.874688 0.015000 0.018984
2 0.579063 0.878018 0.032250 0.028976
2 0.249375 0.870108 0.010500 0.009992
2 0.997375 0.872190 0.005250 0.018984
2 0.969375 0.883430 0.021000 0.045962
2 0.833125 0.869692 0.012000 0.012989
2 0.257812 0.874688 0.011250 0.024979
2 0.134375 0.878018 0.015000 0.032973
2 0.393750 0.885928 0.031500 0.053955
2 0.096875 0.870108 0.009000 0.015987
2 0.908750 0.873022 0.010500 0.024979
2 0.266250 0.870108 0.009000 0.017985
2 0.024688 0.870108 0.017250 0.017985
2 0.820312 0.871774 0.014250 0.023980
2 0.898125 0.870108 0.010500 0.021982
2 0.400938 0.865945 0.008250 0.011990
2 0.321250 0.868443 0.024000 0.017985
2 0.888750 0.901332 0.043500 0.104913
2 0.430312 0.869276 0.011250 0.027977
2 0.348750 0.872190 0.012000 0.036969
2 0.217812 0.863447 0.017250 0.017985
2 0.174375 0.862614 0.012000 0.017985
2 0.164062 0.861782 0.011250 0.015987
2 0.983125 0.864280 0.019500 0.023980
2 0.515625 0.861366 0.037500 0.016986
2 0.879375 0.862614 0.006000 0.021982
2 0.441250 0.863863 0.009000 0.024979
2 0.292812 0.873439 0.020250 0.047960
2 0.793125 0.872606 0.027000 0.047960
2 0.740000 0.873855 0.043500 0.052956
2 0.016125 0.880516 0.032250 0.068943
2 0.593437 0.863031 0.018750 0.028976
2 0.493125 0.856786 0.007500 0.013988
2 0.036562 0.856786 0.006750 0.013988
2 0.853750 0.853872 0.013500 0.010991
2 0.120000 0.855121 0.012000 0.013988
2 0.369063 0.874688 0.039750 0.062948
2 0.329375 0.854288 0.009000 0.013988
2 0.145313 0.865112 0.020250 0.039967
2 0.830937 0.853039 0.012750 0.014988
2 0.437188 0.852623 0.006750 0.013988
2 0.319375 0.853039 0.013500 0.014988
2 0.866250 0.850541 0.012000 0.010991
2 0.605000 0.853872 0.010500 0.018984
2 0.843750 0.855537 0.016500 0.024979
2 0.779375 0.856370 0.019500 0.028976
2 0.795312 0.848043 0.011250 0.010991
2 0.614688 0.851790 0.011250 0.019983
2 0.455000 0.858451 0.022500 0.035970
2 0.391562 0.854288 0.012750 0.025978
2 0.234375 0.856370 0.021000 0.030974
2 0.937500 0.868027 0.069000 0.060949
2 0.344687 0.853455 0.029250 0.025978
2 0.280625 0.851374 0.015000 0.020983
2 0.711562 0.855121 0.032250 0.031973
2 0.057500 0.847627 0.016500 0.013988
2 0.146563 0.850125 0.017250 0.021982
2 0.583125 0.845962 0.007500 0.015987
2 0.488438 0.850958 0.015750 0.027977
2 0.064687 0.873439 0.068250 0.083930
2 0.443750 0.843880 0.009000 0.014988
2 0.623125 0.844296 0.009000 0.017985
2 0.518750 0.846378 0.018000 0.022981
2 0.507500 0.846378 0.010500 0.022981
2 0.134063 0.850541 0.008250 0.032973
2 0.594375 0.841382 0.018000 0.012989
2 0.042500 0.843464 0.010500 0.017985
2 0.009375 0.850125 0.018750 0.033972
2 0.723125 0.856786 0.024000 0.051957
2 0.275938 0.868443 0.026250 0.079933
2 0.747188 0.838052 0.008250 0.008993
2 0.785312 0.839301 0.015750 0.015987
2 0.410313 0.850958 0.035250 0.045962
2 0.375000 0.838884 0.015000 0.016986
2 0.989500 0.843880 0.021000 0.030974
2 0.935000 0.846378 0.042000 0.036969
2 0.860313 0.837635 0.011250 0.015987
2 0.454688 0.837635 0.011250 0.015987
2 0.232187 0.836803 0.009750 0.013988
2 0.885625 0.842631 0.030000 0.029975
2 0.298750 0.849709 0.027000 0.046961
2 0.964688 0.847627 0.032250 0.043963
2 0.736563 0.840133 0.012750 0.025978
2 0.665000 0.836386 0.012000 0.016986
2 0.156562 0.838468 0.009750 0.021982
2 0.763750 0.848043 0.030000 0.046961
2 0.872188 0.836803 0.018750 0.021982
2 0.695625 0.852206 0.040500 0.060949
2 0.340313 0.837635 0.018750 0.027977
2 0.502500 0.830558 0.012000 0.012989
2 0.330000 0.837635 0.021000 0.029975
2 0.315312 0.837219 0.017250 0.028976
2 0.900312 0.843047 0.029250 0.044963
2 0.720625 0.830974 0.016500 0.015987
2 0.552500 0.831391 0.028500 0.016986
2 0.116875 0.837635 0.034500 0.031973
2 0.058750 0.833888 0.022500 0.022981
2 0.006000 0.830974 0.012000 0.015987
2 0.857187 0.830142 0.009750 0.015987
2 0.849063 0.833888 0.009750 0.024979
2 0.603750 0.835137 0.024000 0.027977
2 0.381563 0.833888 0.011250 0.024979
2 0.442812 0.828060 0.012750 0.012989
2 0.304063 0.829309 0.020250 0.015987
2 0.763437 0.825978 0.008250 0.011990
2 0.731875 0.827227 0.006000 0.014988
2 0.552813 0.869692 0.080250 0.118901
2 0.363125 0.830558 0.027000 0.024979
2 0.259062 0.827644 0.014250 0.017985
2 0.149375 0.829725 0.019500 0.022981
2 0.407187 0.825146 0.011250 0.013988
2 0.070312 0.826811 0.009750 0.017985
2 0.783438 0.824313 0.006750 0.013988
2 0.754687 0.823480 0.009750 0.011990
2 0.693750 0.825978 0.016500 0.017985
2 0.460938 0.865529 0.072750 0.112906
2 0.198437 0.869692 0.083250 0.122898
2 0.122188 0.879267 0.113250 0.145878
2 0.967187 0.827644 0.012750 0.023980
2 0.134687 0.824313 0.012750 0.015987
2 0.993437 0.822648 0.012750 0.013988
2 0.808750 0.847627 0.033000 0.073938
2 0.627188 0.829725 0.012750 0.030974
2 0.580313 0.823064 0.018750 0.014988
2 0.915937 0.821399 0.012750 0.012989
2 0.831875 0.832223 0.028500 0.038968
2 0.517188 0.828476 0.023250 0.029975
2 0.876875 0.820150 0.019500 0.015987
2 0.216250 0.818485 0.024000 0.011990
2 0.008125 0.821399 0.015000 0.018984
2 0.494688 0.821399 0.021750 0.020983
2 0.284062 0.820983 0.006750 0.019983
2 0.831562 0.815570 0.009750 0.008993
2 0.118438 0.817652 0.011250 0.013988
2 0.335938 0.816403 0.015750 0.012989
2 0.322813 0.820150 0.023250 0.021982
2 0.141250 0.815570 0.009000 0.010991
2 0.025313 0.839301 0.027750 0.069942
2 0.930625 0.822648 0.018000 0.031973
2 0.766250 0.816819 0.012000 0.017985
2 0.155000 0.815570 0.015000 0.014988
2 0.738437 0.818485 0.006750 0.023980
2 0.679688 0.823480 0.024750 0.035970
2 0.856563 0.815154 0.014250 0.017985
2 0.777813 0.814321 0.023250 0.015987
2 0.519687 0.813072 0.008250 0.012989
2 0.440937 0.814738 0.011250 0.016986
2 0.076250 0.815987 0.013500 0.019983
2 0.051250 0.822231 0.043500 0.034971
2 0.985000 0.818901 0.016500 0.028976
2 0.846250 0.813905 0.007500 0.016986
2 0.696875 0.811407 0.015000 0.010991
2 0.922500 0.812656 0.007500 0.015987
2 0.562813 0.814321 0.012750 0.019983
2 0.550000 0.812240 0.006000 0.014988
2 0.792188 0.811407 0.008250 0.014988
2 0.804375 0.815570 0.021000 0.026978
2 0.509687 0.808909 0.009750 0.010991
2 0.310000 0.809742 0.019500 0.012989
2 0.275313 0.820150 0.029250 0.037968
2 0.963437 0.810991 0.012750 0.017985
2 0.953438 0.819317 0.024750 0.037968
2 0.908750 0.811407 0.018000 0.018984
2 0.389062 0.810158 0.011250 0.017985
2 0.380937 0.810991 0.011250 0.019983
2 0.227187 0.809326 0.015750 0.015987
2 0.862187 0.805162 0.014250 0.009992
2 0.643750 0.813905 0.012000 0.030974
2 0.826250 0.806828 0.012000 0.015987
2 0.260313 0.809742 0.015750 0.022981
2 0.968437 0.808909 0.015750 0.022981
2 0.048125 0.805162 0.007500 0.013988
2 0.934688 0.802664 0.008250 0.011990
2 0.678438 0.803497 0.014250 0.015987
2 0.620000 0.803081 0.007500 0.014988
2 0.295000 0.803497 0.015000 0.015987
2 0.476875 0.819317 0.042000 0.057952
2 0.399062 0.800583 0.011250 0.012989
2 0.205313 0.798085 0.014250 0.006994
2 0.907188 0.798085 0.009750 0.012989
2 0.345000 0.808909 0.022500 0.040966
2 0.635625 0.806828 0.024000 0.037968
2 0.553125 0.793505 0.013500 0.007993
2 0.016563 0.794754 0.011250 0.010991
2 0.987812 0.796420 0.020250 0.018984
2 0.252188 0.824313 0.041250 0.089925
2 0.442188 0.794754 0.015750 0.020983
2 0.103438 0.805995 0.053250 0.047960
2 0.593437 0.801415 0.018750 0.040966
2 0.612187 0.808077 0.026250 0.058951
2 0.410313 0.819734 0.062250 0.086928
2 0.282813 0.796003 0.023250 0.029975
2 0.815312 0.792673 0.032250 0.025978
2 0.361563 0.799750 0.018750 0.042964
2 0.166250 0.787261 0.006000 0.014988
2 0.136875 0.788926 0.027000 0.018984
2 0.675000 0.790175 0.009000 0.023980
2 0.790312 0.783514 0.012750 0.009992
2 0.353438 0.787261 0.011250 0.018984
2 0.918750 0.786844 0.021000 0.019983
2 0.582187 0.788926 0.011250 0.024979
2 0.430312 0.795171 0.017250 0.039967
2 0.007500 0.794338 0.015000 0.037968
2 0.016250 0.785179 0.007500 0.017985
2 0.328750 0.789759 0.016500 0.030974
2 0.067500 0.780183 0.012000 0.007993
2 0.823438 0.780600 0.009750 0.010991
2 0.754375 0.796003 0.030000 0.047960
2 0.085312 0.786428 0.017250 0.026978
2 0.608437 0.777269 0.009750 0.006994
2 0.597812 0.779767 0.011250 0.012989
2 0.416875 0.779351 0.006000 0.013988
2 0.953438 0.777685 0.006750 0.011990
2 0.655937 0.853039 0.078750 0.192839
2 0.572500 0.777269 0.013500 0.010991
2 0.542500 0.799334 0.087000 0.065945
2 0.318125 0.777685 0.006000 0.013988
2 0.841562 0.788510 0.033750 0.041965
2 0.803750 0.778934 0.007500 0.018984
2 0.308125 0.789342 0.036000 0.045962
2 0.900625 0.782681 0.022500 0.031973
2 0.881250 0.782265 0.010500 0.030974
2 0.182812 0.772689 0.008250 0.007993
2 0.040938 0.789759 0.050250 0.048959
2 0.551250 0.778102 0.028500 0.022981
2 0.692187 0.773938 0.011250 0.014988
2 0.948438 0.785179 0.036750 0.043963
2 0.777813 0.788093 0.038250 0.050958
2 0.201563 0.779351 0.033750 0.029975
2 0.016250 0.772689 0.015000 0.013988
2 0.583438 0.771024 0.009750 0.011990
2 0.979062 0.774355 0.014250 0.021982
2 0.870000 0.772273 0.010500 0.016986
2 0.875625 0.796003 0.058500 0.073938
2 0.680625 0.773106 0.013500 0.018984
2 0.423750 0.773522 0.025500 0.019983
2 0.970938 0.782265 0.026250 0.042964
2 0.661875 0.771440 0.019500 0.016986
2 0.545312 0.768110 0.011250 0.008993
2 0.219688 0.778102 0.017250 0.032973
2 0.896875 0.770608 0.012000 0.016986
2 0.699375 0.768526 0.009000 0.015987
2 0.905625 0.765196 0.010500 0.009992
2 0.807813 0.765196 0.009750 0.009992
2 0.367812 0.774771 0.032250 0.034971
2 0.913125 0.766861 0.006000 0.017985
2 0.796250 0.769775 0.018000 0.024979
2 0.350625 0.766861 0.006000 0.017985
2 0.761875 0.767277 0.037500 0.020983
2 0.557187 0.763114 0.015750 0.010991
2 0.837500 0.766445 0.012000 0.022981
2 0.391875 0.778934 0.037500 0.052956
2 0.711875 0.764779 0.009000 0.020983
2 0.334375 0.772689 0.054000 0.039967
2 0.942187 0.769359 0.029250 0.033972
2 0.611875 0.763530 0.022500 0.021982
2 0.571562 0.763114 0.015750 0.020983
2 0.208437 0.763530 0.012750 0.021982
2 0.972812 0.757702 0.015750 0.009992
2 0.639062 0.775187 0.047250 0.053955
2 0.504687 0.780183 0.054750 0.065945
2 0.411250 0.771024 0.013500 0.043963
2 0.992125 0.764779 0.015750 0.030974
2 0.769375 0.756453 0.009000 0.010991
2 0.488125 0.757286 0.007500 0.012989
2 0.705000 0.756037 0.013500 0.011990
2 0.681562 0.758535 0.008250 0.017985
2 0.587187 0.756037 0.014250 0.013988
2 0.157500 0.754371 0.012000 0.009992
2 0.791875 0.761032 0.033000 0.031973
2 0.716875 0.791007 0.076500 0.103913
2 0.642500 0.755204 0.010500 0.017985
2 0.215938 0.751041 0.011250 0.009992
2 0.161875 0.791424 0.088500 0.108909
2 0.922188 0.763114 0.015750 0.042964
2 0.822187 0.762281 0.035250 0.040966
2 0.816875 0.753539 0.007500 0.019983
2 0.661250 0.753955 0.012000 0.020983
2 0.479687 0.752706 0.008250 0.017985
2 0.910000 0.752290 0.010500 0.018984
2 0.085625 0.758535 0.013500 0.033972
2 0.464375 0.778102 0.052500 0.082931
2 0.192500 0.755204 0.025500 0.027977
2 0.233750 0.772273 0.022500 0.070941
2 0.112187 0.764363 0.038250 0.053955
2 0.057813 0.753539 0.030750 0.027977
2 0.451562 0.747710 0.008250 0.015987
2 0.369063 0.749792 0.012750 0.020983
2 0.298750 0.747294 0.009000 0.014988
2 0.095312 0.755620 0.021750 0.034971
2 0.896875 0.748543 0.010500 0.019983
2 0.576875 0.746461 0.016500 0.014988
2 0.839688 0.746045 0.012750 0.017985
2 0.542188 0.749376 0.015750 0.025978
2 0.011250 0.752290 0.022500 0.032973
2 0.649375 0.746461 0.016500 0.020983
2 0.515312 0.746045 0.014250 0.019983
2 0.885312 0.754788 0.032250 0.042964
2 0.598125 0.743963 0.012000 0.016986
2 0.024375 0.749376 0.025500 0.029975
2 0.944688 0.746461 0.018750 0.024979
2 0.605938 0.751873 0.020250 0.037968
2 0.434375 0.753122 0.021000 0.040966
2 0.222812 0.741049 0.006750 0.011990
2 0.689063 0.741882 0.009750 0.017985
2 0.358438 0.736886 0.008250 0.009992
2 0.296250 0.737302 0.010500 0.010991
2 0.210000 0.742298 0.015000 0.024979
2 0.780000 0.743131 0.027000 0.028976
2 0.275000 0.770192 0.088500 0.093922
2 0.822812 0.737302 0.011250 0.016986
2 0.537188 0.738968 0.011250 0.020983
2 0.389062 0.749792 0.039750 0.048959
2 0.215625 0.735637 0.010500 0.014988
2 0.968437 0.749376 0.045750 0.049958
2 0.200313 0.733972 0.009750 0.012989
2 0.420000 0.743963 0.034500 0.038968
2 0.321562 0.745212 0.042750 0.045962
2 0.320000 0.736053 0.021000 0.023980
2 0.629375 0.739384 0.028500 0.033972
2 0.895000 0.735221 0.009000 0.025978
2 0.249375 0.738968 0.025500 0.034971
2 0.804063 0.740216 0.041250 0.039967
2 0.717812 0.749376 0.027750 0.061948
2 0.496875 0.742298 0.036000 0.044963
2 0.051562 0.731057 0.005250 0.017985
2 0.363750 0.743963 0.019500 0.050958
2 0.116562 0.745629 0.023250 0.054954
2 0.768125 0.731057 0.037500 0.023980
2 0.655312 0.732306 0.020250 0.026978
2 0.576562 0.732723 0.029250 0.027977
2 0.957500 0.726478 0.024000 0.014988
2 0.671875 0.738968 0.021000 0.044963
2 0.558125 0.738968 0.024000 0.044963
2 0.601562 0.726478 0.029250 0.016986
2 0.266562 0.727727 0.021750 0.019983
2 0.190625 0.727311 0.015000 0.020983
2 0.405625 0.720233 0.009000 0.011990
2 0.010500 0.727311 0.021000 0.028976
2 0.696562 0.740633 0.027750 0.062948
2 0.092500 0.721898 0.013500 0.017985
2 0.974375 0.721898 0.019500 0.019983
2 0.779375 0.718152 0.013500 0.010991
2 0.752812 0.718984 0.023250 0.012989
2 0.388125 0.725645 0.031500 0.028976
2 0.155938 0.726894 0.021750 0.031973
2 0.425625 0.725645 0.021000 0.030974
2 0.475313 0.728143 0.029250 0.038968
2 0.173125 0.736053 0.033000 0.057952
2 0.521875 0.730225 0.025500 0.045962
2 0.272188 0.715237 0.018750 0.011990
2 0.876875 0.726062 0.021000 0.039967
2 0.665000 0.715237 0.009000 0.013988
2 0.961250 0.713572 0.010500 0.011990
2 0.674687 0.714405 0.012750 0.013988
2 0.340938 0.735637 0.038250 0.064946
2 0.922813 0.733555 0.056250 0.061948
2 0.541875 0.721482 0.015000 0.032973
2 0.416875 0.716486 0.019500 0.020983
2 0.808438 0.717735 0.015750 0.029975
2 0.490312 0.716486 0.018750 0.026978
2 0.399375 0.711490 0.009000 0.014988
2 0.821875 0.713988 0.015000 0.022981
2 0.620625 0.720233 0.018000 0.037968
2 0.510938 0.715654 0.026250 0.026978
2 0.062187 0.710658 0.018750 0.014988
2 0.297812 0.721066 0.048750 0.041965
2 0.834375 0.718984 0.018000 0.038968
2 0.219688 0.722731 0.051750 0.047960
2 0.860938 0.734388 0.036750 0.077935
2 0.576562 0.712323 0.020250 0.024979
2 0.202187 0.710658 0.015750 0.020983
2 0.007875 0.713156 0.015750 0.026978
2 0.102188 0.710658 0.006750 0.022981
2 0.227187 0.707744 0.014250 0.017985
2 0.650937 0.702748 0.015750 0.007993
2 0.246562 0.712739 0.030750 0.031973
2 0.144063 0.728976 0.042750 0.070941
2 0.783750 0.705662 0.013500 0.016986
2 0.172187 0.712323 0.017250 0.034971
2 0.956250 0.709409 0.022500 0.029975
2 0.093438 0.704829 0.012750 0.020983
2 0.808438 0.703164 0.009750 0.018984
2 0.735938 0.701082 0.009750 0.013988
2 0.439063 0.703580 0.012750 0.021982
2 0.832812 0.700666 0.009750 0.016986
2 0.477187 0.701499 0.008250 0.018984
2 0.906250 0.702748 0.022500 0.025978
2 0.218750 0.698168 0.007500 0.014988
2 0.936250 0.706078 0.027000 0.037968
2 0.889375 0.706911 0.042000 0.039967
2 0.745000 0.700666 0.021000 0.024979
2 0.569688 0.696087 0.008250 0.013988
2 0.161875 0.694838 0.016500 0.010991
2 0.542500 0.699417 0.027000 0.023980
2 0.144687 0.694421 0.011250 0.011990
2 0.985750 0.708576 0.028500 0.047960
2 0.925625 0.696919 0.009000 0.019983
2 0.510000 0.709409 0.066000 0.049958
2 0.562500 0.703997 0.015000 0.038968
2 0.601875 0.691923 0.010500 0.011990
2 0.206250 0.693172 0.009000 0.014988
2 0.228125 0.694005 0.021000 0.018984
2 0.916875 0.691507 0.007500 0.014988
2 0.762813 0.690674 0.017250 0.014988
2 0.705313 0.694005 0.018750 0.022981
2 0.213750 0.692756 0.006000 0.019983
2 0.193125 0.696087 0.018000 0.027977
2 0.665937 0.694421 0.015750 0.025978
2 0.328125 0.686511 0.009000 0.008993
2 0.972812 0.692756 0.014250 0.025978
2 0.935625 0.686095 0.007500 0.011990
2 0.684063 0.697336 0.029250 0.038968
2 0.136875 0.687760 0.007500 0.015987
2 0.988125 0.683597 0.010500 0.009992
2 0.630313 0.706911 0.068250 0.067943
2 0.538750 0.685262 0.015000 0.015987
2 0.305312 0.693172 0.027750 0.036969
2 0.198750 0.681515 0.010500 0.014988
2 0.805625 0.683597 0.016500 0.021982
2 0.171563 0.685679 0.020250 0.028976
2 0.592500 0.682348 0.012000 0.022981
2 0.495000 0.682348 0.021000 0.024979
2 0.525000 0.677769 0.012000 0.017985
2 0.301875 0.677769 0.013500 0.017985
2 0.226875 0.676520 0.012000 0.014988
2 0.090313 0.676520 0.015750 0.014988
2 0.603437 0.674022 0.011250 0.012989
2 0.577812 0.673189 0.009750 0.012989
2 0.241875 0.679017 0.018000 0.026978
2 0.689063 0.674022 0.020250 0.016986
2 0.623125 0.677769 0.018000 0.025978
2 0.210625 0.676103 0.024000 0.021982
2 0.336250 0.693589 0.048000 0.065945
2 0.032625 0.719817 0.065250 0.128893
2 0.796250 0.687344 0.022500 0.052956
2 0.551250 0.673605 0.009000 0.019983
2 0.315000 0.672356 0.009000 0.016986
2 0.069375 0.672356 0.006000 0.016986
2 0.515312 0.671524 0.017250 0.016986
2 0.215625 0.669858 0.012000 0.012989
2 0.558438 0.668609 0.008250 0.011990
2 0.268125 0.687344 0.040500 0.056953
2 0.009375 0.673189 0.018750 0.022981
2 0.820625 0.684013 0.019500 0.050958
2 0.767500 0.689842 0.048000 0.064946
2 0.695312 0.667777 0.017250 0.013988
2 0.575937 0.692756 0.057750 0.073938
2 0.434063 0.671524 0.020250 0.024979
2 0.854375 0.664446 0.007500 0.009992
2 0.783125 0.666528 0.009000 0.014988
2 0.929688 0.674438 0.026250 0.035970
2 0.461250 0.698585 0.061500 0.093922
2 0.871563 0.678185 0.060750 0.048959
2 0.569688 0.663614 0.015750 0.013988
2 0.425938 0.666112 0.015750 0.019983
2 0.267813 0.662365 0.009750 0.010991
2 0.135313 0.666112 0.024750 0.019983
2 0.744062 0.668609 0.021750 0.027977
2 0.250625 0.663197 0.007500 0.014988
2 0.238125 0.665695 0.016500 0.020983
2 0.612812 0.663197 0.027750 0.016986
2 0.324062 0.671107 0.021750 0.035970
2 0.164062 0.661532 0.008250 0.012989
2 0.053125 0.672356 0.027000 0.040966
2 0.495312 0.663614 0.011250 0.023980
2 0.196875 0.663197 0.019500 0.022981
2 0.531563 0.656953 0.008250 0.009992
2 0.514687 0.658201 0.009750 0.012989
2 0.309063 0.659867 0.011250 0.018984
2 0.847500 0.661116 0.012000 0.023980
2 0.506563 0.660283 0.011250 0.021982
2 0.865000 0.655287 0.018000 0.011990
2 0.581562 0.658618 0.009750 0.021982
2 0.343125 0.654455 0.013500 0.011990
2 0.771250 0.659867 0.018000 0.026978
2 0.759687 0.656536 0.006750 0.018984
2 0.047188 0.660283 0.017250 0.027977
2 0.747500 0.651957 0.018000 0.009992
2 0.654062 0.652373 0.011250 0.010991
2 0.091875 0.726894 0.108000 0.191840
2 0.426563 0.651957 0.006750 0.013988
2 0.077188 0.659034 0.033750 0.030974
2 0.335000 0.652789 0.007500 0.017985
2 0.122813 0.655704 0.023250 0.024979
2 0.677813 0.648626 0.011250 0.009992
2 0.556562 0.653622 0.021750 0.021982
2 0.199687 0.649042 0.012750 0.010991
2 0.778125 0.650708 0.009000 0.016986
2 0.546875 0.649459 0.012000 0.013988
2 0.464687 0.651124 0.020250 0.017985
2 0.515000 0.645712 0.009000 0.010991
2 0.505313 0.645712 0.008250 0.010991
2 0.256875 0.650708 0.025500 0.022981
2 0.149688 0.660699 0.039750 0.046961
2 0.566250 0.645712 0.012000 0.012989
2 0.482187 0.654871 0.020250 0.034971
2 0.447500 0.651957 0.025500 0.027977
2 0.899375 0.665695 0.060000 0.062948
2 0.536250 0.659034 0.025500 0.046961
2 0.285000 0.676936 0.042000 0.089925
2 0.234687 0.644463 0.018750 0.011990
2 0.649687 0.669026 0.065250 0.072939
2 0.734688 0.648210 0.014250 0.026978
2 0.833125 0.640300 0.009000 0.009992
2 0.103438 0.641132 0.009750 0.013988
2 0.926875 0.639883 0.009000 0.012989
2 0.088125 0.642381 0.006000 0.018984
2 0.588437 0.640300 0.012750 0.015987
2 0.522813 0.643630 0.006750 0.023980
2 0.488438 0.638218 0.009750 0.012989
2 0.315312 0.636553 0.014250 0.008993
2 0.248750 0.640300 0.012000 0.017985
2 0.459688 0.637386 0.009750 0.012989
2 0.024063 0.654038 0.039750 0.052956
2 0.435625 0.636969 0.012000 0.013988
2 0.656875 0.640300 0.030000 0.023980
2 0.496563 0.639467 0.008250 0.021982
2 0.007500 0.638634 0.015000 0.019983
2 0.964750 0.662365 0.070500 0.078934
2 0.427500 0.636969 0.012000 0.021982
2 0.159688 0.640300 0.024750 0.031973
2 0.729062 0.638634 0.026250 0.029975
2 0.671250 0.630724 0.015000 0.012989
2 0.188750 0.635720 0.021000 0.024979
2 0.300312 0.638634 0.020250 0.033972
2 0.800312 0.645296 0.041250 0.051957
2 0.719063 0.685262 0.071250 0.147877
2 0.232187 0.631973 0.023250 0.019983
2 0.203750 0.633639 0.013500 0.023980
2 0.994750 0.635304 0.010500 0.029975
2 0.840938 0.662365 0.059250 0.096919
2 0.862500 0.629475 0.015000 0.021982
2 0.270625 0.632806 0.048000 0.029975
2 0.156875 0.625729 0.007500 0.012989
2 0.088125 0.626561 0.010500 0.014988
2 0.322813 0.624896 0.008250 0.012989
2 0.219688 0.642798 0.033750 0.055953
2 0.210938 0.622398 0.012750 0.010991
2 0.773125 0.632390 0.033000 0.036969
2 0.598437 0.624063 0.015750 0.016986
2 0.245000 0.624480 0.019500 0.017985
2 0.750938 0.626978 0.024750 0.027977
2 0.852187 0.620316 0.011250 0.015987
2 0.180312 0.652789 0.030750 0.093922
2 0.162812 0.618235 0.008250 0.012989
2 0.304375 0.618651 0.010500 0.015987
2 0.795312 0.624063 0.012750 0.030974
2 0.674375 0.616570 0.010500 0.012989
2 0.657813 0.619067 0.009750 0.018984
2 0.810937 0.614072 0.009750 0.008993
2 0.685000 0.616153 0.009000 0.013988
2 0.124688 0.629475 0.039750 0.045962
2 0.724375 0.616153 0.007500 0.017985
2 0.731250 0.616570 0.007500 0.020983
2 0.548125 0.626978 0.055500 0.047960
2 0.457813 0.613239 0.011250 0.014988
2 0.150625 0.616153 0.019500 0.023980
2 0.968437 0.613655 0.015750 0.019983
2 0.225000 0.614072 0.022500 0.020983
2 0.696250 0.611990 0.021000 0.017985
2 0.242188 0.612406 0.017250 0.018984
2 0.193438 0.617402 0.027750 0.030974
2 0.783438 0.609076 0.009750 0.014988
2 0.041875 0.608659 0.006000 0.013988
2 0.758125 0.615737 0.052500 0.032973
2 0.109375 0.621982 0.037500 0.047960
2 0.566562 0.608243 0.009750 0.016986
2 0.287500 0.611990 0.019500 0.025978
2 0.993625 0.610325 0.012750 0.023980
2 0.930937 0.614072 0.017250 0.032973
2 0.863125 0.609492 0.019500 0.021982
2 0.543750 0.607827 0.009000 0.017985
2 0.442188 0.619067 0.060750 0.046961
2 0.820625 0.607410 0.009000 0.020983
2 0.738125 0.603664 0.007500 0.011990
2 0.663438 0.608243 0.012750 0.022981
2 0.617500 0.629059 0.072000 0.072939
2 0.579063 0.619484 0.017250 0.049958
2 0.958438 0.631557 0.080250 0.082931
2 0.948750 0.610741 0.025500 0.032973
2 0.492812 0.619484 0.065250 0.053955
2 0.804375 0.604913 0.012000 0.022981
2 0.153438 0.601582 0.014250 0.014988
2 0.018000 0.611574 0.036000 0.038968
2 0.178125 0.602831 0.021000 0.019983
2 0.843125 0.604080 0.012000 0.024979
2 0.679375 0.601582 0.013500 0.020983
2 0.415312 0.599917 0.009750 0.016986
2 0.210000 0.599917 0.013500 0.016986
2 0.986875 0.595754 0.009000 0.008993
2 0.959375 0.597002 0.010500 0.011990
2 0.034063 0.597002 0.014250 0.011990
2 0.939375 0.599500 0.013500 0.019983
2 0.671562 0.601998 0.009750 0.025978
2 0.197813 0.597835 0.021750 0.017985
2 0.077500 0.602415 0.019500 0.028976
2 0.607500 0.604913 0.031500 0.036969
2 0.305312 0.600749 0.018750 0.028976
2 0.214688 0.595337 0.011250 0.015987
2 0.137500 0.597419 0.015000 0.020983
2 0.978437 0.592007 0.009750 0.011990
2 0.548125 0.594505 0.018000 0.017985
2 0.318750 0.604080 0.018000 0.042964
2 0.662500 0.592839 0.010500 0.017985
2 0.117188 0.593672 0.009750 0.019983
2 0.557813 0.590341 0.014250 0.013988
2 0.495312 0.589092 0.011250 0.010991
2 0.228437 0.598251 0.021750 0.032973
2 0.738750 0.590341 0.016500 0.015987
2 0.537813 0.590758 0.005250 0.016986
2 0.295000 0.593672 0.016500 0.023980
2 0.922500 0.587843 0.015000 0.011990
2 0.579063 0.592007 0.018750 0.023980
2 0.016250 0.587011 0.022500 0.013988
2 0.180000 0.589925 0.022500 0.022981
2 0.846250 0.589092 0.021000 0.022981
2 0.044062 0.584929 0.009750 0.012989
2 0.955625 0.585346 0.009000 0.015987
2 0.778438 0.590758 0.038250 0.028976
2 0.754687 0.584097 0.009750 0.012989
2 0.545937 0.582431 0.012750 0.008993
2 0.132188 0.588676 0.014250 0.023980
2 0.120313 0.583680 0.011250 0.013988
2 0.105000 0.590341 0.015000 0.029975
2 0.743750 0.582848 0.015000 0.013988
2 0.035000 0.586178 0.010500 0.021982
2 0.141563 0.582015 0.011250 0.013988
2 0.374063 0.585346 0.026250 0.023980
2 0.562500 0.579517 0.009000 0.011990
2 0.167187 0.583264 0.015750 0.020983
2 0.160000 0.592839 0.024000 0.043963
2 0.948438 0.576187 0.008250 0.013988
2 0.915937 0.576187 0.006750 0.013988
2 0.618125 0.575354 0.007500 0.011990
2 0.767188 0.578268 0.014250 0.020983
2 0.604375 0.580350 0.036000 0.025978
2 0.011250 0.578268 0.022500 0.020983
2 0.707812 0.605329 0.066750 0.087927
2 0.628125 0.582015 0.018000 0.031973
2 0.455625 0.577852 0.009000 0.021982
2 0.984250 0.579933 0.031500 0.028976
2 0.747188 0.574938 0.017250 0.016986
2 0.522188 0.573689 0.015750 0.013988
2 0.198437 0.579101 0.029250 0.026978
2 0.511250 0.577435 0.025500 0.024979
2 0.090625 0.589092 0.031500 0.052956
2 0.783750 0.571607 0.009000 0.012989
2 0.075625 0.573689 0.010500 0.017985
2 0.862812 0.585346 0.026250 0.047960
2 0.967187 0.579101 0.030750 0.036969
2 0.142813 0.568693 0.008250 0.011990
2 0.821562 0.573689 0.006750 0.025978
2 0.520625 0.592423 0.042000 0.070941
2 0.992875 0.572440 0.014250 0.024979
2 0.680937 0.565779 0.012750 0.008993
2 0.986563 0.564530 0.015750 0.007993
2 0.938750 0.570774 0.010500 0.022981
2 0.811562 0.577019 0.017250 0.037968
2 0.925625 0.571607 0.015000 0.026978
2 0.392188 0.642798 0.099750 0.199833
2 0.285625 0.569525 0.010500 0.023980
2 0.028438 0.566195 0.012750 0.015987
2 0.834063 0.593256 0.030750 0.082931
2 0.624375 0.563697 0.015000 0.011990
2 0.770000 0.562864 0.010500 0.011990
2 0.720000 0.568276 0.021000 0.028976
2 0.050625 0.604913 0.067500 0.116903
2 0.960938 0.559534 0.011250 0.009992
2 0.841875 0.562864 0.007500 0.017985
2 0.458437 0.560783 0.017250 0.016986
2 0.435000 0.576187 0.039000 0.053955
2 0.040000 0.567444 0.015000 0.032973
2 0.642813 0.592423 0.041250 0.096919
2 0.166563 0.566611 0.044250 0.034971
2 0.752500 0.559117 0.015000 0.018984
2 0.159688 0.557036 0.009750 0.013988
2 0.269375 0.584929 0.043500 0.082931
2 0.194375 0.558285 0.015000 0.018984
2 0.829688 0.553289 0.009750 0.010991
2 0.100000 0.556619 0.012000 0.018984
2 0.087500 0.554122 0.013500 0.012989
2 0.013125 0.560366 0.026250 0.027977
2 0.898125 0.597419 0.078000 0.118901
2 0.645625 0.552456 0.015000 0.012989
2 0.821562 0.553705 0.012750 0.017985
2 0.287813 0.551624 0.008250 0.012989
2 0.107500 0.564113 0.033000 0.042964
2 0.042500 0.550791 0.013500 0.010991
2 0.932187 0.552873 0.018750 0.021982
2 0.911250 0.554954 0.012000 0.026978
2 0.713125 0.547460 0.013500 0.008993
2 0.903125 0.549126 0.012000 0.014988
2 0.549687 0.557868 0.023250 0.035970
2 0.262500 0.551624 0.016500 0.020983
2 0.060000 0.553705 0.034500 0.025978
2 0.700000 0.546211 0.013500 0.009992
2 0.280313 0.554538 0.009750 0.029975
2 0.219375 0.562448 0.036000 0.048959
2 0.655937 0.544963 0.008250 0.008993
2 0.247812 0.570774 0.029250 0.072939
2 0.670625 0.543297 0.009000 0.014988
2 0.635312 0.543297 0.011250 0.014988
2 0.304688 0.560366 0.035250 0.055953
2 0.093125 0.543297 0.012000 0.014988
2 0.645625 0.541216 0.016500 0.011990
2 0.076875 0.549958 0.015000 0.032973
2 0.017812 0.544546 0.005250 0.019983
2 0.572500 0.557036 0.025500 0.051957
2 0.450625 0.542048 0.024000 0.015987
2 0.137500 0.541216 0.012000 0.013988
2 0.109375 0.540383 0.007500 0.011990
2 0.940625 0.541216 0.021000 0.015987
2 0.828750 0.540383 0.009000 0.013988
2 0.478125 0.575354 0.043500 0.099917
2 0.122813 0.549126 0.024750 0.036969
2 0.274375 0.540799 0.015000 0.018984
2 0.025000 0.539550 0.010500 0.017985
2 0.633437 0.534555 0.014250 0.009992
2 0.004500 0.540799 0.009000 0.024979
2 0.765625 0.537885 0.013500 0.021982
2 0.922500 0.538718 0.018000 0.027977
2 0.754687 0.544546 0.024750 0.043963
2 0.714375 0.534138 0.027000 0.018984
2 0.255312 0.535387 0.030750 0.021982
2 0.070938 0.533306 0.014250 0.016986
2 0.813125 0.532473 0.012000 0.016986
2 0.661563 0.537052 0.023250 0.027977
2 0.292812 0.535387 0.018750 0.023980
2 0.184062 0.544130 0.057750 0.044963
2 0.129375 0.530808 0.009000 0.012989
2 0.644687 0.530808 0.011250 0.014988
2 0.042813 0.534138 0.014250 0.022981
2 0.686250 0.557452 0.064500 0.082931
2 0.599063 0.542048 0.053250 0.053955
2 0.119063 0.527893 0.018750 0.019983
2 0.099687 0.527061 0.015750 0.019983
2 0.936562 0.524563 0.011250 0.017985
2 0.287500 0.521649 0.009000 0.010991
2 0.793750 0.545379 0.063000 0.073938
2 0.252812 0.520816 0.018750 0.014988
2 0.068437 0.518734 0.011250 0.009992
2 0.925312 0.521232 0.009750 0.017985
2 0.556562 0.530391 0.032250 0.039967
2 0.058750 0.529975 0.018000 0.038968
2 0.986563 0.517902 0.015750 0.011990
2 0.444688 0.523314 0.012750 0.024979
2 0.226562 0.530391 0.041250 0.041965
2 0.824063 0.522898 0.011250 0.027977
2 0.816562 0.517485 0.011250 0.014988
2 0.771875 0.518734 0.015000 0.017985
2 0.708750 0.518318 0.025500 0.016986
2 0.080625 0.524979 0.013500 0.032973
2 0.146563 0.536220 0.032250 0.061948
2 0.125312 0.517485 0.012750 0.016986
2 0.590625 0.518318 0.015000 0.020983
2 0.157812 0.513739 0.011250 0.009992
2 0.895938 0.527477 0.057750 0.044963
2 0.438437 0.513739 0.005250 0.013988
2 0.186250 0.513322 0.007500 0.012989
2 0.003000 0.517069 0.006000 0.021982
2 0.167813 0.515820 0.015750 0.020983
2 0.618125 0.516236 0.015000 0.023980
2 0.100000 0.511657 0.010500 0.012989
2 0.977812 0.508743 0.008250 0.007993
2 0.402813 0.545795 0.072750 0.096919
2 0.193750 0.513739 0.015000 0.019983
2 0.963250 0.536636 0.073500 0.076936
2 0.780937 0.508326 0.009750 0.010991
2 0.760625 0.509992 0.009000 0.014988
2 0.686875 0.515820 0.022500 0.028976
2 0.715625 0.507494 0.010500 0.010991
2 0.611875 0.507910 0.012000 0.011990
2 0.115937 0.510824 0.009750 0.018984
2 0.279062 0.509159 0.008250 0.016986
2 0.728125 0.509575 0.025500 0.019983
2 0.796562 0.511657 0.023250 0.026978
2 0.105938 0.504163 0.012750 0.008993
2 0.994687 0.502498 0.009750 0.008993
2 0.499688 0.531224 0.033750 0.077935
2 0.871563 0.502082 0.009750 0.011990
2 0.422500 0.500416 0.013500 0.011990
2 0.861875 0.506245 0.013500 0.027977
2 0.516250 0.500000 0.007500 0.014988
2 0.704375 0.502082 0.022500 0.023980
2 0.091875 0.495420 0.012000 0.007993
2 0.937500 0.503747 0.022500 0.029975
2 0.067500 0.501249 0.019500 0.023980
2 0.527500 0.526644 0.043500 0.088926
2 0.178437 0.510408 0.015750 0.049958
2 0.563750 0.499167 0.019500 0.024979
2 0.151875 0.501249 0.025500 0.031973
2 0.665937 0.494172 0.008250 0.016986
2 0.290938 0.492923 0.018750 0.013988
2 0.266875 0.508326 0.051000 0.050958
2 0.239063 0.501665 0.017250 0.034971
2 0.961562 0.510824 0.042750 0.058951
2 0.700625 0.494172 0.022500 0.020983
2 0.618750 0.493755 0.012000 0.019983
2 0.159688 0.490425 0.006750 0.011990
2 0.689688 0.487927 0.011250 0.009992
2 0.585625 0.500416 0.048000 0.039967
2 0.852500 0.534555 0.087000 0.123897
2 0.651875 0.488759 0.013500 0.017985
2 0.071563 0.485845 0.014250 0.010991
2 0.905312 0.494172 0.020250 0.032973
2 0.653438 0.511657 0.086250 0.074938
2 0.575625 0.484596 0.015000 0.011990
2 0.798750 0.485845 0.012000 0.016986
2 0.195000 0.493755 0.031500 0.035970
2 0.154688 0.482515 0.011250 0.008993
2 0.995875 0.487094 0.008250 0.021982
2 0.022875 0.509992 0.045750 0.076936
2 0.945312 0.482931 0.008250 0.013988
2 0.822187 0.480017 0.011250 0.006994
2 0.732500 0.482098 0.007500 0.011990
2 0.116562 0.492506 0.036750 0.036969
2 0.665312 0.485429 0.021750 0.021982
2 0.522813 0.484596 0.023250 0.019983
2 0.212188 0.502914 0.053250 0.063947
2 0.176563 0.481682 0.015750 0.014988
2 0.166875 0.486261 0.009000 0.025978
2 0.654375 0.480017 0.007500 0.012989
2 0.627188 0.480433 0.015750 0.013988
2 0.612812 0.482098 0.017250 0.019983
2 0.137500 0.486261 0.015000 0.029975
2 0.952812 0.476270 0.014250 0.009992
2 0.853437 0.481682 0.014250 0.024979
2 0.240625 0.479184 0.012000 0.018984
2 0.133750 0.477102 0.009000 0.013988
2 0.192812 0.478768 0.011250 0.023980
2 0.783750 0.472939 0.013500 0.011990
2 0.933750 0.472107 0.010500 0.011990
2 0.285625 0.478351 0.033000 0.026978
2 0.231250 0.478351 0.007500 0.026978
2 0.185000 0.476270 0.013500 0.023980
2 0.813438 0.477935 0.014250 0.029975
2 0.544063 0.486678 0.024750 0.050958
2 0.725313 0.482098 0.038250 0.043963
2 0.990250 0.469192 0.019500 0.018984
2 0.157188 0.469609 0.011250 0.019983
2 0.942500 0.470441 0.013500 0.023980
2 0.885312 0.474188 0.032250 0.032973
2 0.598125 0.470441 0.012000 0.025978
2 0.904687 0.469609 0.008250 0.029975
2 0.263437 0.461282 0.009750 0.009992
2 0.867188 0.480017 0.045750 0.056953
2 0.804688 0.459617 0.011250 0.007993
2 0.583750 0.468776 0.022500 0.029975
2 0.924687 0.480433 0.038250 0.061948
2 0.750000 0.459617 0.007500 0.013988
2 0.972500 0.481266 0.040500 0.069942
2 0.526250 0.464197 0.025500 0.030974
2 0.991375 0.455870 0.017250 0.012989
2 0.955625 0.458784 0.016500 0.021982
2 0.248125 0.453372 0.007500 0.008993
2 0.555937 0.456703 0.008250 0.018984
2 0.258437 0.452540 0.014250 0.008993
2 0.856563 0.450874 0.011250 0.006994
2 0.109375 0.453372 0.009000 0.012989
2 0.006375 0.461282 0.012750 0.033972
2 0.810625 0.450874 0.013500 0.010991
2 0.917188 0.453789 0.014250 0.019983
2 0.765312 0.508326 0.105750 0.150874
2 0.838125 0.462948 0.034500 0.043963
2 0.045625 0.453372 0.009000 0.020983
2 0.167813 0.460033 0.027750 0.038968
2 0.928125 0.447127 0.009000 0.011990
2 0.644062 0.450874 0.009750 0.022981
2 0.175937 0.448376 0.009750 0.016986
2 0.715313 0.453372 0.030750 0.030974
2 0.790312 0.445462 0.006750 0.013988
2 0.261562 0.447960 0.030750 0.019983
2 0.592187 0.453789 0.017250 0.035970
2 0.015750 0.450458 0.031500 0.027977
2 0.981563 0.444213 0.015750 0.014988
2 0.899687 0.443381 0.008250 0.012989
2 0.705625 0.441299 0.010500 0.007993
2 0.625938 0.465445 0.045750 0.065945
2 0.371563 0.448376 0.017250 0.024979
2 0.675625 0.444213 0.013500 0.016986
2 0.384688 0.441299 0.012750 0.009992
2 0.945937 0.447960 0.021750 0.029975
2 0.335625 0.545795 0.117000 0.264779
2 0.232500 0.462531 0.088500 0.064946
2 0.186875 0.451707 0.016500 0.038968
2 0.741563 0.447127 0.020250 0.031973
2 0.586562 0.444213 0.018750 0.026978
2 0.839688 0.437552 0.015750 0.012989
2 0.797500 0.440883 0.015000 0.020983
2 0.989062 0.440050 0.017250 0.020983
2 0.864688 0.434221 0.011250 0.012989
2 0.679375 0.456286 0.082500 0.065945
2 0.370000 0.434638 0.009000 0.013988
2 0.881250 0.450458 0.052500 0.053955
2 0.620625 0.432973 0.013500 0.011990
2 0.922500 0.434221 0.024000 0.018984
2 0.062250 0.475853 0.124500 0.118901
2 0.008438 0.431307 0.006750 0.011990
2 0.981250 0.430475 0.015000 0.011990
2 0.312500 0.430891 0.013500 0.012989
2 0.042500 0.433805 0.009000 0.019983
2 0.605625 0.433389 0.021000 0.020983
2 0.164062 0.434221 0.026250 0.024979
2 0.845625 0.430058 0.021000 0.020983
2 0.744375 0.427560 0.010500 0.016986
2 0.235000 0.430475 0.012000 0.023980
2 0.967812 0.435887 0.029250 0.042964
2 0.832500 0.423813 0.010500 0.013988
2 0.678438 0.434221 0.021750 0.038968
2 0.926250 0.422981 0.010500 0.013988
2 0.016875 0.429642 0.016500 0.029975
2 0.238437 0.422148 0.009750 0.017985
2 0.740938 0.419234 0.011250 0.012989
2 0.438125 0.418401 0.010500 0.010991
2 0.129688 0.445046 0.065250 0.076936
2 0.759687 0.437136 0.030750 0.059950
2 0.662500 0.431724 0.027000 0.046961
2 0.568125 0.443797 0.042000 0.075937
2 0.303125 0.419650 0.007500 0.019983
2 0.771563 0.422565 0.023250 0.030974
2 0.851875 0.414654 0.009000 0.015987
2 0.599375 0.419650 0.028500 0.027977
2 0.410000 0.410908 0.009000 0.006994
2 0.860313 0.413405 0.009750 0.014988
2 0.147187 0.417152 0.033750 0.023980
2 0.034375 0.420899 0.031500 0.036969
2 0.323125 0.411740 0.012000 0.016986
2 0.967187 0.413822 0.009750 0.025978
2 0.910625 0.425479 0.043500 0.053955
2 0.744062 0.408826 0.009750 0.013988
2 0.705625 0.414238 0.025500 0.028976
2 0.016875 0.405912 0.012000 0.008993
2 0.946562 0.425479 0.036750 0.057952
2 0.608125 0.408410 0.012000 0.018984
2 0.957187 0.409242 0.014250 0.022981
2 0.205937 0.403830 0.011250 0.011990
2 0.119688 0.405912 0.012750 0.016986
2 0.904375 0.401749 0.010500 0.014988
2 0.850000 0.401749 0.010500 0.016986
2 0.101875 0.410908 0.028500 0.038968
2 0.865625 0.399667 0.018000 0.015987
2 0.732187 0.444213 0.059250 0.122898
2 0.653438 0.401332 0.020250 0.019983
2 0.475938 0.398834 0.009750 0.013988
2 0.390625 0.413822 0.042000 0.049958
2 0.010500 0.408410 0.021000 0.036969
2 0.877812 0.398834 0.011250 0.017985
2 0.837187 0.396753 0.011250 0.012989
2 0.289687 0.426311 0.047250 0.087927
2 0.633750 0.413822 0.043500 0.059950
2 0.063750 0.396753 0.015000 0.018984
2 0.466562 0.393006 0.011250 0.013988
2 0.410000 0.394671 0.018000 0.017985
2 0.107500 0.390508 0.016500 0.013988
2 0.075313 0.422981 0.066750 0.093922
2 0.981563 0.387177 0.009750 0.009992
2 0.930937 0.393006 0.006750 0.023980
2 0.945312 0.395920 0.027750 0.032973
2 0.205625 0.389259 0.013500 0.018984
2 0.006750 0.389259 0.013500 0.018984
2 0.886563 0.406744 0.029250 0.062948
2 0.221250 0.412573 0.097500 0.076936
2 0.543438 0.417152 0.050250 0.089925
2 0.825313 0.386345 0.017250 0.017985
2 0.961250 0.382598 0.013500 0.010991
2 0.283438 0.385096 0.012750 0.016986
2 0.839688 0.383430 0.018750 0.014988
2 0.393125 0.383014 0.010500 0.013988
2 0.195625 0.384263 0.012000 0.016986
2 0.550937 0.381765 0.008250 0.014988
2 0.780000 0.381765 0.007500 0.016986
2 0.059062 0.383430 0.030750 0.020983
2 0.260625 0.400083 0.027000 0.062948
2 0.293438 0.380100 0.012750 0.016986
2 0.236563 0.376769 0.011250 0.008993
2 0.174375 0.402581 0.042000 0.070941
2 0.860938 0.376769 0.009750 0.010991
2 0.868750 0.381349 0.039000 0.023980
2 0.120625 0.376769 0.007500 0.014988
2 0.101250 0.376769 0.033000 0.018984
2 0.730313 0.380933 0.024750 0.030974
2 0.248750 0.371357 0.015000 0.009992
2 0.140000 0.396753 0.043500 0.070941
2 0.140000 0.373439 0.013500 0.014988
2 0.785937 0.371774 0.009750 0.012989
2 0.910000 0.387594 0.042000 0.054954
2 0.309375 0.370525 0.025500 0.013988
2 0.736250 0.369276 0.016500 0.012989
2 0.525000 0.407161 0.049500 0.103913
2 0.075938 0.371357 0.009750 0.017985
2 0.015625 0.370525 0.013500 0.015987
2 0.975000 0.381765 0.015000 0.044963
2 0.084062 0.367610 0.009750 0.012989
2 0.051250 0.368027 0.016500 0.023980
2 0.859062 0.364280 0.021750 0.016986
2 0.039688 0.387594 0.048750 0.072939
2 0.881563 0.360533 0.015750 0.013988
2 0.219375 0.358035 0.010500 0.009992
2 0.166563 0.371357 0.033750 0.041965
2 0.096875 0.361366 0.019500 0.017985
2 0.959688 0.367194 0.021750 0.033972
2 0.933125 0.368027 0.043500 0.037968
2 0.822187 0.364280 0.038250 0.028976
2 0.843437 0.356786 0.015750 0.012989
2 0.336875 0.408826 0.090000 0.139883
2 0.313437 0.357619 0.014250 0.016986
2 0.907188 0.356370 0.011250 0.017985
2 0.582812 0.370941 0.029250 0.052956
2 0.248438 0.353872 0.011250 0.011990
2 0.986875 0.380100 0.026250 0.078934
2 0.281875 0.372606 0.043500 0.060949
2 0.079062 0.353872 0.011250 0.015987
2 0.973437 0.355121 0.011250 0.020983
2 0.727187 0.356370 0.009750 0.023980
2 0.568750 0.353039 0.013500 0.015987
2 0.279687 0.351374 0.009750 0.011990
2 0.380625 0.373855 0.064500 0.067943
2 0.822187 0.350125 0.020250 0.012989
2 0.181875 0.358035 0.024000 0.033972
2 0.111250 0.354288 0.010500 0.024979
2 0.984375 0.347627 0.010500 0.010991
2 0.117813 0.356370 0.011250 0.031973
2 0.020625 0.364280 0.041250 0.052956
2 0.880938 0.348460 0.015750 0.018984
2 0.009000 0.348043 0.018000 0.017985
2 0.045000 0.350125 0.025500 0.024979
2 0.230313 0.348460 0.014250 0.022981
2 0.903438 0.342215 0.011250 0.009992
2 0.589063 0.347211 0.015750 0.021982
2 0.731563 0.341382 0.009750 0.015987
2 0.961875 0.344296 0.025500 0.024979
2 0.737187 0.346378 0.012750 0.029975
2 0.708750 0.340966 0.016500 0.016986
2 0.152812 0.340133 0.008250 0.014988
2 0.561562 0.344296 0.011250 0.026978
2 0.290938 0.346794 0.036750 0.032973
2 0.812187 0.338468 0.008250 0.014988
2 0.128750 0.343464 0.016500 0.026978
2 0.101562 0.341382 0.012750 0.021982
2 0.689375 0.337635 0.012000 0.014988
2 0.310000 0.339717 0.024000 0.019983
2 0.241250 0.345962 0.016500 0.034971
2 0.483438 0.337219 0.012750 0.015987
2 0.980000 0.334305 0.009000 0.010991
2 0.848125 0.339301 0.018000 0.022981
2 0.631250 0.338468 0.027000 0.022981
2 0.701562 0.333888 0.011250 0.015987
2 0.390313 0.331391 0.012750 0.009992
2 0.121563 0.333056 0.009750 0.015987
2 0.868750 0.334305 0.018000 0.024979
2 0.590313 0.330142 0.015750 0.014988
2 0.334375 0.339301 0.033000 0.036969
2 0.026875 0.333472 0.012000 0.022981
2 0.321562 0.329725 0.005250 0.015987
2 0.092188 0.339717 0.014250 0.039967
2 0.044375 0.330558 0.025500 0.017985
2 0.837812 0.331391 0.015750 0.021982
2 0.672813 0.331807 0.030750 0.022981
2 0.990625 0.335554 0.018750 0.033972
2 0.412500 0.350958 0.043500 0.070941
2 0.540937 0.352623 0.075750 0.076936
2 0.017188 0.334305 0.020250 0.032973
2 0.750938 0.350125 0.032250 0.072939
2 0.975000 0.325978 0.012000 0.022981
2 0.430312 0.321399 0.008250 0.011990
2 0.415000 0.322231 0.012000 0.013988
2 0.006375 0.322231 0.012750 0.017985
2 0.834375 0.318901 0.018000 0.011990
2 0.822187 0.323897 0.015750 0.023980
2 0.767500 0.320566 0.012000 0.015987
2 0.891875 0.348460 0.036000 0.084929
2 0.735625 0.323064 0.025500 0.023980
2 0.584063 0.318485 0.006750 0.012989
2 0.936875 0.322231 0.010500 0.025978
2 0.567187 0.315570 0.008250 0.011990
2 0.641563 0.318485 0.014250 0.020983
2 0.260937 0.337219 0.032250 0.065945
2 0.233750 0.324729 0.012000 0.035970
2 0.099062 0.320566 0.018750 0.025978
2 0.929063 0.331391 0.056250 0.053955
2 0.806562 0.323897 0.018750 0.035970
2 0.746875 0.314738 0.007500 0.013988
2 0.668125 0.383014 0.126000 0.177852
2 0.345000 0.313905 0.007500 0.011990
2 0.592187 0.317652 0.011250 0.026978
2 0.067812 0.310158 0.009750 0.016986
2 0.992875 0.310575 0.014250 0.023980
2 0.633750 0.304746 0.009000 0.009992
2 0.575313 0.308493 0.009750 0.018984
2 0.870313 0.328893 0.053250 0.069942
2 0.866563 0.305162 0.008250 0.012989
2 0.771875 0.308493 0.009000 0.020983
2 0.713437 0.313489 0.029250 0.034971
2 0.199063 0.305579 0.008250 0.015987
2 0.559063 0.303913 0.006750 0.013988
2 0.602500 0.352623 0.064500 0.132889
2 0.902500 0.309742 0.022500 0.031973
2 0.538125 0.305995 0.007500 0.024979
2 0.211250 0.340133 0.052500 0.110908
2 0.939063 0.300999 0.006750 0.018984
2 0.962812 0.312240 0.048750 0.047960
2 0.871875 0.295171 0.013500 0.008993
2 0.954688 0.295587 0.009750 0.011990
2 0.944688 0.304746 0.009750 0.033972
2 0.833125 0.304330 0.045000 0.034971
2 0.410313 0.296836 0.009750 0.016986
2 0.098750 0.300167 0.036000 0.024979
2 0.784687 0.300583 0.020250 0.027977
2 0.155312 0.297669 0.011250 0.020983
2 0.739375 0.299750 0.021000 0.027977
2 0.130625 0.326395 0.058500 0.093922
2 0.251875 0.310158 0.039000 0.056953
2 0.279375 0.296836 0.015000 0.028976
2 0.235313 0.291424 0.017250 0.019983
2 0.221250 0.288510 0.013500 0.012989
2 0.062500 0.289342 0.009000 0.014988
2 0.696250 0.296420 0.022500 0.035970
2 0.941562 0.286012 0.018750 0.012989
2 0.858750 0.295587 0.018000 0.035970
2 0.925937 0.296420 0.027750 0.039967
2 0.830625 0.286012 0.012000 0.014988
2 0.984375 0.288926 0.030000 0.023980
2 0.732500 0.292256 0.030000 0.031973
2 0.357500 0.294754 0.018000 0.039967
2 0.785000 0.363863 0.124500 0.207827
2 0.092813 0.284763 0.017250 0.019983
2 0.054375 0.327644 0.108750 0.122898
2 0.054688 0.281432 0.012750 0.011990
2 0.966875 0.284346 0.015000 0.020983
2 0.655937 0.281016 0.011250 0.012989
2 0.894375 0.290591 0.016500 0.037968
2 0.844063 0.279351 0.011250 0.014988
2 0.003375 0.280183 0.006750 0.016986
2 0.769062 0.286428 0.023250 0.033972
2 0.683750 0.279767 0.022500 0.019983
2 0.670937 0.275187 0.008250 0.008993
2 0.624687 0.275604 0.008250 0.011990
2 0.942187 0.273938 0.012750 0.013988
2 0.879687 0.281848 0.026250 0.032973
2 0.183438 0.310158 0.068250 0.100916
2 0.954063 0.278934 0.014250 0.027977
2 0.557187 0.307660 0.059250 0.096919
2 0.992500 0.271440 0.015000 0.013988
2 0.153125 0.271857 0.013500 0.014988
2 0.842812 0.266445 0.006750 0.011990
2 0.816562 0.275604 0.029250 0.033972
2 0.659062 0.295587 0.113250 0.081932
2 0.114062 0.266028 0.008250 0.012989
2 0.932187 0.269359 0.012750 0.024979
2 0.058750 0.266861 0.012000 0.018984
2 0.583438 0.281848 0.077250 0.058951
2 0.531563 0.276853 0.026250 0.046961
2 0.365000 0.266445 0.007500 0.021982
2 0.272813 0.268526 0.018750 0.026978
2 0.971875 0.261865 0.006000 0.014988
2 0.980938 0.268526 0.015750 0.032973
2 0.877500 0.263114 0.007500 0.019983
2 0.595313 0.258951 0.008250 0.011990
2 0.372500 0.261449 0.010500 0.019983
2 0.960938 0.263947 0.017250 0.027977
2 0.940312 0.258118 0.011250 0.013988
2 0.030625 0.269775 0.055500 0.041965
2 0.731563 0.254788 0.011250 0.007993
2 0.700313 0.270192 0.044250 0.044963
2 0.052500 0.258118 0.006000 0.015987
2 0.946250 0.258118 0.010500 0.017985
2 0.903750 0.274771 0.031500 0.057952
2 0.571250 0.256453 0.013500 0.013988
2 0.830937 0.254371 0.009750 0.010991
2 0.447813 0.258118 0.021750 0.019983
2 0.862187 0.266445 0.032250 0.041965
2 0.781563 0.257702 0.011250 0.024979
2 0.422812 0.268943 0.048750 0.055953
2 0.972500 0.249376 0.007500 0.010991
2 0.045000 0.256453 0.007500 0.027977
2 0.841250 0.250208 0.012000 0.014988
2 0.789375 0.253955 0.012000 0.025978
2 0.737187 0.282681 0.075750 0.094921
2 0.807500 0.261449 0.048000 0.047960
2 0.690000 0.246461 0.013500 0.011990
2 0.430937 0.393006 0.200250 0.363697
2 0.986250 0.249792 0.018000 0.021982
2 0.930937 0.248127 0.009750 0.017985
2 0.913750 0.257702 0.037500 0.044963
2 0.836562 0.243547 0.009750 0.010991
2 0.703750 0.245212 0.016500 0.014988
2 0.623750 0.243963 0.009000 0.011990
2 0.174375 0.243547 0.013500 0.010991
2 0.108438 0.247294 0.014250 0.023980
2 0.020625 0.246461 0.041250 0.021982
2 0.079062 0.239800 0.011250 0.013988
2 0.731563 0.242714 0.023250 0.024979
2 0.892188 0.243547 0.020250 0.028976
2 0.168125 0.234804 0.009000 0.009992
2 0.857812 0.238968 0.014250 0.023980
2 0.847187 0.245212 0.018750 0.038968
2 0.600313 0.233972 0.012750 0.011990
2 0.232500 0.238551 0.019500 0.022981
2 0.231563 0.263114 0.092250 0.081932
2 0.915312 0.231890 0.012750 0.010991
2 0.453125 0.241049 0.018000 0.032973
2 0.110625 0.231057 0.010500 0.012989
2 0.809688 0.232723 0.012750 0.018984
2 0.039688 0.235637 0.023250 0.025978
2 0.621875 0.246461 0.042000 0.053955
2 0.385937 0.226894 0.006750 0.008993
2 0.476875 0.231474 0.007500 0.021982
2 0.341250 0.231890 0.015000 0.024979
2 0.160312 0.228976 0.009750 0.017985
2 0.935000 0.229808 0.013500 0.021982
2 0.829688 0.232306 0.026250 0.027977
2 0.754062 0.239800 0.042750 0.045962
2 0.607812 0.223980 0.009750 0.011990
2 0.330313 0.228143 0.021750 0.021982
2 0.020625 0.229392 0.036000 0.026978
2 0.814375 0.224813 0.015000 0.019983
2 0.753125 0.218984 0.009000 0.009992
2 0.335000 0.217735 0.010500 0.008993
2 0.256250 0.219817 0.007500 0.013988
2 0.775312 0.236053 0.024750 0.056953
2 0.620000 0.218568 0.007500 0.014988
2 0.702187 0.226894 0.036750 0.036969
2 0.841875 0.217735 0.007500 0.016986
2 0.430937 0.217735 0.006750 0.020983
2 0.837187 0.212739 0.011250 0.012989
2 0.824688 0.212739 0.014250 0.012989
2 0.924063 0.212739 0.017250 0.014988
2 0.867188 0.232723 0.051750 0.062948
2 0.043125 0.220649 0.016500 0.033972
2 0.254063 0.211490 0.006750 0.013988
2 0.095625 0.209409 0.007500 0.014988
2 0.703438 0.206911 0.012750 0.018984
2 0.839688 0.201082 0.011250 0.014988
2 0.011875 0.198585 0.013500 0.008993
2 0.691562 0.201082 0.009750 0.016986
2 0.365938 0.270608 0.231750 0.185845
2 0.370000 0.201499 0.015000 0.023980
2 0.851250 0.199833 0.010500 0.021982
2 0.163750 0.209409 0.021000 0.048959
2 0.829688 0.197336 0.008250 0.021982
2 0.805625 0.203580 0.025500 0.036969
2 0.731250 0.210658 0.048000 0.053955
2 0.509375 0.192340 0.009000 0.011990
2 0.820937 0.194838 0.009750 0.023980
2 0.982375 0.213572 0.035250 0.072939
2 0.808750 0.187344 0.007500 0.009992
2 0.465938 0.205662 0.041250 0.057952
2 0.401562 0.186928 0.014250 0.012989
2 0.256563 0.196087 0.012750 0.034971
2 0.004125 0.186095 0.008250 0.010991
2 0.542813 0.191091 0.012750 0.024979
2 0.490000 0.297252 0.097500 0.279767
2 0.107500 0.203580 0.033000 0.054954
2 0.142813 0.202331 0.027750 0.053955
2 0.929375 0.184430 0.015000 0.012989
2 0.122813 0.184013 0.012750 0.011990
2 0.841250 0.186511 0.021000 0.019983
2 0.785937 0.209825 0.047250 0.075937
2 0.862500 0.183597 0.010500 0.014988
2 0.516250 0.181932 0.009000 0.010991
2 0.448125 0.190258 0.016500 0.030974
2 0.990625 0.186511 0.015000 0.023980
2 0.852812 0.182348 0.008250 0.017985
2 0.530937 0.186095 0.021750 0.030974
2 0.474062 0.180266 0.012750 0.016986
2 0.787813 0.176936 0.011250 0.010991
2 0.835938 0.176103 0.012750 0.010991
2 0.109687 0.183181 0.020250 0.027977
2 0.669687 0.172356 0.011250 0.007993
2 0.624687 0.174854 0.012750 0.013988
2 0.938125 0.178185 0.010500 0.023980
2 0.049688 0.172773 0.011250 0.010991
2 0.992500 0.173189 0.013500 0.015987
2 0.387813 0.169442 0.011250 0.008993
2 0.713125 0.181099 0.039000 0.044963
2 0.943750 0.167777 0.015000 0.014988
2 0.054688 0.168193 0.014250 0.017985
2 0.219062 0.166528 0.020250 0.015987
2 0.965625 0.162781 0.009000 0.010991
2 0.426563 0.186928 0.038250 0.068943
2 0.780937 0.164030 0.009750 0.017985
2 0.957625 0.205662 0.084750 0.119900
2 0.673125 0.160699 0.022500 0.015987
2 0.950000 0.157785 0.027000 0.012989
2 0.023438 0.159034 0.015750 0.015987
2 0.511875 0.163614 0.028500 0.030974
2 0.715938 0.156120 0.005250 0.014988
2 0.573125 0.209409 0.114000 0.142881
2 0.259688 0.157369 0.009750 0.017985
2 0.012188 0.168193 0.018750 0.045962
2 0.448125 0.154038 0.010500 0.013988
2 0.968125 0.151957 0.009000 0.012989
2 0.039375 0.153206 0.016500 0.015987
2 0.004875 0.154871 0.009750 0.025978
2 0.343750 0.154455 0.018000 0.034971
2 0.257188 0.145296 0.017250 0.012989
2 0.168125 0.148210 0.012000 0.021982
2 0.045000 0.148626 0.013500 0.022981
2 0.290938 0.152373 0.026250 0.033972
2 0.926875 0.154038 0.022500 0.041965
2 0.905937 0.143630 0.017250 0.016986
2 0.853750 0.141132 0.010500 0.014988
2 0.834063 0.140300 0.008250 0.012989
2 0.588437 0.141132 0.011250 0.014988
2 0.023125 0.142798 0.009000 0.018984
2 0.890625 0.144047 0.019500 0.025978
2 0.818750 0.159867 0.060000 0.067943
2 0.009750 0.139051 0.019500 0.017985
2 0.912188 0.138634 0.011250 0.018984
2 0.884375 0.180683 0.100500 0.119900
2 0.373750 0.140716 0.016500 0.029975
2 0.215000 0.136969 0.015000 0.020983
2 0.990313 0.141549 0.017250 0.033972
2 0.970625 0.140300 0.022500 0.032973
2 0.358125 0.134888 0.018000 0.019983
2 0.161562 0.134055 0.011250 0.019983
2 0.035000 0.139467 0.021000 0.036969
2 0.018125 0.129892 0.021000 0.013988
2 0.756875 0.128643 0.010500 0.012989
2 0.059687 0.128226 0.018750 0.011990
2 0.775312 0.146961 0.071250 0.058951
2 0.187812 0.126978 0.011250 0.012989
2 0.907813 0.123647 0.011250 0.008993
2 0.863125 0.129475 0.016500 0.022981
2 0.616875 0.122814 0.007500 0.010991
2 0.926250 0.120316 0.009000 0.010991
2 0.919375 0.124896 0.013500 0.021982
2 0.370937 0.126561 0.023250 0.025978
2 0.896875 0.123231 0.012000 0.019983
2 0.465313 0.119900 0.009750 0.011990
2 0.962500 0.117402 0.010500 0.009992
2 0.335000 0.119067 0.018000 0.015987
2 0.183438 0.120316 0.024750 0.018984
2 0.049375 0.123647 0.027000 0.026978
2 0.324688 0.113239 0.014250 0.013988
2 0.955313 0.113239 0.012750 0.017985
2 0.877812 0.117818 0.041250 0.034971
2 0.549687 0.106994 0.011250 0.008993
2 0.225312 0.104496 0.011250 0.014988
2 0.853750 0.121149 0.042000 0.058951
2 0.762188 0.105329 0.023250 0.022981
2 0.577500 0.103664 0.012000 0.020983
2 0.288750 0.097835 0.010500 0.010991
2 0.132812 0.098251 0.012750 0.011990
2 0.219688 0.095337 0.015750 0.012989
2 0.464375 0.093256 0.009000 0.009992
2 0.243750 0.100333 0.012000 0.026978
2 0.862500 0.094088 0.010500 0.015987
2 0.128750 0.091174 0.012000 0.008993
2 0.954375 0.095754 0.012000 0.021982
2 0.800937 0.116986 0.099750 0.072939
2 0.589688 0.092423 0.005250 0.013988
2 0.914375 0.094921 0.013500 0.023980
2 0.571250 0.089925 0.010500 0.013988
2 0.031250 0.088260 0.010500 0.009992
2 0.366250 0.089092 0.016500 0.013988
2 0.315937 0.178601 0.411750 0.232806
2 0.740938 0.089092 0.018750 0.029975
2 0.897813 0.097002 0.048750 0.052956
2 0.881563 0.082848 0.018750 0.018984
2 0.956875 0.083680 0.012000 0.022981
2 0.933125 0.079101 0.007500 0.013988
2 0.164062 0.077852 0.008250 0.012989
2 0.393125 0.081182 0.025500 0.022981
2 0.926562 0.081599 0.012750 0.025978
2 0.575937 0.077435 0.017250 0.019983
2 0.282500 0.077435 0.018000 0.019983
2 0.940937 0.110741 0.054750 0.103913
2 0.372188 0.078268 0.023250 0.027977
2 0.367812 0.092007 0.048750 0.060949
2 0.994375 0.076187 0.009000 0.024979
2 0.976750 0.098251 0.046500 0.077935
2 0.852812 0.075770 0.015750 0.023980
2 0.040000 0.072023 0.010500 0.014988
2 0.273750 0.086178 0.024000 0.054954
2 0.255312 0.083680 0.030750 0.056953
2 0.805000 0.069942 0.033000 0.025978
2 0.561250 0.088260 0.031500 0.069942
2 0.609062 0.068276 0.012750 0.023980
2 0.984375 0.062448 0.018000 0.011990
2 0.896250 0.063697 0.015000 0.014988
2 0.837187 0.081599 0.042750 0.057952
2 0.843437 0.059950 0.008250 0.009992
2 0.220000 0.080766 0.049500 0.061948
2 0.965938 0.062032 0.014250 0.020983
2 0.865000 0.060783 0.010500 0.019983
2 0.788438 0.057036 0.014250 0.012989
2 0.775312 0.077852 0.075750 0.062948
2 0.546562 0.058285 0.011250 0.015987
2 0.290938 0.060366 0.026250 0.022981
2 0.934063 0.058701 0.017250 0.020983
2 0.836250 0.052040 0.013500 0.006994
2 0.990000 0.050791 0.010500 0.013988
2 0.306563 0.050375 0.005250 0.012989
2 0.385937 0.048293 0.009750 0.009992
2 0.980625 0.046628 0.007500 0.011990
2 0.954063 0.046628 0.009750 0.011990
2 0.921562 0.049542 0.012750 0.020983
2 0.948125 0.053705 0.019500 0.032973
2 0.301875 0.044130 0.009000 0.013988
2 0.832187 0.042881 0.009750 0.012989
2 0.295000 0.042881 0.006000 0.012989
2 0.879062 0.061615 0.042750 0.059950
2 0.871250 0.044130 0.010500 0.019983
2 0.590000 0.035803 0.010500 0.009992
2 0.396562 0.054122 0.044250 0.057952
2 0.991375 0.036636 0.017250 0.021982
2 0.290312 0.029975 0.011250 0.007993
2 0.355312 0.031640 0.009750 0.013988
2 0.854688 0.024979 0.012750 0.013988
2 0.704688 0.024563 0.009750 0.014988
2 0.670625 0.021232 0.013500 0.012989
2 0.244062 0.043297 0.071250 0.065945
2 0.160000 0.023314 0.022500 0.017985
2 0.082812 0.020400 0.008250 0.010991
2 0.811562 0.024563 0.018750 0.024979
2 0.745313 0.019983 0.012750 0.019983
2 0.752188 0.029142 0.044250 0.053955
2 0.305312 0.023730 0.020250 0.040966
2 0.771250 0.012490 0.010500 0.015987
2 0.978750 0.005828 0.009000 0.009992
2 0.961375 0.032473 0.077250 0.064946
2 0.931250 0.030475 0.031500 0.060949
2 0.912188 0.005995 0.020250 0.011990
2 0.840938 0.004996 0.021750 0.009992
2 0.871250 0.047960 0.120000 0.095920
2 0.816562 0.011490 0.015750 0.022981
2 0.793438 0.036470 0.081750 0.072939
2 0.762813 0.003497 0.012750 0.006994
2 0.742500 0.010491 0.030000 0.020983
2 0.724063 0.009992 0.015750 0.019983
2 0.678125 0.008993 0.009000 0.017985
2 0.671562 0.159867 0.246750 0.319734
2 0.553750 0.006994 0.012000 0.013988
2 0.540312 0.006495 0.008250 0.012989
2 0.495625 0.111907 0.220500 0.223813
2 0.353125 0.084430 0.163500 0.168859
2 0.187500 0.006495 0.007500 0.012989
2 0.170313 0.010991 0.032250 0.021982
2 0.154375 0.012490 0.012000 0.024979
2 0.142500 0.007993 0.015000 0.015987
2 0.110937 0.015487 0.059250 0.030974
2 0.075313 0.006994 0.021750 0.013988
2 0.046562 0.007993 0.009750 0.015987
2 0.178875 0.174854 0.357750 0.349709
