2 0.254531 0.860000 0.509062 0.280000
2 0.500391 0.780208 0.068437 0.052500
2 0.423438 0.767708 0.018750 0.045000
2 0.451172 0.742708 0.042188 0.062500
2 0.510938 0.733333 0.028125 0.045000
2 0.421094 0.722396 0.018750 0.041250
2 0.439844 0.705208 0.020625 0.040000
2 0.562500 0.687500 0.011250 0.015000
2 0.496484 0.695312 0.032813 0.033750
2 0.541797 0.686979 0.036562 0.036250
2 0.565234 0.672396 0.017813 0.013750
2 0.583203 0.732812 0.177187 0.163750
2 0.525000 0.672917 0.035625 0.030000
2 0.558594 0.653646 0.030000 0.023750
2 0.641797 0.654167 0.036562 0.032500
2 0.596875 0.649479 0.011250 0.021250
2 0.932031 0.780625 0.135937 0.438750
2 0.532422 0.638021 0.029062 0.038750
2 0.580078 0.635417 0.023438 0.045000
2 0.669531 0.634375 0.022500 0.047500
2 0.695703 0.629167 0.021562 0.045000
2 0.428906 0.646354 0.056250 0.088750
2 0.548828 0.625521 0.019688 0.041250
2 0.653906 0.621875 0.022500 0.037500
2 0.723828 0.616667 0.038437 0.032500
2 0.540625 0.602083 0.033750 0.042500
2 0.685547 0.595833 0.040313 0.030000
2 0.371875 0.599479 0.022500 0.043750
2 0.591406 0.598437 0.030000 0.051250
2 0.408594 0.583333 0.022500 0.045000
2 0.480469 0.570312 0.013125 0.021250
2 0.553906 0.568750 0.024375 0.027500
2 0.717578 0.576562 0.023438 0.048750
2 0.623828 0.620833 0.120937 0.155000
2 0.487109 0.614062 0.077812 0.151250
2 0.417969 0.551042 0.030000 0.030000
2 0.647656 0.568229 0.101250 0.091250
2 0.605078 0.545833 0.032813 0.040000
2 0.449219 0.553646 0.035625 0.083750
2 0.379688 0.547396 0.048750 0.088750
2 0.505859 0.541146 0.120937 0.101250
2 0.675391 0.519792 0.029062 0.065000
2 0.525000 0.501042 0.035625 0.030000
2 0.616406 0.507812 0.050625 0.048750
2 0.391016 0.503125 0.025312 0.050000
2 0.353906 0.494271 0.031875 0.038750
2 0.578906 0.544271 0.073125 0.208750
2 0.585156 0.450521 0.011250 0.021250
2 0.435547 0.485417 0.036562 0.117500
2 0.532813 0.458854 0.063750 0.071250
2 0.473828 0.460417 0.072187 0.090000
2 0.513281 0.439063 0.028125 0.043750
2 0.576172 0.428125 0.019688 0.030000
2 0.409375 0.428125 0.033750 0.030000
2 0.496094 0.418750 0.016875 0.027500
2 0.501953 0.407292 0.017813 0.030000
2 0.439453 0.391667 0.029062 0.040000
2 0.608594 0.448437 0.150000 0.191250
2 0.535547 0.382812 0.025312 0.041250
2 0.480078 0.382292 0.042188 0.070000
2 0.438281 0.330729 0.020625 0.046250
2 0.481641 0.320833 0.021562 0.047500
2 0.515234 0.332813 0.081562 0.133750
2 0.067969 0.219375 0.135937 0.438750
