2 0.672813 0.995004 0.011250 0.009992
2 0.100312 0.995004 0.014250 0.009992
2 0.834375 0.994505 0.009000 0.010991
2 0.925625 0.992007 0.022500 0.015987
2 0.653750 0.991507 0.018000 0.016986
2 0.643750 0.991507 0.010500 0.016986
2 0.924375 0.987927 0.009000 0.014988
2 0.343125 0.988759 0.009000 0.018984
2 0.080312 0.988510 0.027750 0.022981
2 0.624687 0.983764 0.009750 0.008993
2 0.064375 0.988010 0.018000 0.023980
2 0.092500 0.983764 0.010500 0.010991
2 0.646250 0.982515 0.013500 0.009992
2 0.323437 0.986012 0.036750 0.027977
2 0.916875 0.980849 0.006000 0.013988
2 0.476562 0.984013 0.018750 0.031973
2 0.068125 0.975437 0.010500 0.008993
2 0.038125 0.978768 0.010500 0.016986
2 0.600313 0.982515 0.039750 0.034971
2 0.275625 0.968360 0.012000 0.017985
2 0.344375 0.969192 0.018000 0.025978
2 0.334688 0.961699 0.012750 0.009992
2 0.679063 0.962948 0.020250 0.032973
2 0.274375 0.953789 0.007500 0.010991
2 0.676562 0.950874 0.006750 0.011990
2 0.462500 0.950458 0.019500 0.022981
2 0.303125 0.943381 0.007500 0.009992
2 0.267813 0.946295 0.012750 0.018984
2 0.265313 0.934221 0.011250 0.015987
2 0.030937 0.927977 0.009750 0.012989
2 0.005250 0.927560 0.010500 0.035970
2 0.004500 0.903830 0.009000 0.018984
2 0.004500 0.881765 0.009000 0.009992
2 0.401250 0.853872 0.015000 0.016986
2 0.012000 0.828476 0.024000 0.041965
2 0.003375 0.815570 0.006750 0.016986
2 0.979750 0.701082 0.040500 0.047960
2 0.982812 0.675687 0.014250 0.018984
2 0.054375 0.657369 0.009000 0.008993
2 0.989688 0.626145 0.012750 0.013988
2 0.993250 0.616153 0.013500 0.007993
2 0.945312 0.478351 0.017250 0.018984
2 0.940937 0.460866 0.011250 0.014988
2 0.004500 0.440050 0.009000 0.016986
2 0.978750 0.435887 0.012000 0.012989
2 0.983125 0.423397 0.009000 0.012989
2 0.035625 0.419650 0.012000 0.009992
2 0.989500 0.399667 0.021000 0.019983
2 0.980938 0.365112 0.014250 0.022981
2 0.983125 0.354704 0.033750 0.053955
2 0.968437 0.335137 0.029250 0.026978
2 0.995125 0.328060 0.009750 0.017985
2 0.925312 0.312656 0.018750 0.012989
2 0.966250 0.163197 0.015000 0.007993
2 0.994375 0.065779 0.011250 0.011990
2 0.007125 0.047877 0.014250 0.010991
2 0.827187 0.051207 0.015750 0.024979
2 0.982000 0.051207 0.036000 0.048959
2 0.395937 0.033722 0.017250 0.014988
2 0.665312 0.020400 0.012750 0.006994
2 0.432812 0.005495 0.011250 0.010991
2 0.245625 0.007993 0.022500 0.015987
2 0.167187 0.014988 0.020250 0.029975
2 0.130312 0.009492 0.020250 0.018984
2 0.093750 0.014488 0.025500 0.028976
2 0.025313 0.006495 0.008250 0.012989
2 0.600000 0.600000 1.000000 1.000000
2 0.004125 0.011490 0.008250 0.022981
