2 0.344922 0.630208 0.023438 0.042500
2 0.492969 0.617708 0.037500 0.025000
2 0.416406 0.601042 0.026250 0.035000
2 0.455469 0.588021 0.035625 0.026250
2 0.356250 0.586458 0.031875 0.035000
2 0.522266 0.576042 0.034687 0.027500
2 0.284766 0.562500 0.034687 0.017500
2 0.322656 0.578125 0.050625 0.072500
2 0.551562 0.552604 0.043125 0.038750
2 0.338672 0.538542 0.029062 0.027500
2 0.389844 0.552604 0.082500 0.076250
2 0.313281 0.531250 0.035625 0.025000
2 0.424219 0.526042 0.073125 0.082500
2 0.351562 0.503646 0.065625 0.031250
2 0.508594 0.492708 0.035625 0.022500
2 0.466797 0.499479 0.040313 0.068750
2 0.269141 0.481771 0.036562 0.028750
2 0.291406 0.482292 0.054375 0.075000
2 0.225781 0.456771 0.026250 0.026250
2 0.247266 0.443750 0.032813 0.020000
2 0.425000 0.449479 0.028125 0.036250
2 0.195312 0.438021 0.013125 0.016250
2 0.500781 0.433854 0.011250 0.016250
2 0.453125 0.456250 0.058125 0.070000
2 0.198437 0.433333 0.028125 0.030000
2 0.493750 0.427083 0.016875 0.020000
2 0.482422 0.439583 0.038437 0.050000
2 0.301953 0.442188 0.057188 0.058750
2 0.349219 0.436979 0.063750 0.076250
2 0.401172 0.434896 0.049687 0.086250
2 0.228906 0.418229 0.045000 0.053750
2 0.515234 0.431250 0.077812 0.097500
2 0.310547 0.401042 0.034687 0.032500
2 0.384375 0.416146 0.041250 0.081250
2 0.363672 0.389583 0.040313 0.027500
2 0.283203 0.390625 0.025312 0.040000
2 0.342578 0.379688 0.023438 0.041250
2 0.353906 0.369271 0.022500 0.031250
2 0.262891 0.361979 0.034687 0.021250
2 0.226562 0.367188 0.022500 0.041250
2 0.377734 0.364063 0.051562 0.038750
2 0.399219 0.351562 0.011250 0.013750
2 0.432812 0.345833 0.037500 0.027500
2 0.341797 0.346875 0.021562 0.030000
2 0.458594 0.375521 0.136875 0.121250
2 0.388281 0.332292 0.031875 0.035000
2 0.298047 0.331250 0.034687 0.050000
2 0.321875 0.348438 0.069375 0.093750
2 0.390625 0.304688 0.022500 0.013750
2 0.245312 0.304688 0.039375 0.031250
2 0.483203 0.343229 0.098437 0.168750
2 0.258594 0.279687 0.016875 0.023750
2 0.321484 0.266146 0.017813 0.008750
2 0.404297 0.298958 0.150938 0.110000
2 0.381250 0.263021 0.035625 0.033750
2 0.456641 0.267188 0.017813 0.053750
2 0.289062 0.301042 0.168750 0.145000
2 0.367969 0.246354 0.024375 0.031250
2 0.406641 0.240104 0.036562 0.028750
2 0.297656 0.259375 0.078750 0.080000
2 0.467578 0.216146 0.032813 0.033750
2 0.433203 0.230208 0.051562 0.067500
2 0.445703 0.194271 0.034687 0.038750
