2 0.462891 0.814063 0.030937 0.043750
2 0.438672 0.794271 0.032813 0.031250
2 0.555859 0.728125 0.030937 0.037500
2 0.465625 0.755208 0.067500 0.102500
2 0.522266 0.733854 0.045937 0.053750
2 0.574219 0.708854 0.018750 0.021250
2 0.545312 0.666146 0.009375 0.013750
2 0.565234 0.659375 0.014063 0.012500
2 0.570312 0.646875 0.013125 0.010000
2 0.640625 0.656250 0.035625 0.037500
2 0.558594 0.645833 0.011250 0.020000
2 0.460547 0.647396 0.034687 0.033750
2 0.436328 0.632292 0.034687 0.030000
2 0.561719 0.623437 0.028125 0.021250
2 0.616797 0.610938 0.010312 0.013750
2 0.496094 0.678125 0.153750 0.217500
2 0.578125 0.603646 0.033750 0.058750
2 0.524219 0.586458 0.031875 0.025000
2 0.548047 0.593229 0.034687 0.043750
2 0.607422 0.661979 0.135937 0.223750
2 0.392578 0.567708 0.021562 0.027500
2 0.598437 0.571875 0.024375 0.042500
2 0.571875 0.566146 0.031875 0.038750
2 0.383594 0.571354 0.090000 0.113750
2 0.532422 0.534375 0.045937 0.080000
2 0.672656 0.511979 0.028125 0.028750
2 0.639453 0.528646 0.060937 0.068750
2 0.405078 0.617188 0.119063 0.286250
2 0.568750 0.522917 0.071250 0.065000
2 0.428906 0.505208 0.011250 0.035000
2 0.375000 0.501042 0.033750 0.025000
2 0.645312 0.492188 0.026250 0.026250
2 0.482422 0.540104 0.081562 0.148750
2 0.512109 0.489063 0.047812 0.031250
2 0.410547 0.484375 0.032813 0.062500
2 0.415234 0.466667 0.019688 0.022500
2 0.356641 0.473438 0.072187 0.056250
2 0.589453 0.473958 0.068437 0.080000
2 0.502734 0.438021 0.034687 0.028750
2 0.557031 0.427083 0.033750 0.027500
2 0.533203 0.423958 0.027187 0.032500
2 0.365625 0.434896 0.133125 0.078750
2 0.460156 0.437500 0.082500 0.120000
2 0.581250 0.388542 0.033750 0.020000
2 0.417187 0.389583 0.033750 0.030000
2 0.510938 0.375521 0.031875 0.036250
2 0.378125 0.365104 0.035625 0.026250
2 0.453516 0.368750 0.023438 0.040000
2 0.544141 0.378646 0.051562 0.073750
2 0.518750 0.326562 0.022500 0.046250
