2 0.039000 0.705000 0.078000 0.084000
2 0.024000 0.626250 0.048000 0.027000
2 0.027000 0.573750 0.054000 0.039000
2 0.066250 0.551250 0.057000 0.063000
2 0.016500 0.536250 0.033000 0.045000
2 0.201250 0.498750 0.063000 0.099000
2 0.093750 0.441250 0.051000 0.057000
2 0.140000 0.451250 0.084000 0.093000
2 0.166250 0.405000 0.039000 0.024000
2 0.103500 0.518750 0.207000 0.333000
2 0.113750 0.382500 0.075000 0.066000
2 0.186250 0.396250 0.117000 0.135000
2 0.185000 0.308750 0.084000 0.057000
2 0.012000 0.295000 0.024000 0.036000
2 0.222500 0.278750 0.042000 0.033000
2 0.281250 0.288750 0.081000 0.063000
2 0.228750 0.243750 0.159000 0.075000
2 0.342500 0.217500 0.054000 0.096000
2 0.018000 0.187500 0.036000 0.048000
2 0.228750 0.161250 0.201000 0.111000
2 0.085500 0.260000 0.171000 0.366000
2 0.107500 0.068750 0.084000 0.081000
2 0.217500 0.033750 0.090000 0.063000
2 0.027500 0.031500 0.036000 0.063000
