2 0.628516 0.995625 0.017813 0.008750
2 0.893750 0.991875 0.024375 0.016250
2 0.868359 0.991875 0.012188 0.016250
2 0.556250 0.991875 0.022500 0.016250
2 0.161719 0.991250 0.018750 0.017500
2 0.823047 0.990625 0.014063 0.018750
2 0.124609 0.990104 0.019688 0.016250
2 0.312891 0.989375 0.015938 0.021250
2 0.142578 0.988750 0.023438 0.022500
2 0.475391 0.988125 0.019688 0.023750
2 0.766406 0.987500 0.009375 0.025000
2 0.326562 0.986250 0.015000 0.027500
2 0.900000 0.985938 0.022500 0.023750
2 0.842578 0.985625 0.021562 0.028750
2 0.821094 0.982812 0.016875 0.016250
2 0.671094 0.985625 0.016875 0.028750
2 0.130469 0.975521 0.018750 0.011250
2 0.947656 0.973437 0.013125 0.013750
2 0.755469 0.976562 0.020625 0.021250
2 0.704688 0.980625 0.046875 0.038750
2 0.362500 0.972396 0.011250 0.016250
2 0.301172 0.970833 0.010312 0.017500
2 0.381250 0.971875 0.031875 0.027500
2 0.245703 0.964583 0.019688 0.012500
2 0.292187 0.967708 0.011250 0.025000
2 0.126172 0.961458 0.014063 0.015000
2 0.928125 0.964583 0.028125 0.027500
2 0.903125 0.956771 0.015000 0.018750
2 0.362500 0.958854 0.028125 0.023750
2 0.104688 0.967708 0.035625 0.052500
2 0.887891 0.947917 0.017813 0.015000
2 0.244922 0.949479 0.019688 0.018750
2 0.137500 0.947917 0.016875 0.015000
2 0.421094 0.948438 0.013125 0.018750
2 0.392188 0.961250 0.150000 0.077500
2 0.114062 0.948438 0.009375 0.031250
2 0.403516 0.942187 0.017813 0.018750
2 0.099219 0.941667 0.018750 0.017500
2 0.946094 0.960000 0.107813 0.080000
2 0.915625 0.940104 0.022500 0.028750
2 0.628125 0.931771 0.009375 0.013750
2 0.553516 0.934375 0.019688 0.020000
2 0.525391 0.929688 0.012188 0.016250
2 0.970703 0.929688 0.015938 0.018750
2 0.325000 0.928646 0.009375 0.016250
2 0.132422 0.930729 0.023438 0.021250
2 0.477734 0.927083 0.012188 0.015000
2 0.833203 0.923958 0.012188 0.010000
2 0.784375 0.937500 0.026250 0.045000
2 0.146094 0.931250 0.015000 0.032500
2 0.215234 0.926042 0.017813 0.025000
2 0.223047 0.919271 0.010312 0.011250
2 0.353125 0.921354 0.016875 0.018750
2 0.967969 0.915625 0.011250 0.010000
2 0.771875 0.916146 0.018750 0.011250
2 0.688281 0.929167 0.016875 0.042500
2 0.469922 0.944792 0.036562 0.082500
2 0.169141 0.945000 0.096562 0.110000
2 0.984062 0.921354 0.031875 0.046250
2 0.586328 0.940000 0.244688 0.120000
2 0.143359 0.908333 0.019688 0.025000
2 0.458203 0.899479 0.010312 0.016250
2 0.199219 0.902604 0.015000 0.026250
2 0.924219 0.909896 0.041250 0.048750
2 0.637891 0.894792 0.015938 0.015000
2 0.095312 0.906771 0.016875 0.046250
2 0.956406 0.927083 0.087188 0.097500
2 0.531641 0.913021 0.059062 0.063750
2 0.208594 0.893229 0.018750 0.016250
2 0.342187 0.894792 0.020625 0.027500
2 0.248047 0.923438 0.096562 0.096250
2 0.921094 0.886458 0.015000 0.012500
2 0.010781 0.888542 0.021562 0.020000
2 0.581250 0.888542 0.016875 0.022500
2 0.394922 0.885938 0.012188 0.018750
2 0.122266 0.916146 0.053437 0.093750
2 0.995781 0.883854 0.008437 0.021250
2 0.596094 0.887500 0.018750 0.030000
2 0.944531 0.879687 0.011250 0.018750
2 0.643359 0.879167 0.017813 0.017500
2 0.781250 0.877604 0.011250 0.018750
2 0.142969 0.871354 0.011250 0.011250
2 0.093359 0.873958 0.012188 0.025000
2 0.161328 0.884896 0.045937 0.063750
2 0.367969 0.860417 0.016875 0.012500
2 0.240234 0.870313 0.017813 0.038750
2 0.271094 0.909375 0.185625 0.181250
2 0.098437 0.851562 0.007500 0.021250
2 0.282813 0.844271 0.011250 0.016250
2 0.816797 0.837500 0.015938 0.022500
2 0.143359 0.837500 0.012188 0.025000
2 0.111719 0.843750 0.022500 0.040000
2 0.194141 0.833333 0.012188 0.017500
2 0.121875 0.856250 0.054375 0.077500
2 0.596094 0.830729 0.016875 0.018750
2 0.705469 0.814583 0.015000 0.015000
2 0.717187 0.823438 0.018750 0.038750
2 0.577344 0.810417 0.028125 0.035000
2 0.493750 0.800000 0.011250 0.017500
2 0.714063 0.797917 0.018750 0.020000
2 0.257422 0.800000 0.010312 0.025000
2 0.250781 0.793750 0.013125 0.012500
2 0.244531 0.804688 0.028125 0.041250
2 0.480859 0.792188 0.017813 0.013750
2 0.202344 0.842187 0.135000 0.151250
2 0.585938 0.764062 0.015000 0.013750
2 0.235156 0.772396 0.022500 0.033750
2 0.731641 0.776042 0.059062 0.047500
2 0.562500 0.781250 0.050625 0.065000
2 0.153125 0.794271 0.112500 0.098750
2 0.361328 0.750521 0.014063 0.008750
2 0.748828 0.752083 0.023438 0.015000
2 0.520312 0.775521 0.046875 0.071250
2 0.241797 0.762500 0.025312 0.040000
2 0.535937 0.751563 0.026250 0.021250
2 0.137891 0.753125 0.038437 0.025000
2 0.992031 0.745313 0.015938 0.008750
2 0.664062 0.747917 0.011250 0.015000
2 0.349609 0.745313 0.010312 0.013750
2 0.519531 0.745833 0.013125 0.022500
2 0.813281 0.779687 0.073125 0.111250
2 0.653906 0.739583 0.009375 0.022500
2 0.135156 0.737500 0.015000 0.017500
2 0.517188 0.730729 0.013125 0.013750
2 0.529687 0.727083 0.013125 0.015000
2 0.548438 0.731771 0.028125 0.036250
2 0.169141 0.734896 0.036562 0.043750
2 0.053125 0.721875 0.009375 0.017500
2 0.341797 0.711458 0.015938 0.015000
2 0.168359 0.711979 0.019688 0.016250
2 0.203516 0.705729 0.015938 0.016250
2 0.185938 0.708333 0.020625 0.025000
2 0.579297 0.702604 0.008437 0.016250
2 0.016406 0.714583 0.032813 0.045000
2 0.332422 0.696875 0.027187 0.030000
2 0.022266 0.688021 0.021562 0.023750
2 0.860156 0.681771 0.018750 0.016250
2 0.222656 0.685937 0.037500 0.048750
2 0.620703 0.681771 0.027187 0.041250
2 0.863672 0.666667 0.015938 0.020000
2 0.713281 0.668750 0.024375 0.032500
2 0.991563 0.675521 0.016875 0.051250
2 0.159375 0.658854 0.016875 0.018750
2 0.267578 0.653646 0.019688 0.028750
2 0.983594 0.649479 0.024375 0.021250
2 0.033984 0.672396 0.038437 0.078750
2 0.257812 0.641667 0.015000 0.025000
2 0.993906 0.639583 0.012188 0.027500
2 0.873437 0.630208 0.016875 0.015000
2 0.017344 0.662500 0.034687 0.092500
2 0.588672 0.631250 0.014063 0.020000
2 0.569141 0.626042 0.012188 0.015000
2 0.205078 0.657813 0.044062 0.096250
2 0.981641 0.623958 0.010312 0.017500
2 0.475000 0.619792 0.013125 0.012500
2 0.743359 0.654167 0.053437 0.100000
2 0.671484 0.630729 0.045937 0.046250
2 0.867969 0.617188 0.011250 0.018750
2 0.057031 0.627604 0.030000 0.053750
2 0.211719 0.613021 0.016875 0.023750
2 0.880078 0.611458 0.014063 0.022500
2 0.703906 0.623958 0.050625 0.060000
2 0.766016 0.758750 0.218437 0.482500
2 0.653125 0.608854 0.022500 0.033750
2 0.173437 0.664583 0.101250 0.177500
2 0.352344 0.601562 0.013125 0.031250
2 0.179688 0.596354 0.024375 0.026250
2 0.412109 0.592708 0.017813 0.022500
2 0.660547 0.590625 0.019688 0.025000
2 0.062109 0.593750 0.025312 0.037500
2 0.268750 0.580208 0.015000 0.012500
2 0.831641 0.584375 0.014063 0.027500
2 0.038672 0.583333 0.023438 0.035000
2 0.678906 0.594792 0.035625 0.075000
2 0.547656 0.572396 0.015000 0.021250
2 0.950000 0.570312 0.011250 0.021250
2 0.562891 0.566667 0.017813 0.015000
2 0.413672 0.567708 0.012188 0.020000
2 0.549219 0.558854 0.018750 0.021250
2 0.054297 0.567187 0.036562 0.041250
2 0.570312 0.556250 0.015000 0.017500
2 0.558203 0.552604 0.014063 0.016250
2 0.897266 0.546875 0.015938 0.015000
2 0.710938 0.559375 0.039375 0.045000
2 0.590625 0.557292 0.028125 0.040000
2 0.978906 0.547917 0.007500 0.020000
2 0.572266 0.544271 0.019688 0.013750
2 0.812891 0.539583 0.014063 0.017500
2 0.703906 0.536458 0.018750 0.010000
2 0.977500 0.554688 0.045000 0.056250
2 0.345313 0.559375 0.048750 0.072500
2 0.829688 0.546354 0.022500 0.043750
2 0.037109 0.544792 0.027187 0.047500
2 0.858203 0.593750 0.096562 0.170000
2 0.190234 0.551042 0.038437 0.080000
2 0.296484 0.522917 0.012188 0.025000
2 0.285547 0.522396 0.017813 0.033750
2 0.657813 0.507292 0.011250 0.010000
2 0.361328 0.525521 0.053437 0.053750
2 0.466016 0.509375 0.012188 0.017500
2 0.269922 0.516146 0.019688 0.033750
2 0.202734 0.512500 0.019688 0.025000
2 0.681250 0.506250 0.013125 0.022500
2 0.994844 0.499479 0.010312 0.021250
2 0.554688 0.492708 0.022500 0.017500
2 0.538281 0.487500 0.011250 0.010000
2 0.983594 0.500000 0.032813 0.042500
2 0.753125 0.485417 0.007500 0.015000
2 0.936328 0.483333 0.014063 0.012500
2 0.968359 0.491146 0.025312 0.033750
2 0.680859 0.481250 0.010312 0.015000
2 0.947266 0.480729 0.010312 0.016250
2 0.889844 0.513542 0.067500 0.095000
2 0.231250 0.521875 0.060000 0.117500
2 0.777344 0.478125 0.022500 0.022500
2 0.662109 0.470833 0.008437 0.012500
2 0.522266 0.507812 0.104062 0.101250
2 0.472266 0.484375 0.021562 0.047500
2 0.439844 0.472917 0.016875 0.022500
2 0.448437 0.696250 0.684375 0.607500
2 0.358594 0.472396 0.031875 0.021250
2 0.549609 0.470313 0.017813 0.033750
2 0.896484 0.464583 0.021562 0.025000
2 0.407813 0.459896 0.026250 0.021250
2 0.837109 0.458854 0.010312 0.023750
2 0.351953 0.454688 0.014063 0.013750
2 0.688281 0.458333 0.011250 0.025000
2 0.459766 0.461979 0.032813 0.036250
2 0.241797 0.455208 0.029062 0.037500
2 0.671484 0.522917 0.135937 0.205000
2 0.771875 0.442708 0.016875 0.017500
2 0.739453 0.452083 0.032813 0.040000
2 0.986406 0.452083 0.027187 0.042500
2 0.754297 0.463021 0.057188 0.076250
2 0.638672 0.434896 0.015938 0.011250
2 0.570312 0.434896 0.009375 0.013750
2 0.282031 0.467187 0.071250 0.091250
2 0.262891 0.443750 0.030937 0.035000
2 0.237109 0.439583 0.019688 0.025000
2 0.279297 0.436458 0.015938 0.020000
2 0.330469 0.482812 0.071250 0.141250
2 0.710547 0.428646 0.010312 0.018750
2 0.918359 0.448958 0.036562 0.077500
2 0.644531 0.420833 0.013125 0.017500
2 0.954297 0.423958 0.014063 0.032500
2 0.861328 0.418750 0.027187 0.035000
2 0.053125 0.408333 0.007500 0.012500
2 0.867812 0.640000 0.264375 0.720000
2 0.504687 0.421875 0.041250 0.052500
2 0.235937 0.454688 0.086250 0.146250
2 0.650781 0.411458 0.033750 0.047500
2 0.500781 0.436458 0.101250 0.110000
2 0.979375 0.411979 0.041250 0.053750
2 0.632422 0.473438 0.179062 0.206250
2 0.241406 0.390625 0.011250 0.012500
2 0.596875 0.415104 0.091875 0.073750
2 0.554688 0.394792 0.028125 0.032500
2 0.323047 0.386458 0.019688 0.012500
2 0.446094 0.414583 0.033750 0.082500
2 0.541016 0.413021 0.053437 0.093750
2 0.614062 0.383854 0.031875 0.028750
2 0.673438 0.380729 0.030000 0.031250
2 0.541797 0.370312 0.014063 0.013750
2 0.675781 0.369792 0.011250 0.020000
2 0.316016 0.373437 0.021562 0.028750
2 0.558203 0.365625 0.010312 0.017500
2 0.521484 0.365104 0.015938 0.028750
2 0.857422 0.356250 0.014063 0.010000
2 0.448437 0.360417 0.016875 0.027500
2 0.125781 0.361979 0.020625 0.031250
2 0.477734 0.379688 0.089063 0.076250
2 0.617188 0.359896 0.022500 0.031250
2 0.094531 0.352083 0.011250 0.015000
2 0.005625 0.353125 0.011250 0.020000
2 0.357422 0.344792 0.017813 0.025000
2 0.026562 0.345313 0.030000 0.028750
2 0.619531 0.341146 0.020625 0.021250
2 0.519922 0.343229 0.029062 0.033750
2 0.641016 0.361458 0.045937 0.082500
2 0.489063 0.332292 0.011250 0.015000
2 0.628906 0.330208 0.018750 0.015000
2 0.084766 0.362500 0.087188 0.092500
2 0.032813 0.327083 0.013125 0.015000
2 0.009766 0.324479 0.015938 0.013750
2 0.285156 0.324479 0.015000 0.021250
2 0.425000 0.314063 0.013125 0.018750
2 0.588281 0.310937 0.009375 0.013750
2 0.395703 0.318750 0.036562 0.035000
2 0.289453 0.307812 0.010312 0.011250
2 0.856641 0.303646 0.014063 0.018750
2 0.014844 0.311458 0.022500 0.040000
2 0.957031 0.303646 0.013125 0.023750
2 0.405469 0.298958 0.022500 0.015000
2 0.031641 0.307812 0.019688 0.043750
2 0.587891 0.295833 0.012188 0.020000
2 0.386328 0.300000 0.038437 0.035000
2 0.319141 0.293229 0.017813 0.021250
2 0.018281 0.290104 0.036562 0.023750
2 0.561719 0.288021 0.013125 0.026250
2 0.908203 0.282292 0.023438 0.025000
2 0.628125 0.278646 0.020625 0.016250
2 0.653906 0.276562 0.015000 0.018750
2 0.285156 0.292708 0.063750 0.060000
2 0.011719 0.274479 0.023438 0.016250
2 0.575391 0.284896 0.019688 0.046250
2 0.923828 0.280208 0.015938 0.037500
2 0.903516 0.267188 0.017813 0.013750
2 0.303516 0.268229 0.014063 0.016250
2 0.294531 0.272917 0.015000 0.027500
2 0.506641 0.304688 0.113437 0.106250
2 0.426563 0.264583 0.007500 0.015000
2 0.626563 0.265625 0.013125 0.020000
2 0.917969 0.263542 0.015000 0.017500
2 0.605078 0.264583 0.012188 0.020000
2 0.445312 0.256250 0.016875 0.015000
2 0.049609 0.247396 0.012188 0.013750
2 0.007969 0.250521 0.015938 0.021250
2 0.022031 0.253125 0.044062 0.035000
2 0.414844 0.247396 0.018750 0.028750
2 0.952344 0.244271 0.031875 0.026250
2 0.403125 0.263021 0.043125 0.071250
2 0.430078 0.245833 0.017813 0.032500
2 0.637891 0.251042 0.027187 0.057500
2 0.958203 0.233333 0.014063 0.020000
2 0.012188 0.234375 0.024375 0.030000
2 0.538672 0.235937 0.014063 0.036250
2 0.994844 0.229687 0.010312 0.028750
2 0.557813 0.243750 0.050625 0.077500
2 0.541016 0.213542 0.010312 0.022500
2 0.471484 0.207292 0.010312 0.015000
2 0.992500 0.206250 0.015000 0.015000
2 0.955859 0.202083 0.019688 0.027500
2 0.303906 0.191146 0.018750 0.028750
2 0.577734 0.181250 0.014063 0.010000
2 0.947266 0.183333 0.014063 0.017500
2 0.317188 0.185417 0.011250 0.022500
2 0.910156 0.177083 0.011250 0.012500
2 0.843750 0.165104 0.016875 0.021250
2 0.345313 0.308333 0.273750 0.375000
2 0.381250 0.205208 0.187500 0.142500
2 0.486719 0.150000 0.009375 0.012500
2 0.449609 0.150521 0.015938 0.016250
2 0.434766 0.151042 0.014063 0.020000
2 0.497656 0.151562 0.015000 0.023750
2 0.891016 0.146354 0.025312 0.018750
2 0.913281 0.154688 0.050625 0.041250
2 0.509766 0.143229 0.014063 0.013750
2 0.482031 0.227604 0.166875 0.218750
2 0.621875 0.143229 0.007500 0.018750
2 0.569531 0.177083 0.088125 0.105000
2 0.611328 0.142187 0.015938 0.026250
2 0.691016 0.135937 0.015938 0.021250
2 0.265625 0.132292 0.013125 0.015000
2 0.727344 0.131250 0.016875 0.015000
2 0.736719 0.140104 0.022500 0.038750
2 0.875781 0.129688 0.011250 0.016250
2 0.273438 0.144271 0.035625 0.051250
2 0.794141 0.138542 0.025312 0.045000
2 0.494531 0.115625 0.018750 0.012500
2 0.054297 0.111979 0.010312 0.018750
2 0.901953 0.104688 0.010312 0.016250
2 0.500781 0.105208 0.011250 0.022500
2 0.216016 0.106771 0.015938 0.026250
2 0.226562 0.095833 0.011250 0.020000
2 0.956641 0.105729 0.070312 0.048750
2 0.611719 0.090104 0.015000 0.011250
2 0.364063 0.091146 0.011250 0.013750
2 0.925000 0.085417 0.015000 0.020000
2 0.238281 0.086458 0.015000 0.022500
2 0.942969 0.086458 0.028125 0.037500
2 0.327344 0.081250 0.030000 0.025000
2 0.357812 0.071354 0.013125 0.011250
2 0.980781 0.082812 0.038437 0.041250
2 0.939063 0.067187 0.020625 0.016250
2 0.918359 0.072917 0.032813 0.030000
2 0.960547 0.072396 0.023438 0.033750
2 0.598828 0.063021 0.012188 0.011250
2 0.314453 0.067708 0.015938 0.027500
2 0.447656 0.061458 0.009375 0.015000
2 0.628516 0.071354 0.044062 0.046250
2 0.995313 0.053125 0.009375 0.012500
2 0.196484 0.051042 0.021562 0.017500
2 0.970938 0.057292 0.058125 0.042500
2 0.308203 0.043750 0.023438 0.027500
2 0.632422 0.046354 0.019688 0.038750
2 0.322656 0.038021 0.024375 0.018750
2 0.421875 0.031250 0.011250 0.015000
2 0.270313 0.029167 0.013125 0.015000
2 0.212891 0.032292 0.012188 0.037500
2 0.351953 0.023958 0.015938 0.020000
2 0.759375 0.019792 0.013125 0.012500
2 0.535937 0.020313 0.018750 0.013750
2 0.946094 0.022396 0.011250 0.021250
2 0.510938 0.021875 0.011250 0.022500
2 0.665234 0.016146 0.012188 0.011250
2 0.862109 0.017708 0.010312 0.017500
2 0.703906 0.016667 0.011250 0.025000
2 0.941016 0.010937 0.012188 0.016250
2 0.953906 0.007292 0.013125 0.012500
2 0.634375 0.009375 0.016875 0.017500
2 0.976562 0.028125 0.046875 0.056250
2 0.919141 0.014375 0.034687 0.028750
2 0.772656 0.008125 0.020625 0.016250
2 0.750391 0.012500 0.029062 0.025000
2 0.619141 0.011875 0.030937 0.023750
2 0.424219 0.011875 0.020625 0.023750
2 0.396094 0.039375 0.101250 0.078750
2 0.334375 0.020000 0.037500 0.040000
2 0.531250 0.371250 0.937500 0.742500
2 0.221484 0.015000 0.034687 0.030000
2 0.196094 0.010000 0.024375 0.020000
2 0.055469 0.011250 0.016875 0.022500
2 0.170156 0.600000 0.340312 1.000000
2 0.011719 0.028125 0.023438 0.056250
