2 0.801250 0.989500 0.045000 0.021000
2 0.837500 0.980500 0.042000 0.039000
2 0.021000 0.976000 0.042000 0.048000
2 0.256250 0.975000 0.039000 0.048000
2 0.685000 0.962500 0.048000 0.036000
2 0.946000 0.967000 0.108000 0.066000
2 0.443750 0.956250 0.027000 0.027000
2 0.777500 0.960000 0.072000 0.054000
2 0.477500 0.953750 0.048000 0.051000
2 0.821250 0.946250 0.033000 0.039000
2 0.178750 0.958000 0.057000 0.084000
2 0.855000 0.942500 0.036000 0.060000
2 0.503750 0.946000 0.123000 0.108000
2 0.125000 0.926250 0.054000 0.045000
2 0.095000 0.944500 0.132000 0.111000
2 0.968750 0.923750 0.045000 0.045000
2 0.406250 0.907500 0.057000 0.036000
2 0.312500 0.935500 0.252000 0.129000
2 0.306250 0.896250 0.045000 0.033000
2 0.902500 0.932500 0.090000 0.126000
2 0.226250 0.896250 0.051000 0.045000
2 0.931250 0.898750 0.027000 0.057000
2 0.962500 0.887500 0.042000 0.036000
2 0.337500 0.881250 0.042000 0.039000
2 0.041250 0.898750 0.045000 0.093000
2 0.120000 0.881250 0.066000 0.057000
2 0.182500 0.890000 0.078000 0.102000
2 0.667500 0.914500 0.264000 0.171000
2 0.900000 0.850000 0.054000 0.024000
2 0.352500 0.858750 0.054000 0.069000
2 0.060000 0.850000 0.084000 0.060000
2 0.136250 0.838750 0.033000 0.045000
2 0.317500 0.836250 0.060000 0.051000
2 0.100000 0.818750 0.060000 0.021000
2 0.431250 0.813750 0.051000 0.051000
2 0.052500 0.808750 0.048000 0.045000
2 0.625000 0.803750 0.048000 0.045000
2 0.467500 0.801250 0.036000 0.039000
2 0.868750 0.841250 0.105000 0.147000
2 0.767500 0.860000 0.186000 0.204000
2 0.175000 0.805000 0.060000 0.084000
2 0.483750 0.765000 0.045000 0.048000
2 0.153750 0.762500 0.099000 0.072000
2 0.256250 0.745000 0.093000 0.090000
2 0.341250 0.788750 0.231000 0.213000
2 0.302500 0.722500 0.138000 0.084000
2 0.223750 0.693750 0.045000 0.033000
2 0.946000 0.775000 0.108000 0.234000
2 0.432500 0.703750 0.054000 0.063000
2 0.495000 0.713750 0.132000 0.099000
2 0.265000 0.691250 0.048000 0.051000
2 0.157500 0.701250 0.120000 0.111000
2 0.505000 0.660000 0.042000 0.036000
2 0.573750 0.670000 0.033000 0.078000
2 0.958000 0.662500 0.084000 0.072000
2 0.717500 0.631250 0.042000 0.021000
2 0.673750 0.633750 0.045000 0.033000
2 0.533750 0.635000 0.051000 0.042000
2 0.382500 0.647500 0.102000 0.078000
2 0.920000 0.637500 0.030000 0.066000
2 0.222500 0.633750 0.078000 0.057000
2 0.060000 0.616250 0.060000 0.021000
2 0.948750 0.607500 0.057000 0.048000
2 0.226250 0.598750 0.051000 0.033000
2 0.090000 0.688750 0.180000 0.249000
2 0.467500 0.633750 0.090000 0.129000
2 0.786250 0.707500 0.363000 0.312000
2 0.721250 0.600000 0.063000 0.054000
2 0.977500 0.581250 0.045000 0.039000
2 0.547500 0.592500 0.108000 0.066000
2 0.915000 0.593750 0.072000 0.075000
2 0.775000 0.578750 0.114000 0.075000
2 0.551250 0.717500 0.417000 0.450000
2 0.847500 0.570000 0.090000 0.102000
2 0.360000 0.608750 0.270000 0.195000
2 0.290000 0.543750 0.042000 0.069000
2 0.031250 0.523750 0.033000 0.045000
2 0.351250 0.491250 0.021000 0.033000
2 0.858750 0.501250 0.117000 0.099000
2 0.856250 0.457500 0.051000 0.054000
2 0.817500 0.433750 0.072000 0.057000
2 0.497500 0.407500 0.042000 0.036000
2 0.091250 0.388750 0.057000 0.045000
2 0.470000 0.373750 0.036000 0.039000
2 0.168000 0.473750 0.336000 0.327000
2 0.523750 0.357500 0.051000 0.060000
2 0.028750 0.365000 0.033000 0.090000
2 0.468750 0.310000 0.051000 0.054000
2 0.727500 0.303750 0.036000 0.045000
2 0.868750 0.258750 0.033000 0.027000
2 0.156250 0.240000 0.033000 0.042000
2 0.106250 0.232500 0.033000 0.048000
2 0.060000 0.227500 0.120000 0.096000
2 0.443750 0.180000 0.033000 0.036000
2 0.115000 0.185000 0.072000 0.060000
2 0.380000 0.150000 0.042000 0.024000
2 0.067500 0.161250 0.048000 0.051000
2 0.022500 0.163750 0.045000 0.063000
2 0.397500 0.178750 0.120000 0.105000
2 0.258750 0.143750 0.045000 0.027000
2 0.513750 0.158750 0.105000 0.081000
2 0.578750 0.133750 0.057000 0.039000
2 0.137500 0.117500 0.030000 0.042000
2 0.873750 0.120000 0.039000 0.054000
2 0.508750 0.116250 0.051000 0.045000
2 0.770000 0.098750 0.036000 0.021000
2 0.230000 0.105000 0.042000 0.036000
2 0.268750 0.102500 0.033000 0.060000
2 0.917500 0.121250 0.165000 0.123000
2 0.556250 0.086250 0.069000 0.039000
2 0.470000 0.087500 0.132000 0.066000
2 0.276000 0.283750 0.552000 0.537000
2 0.901250 0.072500 0.075000 0.060000
2 0.614500 0.310500 0.771000 0.621000
2 0.772500 0.063750 0.030000 0.051000
2 0.575000 0.057500 0.060000 0.036000
2 0.238750 0.060000 0.129000 0.066000
2 0.986500 0.016500 0.027000 0.033000
2 0.815500 0.063000 0.369000 0.126000
2 0.641250 0.060000 0.099000 0.120000
2 0.568750 0.024000 0.057000 0.048000
2 0.482500 0.040500 0.168000 0.081000
2 0.403750 0.024000 0.057000 0.048000
2 0.335000 0.052500 0.204000 0.105000
2 0.185000 0.030000 0.036000 0.060000
2 0.071250 0.028500 0.039000 0.057000
2 0.159000 0.141000 0.318000 0.282000
