2 0.195000 0.955000 0.060000 0.090000
2 0.028500 0.953500 0.057000 0.093000
2 0.528750 0.943000 0.123000 0.114000
2 0.298750 0.943000 0.117000 0.114000
2 0.450000 0.925000 0.048000 0.066000
2 0.106250 0.833750 0.045000 0.021000
2 0.525000 0.848750 0.168000 0.147000
2 0.192500 0.673750 0.126000 0.087000
2 0.317500 0.492500 0.042000 0.048000
2 0.158750 0.465000 0.057000 0.030000
2 0.021000 0.438750 0.042000 0.093000
2 0.307500 0.599500 0.615000 0.801000
2 0.142500 0.320000 0.096000 0.096000
2 0.248750 0.291250 0.201000 0.171000
