2 0.414844 0.758854 0.024375 0.038750
2 0.391406 0.766667 0.054375 0.075000
2 0.377344 0.742188 0.016875 0.018750
2 0.468359 0.736458 0.036562 0.025000
2 0.503906 0.735417 0.035625 0.035000
2 0.397266 0.725521 0.010312 0.016250
2 0.358984 0.735417 0.021562 0.047500
2 0.379297 0.723437 0.027187 0.041250
2 0.476953 0.710417 0.017813 0.030000
2 0.494531 0.706250 0.018750 0.027500
2 0.411719 0.713021 0.022500 0.051250
2 0.428906 0.707812 0.020625 0.046250
2 0.455469 0.704167 0.024375 0.045000
2 0.532422 0.702083 0.090937 0.042500
2 0.478516 0.690104 0.014063 0.016250
2 0.322656 0.700521 0.022500 0.048750
2 0.378516 0.693229 0.025312 0.046250
2 0.502344 0.677604 0.030000 0.038750
2 0.594531 0.666667 0.031875 0.037500
2 0.502734 0.652083 0.014063 0.010000
2 0.467578 0.675521 0.036562 0.073750
2 0.382031 0.660417 0.031875 0.040000
2 0.401562 0.653125 0.015000 0.025000
2 0.493750 0.648438 0.018750 0.026250
2 0.509766 0.639062 0.019688 0.026250
2 0.431641 0.642188 0.025312 0.033750
2 0.343750 0.646875 0.026250 0.045000
2 0.543359 0.652083 0.072187 0.067500
2 0.582031 0.635938 0.054375 0.048750
2 0.651563 0.625000 0.026250 0.045000
2 0.529687 0.625521 0.022500 0.046250
2 0.565234 0.606250 0.023438 0.047500
2 0.627344 0.604167 0.037500 0.047500
2 0.328516 0.596875 0.032813 0.032500
2 0.449219 0.600521 0.052500 0.053750
2 0.666406 0.590625 0.031875 0.037500
2 0.623047 0.582292 0.029062 0.017500
2 0.542578 0.592708 0.025312 0.047500
2 0.393750 0.619792 0.073125 0.142500
2 0.567578 0.577083 0.015938 0.050000
2 0.477734 0.608854 0.089063 0.128750
2 0.645312 0.567187 0.026250 0.038750
2 0.547266 0.560937 0.025312 0.026250
2 0.524609 0.559375 0.030937 0.037500
2 0.566406 0.551562 0.018750 0.021250
2 0.455469 0.559375 0.099375 0.067500
2 0.521484 0.544792 0.017813 0.037500
2 0.608203 0.576562 0.062812 0.116250
2 0.553125 0.535937 0.013125 0.026250
2 0.573438 0.535417 0.007500 0.027500
2 0.433984 0.529167 0.044062 0.037500
2 0.367969 0.557813 0.063750 0.113750
2 0.335156 0.516667 0.031875 0.042500
2 0.603125 0.516146 0.030000 0.043750
2 0.297266 0.505729 0.038437 0.031250
2 0.421094 0.501563 0.020625 0.023750
2 0.617188 0.502604 0.020625 0.031250
2 0.546094 0.498437 0.024375 0.038750
2 0.458594 0.497917 0.063750 0.040000
2 0.575391 0.535417 0.049687 0.150000
2 0.373437 0.488542 0.026250 0.037500
2 0.592969 0.481771 0.026250 0.023750
2 0.468750 0.476042 0.033750 0.022500
2 0.404297 0.502604 0.023438 0.086250
2 0.503516 0.470833 0.032813 0.035000
2 0.552344 0.466667 0.035625 0.037500
2 0.605469 0.464062 0.028125 0.041250
2 0.338281 0.471354 0.060000 0.068750
2 0.496484 0.496354 0.109688 0.138750
2 0.376563 0.455208 0.022500 0.045000
2 0.452344 0.455729 0.045000 0.066250
2 0.507422 0.436979 0.032813 0.031250
2 0.483203 0.438542 0.029062 0.042500
2 0.522656 0.423438 0.020625 0.028750
2 0.347266 0.420833 0.015938 0.045000
2 0.442969 0.428125 0.033750 0.065000
2 0.541406 0.415625 0.035625 0.042500
2 0.488672 0.402604 0.032813 0.031250
2 0.413672 0.411458 0.062812 0.092500
2 0.550781 0.381771 0.018750 0.031250
2 0.509375 0.374479 0.016875 0.043750
2 0.589453 0.404167 0.087188 0.122500
2 0.441406 0.362500 0.016875 0.042500
2 0.455859 0.347917 0.032813 0.030000
2 0.553516 0.347917 0.027187 0.047500
2 0.429297 0.336458 0.021562 0.035000
2 0.517578 0.360938 0.072187 0.106250
2 0.464062 0.329167 0.035625 0.042500
2 0.444531 0.299479 0.022500 0.038750
