2 0.335547 0.988750 0.017813 0.022500
2 0.899687 0.867500 0.200625 0.265000
2 0.484766 0.722917 0.032813 0.032500
2 0.510938 0.722396 0.022500 0.051250
2 0.482422 0.683854 0.104062 0.051250
2 0.500391 0.632292 0.014063 0.010000
2 0.391016 0.627083 0.025312 0.025000
2 0.404687 0.648438 0.170625 0.146250
2 0.493359 0.609375 0.023438 0.065000
2 0.325000 0.609375 0.026250 0.075000
2 0.356641 0.579688 0.044062 0.023750
2 0.554688 0.586979 0.045000 0.051250
2 0.297266 0.571875 0.017813 0.015000
2 0.498047 0.614583 0.100312 0.132500
2 0.548438 0.561979 0.009375 0.021250
2 0.533984 0.560937 0.021562 0.026250
2 0.195937 0.735000 0.391875 0.530000
2 0.480469 0.548438 0.048750 0.038750
2 0.334375 0.533333 0.058125 0.035000
2 0.263281 0.561458 0.060000 0.105000
2 0.296875 0.547396 0.063750 0.103750
2 0.497266 0.526042 0.051562 0.077500
2 0.308594 0.502604 0.020625 0.048750
2 0.514844 0.480729 0.020625 0.013750
2 0.430469 0.478125 0.018750 0.017500
2 0.251563 0.477083 0.028125 0.037500
2 0.337109 0.492188 0.051562 0.083750
2 0.409375 0.530208 0.159375 0.205000
2 0.292187 0.462500 0.022500 0.045000
2 0.487109 0.478646 0.053437 0.088750
2 0.468359 0.445312 0.021562 0.036250
2 0.505859 0.442188 0.027187 0.041250
2 0.350781 0.464062 0.080625 0.136250
2 0.450781 0.443229 0.082500 0.091250
2 0.400391 0.426563 0.051562 0.063750
2 0.307812 0.416146 0.020625 0.043750
2 0.550391 0.485938 0.087188 0.226250
2 0.389062 0.391667 0.020625 0.042500
2 0.350781 0.372396 0.035625 0.031250
2 0.514844 0.376563 0.063750 0.046250
2 0.455859 0.381771 0.055313 0.076250
2 0.503125 0.344792 0.028125 0.025000
2 0.534766 0.336458 0.030937 0.027500
2 0.385937 0.356250 0.084375 0.075000
2 0.334375 0.333333 0.031875 0.037500
2 0.409766 0.323437 0.025312 0.038750
2 0.794219 0.277500 0.411562 0.555000
2 0.100312 0.132500 0.200625 0.265000
