2 0.039000 0.962500 0.078000 0.075000
2 0.931000 0.916000 0.138000 0.168000
2 0.436250 0.901250 0.135000 0.117000
2 0.725000 0.902500 0.168000 0.195000
2 0.735000 0.805000 0.060000 0.030000
2 0.755000 0.780000 0.066000 0.024000
2 0.448750 0.853000 0.507000 0.294000
2 0.772500 0.795000 0.102000 0.102000
2 0.196250 0.842500 0.201000 0.216000
2 0.688750 0.771250 0.105000 0.153000
2 0.668750 0.725000 0.063000 0.042000
2 0.889000 0.818750 0.222000 0.273000
2 0.919000 0.721250 0.162000 0.075000
2 0.287500 0.686250 0.024000 0.027000
2 0.382500 0.722500 0.462000 0.288000
2 0.768750 0.665000 0.093000 0.180000
2 0.496250 0.611250 0.213000 0.135000
2 0.830000 0.627500 0.078000 0.180000
2 0.833750 0.531250 0.051000 0.033000
2 0.921250 0.577500 0.129000 0.204000
2 0.962500 0.486250 0.075000 0.159000
2 0.831250 0.398750 0.033000 0.045000
2 0.506250 0.446250 0.207000 0.159000
2 0.473750 0.336250 0.033000 0.057000
2 0.626250 0.307500 0.069000 0.102000
2 0.950000 0.281250 0.030000 0.069000
2 0.820000 0.236250 0.090000 0.033000
2 0.742500 0.383750 0.504000 0.477000
2 0.971500 0.217500 0.057000 0.096000
2 0.770000 0.171250 0.150000 0.135000
2 0.716250 0.116250 0.033000 0.039000
2 0.468750 0.260000 0.339000 0.456000
2 0.578750 0.086250 0.039000 0.057000
2 0.360000 0.143750 0.168000 0.219000
2 0.620000 0.077500 0.036000 0.066000
2 0.943000 0.027000 0.114000 0.054000
2 0.840000 0.058500 0.204000 0.117000
2 0.613750 0.117000 0.285000 0.234000
