2 0.334375 0.798438 0.037500 0.078750
2 0.564063 0.746875 0.015000 0.022500
2 0.448828 0.751563 0.034687 0.078750
2 0.662109 0.726562 0.064687 0.043750
2 0.270313 0.741667 0.035625 0.082500
2 0.676562 0.709375 0.016875 0.015000
2 0.394922 0.797396 0.115312 0.243750
2 0.535937 0.713021 0.035625 0.056250
2 0.672266 0.675521 0.012188 0.011250
2 0.368750 0.671354 0.050625 0.063750
2 0.451562 0.642188 0.009375 0.018750
2 0.687891 0.625521 0.027187 0.013750
2 0.303516 0.651563 0.038437 0.078750
2 0.582422 0.642708 0.044062 0.060000
2 0.706250 0.650521 0.110625 0.121250
2 0.620313 0.614062 0.037500 0.078750
2 0.826562 0.609896 0.041250 0.073750
2 0.711719 0.583333 0.013125 0.017500
2 0.358203 0.565625 0.015938 0.015000
2 0.773438 0.558333 0.011250 0.022500
2 0.276172 0.567187 0.053437 0.056250
2 0.852734 0.556250 0.055313 0.070000
2 0.641016 0.556771 0.042188 0.081250
2 0.687891 0.519792 0.008437 0.015000
2 0.406641 0.603125 0.164062 0.235000
2 0.816406 0.513542 0.043125 0.067500
2 0.327344 0.524479 0.065625 0.128750
2 0.764062 0.456771 0.007500 0.018750
2 0.782031 0.480729 0.035625 0.081250
2 0.621484 0.436458 0.019688 0.037500
2 0.367578 0.452604 0.038437 0.081250
2 0.746484 0.417187 0.012188 0.026250
2 0.216406 0.409375 0.009375 0.015000
2 0.663672 0.408854 0.006563 0.018750
2 0.284766 0.431250 0.047812 0.075000
2 0.219531 0.410938 0.060000 0.053750
2 0.436328 0.455729 0.042188 0.166250
2 0.292969 0.361979 0.011250 0.016250
2 0.349609 0.380208 0.042188 0.065000
2 0.746094 0.399479 0.090000 0.121250
2 0.645312 0.584375 0.399375 0.565000
2 0.316797 0.343229 0.006563 0.018750
2 0.567187 0.335938 0.018750 0.016250
2 0.617188 0.328125 0.013125 0.015000
2 0.568750 0.319792 0.016875 0.022500
2 0.289453 0.353125 0.100312 0.122500
2 0.660547 0.309375 0.017813 0.022500
2 0.354297 0.323437 0.036562 0.078750
2 0.631250 0.297917 0.013125 0.022500
2 0.695703 0.296354 0.017813 0.021250
2 0.646484 0.305208 0.014063 0.045000
2 0.736719 0.322396 0.075000 0.111250
2 0.538672 0.294792 0.049687 0.075000
2 0.703125 0.268229 0.024375 0.036250
2 0.303125 0.265104 0.028125 0.081250
2 0.480469 0.298958 0.086250 0.170000
2 0.546875 0.231771 0.056250 0.056250
2 0.416797 0.248438 0.105937 0.163750
2 0.733203 0.242708 0.122812 0.167500
2 0.696484 0.164062 0.034687 0.046250
2 0.442578 0.115625 0.036562 0.062500
2 0.579688 0.378646 0.320625 0.718750
2 0.490625 0.131771 0.091875 0.143750
2 0.468359 0.050521 0.038437 0.066250
