2 0.581250 0.807813 0.054375 0.048750
2 0.674219 0.766146 0.082500 0.053750
2 0.732422 0.757812 0.057188 0.053750
2 0.548438 0.734375 0.063750 0.040000
2 0.476953 0.727083 0.059062 0.047500
2 0.348828 0.722396 0.044062 0.068750
2 0.667578 0.715625 0.137813 0.067500
2 0.621875 0.676042 0.015000 0.025000
2 0.597266 0.678646 0.057188 0.043750
2 0.716016 0.677604 0.109688 0.073750
2 0.398438 0.667188 0.043125 0.066250
2 0.495703 0.659896 0.075938 0.103750
2 0.705078 0.631250 0.059062 0.037500
2 0.348828 0.649479 0.059062 0.081250
2 0.543359 0.616146 0.023438 0.023750
2 0.467578 0.594792 0.062812 0.045000
2 0.362109 0.608854 0.055313 0.081250
2 0.589063 0.628646 0.146250 0.133750
2 0.414062 0.583333 0.058125 0.040000
2 0.311328 0.579167 0.055313 0.040000
2 0.704297 0.559375 0.044062 0.040000
2 0.379688 0.552604 0.054375 0.046250
2 0.749609 0.569792 0.109688 0.095000
2 0.712500 0.531250 0.011250 0.012500
2 0.631094 0.711875 0.737812 0.576250
2 0.732031 0.554167 0.076875 0.095000
2 0.807422 0.528646 0.083437 0.048750
2 0.460547 0.541667 0.096562 0.080000
2 0.511328 0.531250 0.117188 0.077500
2 0.517188 0.454167 0.041250 0.040000
2 0.516797 0.435937 0.038437 0.026250
2 0.737891 0.463542 0.145313 0.110000
2 0.381641 0.459375 0.107813 0.120000
2 0.789844 0.408854 0.018750 0.013750
2 0.310937 0.385937 0.035625 0.053750
2 0.812500 0.436458 0.084375 0.180000
2 0.709375 0.369792 0.067500 0.045000
2 0.749609 0.384896 0.094687 0.113750
2 0.667578 0.385937 0.070312 0.188750
2 0.290234 0.331250 0.038437 0.057500
2 0.500781 0.322917 0.041250 0.045000
2 0.449609 0.327083 0.053437 0.057500
2 0.813672 0.350521 0.107813 0.118750
2 0.556641 0.300521 0.012188 0.011250
2 0.352734 0.346354 0.062812 0.121250
2 0.557422 0.460938 0.359062 0.433750
2 0.481641 0.266146 0.012188 0.021250
2 0.701562 0.243750 0.018750 0.020000
2 0.714063 0.286979 0.153750 0.168750
2 0.751563 0.230729 0.013125 0.036250
2 0.784766 0.266667 0.117188 0.157500
2 0.430078 0.235417 0.156562 0.110000
2 0.862109 0.210417 0.045937 0.062500
2 0.754687 0.198958 0.052500 0.050000
2 0.800781 0.177604 0.041250 0.061250
2 0.850781 0.163021 0.071250 0.048750
2 0.579297 0.238542 0.375937 0.292500
2 0.952187 0.031875 0.095625 0.063750
2 0.395156 0.600000 0.790312 1.000000
