2 0.222375 0.837635 0.444750 0.324729
2 0.391562 0.703997 0.030750 0.042964
2 0.425312 0.691923 0.041250 0.033972
2 0.919000 0.803164 0.162000 0.393672
2 0.464375 0.689009 0.045000 0.060949
2 0.436875 0.665695 0.054000 0.028976
2 0.598437 0.661948 0.032250 0.027977
2 0.565937 0.658618 0.029250 0.027977
2 0.405313 0.659450 0.035250 0.037968
2 0.466562 0.648626 0.027750 0.037968
2 0.513125 0.648210 0.060000 0.040966
2 0.512813 0.632390 0.009750 0.012989
2 0.444375 0.630724 0.022500 0.044963
2 0.520625 0.618651 0.034500 0.027977
2 0.362812 0.620733 0.036750 0.048959
2 0.573438 0.622398 0.068250 0.054954
2 0.497812 0.614904 0.021750 0.036969
2 0.393437 0.592839 0.012750 0.009992
2 0.419375 0.589509 0.018000 0.017985
2 0.518750 0.588260 0.012000 0.016986
2 0.394688 0.570358 0.006750 0.017985
2 0.510938 0.582431 0.068250 0.048959
2 0.337500 0.577852 0.025500 0.047960
2 0.501250 0.561199 0.016500 0.009992
2 0.295625 0.569109 0.033000 0.032973
2 0.516563 0.554122 0.020250 0.016986
2 0.395625 0.547877 0.010500 0.013988
2 0.556250 0.560783 0.024000 0.046961
2 0.466250 0.542048 0.010500 0.011990
2 0.476250 0.537885 0.009000 0.011990
2 0.387188 0.545379 0.024750 0.033972
2 0.434063 0.557452 0.035250 0.064946
2 0.592187 0.566611 0.063750 0.088926
2 0.444375 0.572856 0.072000 0.109908
2 0.500000 0.539967 0.028500 0.034971
2 0.535625 0.550375 0.039000 0.065945
2 0.349062 0.537885 0.021750 0.037968
2 0.364063 0.523314 0.015750 0.006994
2 0.324688 0.525396 0.035250 0.023980
2 0.472187 0.519151 0.011250 0.012989
2 0.461562 0.513739 0.012750 0.011990
2 0.578125 0.511657 0.021000 0.010991
2 0.517813 0.527893 0.018750 0.051957
2 0.498125 0.508326 0.025500 0.012989
2 0.297500 0.516236 0.030000 0.031973
2 0.484375 0.508326 0.015000 0.014988
2 0.547500 0.504580 0.012000 0.009992
2 0.530000 0.506245 0.021000 0.013988
2 0.401250 0.551207 0.037500 0.123897
2 0.358750 0.508743 0.034500 0.027977
2 0.604062 0.520400 0.038250 0.061948
2 0.409375 0.502498 0.028500 0.026978
2 0.327813 0.505412 0.033750 0.035970
2 0.429375 0.501249 0.019500 0.027977
2 0.381250 0.491257 0.021000 0.021982
2 0.615000 0.492090 0.033000 0.029975
2 0.525937 0.485845 0.008250 0.016986
2 0.607812 0.485429 0.018750 0.019983
2 0.571875 0.480433 0.016500 0.011990
2 0.429063 0.482931 0.020250 0.021982
2 0.445000 0.478351 0.015000 0.012989
2 0.297187 0.477102 0.015750 0.009992
2 0.565937 0.479600 0.023250 0.027977
2 0.599375 0.478768 0.010500 0.027977
2 0.539375 0.470441 0.015000 0.015987
2 0.509062 0.470441 0.012750 0.015987
2 0.290312 0.467943 0.005250 0.011990
2 0.336875 0.465862 0.021000 0.012989
2 0.523438 0.469609 0.017250 0.023980
2 0.463438 0.462115 0.012750 0.009992
2 0.449062 0.456703 0.017250 0.014988
2 0.285938 0.476270 0.023250 0.061948
2 0.384062 0.455454 0.021750 0.013988
2 0.350000 0.461699 0.024000 0.036969
2 0.491875 0.451291 0.010500 0.013988
2 0.575937 0.449209 0.006750 0.016986
2 0.457188 0.444213 0.023250 0.014988
2 0.411250 0.462531 0.072000 0.058951
2 0.401875 0.448376 0.019500 0.024979
2 0.545000 0.454621 0.010500 0.041965
2 0.313437 0.456286 0.026250 0.045962
2 0.362812 0.445462 0.021750 0.027977
2 0.559688 0.439634 0.015750 0.015987
2 0.537813 0.447960 0.015750 0.035970
2 0.439375 0.439634 0.015000 0.021982
2 0.580937 0.433805 0.015750 0.027977
2 0.420938 0.416736 0.008250 0.008993
2 0.529687 0.419234 0.009750 0.016986
2 0.485938 0.422148 0.021750 0.025978
2 0.500000 0.415903 0.015000 0.024979
2 0.554375 0.416736 0.018000 0.032973
2 0.605313 0.440050 0.041250 0.092923
2 0.543750 0.416320 0.021000 0.043963
2 0.357187 0.414654 0.023250 0.043963
2 0.564063 0.398418 0.009750 0.010991
2 0.425000 0.417569 0.025500 0.060949
2 0.577812 0.404246 0.023250 0.030974
2 0.526875 0.394255 0.015000 0.022981
2 0.477187 0.385096 0.012750 0.010991
2 0.531563 0.386761 0.017250 0.022981
2 0.488125 0.378435 0.009000 0.016986
2 0.558750 0.380933 0.021000 0.024979
2 0.472500 0.400083 0.033000 0.070941
2 0.447188 0.394671 0.032250 0.061948
2 0.373125 0.379267 0.019500 0.044963
2 0.526250 0.360117 0.055500 0.044963
2 0.420000 0.362614 0.094500 0.064946
2 0.511250 0.340966 0.022500 0.028976
2 0.489063 0.329309 0.047250 0.028976
2 0.456875 0.332639 0.028500 0.036969
2 0.530000 0.325146 0.040500 0.030974
2 0.516563 0.300167 0.060750 0.034971
2 0.758125 0.176853 0.483750 0.353705
2 0.081000 0.197336 0.162000 0.394671
