2 0.994375 0.993125 0.011250 0.013750
2 0.900781 0.992708 0.013125 0.010000
2 0.536328 0.993125 0.010312 0.013750
2 0.521484 0.993125 0.010312 0.013750
2 0.958984 0.992708 0.015938 0.012500
2 0.308594 0.990625 0.015000 0.018750
2 0.912891 0.990000 0.019688 0.020000
2 0.251563 0.990000 0.045000 0.020000
2 0.382422 0.988750 0.014063 0.022500
2 0.547266 0.988125 0.023438 0.023750
2 0.462891 0.988125 0.044062 0.023750
2 0.216797 0.987500 0.012188 0.025000
2 0.605859 0.986875 0.055313 0.026250
2 0.505469 0.985625 0.028125 0.028750
2 0.489453 0.985417 0.017813 0.025000
2 0.202734 0.982292 0.017813 0.022500
2 0.742578 0.983125 0.034687 0.033750
2 0.144922 0.982292 0.025312 0.025000
2 0.904687 0.976562 0.011250 0.013750
2 0.355859 0.981875 0.029062 0.036250
2 0.379688 0.975000 0.007500 0.015000
2 0.746484 0.966667 0.019688 0.017500
2 0.617578 0.969792 0.042188 0.032500
2 0.786719 0.955729 0.013125 0.008750
2 0.776172 0.971250 0.047812 0.057500
2 0.762891 0.960417 0.015938 0.020000
2 0.588281 0.967708 0.022500 0.045000
2 0.291016 0.968750 0.085312 0.062500
2 0.742969 0.952604 0.009375 0.013750
2 0.330469 0.967500 0.031875 0.065000
2 0.527344 0.950521 0.030000 0.023750
2 0.470313 0.947917 0.030000 0.020000
2 0.237500 0.960625 0.061875 0.078750
2 0.438672 0.942187 0.010312 0.021250
2 0.768750 0.938542 0.026250 0.030000
2 0.317188 0.933333 0.013125 0.020000
2 0.436328 0.950625 0.105937 0.098750
2 0.430078 0.929167 0.019688 0.030000
2 0.401953 0.923438 0.023438 0.018750
2 0.380469 0.918229 0.013125 0.011250
2 0.373828 0.946250 0.104062 0.107500
2 0.200391 0.935937 0.032813 0.071250
2 0.626172 0.905729 0.014063 0.011250
2 0.534375 0.940000 0.127500 0.120000
2 0.529297 0.911458 0.021562 0.050000
2 0.610938 0.920833 0.069375 0.075000
2 0.250391 0.923438 0.087188 0.086250
2 0.646484 0.910417 0.034687 0.057500
2 0.213672 0.891146 0.014063 0.013750
2 0.164844 0.889062 0.011250 0.026250
2 0.386719 0.890625 0.022500 0.037500
2 0.619141 0.881771 0.029062 0.021250
2 0.292578 0.881250 0.012188 0.022500
2 0.983594 0.874479 0.013125 0.013750
2 0.203516 0.872917 0.010312 0.017500
2 0.092812 0.919375 0.185625 0.161250
2 0.117578 0.877604 0.017813 0.031250
2 0.099609 0.873958 0.021562 0.037500
2 0.217578 0.873437 0.034687 0.041250
2 0.004687 0.855729 0.009375 0.018750
2 0.715234 0.860938 0.030937 0.061250
2 0.572266 0.837500 0.008437 0.017500
2 0.327734 0.832292 0.023438 0.012500
2 0.213672 0.839583 0.017813 0.030000
2 0.191406 0.846354 0.037500 0.046250
2 0.509375 0.833333 0.009375 0.017500
2 0.555859 0.877083 0.164062 0.127500
2 0.605078 0.825000 0.014063 0.010000
2 0.169141 0.831250 0.015938 0.035000
2 0.275391 0.827604 0.032813 0.033750
2 0.255469 0.819271 0.024375 0.018750
2 0.364844 0.816146 0.016875 0.018750
2 0.534766 0.807292 0.014063 0.022500
2 0.382812 0.805208 0.011250 0.020000
2 0.461719 0.811979 0.026250 0.038750
2 0.074063 0.875000 0.148125 0.197500
2 0.981719 0.830729 0.036562 0.093750
2 0.985547 0.796875 0.010312 0.020000
2 0.554688 0.807813 0.031875 0.046250
2 0.454297 0.796875 0.015938 0.020000
2 0.025312 0.817708 0.050625 0.072500
2 0.225000 0.792188 0.018750 0.013750
2 0.311719 0.793750 0.011250 0.020000
2 0.382031 0.853125 0.120000 0.165000
2 0.073828 0.790625 0.014063 0.015000
2 0.297266 0.800521 0.025312 0.041250
2 0.632031 0.783854 0.013125 0.008750
2 0.137109 0.786458 0.008437 0.015000
2 0.315625 0.778646 0.011250 0.023750
2 0.072266 0.775521 0.010312 0.018750
2 0.541406 0.788542 0.037500 0.060000
2 0.641797 0.793750 0.075938 0.097500
2 0.623828 0.760417 0.015938 0.017500
2 0.392969 0.760938 0.009375 0.018750
2 0.959766 0.767188 0.034687 0.038750
2 0.668750 0.755729 0.011250 0.011250
2 0.131641 0.772396 0.042188 0.061250
2 0.493359 0.834375 0.085312 0.215000
2 0.966406 0.748958 0.011250 0.017500
2 0.225781 0.759375 0.015000 0.045000
2 0.655078 0.745313 0.017813 0.016250
2 0.354297 0.778646 0.105937 0.113750
2 0.281641 0.835417 0.160312 0.250000
2 0.256250 0.733333 0.018750 0.020000
2 0.480469 0.726562 0.011250 0.013750
2 0.190234 0.720313 0.014063 0.011250
2 0.049219 0.770833 0.098437 0.137500
2 0.349609 0.716146 0.012188 0.011250
2 0.234375 0.720313 0.030000 0.023750
2 0.552344 0.713021 0.015000 0.016250
2 0.039453 0.711458 0.015938 0.012500
2 0.326172 0.737500 0.040313 0.082500
2 0.417578 0.742188 0.059062 0.103750
2 0.995313 0.704688 0.009375 0.016250
2 0.405469 0.701562 0.015000 0.018750
2 0.426953 0.699479 0.012188 0.016250
2 0.321094 0.698438 0.026250 0.028750
2 0.615234 0.683333 0.012188 0.015000
2 0.273828 0.679167 0.012188 0.010000
2 0.625391 0.673958 0.012188 0.017500
2 0.506641 0.731771 0.098437 0.156250
2 0.550781 0.667188 0.016875 0.013750
2 0.462891 0.808854 0.111562 0.353750
2 0.308203 0.669271 0.015938 0.028750
2 0.319141 0.652083 0.010312 0.020000
2 0.474219 0.651563 0.016875 0.021250
2 0.482812 0.651042 0.015000 0.030000
2 0.662891 0.673438 0.045937 0.088750
2 0.044141 0.639062 0.010312 0.013750
2 0.492969 0.641146 0.011250 0.021250
2 0.023438 0.651563 0.046875 0.056250
2 0.520312 0.652083 0.050625 0.060000
2 0.516406 0.631250 0.011250 0.025000
2 0.641406 0.625521 0.016875 0.018750
2 0.444531 0.629687 0.020625 0.033750
2 0.504687 0.632292 0.022500 0.045000
2 0.430859 0.618229 0.010312 0.013750
2 0.594141 0.656771 0.107813 0.116250
2 0.060937 0.613021 0.028125 0.026250
2 0.046484 0.616146 0.030937 0.038750
2 0.619531 0.601042 0.015000 0.015000
2 0.466406 0.653646 0.084375 0.178750
2 0.701953 0.584375 0.029062 0.045000
2 0.489063 0.569271 0.013125 0.021250
2 0.483594 0.559375 0.013125 0.020000
2 0.698047 0.555729 0.012188 0.016250
2 0.024219 0.541667 0.020625 0.032500
2 0.670703 0.579167 0.053437 0.132500
2 0.696094 0.530208 0.015000 0.017500
2 0.710547 0.523958 0.044062 0.062500
2 0.668359 0.496354 0.021562 0.021250
2 0.528125 0.491667 0.009375 0.017500
2 0.084375 0.491667 0.011250 0.017500
2 0.657031 0.508333 0.039375 0.060000
2 0.022969 0.519792 0.045937 0.095000
2 0.009375 0.492708 0.018750 0.032500
2 0.680859 0.496875 0.062812 0.062500
2 0.750781 0.505729 0.054375 0.086250
2 0.683203 0.470833 0.021562 0.020000
2 0.993906 0.465104 0.012188 0.018750
2 0.422266 0.471354 0.032813 0.041250
2 0.687109 0.456771 0.012188 0.011250
2 0.675000 0.457292 0.015000 0.015000
2 0.471094 0.456771 0.015000 0.021250
2 0.450781 0.456771 0.016875 0.021250
2 0.011250 0.463021 0.022500 0.041250
2 0.435547 0.456771 0.021562 0.033750
2 0.633594 0.426563 0.015000 0.016250
2 0.816016 0.436979 0.042188 0.053750
2 0.817969 0.420312 0.009375 0.016250
2 0.117578 0.404167 0.021562 0.017500
2 0.564844 0.413542 0.097500 0.060000
2 0.130469 0.402083 0.026250 0.035000
2 0.046094 0.383333 0.011250 0.020000
2 0.051562 0.372917 0.013125 0.015000
2 0.551172 0.358854 0.010312 0.013750
2 0.087109 0.392708 0.105937 0.120000
2 0.064844 0.344271 0.011250 0.013750
2 0.561719 0.340625 0.022500 0.055000
2 0.580859 0.357292 0.040313 0.100000
2 0.130078 0.326562 0.014063 0.026250
2 0.189062 0.324479 0.026250 0.031250
2 0.603906 0.327083 0.016875 0.042500
2 0.175391 0.318750 0.014063 0.027500
2 0.200000 0.312500 0.013125 0.015000
2 0.019531 0.292708 0.011250 0.015000
2 0.090234 0.292708 0.015938 0.022500
2 0.669922 0.290104 0.019688 0.038750
2 0.925781 0.266667 0.009375 0.012500
2 0.233984 0.245312 0.014063 0.011250
2 0.074219 0.247396 0.020625 0.023750
2 0.018281 0.276042 0.036562 0.100000
2 0.689844 0.244271 0.026250 0.031250
2 0.148438 0.241146 0.026250 0.043750
2 0.205078 0.222396 0.023438 0.021250
2 0.181250 0.221875 0.030000 0.027500
2 0.234766 0.226562 0.023438 0.041250
2 0.316406 0.213542 0.009375 0.017500
2 0.250000 0.215104 0.011250 0.021250
2 0.055859 0.208854 0.006563 0.023750
2 0.203125 0.209375 0.007500 0.027500
2 0.191797 0.210417 0.019688 0.035000
2 0.081250 0.220833 0.028125 0.060000
2 0.008906 0.201563 0.017813 0.023750
2 0.056250 0.192708 0.011250 0.010000
2 0.723828 0.192188 0.015938 0.041250
2 0.411719 0.200000 0.056250 0.065000
2 0.122656 0.244792 0.106875 0.172500
2 0.124609 0.177083 0.012188 0.015000
2 0.046875 0.181250 0.013125 0.025000
2 0.415234 0.168229 0.019688 0.008750
2 0.220703 0.197396 0.077812 0.098750
2 0.426563 0.158333 0.016875 0.020000
2 0.128125 0.159375 0.022500 0.025000
2 0.155078 0.154167 0.014063 0.017500
2 0.064844 0.152604 0.016875 0.018750
2 0.066016 0.177604 0.066562 0.083750
2 0.247266 0.146875 0.012188 0.025000
2 0.721094 0.149479 0.033750 0.038750
2 0.538672 0.138542 0.006563 0.020000
2 0.547656 0.123958 0.013125 0.017500
2 0.184375 0.119271 0.013125 0.011250
2 0.197266 0.116146 0.014063 0.008750
2 0.572266 0.116667 0.006563 0.017500
2 0.170703 0.119792 0.019688 0.025000
2 0.252344 0.120313 0.020625 0.028750
2 0.183594 0.108854 0.011250 0.011250
2 0.235547 0.116667 0.023438 0.037500
2 0.202734 0.105729 0.023438 0.018750
2 0.267969 0.134375 0.056250 0.125000
2 0.026172 0.101042 0.027187 0.050000
2 0.242578 0.089063 0.019688 0.023750
2 0.022969 0.131771 0.045937 0.146250
2 0.387500 0.073958 0.013125 0.025000
2 0.627734 0.069792 0.012188 0.017500
2 0.024219 0.065104 0.020625 0.021250
2 0.675781 0.066667 0.041250 0.032500
2 0.060937 0.063021 0.016875 0.023750
2 0.664844 0.049479 0.033750 0.026250
2 0.800781 0.056250 0.026250 0.055000
2 0.146875 0.033854 0.011250 0.023750
2 0.848437 0.030208 0.020625 0.020000
2 0.029687 0.026042 0.007500 0.020000
2 0.017813 0.045833 0.035625 0.082500
2 0.681641 0.023958 0.045937 0.045000
2 0.401562 0.012500 0.015000 0.022500
2 0.923047 0.021250 0.034687 0.042500
2 0.851562 0.014375 0.011250 0.028750
2 0.835547 0.018750 0.027187 0.037500
2 0.740625 0.011875 0.026250 0.023750
2 0.674609 0.006875 0.015938 0.013750
2 0.659766 0.025625 0.029062 0.051250
2 0.634375 0.013750 0.045000 0.027500
2 0.543750 0.008750 0.015000 0.017500
2 0.222656 0.008750 0.011250 0.017500
2 0.135156 0.017500 0.028125 0.035000
2 0.600000 0.600000 1.000000 1.000000
2 0.012188 0.023125 0.024375 0.046250
