2 0.566562 0.960533 0.158250 0.078934
2 0.620313 0.926728 0.056250 0.059950
2 0.707812 0.915903 0.056250 0.055953
2 0.555000 0.908410 0.043500 0.075937
2 0.643437 0.880100 0.065250 0.047960
2 0.770000 0.873022 0.061500 0.048959
2 0.535000 0.873439 0.051000 0.057952
2 0.467187 0.844296 0.011250 0.013988
2 0.463125 0.817236 0.006000 0.012989
2 0.888750 0.801832 0.012000 0.011990
2 0.683125 0.823064 0.045000 0.078934
2 0.402187 0.804330 0.069750 0.049958
2 0.580937 0.788926 0.006750 0.018984
2 0.470625 0.786012 0.027000 0.037968
2 0.882500 0.798085 0.052500 0.072939
2 0.554688 0.770608 0.008250 0.020983
2 0.473750 0.764779 0.037500 0.030974
2 0.730313 0.793505 0.063750 0.137885
2 0.820000 0.761032 0.043500 0.083930
2 0.416563 0.718152 0.012750 0.008993
2 0.443437 0.718152 0.006750 0.014988
2 0.573125 0.716486 0.007500 0.016986
2 0.585313 0.731474 0.050250 0.066944
2 0.862812 0.728143 0.047250 0.072939
2 0.442500 0.702331 0.007500 0.014988
2 0.736563 0.708993 0.053250 0.066944
2 0.364063 0.671940 0.011250 0.007993
2 0.579375 0.681932 0.064500 0.047960
2 0.828750 0.663197 0.009000 0.018984
2 0.463125 0.680683 0.034500 0.072939
2 0.357187 0.676520 0.066750 0.064946
2 0.780937 0.664030 0.056250 0.050958
2 0.224250 0.783181 0.448500 0.433639
2 0.844063 0.670691 0.068250 0.104913
2 0.366563 0.626978 0.012750 0.011990
2 0.677500 0.656953 0.097500 0.127893
2 0.726875 0.639883 0.076500 0.130891
2 0.805625 0.613239 0.045000 0.068943
2 0.874375 0.609076 0.046500 0.064946
2 0.660312 0.599084 0.060750 0.048959
2 0.415000 0.614072 0.103500 0.088926
2 0.373125 0.573272 0.022500 0.034971
2 0.508125 0.557868 0.007500 0.009992
2 0.346562 0.556203 0.005250 0.015987
2 0.334688 0.547044 0.014250 0.009992
2 0.447500 0.562448 0.063000 0.060949
2 0.398438 0.542465 0.038250 0.032973
2 0.798438 0.534971 0.015750 0.016986
2 0.599063 0.534555 0.024750 0.019983
2 0.756563 0.526228 0.018750 0.019983
2 0.369688 0.524563 0.014250 0.023980
2 0.420312 0.488759 0.026250 0.013988
2 0.667188 0.519567 0.098250 0.095920
2 0.550625 0.478768 0.009000 0.017985
2 0.322500 0.470025 0.010500 0.010991
2 0.518125 0.478351 0.013500 0.044963
2 0.564688 0.464613 0.012750 0.027977
2 0.452500 0.452956 0.012000 0.009992
2 0.695625 0.489176 0.088500 0.098918
2 0.324688 0.451707 0.017250 0.022981
2 0.780000 0.497502 0.103500 0.136886
2 0.605000 0.442548 0.010500 0.018984
2 0.416563 0.438801 0.006750 0.013988
2 0.573125 0.444213 0.010500 0.030974
2 0.465000 0.435887 0.007500 0.016986
2 0.720000 0.456703 0.036000 0.074938
2 0.441875 0.448793 0.046500 0.065945
2 0.611563 0.430891 0.012750 0.028976
2 0.255625 0.445878 0.043500 0.082931
2 0.650000 0.433805 0.067500 0.057952
2 0.598125 0.445046 0.054000 0.086928
2 0.314688 0.432556 0.071250 0.060949
2 0.558750 0.397585 0.031500 0.016986
2 0.508437 0.629059 0.510750 0.592506
2 0.386250 0.380100 0.009000 0.014988
2 0.616875 0.393838 0.064500 0.053955
2 0.445625 0.376353 0.036000 0.019983
2 0.776250 0.389259 0.042000 0.060949
2 0.252188 0.376769 0.071250 0.054954
2 0.672500 0.372606 0.060000 0.060949
2 0.814375 0.374271 0.033000 0.070941
2 0.379375 0.456286 0.186000 0.267777
2 0.480938 0.380100 0.044250 0.094921
2 0.402187 0.359700 0.071250 0.051957
2 0.303750 0.370108 0.039000 0.078934
2 0.495312 0.338884 0.020250 0.019983
2 0.535312 0.342215 0.011250 0.031973
2 0.575625 0.305995 0.007500 0.018984
2 0.505625 0.294338 0.016500 0.008993
2 0.763437 0.321815 0.071250 0.100916
2 0.576562 0.284346 0.012750 0.018984
2 0.488438 0.276020 0.011250 0.008993
2 0.818438 0.295171 0.033750 0.074938
2 0.802188 0.265196 0.012750 0.012989
2 0.493750 0.219817 0.019500 0.011990
2 0.556562 0.278934 0.420750 0.255787
2 0.503750 0.215654 0.180000 0.105912
2 0.207187 0.114488 0.006750 0.022981
2 0.624062 0.098668 0.017250 0.012989
2 0.789250 0.194338 0.421500 0.388676
2 0.110250 0.213322 0.220500 0.426644
