2 0.575000 0.828125 0.043125 0.085000
2 0.626953 0.791667 0.014063 0.020000
2 0.602734 0.780208 0.015938 0.022500
2 0.580469 0.760417 0.037500 0.085000
2 0.551172 0.751563 0.034687 0.078750
2 0.337891 0.726042 0.064687 0.042500
2 0.729688 0.741667 0.035625 0.082500
2 0.323437 0.709375 0.016875 0.015000
2 0.635156 0.797396 0.110625 0.243750
2 0.463672 0.713021 0.034687 0.056250
2 0.327734 0.675521 0.012188 0.011250
2 0.275000 0.675000 0.013125 0.012500
2 0.631250 0.671354 0.050625 0.063750
2 0.548438 0.642188 0.009375 0.018750
2 0.312109 0.625521 0.027187 0.013750
2 0.696484 0.651563 0.038437 0.078750
2 0.417578 0.642708 0.044062 0.060000
2 0.347266 0.639062 0.055313 0.068750
2 0.289453 0.650521 0.100312 0.121250
2 0.262500 0.601042 0.031875 0.027500
2 0.379688 0.614062 0.037500 0.078750
2 0.173437 0.609896 0.041250 0.073750
2 0.288672 0.585938 0.014063 0.023750
2 0.536719 0.634896 0.172500 0.158750
2 0.640625 0.590625 0.050625 0.057500
2 0.228906 0.566667 0.016875 0.042500
2 0.496094 0.565104 0.030000 0.043750
2 0.723828 0.567187 0.053437 0.056250
2 0.364453 0.548958 0.014063 0.032500
2 0.515625 0.552083 0.030000 0.047500
2 0.147266 0.556250 0.055313 0.070000
2 0.358984 0.556771 0.042188 0.081250
2 0.312109 0.519792 0.008437 0.015000
2 0.604688 0.570312 0.101250 0.156250
2 0.518750 0.491146 0.013125 0.013750
2 0.183594 0.513542 0.043125 0.067500
2 0.672656 0.524479 0.065625 0.128750
2 0.562891 0.491667 0.038437 0.080000
2 0.485156 0.468229 0.028125 0.038750
2 0.235937 0.456771 0.007500 0.018750
2 0.217969 0.480208 0.035625 0.080000
2 0.378516 0.436458 0.019688 0.037500
2 0.632422 0.452083 0.038437 0.082500
2 0.797656 0.409375 0.009375 0.015000
2 0.783594 0.409375 0.009375 0.015000
2 0.336328 0.409375 0.006563 0.017500
2 0.715234 0.431250 0.047812 0.075000
2 0.780469 0.410938 0.060000 0.053750
2 0.563672 0.421875 0.042188 0.085000
2 0.438672 0.403125 0.027187 0.067500
2 0.413281 0.390625 0.028125 0.045000
2 0.397656 0.376563 0.020625 0.033750
2 0.650391 0.380208 0.042188 0.065000
2 0.253906 0.399479 0.090000 0.121250
2 0.708984 0.358333 0.015938 0.025000
2 0.354687 0.583854 0.399375 0.566250
2 0.461719 0.444271 0.208125 0.246250
2 0.380859 0.353125 0.047812 0.050000
2 0.432812 0.335938 0.018750 0.016250
2 0.425781 0.352083 0.058125 0.057500
2 0.382812 0.330208 0.013125 0.010000
2 0.410547 0.333333 0.021562 0.022500
2 0.307812 0.336458 0.011250 0.030000
2 0.416797 0.321354 0.010312 0.011250
2 0.528125 0.340104 0.045000 0.068750
2 0.431250 0.320312 0.016875 0.021250
2 0.710938 0.353125 0.099375 0.122500
2 0.339844 0.308854 0.016875 0.021250
2 0.645312 0.323437 0.037500 0.078750
2 0.368750 0.297917 0.013125 0.022500
2 0.304297 0.296875 0.017813 0.022500
2 0.354687 0.301563 0.011250 0.036250
2 0.263281 0.322396 0.075000 0.111250
2 0.461328 0.294792 0.049687 0.075000
2 0.296875 0.268229 0.024375 0.036250
2 0.519141 0.292187 0.087188 0.098750
2 0.696875 0.264583 0.028125 0.080000
2 0.519922 0.239583 0.027187 0.025000
2 0.346875 0.225521 0.011250 0.008750
2 0.389844 0.275000 0.131250 0.130000
2 0.453125 0.231771 0.056250 0.056250
2 0.583203 0.256250 0.105937 0.142500
2 0.585156 0.206771 0.031875 0.063750
2 0.411719 0.182812 0.043125 0.078750
2 0.303125 0.159375 0.033750 0.035000
2 0.535547 0.160417 0.029062 0.075000
2 0.292969 0.234896 0.185625 0.323750
2 0.392188 0.102083 0.016875 0.022500
2 0.557422 0.115625 0.036562 0.062500
2 0.402344 0.157812 0.127500 0.188750
2 0.503125 0.115104 0.076875 0.103750
2 0.531250 0.050521 0.039375 0.066250
