2 0.576172 0.826042 0.021562 0.045000
2 0.511719 0.781250 0.030000 0.025000
2 0.576953 0.780729 0.030937 0.033750
2 0.694531 0.767708 0.030000 0.025000
2 0.546875 0.784375 0.050625 0.067500
2 0.657422 0.752083 0.027187 0.032500
2 0.530078 0.742188 0.030937 0.028750
2 0.551562 0.740625 0.018750 0.032500
2 0.601172 0.752604 0.087188 0.101250
2 0.710156 0.713542 0.030000 0.045000
2 0.687500 0.706250 0.045000 0.030000
2 0.658984 0.708333 0.019688 0.040000
2 0.555859 0.704167 0.057188 0.032500
2 0.442969 0.697917 0.026250 0.025000
2 0.653906 0.683333 0.011250 0.012500
2 0.494141 0.706250 0.059062 0.072500
2 0.552734 0.683854 0.010312 0.023750
2 0.414844 0.684896 0.028125 0.026250
2 0.617969 0.703646 0.050625 0.073750
2 0.641406 0.688542 0.061875 0.055000
2 0.513281 0.673958 0.016875 0.022500
2 0.530078 0.665104 0.015938 0.021250
2 0.492969 0.664062 0.028125 0.026250
2 0.517578 0.656771 0.029062 0.018750
2 0.708594 0.676042 0.082500 0.072500
2 0.641016 0.654167 0.023438 0.025000
2 0.681641 0.648438 0.027187 0.023750
2 0.545703 0.650000 0.019688 0.027500
2 0.444531 0.664062 0.060000 0.061250
2 0.508594 0.642188 0.024375 0.023750
2 0.529297 0.632812 0.017813 0.038750
2 0.497656 0.622396 0.015000 0.033750
2 0.624219 0.634896 0.065625 0.066250
2 0.676172 0.618750 0.025312 0.030000
2 0.507422 0.616146 0.010312 0.028750
2 0.476172 0.619792 0.019688 0.040000
2 0.654687 0.611458 0.046875 0.035000
2 0.663281 0.594271 0.011250 0.016250
2 0.691406 0.601562 0.013125 0.041250
2 0.676953 0.592708 0.019688 0.020000
2 0.440234 0.598437 0.064687 0.078750
2 0.555078 0.617708 0.109688 0.167500
2 0.593359 0.580729 0.096562 0.081250
2 0.690625 0.554167 0.011250 0.025000
2 0.431250 0.552083 0.030000 0.037500
2 0.502344 0.551562 0.024375 0.041250
2 0.614453 0.543750 0.029062 0.027500
2 0.544531 0.541146 0.058125 0.028750
2 0.569531 0.533333 0.016875 0.027500
2 0.592187 0.534375 0.028125 0.032500
2 0.535156 0.515104 0.061875 0.046250
2 0.653516 0.507812 0.017813 0.041250
2 0.513281 0.485938 0.009375 0.021250
2 0.499219 0.477083 0.024375 0.035000
2 0.534766 0.473958 0.014063 0.037500
2 0.474609 0.533333 0.105937 0.185000
2 0.523047 0.468229 0.021562 0.043750
2 0.608594 0.504687 0.198750 0.228750
2 0.595313 0.407813 0.030000 0.028750
2 0.571484 0.394271 0.021562 0.038750
2 0.275391 0.600000 0.413437 1.000000
