2 0.651250 0.980500 0.039000 0.039000
2 0.903750 0.976000 0.039000 0.048000
2 0.022500 0.976000 0.045000 0.048000
2 0.558750 0.971500 0.063000 0.057000
2 0.357500 0.965500 0.060000 0.069000
2 0.788500 0.880000 0.423000 0.240000
2 0.053750 0.752500 0.039000 0.030000
2 0.977500 0.741250 0.045000 0.063000
2 0.903750 0.678750 0.027000 0.033000
2 0.265000 0.588750 0.072000 0.063000
2 0.971500 0.598750 0.057000 0.129000
2 0.962500 0.530000 0.066000 0.054000
2 0.978750 0.498750 0.033000 0.039000
2 0.242500 0.511250 0.036000 0.069000
2 0.121500 0.652500 0.243000 0.414000
2 0.073500 0.520000 0.147000 0.174000
2 0.103750 0.455000 0.057000 0.072000
2 0.985000 0.320000 0.030000 0.066000
2 0.092500 0.301250 0.048000 0.051000
2 0.980500 0.272500 0.039000 0.036000
2 0.947500 0.286250 0.102000 0.129000
2 0.337500 0.210000 0.048000 0.030000
2 0.636250 0.185000 0.051000 0.042000
2 0.052500 0.263750 0.105000 0.237000
2 0.651250 0.133750 0.039000 0.063000
2 0.076250 0.056250 0.051000 0.033000
2 0.980500 0.030000 0.039000 0.030000
2 0.935000 0.033000 0.084000 0.066000
2 0.600000 0.600000 1.000000 1.000000
2 0.347500 0.130500 0.348000 0.261000
2 0.177500 0.019500 0.078000 0.039000
2 0.087500 0.027000 0.132000 0.054000
2 0.033000 0.034500 0.066000 0.069000
