2 0.327734 0.640625 0.032813 0.037500
2 0.304297 0.621875 0.030937 0.050000
2 0.571484 0.613542 0.019688 0.045000
2 0.646875 0.606771 0.026250 0.041250
2 0.067969 0.750000 0.135937 0.500000
2 0.332813 0.597917 0.065625 0.055000
2 0.466406 0.629167 0.211875 0.145000
2 0.586328 0.567187 0.025312 0.018750
2 0.587109 0.552604 0.017813 0.023750
2 0.555859 0.553646 0.047812 0.028750
2 0.677344 0.558854 0.024375 0.043750
2 0.432031 0.561458 0.024375 0.050000
2 0.614453 0.601562 0.077812 0.173750
2 0.405469 0.569792 0.039375 0.115000
2 0.425781 0.518750 0.022500 0.020000
2 0.388672 0.522396 0.010312 0.028750
2 0.519141 0.522917 0.029062 0.040000
2 0.643750 0.520833 0.022500 0.047500
2 0.410156 0.509375 0.024375 0.037500
2 0.481250 0.541667 0.174375 0.182500
2 0.648438 0.468750 0.028125 0.037500
2 0.381641 0.538021 0.134063 0.208750
2 0.437500 0.458333 0.030000 0.022500
2 0.491406 0.485938 0.099375 0.101250
2 0.593750 0.490625 0.095625 0.127500
2 0.387500 0.439583 0.009375 0.017500
2 0.443359 0.434896 0.040313 0.031250
2 0.405859 0.443750 0.049687 0.065000
2 0.580469 0.432812 0.022500 0.046250
2 0.541406 0.452083 0.033750 0.092500
2 0.495703 0.437500 0.070312 0.057500
2 0.423438 0.403125 0.052500 0.040000
2 0.625781 0.398958 0.033750 0.035000
2 0.553516 0.417187 0.034687 0.078750
2 0.344531 0.450521 0.086250 0.176250
2 0.458594 0.396354 0.026250 0.048750
2 0.582031 0.391667 0.022500 0.040000
2 0.661328 0.373437 0.038437 0.028750
2 0.346094 0.367188 0.024375 0.021250
2 0.382812 0.364063 0.013125 0.016250
2 0.443750 0.364583 0.033750 0.035000
2 0.494141 0.381771 0.053437 0.083750
2 0.569922 0.361979 0.023438 0.043750
2 0.611719 0.360417 0.067500 0.050000
2 0.414062 0.348438 0.024375 0.041250
2 0.522266 0.341667 0.066562 0.087500
2 0.591797 0.317708 0.017813 0.042500
2 0.483203 0.306250 0.017813 0.040000
2 0.387500 0.360938 0.097500 0.171250
2 0.458203 0.292187 0.047812 0.053750
2 0.490625 0.275521 0.026250 0.028750
2 0.465234 0.249479 0.029062 0.031250
2 0.980781 0.070000 0.038437 0.140000
2 0.319688 0.154375 0.639375 0.308750
