2 0.023906 0.989375 0.047812 0.021250
2 0.427734 0.960000 0.042188 0.080000
2 0.477344 0.947917 0.060000 0.050000
2 0.408594 0.905208 0.056250 0.050000
2 0.458203 0.864062 0.019688 0.018750
2 0.448437 0.878125 0.041250 0.087500
2 0.397656 0.849479 0.060000 0.048750
2 0.408594 0.813542 0.048750 0.050000
2 0.497656 0.794792 0.013125 0.015000
2 0.530078 0.777604 0.015938 0.031250
2 0.371094 0.791667 0.050625 0.080000
2 0.608984 0.775521 0.042188 0.083750
2 0.364453 0.737500 0.010312 0.040000
2 0.317969 0.729167 0.013125 0.030000
2 0.451172 0.793229 0.171563 0.221250
2 0.298047 0.744271 0.062812 0.121250
2 0.608203 0.696875 0.010312 0.032500
2 0.547266 0.714583 0.066562 0.112500
2 0.498437 0.694792 0.052500 0.070000
2 0.245312 0.668229 0.026250 0.028750
2 0.685547 0.690104 0.038437 0.083750
2 0.314063 0.642708 0.018750 0.017500
2 0.577344 0.648958 0.050625 0.042500
2 0.589844 0.751042 0.211875 0.290000
2 0.614062 0.636458 0.028125 0.025000
2 0.200391 0.644271 0.040313 0.043750
2 0.312891 0.618750 0.025312 0.032500
2 0.256641 0.607812 0.008437 0.013750
2 0.648828 0.612500 0.023438 0.037500
2 0.636328 0.614062 0.029062 0.043750
2 0.676172 0.615104 0.027187 0.048750
2 0.314063 0.602083 0.015000 0.022500
2 0.343359 0.595313 0.008437 0.016250
2 0.701562 0.611979 0.037500 0.076250
2 0.408594 0.602604 0.058125 0.063750
2 0.350000 0.603646 0.045000 0.071250
2 0.372656 0.575521 0.016875 0.016250
2 0.457031 0.583854 0.045000 0.056250
2 0.629297 0.580208 0.087188 0.082500
2 0.678516 0.570312 0.051562 0.063750
2 0.574609 0.554167 0.029062 0.042500
2 0.351172 0.531771 0.017813 0.018750
2 0.366797 0.546354 0.055313 0.068750
2 0.426563 0.522917 0.009375 0.027500
2 0.614844 0.522396 0.046875 0.046250
2 0.325000 0.533854 0.037500 0.078750
2 0.694141 0.514583 0.053437 0.052500
2 0.760156 0.511979 0.052500 0.058750
2 0.542188 0.509896 0.039375 0.078750
2 0.710156 0.483854 0.063750 0.048750
2 0.575781 0.522396 0.046875 0.146250
2 0.340625 0.484896 0.046875 0.078750
2 0.614844 0.475521 0.060000 0.068750
2 0.292969 0.473438 0.043125 0.076250
2 0.383594 0.628646 0.532500 0.478750
2 0.736328 0.434896 0.021562 0.023750
2 0.426563 0.442188 0.035625 0.043750
2 0.656641 0.440625 0.040313 0.045000
2 0.639062 0.427083 0.037500 0.030000
2 0.448437 0.503646 0.191250 0.231250
2 0.741016 0.418750 0.025312 0.050000
2 0.393750 0.419271 0.058125 0.058750
2 0.399219 0.396354 0.022500 0.011250
2 0.703906 0.401042 0.050625 0.062500
2 0.349609 0.416146 0.092812 0.113750
2 0.774219 0.429167 0.120000 0.155000
2 0.490234 0.402083 0.115312 0.095000
2 0.664453 0.386458 0.036562 0.077500
2 0.225000 0.377083 0.078750 0.097500
2 0.269531 0.347396 0.052500 0.043750
2 0.608203 0.351562 0.053437 0.058750
2 0.332813 0.347396 0.052500 0.048750
2 0.584375 0.386979 0.110625 0.158750
2 0.463281 0.345833 0.108750 0.072500
2 0.188672 0.318229 0.055313 0.043750
2 0.508984 0.318750 0.057188 0.057500
2 0.245703 0.306771 0.051562 0.041250
2 0.668750 0.299479 0.052500 0.063750
2 0.744531 0.287500 0.060000 0.045000
2 0.568750 0.297396 0.101250 0.081250
2 0.344141 0.307812 0.115312 0.118750
2 0.461328 0.273958 0.040313 0.065000
2 0.419531 0.258333 0.058125 0.050000
2 0.445703 0.219271 0.014063 0.008750
2 0.617578 0.236458 0.038437 0.077500
2 0.519531 0.205729 0.061875 0.058750
2 0.471484 0.196354 0.023438 0.043750
2 0.442969 0.196875 0.063750 0.090000
2 0.394141 0.176042 0.057188 0.047500
2 0.480859 0.160417 0.060937 0.055000
2 0.524609 0.118229 0.045937 0.076250
2 0.862656 0.552500 0.274687 1.000000
2 0.976094 0.010625 0.047812 0.021250
2 0.137344 0.552500 0.274687 1.000000
