2 0.634687 0.996003 0.011250 0.007993
2 0.484375 0.995004 0.012000 0.009992
2 0.456562 0.994505 0.011250 0.010991
2 0.198125 0.994588 0.016500 0.008993
2 0.868125 0.993755 0.018000 0.010991
2 0.515000 0.993505 0.025500 0.012989
2 0.242812 0.993505 0.009750 0.012989
2 0.473438 0.992506 0.008250 0.014988
2 0.798125 0.992007 0.013500 0.015987
2 0.971562 0.991507 0.006750 0.016986
2 0.525937 0.987927 0.012750 0.006994
2 0.331562 0.990008 0.011250 0.011990
2 0.318125 0.991674 0.019500 0.015987
2 0.304063 0.991007 0.014250 0.017985
2 0.282187 0.990425 0.009750 0.012989
2 0.830625 0.990508 0.016500 0.018984
2 0.120313 0.990841 0.008250 0.015987
2 0.078437 0.990508 0.012750 0.018984
2 0.928125 0.990008 0.022500 0.019983
2 0.850938 0.990008 0.009750 0.019983
2 0.447188 0.990008 0.024750 0.019983
2 0.012500 0.988759 0.012000 0.012989
2 0.956562 0.989592 0.011250 0.016986
2 0.909062 0.985429 0.011250 0.006994
2 0.290000 0.989509 0.018000 0.020983
2 0.696562 0.988510 0.015750 0.022981
2 0.049688 0.988510 0.014250 0.022981
2 0.622812 0.985012 0.009750 0.011990
2 0.610625 0.987011 0.030000 0.025978
2 0.877188 0.984596 0.009750 0.018984
2 0.064687 0.987011 0.018750 0.025978
2 0.228125 0.985012 0.027000 0.029975
2 0.092188 0.984513 0.026250 0.030974
2 0.049063 0.980433 0.005250 0.014988
2 0.642813 0.984013 0.044250 0.031973
2 0.111250 0.980433 0.015000 0.016986
2 0.078750 0.977519 0.012000 0.009992
2 0.918750 0.978351 0.009000 0.013988
2 0.331875 0.978351 0.009000 0.013988
2 0.173437 0.983514 0.029250 0.032973
2 0.034688 0.983514 0.024750 0.032973
2 0.692187 0.976686 0.011250 0.011990
2 0.312188 0.978768 0.006750 0.016986
2 0.193750 0.977935 0.019500 0.014988
2 0.447813 0.977519 0.006750 0.015987
2 0.248438 0.980849 0.026250 0.023980
2 0.967500 0.977935 0.024000 0.020983
2 0.591562 0.981515 0.041250 0.036969
2 0.649687 0.971274 0.006750 0.010991
2 0.265000 0.980849 0.036000 0.035970
2 0.870938 0.972939 0.008250 0.018984
2 0.683750 0.970858 0.009000 0.013988
2 0.673125 0.972523 0.013500 0.017985
2 0.285938 0.973356 0.018750 0.019983
2 0.885938 0.975021 0.017250 0.025978
2 0.162188 0.970025 0.021750 0.015987
2 0.115000 0.967527 0.007500 0.011990
2 0.147187 0.973772 0.026250 0.028976
2 0.128125 0.977019 0.024000 0.045962
2 0.104688 0.968776 0.015750 0.016986
2 0.300000 0.972939 0.010500 0.028976
2 0.766250 0.965862 0.013500 0.013988
2 0.459375 0.976020 0.028500 0.047960
2 0.400313 0.967943 0.020250 0.018984
2 0.200313 0.964613 0.008250 0.010991
2 0.182188 0.965862 0.021750 0.013988
2 0.599063 0.965029 0.011250 0.013988
2 0.584688 0.967527 0.009750 0.019983
2 0.325000 0.970441 0.024000 0.026978
2 0.983125 0.965862 0.010500 0.017985
2 0.275625 0.966694 0.015000 0.021982
2 0.208750 0.976270 0.018000 0.044963
2 0.869062 0.960450 0.009750 0.008993
2 0.991000 0.973522 0.018000 0.052956
2 0.384375 0.962948 0.015000 0.016986
2 0.003375 0.965029 0.006750 0.021982
2 0.939063 0.971274 0.017250 0.038968
2 0.877812 0.960033 0.009750 0.013988
2 0.419063 0.972523 0.035250 0.054954
2 0.288750 0.958368 0.007500 0.009992
2 0.242500 0.963364 0.024000 0.021982
2 0.020000 0.963364 0.012000 0.021982
2 0.018750 0.972523 0.036000 0.054954
2 0.226250 0.958368 0.010500 0.011990
2 0.763750 0.957952 0.009000 0.014988
2 0.440937 0.966694 0.020250 0.035970
2 0.955313 0.955454 0.009750 0.010991
2 0.265937 0.957952 0.023250 0.016986
2 0.933438 0.957119 0.009750 0.016986
2 0.215938 0.965445 0.035250 0.038968
2 0.803750 0.955454 0.012000 0.016986
2 0.393750 0.953372 0.007500 0.011990
2 0.233750 0.951291 0.015000 0.010991
2 0.903750 0.955870 0.037500 0.025978
2 0.417500 0.952540 0.025500 0.017985
2 0.365312 0.950042 0.006750 0.011990
2 0.095000 0.953789 0.012000 0.022981
2 0.965313 0.956703 0.020250 0.031973
2 0.895938 0.948376 0.014250 0.013988
2 0.582812 0.946711 0.008250 0.009992
2 0.259375 0.947960 0.016500 0.012989
2 0.671250 0.965029 0.049500 0.069942
2 0.032813 0.949625 0.005250 0.018984
2 0.989375 0.947960 0.009000 0.016986
2 0.603125 0.951707 0.025500 0.027977
2 0.278438 0.950042 0.023250 0.023980
2 0.246250 0.948793 0.009000 0.020983
2 0.086875 0.947127 0.009000 0.016986
2 0.025937 0.945878 0.009750 0.013988
2 0.677813 0.953789 0.029250 0.034971
2 0.011250 0.943381 0.016500 0.011990
2 0.995875 0.944629 0.008250 0.020983
2 0.071875 0.960033 0.037500 0.057952
2 0.945625 0.947960 0.016500 0.030974
2 0.833438 0.940466 0.009750 0.014988
2 0.621875 0.957119 0.043500 0.054954
2 0.565312 0.960533 0.066750 0.078934
2 0.669375 0.939217 0.018000 0.015987
2 0.011250 0.935887 0.010500 0.007993
2 0.481250 0.962115 0.025500 0.072939
2 0.077500 0.942964 0.018000 0.026978
2 0.167813 0.947960 0.081750 0.042964
2 0.702812 0.950458 0.047250 0.050958
2 0.430000 0.940050 0.025500 0.025978
2 0.268437 0.935054 0.012750 0.013988
2 0.233437 0.937552 0.020250 0.023980
2 0.021250 0.932973 0.010500 0.012989
2 0.344375 0.932556 0.009000 0.013988
2 0.970938 0.943381 0.030750 0.041965
2 0.735938 0.927977 0.011250 0.006994
2 0.158125 0.935470 0.028500 0.024979
2 0.073438 0.930058 0.006750 0.013988
2 0.052500 0.931307 0.007500 0.016986
2 0.931250 0.928809 0.012000 0.012989
2 0.467500 0.931307 0.009000 0.018984
2 0.578125 0.927144 0.012000 0.012989
2 0.459688 0.931724 0.009750 0.023980
2 0.332188 0.925479 0.012750 0.008993
2 0.202813 0.931307 0.017250 0.022981
2 0.180625 0.929226 0.015000 0.017985
2 0.292187 0.942132 0.044250 0.050958
2 0.099687 0.931307 0.020250 0.024979
2 0.710313 0.926728 0.015750 0.015987
2 0.607187 0.926728 0.015750 0.015987
2 0.165625 0.924646 0.009000 0.012989
2 0.044687 0.925479 0.008250 0.014988
2 0.416250 0.932140 0.015000 0.032973
2 0.794063 0.924646 0.014250 0.016986
2 0.192188 0.929226 0.015750 0.027977
2 0.321875 0.919234 0.016500 0.009992
2 0.966875 0.922565 0.030000 0.019983
2 0.920625 0.925479 0.015000 0.026978
2 0.406562 0.917569 0.009750 0.007993
2 0.009000 0.927144 0.018000 0.030974
2 0.903438 0.927977 0.042750 0.034971
2 0.613437 0.924230 0.014250 0.025978
2 0.144063 0.921316 0.014250 0.018984
2 0.501875 0.917569 0.013500 0.011990
2 0.434688 0.923397 0.026250 0.027977
2 0.134687 0.925062 0.021750 0.031973
2 0.980938 0.919234 0.011250 0.021982
2 0.242812 0.919650 0.036750 0.022981
2 0.263125 0.920067 0.024000 0.031973
2 0.823125 0.942964 0.034500 0.088926
2 0.669063 0.913822 0.011250 0.018984
2 0.159375 0.912157 0.021000 0.014988
2 0.061875 0.916320 0.027000 0.024979
2 0.926250 0.915071 0.013500 0.023980
2 0.529687 0.917152 0.020250 0.028976
2 0.678125 0.910908 0.009000 0.015987
2 0.651875 0.932973 0.046500 0.070941
2 0.243438 0.909242 0.009750 0.013988
2 0.169687 0.910075 0.009750 0.015987
2 0.977187 0.906328 0.012750 0.008993
2 0.516250 0.919234 0.025500 0.043963
2 0.195312 0.907993 0.014250 0.018984
2 0.795937 0.906328 0.008250 0.018984
2 0.384375 0.929642 0.061500 0.074938
2 0.715313 0.903414 0.009750 0.013988
2 0.772500 0.904246 0.010500 0.017985
2 0.210938 0.918818 0.030750 0.054954
2 0.042188 0.900500 0.015750 0.010991
2 0.989500 0.915071 0.021000 0.047960
2 0.910000 0.906744 0.018000 0.027977
2 0.549375 0.934638 0.052500 0.094921
2 0.126250 0.901749 0.016500 0.015987
2 0.033125 0.932556 0.054000 0.091923
2 0.966250 0.902581 0.009000 0.021982
2 0.294375 0.898418 0.013500 0.011990
2 0.139687 0.905495 0.014250 0.028976
2 0.914375 0.901749 0.013500 0.021982
2 0.230000 0.903830 0.019500 0.030974
2 0.698125 0.914654 0.063000 0.058951
2 0.041250 0.893006 0.009000 0.006994
2 0.483438 0.933555 0.132750 0.132889
2 0.785312 0.906744 0.020250 0.043963
2 0.483125 0.894255 0.012000 0.013988
2 0.145000 0.895504 0.016500 0.020983
2 0.767813 0.931557 0.159750 0.136886
2 0.213125 0.891341 0.021000 0.014988
2 0.545312 0.889675 0.015750 0.012989
2 0.713437 0.892590 0.009750 0.021982
2 0.459688 0.891757 0.018750 0.023980
2 0.337813 0.886345 0.006750 0.010991
2 0.738750 0.893422 0.024000 0.029975
2 0.305312 0.895920 0.021750 0.035970
2 0.121875 0.890508 0.018000 0.022981
2 0.968125 0.891341 0.012000 0.028976
2 0.009750 0.897585 0.019500 0.043963
2 0.292187 0.881765 0.008250 0.009992
2 0.177500 0.885928 0.012000 0.019983
2 0.792813 0.886761 0.015750 0.025978
2 0.150625 0.882598 0.012000 0.015987
2 0.602187 0.887177 0.012750 0.028976
2 0.971250 0.879684 0.007500 0.012989
2 0.356250 0.905495 0.102000 0.074938
2 0.996625 0.880100 0.006750 0.015987
2 0.025000 0.881349 0.010500 0.018984
2 0.981250 0.886345 0.016500 0.032973
2 0.833750 0.889259 0.024000 0.039967
2 0.653750 0.890508 0.030000 0.042964
2 0.582500 0.877186 0.007500 0.010991
2 0.840625 0.878851 0.009000 0.016986
2 0.060937 0.890508 0.029250 0.048959
2 0.461875 0.875520 0.012000 0.014988
2 0.307500 0.880100 0.025500 0.025978
2 0.418750 0.874271 0.010500 0.013988
2 0.612187 0.874271 0.012750 0.017985
2 0.868750 0.922565 0.087000 0.154871
2 0.619375 0.875520 0.012000 0.022981
2 0.005625 0.873439 0.011250 0.017985
2 0.356875 0.873439 0.012000 0.019983
2 0.360312 0.880100 0.045750 0.035970
2 0.047188 0.875520 0.015750 0.026978
2 0.140313 0.870108 0.012750 0.015987
2 0.792500 0.868443 0.010500 0.013988
2 0.682187 0.868443 0.006750 0.013988
2 0.859375 0.869276 0.010500 0.017985
2 0.636250 0.870941 0.012000 0.021982
2 0.014687 0.866361 0.012750 0.010991
2 0.739688 0.871774 0.012750 0.025978
2 0.495000 0.863031 0.010500 0.012989
2 0.700937 0.884679 0.081750 0.070941
2 0.951250 0.868027 0.022500 0.032973
2 0.426250 0.861366 0.015000 0.016986
2 0.317812 0.862614 0.009750 0.019983
2 0.644062 0.862198 0.014250 0.020983
2 0.282813 0.857619 0.011250 0.009992
2 0.378437 0.864280 0.029250 0.027977
2 0.785312 0.868027 0.012750 0.038968
2 0.329062 0.868859 0.041250 0.046961
2 0.621563 0.856786 0.009750 0.019983
2 0.427812 0.884679 0.072750 0.086928
2 0.391562 0.853455 0.017250 0.011990
2 0.282813 0.869692 0.035250 0.050958
2 0.098750 0.908410 0.090000 0.147877
2 0.095312 0.853039 0.008250 0.018984
2 0.077813 0.850541 0.011250 0.012989
2 0.161250 0.874271 0.033000 0.071940
2 0.942813 0.850125 0.009750 0.015987
2 0.230313 0.849709 0.006750 0.014988
2 0.144375 0.856370 0.030000 0.030974
2 0.037500 0.857619 0.075000 0.033972
2 0.374375 0.845545 0.009000 0.008993
2 0.577500 0.845129 0.010500 0.009992
2 0.135937 0.845129 0.009750 0.009992
2 0.250937 0.856786 0.017250 0.039967
2 0.926875 0.856786 0.039000 0.041965
2 0.405625 0.857202 0.033000 0.042964
2 0.914687 0.849709 0.011250 0.028976
2 0.555000 0.843047 0.012000 0.012989
2 0.382812 0.844296 0.012750 0.015987
2 0.852812 0.842631 0.008250 0.015987
2 0.287813 0.843047 0.012750 0.016986
2 0.141875 0.839717 0.009000 0.012989
2 0.105625 0.844713 0.018000 0.024979
2 0.572500 0.840133 0.010500 0.017985
2 0.400938 0.839717 0.018750 0.016986
2 0.073750 0.840550 0.018000 0.018984
2 0.033438 0.838052 0.012750 0.012989
2 0.992500 0.837635 0.015000 0.013988
2 0.901563 0.845129 0.020250 0.031973
2 0.895000 0.836803 0.012000 0.011990
2 0.523125 0.868859 0.144000 0.088926
2 0.464687 0.834721 0.017250 0.008993
2 0.224375 0.837635 0.012000 0.017985
2 0.150938 0.835554 0.015750 0.012989
2 0.537500 0.836386 0.018000 0.018984
2 0.507188 0.847211 0.029250 0.046961
2 0.280938 0.840133 0.014250 0.029975
2 0.244375 0.833056 0.007500 0.012989
2 0.089688 0.837219 0.015750 0.022981
2 0.924687 0.834721 0.027750 0.020983
2 0.559688 0.836803 0.018750 0.025978
2 0.606563 0.878435 0.099750 0.129892
2 0.107500 0.830974 0.012000 0.015987
2 0.038750 0.839717 0.027000 0.036969
2 0.619687 0.833472 0.026250 0.023980
2 0.171250 0.836803 0.015000 0.031973
2 0.237500 0.835137 0.013500 0.029975
2 0.150938 0.824729 0.011250 0.008993
2 0.136563 0.826811 0.020250 0.015987
2 0.570000 0.828060 0.015000 0.020983
2 0.490000 0.828893 0.024000 0.022981
2 0.382500 0.829309 0.034500 0.023980
2 0.306250 0.840550 0.025500 0.050958
2 0.285938 0.825146 0.014250 0.013988
2 0.113437 0.848460 0.038250 0.069942
2 0.079687 0.823064 0.009750 0.008993
2 0.460313 0.823064 0.014250 0.018984
2 0.023438 0.828060 0.020250 0.030974
2 0.220625 0.822648 0.027000 0.019983
2 0.012188 0.828476 0.018750 0.033972
2 0.894375 0.822231 0.018000 0.020983
2 0.717500 0.839717 0.031500 0.062948
2 0.644375 0.838052 0.030000 0.058951
2 0.038125 0.819317 0.009000 0.013988
2 0.056875 0.828893 0.015000 0.038968
2 0.323750 0.816403 0.007500 0.010991
2 0.166250 0.818068 0.009000 0.014988
2 0.678125 0.843464 0.060000 0.077935
2 0.234687 0.816403 0.011250 0.012989
2 0.590625 0.844713 0.039000 0.084929
2 0.111875 0.815987 0.016500 0.017985
2 0.949063 0.830558 0.051750 0.054954
2 0.864375 0.812240 0.010500 0.010991
2 0.446875 0.815570 0.012000 0.018984
2 0.309688 0.815154 0.026250 0.017985
2 0.269375 0.813072 0.007500 0.016986
2 0.102813 0.812656 0.014250 0.015987
2 0.295000 0.809326 0.009000 0.009992
2 0.050000 0.816403 0.019500 0.026978
2 0.736563 0.813905 0.027750 0.024979
2 0.580000 0.806411 0.009000 0.006994
2 0.223438 0.808493 0.014250 0.011990
2 0.008750 0.810158 0.009000 0.015987
2 0.751875 0.848460 0.064500 0.109908
2 0.718750 0.807660 0.009000 0.015987
2 0.911563 0.816819 0.024750 0.041965
2 0.856875 0.803497 0.015000 0.009992
2 0.846250 0.805579 0.007500 0.014988
2 0.711875 0.805162 0.010500 0.013988
2 0.256563 0.838052 0.044250 0.092923
2 0.045625 0.808077 0.012000 0.020983
2 0.460000 0.805995 0.012000 0.019983
2 0.450000 0.803081 0.009000 0.012989
2 0.570000 0.807660 0.018000 0.025978
2 0.494688 0.809742 0.023250 0.030974
2 0.896563 0.809326 0.021750 0.031973
2 0.748125 0.802248 0.012000 0.014988
2 0.560000 0.803081 0.016500 0.016986
2 0.590313 0.803081 0.014250 0.018984
2 0.016563 0.804330 0.006750 0.021982
2 0.378125 0.798918 0.013500 0.012989
2 0.479375 0.812240 0.036000 0.046961
2 0.433125 0.823480 0.052500 0.073938
2 0.285938 0.809326 0.032250 0.039967
2 0.079375 0.810991 0.034500 0.043963
2 0.927188 0.801832 0.029250 0.023980
2 0.534375 0.813072 0.072000 0.050958
2 0.863437 0.796003 0.011250 0.011990
2 0.551250 0.797669 0.012000 0.015987
2 0.126562 0.799750 0.017250 0.020983
2 0.071563 0.799334 0.015750 0.019983
2 0.512813 0.792256 0.014250 0.008993
2 0.212188 0.796003 0.018750 0.017985
2 0.060625 0.800167 0.013500 0.027977
2 0.614688 0.827644 0.059250 0.095920
2 0.226875 0.796836 0.028500 0.021982
2 0.581562 0.793922 0.005250 0.016986
2 0.009000 0.793505 0.018000 0.015987
2 0.565625 0.790591 0.009000 0.012989
2 0.421563 0.793922 0.015750 0.020983
2 0.591562 0.789759 0.017250 0.012989
2 0.401250 0.791007 0.010500 0.015987
2 0.545625 0.795171 0.024000 0.029975
2 0.139063 0.797252 0.015750 0.034971
2 0.095625 0.793505 0.021000 0.025978
2 0.928000 0.867610 0.144000 0.264779
2 0.821250 0.785595 0.021000 0.016986
2 0.858437 0.863447 0.212250 0.203830
2 0.498125 0.788093 0.021000 0.022981
2 0.457813 0.786844 0.021750 0.019983
2 0.436563 0.791424 0.032250 0.030974
2 0.248750 0.794754 0.016500 0.038968
2 0.916562 0.781016 0.012750 0.007993
2 0.602812 0.781848 0.008250 0.009992
2 0.114687 0.796003 0.012750 0.043963
2 0.088750 0.782681 0.018000 0.013988
2 0.857187 0.780600 0.011250 0.010991
2 0.056250 0.786428 0.022500 0.024979
2 0.401250 0.779351 0.010500 0.009992
2 0.073438 0.783930 0.014250 0.020983
2 0.228750 0.782265 0.019500 0.018984
2 0.182812 0.781432 0.012750 0.016986
2 0.846562 0.785595 0.017250 0.028976
2 0.281562 0.785179 0.029250 0.027977
2 0.589375 0.778102 0.009000 0.012989
2 0.326250 0.780183 0.012000 0.017985
2 0.950000 0.803081 0.093000 0.074938
2 0.312188 0.791840 0.021750 0.049958
2 0.674063 0.801832 0.084750 0.075937
2 0.645000 0.777269 0.018000 0.016986
2 0.395937 0.804330 0.077250 0.081932
2 0.582812 0.776020 0.011250 0.015987
2 0.171875 0.780600 0.022500 0.026978
2 0.882812 0.772273 0.009750 0.008993
2 0.005625 0.773522 0.011250 0.011990
2 0.775625 0.771857 0.015000 0.009992
2 0.750313 0.786844 0.075750 0.045962
2 0.416250 0.781432 0.024000 0.032973
2 0.625000 0.787677 0.036000 0.051957
2 0.069687 0.773522 0.012750 0.019983
2 0.746875 0.770192 0.013500 0.013988
2 0.332500 0.768943 0.009000 0.010991
2 0.962812 0.781016 0.026250 0.041965
2 0.937187 0.771440 0.006750 0.018984
2 0.881563 0.798085 0.047250 0.082931
2 0.673750 0.770192 0.015000 0.015987
2 0.036875 0.782265 0.022500 0.044963
2 0.502500 0.772689 0.012000 0.023980
2 0.533125 0.766028 0.010500 0.009992
2 0.477500 0.767694 0.009000 0.013988
2 0.724688 0.772273 0.012750 0.026978
2 0.736563 0.766445 0.008250 0.014988
2 0.020625 0.771857 0.027000 0.027977
2 0.828750 0.771857 0.027000 0.029975
2 0.811875 0.765612 0.012000 0.014988
2 0.918438 0.770192 0.047250 0.029975
2 0.759687 0.765196 0.012750 0.017985
2 0.947812 0.762281 0.008250 0.012989
2 0.479687 0.777685 0.042750 0.049958
2 0.340625 0.770608 0.036000 0.036969
2 0.256875 0.776020 0.033000 0.049958
2 0.635938 0.763947 0.051750 0.022981
2 0.505625 0.757702 0.009000 0.009992
2 0.344375 0.813489 0.082500 0.143880
2 0.609375 0.759784 0.010500 0.016986
2 0.566250 0.769775 0.033000 0.040966
2 0.043750 0.768526 0.019500 0.041965
2 0.237187 0.766028 0.027750 0.039967
2 0.351875 0.753539 0.018000 0.015987
2 0.655937 0.751873 0.008250 0.013988
2 0.902500 0.756037 0.021000 0.025978
2 0.600000 0.764363 0.024000 0.045962
2 0.311563 0.767694 0.045750 0.055953
2 0.286875 0.759367 0.024000 0.035970
2 0.775937 0.752706 0.018750 0.021982
2 0.233437 0.747710 0.012750 0.011990
2 0.068437 0.759784 0.054750 0.040966
2 0.486563 0.748959 0.012750 0.016986
2 0.114062 0.746461 0.008250 0.010991
2 0.938750 0.748127 0.019500 0.018984
2 0.095000 0.743547 0.010500 0.009992
2 0.049688 0.747294 0.015750 0.018984
2 0.945312 0.740216 0.011250 0.007993
2 0.268750 0.754371 0.027000 0.041965
2 0.628125 0.746045 0.027000 0.023980
2 0.381250 0.756037 0.030000 0.047960
2 0.912813 0.743547 0.017250 0.019983
2 0.557187 0.745212 0.026250 0.023980
2 0.057188 0.741049 0.006750 0.013988
2 0.206250 0.780183 0.061500 0.109908
2 0.200000 0.742714 0.010500 0.021982
2 0.137187 0.738135 0.014250 0.012989
2 0.031250 0.739800 0.021000 0.016986
2 0.958438 0.747294 0.024750 0.038968
2 0.952500 0.736470 0.009000 0.014988
2 0.854375 0.752290 0.028500 0.052956
2 0.362812 0.740633 0.027750 0.024979
2 0.312188 0.740633 0.021750 0.024979
2 0.250937 0.741882 0.014250 0.027977
2 0.182500 0.753539 0.034500 0.055953
2 0.017812 0.737302 0.008250 0.016986
2 0.711875 0.737719 0.018000 0.021982
2 0.013125 0.732306 0.007500 0.010991
2 0.979375 0.758535 0.041250 0.075937
2 0.552188 0.732306 0.009750 0.012989
2 0.089688 0.734804 0.012750 0.018984
2 0.443437 0.752706 0.068250 0.065945
2 0.297500 0.736053 0.012000 0.025978
2 0.275000 0.736470 0.021000 0.026978
2 0.409375 0.747710 0.046500 0.055953
2 0.005625 0.733555 0.011250 0.023980
2 0.784375 0.726062 0.010500 0.009992
2 0.701875 0.757702 0.102000 0.085928
2 0.376875 0.729808 0.016500 0.020983
2 0.994687 0.725229 0.008250 0.013988
2 0.722812 0.724396 0.009750 0.013988
2 0.122500 0.719400 0.010500 0.009992
2 0.092813 0.721066 0.006750 0.013988
2 0.997000 0.713156 0.006000 0.010991
2 0.080000 0.720233 0.021000 0.027977
2 0.297500 0.710658 0.009000 0.006994
2 0.191562 0.721482 0.020250 0.032973
2 0.730938 0.718152 0.018750 0.026978
2 0.390313 0.710658 0.011250 0.012989
2 0.968125 0.717319 0.036000 0.032973
2 0.311563 0.718152 0.030750 0.034971
2 0.177813 0.713572 0.014250 0.023980
2 0.348125 0.706495 0.012000 0.012989
2 0.077188 0.705662 0.006750 0.010991
2 0.006375 0.711074 0.012750 0.023980
2 0.260937 0.703580 0.012750 0.007993
2 0.445937 0.706495 0.018750 0.016986
2 0.923438 0.721066 0.041250 0.053955
2 0.735625 0.704413 0.009000 0.013988
2 0.533125 0.701499 0.009000 0.012989
2 0.060312 0.724813 0.059250 0.068943
2 0.045000 0.702748 0.010500 0.015987
2 0.295000 0.700666 0.018000 0.014988
2 0.263437 0.707744 0.039750 0.035970
2 0.112187 0.702748 0.018750 0.023980
2 0.397813 0.718984 0.057750 0.066944
2 0.403125 0.698585 0.013500 0.017985
2 0.551250 0.708160 0.028500 0.042964
2 0.480000 0.700250 0.030000 0.025978
2 0.448125 0.726062 0.091500 0.087927
2 0.422187 0.698168 0.014250 0.020983
2 0.335938 0.698585 0.017250 0.027977
2 0.216250 0.693172 0.007500 0.014988
2 0.061250 0.694005 0.016500 0.018984
2 0.207813 0.694421 0.011250 0.021982
2 0.157188 0.689009 0.008250 0.010991
2 0.155938 0.728560 0.062250 0.105912
2 0.029063 0.707327 0.033750 0.054954
2 0.103438 0.689842 0.017250 0.014988
2 0.669687 0.690258 0.014250 0.017985
2 0.447500 0.690674 0.021000 0.020983
2 0.230937 0.711074 0.080250 0.069942
2 0.727500 0.693589 0.019500 0.029975
2 0.294687 0.685679 0.009750 0.010991
2 0.031250 0.684846 0.007500 0.008993
2 0.485625 0.683597 0.010500 0.011990
2 0.187500 0.697752 0.019500 0.047960
2 0.164687 0.685262 0.008250 0.017985
2 0.051250 0.681932 0.016500 0.009992
2 0.682813 0.681515 0.020250 0.012989
2 0.628125 0.684846 0.018000 0.020983
2 0.057500 0.684846 0.018000 0.022981
2 0.734062 0.681515 0.008250 0.016986
2 0.576250 0.721066 0.046500 0.113905
2 0.563125 0.681932 0.021000 0.019983
2 0.493437 0.679434 0.011250 0.013988
2 0.015750 0.690258 0.031500 0.039967
2 0.194062 0.681515 0.014250 0.020983
2 0.638750 0.718984 0.130500 0.112906
2 0.855625 0.675271 0.015000 0.011990
2 0.846875 0.684846 0.018000 0.034971
2 0.545312 0.677352 0.020250 0.016986
2 0.030312 0.675271 0.009750 0.011990
2 0.348438 0.671107 0.008250 0.009992
2 0.520000 0.730225 0.081000 0.155870
2 0.006250 0.674438 0.012000 0.021982
2 0.884375 0.673189 0.009000 0.020983
2 0.019062 0.667777 0.015750 0.009992
2 0.883750 0.716486 0.091500 0.128893
2 0.188125 0.666528 0.012000 0.016986
2 0.893750 0.670275 0.018000 0.027977
2 0.934063 0.665279 0.021750 0.025978
2 0.738750 0.661948 0.022500 0.017985
2 0.847500 0.659034 0.009000 0.012989
2 0.530000 0.665279 0.025500 0.029975
2 0.201875 0.668609 0.018000 0.037968
2 0.508125 0.658201 0.019500 0.014988
2 0.433750 0.661116 0.015000 0.021982
2 0.299687 0.702748 0.125250 0.121898
2 0.715000 0.656120 0.013500 0.011990
2 0.544063 0.659034 0.018750 0.018984
2 0.479375 0.657369 0.009000 0.014988
2 0.165313 0.676103 0.033750 0.059950
2 0.335625 0.660699 0.016500 0.024979
2 0.077813 0.660699 0.027750 0.024979
2 0.812813 0.657785 0.024750 0.019983
2 0.487812 0.656120 0.009750 0.015987
2 0.315625 0.653622 0.012000 0.011990
2 0.269375 0.657369 0.015000 0.022981
2 0.120625 0.656536 0.013500 0.020983
2 0.952750 0.702331 0.094500 0.132889
2 0.007500 0.653622 0.010500 0.017985
2 0.544687 0.649042 0.011250 0.008993
2 0.162500 0.651540 0.009000 0.014988
2 0.804688 0.649459 0.012750 0.015987
2 0.245312 0.666112 0.035250 0.055953
2 0.030312 0.652789 0.039750 0.023980
2 0.172813 0.653622 0.020250 0.027977
2 0.112187 0.645296 0.008250 0.007993
2 0.223750 0.664446 0.030000 0.055953
2 0.120625 0.681099 0.091500 0.095920
2 0.704688 0.649042 0.012750 0.020983
2 0.523750 0.647794 0.013500 0.017985
2 0.485000 0.645712 0.012000 0.014988
2 0.447813 0.646961 0.008250 0.019983
2 0.085000 0.644463 0.007500 0.013988
2 0.959688 0.641549 0.012750 0.012989
2 0.511563 0.645296 0.015750 0.021982
2 0.727187 0.645296 0.021750 0.027977
2 0.069062 0.644463 0.032250 0.025978
2 0.534062 0.642381 0.015750 0.024979
2 0.496875 0.649459 0.013500 0.041965
2 0.153438 0.638218 0.008250 0.016986
2 0.916875 0.636137 0.009000 0.013988
2 0.073750 0.635720 0.015000 0.012989
2 0.925312 0.643630 0.015750 0.033972
2 0.521563 0.636137 0.006750 0.017985
2 0.284062 0.650708 0.035250 0.052956
2 0.975625 0.639051 0.022500 0.026978
2 0.244062 0.641549 0.027750 0.032973
2 0.260313 0.636553 0.009750 0.024979
2 0.167500 0.630308 0.012000 0.009992
2 0.480625 0.631141 0.007500 0.013988
2 0.382188 0.633639 0.014250 0.019983
2 0.393125 0.629475 0.009000 0.015987
2 0.226562 0.634471 0.008250 0.027977
2 0.080625 0.628226 0.010500 0.012989
2 0.287187 0.626145 0.011250 0.009992
2 0.632500 0.625312 0.021000 0.009992
2 0.465938 0.657785 0.051750 0.087927
2 0.188125 0.628226 0.013500 0.016986
2 0.974688 0.628643 0.014250 0.021982
2 0.562187 0.643214 0.029250 0.056953
2 0.373437 0.629475 0.006750 0.023980
2 0.330313 0.637802 0.033750 0.045962
2 0.895312 0.657785 0.096750 0.095920
2 0.683125 0.621565 0.013500 0.008993
2 0.913125 0.621982 0.019500 0.013988
2 0.551562 0.631557 0.021750 0.038968
2 0.529375 0.619900 0.013500 0.010991
2 0.949688 0.621982 0.008250 0.017985
2 0.672500 0.671524 0.144000 0.138884
2 0.379688 0.675271 0.140250 0.149875
2 0.247188 0.620733 0.005250 0.018984
2 0.179688 0.633639 0.035250 0.051957
2 0.102500 0.629892 0.036000 0.042964
2 0.399062 0.618651 0.011250 0.017985
2 0.690937 0.615737 0.011250 0.012989
2 0.090625 0.616570 0.010500 0.014988
2 0.459062 0.615737 0.008250 0.016986
2 0.042500 0.616986 0.012000 0.019983
2 0.626875 0.615321 0.024000 0.017985
2 0.558438 0.614072 0.008250 0.014988
2 0.237813 0.614904 0.020250 0.022981
2 0.427187 0.610325 0.009750 0.013988
2 0.415312 0.608659 0.011250 0.009992
2 0.914687 0.611157 0.008250 0.017985
2 0.218750 0.607827 0.012000 0.015987
2 0.030937 0.609076 0.012750 0.018984
2 0.647813 0.614904 0.054750 0.036969
2 0.250625 0.609076 0.006000 0.022981
2 0.173750 0.605745 0.018000 0.014988
2 0.060625 0.617402 0.036000 0.042964
2 0.830937 0.604496 0.011250 0.013988
2 0.392500 0.604496 0.009000 0.013988
2 0.370000 0.611157 0.013500 0.029975
2 0.943750 0.605329 0.010500 0.017985
2 0.336562 0.611157 0.018750 0.031973
2 0.206875 0.629892 0.043500 0.076936
2 0.737500 0.601582 0.007500 0.012989
2 0.805937 0.605329 0.021750 0.023980
2 0.495625 0.616570 0.075000 0.050958
2 0.932500 0.621149 0.033000 0.063947
2 0.880938 0.610741 0.023250 0.038968
2 0.596875 0.654871 0.102000 0.144879
2 0.191875 0.609076 0.021000 0.038968
2 0.265937 0.602415 0.017250 0.024979
2 0.349375 0.600749 0.018000 0.024979
2 0.176563 0.594921 0.012750 0.010991
2 0.763125 0.592423 0.010500 0.010991
2 0.078125 0.591590 0.009000 0.010991
2 0.455000 0.604913 0.040500 0.044963
2 0.384688 0.607410 0.018750 0.050958
2 0.256563 0.609908 0.063750 0.056953
2 0.790937 0.684846 0.141750 0.238801
2 0.167187 0.591590 0.009750 0.014988
2 0.251625 0.751207 0.503250 0.497585
2 0.943438 0.589092 0.009750 0.010991
2 0.390313 0.589925 0.011250 0.014988
2 0.057188 0.588676 0.012750 0.011990
2 0.686250 0.588676 0.007500 0.013988
2 0.119688 0.619484 0.122250 0.087927
2 0.994062 0.586178 0.008250 0.009992
2 0.838750 0.590341 0.013500 0.021982
2 0.665312 0.593256 0.023250 0.028976
2 0.853437 0.585346 0.009750 0.011990
2 0.367188 0.596586 0.017250 0.038968
2 0.088750 0.587843 0.015000 0.017985
2 0.196250 0.592839 0.018000 0.031973
2 0.420312 0.619067 0.071250 0.096919
2 0.582500 0.591590 0.027000 0.032973
2 0.567813 0.581599 0.012750 0.010991
2 0.608125 0.586595 0.021000 0.024979
2 0.272188 0.584513 0.017250 0.023980
2 0.046562 0.592007 0.044250 0.047960
2 0.763750 0.579517 0.013500 0.019983
2 0.943125 0.573689 0.007500 0.009992
2 0.296875 0.574938 0.016500 0.012989
2 0.858750 0.598668 0.051000 0.071940
2 0.420000 0.574105 0.006000 0.012989
2 0.320625 0.571191 0.016500 0.011990
2 0.994000 0.574938 0.012000 0.022981
2 0.432188 0.579517 0.020250 0.033972
2 0.109063 0.572856 0.024750 0.017985
2 0.525625 0.588260 0.075000 0.056953
2 0.020313 0.582848 0.026250 0.043963
2 0.727500 0.572856 0.012000 0.021982
2 0.534062 0.568276 0.011250 0.010991
2 0.379063 0.573689 0.032250 0.023980
2 0.013437 0.566611 0.014250 0.010991
2 0.551250 0.564113 0.013500 0.008993
2 0.899687 0.593256 0.083250 0.080933
2 0.676875 0.567860 0.010500 0.019983
2 0.470313 0.582848 0.045750 0.057952
2 0.069375 0.574105 0.015000 0.038968
2 0.107188 0.561615 0.009750 0.010991
2 0.581250 0.567027 0.022500 0.027977
2 0.358750 0.567444 0.010500 0.028976
2 0.179688 0.570774 0.020250 0.036969
2 0.165313 0.563281 0.012750 0.018984
2 0.399062 0.562448 0.011250 0.018984
2 0.555000 0.566195 0.039000 0.031973
2 0.524062 0.557452 0.008250 0.014988
2 0.109687 0.555371 0.014250 0.013988
2 0.350000 0.553289 0.007500 0.014988
2 0.245938 0.555787 0.018750 0.020983
2 0.734375 0.557036 0.019500 0.025978
2 0.211562 0.556203 0.015750 0.023980
2 0.486250 0.559534 0.030000 0.033972
2 0.405938 0.550375 0.009750 0.011990
2 0.148125 0.549958 0.010500 0.010991
2 0.148438 0.569942 0.072750 0.058951
2 0.051875 0.559117 0.031500 0.034971
2 0.335000 0.566611 0.054000 0.054954
2 0.771875 0.566195 0.039000 0.055953
2 0.661875 0.550791 0.016500 0.022981
2 0.539062 0.549958 0.006750 0.020983
2 0.290938 0.548293 0.006750 0.018984
2 0.570625 0.548293 0.010500 0.020983
2 0.557187 0.546628 0.020250 0.018984
2 0.530625 0.545795 0.018000 0.016986
2 0.283438 0.547044 0.014250 0.023980
2 0.596875 0.541216 0.007500 0.011990
2 0.479063 0.542465 0.011250 0.014988
2 0.937813 0.569942 0.054750 0.082931
2 0.929688 0.541632 0.020250 0.022981
2 0.299687 0.592423 0.078750 0.144879
2 0.151875 0.537885 0.024000 0.013988
2 0.585625 0.546211 0.016500 0.037968
2 0.736875 0.541216 0.024000 0.027977
2 0.400000 0.538301 0.009000 0.022981
2 0.269375 0.541632 0.025500 0.030974
2 0.471875 0.537885 0.016500 0.031973
2 0.068437 0.541216 0.024750 0.039967
2 0.039688 0.534138 0.009750 0.024979
2 0.233125 0.529559 0.007500 0.015987
2 0.152500 0.528726 0.019500 0.015987
2 0.426563 0.543714 0.051750 0.053955
2 0.583125 0.530391 0.019500 0.023980
2 0.130938 0.531640 0.024750 0.028976
2 0.239375 0.527061 0.006000 0.019983
2 0.320625 0.529559 0.022500 0.027977
2 0.227813 0.563697 0.096750 0.109908
2 0.575000 0.521649 0.010500 0.010991
2 0.502188 0.537885 0.041250 0.049958
2 0.383437 0.526228 0.024750 0.021982
2 0.307812 0.530808 0.012750 0.032973
2 0.371250 0.521232 0.009000 0.011990
2 0.362812 0.542048 0.075750 0.061948
2 0.113437 0.534138 0.029250 0.042964
2 0.404687 0.520400 0.014250 0.011990
2 0.136250 0.523730 0.018000 0.021982
2 0.923438 0.519983 0.009750 0.016986
2 0.448437 0.544130 0.027750 0.074938
2 0.464062 0.518734 0.012750 0.015987
2 0.425000 0.514571 0.013500 0.007993
2 0.284687 0.524563 0.044250 0.031973
2 0.218438 0.540799 0.039750 0.076936
2 0.155938 0.514155 0.012750 0.012989
2 0.113125 0.514155 0.010500 0.012989
2 0.602500 0.526228 0.024000 0.043963
2 0.083750 0.546211 0.045000 0.091923
2 0.994375 0.512906 0.011250 0.013988
2 0.501875 0.511657 0.012000 0.010991
2 0.172500 0.532473 0.046500 0.064946
2 0.385000 0.510408 0.013500 0.013988
2 0.092813 0.519151 0.035250 0.036969
2 0.696875 0.508743 0.009000 0.013988
2 0.044687 0.523730 0.047250 0.051957
2 0.635625 0.506661 0.015000 0.012989
2 0.337813 0.507910 0.012750 0.015987
2 0.214688 0.504580 0.009750 0.013988
2 0.067187 0.503331 0.017250 0.012989
2 0.121563 0.502082 0.009750 0.013988
2 0.815000 0.501665 0.012000 0.014988
2 0.108438 0.505828 0.011250 0.024979
2 0.638750 0.549542 0.117000 0.133888
2 0.226562 0.500833 0.012750 0.016986
2 0.170625 0.508743 0.022500 0.039967
2 0.527188 0.507494 0.033750 0.038968
2 0.460313 0.501249 0.026250 0.023980
2 0.396562 0.496669 0.011250 0.014988
2 0.373750 0.504580 0.016500 0.033972
2 0.354687 0.502082 0.014250 0.027977
2 0.295625 0.501249 0.015000 0.025978
2 0.287500 0.496669 0.010500 0.014988
2 0.668125 0.498751 0.039000 0.023980
2 0.068125 0.493339 0.007500 0.010991
2 0.435937 0.499167 0.021750 0.026978
2 0.918125 0.495837 0.010500 0.022981
2 0.468125 0.491257 0.013500 0.011990
2 0.644687 0.490008 0.008250 0.010991
2 0.210000 0.494172 0.010500 0.022981
2 0.714688 0.495837 0.030750 0.032973
2 0.362187 0.492923 0.012750 0.025978
2 0.197813 0.502082 0.027750 0.047960
2 0.286562 0.485429 0.015750 0.009992
2 0.220625 0.489592 0.012000 0.021982
2 0.696562 0.489592 0.012750 0.023980
2 0.494063 0.504163 0.057750 0.060949
2 0.275313 0.495004 0.033750 0.040966
2 0.120938 0.486678 0.018750 0.020983
2 0.397813 0.482931 0.009750 0.015987
2 0.259062 0.485429 0.015750 0.021982
2 0.387813 0.487927 0.012750 0.029975
2 0.527188 0.480849 0.023250 0.018984
2 0.053437 0.480849 0.012750 0.018984
2 0.574688 0.495837 0.086250 0.056953
2 0.334062 0.485845 0.038250 0.032973
2 0.078437 0.484596 0.015750 0.029975
2 0.351875 0.480017 0.018000 0.022981
2 0.280000 0.474188 0.009000 0.008993
2 0.107188 0.477935 0.014250 0.017985
2 0.861563 0.478351 0.027750 0.024979
2 0.768750 0.472107 0.009000 0.009992
2 0.705625 0.474604 0.010500 0.017985
2 0.123438 0.472523 0.005250 0.012989
2 0.526563 0.470858 0.014250 0.012989
2 0.245312 0.507494 0.042750 0.100916
2 0.443437 0.479600 0.045750 0.035970
2 0.618437 0.485845 0.032250 0.054954
2 0.944688 0.474188 0.024750 0.028976
2 0.700625 0.467111 0.012000 0.011990
2 0.232500 0.468360 0.006000 0.014988
2 0.207813 0.475437 0.035250 0.033972
2 0.736875 0.473356 0.019500 0.032973
2 0.415000 0.486261 0.048000 0.065945
2 0.275938 0.462948 0.015750 0.011990
2 0.202500 0.465445 0.010500 0.019983
2 0.295312 0.470858 0.026250 0.034971
2 0.155312 0.461282 0.012750 0.011990
2 0.602500 0.466694 0.027000 0.028976
2 0.371563 0.471690 0.035250 0.040966
2 0.142187 0.488343 0.042750 0.080933
2 0.731250 0.457952 0.015000 0.009992
2 0.005625 0.457535 0.011250 0.012989
2 0.144375 0.454621 0.016500 0.011990
2 0.261875 0.464197 0.027000 0.042964
2 0.636875 0.467527 0.037500 0.054954
2 0.167187 0.450042 0.012750 0.012989
2 0.229375 0.459201 0.022500 0.036969
2 0.194688 0.450874 0.026250 0.016986
2 0.611250 0.448793 0.006000 0.013988
2 0.985000 0.447960 0.015000 0.013988
2 0.411250 0.446711 0.009000 0.010991
2 0.270625 0.447544 0.010500 0.018984
2 0.214375 0.450042 0.019500 0.024979
2 0.587187 0.443797 0.009750 0.015987
2 0.245625 0.450042 0.013500 0.032973
2 0.745313 0.463364 0.032250 0.066944
2 0.262188 0.440050 0.014250 0.012989
2 0.960625 0.547877 0.078750 0.273772
2 0.710625 0.450458 0.027000 0.039967
2 0.122500 0.451291 0.037500 0.041965
2 0.395625 0.452540 0.027000 0.050958
2 0.410938 0.435054 0.015750 0.012989
2 0.808125 0.444629 0.025500 0.037968
2 0.178125 0.466278 0.049500 0.089925
2 0.795625 0.437552 0.021000 0.022981
2 0.580313 0.431307 0.012750 0.009992
2 0.371875 0.434221 0.012000 0.016986
2 0.706875 0.431307 0.010500 0.011990
2 0.646250 0.454621 0.081000 0.067943
2 0.200625 0.430058 0.013500 0.010991
2 0.243438 0.431724 0.015750 0.016986
2 0.034875 0.501665 0.069750 0.184846
2 0.521563 0.429642 0.018750 0.013988
2 0.256563 0.430058 0.014250 0.014988
2 0.182500 0.430058 0.009000 0.016986
2 0.195625 0.433389 0.024000 0.026978
2 0.508437 0.426728 0.011250 0.018984
2 0.232813 0.424230 0.008250 0.012989
2 0.858750 0.433805 0.015000 0.037968
2 0.940312 0.421316 0.008250 0.009992
2 0.499688 0.424646 0.008250 0.017985
2 0.987625 0.426728 0.024750 0.024979
2 0.554375 0.422148 0.006000 0.013988
2 0.685000 0.424646 0.015000 0.021982
2 0.169063 0.421732 0.018750 0.016986
2 0.135625 0.427560 0.016500 0.030974
2 0.949688 0.421732 0.009750 0.018984
2 0.867188 0.418818 0.008250 0.011990
2 0.752812 0.420899 0.008250 0.018984
2 0.150000 0.432556 0.042000 0.048959
2 0.804688 0.420483 0.009750 0.021982
2 0.110000 0.416320 0.009000 0.015987
2 0.220000 0.425062 0.028500 0.038968
2 0.150312 0.413405 0.015750 0.016986
2 0.271875 0.410908 0.016500 0.012989
2 0.825625 0.422148 0.039000 0.041965
2 0.989375 0.408826 0.015000 0.013988
2 0.390937 0.410075 0.024750 0.020983
2 0.689063 0.405495 0.012750 0.011990
2 0.607500 0.429226 0.048000 0.068943
2 0.935312 0.404246 0.011250 0.010991
2 0.179063 0.406328 0.014250 0.017985
2 0.655000 0.412157 0.034500 0.033972
2 0.830937 0.402165 0.009750 0.011990
2 0.724688 0.404246 0.008250 0.016986
2 0.152812 0.402998 0.006750 0.013988
2 0.320000 0.402581 0.012000 0.016986
2 0.929063 0.398834 0.014250 0.011990
2 0.006750 0.400083 0.013500 0.014988
2 0.130000 0.415071 0.039000 0.054954
2 0.691562 0.394671 0.012750 0.015987
2 0.972187 0.391757 0.006750 0.012989
2 0.687500 0.435887 0.085500 0.120899
2 0.076875 0.395920 0.018000 0.024979
2 0.402187 0.407161 0.038250 0.057952
2 0.991375 0.396336 0.017250 0.035970
2 0.899375 0.404246 0.033000 0.054954
2 0.182812 0.388843 0.017250 0.017985
2 0.165625 0.397169 0.022500 0.037968
2 0.126250 0.384263 0.009000 0.010991
2 0.028125 0.407993 0.056250 0.069942
2 0.953125 0.385096 0.010500 0.016986
2 0.761875 0.392173 0.018000 0.035970
2 0.130312 0.388843 0.021750 0.029975
2 0.593750 0.379684 0.007500 0.011990
2 0.698125 0.378851 0.007500 0.013988
2 0.123750 0.374271 0.009000 0.008993
2 0.757812 0.373855 0.014250 0.009992
2 0.957812 0.376353 0.008250 0.017985
2 0.941250 0.375104 0.012000 0.016986
2 0.735625 0.507910 0.202500 0.337719
2 0.185625 0.373022 0.010500 0.013988
2 0.993625 0.372606 0.012750 0.016986
2 0.261875 0.374271 0.021000 0.022981
2 0.690000 0.368443 0.009000 0.010991
2 0.403125 0.372190 0.022500 0.021982
2 0.707187 0.378851 0.014250 0.039967
2 0.361875 0.405495 0.088500 0.107910
2 0.956250 0.370525 0.027000 0.025978
2 0.079375 0.365529 0.012000 0.017985
2 0.995125 0.360949 0.009750 0.012989
2 0.339375 0.360533 0.007500 0.011990
2 0.480625 0.361782 0.015000 0.016986
2 0.730625 0.403414 0.070500 0.122898
2 0.252812 0.394255 0.048750 0.100916
2 0.565000 0.367194 0.024000 0.039967
2 0.967500 0.356370 0.006000 0.015987
2 0.761250 0.359284 0.009000 0.022981
2 0.644687 0.357619 0.014250 0.018984
2 0.970313 0.398418 0.047250 0.120899
2 0.227187 0.353872 0.012750 0.013988
2 0.739062 0.355953 0.018750 0.022981
2 0.954375 0.353039 0.016500 0.017985
2 0.200000 0.353872 0.010500 0.025978
2 0.268125 0.358035 0.021000 0.037968
2 0.968750 0.353872 0.013500 0.029975
2 0.699688 0.347211 0.021750 0.017985
2 0.928125 0.354704 0.027000 0.041965
2 0.896250 0.342631 0.009000 0.014988
2 0.608125 0.346794 0.015000 0.024979
2 0.227500 0.341799 0.009000 0.012989
2 0.188438 0.345545 0.015750 0.023980
2 0.134375 0.367194 0.129000 0.075937
2 0.947187 0.342215 0.008250 0.017985
2 0.679063 0.338884 0.008250 0.009992
2 0.235625 0.365529 0.030000 0.075937
2 0.702812 0.352206 0.068250 0.047960
2 0.284687 0.336386 0.014250 0.009992
2 0.974375 0.336386 0.009000 0.011990
2 0.647813 0.376769 0.125250 0.108909
2 0.773750 0.347211 0.022500 0.039967
2 0.143437 0.346378 0.032250 0.051957
2 0.985000 0.339717 0.030000 0.039967
2 0.128125 0.338468 0.043500 0.036969
2 0.236563 0.326811 0.012750 0.010991
2 0.599375 0.330558 0.027000 0.021982
2 0.163125 0.332639 0.019500 0.030974
2 0.220312 0.324313 0.008250 0.012989
2 0.465000 0.322231 0.012000 0.013988
2 0.084062 0.323480 0.014250 0.018984
2 0.991875 0.322648 0.012000 0.018984
2 0.978125 0.321815 0.018000 0.020983
2 0.248750 0.331391 0.024000 0.043963
2 0.723437 0.317652 0.014250 0.012989
2 0.452813 0.325562 0.015750 0.031973
2 0.473750 0.321399 0.016500 0.023980
2 0.094062 0.320566 0.015750 0.025978
2 0.410938 0.313489 0.011250 0.010991
2 0.008250 0.321399 0.016500 0.029975
2 0.004875 0.316819 0.009750 0.018984
2 0.047813 0.317652 0.015750 0.026978
2 0.312812 0.410908 0.098250 0.256786
2 0.228437 0.313905 0.023250 0.023980
2 0.105625 0.330558 0.028500 0.063947
2 0.921250 0.309742 0.009000 0.017985
2 0.147813 0.313905 0.026250 0.027977
2 0.903750 0.307244 0.010500 0.013988
2 0.859062 0.305995 0.012750 0.010991
2 0.385313 0.310991 0.017250 0.028976
2 0.935937 0.320983 0.083250 0.054954
2 0.062500 0.303913 0.012000 0.013988
2 0.073125 0.405495 0.146250 0.257785
2 0.007812 0.300999 0.012750 0.012989
2 0.209687 0.301832 0.008250 0.016986
2 0.202813 0.359700 0.072750 0.155870
2 0.924375 0.300167 0.022500 0.016986
2 0.424063 0.297252 0.008250 0.009992
2 0.317500 0.319317 0.028500 0.066944
2 0.226875 0.298085 0.013500 0.015987
2 0.085938 0.308077 0.035250 0.041965
2 0.960938 0.296003 0.011250 0.018984
2 0.937813 0.298501 0.012750 0.024979
2 0.583438 0.294338 0.011250 0.014988
2 0.440937 0.306828 0.029250 0.046961
2 0.113125 0.295587 0.016500 0.019983
2 0.071563 0.295171 0.017250 0.018984
2 0.892188 0.312240 0.030750 0.063947
2 0.285313 0.299334 0.047250 0.032973
2 0.874687 0.303913 0.026250 0.047960
2 0.833750 0.291424 0.012000 0.017985
2 0.591562 0.287677 0.011250 0.010991
2 0.126250 0.297669 0.024000 0.046961
2 0.044062 0.280183 0.009750 0.010991
2 0.132500 0.281016 0.016500 0.014988
2 0.605000 0.279767 0.009000 0.017985
2 0.580000 0.281016 0.016500 0.020983
2 0.325000 0.286012 0.015000 0.032973
2 0.980125 0.292256 0.039750 0.051957
2 0.292812 0.282265 0.062250 0.029975
2 0.909687 0.288510 0.020250 0.046961
2 0.270937 0.273522 0.009750 0.010991
2 0.262813 0.273938 0.008250 0.013988
2 0.258125 0.311407 0.057000 0.105912
2 0.960313 0.274771 0.020250 0.021982
2 0.592187 0.273522 0.018750 0.018984
2 0.937813 0.280183 0.057750 0.038968
2 0.893125 0.270608 0.009000 0.015987
2 0.026250 0.280183 0.052500 0.040966
2 0.925000 0.270192 0.016500 0.018984
2 0.014375 0.264363 0.009000 0.010991
2 0.543125 0.264363 0.010500 0.012989
2 0.859375 0.275187 0.049500 0.040966
2 0.592500 0.261865 0.007500 0.010991
2 0.292187 0.265612 0.026250 0.019983
2 0.864062 0.266028 0.012750 0.022981
2 0.224375 0.266028 0.007500 0.026978
2 0.235313 0.273106 0.074250 0.049958
2 0.164062 0.260616 0.018750 0.021982
2 0.037812 0.262698 0.024750 0.026978
2 0.906875 0.267694 0.028500 0.040966
2 0.890938 0.258535 0.008250 0.018984
2 0.007875 0.258951 0.015750 0.019983
2 0.917813 0.251041 0.011250 0.012989
2 0.566250 0.261449 0.021000 0.039967
2 0.935937 0.253539 0.015750 0.022981
2 0.020313 0.252706 0.012750 0.020983
2 0.950313 0.248127 0.008250 0.013988
2 0.242812 0.249792 0.024750 0.023980
2 0.903438 0.244796 0.020250 0.015987
2 0.228437 0.243547 0.018750 0.020983
2 0.957812 0.256453 0.039750 0.055953
2 0.866875 0.243963 0.022500 0.027977
2 0.883125 0.241882 0.022500 0.024979
2 0.796875 0.240216 0.015000 0.022981
2 0.219688 0.232306 0.009750 0.005995
2 0.927188 0.236886 0.012750 0.018984
2 0.915937 0.233555 0.006750 0.010991
2 0.268437 0.239384 0.009750 0.024979
2 0.432500 0.233139 0.012000 0.011990
2 0.182188 0.235637 0.014250 0.017985
2 0.093438 0.240216 0.015750 0.030974
2 0.983750 0.243963 0.021000 0.041965
2 0.942500 0.229392 0.018000 0.008993
2 0.844375 0.242298 0.040500 0.039967
2 0.889687 0.232306 0.008250 0.019983
2 0.905625 0.233972 0.031500 0.027977
2 0.635625 0.227727 0.015000 0.012989
2 0.070625 0.234388 0.016500 0.028976
2 0.006000 0.228560 0.012000 0.014988
2 0.989875 0.245212 0.020250 0.056953
2 0.970938 0.231057 0.011250 0.022981
2 0.867188 0.225645 0.008250 0.015987
2 0.332188 0.228976 0.020250 0.023980
2 0.038125 0.236053 0.018000 0.040966
2 0.940000 0.221482 0.009000 0.009992
2 0.876875 0.225645 0.013500 0.019983
2 0.586250 0.224813 0.018000 0.021982
2 0.555937 0.224396 0.008250 0.020983
2 0.217812 0.220649 0.020250 0.015987
2 0.926562 0.217735 0.008250 0.012989
2 0.070625 0.218984 0.010500 0.015987
2 0.889375 0.220233 0.012000 0.020983
2 0.203437 0.216903 0.012750 0.012989
2 0.859688 0.217735 0.018750 0.018984
2 0.285000 0.213572 0.010500 0.010991
2 0.579688 0.206495 0.012750 0.009992
2 0.705937 0.214821 0.023250 0.031973
2 0.299063 0.235637 0.089250 0.083930
2 0.589688 0.206911 0.008250 0.016986
2 0.905312 0.215654 0.041250 0.039967
2 0.105625 0.207327 0.025500 0.019983
2 0.959063 0.203997 0.012750 0.013988
2 0.510938 0.232723 0.065250 0.082931
2 0.462187 0.347211 0.362250 0.357702
2 0.020625 0.201082 0.009000 0.008993
2 0.011562 0.201915 0.008250 0.010991
2 0.900000 0.202748 0.010500 0.014988
2 0.186562 0.259784 0.066750 0.153872
2 0.081562 0.226478 0.038250 0.077935
2 0.944063 0.200666 0.011250 0.017985
2 0.759375 0.198585 0.007500 0.012989
2 0.340000 0.209409 0.054000 0.040966
2 0.984062 0.199833 0.014250 0.019983
2 0.875625 0.206495 0.030000 0.035970
2 0.022500 0.215654 0.045000 0.059950
2 0.105625 0.197336 0.012000 0.017985
2 0.897813 0.193589 0.014250 0.010991
2 0.421875 0.196503 0.015000 0.017985
2 0.091875 0.198168 0.028500 0.021982
2 0.963750 0.210241 0.033000 0.052956
2 0.932500 0.199833 0.012000 0.027977
2 0.005000 0.197336 0.009000 0.025978
2 0.393750 0.196919 0.030000 0.028976
2 0.782813 0.189425 0.009750 0.014988
2 0.991750 0.191091 0.016500 0.022981
2 0.869062 0.190258 0.012750 0.020983
2 0.857187 0.196503 0.014250 0.035970
2 0.302187 0.188177 0.006750 0.015987
2 0.821875 0.183597 0.015000 0.012989
2 0.916250 0.194838 0.031500 0.041965
2 0.883750 0.183597 0.015000 0.014988
2 0.262188 0.189842 0.018750 0.029975
2 0.277813 0.206495 0.050250 0.071940
2 0.956562 0.196919 0.050250 0.052956
2 0.731875 0.208576 0.063000 0.080933
2 0.315312 0.184846 0.021750 0.027977
2 0.302812 0.177769 0.008250 0.010991
2 0.859375 0.176520 0.009000 0.009992
2 0.027813 0.179017 0.009750 0.019983
2 0.848125 0.177352 0.016500 0.017985
2 0.893750 0.177769 0.016500 0.024979
2 0.824375 0.171940 0.012000 0.010991
2 0.270313 0.173605 0.012750 0.014988
2 0.984688 0.173189 0.017250 0.015987
2 0.775937 0.171940 0.017250 0.012989
2 0.880938 0.173605 0.021750 0.018984
2 0.043750 0.190674 0.025500 0.059950
2 0.960000 0.177769 0.066000 0.032973
2 0.916562 0.171524 0.014250 0.017985
2 0.013875 0.177352 0.027750 0.031973
2 0.377812 0.176103 0.039750 0.032973
2 0.111875 0.233139 0.162000 0.173855
2 0.347813 0.177352 0.029250 0.045962
2 0.038437 0.165695 0.015750 0.017985
2 0.079062 0.164863 0.012750 0.017985
2 0.706250 0.160699 0.013500 0.009992
2 0.756563 0.162365 0.012750 0.015987
2 0.135000 0.176520 0.025500 0.049958
2 0.411562 0.158618 0.012750 0.008993
2 0.033125 0.157369 0.015000 0.007993
2 0.731563 0.159450 0.008250 0.014988
2 0.973125 0.160283 0.013500 0.018984
2 0.338438 0.158201 0.012750 0.013988
2 0.959063 0.160699 0.009750 0.021982
2 0.191875 0.161532 0.019500 0.023980
2 0.325937 0.169026 0.024750 0.047960
2 0.940625 0.162365 0.039000 0.033972
2 0.887500 0.157369 0.013500 0.021982
2 0.839375 0.165695 0.024000 0.041965
2 0.007875 0.151124 0.015750 0.008993
2 0.832187 0.153622 0.012750 0.016986
2 0.379688 0.153206 0.015750 0.015987
2 0.019375 0.161116 0.019500 0.034971
2 0.990625 0.157785 0.018750 0.028976
2 0.759687 0.152789 0.018750 0.018984
2 0.029063 0.149459 0.012750 0.010991
2 0.403438 0.167777 0.041250 0.056953
2 0.091250 0.153622 0.015000 0.022981
2 0.038125 0.148626 0.006000 0.014988
2 0.436875 0.166528 0.054000 0.059950
2 0.167500 0.147377 0.006000 0.015987
2 0.957500 0.146545 0.024000 0.015987
2 0.778750 0.147377 0.013500 0.019983
2 0.214375 0.149459 0.013500 0.024979
2 0.935000 0.146961 0.018000 0.020983
2 0.158125 0.144463 0.015000 0.014988
2 0.868437 0.151540 0.024750 0.033972
2 0.416250 0.144463 0.016500 0.016986
2 0.147813 0.143214 0.012750 0.015987
2 0.882812 0.142381 0.006750 0.015987
2 0.890938 0.141132 0.012750 0.014988
2 0.767813 0.139883 0.008250 0.011990
2 0.318750 0.140300 0.007500 0.012989
2 0.096250 0.161532 0.057000 0.065945
2 0.742812 0.137802 0.011250 0.010991
2 0.033438 0.138634 0.008250 0.012989
2 0.195937 0.142381 0.026250 0.023980
2 0.272813 0.135720 0.012750 0.009992
2 0.040313 0.137802 0.009750 0.018984
2 0.995125 0.137386 0.009750 0.021982
2 0.906563 0.153622 0.035250 0.060949
2 0.928750 0.135304 0.019500 0.020983
2 0.432188 0.136553 0.020250 0.023980
2 0.158750 0.131141 0.009000 0.012989
2 0.332500 0.137802 0.030000 0.030974
2 0.891563 0.129475 0.011250 0.014988
2 0.884062 0.128226 0.005250 0.011990
2 0.813750 0.144047 0.046500 0.049958
2 0.306563 0.134055 0.020250 0.025978
2 0.071563 0.194421 0.062250 0.170858
2 0.978125 0.134888 0.036000 0.031973
2 0.945312 0.131973 0.014250 0.024979
2 0.754062 0.134888 0.020250 0.035970
2 0.052187 0.132390 0.017250 0.031973
2 0.973750 0.125729 0.012000 0.017985
2 0.816250 0.125312 0.006000 0.016986
2 0.345625 0.124063 0.010500 0.013988
2 0.094062 0.124480 0.012750 0.020983
2 0.845938 0.120316 0.011250 0.014988
2 0.503125 0.119067 0.016500 0.011990
2 0.027813 0.123231 0.021750 0.021982
2 0.991375 0.119067 0.017250 0.013988
2 0.861563 0.118651 0.011250 0.014988
2 0.854062 0.129892 0.027750 0.043963
2 0.785625 0.127394 0.040500 0.037968
2 0.065312 0.114488 0.009750 0.008993
2 0.953125 0.116153 0.012000 0.014988
2 0.903125 0.113655 0.010500 0.010991
2 0.879062 0.120316 0.017250 0.026978
2 0.080625 0.121149 0.022500 0.028976
2 0.945000 0.114488 0.006000 0.014988
2 0.729688 0.115321 0.012750 0.016986
2 0.867812 0.110325 0.009750 0.010991
2 0.826562 0.114488 0.012750 0.022981
2 0.807500 0.113655 0.015000 0.020983
2 0.721250 0.109076 0.012000 0.009992
2 0.767188 0.113655 0.026250 0.022981
2 0.687187 0.112823 0.008250 0.020983
2 0.092813 0.115321 0.021750 0.026978
2 0.039062 0.115321 0.020250 0.026978
2 0.830625 0.107827 0.009000 0.012989
2 0.217500 0.123231 0.058500 0.051957
2 0.936875 0.104496 0.018000 0.010991
2 0.898125 0.106578 0.012000 0.015987
2 0.851562 0.104913 0.009750 0.011990
2 0.744062 0.107410 0.008250 0.019983
2 0.067812 0.104080 0.011250 0.011990
2 0.862500 0.102415 0.015000 0.015987
2 0.239375 0.109076 0.036000 0.031973
2 0.991000 0.103664 0.018000 0.020983
2 0.919687 0.110325 0.024750 0.036969
2 0.119375 0.097002 0.012000 0.006994
2 0.946562 0.100749 0.008250 0.017985
2 0.668125 0.101166 0.015000 0.018984
2 0.750625 0.103664 0.019500 0.032973
2 0.018750 0.118651 0.037500 0.068943
2 0.221875 0.093672 0.009000 0.012989
2 0.027187 0.094921 0.011250 0.015987
2 0.183125 0.168193 0.190500 0.193838
2 0.753437 0.090758 0.015750 0.011990
2 0.645938 0.093256 0.020250 0.017985
2 0.955625 0.094505 0.015000 0.022981
2 0.916875 0.092839 0.009000 0.022981
2 0.509687 0.098668 0.020250 0.038968
2 0.092188 0.096170 0.023250 0.032973
2 0.055313 0.098251 0.048750 0.039967
2 0.007875 0.088260 0.015750 0.015987
2 0.215000 0.087011 0.010500 0.014988
2 0.840938 0.121149 0.038250 0.098918
2 0.866875 0.089092 0.015000 0.023980
2 0.856250 0.084929 0.010500 0.013988
2 0.772188 0.093256 0.042750 0.033972
2 0.092188 0.082848 0.011250 0.008993
2 0.877500 0.080350 0.009000 0.008993
2 0.435000 0.081599 0.013500 0.013988
2 0.806250 0.079933 0.009000 0.011990
2 0.048438 0.079933 0.015750 0.011990
2 0.752188 0.079933 0.012750 0.013988
2 0.738125 0.096170 0.016500 0.052956
2 0.645000 0.078268 0.012000 0.011990
2 0.028125 0.079933 0.010500 0.017985
2 0.658438 0.089509 0.027750 0.042964
2 0.080000 0.087427 0.019500 0.039967
2 0.412187 0.074521 0.011250 0.010991
2 0.036875 0.078684 0.010500 0.022981
2 0.187188 0.077435 0.018750 0.021982
2 0.911875 0.084097 0.022500 0.039967
2 0.869062 0.070774 0.017250 0.013988
2 0.594375 0.073689 0.006000 0.020983
2 0.890938 0.098251 0.041250 0.085928
2 0.384375 0.113239 0.118500 0.121898
2 0.332500 0.081182 0.036000 0.044963
2 0.048125 0.068276 0.009000 0.015987
2 0.929375 0.078684 0.030000 0.042964
2 0.816875 0.076187 0.027000 0.038968
2 0.792813 0.067027 0.006750 0.016986
2 0.783750 0.064946 0.009000 0.015987
2 0.463438 0.060366 0.011250 0.006994
2 0.334062 0.063281 0.020250 0.013988
2 0.064062 0.071607 0.027750 0.033972
2 0.974375 0.092007 0.043500 0.084929
2 0.855000 0.066195 0.013500 0.024979
2 0.093750 0.067027 0.018000 0.026978
2 0.198750 0.060783 0.009000 0.013988
2 0.826250 0.060783 0.019500 0.015987
2 0.769062 0.067027 0.021750 0.030974
2 0.409687 0.060783 0.009750 0.015987
2 0.369375 0.057868 0.018000 0.008993
2 0.990000 0.057036 0.009000 0.008993
2 0.840938 0.068693 0.026250 0.036969
2 0.402500 0.059534 0.009000 0.014988
2 0.904062 0.057452 0.014250 0.013988
2 0.893437 0.056203 0.009750 0.012989
2 0.978437 0.061199 0.017250 0.028976
2 0.352187 0.059534 0.020250 0.030974
2 0.673438 0.048293 0.009750 0.007993
2 0.809688 0.050791 0.012750 0.015987
2 0.327500 0.049958 0.007500 0.013988
2 0.996625 0.052040 0.006750 0.020983
2 0.957812 0.062448 0.039750 0.045962
2 0.768437 0.055787 0.014250 0.031973
2 0.596250 0.052456 0.010500 0.023980
2 0.554688 0.049958 0.020250 0.017985
2 0.384375 0.066611 0.040500 0.061948
2 0.944375 0.064530 0.025500 0.058951
2 0.754687 0.052873 0.024750 0.030974
2 0.311250 0.052873 0.021000 0.030974
2 0.335625 0.048293 0.016500 0.021982
2 0.409687 0.044963 0.009750 0.017985
2 0.833438 0.046628 0.023250 0.025978
2 0.916250 0.042048 0.016500 0.016986
2 0.876250 0.042048 0.007500 0.016986
2 0.420000 0.045795 0.016500 0.025978
2 0.622812 0.040383 0.017250 0.016986
2 0.097187 0.042881 0.009750 0.022981
2 0.732812 0.038301 0.006750 0.013988
2 0.007500 0.049126 0.015000 0.039967
2 0.786563 0.043714 0.026250 0.028976
2 0.304063 0.040383 0.017250 0.020983
2 0.991750 0.040383 0.016500 0.026978
2 0.657500 0.039967 0.033000 0.027977
2 0.178750 0.048709 0.028500 0.048959
2 0.021375 0.057452 0.042750 0.071940
2 0.791250 0.031224 0.013500 0.012989
2 0.029063 0.036220 0.015750 0.024979
2 0.849063 0.034971 0.009750 0.023980
2 0.040938 0.028726 0.008250 0.010991
2 0.330000 0.032889 0.019500 0.024979
2 0.778750 0.025812 0.009000 0.009992
2 0.215625 0.042048 0.022500 0.048959
2 0.930000 0.023314 0.007500 0.011990
2 0.770625 0.023314 0.006000 0.011990
2 0.318750 0.029559 0.021000 0.026978
2 0.691875 0.023314 0.021000 0.013988
2 0.422187 0.025812 0.005250 0.019983
2 0.867500 0.039967 0.022500 0.055953
2 0.342813 0.027061 0.011250 0.024979
2 0.527500 0.030391 0.015000 0.038968
2 0.852500 0.019151 0.012000 0.015987
2 0.003375 0.019151 0.006750 0.015987
2 0.955000 0.017069 0.007500 0.012989
2 0.174063 0.022481 0.014250 0.025978
2 0.784062 0.015820 0.014250 0.011990
2 0.673438 0.028726 0.023250 0.042964
2 0.629062 0.015820 0.011250 0.011990
2 0.260937 0.018734 0.030750 0.022981
2 0.076563 0.014155 0.008250 0.015987
2 0.768437 0.010824 0.012750 0.011990
2 0.392813 0.029975 0.035250 0.057952
2 0.936875 0.032973 0.031500 0.065945
2 0.826562 0.013739 0.012750 0.026978
2 0.701562 0.032473 0.047250 0.064946
2 0.714375 0.006245 0.006000 0.010991
2 0.972187 0.028976 0.039750 0.057952
2 0.966250 0.008493 0.009000 0.016986
2 0.925000 0.004496 0.012000 0.008993
2 0.917813 0.025978 0.026250 0.051957
2 0.902188 0.006994 0.011250 0.013988
2 0.894687 0.027977 0.044250 0.055953
2 0.870625 0.008993 0.018000 0.017985
2 0.857500 0.007993 0.016500 0.015987
2 0.838125 0.016986 0.018000 0.033972
2 0.807500 0.066445 0.061500 0.132889
2 0.760312 0.024979 0.024750 0.049958
2 0.740313 0.007494 0.014250 0.014988
2 0.724375 0.015487 0.016500 0.030974
2 0.662813 0.005995 0.026250 0.011990
2 0.643125 0.021982 0.048000 0.043963
2 0.595938 0.044963 0.087750 0.089925
2 0.665500 0.415154 0.669000 0.830308
2 0.535937 0.008993 0.009750 0.017985
2 0.486563 0.067943 0.107250 0.135887
2 0.444375 0.064946 0.093000 0.129892
2 0.414062 0.006994 0.009750 0.013988
2 0.401250 0.011990 0.018000 0.023980
2 0.366250 0.034471 0.052500 0.068943
2 0.345000 0.008993 0.019500 0.017985
2 0.308437 0.028476 0.056250 0.056953
2 0.279687 0.007494 0.017250 0.014988
2 0.259062 0.007494 0.017250 0.014988
2 0.243438 0.005995 0.015750 0.011990
2 0.239063 0.009992 0.018750 0.019983
2 0.222500 0.008993 0.018000 0.017985
2 0.199063 0.017485 0.045750 0.034971
2 0.173750 0.008493 0.009000 0.016986
2 0.219375 0.115404 0.289500 0.230808
2 0.109375 0.019484 0.039000 0.038968
2 0.085000 0.040466 0.036000 0.080933
2 0.044375 0.004996 0.013500 0.009992
2 0.045375 0.036969 0.090750 0.073938
