2 0.482422 0.849479 0.023438 0.048750
2 0.459766 0.827604 0.029062 0.036250
2 0.503906 0.785937 0.030000 0.031250
2 0.487109 0.802083 0.045937 0.072500
2 0.533594 0.773438 0.016875 0.031250
2 0.552734 0.758854 0.021562 0.031250
2 0.482812 0.750000 0.015000 0.015000
2 0.560156 0.745833 0.011250 0.020000
2 0.461328 0.763542 0.019688 0.062500
2 0.521094 0.754167 0.026250 0.042500
2 0.541797 0.738542 0.012188 0.042500
2 0.588672 0.740625 0.057188 0.107500
2 0.472656 0.710938 0.065625 0.061250
2 0.503906 0.672396 0.020625 0.036250
2 0.621875 0.673438 0.028125 0.041250
2 0.502734 0.712500 0.102187 0.142500
2 0.544141 0.671875 0.019688 0.047500
2 0.464844 0.665104 0.028125 0.036250
2 0.491016 0.650521 0.006563 0.016250
2 0.537891 0.646875 0.014063 0.030000
2 0.576562 0.653646 0.026250 0.063750
2 0.499609 0.631771 0.027187 0.038750
2 0.582812 0.678646 0.084375 0.153750
2 0.513281 0.629687 0.028125 0.043750
2 0.426953 0.685417 0.068437 0.187500
2 0.524609 0.620833 0.023438 0.035000
2 0.430469 0.617708 0.020625 0.030000
2 0.423047 0.609375 0.008437 0.020000
2 0.396484 0.655208 0.034687 0.130000
2 0.595703 0.608333 0.023438 0.022500
2 0.473828 0.641667 0.047812 0.102500
2 0.562891 0.616667 0.030937 0.070000
2 0.513672 0.596875 0.027187 0.027500
2 0.534375 0.604688 0.018750 0.048750
2 0.628906 0.615104 0.026250 0.096250
2 0.577344 0.579167 0.020625 0.047500
2 0.553516 0.572917 0.025312 0.042500
2 0.436328 0.558854 0.012188 0.028750
2 0.385547 0.587500 0.053437 0.112500
2 0.550391 0.543229 0.015938 0.026250
2 0.414062 0.571354 0.097500 0.101250
2 0.621875 0.543229 0.026250 0.046250
2 0.452734 0.539062 0.017813 0.046250
2 0.483984 0.521875 0.008437 0.015000
2 0.481641 0.559375 0.053437 0.130000
2 0.498047 0.519792 0.015938 0.037500
2 0.516797 0.538542 0.040313 0.090000
2 0.439844 0.519271 0.020625 0.048750
2 0.599609 0.523438 0.034687 0.061250
2 0.637500 0.509896 0.026250 0.031250
2 0.548047 0.523438 0.049687 0.071250
2 0.420703 0.533333 0.029062 0.097500
2 0.380469 0.504167 0.028125 0.027500
2 0.437109 0.486979 0.019688 0.011250
2 0.610938 0.489063 0.024375 0.028750
2 0.472656 0.490104 0.026250 0.031250
2 0.570703 0.478646 0.015938 0.008750
2 0.498047 0.488021 0.030937 0.036250
2 0.576562 0.467708 0.022500 0.025000
2 0.408594 0.465104 0.011250 0.023750
2 0.408203 0.483854 0.030937 0.068750
2 0.502344 0.459375 0.054375 0.030000
2 0.430859 0.460938 0.029062 0.061250
2 0.556641 0.469271 0.047812 0.088750
2 0.453516 0.453646 0.025312 0.081250
2 0.382812 0.431771 0.026250 0.031250
2 0.482422 0.430729 0.029062 0.031250
2 0.403516 0.434375 0.021562 0.042500
2 0.431250 0.425521 0.020625 0.041250
2 0.528516 0.417708 0.029062 0.030000
2 0.507422 0.414583 0.021562 0.035000
2 0.355078 0.447917 0.079687 0.127500
2 0.454688 0.397396 0.048750 0.053750
2 0.406250 0.379688 0.028125 0.033750
2 0.546094 0.372917 0.028125 0.022500
2 0.483984 0.360417 0.029062 0.040000
2 0.371484 0.353646 0.030937 0.028750
2 0.434766 0.355208 0.019688 0.045000
2 0.512891 0.363542 0.049687 0.082500
2 0.490625 0.305729 0.011250 0.021250
2 0.486328 0.305729 0.017813 0.051250
