2 0.101250 0.880100 0.202500 0.239800
2 0.480625 0.662365 0.016500 0.016986
2 0.501875 0.657369 0.030000 0.026978
2 0.457188 0.648626 0.021750 0.009992
2 0.519375 0.646545 0.018000 0.008993
2 0.487812 0.642798 0.008250 0.013988
2 0.446562 0.651124 0.053250 0.037968
2 0.532500 0.642798 0.043500 0.031973
2 0.500938 0.635304 0.006750 0.017985
2 0.489687 0.630724 0.014250 0.010991
2 0.475000 0.637802 0.016500 0.035970
2 0.457813 0.631141 0.032250 0.035970
2 0.527500 0.620733 0.019500 0.014988
2 0.554688 0.620316 0.021750 0.023980
2 0.422500 0.621982 0.051000 0.035970
2 0.502188 0.609908 0.014250 0.008993
2 0.484687 0.614072 0.008250 0.018984
2 0.568750 0.604496 0.030000 0.023980
2 0.549375 0.592423 0.015000 0.010991
2 0.496563 0.592423 0.012750 0.016986
2 0.580313 0.587427 0.012750 0.010991
2 0.597812 0.587843 0.021750 0.013988
2 0.448437 0.595754 0.039750 0.040966
2 0.360625 0.592839 0.021000 0.041965
2 0.569688 0.581599 0.026250 0.022981
2 0.533125 0.577435 0.015000 0.012989
2 0.545312 0.578268 0.006750 0.016986
2 0.554688 0.573272 0.011250 0.010991
2 0.620313 0.584097 0.018750 0.038968
2 0.470625 0.572856 0.009000 0.013988
2 0.641875 0.582015 0.021000 0.041965
2 0.394375 0.581599 0.033000 0.052956
2 0.386250 0.569525 0.016500 0.025978
2 0.584375 0.562448 0.006000 0.016986
2 0.560312 0.557036 0.015750 0.007993
2 0.600000 0.564530 0.022500 0.035970
2 0.485312 0.555371 0.006750 0.019983
2 0.442812 0.560783 0.033750 0.032973
2 0.468750 0.553289 0.013500 0.022981
2 0.513437 0.552040 0.015750 0.021982
2 0.620625 0.552873 0.034500 0.031973
2 0.492812 0.553289 0.009750 0.036969
2 0.600000 0.542465 0.009000 0.014988
2 0.647500 0.549958 0.021000 0.036969
2 0.527813 0.546628 0.015750 0.028976
2 0.369063 0.550375 0.020250 0.037968
2 0.392188 0.544130 0.027750 0.028976
2 0.556250 0.518318 0.025500 0.014988
2 0.474375 0.526644 0.060000 0.040966
2 0.575937 0.513739 0.017250 0.019983
2 0.444375 0.512906 0.010500 0.017985
2 0.624062 0.524147 0.015750 0.046961
2 0.801625 0.701749 0.396750 0.596503
2 0.386562 0.507910 0.017250 0.019983
2 0.454375 0.508326 0.021000 0.022981
2 0.626563 0.502914 0.008250 0.013988
2 0.428125 0.513322 0.021000 0.040966
2 0.494688 0.500833 0.014250 0.022981
2 0.409062 0.502082 0.018750 0.041965
2 0.386250 0.493339 0.012000 0.020983
2 0.452188 0.489592 0.014250 0.017985
2 0.488750 0.491257 0.021000 0.025978
2 0.434063 0.483764 0.017250 0.021982
2 0.555625 0.489592 0.025500 0.045962
2 0.468750 0.489176 0.024000 0.046961
2 0.571562 0.480017 0.033750 0.028976
2 0.531875 0.471690 0.016500 0.008993
2 0.634062 0.482515 0.020250 0.038968
2 0.609375 0.470441 0.010500 0.027977
2 0.597187 0.467111 0.014250 0.023980
2 0.453437 0.466278 0.030750 0.023980
2 0.403438 0.468360 0.059250 0.032973
2 0.460313 0.447544 0.009750 0.010991
2 0.583750 0.449209 0.036000 0.032973
2 0.484375 0.448376 0.028500 0.034971
2 0.453437 0.432973 0.012750 0.013988
2 0.530312 0.436303 0.017250 0.033972
2 0.593125 0.428809 0.010500 0.017985
2 0.465313 0.417569 0.017250 0.008993
2 0.550937 0.439217 0.032250 0.072939
2 0.399375 0.423813 0.031500 0.035970
2 0.361875 0.418818 0.030000 0.033972
2 0.578438 0.418818 0.023250 0.035970
2 0.561875 0.403414 0.013500 0.006994
2 0.622188 0.431724 0.033750 0.082931
2 0.435625 0.418401 0.036000 0.058951
2 0.457500 0.401332 0.013500 0.027977
2 0.494375 0.409659 0.055500 0.055953
2 0.417187 0.397585 0.032250 0.026978
2 0.590938 0.389675 0.014250 0.009992
2 0.560937 0.387177 0.020250 0.027977
2 0.610938 0.384679 0.006750 0.023980
2 0.528750 0.392590 0.052500 0.064946
2 0.389375 0.389675 0.027000 0.057952
2 0.544375 0.358451 0.016500 0.012989
2 0.616250 0.360949 0.033000 0.024979
2 0.562813 0.360533 0.018750 0.027977
2 0.488438 0.365529 0.069750 0.039967
2 0.492500 0.355121 0.021000 0.016986
2 0.525312 0.357619 0.012750 0.026978
2 0.484687 0.349709 0.006750 0.009992
2 0.379063 0.362198 0.029250 0.055953
2 0.530000 0.343047 0.016500 0.025978
2 0.491563 0.337219 0.021750 0.011990
2 0.467813 0.337219 0.023250 0.017985
2 0.443437 0.358451 0.033750 0.080933
2 0.404375 0.342215 0.025500 0.047960
2 0.583438 0.333888 0.056250 0.033972
2 0.530312 0.323480 0.006750 0.014988
2 0.515625 0.320150 0.006000 0.016986
2 0.491875 0.318485 0.045000 0.030974
2 0.458437 0.311823 0.027750 0.020983
2 0.561875 0.314321 0.030000 0.028976
2 0.545937 0.302248 0.011250 0.015987
2 0.375312 0.313905 0.027750 0.043963
2 0.524687 0.303081 0.020250 0.027977
2 0.505000 0.298918 0.025500 0.027977
2 0.548438 0.289342 0.009750 0.012989
2 0.562813 0.290175 0.008250 0.022981
2 0.443437 0.287677 0.033750 0.028976
2 0.525312 0.277269 0.032250 0.029975
2 0.479687 0.272273 0.035250 0.027977
2 0.575313 0.269775 0.029250 0.027977
2 0.528125 0.257702 0.007500 0.010991
2 0.564063 0.255620 0.011250 0.011990
2 0.566875 0.239384 0.016500 0.018984
2 0.533750 0.234388 0.027000 0.036969
2 0.570625 0.227727 0.030000 0.028976
2 0.494688 0.218984 0.024750 0.039967
2 0.898750 0.119900 0.202500 0.239800
2 0.198375 0.298251 0.396750 0.596503
