2 0.602812 0.996003 0.009750 0.007993
2 0.227813 0.995504 0.012750 0.008993
2 0.093750 0.995004 0.015000 0.009992
2 0.785000 0.994505 0.007500 0.010991
2 0.374375 0.994505 0.018000 0.010991
2 0.478125 0.992506 0.010500 0.007993
2 0.362812 0.991257 0.012750 0.006994
2 0.060937 0.992007 0.018750 0.015987
2 0.800625 0.991007 0.027000 0.017985
2 0.336875 0.990008 0.024000 0.019983
2 0.137813 0.987927 0.012750 0.012989
2 0.679375 0.988510 0.018000 0.022981
2 0.630000 0.983764 0.009000 0.008993
2 0.899375 0.985012 0.013500 0.013988
2 0.983750 0.984180 0.010500 0.017985
2 0.432812 0.979017 0.030750 0.041965
2 0.973437 0.978518 0.024750 0.042964
2 0.557500 0.970441 0.012000 0.014988
2 0.353438 0.978018 0.023250 0.043963
2 0.689063 0.978518 0.029250 0.042964
2 0.432188 0.965862 0.011250 0.015987
2 0.729375 0.969026 0.075000 0.061948
2 0.426250 0.953789 0.013500 0.018984
2 0.285313 0.949625 0.014250 0.008993
2 0.432188 0.948376 0.009750 0.017985
2 0.740000 0.943797 0.007500 0.008993
2 0.924687 0.953789 0.018750 0.044963
2 0.727187 0.940883 0.020250 0.029975
2 0.800937 0.933389 0.006750 0.015987
2 0.609375 0.930891 0.009000 0.011990
2 0.529375 0.931307 0.018000 0.020983
2 0.398438 0.928809 0.009750 0.022981
2 0.602187 0.919650 0.012750 0.014988
2 0.610313 0.918818 0.005250 0.014988
2 0.373437 0.899667 0.018750 0.026978
2 0.008625 0.892590 0.017250 0.021982
2 0.900625 0.884679 0.018000 0.012989
2 0.011562 0.880100 0.008250 0.009992
2 0.377500 0.879267 0.009000 0.015987
2 0.264375 0.881765 0.024000 0.033972
2 0.963125 0.868859 0.010500 0.020983
2 0.904375 0.870108 0.021000 0.023980
2 0.905937 0.857619 0.011250 0.007993
2 0.781250 0.844296 0.015000 0.013988
2 0.376563 0.826811 0.009750 0.011990
2 0.773438 0.827644 0.021750 0.019983
2 0.392188 0.818485 0.017250 0.021982
2 0.799375 0.807244 0.012000 0.012989
2 0.837812 0.795171 0.011250 0.009992
2 0.399375 0.790591 0.013500 0.020983
2 0.389062 0.787677 0.011250 0.021982
2 0.804688 0.784346 0.011250 0.015987
2 0.394688 0.776020 0.009750 0.015987
2 0.312500 0.763114 0.012000 0.020983
2 0.886563 0.756037 0.009750 0.013988
2 0.997375 0.753955 0.005250 0.016986
2 0.817187 0.754371 0.009750 0.023980
2 0.810625 0.741882 0.010500 0.037968
2 0.980625 0.725229 0.007500 0.013988
2 0.856875 0.719400 0.007500 0.009992
2 0.955000 0.746878 0.090000 0.093922
2 0.980000 0.703997 0.015000 0.020983
2 0.272813 0.701915 0.015750 0.025978
2 0.964375 0.697752 0.021000 0.019983
2 0.381875 0.696503 0.009000 0.020983
2 0.173750 0.683597 0.012000 0.017985
2 0.894062 0.702748 0.047250 0.067943
2 0.968437 0.676103 0.014250 0.011990
2 0.881563 0.669026 0.012750 0.018984
2 0.995875 0.661532 0.008250 0.016986
2 0.395313 0.678601 0.044250 0.057952
2 0.905937 0.656120 0.009750 0.015987
2 0.897813 0.649875 0.008250 0.016986
2 0.227813 0.638634 0.008250 0.009992
2 0.905312 0.622814 0.012750 0.011990
2 0.980313 0.607827 0.008250 0.011990
2 0.312188 0.599500 0.015750 0.015987
2 0.237500 0.596170 0.019500 0.015987
2 0.968437 0.591590 0.041250 0.028976
2 0.887188 0.589925 0.014250 0.040966
2 0.902188 0.580766 0.018750 0.030974
2 0.929375 0.572856 0.012000 0.013988
2 0.945625 0.581182 0.036000 0.041965
2 0.005625 0.575354 0.011250 0.027977
2 0.350625 0.567444 0.013500 0.010991
2 0.033438 0.569525 0.011250 0.025978
2 0.936250 0.562448 0.013500 0.014988
2 0.991000 0.567444 0.018000 0.028976
2 0.291563 0.560366 0.015750 0.013988
2 0.968125 0.551624 0.007500 0.012989
2 0.940312 0.551207 0.018750 0.011990
2 0.011250 0.559534 0.022500 0.039967
2 0.023750 0.545379 0.016500 0.021982
2 0.156250 0.539550 0.007500 0.017985
2 0.945312 0.547460 0.042750 0.046961
2 0.386250 0.528310 0.018000 0.014988
2 0.329688 0.546628 0.027750 0.058951
2 0.012750 0.536220 0.025500 0.035970
2 0.967500 0.524979 0.016500 0.012989
2 0.876563 0.515404 0.012750 0.011990
2 0.892813 0.567027 0.096750 0.145878
2 0.994000 0.509159 0.012000 0.014988
2 0.898750 0.501249 0.012000 0.009992
2 0.923750 0.510408 0.048000 0.041965
2 0.884062 0.506661 0.026250 0.036969
2 0.996250 0.480849 0.007500 0.008993
2 0.852187 0.484180 0.012750 0.026978
2 0.865000 0.492090 0.024000 0.053955
2 0.366250 0.479600 0.022500 0.023980
2 0.198750 0.478351 0.009000 0.020983
2 0.972625 0.515404 0.054750 0.155870
2 0.244375 0.451291 0.012000 0.017985
2 0.127188 0.451707 0.017250 0.018984
2 0.252500 0.447960 0.015000 0.021982
2 0.134687 0.442132 0.011250 0.015987
2 0.955313 0.442132 0.011250 0.017985
2 0.289062 0.445878 0.011250 0.032973
2 0.122500 0.437968 0.012000 0.013988
2 0.244375 0.435470 0.009000 0.015987
2 0.178437 0.438385 0.012750 0.030974
2 0.073750 0.432973 0.015000 0.019983
2 0.146875 0.438385 0.025500 0.038968
2 0.993625 0.416320 0.012750 0.019983
2 0.995500 0.402165 0.009000 0.011990
2 0.338438 0.403414 0.015750 0.018984
2 0.025625 0.402998 0.018000 0.023980
2 0.994750 0.382182 0.010500 0.033972
2 0.003000 0.355121 0.006000 0.014988
2 0.983500 0.352206 0.033000 0.035970
2 0.337500 0.345962 0.009000 0.024979
2 0.970000 0.333472 0.016500 0.018984
2 0.345313 0.322648 0.009750 0.014988
2 0.278438 0.325978 0.027750 0.022981
2 0.360000 0.309326 0.015000 0.024979
2 0.103750 0.305579 0.024000 0.023980
2 0.973750 0.290591 0.013500 0.011990
2 0.821250 0.288510 0.006000 0.018984
2 0.770000 0.284763 0.016500 0.019983
2 0.794375 0.293089 0.043500 0.041965
2 0.982375 0.286012 0.035250 0.034971
2 0.125625 0.278102 0.010500 0.015987
2 0.015750 0.288093 0.031500 0.045962
2 0.947187 0.275604 0.011250 0.019983
2 0.767500 0.262281 0.007500 0.009992
2 0.120625 0.261865 0.015000 0.018984
2 0.123125 0.247710 0.010500 0.012989
2 0.097812 0.272273 0.069750 0.077935
2 0.936875 0.253955 0.027000 0.057952
2 0.071250 0.239384 0.037500 0.026978
2 0.059687 0.223980 0.017250 0.011990
2 0.992125 0.221066 0.015750 0.020983
2 0.111875 0.216070 0.007500 0.012989
2 0.054688 0.211074 0.012750 0.014988
2 0.113750 0.202331 0.018000 0.017985
2 0.995125 0.185262 0.009750 0.022981
2 0.004500 0.181515 0.009000 0.017985
2 0.625000 0.171940 0.021000 0.018984
2 0.605938 0.156953 0.008250 0.016986
2 0.993625 0.148626 0.012750 0.028976
2 0.988750 0.133639 0.015000 0.010991
2 0.924063 0.134055 0.008250 0.019983
2 0.819375 0.131973 0.033000 0.038968
2 0.665625 0.112406 0.015000 0.011990
2 0.673438 0.103247 0.008250 0.013988
2 0.867188 0.102415 0.006750 0.015987
2 0.811562 0.104080 0.011250 0.019983
2 0.645625 0.104080 0.019500 0.019983
2 0.004500 0.103664 0.009000 0.022981
2 0.706875 0.099084 0.009000 0.013988
2 0.688750 0.093672 0.009000 0.014988
2 0.676562 0.092839 0.006750 0.012989
2 0.872188 0.095754 0.012750 0.021982
2 0.811250 0.090758 0.013500 0.009992
2 0.647188 0.090758 0.008250 0.015987
2 0.718750 0.093256 0.022500 0.025978
2 0.903438 0.084097 0.011250 0.009992
2 0.702500 0.089092 0.013500 0.025978
2 0.889375 0.100333 0.045000 0.054954
2 0.900937 0.072856 0.014250 0.012989
2 0.006000 0.080766 0.012000 0.031973
2 0.138750 0.052456 0.010500 0.017985
2 0.257188 0.047460 0.017250 0.009992
2 0.207187 0.047460 0.009750 0.011990
2 0.986250 0.046211 0.012000 0.014988
2 0.805937 0.042048 0.011250 0.008993
2 0.184688 0.037885 0.009750 0.016986
2 0.100625 0.054538 0.034500 0.058951
2 0.985000 0.032473 0.022500 0.009992
2 0.140000 0.034971 0.006000 0.015987
2 0.922500 0.037885 0.013500 0.026978
2 0.175937 0.033722 0.011250 0.018984
2 0.068437 0.034138 0.015750 0.021982
2 0.104688 0.024979 0.015750 0.015987
2 0.025000 0.022065 0.016500 0.008993
2 0.348438 0.022065 0.015750 0.014988
2 0.036562 0.022065 0.018750 0.034971
2 0.003375 0.017485 0.006750 0.025978
2 0.156875 0.030391 0.025500 0.058951
2 0.944063 0.009575 0.008250 0.014988
2 0.309688 0.006245 0.009750 0.010991
2 0.980875 0.018984 0.038250 0.037968
2 0.965938 0.019983 0.029250 0.039967
2 0.950000 0.006994 0.007500 0.013988
2 0.944063 0.042964 0.062250 0.085928
2 0.895750 0.167361 0.208500 0.334721
2 0.870000 0.007993 0.016500 0.015987
2 0.852187 0.011490 0.024750 0.022981
2 0.729688 0.003497 0.014250 0.006994
2 0.694063 0.011490 0.027750 0.022981
2 0.390000 0.003997 0.013500 0.007993
2 0.352812 0.008993 0.014250 0.017985
2 0.334062 0.007993 0.029250 0.015987
2 0.180625 0.004996 0.021000 0.009992
2 0.170937 0.027477 0.026250 0.054954
2 0.600000 0.600000 1.000000 1.000000
2 0.030000 0.008993 0.039000 0.017985
2 0.013125 0.016486 0.026250 0.032973
