2 0.432292 0.773438 0.067500 0.041250
2 0.465625 0.742578 0.025000 0.008437
2 0.404167 0.747656 0.082500 0.039375
2 0.460417 0.733594 0.022500 0.011250
2 0.492708 0.743359 0.047500 0.042188
2 0.488542 0.720313 0.015000 0.011250
2 0.308333 0.716406 0.067500 0.016875
2 0.573958 0.721875 0.042500 0.041250
2 0.407813 0.717187 0.028750 0.030000
2 0.245833 0.708203 0.072500 0.029062
2 0.425000 0.712109 0.037500 0.047812
2 0.300000 0.697656 0.027500 0.026250
2 0.475521 0.708594 0.071250 0.054375
2 0.388542 0.701953 0.047500 0.038437
2 0.342708 0.694141 0.055000 0.036562
2 0.258333 0.687500 0.065000 0.022500
2 0.453646 0.681250 0.016250 0.009375
2 0.264583 0.680078 0.025000 0.019688
2 0.307292 0.676953 0.030000 0.017813
2 0.333333 0.678125 0.022500 0.033750
2 0.495312 0.671875 0.068750 0.026250
2 0.310417 0.662891 0.032500 0.010312
2 0.454167 0.662500 0.025000 0.016875
2 0.565625 0.669531 0.057500 0.037500
2 0.351042 0.666016 0.032500 0.034687
2 0.268229 0.656641 0.026250 0.012188
2 0.202604 0.662109 0.136250 0.034687
2 0.318229 0.651172 0.023750 0.010312
2 0.332292 0.644531 0.037500 0.020625
2 0.416667 0.642969 0.042500 0.037500
2 0.321354 0.628516 0.018750 0.012188
2 0.618750 0.629687 0.067500 0.028125
2 0.371875 0.635547 0.065000 0.057188
2 0.118229 0.623047 0.056250 0.030937
2 0.492188 0.632031 0.143750 0.116250
2 0.398958 0.603125 0.087500 0.052500
2 0.569792 0.597656 0.067500 0.071250
2 0.193750 0.578906 0.052500 0.039375
2 0.032813 0.575000 0.046250 0.041250
2 0.240625 0.573828 0.062500 0.042188
2 0.544271 0.564453 0.033750 0.021562
2 0.196354 0.608203 0.276250 0.128438
2 0.179688 0.562891 0.023750 0.021562
2 0.468229 0.565625 0.046250 0.045000
2 0.439063 0.555859 0.051250 0.025312
2 0.718229 0.555859 0.066250 0.032813
2 0.646354 0.555859 0.051250 0.042188
2 0.557813 0.552344 0.038750 0.033750
2 0.089583 0.550000 0.075000 0.031875
2 0.210938 0.547266 0.023750 0.029062
2 0.246875 0.539844 0.045000 0.024375
2 0.028125 0.540234 0.056250 0.029062
2 0.338021 0.537109 0.036250 0.027187
2 0.216667 0.530078 0.040000 0.017813
2 0.315104 0.577734 0.111250 0.137813
2 0.450521 0.528516 0.041250 0.023438
2 0.489063 0.529297 0.066250 0.038437
2 0.472917 0.514062 0.020000 0.009375
2 0.177604 0.515625 0.016250 0.013125
2 0.245312 0.517969 0.018750 0.024375
2 0.194792 0.516016 0.010000 0.019688
2 0.066667 0.523828 0.045000 0.038437
2 0.318229 0.513281 0.016250 0.016875
2 0.590625 0.517969 0.057500 0.030000
2 0.268750 0.521484 0.035000 0.042188
2 0.214583 0.513281 0.030000 0.028125
2 0.179167 0.504687 0.020000 0.011250
2 0.463021 0.503516 0.011250 0.017813
2 0.251563 0.500391 0.026250 0.010312
2 0.301563 0.500781 0.018750 0.015000
2 0.145833 0.523828 0.125000 0.072187
2 0.530729 0.526172 0.066250 0.083437
2 0.205729 0.498437 0.031250 0.016875
2 0.308333 0.489844 0.025000 0.007500
2 0.423438 0.503125 0.078750 0.041250
2 0.663021 0.512891 0.101250 0.072187
2 0.375521 0.532031 0.138750 0.133125
2 0.245833 0.477344 0.020000 0.013125
2 0.604167 0.488672 0.045000 0.044062
2 0.276562 0.486328 0.046250 0.038437
2 0.322917 0.469922 0.015000 0.010312
2 0.447917 0.480469 0.110000 0.043125
2 0.303125 0.466406 0.027500 0.016875
2 0.360417 0.469531 0.072500 0.031875
2 0.193750 0.479687 0.140000 0.056250
2 0.145313 0.468359 0.041250 0.029062
2 0.196875 0.460156 0.047500 0.016875
2 0.672396 0.462500 0.046250 0.041250
2 0.337500 0.451172 0.015000 0.015938
2 0.165104 0.447656 0.021250 0.011250
2 0.473438 0.456641 0.098750 0.038437
2 0.415625 0.444531 0.067500 0.033750
2 0.168229 0.435156 0.016250 0.015000
2 0.294271 0.435937 0.036250 0.018750
2 0.386458 0.432812 0.042500 0.016875
2 0.490625 0.433984 0.040000 0.040313
2 0.282292 0.441797 0.127500 0.060937
2 0.559896 0.435937 0.113750 0.084375
2 0.425521 0.408594 0.068750 0.028125
2 0.531771 0.382812 0.041250 0.039375
2 0.511979 0.366797 0.073750 0.023438
2 0.565625 0.362109 0.037500 0.036562
2 0.248958 0.395703 0.220000 0.130312
2 0.369271 0.393359 0.116250 0.135937
2 0.492708 0.345313 0.047500 0.039375
2 0.332292 0.356641 0.072500 0.077812
2 0.415104 0.334375 0.118750 0.039375
2 0.556250 0.321875 0.040000 0.039375
2 0.600000 0.210547 1.000000 0.338438
