2 0.476250 0.677769 0.022500 0.043963
2 0.340000 0.627394 0.033000 0.024979
2 0.469687 0.629059 0.032250 0.034971
2 0.413125 0.630724 0.022500 0.040966
2 0.540937 0.621982 0.033750 0.021982
2 0.502812 0.629059 0.053250 0.072939
2 0.378437 0.607410 0.032250 0.028976
2 0.517500 0.582015 0.033000 0.027977
2 0.493437 0.582431 0.026250 0.032973
2 0.463750 0.567027 0.034500 0.027977
2 0.348438 0.560366 0.032250 0.027977
2 0.372188 0.559117 0.024750 0.038968
2 0.327813 0.548709 0.014250 0.013988
2 0.485000 0.542881 0.063000 0.027977
2 0.310000 0.557036 0.070500 0.079933
2 0.608750 0.523730 0.027000 0.025978
2 0.552188 0.538301 0.068250 0.078934
2 0.324375 0.513322 0.067500 0.034971
2 0.638125 0.506661 0.028500 0.028976
2 0.407813 0.552873 0.113250 0.145878
2 0.341875 0.497502 0.031500 0.024979
2 0.385625 0.489176 0.030000 0.054954
2 0.603750 0.487094 0.063000 0.067943
2 0.485000 0.442548 0.007500 0.014988
2 0.535937 0.445878 0.030750 0.038968
2 0.563438 0.442548 0.023250 0.042964
2 0.353438 0.447544 0.081750 0.068943
2 0.525625 0.422981 0.009000 0.011990
2 0.340625 0.418401 0.009000 0.020983
2 0.515312 0.418401 0.029250 0.042964
2 0.499688 0.403830 0.024750 0.031973
2 0.479063 0.380516 0.015750 0.013988
2 0.404687 0.375937 0.032250 0.028976
2 0.429063 0.363031 0.033750 0.031973
2 0.467187 0.335137 0.009750 0.012989
2 0.401250 0.326811 0.007500 0.020983
2 0.440937 0.415903 0.291750 0.276769
2 0.545625 0.355537 0.201000 0.223813
2 0.430937 0.292256 0.141750 0.129892
2 0.453125 0.236053 0.028500 0.030974
2 0.413438 0.226478 0.030750 0.029975
2 0.435312 0.210241 0.035250 0.032973
