2 0.644687 0.862614 0.050250 0.047960
2 0.640312 0.834305 0.008250 0.017985
2 0.663125 0.828060 0.013500 0.032973
2 0.634062 0.806411 0.009750 0.024979
2 0.610000 0.822648 0.064500 0.081932
2 0.622500 0.785595 0.019500 0.022981
2 0.646563 0.789342 0.018750 0.033972
2 0.666875 0.793505 0.063000 0.065945
2 0.448437 0.767694 0.023250 0.037968
2 0.455313 0.749792 0.008250 0.010991
2 0.396250 0.747710 0.007500 0.013988
2 0.599063 0.765196 0.032250 0.071940
2 0.573125 0.761032 0.031500 0.067943
2 0.398438 0.743963 0.095250 0.054954
2 0.735313 0.737719 0.036750 0.063947
2 0.648438 0.750208 0.039750 0.107910
2 0.617188 0.703164 0.014250 0.012989
2 0.456875 0.713988 0.015000 0.040966
2 0.320000 0.713156 0.048000 0.048959
2 0.515312 0.754788 0.072750 0.150874
2 0.348438 0.691091 0.012750 0.013988
2 0.401562 0.715654 0.119250 0.084929
2 0.477500 0.753122 0.085500 0.186844
2 0.337813 0.685262 0.009750 0.025978
2 0.578438 0.676520 0.020250 0.010991
2 0.607812 0.675687 0.006750 0.016986
2 0.543438 0.671940 0.006750 0.019983
2 0.358438 0.674438 0.059250 0.033972
2 0.643125 0.682348 0.045000 0.054954
2 0.615000 0.667777 0.018000 0.027977
2 0.325937 0.660283 0.015750 0.015987
2 0.450937 0.675271 0.038250 0.053955
2 0.381875 0.659450 0.037500 0.017985
2 0.230313 0.660283 0.039750 0.063947
2 0.700313 0.659034 0.036750 0.066944
2 0.279062 0.639883 0.032250 0.032973
2 0.620938 0.640716 0.045750 0.036969
2 0.413438 0.650708 0.036750 0.066944
2 0.578125 0.655287 0.115500 0.101915
2 0.632812 0.611574 0.011250 0.006994
2 0.274687 0.616153 0.008250 0.017985
2 0.294063 0.616153 0.020250 0.031973
2 0.359063 0.625312 0.033750 0.069942
2 0.280313 0.599084 0.021750 0.018984
2 0.204687 0.614904 0.041250 0.060949
2 0.256875 0.608659 0.040500 0.059950
2 0.647813 0.602831 0.048750 0.055953
2 0.392500 0.599500 0.037500 0.071940
2 0.722187 0.581182 0.048750 0.049958
2 0.676875 0.574521 0.058500 0.047960
2 0.388125 0.557868 0.031500 0.013988
2 0.356250 0.571607 0.013500 0.052956
2 0.233437 0.574105 0.039750 0.058951
2 0.645000 0.561199 0.018000 0.039967
2 0.286250 0.554538 0.024000 0.025978
2 0.612812 0.589092 0.087750 0.130891
2 0.527813 0.583264 0.102750 0.122898
2 0.481563 0.541632 0.009750 0.026978
2 0.467500 0.609492 0.207000 0.203830
2 0.358125 0.534138 0.015000 0.028976
2 0.298125 0.535387 0.013500 0.031973
2 0.471875 0.547877 0.027000 0.063947
2 0.286875 0.517485 0.012000 0.010991
2 0.261250 0.541216 0.033000 0.069942
2 0.665312 0.528310 0.044250 0.064946
2 0.447500 0.503747 0.009000 0.023980
2 0.355938 0.497086 0.009750 0.009992
2 0.312500 0.506661 0.013500 0.032973
2 0.524687 0.497502 0.015750 0.016986
2 0.321875 0.589509 0.067500 0.237802
2 0.488438 0.510408 0.072750 0.067943
2 0.445937 0.507910 0.044250 0.067943
2 0.423125 0.503747 0.028500 0.061948
2 0.329688 0.493755 0.018750 0.041965
2 0.538750 0.482098 0.028500 0.015987
2 0.290938 0.480433 0.008250 0.011990
2 0.345625 0.480849 0.013500 0.014988
2 0.503750 0.479600 0.039000 0.045962
2 0.635000 0.483347 0.037500 0.070941
2 0.528438 0.463364 0.015750 0.036969
2 0.408125 0.462531 0.022500 0.038968
2 0.352812 0.452956 0.020250 0.015987
2 0.418438 0.445046 0.012750 0.008993
2 0.602187 0.467943 0.035250 0.071940
2 0.549375 0.444629 0.015000 0.019983
2 0.386562 0.496669 0.060750 0.150874
2 0.272500 0.457119 0.042000 0.059950
2 0.558125 0.492923 0.073500 0.147877
2 0.436250 0.454621 0.028500 0.055953
2 0.771875 0.435887 0.009000 0.012989
2 0.709688 0.455870 0.047250 0.062948
2 0.572812 0.428393 0.014250 0.010991
2 0.474062 0.450458 0.066750 0.073938
2 0.750313 0.429642 0.017250 0.029975
2 0.774062 0.425895 0.036750 0.022981
2 0.413125 0.425479 0.010500 0.033972
2 0.311250 0.412573 0.012000 0.020983
2 0.528750 0.419234 0.025500 0.050958
2 0.500938 0.430891 0.060750 0.088926
2 0.646875 0.416320 0.040500 0.057952
2 0.305625 0.411324 0.046500 0.047960
2 0.445625 0.395920 0.009000 0.012989
2 0.403750 0.393838 0.010500 0.013988
2 0.600313 0.413405 0.033750 0.064946
2 0.428438 0.405079 0.035250 0.046961
2 0.310000 0.452540 0.090000 0.160866
2 0.309688 0.387594 0.009750 0.012989
2 0.278438 0.409659 0.030750 0.067943
2 0.326562 0.385512 0.023250 0.011990
2 0.445625 0.382182 0.015000 0.013988
2 0.357500 0.402998 0.031500 0.065945
2 0.678438 0.382182 0.008250 0.017985
2 0.342187 0.378435 0.012750 0.014988
2 0.359063 0.372606 0.020250 0.010991
2 0.726875 0.397585 0.037500 0.072939
2 0.522500 0.378851 0.016500 0.041965
2 0.386250 0.370525 0.015000 0.031973
2 0.306875 0.374688 0.033000 0.057952
2 0.346562 0.357619 0.017250 0.024979
2 0.468438 0.350541 0.012750 0.015987
2 0.459688 0.347211 0.008250 0.009992
2 0.690000 0.376769 0.067500 0.082931
2 0.640938 0.365112 0.036750 0.070941
2 0.331875 0.352206 0.021000 0.043963
2 0.507500 0.357619 0.039000 0.062948
2 0.469687 0.352206 0.047250 0.065945
2 0.344062 0.328476 0.020250 0.022981
2 0.270937 0.348043 0.053250 0.091923
2 0.364687 0.325146 0.029250 0.060949
2 0.364375 0.299334 0.007500 0.010991
2 0.535000 0.350125 0.055500 0.150874
2 0.354687 0.293089 0.008250 0.013988
2 0.594063 0.318901 0.068250 0.097918
2 0.685312 0.304746 0.029250 0.071940
2 0.461562 0.293089 0.051750 0.045962
2 0.557187 0.291840 0.044250 0.054954
2 0.406562 0.259367 0.014250 0.006994
2 0.579375 0.261865 0.034500 0.060949
2 0.307812 0.289342 0.068250 0.152873
2 0.417187 0.325562 0.113250 0.251790
2 0.533125 0.219817 0.030000 0.069942
2 0.360000 0.250208 0.063000 0.170858
2 0.410313 0.211074 0.111750 0.136886
2 0.551875 0.174854 0.036000 0.053955
2 0.501563 0.179434 0.072750 0.092923
2 0.523750 0.115321 0.039000 0.056953
