2 0.210000 0.949209 0.046500 0.031973
2 0.192812 0.928809 0.006750 0.014988
2 0.209687 0.910075 0.029250 0.025978
2 0.402813 0.904246 0.006750 0.013988
2 0.409062 0.921732 0.047250 0.071940
2 0.195625 0.880933 0.004500 0.017985
2 0.436875 0.878018 0.009000 0.020983
2 0.240000 0.875104 0.012000 0.015987
2 0.204063 0.879684 0.009750 0.032973
2 0.370937 0.869692 0.008250 0.014988
2 0.425938 0.860533 0.014250 0.006994
2 0.502812 0.876353 0.059250 0.050958
2 0.378750 0.860949 0.010500 0.015987
2 0.252188 0.898418 0.062250 0.107910
2 0.247188 0.850541 0.017250 0.018984
2 0.576562 0.853872 0.054750 0.050958
2 0.412187 0.862614 0.059250 0.083930
2 0.520625 0.833888 0.013500 0.016986
2 0.509375 0.832639 0.009000 0.015987
2 0.382500 0.857619 0.054000 0.077935
2 0.676875 0.830142 0.042000 0.029975
2 0.275000 0.833472 0.012000 0.039967
2 0.219688 0.839717 0.018750 0.056953
2 0.433750 0.818485 0.010500 0.009992
2 0.519062 0.817652 0.014250 0.009992
2 0.352812 0.868027 0.056250 0.130891
2 0.302812 0.841799 0.029250 0.073938
2 0.204375 0.843047 0.078000 0.088926
2 0.272188 0.838052 0.033750 0.082931
2 0.409062 0.802248 0.014250 0.010991
2 0.442500 0.805995 0.006000 0.023980
2 0.413438 0.808493 0.024750 0.039967
2 0.453437 0.794338 0.009750 0.013988
2 0.363438 0.808077 0.033750 0.084929
2 0.512188 0.790591 0.057750 0.058951
2 0.400313 0.764779 0.027750 0.018984
2 0.629375 0.763530 0.006000 0.019983
2 0.228750 0.788926 0.033000 0.082931
2 0.512188 0.815154 0.212250 0.147877
2 0.713437 0.776853 0.044250 0.063947
2 0.443750 0.768526 0.045000 0.053955
2 0.576562 0.751457 0.011250 0.018984
2 0.139375 0.770608 0.033000 0.078934
2 0.638437 0.748543 0.011250 0.029975
2 0.715000 0.754371 0.037500 0.045962
2 0.348438 0.741465 0.009750 0.020983
2 0.575000 0.731890 0.012000 0.015987
2 0.485000 0.752706 0.034500 0.079933
2 0.657188 0.746461 0.045750 0.076936
2 0.371875 0.740216 0.079500 0.075937
2 0.288125 0.713988 0.009000 0.014988
2 0.307188 0.738968 0.105750 0.080933
2 0.359687 0.709825 0.008250 0.014988
2 0.244375 0.730225 0.040500 0.071940
2 0.559375 0.734804 0.060000 0.096919
2 0.691250 0.715237 0.046500 0.059950
2 0.415938 0.766861 0.093750 0.187843
2 0.554375 0.695254 0.019500 0.043963
2 0.350313 0.688177 0.051750 0.038968
2 0.517188 0.699833 0.035250 0.088926
2 0.192500 0.662781 0.009000 0.007993
2 0.188750 0.691507 0.033000 0.082931
2 0.563438 0.669026 0.015750 0.042964
2 0.289687 0.686928 0.080250 0.091923
2 0.485312 0.636553 0.008250 0.006994
2 0.382188 0.657369 0.044250 0.064946
2 0.438437 0.636553 0.015750 0.018984
2 0.250937 0.645712 0.051750 0.048959
2 0.415312 0.625729 0.011250 0.012989
2 0.520312 0.641549 0.075750 0.052956
2 0.255000 0.621149 0.019500 0.009992
2 0.468125 0.656120 0.102000 0.095920
2 0.433750 0.616153 0.013500 0.033972
2 0.280000 0.608659 0.006000 0.017985
2 0.401875 0.601582 0.012000 0.006994
2 0.574688 0.626145 0.035250 0.083930
2 0.271875 0.581182 0.009000 0.011990
2 0.625625 0.684430 0.130500 0.261782
2 0.184375 0.582848 0.025500 0.023980
2 0.606563 0.576187 0.006750 0.009992
2 0.180938 0.597419 0.042750 0.060949
2 0.641250 0.608243 0.039000 0.090924
2 0.382812 0.572023 0.017250 0.007993
2 0.640000 0.569525 0.010500 0.007993
2 0.469687 0.590758 0.033750 0.058951
2 0.680312 0.572856 0.005250 0.019983
2 0.617812 0.572856 0.012750 0.021982
2 0.292500 0.619067 0.084000 0.136886
2 0.667188 0.580350 0.033750 0.045962
2 0.524375 0.566195 0.021000 0.021982
2 0.498125 0.587427 0.036000 0.072939
2 0.406562 0.604496 0.111750 0.117902
2 0.504375 0.537052 0.013500 0.009992
2 0.511250 0.564946 0.052500 0.082931
2 0.235937 0.574105 0.077250 0.122898
2 0.428438 0.567027 0.089250 0.115903
2 0.668438 0.517485 0.006750 0.016986
2 0.566250 0.567444 0.130500 0.158868
2 0.675625 0.507077 0.010500 0.021982
2 0.389062 0.517902 0.042750 0.051957
2 0.476875 0.493755 0.012000 0.011990
2 0.494063 0.529975 0.080250 0.104913
2 0.374375 0.492506 0.006000 0.014988
2 0.673125 0.490425 0.010500 0.011990
2 0.662813 0.483764 0.017250 0.013988
2 0.433125 0.502082 0.066000 0.065945
2 0.379688 0.481266 0.014250 0.015987
2 0.285313 0.507910 0.033750 0.085928
2 0.346562 0.531640 0.051750 0.172856
2 0.540000 0.484180 0.039000 0.062948
2 0.405000 0.479184 0.031500 0.054954
2 0.213125 0.470441 0.048000 0.043963
2 0.498125 0.470858 0.061500 0.054954
2 0.496563 0.453789 0.009750 0.013988
2 0.535937 0.446295 0.014250 0.009992
2 0.615938 0.450458 0.018750 0.025978
2 0.647813 0.492923 0.075750 0.135887
2 0.496875 0.437968 0.016500 0.013988
2 0.229063 0.438385 0.011250 0.014988
2 0.603750 0.471274 0.073500 0.109908
2 0.560937 0.450874 0.036750 0.068943
2 0.282500 0.440466 0.033000 0.047960
2 0.158438 0.432140 0.054750 0.029975
2 0.558750 0.429642 0.012000 0.033972
2 0.326562 0.471274 0.051750 0.149875
2 0.423438 0.438801 0.093750 0.087927
2 0.518750 0.390508 0.018000 0.009992
2 0.474062 0.410075 0.039750 0.064946
2 0.475938 0.393422 0.012750 0.028976
2 0.441563 0.405912 0.029250 0.060949
2 0.259688 0.381765 0.009750 0.018984
2 0.640312 0.380516 0.017250 0.021982
2 0.411250 0.389259 0.060000 0.052956
2 0.624062 0.399251 0.054750 0.092923
2 0.300000 0.382598 0.034500 0.058951
2 0.547813 0.396336 0.128250 0.093922
2 0.220000 0.391341 0.066000 0.085928
2 0.676875 0.420067 0.070500 0.164863
2 0.266875 0.357202 0.004500 0.015987
2 0.263125 0.375520 0.033000 0.083930
2 0.363438 0.335137 0.008250 0.010991
2 0.646250 0.340133 0.042000 0.038968
2 0.425000 0.345545 0.040500 0.067943
2 0.496563 0.339301 0.050250 0.058951
2 0.487187 0.317236 0.017250 0.007993
2 0.396562 0.321815 0.047250 0.036969
2 0.555625 0.330558 0.051000 0.061948
2 0.398125 0.294338 0.013500 0.010991
2 0.375625 0.302248 0.036000 0.037968
2 0.354375 0.336386 0.055500 0.123897
2 0.350313 0.292673 0.018750 0.020983
2 0.265000 0.298918 0.025500 0.079933
2 0.608437 0.312656 0.071250 0.128893
2 0.388437 0.255620 0.011250 0.015987
2 0.611563 0.243963 0.012750 0.027977
2 0.578125 0.224813 0.019500 0.019983
2 0.434688 0.240216 0.029250 0.076936
2 0.561250 0.263947 0.100500 0.165862
2 0.462500 0.221482 0.049500 0.063947
2 0.421250 0.192340 0.039000 0.041965
2 0.492812 0.198585 0.024750 0.070941
2 0.481563 0.188593 0.026250 0.060949
2 0.456562 0.119484 0.018750 0.024979
2 0.460625 0.130308 0.042000 0.058951
