2 0.415000 0.885512 0.097500 0.084929
2 0.460000 0.858451 0.046500 0.049958
2 0.430000 0.813905 0.015000 0.012989
2 0.423750 0.808493 0.019500 0.011990
2 0.480625 0.818068 0.052500 0.042964
2 0.410938 0.799334 0.011250 0.009992
2 0.431250 0.820566 0.042000 0.078934
2 0.406562 0.803913 0.026250 0.040966
2 0.573125 0.788510 0.013500 0.015987
2 0.541250 0.780600 0.015000 0.010991
2 0.541875 0.796003 0.043500 0.057952
2 0.512500 0.777685 0.010500 0.017985
2 0.637500 0.766445 0.030000 0.020983
2 0.590313 0.742714 0.009750 0.013988
2 0.384688 0.744796 0.018750 0.020983
2 0.554688 0.753122 0.014250 0.042964
2 0.572812 0.739384 0.014250 0.021982
2 0.404375 0.733972 0.016500 0.016986
2 0.354063 0.754371 0.051750 0.069942
2 0.587500 0.763114 0.073500 0.092923
2 0.418125 0.726894 0.010500 0.019983
2 0.390625 0.721482 0.012000 0.010991
2 0.510000 0.723564 0.025500 0.023980
2 0.362187 0.718568 0.011250 0.015987
2 0.590625 0.720233 0.009000 0.029975
2 0.572500 0.708160 0.021000 0.010991
2 0.782813 0.704413 0.008250 0.015987
2 0.625625 0.703580 0.016500 0.015987
2 0.652813 0.757702 0.137250 0.147877
2 0.676875 0.710241 0.019500 0.033972
2 0.559375 0.702331 0.024000 0.016986
2 0.505313 0.691091 0.008250 0.011990
2 0.345000 0.689425 0.007500 0.009992
2 0.476562 0.691091 0.020250 0.021982
2 0.610000 0.701915 0.018000 0.049958
2 0.628125 0.687344 0.010500 0.016986
2 0.463125 0.740633 0.231000 0.146878
2 0.410000 0.697752 0.051000 0.043963
2 0.339687 0.680683 0.006750 0.016986
2 0.492188 0.667361 0.015750 0.006994
2 0.577500 0.698585 0.055500 0.085928
2 0.345938 0.663614 0.008250 0.011990
2 0.645938 0.668609 0.036750 0.027977
2 0.315937 0.660283 0.011250 0.009992
2 0.587500 0.647794 0.012000 0.011990
2 0.686562 0.669026 0.128250 0.084929
2 0.599688 0.636137 0.015750 0.015987
2 0.425312 0.651124 0.051750 0.051957
2 0.569063 0.631141 0.012750 0.011990
2 0.502812 0.649875 0.119250 0.080933
2 0.576875 0.619067 0.012000 0.014988
2 0.380937 0.671940 0.062250 0.151873
2 0.527188 0.619067 0.033750 0.028976
2 0.552813 0.608243 0.026250 0.014988
2 0.461250 0.578268 0.016500 0.008993
2 0.329062 0.579101 0.017250 0.020983
2 0.267500 0.567860 0.015000 0.011990
2 0.357812 0.582015 0.056250 0.047960
2 0.488125 0.567027 0.028500 0.019983
2 0.572187 0.563281 0.011250 0.014988
2 0.582187 0.562032 0.012750 0.019983
2 0.264062 0.571191 0.036750 0.053955
2 0.309688 0.627810 0.143250 0.207827
2 0.626563 0.608659 0.186750 0.163863
2 0.714063 0.593256 0.093750 0.156869
2 0.456562 0.541216 0.047250 0.039967
2 0.326875 0.532057 0.039000 0.035970
2 0.287500 0.517902 0.015000 0.015987
2 0.648125 0.532889 0.036000 0.069942
2 0.502188 0.507910 0.009750 0.013988
2 0.602812 0.529142 0.045750 0.066944
2 0.351562 0.530391 0.020250 0.069942
2 0.557500 0.501665 0.009000 0.014988
2 0.595000 0.482098 0.046500 0.041965
2 0.299063 0.507077 0.110250 0.105912
2 0.359375 0.460866 0.018000 0.008993
2 0.596562 0.457952 0.017250 0.019983
2 0.540937 0.447544 0.023250 0.010991
2 0.445937 0.550791 0.252750 0.258784
2 0.505313 0.450458 0.026250 0.043963
2 0.728750 0.470441 0.070500 0.095920
2 0.625938 0.448793 0.048750 0.045962
2 0.525625 0.427977 0.015000 0.011990
2 0.695312 0.431724 0.051750 0.038968
2 0.773750 0.434221 0.045000 0.048959
2 0.561250 0.467943 0.106500 0.135887
2 0.290625 0.427977 0.052500 0.041965
2 0.638125 0.400916 0.012000 0.014988
2 0.536563 0.399667 0.008250 0.019983
2 0.522188 0.398834 0.009750 0.017985
2 0.331875 0.393422 0.015000 0.012989
2 0.726250 0.403414 0.042000 0.044963
2 0.639062 0.407577 0.042750 0.054954
2 0.487812 0.430058 0.108750 0.110908
2 0.345000 0.383847 0.013500 0.009992
2 0.283750 0.395504 0.052500 0.041965
2 0.360312 0.380516 0.009750 0.011990
2 0.348750 0.374688 0.015000 0.009992
2 0.654375 0.375937 0.058500 0.044963
2 0.328125 0.368859 0.009000 0.027977
2 0.355000 0.365112 0.022500 0.020983
2 0.245625 0.385512 0.069000 0.089925
2 0.504687 0.363863 0.054750 0.045962
2 0.545000 0.360949 0.049500 0.044963
2 0.616875 0.345962 0.012000 0.010991
2 0.615938 0.361366 0.068250 0.095920
2 0.214062 0.343880 0.051750 0.067943
2 0.265625 0.330142 0.034500 0.038968
2 0.265625 0.315987 0.013500 0.010991
2 0.232500 0.316403 0.025500 0.019983
2 0.290938 0.330142 0.078750 0.056953
2 0.340938 0.328893 0.038250 0.061948
2 0.489375 0.322231 0.052500 0.049958
2 0.392500 0.382182 0.141000 0.219817
2 0.577187 0.302664 0.053250 0.046961
2 0.538750 0.299750 0.040500 0.055953
2 0.255625 0.310158 0.049500 0.084929
2 0.561250 0.254788 0.013500 0.009992
2 0.578750 0.254371 0.009000 0.014988
2 0.439375 0.276436 0.085500 0.079933
2 0.353438 0.251873 0.048750 0.050958
2 0.618125 0.238135 0.054000 0.039967
2 0.563750 0.238551 0.063000 0.088926
2 0.502812 0.221482 0.048750 0.059950
2 0.291875 0.213156 0.049500 0.047960
2 0.410313 0.215237 0.038250 0.066944
2 0.545312 0.193172 0.054750 0.049958
2 0.511875 0.136137 0.009000 0.012989
2 0.508750 0.122398 0.006000 0.013988
2 0.513750 0.143630 0.033000 0.072939
