2 0.425781 0.822917 0.058125 0.050000
2 0.473438 0.825000 0.039375 0.080000
2 0.491797 0.764583 0.053437 0.042500
2 0.356250 0.755208 0.016875 0.027500
2 0.454688 0.758854 0.039375 0.068750
2 0.457031 0.725521 0.016875 0.011250
2 0.366797 0.748437 0.079687 0.073750
2 0.503125 0.708333 0.056250 0.047500
2 0.411719 0.692187 0.016875 0.013750
2 0.377734 0.687500 0.015938 0.022500
2 0.338672 0.684375 0.021562 0.020000
2 0.421484 0.674479 0.015938 0.011250
2 0.493359 0.681771 0.045937 0.046250
2 0.294141 0.692187 0.057188 0.118750
2 0.303906 0.637500 0.007500 0.022500
2 0.226562 0.660417 0.039375 0.087500
2 0.532813 0.646354 0.039375 0.068750
2 0.557422 0.643750 0.036562 0.070000
2 0.362500 0.652604 0.065625 0.148750
2 0.591797 0.608333 0.044062 0.067500
2 0.299219 0.585938 0.028125 0.028750
2 0.410547 0.601562 0.051562 0.071250
2 0.335156 0.585417 0.048750 0.040000
2 0.273828 0.642188 0.182812 0.186250
2 0.595313 0.567187 0.007500 0.021250
2 0.280469 0.573958 0.022500 0.045000
2 0.535937 0.558333 0.024375 0.020000
2 0.344531 0.556771 0.020625 0.023750
2 0.487500 0.563021 0.041250 0.056250
2 0.577344 0.544271 0.015000 0.016250
2 0.612500 0.557292 0.024375 0.052500
2 0.601953 0.530729 0.006563 0.023750
2 0.236328 0.547396 0.051562 0.073750
2 0.284375 0.537500 0.084375 0.067500
2 0.153516 0.523958 0.049687 0.055000
2 0.481250 0.507292 0.015000 0.020000
2 0.492188 0.633333 0.288750 0.325000
2 0.649609 0.500521 0.023438 0.016250
2 0.117969 0.488021 0.009375 0.021250
2 0.221875 0.503125 0.052500 0.065000
2 0.469922 0.481250 0.029062 0.015000
2 0.586328 0.480729 0.021562 0.026250
2 0.128516 0.469792 0.023438 0.022500
2 0.560547 0.465625 0.010312 0.017500
2 0.159766 0.479687 0.044062 0.051250
2 0.650781 0.538021 0.095625 0.196250
2 0.410156 0.462500 0.013125 0.015000
2 0.104688 0.487500 0.031875 0.077500
2 0.203516 0.479167 0.070312 0.060000
2 0.131250 0.671875 0.262500 0.656250
2 0.693750 0.467187 0.028125 0.038750
2 0.129688 0.443229 0.022500 0.033750
2 0.185938 0.433333 0.009375 0.017500
2 0.303125 0.457813 0.052500 0.093750
2 0.370703 0.448437 0.040313 0.073750
2 0.341016 0.441667 0.040313 0.060000
2 0.482422 0.425521 0.008437 0.023750
2 0.173828 0.431771 0.023438 0.038750
2 0.289844 0.434896 0.031875 0.058750
2 0.543359 0.416667 0.014063 0.017500
2 0.553906 0.413021 0.015000 0.013750
2 0.543750 0.453125 0.063750 0.125000
2 0.178906 0.406771 0.035625 0.033750
2 0.279297 0.401042 0.036562 0.022500
2 0.153516 0.421354 0.060937 0.093750
2 0.330078 0.396354 0.040313 0.038750
2 0.214062 0.397917 0.052500 0.065000
2 0.492578 0.390104 0.047812 0.051250
2 0.511719 0.369792 0.033750 0.057500
2 0.302734 0.378125 0.036562 0.090000
2 0.256250 0.386979 0.043125 0.116250
2 0.563672 0.367708 0.045937 0.077500
2 0.466797 0.333854 0.021562 0.021250
2 0.155078 0.324479 0.029062 0.018750
2 0.608203 0.342187 0.040313 0.066250
2 0.309766 0.321875 0.051562 0.047500
2 0.503125 0.335417 0.082500 0.085000
2 0.421875 0.444271 0.271875 0.378750
2 0.176563 0.302604 0.056250 0.048750
2 0.346484 0.332292 0.074063 0.125000
2 0.637500 0.407813 0.217500 0.313750
2 0.542969 0.314063 0.054375 0.101250
2 0.571484 0.286458 0.051562 0.040000
2 0.250391 0.292708 0.053437 0.065000
2 0.450000 0.275521 0.105000 0.086250
2 0.369141 0.268750 0.145313 0.075000
2 0.672266 0.239583 0.072187 0.080000
2 0.631641 0.224479 0.049687 0.046250
2 0.302734 0.219792 0.038437 0.072500
2 0.453516 0.211458 0.038437 0.065000
2 0.563281 0.215625 0.108750 0.117500
2 0.655078 0.180208 0.047812 0.037500
2 0.492969 0.184896 0.056250 0.051250
2 0.706250 0.177604 0.050625 0.038750
2 0.470703 0.155729 0.014063 0.011250
2 0.399219 0.163542 0.060000 0.052500
2 0.467187 0.137500 0.075000 0.080000
2 0.436328 0.114062 0.057188 0.056250
2 0.518750 0.103646 0.056250 0.051250
2 0.395703 0.080729 0.008437 0.013750
2 0.395703 0.087500 0.044062 0.065000
2 0.682813 0.600000 0.616875 1.000000
2 0.204844 0.225000 0.409687 0.450000
