2 0.638437 0.713988 0.039750 0.030974
2 0.613125 0.699001 0.024000 0.040966
2 0.653125 0.684013 0.028500 0.040966
2 0.514062 0.644879 0.011250 0.008993
2 0.439375 0.635720 0.013500 0.016986
2 0.499063 0.625312 0.015750 0.013988
2 0.536563 0.618651 0.014250 0.031973
2 0.623437 0.605745 0.006750 0.010991
2 0.426875 0.597002 0.034500 0.029975
2 0.402813 0.559534 0.012750 0.007993
2 0.487500 0.596170 0.084000 0.101915
2 0.482187 0.555371 0.009750 0.013988
2 0.595313 0.560783 0.038250 0.030974
2 0.652188 0.555371 0.009750 0.019983
2 0.514687 0.560783 0.017250 0.038968
2 0.440000 0.558701 0.027000 0.041965
2 0.500625 0.567444 0.040500 0.082931
2 0.665000 0.537885 0.006000 0.017985
2 0.465938 0.537885 0.038250 0.031973
2 0.347813 0.537469 0.024750 0.038968
2 0.624062 0.547044 0.053250 0.063947
2 0.307812 0.518734 0.009750 0.019983
2 0.516250 0.514571 0.010500 0.011990
2 0.385313 0.534971 0.051750 0.082931
2 0.368750 0.502914 0.024000 0.035970
2 0.454375 0.492090 0.067500 0.071940
2 0.598750 0.455454 0.006000 0.009992
2 0.422500 0.459201 0.070500 0.086928
2 0.511563 0.427560 0.072750 0.046961
2 0.570312 0.437968 0.038250 0.073938
2 0.537813 0.561615 0.380250 0.384679
2 0.484063 0.413822 0.063750 0.047960
2 0.440000 0.396336 0.034500 0.031973
2 0.640938 0.381349 0.035250 0.025978
2 0.464062 0.378435 0.032250 0.028976
2 0.497500 0.378435 0.037500 0.030974
2 0.404375 0.369276 0.036000 0.024979
2 0.599375 0.410491 0.037500 0.143880
2 0.638750 0.355121 0.036000 0.028976
2 0.560937 0.367610 0.098250 0.100916
2 0.590000 0.336386 0.033000 0.033972
2 0.384062 0.324313 0.006750 0.012989
2 0.523125 0.334721 0.051000 0.067943
2 0.753125 0.307660 0.012000 0.010991
2 0.439375 0.342631 0.040500 0.094921
2 0.470625 0.320150 0.028500 0.044963
2 0.652500 0.299334 0.012000 0.008993
2 0.569688 0.291424 0.036750 0.029975
2 0.527813 0.287677 0.029250 0.036969
2 0.644062 0.314321 0.107250 0.106911
2 0.450937 0.275187 0.023250 0.048959
2 0.600938 0.246461 0.035250 0.029975
2 0.305937 0.164446 0.008250 0.022981
2 0.418750 0.080350 0.007500 0.008993
