2 0.536250 0.983500 0.033000 0.033000
2 0.222500 0.983500 0.042000 0.033000
2 0.695000 0.980500 0.042000 0.039000
2 0.980500 0.979000 0.039000 0.042000
2 0.156250 0.971500 0.081000 0.057000
2 0.865000 0.965500 0.090000 0.069000
2 0.955000 0.957500 0.030000 0.042000
2 0.606250 0.958000 0.117000 0.084000
2 0.470000 0.947500 0.144000 0.105000
2 0.323750 0.945000 0.201000 0.108000
2 0.477500 0.910000 0.024000 0.036000
2 0.033000 0.923750 0.066000 0.081000
2 0.721250 0.905500 0.183000 0.189000
2 0.833750 0.847500 0.039000 0.042000
2 0.472500 0.860000 0.102000 0.072000
2 0.337500 0.866250 0.114000 0.087000
2 0.596250 0.886250 0.177000 0.141000
2 0.610000 0.841250 0.072000 0.075000
2 0.205000 0.853750 0.132000 0.105000
2 0.792500 0.798750 0.084000 0.069000
2 0.370000 0.856250 0.144000 0.207000
2 0.918750 0.816250 0.123000 0.117000
2 0.793750 0.856000 0.399000 0.288000
2 0.307500 0.768750 0.036000 0.027000
2 0.037500 0.813750 0.075000 0.159000
2 0.715000 0.740000 0.120000 0.072000
2 0.392500 0.735000 0.090000 0.060000
2 0.217500 0.746250 0.162000 0.105000
2 0.821250 0.738750 0.099000 0.099000
2 0.531250 0.738750 0.207000 0.111000
2 0.592500 0.710000 0.120000 0.048000
2 0.905000 0.715000 0.072000 0.114000
2 0.553750 0.675000 0.057000 0.030000
2 0.973000 0.707500 0.054000 0.114000
2 0.283750 0.673750 0.111000 0.063000
2 0.692500 0.676250 0.120000 0.075000
2 0.211250 0.652500 0.045000 0.060000
2 0.525000 0.647500 0.084000 0.054000
2 0.620000 0.636250 0.120000 0.069000
2 0.427500 0.641250 0.120000 0.129000
2 0.132500 0.648750 0.258000 0.189000
2 0.332500 0.636250 0.126000 0.165000
2 0.486250 0.567500 0.063000 0.024000
2 0.226250 0.562500 0.123000 0.078000
2 0.335000 0.562500 0.084000 0.114000
2 0.486250 0.563750 0.297000 0.129000
