2 0.441016 0.994375 0.017813 0.011250
2 0.484375 0.993750 0.015000 0.012500
2 0.583984 0.993125 0.012188 0.013750
2 0.255078 0.991875 0.015938 0.016250
2 0.975781 0.991250 0.011250 0.017500
2 0.910937 0.991250 0.031875 0.017500
2 0.880469 0.991146 0.011250 0.013750
2 0.719531 0.990625 0.015000 0.018750
2 0.962891 0.990000 0.014063 0.020000
2 0.581250 0.988021 0.013125 0.016250
2 0.455078 0.988750 0.025312 0.022500
2 0.830469 0.988125 0.024375 0.023750
2 0.669922 0.985417 0.014063 0.012500
2 0.563281 0.983854 0.016875 0.008750
2 0.367578 0.987500 0.019688 0.025000
2 0.221875 0.986875 0.007500 0.026250
2 0.527734 0.985625 0.017813 0.028750
2 0.063281 0.985625 0.041250 0.028750
2 0.137891 0.985000 0.040313 0.030000
2 0.505469 0.984375 0.033750 0.031250
2 0.119141 0.979167 0.012188 0.017500
2 0.916406 0.977083 0.028125 0.015000
2 0.287500 0.981250 0.030000 0.037500
2 0.608203 0.980625 0.030937 0.038750
2 0.587500 0.972917 0.015000 0.017500
2 0.443750 0.968229 0.031875 0.026250
2 0.543750 0.960417 0.007500 0.012500
2 0.098828 0.970833 0.030937 0.037500
2 0.989219 0.970625 0.021562 0.058750
2 0.979688 0.959896 0.011250 0.023750
2 0.442188 0.956250 0.011250 0.015000
2 0.550781 0.969375 0.039375 0.061250
2 0.475000 0.968229 0.043125 0.046250
2 0.564453 0.956771 0.008437 0.021250
2 0.407422 0.968750 0.057188 0.062500
2 0.228906 0.969375 0.030000 0.061250
2 0.884375 0.947396 0.018750 0.013750
2 0.871094 0.948958 0.011250 0.017500
2 0.455469 0.954688 0.020625 0.033750
2 0.173437 0.949479 0.035625 0.036250
2 0.370312 0.938021 0.016875 0.011250
2 0.794531 0.959375 0.054375 0.081250
2 0.365625 0.955729 0.039375 0.058750
2 0.668359 0.938542 0.029062 0.020000
2 0.748828 0.937500 0.015938 0.022500
2 0.924609 0.938542 0.017813 0.027500
2 0.860938 0.943750 0.011250 0.042500
2 0.196875 0.938021 0.020625 0.028750
2 0.345703 0.929688 0.014063 0.011250
2 0.652734 0.930729 0.012188 0.018750
2 0.626563 0.932292 0.011250 0.027500
2 0.208203 0.929688 0.010312 0.021250
2 0.730469 0.926042 0.013125 0.015000
2 0.476953 0.937500 0.036562 0.042500
2 0.909375 0.951250 0.168750 0.097500
2 0.183594 0.951250 0.120000 0.097500
2 0.460156 0.926562 0.016875 0.021250
2 0.971094 0.926562 0.009375 0.023750
2 0.910156 0.932813 0.030000 0.038750
2 0.060156 0.924479 0.009375 0.018750
2 0.585547 0.923438 0.027187 0.018750
2 0.608594 0.918750 0.013125 0.012500
2 0.437109 0.933854 0.038437 0.048750
2 0.884766 0.915104 0.014063 0.011250
2 0.370312 0.940625 0.063750 0.077500
2 0.048438 0.919271 0.026250 0.026250
2 0.991563 0.915104 0.016875 0.018750
2 0.696875 0.915104 0.015000 0.021250
2 0.709375 0.907813 0.007500 0.013750
2 0.967578 0.932292 0.025312 0.075000
2 0.772266 0.912500 0.012188 0.027500
2 0.650000 0.913021 0.011250 0.028750
2 0.628516 0.926562 0.034687 0.061250
2 0.637891 0.907292 0.012188 0.020000
2 0.948438 0.907813 0.026250 0.023750
2 0.573047 0.906771 0.014063 0.023750
2 0.883984 0.901563 0.008437 0.013750
2 0.700781 0.901042 0.016875 0.015000
2 0.555859 0.896875 0.014063 0.015000
2 0.303125 0.891667 0.011250 0.015000
2 0.835156 0.935000 0.065625 0.130000
2 0.829688 0.891146 0.009375 0.018750
2 0.567578 0.890625 0.012188 0.022500
2 0.360156 0.885417 0.022500 0.017500
2 0.711719 0.891667 0.018750 0.035000
2 0.032344 0.918750 0.064687 0.100000
2 0.737891 0.884375 0.017813 0.022500
2 0.694922 0.883333 0.017813 0.025000
2 0.967578 0.877604 0.014063 0.013750
2 0.724609 0.879167 0.017813 0.020000
2 0.611719 0.888021 0.016875 0.041250
2 0.576172 0.876042 0.012188 0.012500
2 0.375781 0.877083 0.009375 0.017500
2 0.306641 0.876042 0.014063 0.015000
2 0.877344 0.899479 0.054375 0.086250
2 0.878516 0.873437 0.017813 0.023750
2 0.800781 0.869792 0.015000 0.015000
2 0.742578 0.870833 0.027187 0.020000
2 0.292187 0.917500 0.180000 0.165000
2 0.563672 0.869792 0.012188 0.022500
2 0.156641 0.872917 0.017813 0.030000
2 0.850391 0.882812 0.036562 0.056250
2 0.007031 0.865625 0.014063 0.015000
2 0.723828 0.863021 0.017813 0.011250
2 0.392969 0.872396 0.031875 0.038750
2 0.973047 0.858333 0.021562 0.015000
2 0.653516 0.864583 0.010312 0.030000
2 0.762109 0.858333 0.032813 0.020000
2 0.543750 0.851042 0.016875 0.012500
2 0.442578 0.855208 0.029062 0.022500
2 0.098828 0.850521 0.023438 0.016250
2 0.064219 0.906250 0.128438 0.187500
2 0.335938 0.851562 0.009375 0.023750
2 0.476562 0.856771 0.015000 0.038750
2 0.458203 0.853646 0.029062 0.031250
2 0.856641 0.855729 0.055313 0.043750
2 0.580469 0.848958 0.039375 0.030000
2 0.533594 0.875000 0.082500 0.092500
2 0.037109 0.845833 0.012188 0.022500
2 0.665234 0.843750 0.014063 0.022500
2 0.180859 0.840625 0.021562 0.015000
2 0.746484 0.844271 0.017813 0.041250
2 0.424609 0.839063 0.019688 0.031250
2 0.777734 0.843750 0.014063 0.045000
2 0.542578 0.833333 0.015938 0.022500
2 0.664062 0.829688 0.020625 0.016250
2 0.784766 0.829688 0.010312 0.018750
2 0.184375 0.826562 0.009375 0.011250
2 0.243359 0.826562 0.006563 0.016250
2 0.223438 0.833333 0.018750 0.032500
2 0.611328 0.826562 0.021562 0.018750
2 0.411328 0.831250 0.015938 0.032500
2 0.805469 0.823438 0.011250 0.016250
2 0.476953 0.823958 0.010312 0.017500
2 0.627734 0.829167 0.015938 0.032500
2 0.308594 0.824479 0.018750 0.023750
2 0.895312 0.818750 0.009375 0.012500
2 0.167187 0.823438 0.018750 0.023750
2 0.657031 0.820312 0.011250 0.018750
2 0.052734 0.829167 0.036562 0.042500
2 0.744922 0.815104 0.015938 0.016250
2 0.106250 0.833854 0.033750 0.063750
2 0.066016 0.816146 0.008437 0.021250
2 0.528516 0.813021 0.010312 0.016250
2 0.611328 0.811979 0.017813 0.016250
2 0.796875 0.825521 0.026250 0.051250
2 0.912109 0.811979 0.034687 0.021250
2 0.375391 0.815625 0.010312 0.030000
2 0.723828 0.810417 0.014063 0.020000
2 0.539062 0.814063 0.015000 0.028750
2 0.075000 0.809896 0.013125 0.018750
2 0.825781 0.811458 0.022500 0.025000
2 0.702734 0.806250 0.017813 0.020000
2 0.503906 0.834896 0.052500 0.088750
2 0.161328 0.809896 0.010312 0.028750
2 0.175391 0.812500 0.021562 0.037500
2 0.110156 0.810417 0.020625 0.032500
2 0.579688 0.804688 0.016875 0.021250
2 0.518750 0.802604 0.015000 0.016250
2 0.204297 0.817187 0.040313 0.051250
2 0.079297 0.820312 0.034687 0.058750
2 0.976562 0.803125 0.011250 0.020000
2 0.605469 0.800000 0.011250 0.012500
2 0.986719 0.803646 0.011250 0.023750
2 0.460156 0.822917 0.033750 0.077500
2 0.253906 0.798958 0.028125 0.020000
2 0.764062 0.807813 0.026250 0.056250
2 0.714453 0.791667 0.023438 0.020000
2 0.054297 0.794792 0.021562 0.032500
2 0.410938 0.794271 0.022500 0.033750
2 0.984766 0.787500 0.023438 0.020000
2 0.462109 0.785417 0.027187 0.017500
2 0.324219 0.788542 0.018750 0.032500
2 0.715234 0.777083 0.012188 0.010000
2 0.029062 0.825521 0.058125 0.131250
2 0.028516 0.776563 0.010312 0.016250
2 0.726953 0.776042 0.010312 0.017500
2 0.746094 0.788021 0.043125 0.053750
2 0.853125 0.772396 0.033750 0.026250
2 0.977344 0.767708 0.011250 0.020000
2 0.583984 0.766146 0.010312 0.016250
2 0.722266 0.764062 0.010312 0.013750
2 0.788281 0.788021 0.065625 0.076250
2 0.817187 0.786458 0.054375 0.075000
2 0.795312 0.757812 0.020625 0.011250
2 0.664453 0.765625 0.023438 0.030000
2 0.451562 0.797917 0.091875 0.107500
2 0.254688 0.760417 0.026250 0.017500
2 0.049219 0.768750 0.037500 0.040000
2 0.635547 0.839063 0.250312 0.216250
2 0.525781 0.755208 0.011250 0.017500
2 0.274219 0.761979 0.020625 0.033750
2 0.891016 0.753125 0.017813 0.015000
2 0.737891 0.755729 0.010312 0.023750
2 0.851562 0.752604 0.011250 0.018750
2 0.756250 0.754687 0.022500 0.026250
2 0.402344 0.753125 0.018750 0.027500
2 0.540234 0.748437 0.034687 0.018750
2 0.674609 0.747396 0.019688 0.018750
2 0.015625 0.756771 0.015000 0.041250
2 0.862500 0.747917 0.016875 0.025000
2 0.908594 0.746354 0.028125 0.026250
2 0.776172 0.743750 0.014063 0.020000
2 0.691797 0.778125 0.081562 0.102500
2 0.702344 0.741146 0.018750 0.013750
2 0.927344 0.737500 0.015000 0.010000
2 0.893750 0.738542 0.013125 0.012500
2 0.641016 0.749479 0.040313 0.038750
2 0.616406 0.743229 0.011250 0.023750
2 0.570312 0.752083 0.026250 0.045000
2 0.051172 0.746875 0.010312 0.032500
2 0.731641 0.740104 0.008437 0.018750
2 0.478125 0.740625 0.013125 0.020000
2 0.870313 0.736979 0.013125 0.016250
2 0.525781 0.736458 0.015000 0.017500
2 0.503906 0.765625 0.050625 0.087500
2 0.066406 0.739583 0.022500 0.025000
2 0.882031 0.736979 0.011250 0.021250
2 0.807422 0.732292 0.010312 0.010000
2 0.792969 0.734896 0.022500 0.016250
2 0.129688 0.734896 0.022500 0.021250
2 0.696094 0.730729 0.011250 0.013750
2 0.458203 0.740104 0.029062 0.036250
2 0.409766 0.779167 0.083437 0.130000
2 0.060156 0.732812 0.009375 0.018750
2 0.686328 0.735417 0.017813 0.027500
2 0.499219 0.732292 0.024375 0.022500
2 0.845313 0.734375 0.030000 0.030000
2 0.593750 0.739583 0.026250 0.045000
2 0.548438 0.733333 0.024375 0.030000
2 0.004687 0.735938 0.009375 0.036250
2 0.888281 0.723437 0.024375 0.016250
2 0.330469 0.723437 0.015000 0.016250
2 0.933594 0.722396 0.015000 0.018750
2 0.917188 0.723437 0.015000 0.021250
2 0.778125 0.719271 0.009375 0.013750
2 0.500000 0.716146 0.024375 0.013750
2 0.387891 0.720313 0.029062 0.023750
2 0.070312 0.719271 0.026250 0.028750
2 0.863672 0.720313 0.019688 0.033750
2 0.922266 0.713542 0.010312 0.020000
2 0.412500 0.721875 0.041250 0.040000
2 0.117969 0.712500 0.007500 0.020000
2 0.901953 0.711458 0.025312 0.022500
2 0.730078 0.704167 0.012188 0.010000
2 0.794141 0.713021 0.025312 0.033750
2 0.453125 0.715625 0.052500 0.040000
2 0.276172 0.705729 0.008437 0.018750
2 0.084766 0.711979 0.014063 0.033750
2 0.915234 0.700521 0.015938 0.008750
2 0.670312 0.717708 0.020625 0.050000
2 0.565234 0.704688 0.014063 0.018750
2 0.779687 0.703125 0.007500 0.017500
2 0.385937 0.703646 0.018750 0.018750
2 0.623437 0.713542 0.039375 0.045000
2 0.770703 0.705208 0.014063 0.027500
2 0.582031 0.720313 0.056250 0.063750
2 0.966406 0.699479 0.011250 0.016250
2 0.741406 0.718750 0.067500 0.065000
2 0.686328 0.698958 0.017813 0.025000
2 0.553125 0.695833 0.015000 0.017500
2 0.298438 0.754687 0.226875 0.158750
2 0.103906 0.700521 0.013125 0.028750
2 0.837109 0.702604 0.027187 0.036250
2 0.477344 0.707292 0.022500 0.052500
2 0.794922 0.690625 0.034687 0.017500
2 0.676562 0.692708 0.005625 0.022500
2 0.569141 0.691146 0.021562 0.018750
2 0.145703 0.698438 0.027187 0.036250
2 0.873047 0.694271 0.027187 0.031250
2 0.705078 0.700521 0.025312 0.046250
2 0.824219 0.709896 0.026250 0.071250
2 0.006250 0.683333 0.009375 0.012500
2 0.942187 0.687500 0.018750 0.025000
2 0.901172 0.686458 0.014063 0.025000
2 0.529687 0.701562 0.054375 0.061250
2 0.467969 0.685417 0.013125 0.025000
2 0.145703 0.679688 0.012188 0.011250
2 0.289062 0.678646 0.011250 0.013750
2 0.790234 0.679167 0.019688 0.017500
2 0.691016 0.678646 0.015938 0.016250
2 0.590625 0.683854 0.020625 0.031250
2 0.951562 0.676562 0.018750 0.016250
2 0.057031 0.673438 0.013125 0.011250
2 0.241797 0.682292 0.021562 0.037500
2 0.212109 0.674479 0.010312 0.018750
2 0.713281 0.671354 0.009375 0.013750
2 0.461328 0.673438 0.010312 0.018750
2 0.203125 0.680208 0.013125 0.035000
2 0.681250 0.672917 0.020625 0.020000
2 0.993359 0.677604 0.012188 0.033750
2 0.766016 0.688542 0.032813 0.062500
2 0.938672 0.666667 0.010312 0.012500
2 0.069531 0.670833 0.013125 0.022500
2 0.508203 0.666667 0.008437 0.017500
2 0.913281 0.667188 0.011250 0.023750
2 0.508203 0.682813 0.064687 0.061250
2 0.266016 0.663021 0.023438 0.013750
2 0.810156 0.676562 0.028125 0.048750
2 0.010781 0.675000 0.021562 0.045000
2 0.745703 0.665104 0.014063 0.026250
2 0.701172 0.663021 0.025312 0.021250
2 0.030078 0.662500 0.008437 0.020000
2 0.130469 0.695833 0.052500 0.102500
2 0.820312 0.660937 0.011250 0.023750
2 0.652734 0.695833 0.040313 0.107500
2 0.928516 0.658854 0.019688 0.021250
2 0.904687 0.660937 0.011250 0.026250
2 0.787500 0.659375 0.016875 0.022500
2 0.626953 0.674479 0.030937 0.058750
2 0.862500 0.667708 0.039375 0.045000
2 0.503906 0.661458 0.033750 0.030000
2 0.481250 0.655729 0.009375 0.016250
2 0.746484 0.676562 0.034687 0.071250
2 0.709766 0.651563 0.015938 0.011250
2 0.193359 0.656250 0.021562 0.025000
2 0.814453 0.652083 0.014063 0.020000
2 0.610547 0.668750 0.023438 0.062500
2 0.952344 0.650521 0.009375 0.021250
2 0.869141 0.649479 0.021562 0.018750
2 0.841016 0.665625 0.029062 0.057500
2 0.471875 0.661458 0.022500 0.047500
2 0.352344 0.648958 0.039375 0.020000
2 0.891016 0.650521 0.019688 0.026250
2 0.488672 0.643229 0.017813 0.008750
2 0.406641 0.671875 0.081562 0.085000
2 0.750000 0.643229 0.028125 0.023750
2 0.298828 0.639062 0.017813 0.016250
2 0.939844 0.641667 0.020625 0.025000
2 0.795703 0.639583 0.019688 0.020000
2 0.729297 0.660417 0.025312 0.070000
2 0.380859 0.641667 0.027187 0.025000
2 0.275000 0.635938 0.015000 0.011250
2 0.442578 0.655208 0.029062 0.060000
2 0.770703 0.645312 0.025312 0.038750
2 0.008437 0.636458 0.016875 0.017500
2 0.592969 0.636979 0.018750 0.021250
2 0.363672 0.635417 0.012188 0.017500
2 0.179297 0.633333 0.010312 0.015000
2 0.851953 0.635417 0.027187 0.022500
2 0.620313 0.633333 0.009375 0.017500
2 0.446875 0.631250 0.009375 0.012500
2 0.692969 0.644271 0.026250 0.046250
2 0.657422 0.638021 0.034687 0.031250
2 0.489453 0.631250 0.021562 0.015000
2 0.912891 0.636979 0.027187 0.031250
2 0.872656 0.631250 0.020625 0.017500
2 0.821094 0.637500 0.043125 0.035000
2 0.313672 0.683854 0.171563 0.146250
2 0.810937 0.628646 0.013125 0.016250
2 0.302344 0.626042 0.009375 0.010000
2 0.990234 0.627083 0.008437 0.022500
2 0.724609 0.624479 0.017813 0.016250
2 0.640234 0.625521 0.012188 0.018750
2 0.476172 0.633333 0.015938 0.037500
2 0.389062 0.625521 0.013125 0.018750
2 0.129688 0.627604 0.022500 0.023750
2 0.898047 0.627083 0.010312 0.025000
2 0.737500 0.627083 0.020625 0.025000
2 0.952734 0.621875 0.015938 0.015000
2 0.575391 0.650521 0.053437 0.083750
2 0.889453 0.626042 0.010312 0.027500
2 0.176172 0.620313 0.015938 0.013750
2 0.802734 0.624479 0.012188 0.026250
2 0.972266 0.637500 0.036562 0.060000
2 0.371875 0.619792 0.013125 0.017500
2 0.398828 0.641146 0.030937 0.071250
2 0.316406 0.617708 0.018750 0.015000
2 0.507812 0.630208 0.037500 0.047500
2 0.748047 0.618229 0.014063 0.021250
2 0.855859 0.619271 0.014063 0.026250
2 0.936328 0.620833 0.021562 0.035000
2 0.964844 0.611458 0.011250 0.015000
2 0.916406 0.613542 0.026250 0.025000
2 0.486328 0.614062 0.014063 0.026250
2 0.989844 0.608333 0.015000 0.015000
2 0.978125 0.607812 0.009375 0.013750
2 0.589844 0.614062 0.015000 0.031250
2 0.771094 0.618750 0.033750 0.047500
2 0.313672 0.603646 0.014063 0.011250
2 0.846484 0.603125 0.014063 0.017500
2 0.222656 0.647917 0.091875 0.125000
2 0.888281 0.604167 0.041250 0.022500
2 0.793359 0.607812 0.021562 0.033750
2 0.946875 0.602083 0.035625 0.027500
2 0.217578 0.598437 0.012188 0.018750
2 0.712500 0.605208 0.033750 0.037500
2 0.991797 0.593750 0.012188 0.015000
2 0.240234 0.613021 0.044062 0.061250
2 0.810156 0.592708 0.013125 0.015000
2 0.177734 0.590625 0.012188 0.012500
2 0.836719 0.600521 0.013125 0.038750
2 0.900781 0.588021 0.016875 0.013750
2 0.951562 0.586979 0.007500 0.016250
2 0.944141 0.586458 0.008437 0.017500
2 0.282031 0.583854 0.011250 0.013750
2 0.230078 0.586458 0.019688 0.022500
2 0.783594 0.586458 0.033750 0.025000
2 0.247266 0.582292 0.017813 0.015000
2 0.936328 0.580729 0.012188 0.013750
2 0.863281 0.583854 0.030000 0.023750
2 0.313672 0.585417 0.040313 0.027500
2 0.892578 0.580729 0.015938 0.021250
2 0.758203 0.584375 0.015938 0.032500
2 0.182422 0.594271 0.070312 0.056250
2 0.881641 0.578125 0.012188 0.022500
2 0.492578 0.590104 0.051562 0.051250
2 0.820703 0.580208 0.021562 0.030000
2 0.737109 0.586458 0.034687 0.045000
2 0.444922 0.575521 0.014063 0.018750
2 0.962500 0.571875 0.022500 0.012500
2 0.915234 0.585938 0.036562 0.051250
2 0.985156 0.574479 0.015000 0.028750
2 0.944922 0.567708 0.010312 0.020000
2 0.891797 0.563021 0.017813 0.013750
2 0.869531 0.564063 0.007500 0.016250
2 0.794531 0.563542 0.007500 0.015000
2 0.262109 0.580208 0.030937 0.055000
2 0.764844 0.564063 0.015000 0.018750
2 0.306641 0.560417 0.008437 0.017500
2 0.781641 0.564583 0.023438 0.030000
2 0.022500 0.607812 0.045000 0.138750
2 0.841406 0.559896 0.024375 0.026250
2 0.824219 0.556771 0.015000 0.018750
2 0.754297 0.557292 0.017813 0.020000
2 0.720313 0.563021 0.013125 0.036250
2 0.039844 0.586458 0.050625 0.092500
2 0.954297 0.553646 0.010312 0.016250
2 0.860156 0.562500 0.018750 0.037500
2 0.707422 0.563542 0.014063 0.042500
2 0.441016 0.566146 0.038437 0.048750
2 0.249219 0.551562 0.015000 0.013750
2 0.326562 0.550521 0.013125 0.013750
2 0.772656 0.548958 0.013125 0.012500
2 0.892969 0.547917 0.016875 0.012500
2 0.987109 0.550521 0.017813 0.023750
2 0.940234 0.546875 0.014063 0.015000
2 0.398828 0.550521 0.023438 0.023750
2 0.971484 0.552083 0.029062 0.030000
2 0.916016 0.546875 0.012188 0.017500
2 0.440234 0.541667 0.015938 0.010000
2 0.279297 0.581250 0.051562 0.105000
2 0.005078 0.542708 0.008437 0.012500
2 0.735938 0.542708 0.011250 0.015000
2 0.187500 0.553646 0.039375 0.043750
2 0.876172 0.547396 0.021562 0.031250
2 0.788281 0.539062 0.015000 0.013750
2 0.378516 0.554167 0.034687 0.050000
2 0.515625 0.540104 0.011250 0.018750
2 0.961719 0.540104 0.009375 0.021250
2 0.809766 0.551042 0.029062 0.047500
2 0.302734 0.543229 0.030937 0.033750
2 0.144922 0.535417 0.008437 0.015000
2 0.971094 0.533333 0.011250 0.012500
2 0.769531 0.533333 0.011250 0.015000
2 0.314453 0.535417 0.015938 0.020000
2 0.983984 0.534375 0.012188 0.020000
2 0.888672 0.533333 0.008437 0.017500
2 0.532813 0.543750 0.020625 0.042500
2 0.835156 0.536979 0.028125 0.031250
2 0.419141 0.539583 0.029062 0.042500
2 0.934375 0.532813 0.026250 0.028750
2 0.695312 0.531250 0.013125 0.025000
2 0.439063 0.527604 0.013125 0.018750
2 0.950000 0.526563 0.015000 0.018750
2 0.855469 0.534896 0.015000 0.038750
2 0.472266 0.544792 0.029062 0.065000
2 0.776953 0.523958 0.008437 0.017500
2 0.382031 0.531250 0.054375 0.035000
2 0.845703 0.522917 0.017813 0.020000
2 0.870703 0.526563 0.019688 0.036250
2 0.075781 0.523438 0.030000 0.031250
2 0.789844 0.521875 0.020625 0.030000
2 0.993437 0.525000 0.013125 0.040000
2 0.499609 0.542708 0.057188 0.082500
2 0.451562 0.522396 0.024375 0.033750
2 0.717578 0.526042 0.032813 0.047500
2 0.542969 0.513542 0.011250 0.017500
2 0.409766 0.515104 0.017813 0.021250
2 0.216016 0.515104 0.014063 0.021250
2 0.784766 0.512500 0.010312 0.022500
2 0.749609 0.526042 0.034687 0.055000
2 0.287500 0.515104 0.030000 0.028750
2 0.392578 0.514062 0.010312 0.028750
2 0.306250 0.515104 0.015000 0.031250
2 0.375000 0.511458 0.039375 0.025000
2 0.699219 0.507292 0.007500 0.017500
2 0.758203 0.506250 0.014063 0.020000
2 0.930469 0.513021 0.028125 0.038750
2 0.855859 0.504167 0.017813 0.022500
2 0.946484 0.505208 0.017813 0.030000
2 0.889453 0.507812 0.023438 0.038750
2 0.525000 0.508854 0.026250 0.043750
2 0.400781 0.502604 0.026250 0.028750
2 0.080078 0.501563 0.015938 0.026250
2 0.783594 0.498437 0.020625 0.023750
2 0.659766 0.498958 0.012188 0.025000
2 0.872656 0.499479 0.016875 0.028750
2 0.751953 0.493229 0.019688 0.016250
2 0.981719 0.496875 0.036562 0.030000
2 0.051172 0.495312 0.015938 0.033750
2 0.762891 0.486979 0.010312 0.016250
2 0.803125 0.492188 0.024375 0.031250
2 0.362109 0.490104 0.010312 0.028750
2 0.957812 0.482812 0.015000 0.013750
2 0.380469 0.486458 0.035625 0.027500
2 0.776563 0.486458 0.018750 0.030000
2 0.798438 0.478125 0.015000 0.015000
2 0.879687 0.479687 0.018750 0.021250
2 0.113672 0.475521 0.012188 0.013750
2 0.334766 0.481250 0.025312 0.032500
2 0.742578 0.475521 0.008437 0.021250
2 0.973437 0.473958 0.020625 0.020000
2 0.844141 0.480208 0.012188 0.035000
2 0.907813 0.469271 0.011250 0.011250
2 0.818359 0.477604 0.015938 0.033750
2 0.773047 0.471875 0.010312 0.020000
2 0.245703 0.526563 0.109688 0.151250
2 0.029687 0.471875 0.009375 0.022500
2 0.487500 0.465104 0.009375 0.013750
2 0.789844 0.465625 0.022500 0.017500
2 0.282031 0.464583 0.011250 0.015000
2 0.736328 0.464583 0.014063 0.017500
2 0.729688 0.457292 0.009375 0.015000
2 0.828125 0.461458 0.015000 0.027500
2 0.956250 0.458854 0.022500 0.023750
2 0.719531 0.484375 0.050625 0.087500
2 0.230859 0.461458 0.032813 0.032500
2 0.752344 0.466146 0.016875 0.046250
2 0.323437 0.453125 0.007500 0.015000
2 0.988281 0.457813 0.015000 0.028750
2 0.261328 0.458854 0.014063 0.031250
2 0.897266 0.459896 0.032813 0.036250
2 0.378906 0.555729 0.243750 0.266250
2 0.849219 0.457813 0.020625 0.033750
2 0.767188 0.457292 0.022500 0.032500
2 0.064062 0.451042 0.011250 0.017500
2 0.944141 0.454167 0.015938 0.027500
2 0.933984 0.444792 0.014063 0.010000
2 0.797266 0.445312 0.023438 0.013750
2 0.743359 0.446354 0.015938 0.018750
2 0.964844 0.443229 0.022500 0.018750
2 0.285156 0.444792 0.031875 0.025000
2 0.858594 0.436979 0.013125 0.011250
2 0.779687 0.438542 0.007500 0.015000
2 0.175781 0.493750 0.150000 0.155000
2 0.671484 0.435937 0.010312 0.018750
2 0.245312 0.455208 0.043125 0.070000
2 0.903516 0.438021 0.015938 0.031250
2 0.547656 0.435937 0.009375 0.026250
2 0.849609 0.429167 0.014063 0.017500
2 0.839453 0.427604 0.012188 0.013750
2 0.741406 0.429688 0.016875 0.018750
2 0.347266 0.454167 0.085312 0.080000
2 0.390234 0.436458 0.023438 0.040000
2 0.874219 0.435417 0.022500 0.040000
2 0.823047 0.437500 0.021562 0.050000
2 0.684375 0.456771 0.028125 0.101250
2 0.716797 0.431250 0.019688 0.045000
2 0.323047 0.418750 0.021562 0.015000
2 0.351953 0.418750 0.025312 0.017500
2 0.127734 0.431250 0.029062 0.055000
2 0.785156 0.418750 0.011250 0.027500
2 0.774219 0.413542 0.013125 0.015000
2 0.989453 0.411458 0.019688 0.015000
2 0.012188 0.411458 0.024375 0.022500
2 0.078906 0.405208 0.015000 0.012500
2 0.870703 0.406771 0.021562 0.018750
2 0.220312 0.422396 0.037500 0.056250
2 0.447656 0.407813 0.011250 0.023750
2 0.268359 0.403125 0.010312 0.015000
2 0.757812 0.408854 0.030000 0.031250
2 0.246094 0.415625 0.033750 0.050000
2 0.159375 0.409375 0.009375 0.037500
2 0.408594 0.413021 0.037500 0.048750
2 0.699609 0.398958 0.014063 0.017500
2 0.666016 0.412500 0.044062 0.050000
2 0.938281 0.400521 0.026250 0.026250
2 0.843750 0.402083 0.041250 0.030000
2 0.785547 0.397917 0.019688 0.020000
2 0.767969 0.397396 0.016875 0.021250
2 0.662891 0.393750 0.008437 0.015000
2 0.731641 0.393229 0.021562 0.018750
2 0.276953 0.412500 0.042188 0.065000
2 0.833594 0.390104 0.011250 0.013750
2 0.559766 0.470313 0.104062 0.206250
2 0.006094 0.396875 0.012188 0.030000
2 0.715234 0.395313 0.015938 0.028750
2 0.466797 0.391667 0.012188 0.022500
2 0.127734 0.394271 0.015938 0.028750
2 0.953906 0.390625 0.011250 0.027500
2 0.894922 0.401562 0.027187 0.053750
2 0.539844 0.384896 0.013125 0.013750
2 0.364844 0.385937 0.011250 0.018750
2 0.825391 0.380729 0.010312 0.013750
2 0.836719 0.378125 0.011250 0.012500
2 0.764453 0.379167 0.006563 0.015000
2 0.989062 0.381250 0.016875 0.022500
2 0.976172 0.397396 0.044062 0.061250
2 0.269922 0.383854 0.021562 0.028750
2 0.551953 0.378125 0.010312 0.017500
2 0.751563 0.381250 0.022500 0.030000
2 0.601562 0.521875 0.238125 0.367500
2 0.464062 0.373437 0.011250 0.013750
2 0.358984 0.375000 0.019688 0.017500
2 0.916406 0.374479 0.009375 0.018750
2 0.787891 0.371354 0.017813 0.011250
2 0.957812 0.370312 0.020625 0.011250
2 0.742969 0.369792 0.007500 0.017500
2 0.882812 0.375000 0.035625 0.032500
2 0.654297 0.381250 0.036562 0.050000
2 0.445312 0.381771 0.031875 0.051250
2 0.464453 0.441667 0.184687 0.205000
2 0.969141 0.361979 0.015938 0.021250
2 0.744141 0.358854 0.012188 0.013750
2 0.490234 0.357292 0.029062 0.017500
2 0.694922 0.371354 0.034687 0.053750
2 0.926172 0.351562 0.010312 0.008750
2 0.258984 0.354167 0.012188 0.015000
2 0.912109 0.355208 0.019688 0.025000
2 0.753125 0.350000 0.022500 0.012500
2 0.625391 0.348958 0.012188 0.010000
2 0.669141 0.354167 0.014063 0.025000
2 0.900781 0.351042 0.020625 0.020000
2 0.720313 0.352083 0.015000 0.022500
2 0.681641 0.350521 0.014063 0.018750
2 0.405469 0.371875 0.050625 0.070000
2 0.097266 0.355729 0.025312 0.031250
2 0.595313 0.354687 0.030000 0.031250
2 0.269531 0.351562 0.009375 0.023750
2 0.951562 0.349479 0.013125 0.021250
2 0.433594 0.351562 0.045000 0.028750
2 0.463281 0.353125 0.016875 0.035000
2 0.982422 0.349479 0.025312 0.031250
2 0.753125 0.340104 0.018750 0.013750
2 0.098437 0.341667 0.022500 0.017500
2 0.832031 0.339583 0.016875 0.017500
2 0.642969 0.343229 0.016875 0.028750
2 0.283984 0.348958 0.023438 0.042500
2 0.382812 0.341667 0.031875 0.027500
2 0.032813 0.362500 0.065625 0.080000
2 0.697656 0.341146 0.018750 0.031250
2 0.848437 0.346875 0.041250 0.047500
2 0.446875 0.332292 0.018750 0.012500
2 0.073438 0.364583 0.045000 0.097500
2 0.062500 0.330729 0.013125 0.016250
2 0.897266 0.332813 0.017813 0.023750
2 0.873437 0.346875 0.048750 0.057500
2 0.605469 0.330208 0.009375 0.017500
2 0.793359 0.332813 0.012188 0.026250
2 0.266797 0.331250 0.021562 0.022500
2 0.130859 0.328125 0.010312 0.015000
2 0.933984 0.338021 0.042188 0.041250
2 0.417969 0.332292 0.013125 0.030000
2 0.968750 0.330729 0.030000 0.031250
2 0.739844 0.335417 0.016875 0.042500
2 0.771094 0.331250 0.016875 0.035000
2 0.362500 0.353125 0.090000 0.092500
2 0.289062 0.323958 0.030000 0.025000
2 0.598047 0.317188 0.012188 0.011250
2 0.175781 0.325000 0.016875 0.030000
2 0.932031 0.314583 0.018750 0.010000
2 0.754687 0.320833 0.013125 0.025000
2 0.703906 0.321354 0.020625 0.026250
2 0.835938 0.320833 0.013125 0.027500
2 0.518359 0.316667 0.008437 0.017500
2 0.903906 0.314583 0.011250 0.015000
2 0.655078 0.321875 0.017813 0.037500
2 0.714844 0.310417 0.013125 0.012500
2 0.340234 0.310417 0.015938 0.015000
2 0.245312 0.310417 0.013125 0.015000
2 0.819922 0.309896 0.012188 0.016250
2 0.791406 0.310937 0.007500 0.018750
2 0.377734 0.312500 0.027187 0.022500
2 0.779297 0.314583 0.021562 0.030000
2 0.581250 0.320312 0.016875 0.043750
2 0.478906 0.308333 0.018750 0.015000
2 0.429688 0.307812 0.016875 0.016250
2 0.328906 0.310937 0.009375 0.023750
2 0.340234 0.387500 0.137813 0.210000
2 0.945703 0.304167 0.010312 0.012500
2 0.983984 0.306250 0.015938 0.020000
2 0.352734 0.308854 0.012188 0.028750
2 0.763672 0.301042 0.017813 0.012500
2 0.816797 0.302083 0.017813 0.017500
2 0.445312 0.303125 0.022500 0.020000
2 0.051953 0.301563 0.015938 0.016250
2 0.662500 0.303125 0.018750 0.022500
2 0.135547 0.301042 0.010312 0.017500
2 0.782813 0.302604 0.013125 0.023750
2 0.851562 0.304688 0.024375 0.033750
2 0.748828 0.295833 0.015938 0.012500
2 0.992578 0.295312 0.010312 0.013750
2 0.798828 0.296875 0.012188 0.020000
2 0.343359 0.294792 0.012188 0.015000
2 0.733984 0.298958 0.019688 0.030000
2 0.955078 0.296875 0.015938 0.027500
2 0.880469 0.300521 0.043125 0.036250
2 0.449219 0.292187 0.020625 0.016250
2 0.895703 0.289583 0.012188 0.015000
2 0.627344 0.306771 0.041250 0.056250
2 0.460938 0.298438 0.016875 0.036250
2 0.016406 0.309375 0.032813 0.062500
2 0.975391 0.287500 0.008437 0.012500
2 0.911719 0.295312 0.024375 0.033750
2 0.233984 0.292187 0.012188 0.026250
2 0.390625 0.286979 0.016875 0.016250
2 0.310156 0.294271 0.037500 0.036250
2 0.191797 0.366146 0.167812 0.208750
2 0.835547 0.284896 0.019688 0.016250
2 0.675781 0.284896 0.011250 0.016250
2 0.487891 0.290625 0.021562 0.030000
2 0.056250 0.286979 0.013125 0.021250
2 0.008203 0.285417 0.015938 0.017500
2 0.474609 0.290104 0.012188 0.031250
2 0.335938 0.283854 0.011250 0.016250
2 0.932422 0.290625 0.032813 0.037500
2 0.849609 0.283333 0.012188 0.020000
2 0.759375 0.279167 0.015000 0.010000
2 0.248438 0.287500 0.022500 0.030000
2 0.776563 0.283333 0.009375 0.025000
2 0.139844 0.278125 0.015000 0.012500
2 0.273438 0.298958 0.060000 0.070000
2 0.317188 0.277604 0.028125 0.021250
2 0.214453 0.275521 0.015938 0.018750
2 0.011328 0.271875 0.015938 0.012500
2 0.914453 0.275521 0.008437 0.023750
2 0.835938 0.270833 0.011250 0.015000
2 0.699609 0.273438 0.010312 0.021250
2 0.866406 0.268229 0.009375 0.013750
2 0.735156 0.267188 0.011250 0.013750
2 0.708984 0.273958 0.012188 0.032500
2 0.901172 0.267708 0.012188 0.020000
2 0.971484 0.269271 0.021562 0.026250
2 0.889062 0.269792 0.011250 0.027500
2 0.680859 0.266667 0.008437 0.020000
2 0.407813 0.281250 0.015000 0.055000
2 0.646484 0.276562 0.021562 0.046250
2 0.621875 0.263021 0.009375 0.013750
2 0.264844 0.269271 0.020625 0.028750
2 0.747656 0.266146 0.015000 0.023750
2 0.661328 0.263021 0.014063 0.016250
2 0.761328 0.263542 0.025312 0.020000
2 0.822656 0.266667 0.020625 0.030000
2 0.425000 0.266667 0.011250 0.030000
2 0.466406 0.259896 0.013125 0.016250
2 0.289453 0.261458 0.021562 0.020000
2 0.611328 0.258854 0.015938 0.016250
2 0.248047 0.263021 0.012188 0.026250
2 0.446875 0.264583 0.028125 0.035000
2 0.889453 0.253646 0.017813 0.011250
2 0.859375 0.253125 0.018750 0.010000
2 0.923047 0.256250 0.029062 0.020000
2 0.369922 0.257812 0.017813 0.023750
2 0.077344 0.262500 0.028125 0.037500
2 0.875391 0.253125 0.008437 0.020000
2 0.317188 0.252604 0.007500 0.018750
2 0.223438 0.273958 0.050625 0.070000
2 0.814844 0.248958 0.013125 0.012500
2 0.694922 0.251042 0.008437 0.017500
2 0.538672 0.321875 0.162187 0.187500
2 0.584375 0.251042 0.037500 0.020000
2 0.097656 0.255729 0.018750 0.031250
2 0.841797 0.251042 0.021562 0.022500
2 0.353125 0.257812 0.020625 0.038750
2 0.226562 0.246354 0.013125 0.013750
2 0.109766 0.249479 0.019688 0.021250
2 0.939844 0.245833 0.011250 0.015000
2 0.823828 0.246875 0.014063 0.017500
2 0.497656 0.245833 0.015000 0.017500
2 0.425781 0.246875 0.016875 0.020000
2 0.178516 0.269792 0.047812 0.075000
2 0.015469 0.253125 0.030937 0.035000
2 0.531250 0.243229 0.009375 0.013750
2 0.792578 0.251563 0.032813 0.036250
2 0.652344 0.248438 0.026250 0.028750
2 0.488281 0.248438 0.016875 0.028750
2 0.957422 0.246875 0.029062 0.027500
2 0.768359 0.244271 0.010312 0.021250
2 0.638672 0.238542 0.014063 0.010000
2 0.305469 0.241667 0.011250 0.017500
2 0.273828 0.248958 0.015938 0.035000
2 0.285547 0.241146 0.008437 0.018750
2 0.552734 0.242188 0.032813 0.026250
2 0.375000 0.241146 0.018750 0.023750
2 0.439453 0.237500 0.015938 0.020000
2 0.928125 0.237500 0.015000 0.022500
2 0.685937 0.241667 0.009375 0.035000
2 0.345703 0.236979 0.015938 0.023750
2 0.213672 0.260417 0.047812 0.080000
2 0.616016 0.234375 0.014063 0.020000
2 0.021484 0.236458 0.015938 0.030000
2 0.666016 0.228125 0.010312 0.012500
2 0.411719 0.234375 0.024375 0.027500
2 0.145313 0.227083 0.011250 0.010000
2 0.743750 0.235417 0.026250 0.032500
2 0.640625 0.227604 0.011250 0.013750
2 0.479687 0.232813 0.018750 0.026250
2 0.534375 0.226562 0.009375 0.013750
2 0.392578 0.241667 0.021562 0.050000
2 0.946875 0.228125 0.018750 0.020000
2 0.718750 0.228646 0.020625 0.021250
2 0.869141 0.227604 0.019688 0.021250
2 0.158984 0.250000 0.053437 0.075000
2 0.711719 0.221354 0.016875 0.008750
2 0.498828 0.226042 0.019688 0.020000
2 0.445312 0.225521 0.009375 0.018750
2 0.916797 0.221875 0.019688 0.012500
2 0.788281 0.227604 0.026250 0.026250
2 0.632812 0.220833 0.016875 0.012500
2 0.516797 0.223958 0.023438 0.020000
2 0.459766 0.226562 0.025312 0.028750
2 0.348438 0.219792 0.011250 0.015000
2 0.423438 0.220312 0.013125 0.018750
2 0.288281 0.221354 0.018750 0.021250
2 0.698047 0.226042 0.023438 0.035000
2 0.337109 0.215625 0.014063 0.010000
2 0.308594 0.220312 0.011250 0.023750
2 0.301563 0.221875 0.009375 0.027500
2 0.241406 0.227604 0.022500 0.041250
2 0.180469 0.216146 0.011250 0.013750
2 0.933203 0.215625 0.019688 0.015000
2 0.774219 0.222917 0.018750 0.032500
2 0.617578 0.218750 0.012188 0.022500
2 0.869922 0.216667 0.030937 0.020000
2 0.675391 0.214062 0.015938 0.013750
2 0.572266 0.224479 0.023438 0.038750
2 0.325391 0.223438 0.012188 0.036250
2 0.828906 0.216146 0.018750 0.021250
2 0.211328 0.214062 0.014063 0.016250
2 0.126953 0.214062 0.010312 0.018750
2 0.011719 0.222396 0.023438 0.038750
2 0.635156 0.209896 0.011250 0.011250
2 0.544141 0.214583 0.019688 0.022500
2 0.273438 0.214062 0.026250 0.021250
2 0.843359 0.221354 0.019688 0.041250
2 0.745703 0.212500 0.021562 0.020000
2 0.852344 0.209375 0.018750 0.015000
2 0.224219 0.213021 0.013125 0.023750
2 0.485547 0.208854 0.012188 0.016250
2 0.345703 0.207292 0.014063 0.012500
2 0.919531 0.206771 0.013125 0.013750
2 0.550391 0.206250 0.014063 0.012500
2 0.500391 0.208854 0.017813 0.018750
2 0.044922 0.213021 0.029062 0.028750
2 0.785547 0.211979 0.015938 0.028750
2 0.906250 0.205208 0.013125 0.017500
2 0.658984 0.208333 0.014063 0.025000
2 0.608984 0.209896 0.008437 0.031250
2 0.706250 0.205208 0.013125 0.022500
2 0.247656 0.201563 0.011250 0.013750
2 0.452734 0.199479 0.012188 0.016250
2 0.321094 0.205208 0.035625 0.030000
2 0.192188 0.201042 0.015000 0.020000
2 0.831641 0.197917 0.014063 0.015000
2 0.365234 0.203125 0.025312 0.030000
2 0.512109 0.196875 0.017813 0.017500
2 0.401562 0.193750 0.011250 0.010000
2 0.316016 0.194271 0.012188 0.011250
2 0.237500 0.201042 0.015000 0.027500
2 0.227734 0.194271 0.012188 0.013750
2 0.488281 0.196875 0.018750 0.022500
2 0.022656 0.206771 0.024375 0.046250
2 0.467187 0.204167 0.024375 0.042500
2 0.943750 0.200521 0.022500 0.036250
2 0.426953 0.194271 0.017813 0.021250
2 0.781641 0.190625 0.017813 0.015000
2 0.663672 0.189583 0.015938 0.012500
2 0.641406 0.194271 0.015000 0.023750
2 0.584375 0.190625 0.013125 0.015000
2 0.284766 0.190104 0.010312 0.013750
2 0.160156 0.208333 0.020625 0.057500
2 0.919922 0.191667 0.021562 0.020000
2 0.726562 0.192188 0.016875 0.023750
2 0.414844 0.191146 0.011250 0.021250
2 0.769922 0.186979 0.023438 0.018750
2 0.898047 0.189583 0.019688 0.027500
2 0.801953 0.192188 0.025312 0.033750
2 0.939063 0.182292 0.009375 0.012500
2 0.838672 0.184896 0.012188 0.021250
2 0.592969 0.180208 0.016875 0.010000
2 0.123828 0.179688 0.012188 0.008750
2 0.082422 0.211458 0.096562 0.087500
2 0.615625 0.183854 0.016875 0.023750
2 0.313672 0.181250 0.010312 0.017500
2 0.300000 0.183333 0.022500 0.025000
2 0.748437 0.183854 0.015000 0.028750
2 0.693750 0.185938 0.031875 0.033750
2 0.549219 0.177604 0.013125 0.013750
2 0.467578 0.178646 0.027187 0.016250
2 0.077734 0.178125 0.015938 0.015000
2 0.487891 0.176563 0.010312 0.016250
2 0.715234 0.180729 0.025312 0.028750
2 0.056641 0.175000 0.010312 0.015000
2 0.815625 0.183333 0.011250 0.037500
2 0.347656 0.172917 0.018750 0.012500
2 0.033594 0.178125 0.024375 0.025000
2 0.785547 0.174479 0.012188 0.021250
2 0.428906 0.174479 0.016875 0.021250
2 0.505469 0.181250 0.033750 0.042500
2 0.879687 0.186979 0.028125 0.058750
2 0.705469 0.169271 0.016875 0.018750
2 0.592187 0.165625 0.011250 0.012500
2 0.574609 0.167187 0.008437 0.016250
2 0.364063 0.164583 0.022500 0.010000
2 0.206250 0.184375 0.033750 0.057500
2 0.017813 0.186458 0.035625 0.065000
2 0.807422 0.168229 0.015938 0.023750
2 0.526953 0.177083 0.015938 0.045000
2 0.329688 0.173958 0.020625 0.037500
2 0.267578 0.176042 0.021562 0.042500
2 0.187891 0.170313 0.012188 0.028750
2 0.624609 0.168229 0.014063 0.028750
2 0.445703 0.182292 0.023438 0.062500
2 0.928125 0.163542 0.016875 0.020000
2 0.890625 0.161979 0.018750 0.016250
2 0.864062 0.165625 0.015000 0.027500
2 0.614453 0.162500 0.010312 0.020000
2 0.401953 0.159896 0.021562 0.013750
2 0.126172 0.166146 0.030937 0.028750
2 0.765234 0.170833 0.023438 0.042500
2 0.495703 0.159896 0.012188 0.016250
2 0.543750 0.159375 0.018750 0.017500
2 0.285938 0.162500 0.011250 0.027500
2 0.213672 0.155729 0.015938 0.011250
2 0.471094 0.156771 0.011250 0.016250
2 0.750000 0.158854 0.018750 0.023750
2 0.421094 0.157292 0.011250 0.020000
2 0.917578 0.157292 0.010312 0.022500
2 0.839844 0.158854 0.022500 0.026250
2 0.671875 0.160938 0.033750 0.031250
2 0.301563 0.155208 0.020625 0.017500
2 0.230078 0.154688 0.014063 0.016250
2 0.873828 0.156771 0.015938 0.026250
2 0.641797 0.164062 0.029062 0.043750
2 0.850391 0.154688 0.017813 0.023750
2 0.652344 0.150000 0.007500 0.012500
2 0.360156 0.150521 0.015000 0.013750
2 0.707422 0.151562 0.010312 0.021250
2 0.689453 0.148958 0.010312 0.015000
2 0.675781 0.150000 0.018750 0.017500
2 0.511719 0.152604 0.016875 0.023750
2 0.536719 0.148958 0.015000 0.017500
2 0.825391 0.150521 0.017813 0.023750
2 0.524609 0.148958 0.010312 0.020000
2 0.107813 0.168229 0.035625 0.066250
2 0.319531 0.147396 0.016875 0.021250
2 0.333594 0.145313 0.009375 0.018750
2 0.858984 0.144271 0.015938 0.018750
2 0.984375 0.141667 0.020625 0.015000
2 0.604297 0.146354 0.012188 0.026250
2 0.228906 0.141146 0.024375 0.013750
2 0.990156 0.158854 0.019688 0.058750
2 0.558594 0.145833 0.015000 0.030000
2 0.885938 0.139583 0.020625 0.017500
2 0.661328 0.138542 0.012188 0.015000
2 0.255859 0.138542 0.023438 0.015000
2 0.703125 0.135937 0.016875 0.011250
2 0.500000 0.137500 0.013125 0.015000
2 0.394141 0.159375 0.053437 0.067500
2 0.528516 0.137500 0.014063 0.020000
2 0.372266 0.139583 0.019688 0.025000
2 0.539844 0.134375 0.009375 0.015000
2 0.971875 0.163021 0.031875 0.086250
2 0.782813 0.150000 0.024375 0.055000
2 0.307031 0.135937 0.013125 0.021250
2 0.323828 0.132292 0.021562 0.015000
2 0.283984 0.132812 0.014063 0.021250
2 0.648047 0.135417 0.015938 0.030000
2 0.442969 0.133854 0.018750 0.026250
2 0.292578 0.136458 0.021562 0.032500
2 0.792578 0.134896 0.021562 0.031250
2 0.267578 0.128646 0.017813 0.018750
2 0.119141 0.136458 0.021562 0.037500
2 0.807031 0.127604 0.011250 0.021250
2 0.670312 0.125000 0.011250 0.015000
2 0.582812 0.125521 0.024375 0.016250
2 0.401953 0.124479 0.015938 0.013750
2 0.349609 0.130208 0.021562 0.027500
2 0.907813 0.131250 0.024375 0.035000
2 0.460938 0.134375 0.024375 0.042500
2 0.770703 0.121354 0.012188 0.013750
2 0.750000 0.127604 0.011250 0.028750
2 0.255859 0.122396 0.008437 0.016250
2 0.144141 0.138542 0.034687 0.055000
2 0.855469 0.123438 0.024375 0.021250
2 0.763281 0.131250 0.016875 0.047500
2 0.734375 0.123958 0.028125 0.030000
2 0.498437 0.119792 0.013125 0.022500
2 0.867969 0.116667 0.024375 0.017500
2 0.183594 0.118750 0.007500 0.022500
2 0.799219 0.112500 0.015000 0.012500
2 0.597266 0.114062 0.014063 0.016250
2 0.175391 0.115104 0.010312 0.018750
2 0.625391 0.117708 0.012188 0.032500
2 0.263281 0.109375 0.011250 0.012500
2 0.169141 0.127083 0.038437 0.055000
2 0.651563 0.113542 0.011250 0.025000
2 0.874609 0.108333 0.017813 0.015000
2 0.821484 0.118229 0.019688 0.038750
2 0.728906 0.109896 0.011250 0.018750
2 0.642578 0.113542 0.012188 0.027500
2 0.300391 0.109896 0.021562 0.018750
2 0.542188 0.105208 0.015000 0.010000
2 0.312891 0.113021 0.021562 0.028750
2 0.389453 0.108333 0.012188 0.020000
2 0.170313 0.108333 0.007500 0.020000
2 0.418750 0.115625 0.026250 0.040000
2 0.751953 0.107292 0.017813 0.022500
2 0.503516 0.107292 0.032813 0.022500
2 0.853125 0.106771 0.020625 0.023750
2 0.364063 0.103646 0.011250 0.016250
2 0.144922 0.107292 0.010312 0.027500
2 0.575391 0.102083 0.012188 0.017500
2 0.528125 0.103646 0.016875 0.021250
2 0.773047 0.106250 0.029062 0.030000
2 0.625781 0.100521 0.013125 0.016250
2 0.721094 0.097917 0.015000 0.012500
2 0.375000 0.106250 0.015000 0.032500
2 0.337500 0.098958 0.024375 0.015000
2 0.196484 0.105208 0.030937 0.030000
2 0.930859 0.101562 0.006563 0.023750
2 0.442188 0.119271 0.033750 0.066250
2 0.941797 0.103646 0.017813 0.031250
2 0.226953 0.098958 0.006563 0.022500
2 0.640625 0.095833 0.013125 0.017500
2 0.808594 0.096354 0.020625 0.021250
2 0.505078 0.096354 0.017813 0.021250
2 0.651953 0.093750 0.008437 0.017500
2 0.835156 0.104688 0.018750 0.046250
2 0.303906 0.094271 0.028125 0.021250
2 0.196484 0.089063 0.014063 0.011250
2 0.135547 0.091667 0.010312 0.017500
2 0.551562 0.088021 0.015000 0.021250
2 0.418750 0.092188 0.018750 0.033750
2 0.768750 0.083854 0.015000 0.018750
2 0.722656 0.085417 0.022500 0.022500
2 0.629297 0.082292 0.023438 0.015000
2 0.595313 0.083854 0.009375 0.018750
2 0.787109 0.082812 0.008437 0.018750
2 0.005625 0.080729 0.011250 0.013750
2 0.669922 0.083854 0.034687 0.026250
2 0.539062 0.081771 0.013125 0.021250
2 0.122266 0.076563 0.014063 0.008750
2 0.801953 0.083854 0.027187 0.028750
2 0.755469 0.080729 0.011250 0.021250
2 0.389062 0.084896 0.056250 0.031250
2 0.467578 0.076563 0.012188 0.016250
2 0.398438 0.073438 0.013125 0.011250
2 0.967187 0.103646 0.065625 0.086250
2 0.932813 0.078125 0.020625 0.025000
2 0.358594 0.071875 0.015000 0.010000
2 0.321484 0.072917 0.010312 0.012500
2 0.738672 0.070312 0.010312 0.016250
2 0.617188 0.073438 0.016875 0.023750
2 0.384766 0.067708 0.017813 0.010000
2 0.703125 0.072396 0.022500 0.023750
2 0.563672 0.072917 0.014063 0.025000
2 0.432422 0.070312 0.008437 0.018750
2 0.157031 0.066146 0.020625 0.016250
2 0.498437 0.077083 0.024375 0.045000
2 0.202344 0.076563 0.033750 0.043750
2 0.650391 0.061458 0.017813 0.010000
2 0.631641 0.065625 0.014063 0.020000
2 0.460156 0.064062 0.013125 0.016250
2 0.445703 0.067708 0.021562 0.025000
2 0.177344 0.076042 0.035625 0.050000
2 0.861328 0.059375 0.017813 0.017500
2 0.550000 0.064583 0.022500 0.030000
2 0.423047 0.056771 0.014063 0.013750
2 0.764062 0.061979 0.020625 0.028750
2 0.594141 0.058333 0.012188 0.020000
2 0.750000 0.059375 0.009375 0.025000
2 0.361719 0.058854 0.028125 0.026250
2 0.438281 0.053125 0.016875 0.015000
2 0.535937 0.058333 0.018750 0.030000
2 0.405469 0.051562 0.020625 0.013750
2 0.569922 0.053125 0.029062 0.020000
2 0.481641 0.050521 0.017813 0.016250
2 0.451953 0.051042 0.014063 0.017500
2 0.350000 0.053646 0.018750 0.023750
2 0.991406 0.047396 0.016875 0.011250
2 0.168750 0.053646 0.015000 0.026250
2 0.180078 0.053125 0.014063 0.027500
2 0.163281 0.046354 0.013125 0.011250
2 0.673438 0.050000 0.020625 0.022500
2 0.500391 0.048958 0.017813 0.025000
2 0.139453 0.044271 0.010312 0.021250
2 0.368750 0.042708 0.028125 0.020000
2 0.622656 0.041667 0.016875 0.020000
2 0.727734 0.048438 0.025312 0.041250
2 0.404297 0.035937 0.012188 0.016250
2 0.602344 0.039062 0.031875 0.028750
2 0.710938 0.034375 0.013125 0.020000
2 0.526563 0.035937 0.011250 0.023750
2 0.696875 0.038542 0.009375 0.032500
2 0.556250 0.030208 0.007500 0.012500
2 0.135937 0.031250 0.009375 0.015000
2 0.665234 0.030729 0.014063 0.021250
2 0.640234 0.035937 0.029062 0.033750
2 0.043750 0.032813 0.035625 0.026250
2 0.681641 0.031771 0.021562 0.026250
2 0.577734 0.029167 0.014063 0.025000
2 0.798047 0.031771 0.017813 0.033750
2 0.963906 0.052604 0.072187 0.086250
2 0.256641 0.022396 0.010312 0.013750
2 0.480859 0.021875 0.014063 0.015000
2 0.443750 0.027604 0.018750 0.028750
2 0.542188 0.031771 0.020625 0.041250
2 0.450391 0.022917 0.008437 0.020000
2 0.676953 0.021354 0.014063 0.018750
2 0.421094 0.025000 0.030000 0.027500
2 0.380859 0.037500 0.027187 0.057500
2 0.165234 0.018229 0.008437 0.011250
2 0.621094 0.017708 0.015000 0.012500
2 0.561328 0.018229 0.017813 0.013750
2 0.587500 0.026562 0.024375 0.036250
2 0.658984 0.013542 0.010312 0.012500
2 0.520312 0.016146 0.015000 0.018750
2 0.461328 0.021354 0.015938 0.033750
2 0.109375 0.017708 0.011250 0.025000
2 0.086719 0.017188 0.035625 0.026250
2 0.987813 0.017188 0.024375 0.028750
2 0.744531 0.010937 0.018750 0.018750
2 0.483594 0.009896 0.016875 0.016250
2 0.811719 0.024375 0.016875 0.048750
2 0.963281 0.016875 0.022500 0.033750
2 0.723437 0.008125 0.026250 0.016250
2 0.803594 0.175625 0.392812 0.351250
2 0.628906 0.010625 0.016875 0.021250
2 0.615234 0.009375 0.014063 0.018750
2 0.522656 0.007500 0.018750 0.015000
2 0.422656 0.007500 0.015000 0.015000
2 0.232031 0.583125 0.464062 1.000000
2 0.303125 0.013125 0.007500 0.026250
2 0.277344 0.029375 0.052500 0.058750
2 0.258984 0.005625 0.019688 0.011250
2 0.236719 0.013750 0.041250 0.027500
2 0.059766 0.014375 0.021562 0.028750
2 0.134531 0.108125 0.269062 0.216250
