2 0.066250 0.985000 0.075000 0.030000
2 0.715000 0.982000 0.060000 0.036000
2 0.240000 0.982000 0.036000 0.036000
2 0.615000 0.970000 0.042000 0.030000
2 0.118750 0.973000 0.063000 0.054000
2 0.923500 0.971500 0.153000 0.057000
2 0.376250 0.968500 0.075000 0.063000
2 0.152500 0.962500 0.042000 0.036000
2 0.678750 0.950000 0.051000 0.048000
2 0.076250 0.938750 0.045000 0.033000
2 0.293750 0.952000 0.111000 0.096000
2 0.955000 0.931250 0.036000 0.033000
2 0.237500 0.941250 0.048000 0.057000
2 0.430000 0.947500 0.078000 0.090000
2 0.568750 0.940000 0.057000 0.078000
2 0.108750 0.923750 0.069000 0.063000
2 0.433750 0.907500 0.057000 0.036000
2 0.325000 0.906250 0.042000 0.039000
2 0.986500 0.908750 0.027000 0.075000
2 0.515000 0.927500 0.138000 0.138000
2 0.181250 0.919000 0.087000 0.162000
2 0.603750 0.917500 0.075000 0.165000
2 0.063750 0.893750 0.033000 0.075000
2 0.028500 0.897500 0.057000 0.144000
2 0.358750 0.885000 0.135000 0.138000
2 0.121250 0.861250 0.069000 0.081000
2 0.876250 0.845000 0.051000 0.072000
2 0.603750 0.825000 0.039000 0.048000
2 0.850000 0.821250 0.042000 0.045000
2 0.538750 0.837500 0.111000 0.090000
2 0.486250 0.828750 0.069000 0.087000
2 0.045000 0.825000 0.054000 0.078000
2 0.240000 0.803750 0.048000 0.039000
2 0.087500 0.800000 0.030000 0.030000
2 0.452500 0.835000 0.054000 0.126000
2 0.301250 0.818750 0.123000 0.099000
2 0.046250 0.773750 0.045000 0.039000
2 0.775000 0.865000 0.450000 0.264000
2 0.517500 0.766250 0.078000 0.045000
2 0.835000 0.773750 0.078000 0.081000
2 0.297500 0.750000 0.036000 0.048000
2 0.785000 0.732500 0.066000 0.054000
2 0.027000 0.753750 0.054000 0.105000
2 0.956250 0.725000 0.075000 0.042000
2 0.592500 0.755000 0.084000 0.132000
2 0.063750 0.712500 0.045000 0.042000
2 0.288750 0.713750 0.081000 0.051000
2 0.965500 0.698750 0.069000 0.039000
2 0.176250 0.796250 0.285000 0.291000
2 0.926250 0.686250 0.021000 0.039000
2 0.515000 0.708750 0.102000 0.099000
2 0.352500 0.687500 0.030000 0.048000
2 0.916000 0.742500 0.168000 0.192000
2 0.567500 0.697500 0.054000 0.084000
2 0.213750 0.683750 0.033000 0.057000
2 0.441250 0.710000 0.075000 0.138000
2 0.381250 0.742500 0.105000 0.216000
2 0.022500 0.663750 0.045000 0.039000
2 0.425000 0.648750 0.054000 0.027000
2 0.340000 0.663750 0.036000 0.063000
2 0.743750 0.693750 0.099000 0.147000
2 0.316250 0.645000 0.039000 0.030000
2 0.611250 0.652500 0.027000 0.066000
2 0.934000 0.645000 0.132000 0.060000
2 0.786250 0.631250 0.051000 0.033000
2 0.146250 0.666250 0.129000 0.123000
2 0.540000 0.632500 0.030000 0.048000
2 0.060000 0.650000 0.060000 0.090000
2 0.498750 0.637500 0.069000 0.072000
2 0.018000 0.620000 0.036000 0.054000
2 0.246250 0.641250 0.123000 0.123000
2 0.326250 0.610000 0.081000 0.054000
2 0.121250 0.616250 0.039000 0.069000
2 0.202500 0.586250 0.048000 0.027000
2 0.656250 0.647500 0.249000 0.186000
2 0.106250 0.592500 0.051000 0.072000
2 0.691250 0.563750 0.075000 0.027000
2 0.347500 0.565000 0.120000 0.048000
2 0.290000 0.547500 0.060000 0.024000
2 0.156250 0.578750 0.057000 0.105000
2 0.051250 0.561250 0.051000 0.063000
2 0.033000 0.562500 0.066000 0.096000
2 0.650000 0.541250 0.060000 0.051000
2 0.280000 0.525000 0.036000 0.030000
2 0.380000 0.522500 0.042000 0.036000
2 0.763750 0.531250 0.129000 0.063000
2 0.931250 0.555000 0.111000 0.132000
2 0.588750 0.543750 0.081000 0.111000
2 0.643750 0.508750 0.027000 0.033000
2 0.072500 0.538750 0.054000 0.105000
2 0.027500 0.505000 0.048000 0.024000
2 0.383750 0.495000 0.051000 0.024000
2 0.815000 0.607500 0.204000 0.312000
2 0.105000 0.496250 0.024000 0.045000
2 0.131250 0.495000 0.039000 0.060000
2 0.581250 0.482500 0.051000 0.060000
2 0.395000 0.466250 0.036000 0.045000
2 0.047500 0.468750 0.090000 0.057000
2 0.742500 0.462500 0.066000 0.048000
2 0.633750 0.472500 0.057000 0.078000
2 0.253750 0.455000 0.039000 0.036000
2 0.683750 0.482500 0.069000 0.108000
2 0.463750 0.546250 0.225000 0.261000
2 0.968750 0.445000 0.045000 0.036000
2 0.030000 0.433750 0.036000 0.021000
2 0.610000 0.438750 0.072000 0.045000
2 0.450000 0.440000 0.030000 0.054000
2 0.323750 0.461250 0.081000 0.105000
2 0.775000 0.438750 0.066000 0.063000
2 0.200000 0.511250 0.168000 0.237000
2 0.467500 0.416250 0.048000 0.027000
2 0.272500 0.425000 0.030000 0.060000
2 0.176250 0.407500 0.045000 0.030000
2 0.408750 0.411250 0.069000 0.045000
2 0.068750 0.408750 0.033000 0.057000
2 0.643750 0.393750 0.057000 0.027000
2 0.236250 0.411250 0.045000 0.081000
2 0.365000 0.416250 0.072000 0.105000
2 0.311250 0.396250 0.045000 0.069000
2 0.009000 0.380000 0.018000 0.054000
2 0.859000 0.437500 0.282000 0.210000
2 0.750000 0.376250 0.024000 0.063000
2 0.516250 0.386250 0.183000 0.087000
2 0.190000 0.375000 0.090000 0.060000
2 0.726250 0.396250 0.153000 0.117000
2 0.141250 0.358750 0.039000 0.027000
2 0.777500 0.360000 0.036000 0.036000
2 0.293750 0.363750 0.063000 0.051000
2 0.241250 0.346250 0.033000 0.051000
2 0.040000 0.363750 0.054000 0.123000
2 0.268750 0.318750 0.051000 0.033000
2 0.108750 0.382500 0.105000 0.186000
2 0.952000 0.351250 0.096000 0.135000
2 0.567500 0.316250 0.048000 0.051000
2 0.391250 0.305000 0.033000 0.024000
2 0.165000 0.305000 0.024000 0.042000
2 0.611250 0.315000 0.063000 0.072000
2 0.126250 0.308750 0.051000 0.057000
2 0.745000 0.307500 0.108000 0.066000
2 0.383750 0.338750 0.117000 0.141000
2 0.178750 0.311250 0.087000 0.081000
2 0.670000 0.342500 0.090000 0.168000
2 0.276250 0.283750 0.027000 0.045000
2 0.316250 0.301250 0.075000 0.105000
2 0.152500 0.268750 0.054000 0.039000
2 0.650000 0.267500 0.042000 0.042000
2 0.896500 0.295000 0.207000 0.120000
2 0.237500 0.280000 0.048000 0.090000
2 0.405000 0.267500 0.078000 0.072000
2 0.272500 0.253750 0.042000 0.039000
2 0.350000 0.253750 0.042000 0.045000
2 0.080000 0.268750 0.072000 0.087000
2 0.553750 0.250000 0.033000 0.048000
2 0.505000 0.302500 0.174000 0.174000
2 0.047500 0.247500 0.042000 0.060000
2 0.882500 0.237500 0.078000 0.054000
2 0.780000 0.297500 0.210000 0.198000
2 0.941250 0.218750 0.057000 0.045000
2 0.401250 0.218750 0.039000 0.057000
2 0.457500 0.200000 0.090000 0.054000
2 0.210000 0.212500 0.120000 0.090000
2 0.385000 0.188750 0.030000 0.039000
2 0.941250 0.185000 0.033000 0.036000
2 0.211250 0.182500 0.045000 0.036000
2 0.902500 0.183750 0.042000 0.057000
2 0.771250 0.182500 0.045000 0.060000
2 0.170000 0.165000 0.042000 0.030000
2 0.526250 0.181250 0.081000 0.075000
2 0.315000 0.187500 0.114000 0.090000
2 0.965500 0.186250 0.069000 0.099000
2 0.443750 0.158750 0.045000 0.039000
2 0.688750 0.157500 0.075000 0.060000
2 0.817500 0.175000 0.084000 0.114000
2 0.128750 0.141250 0.075000 0.039000
2 0.672500 0.136250 0.036000 0.033000
2 0.083750 0.190000 0.165000 0.162000
2 0.405000 0.146250 0.054000 0.075000
2 0.347500 0.135000 0.030000 0.048000
2 0.768750 0.127500 0.033000 0.048000
2 0.463750 0.120000 0.063000 0.054000
2 0.037500 0.106250 0.048000 0.027000
2 0.885000 0.103750 0.030000 0.039000
2 0.127500 0.103750 0.042000 0.039000
2 0.726250 0.121250 0.069000 0.129000
2 0.445000 0.082500 0.030000 0.042000
2 0.625000 0.075000 0.048000 0.030000
2 0.048750 0.063750 0.039000 0.033000
2 0.228750 0.115000 0.165000 0.162000
2 0.107500 0.060000 0.060000 0.048000
2 0.928750 0.093750 0.069000 0.153000
2 0.576250 0.100000 0.225000 0.174000
2 0.270000 0.045000 0.048000 0.048000
2 0.702500 0.033750 0.060000 0.039000
2 0.016250 0.036250 0.027000 0.045000
2 0.063750 0.027500 0.051000 0.048000
2 0.440000 0.066000 0.120000 0.132000
2 0.953500 0.022500 0.093000 0.045000
2 0.821250 0.064500 0.183000 0.129000
2 0.493750 0.016500 0.039000 0.033000
2 0.346250 0.085500 0.231000 0.171000
2 0.248750 0.019500 0.021000 0.039000
2 0.185000 0.052500 0.114000 0.105000
