2 0.283500 0.770500 0.567000 0.459000
2 0.956250 0.572500 0.069000 0.126000
2 0.897500 0.498750 0.138000 0.099000
2 0.968750 0.417500 0.045000 0.042000
2 0.700000 0.431250 0.078000 0.111000
2 0.593750 0.423750 0.105000 0.105000
2 0.667500 0.392500 0.054000 0.042000
2 0.877500 0.418750 0.066000 0.117000
2 0.946250 0.368750 0.075000 0.069000
2 0.821250 0.375000 0.075000 0.108000
2 0.762500 0.352500 0.096000 0.108000
2 0.952000 0.307500 0.096000 0.054000
2 0.600000 0.293750 0.102000 0.099000
2 0.922500 0.255000 0.114000 0.060000
2 0.828750 0.222500 0.045000 0.030000
2 0.698750 0.265000 0.123000 0.156000
2 0.967000 0.220000 0.066000 0.066000
2 0.557500 0.148750 0.090000 0.105000
2 0.908750 0.135000 0.093000 0.108000
2 0.697500 0.091250 0.072000 0.117000
2 0.853000 0.165000 0.294000 0.330000
2 0.850000 0.111000 0.156000 0.222000
2 0.818750 0.034500 0.099000 0.069000
