2 0.505000 0.675687 0.013500 0.048959
2 0.527500 0.640300 0.037500 0.029975
2 0.360312 0.636553 0.035250 0.026978
2 0.438125 0.631557 0.024000 0.040966
2 0.499375 0.623647 0.033000 0.037968
2 0.575000 0.608659 0.036000 0.021982
2 0.400000 0.609908 0.034500 0.030974
2 0.539062 0.609908 0.042750 0.054954
2 0.456562 0.590758 0.056250 0.052956
2 0.323750 0.566195 0.012000 0.009992
2 0.520312 0.571607 0.026250 0.032973
2 0.547188 0.567860 0.035250 0.029975
2 0.365312 0.563281 0.033750 0.028976
2 0.343125 0.552873 0.015000 0.013988
2 0.489063 0.558285 0.036750 0.028976
2 0.305000 0.549542 0.007500 0.009992
2 0.390937 0.559534 0.027750 0.039967
2 0.398750 0.533722 0.012000 0.013988
2 0.323437 0.562864 0.077250 0.085928
2 0.392813 0.530391 0.015750 0.013988
2 0.432188 0.544963 0.077250 0.088926
2 0.600625 0.517902 0.028500 0.025978
2 0.350938 0.518318 0.036750 0.026978
2 0.425938 0.510824 0.027750 0.014988
2 0.320000 0.514571 0.033000 0.029975
2 0.644375 0.501665 0.012000 0.008993
2 0.505938 0.498335 0.012750 0.012989
2 0.486563 0.503331 0.072750 0.032973
2 0.391250 0.513322 0.034500 0.064946
2 0.353750 0.496253 0.034500 0.025978
2 0.642188 0.495837 0.027750 0.028976
2 0.575625 0.517069 0.060000 0.083930
2 0.509375 0.485429 0.013500 0.013988
2 0.671875 0.473772 0.030000 0.031973
2 0.532813 0.474604 0.017250 0.035970
2 0.420000 0.478768 0.034500 0.045962
2 0.400625 0.482098 0.033000 0.057952
2 0.440000 0.459201 0.027000 0.042964
2 0.563750 0.466694 0.061500 0.068943
2 0.412813 0.445046 0.020250 0.036969
2 0.634062 0.456703 0.065250 0.074938
2 0.363125 0.445046 0.087000 0.066944
2 0.502812 0.422148 0.011250 0.013988
2 0.370000 0.427560 0.025500 0.028976
2 0.491250 0.447544 0.111000 0.100916
2 0.558438 0.420483 0.033750 0.039967
2 0.587500 0.413405 0.025500 0.044963
2 0.545625 0.396753 0.007500 0.012989
2 0.507188 0.402165 0.033750 0.025978
2 0.540000 0.380516 0.009000 0.015987
2 0.531563 0.393006 0.023250 0.045962
2 0.559375 0.388010 0.024000 0.043963
2 0.516563 0.378851 0.024750 0.033972
2 0.645625 0.362614 0.009000 0.014988
2 0.488750 0.380933 0.063000 0.064946
2 0.556250 0.347627 0.012000 0.012989
2 0.535312 0.357202 0.032250 0.037968
2 0.484063 0.350125 0.038250 0.036969
2 0.438750 0.343047 0.036000 0.031973
2 0.430000 0.375520 0.102000 0.125895
2 0.575625 0.348876 0.036000 0.069942
2 0.543438 0.318901 0.006750 0.011990
2 0.542500 0.335970 0.046500 0.056953
2 0.480000 0.306411 0.018000 0.007993
2 0.406875 0.308077 0.006000 0.023980
2 0.375937 0.360533 0.125250 0.151873
2 0.422812 0.288926 0.008250 0.009992
2 0.586562 0.291840 0.012750 0.018984
2 0.617812 0.292673 0.015750 0.026978
2 0.530312 0.276853 0.030750 0.034971
2 0.497812 0.258951 0.029250 0.037968
2 0.536250 0.259784 0.033000 0.049958
2 0.424375 0.255620 0.027000 0.055953
2 0.512813 0.245212 0.030750 0.040966
2 0.601875 0.319734 0.130500 0.225812
2 0.469375 0.284346 0.229500 0.156869
2 0.438125 0.228143 0.030000 0.043963
2 0.456250 0.205246 0.028500 0.034971
2 0.413750 0.200666 0.031500 0.033972
2 0.435625 0.179850 0.037500 0.031973
