2 0.923125 0.949542 0.153750 0.100916
2 0.668750 0.745629 0.039000 0.030974
2 0.642188 0.735637 0.023250 0.042964
2 0.460000 0.708993 0.015000 0.014988
2 0.679375 0.711074 0.025500 0.043963
2 0.649375 0.700250 0.034500 0.043963
2 0.658125 0.672356 0.015000 0.050958
2 0.641250 0.639883 0.006000 0.010991
2 0.452500 0.632390 0.028500 0.040966
2 0.495000 0.619900 0.010500 0.014988
2 0.357812 0.630308 0.023250 0.041965
2 0.679375 0.628226 0.022500 0.046961
2 0.577812 0.681932 0.185250 0.175853
2 0.526250 0.618651 0.016500 0.041965
2 0.472500 0.687760 0.183000 0.223813
2 0.476875 0.606162 0.039000 0.031973
2 0.607500 0.600333 0.039000 0.031973
2 0.395313 0.619484 0.044250 0.087927
2 0.662813 0.584513 0.008250 0.017985
2 0.374688 0.590341 0.021750 0.037968
2 0.523750 0.571607 0.012000 0.010991
2 0.673438 0.563697 0.005250 0.017985
2 0.458437 0.563697 0.059250 0.065945
2 0.476875 0.542465 0.024000 0.034971
2 0.624687 0.534555 0.021750 0.039967
2 0.642188 0.518734 0.017250 0.017985
2 0.424687 0.537469 0.068250 0.086928
2 0.567187 0.500416 0.033750 0.033972
2 0.638750 0.488759 0.021000 0.017985
2 0.615313 0.494172 0.011250 0.030974
2 0.659062 0.485012 0.021750 0.024979
2 0.654375 0.564113 0.102000 0.216819
2 0.644062 0.477519 0.012750 0.020983
2 0.509375 0.485845 0.070500 0.054954
2 0.434063 0.470441 0.033750 0.033972
2 0.480312 0.478351 0.060750 0.056953
2 0.574375 0.472523 0.021000 0.044963
2 0.396250 0.451707 0.034500 0.028976
2 0.562500 0.445878 0.027000 0.018984
2 0.456875 0.447960 0.033000 0.027977
2 0.570625 0.535387 0.204000 0.245795
2 0.662813 0.452540 0.030750 0.050958
2 0.630938 0.415903 0.033750 0.026978
2 0.559688 0.427560 0.119250 0.120899
2 0.427187 0.415903 0.036750 0.092923
2 0.456250 0.389259 0.025500 0.046961
2 0.502188 0.408826 0.068250 0.107910
2 0.508750 0.346794 0.031500 0.032973
2 0.550625 0.341799 0.036000 0.028976
2 0.632500 0.332223 0.012000 0.007993
2 0.432500 0.349292 0.024000 0.048959
2 0.615000 0.363863 0.130500 0.137885
2 0.576250 0.291424 0.033000 0.031973
2 0.159375 0.566361 0.318750 0.867277
2 0.740625 0.017985 0.015000 0.035970
2 0.077250 0.050458 0.154500 0.100916
