2 0.742500 0.959500 0.072000 0.081000
2 0.260000 0.933750 0.054000 0.045000
2 0.980500 0.926250 0.039000 0.063000
2 0.248750 0.897500 0.039000 0.030000
2 0.964000 0.851250 0.072000 0.081000
2 0.205000 0.742500 0.042000 0.042000
2 0.242500 0.621250 0.054000 0.045000
2 0.024000 0.331250 0.048000 0.045000
2 0.977500 0.213750 0.045000 0.057000
2 0.985000 0.182500 0.030000 0.072000
2 0.966250 0.153750 0.039000 0.069000
2 0.913750 0.163750 0.081000 0.093000
2 0.762500 0.171250 0.258000 0.213000
2 0.745000 0.058750 0.138000 0.105000
2 0.949000 0.073500 0.102000 0.147000
2 0.852500 0.120000 0.204000 0.240000
2 0.733750 0.018000 0.033000 0.036000
2 0.491250 0.015000 0.057000 0.030000
2 0.270000 0.016500 0.048000 0.033000
2 0.600000 0.600000 1.000000 1.000000
2 0.040500 0.016500 0.081000 0.033000
