2 0.049500 0.808750 0.099000 0.063000
2 0.270000 0.772500 0.066000 0.096000
2 0.275000 0.671250 0.096000 0.081000
2 0.048000 0.667500 0.096000 0.240000
2 0.103750 0.585000 0.051000 0.054000
2 0.163750 0.560000 0.075000 0.054000
2 0.265000 0.586250 0.108000 0.135000
2 0.347500 0.527500 0.090000 0.066000
2 0.075000 0.522500 0.030000 0.054000
2 0.220000 0.498750 0.060000 0.075000
2 0.033000 0.467500 0.066000 0.048000
2 0.077500 0.457500 0.042000 0.042000
2 0.095000 0.496250 0.168000 0.141000
2 0.024000 0.361250 0.048000 0.057000
2 0.076250 0.348750 0.039000 0.081000
2 0.260000 0.340000 0.036000 0.066000
2 0.237500 0.346250 0.180000 0.177000
2 0.115000 0.308750 0.132000 0.117000
2 0.031250 0.290000 0.051000 0.096000
2 0.157500 0.267500 0.030000 0.054000
2 0.296250 0.212500 0.087000 0.060000
2 0.072500 0.210000 0.120000 0.060000
2 0.360000 0.210000 0.036000 0.084000
2 0.076250 0.183750 0.063000 0.021000
2 0.300000 0.152500 0.102000 0.072000
2 0.396250 0.130000 0.033000 0.060000
2 0.045000 0.137500 0.090000 0.078000
2 0.132500 0.138750 0.084000 0.087000
2 0.039000 0.088750 0.078000 0.039000
2 0.308750 0.095000 0.099000 0.060000
2 0.140000 0.065000 0.066000 0.030000
2 0.253750 0.028500 0.081000 0.057000
2 0.091250 0.048000 0.033000 0.096000
2 0.042000 0.040500 0.084000 0.081000
