2 0.064219 0.913125 0.128438 0.173750
2 0.580469 0.878125 0.106875 0.117500
2 0.349219 0.835938 0.112500 0.053750
2 0.551953 0.814063 0.008437 0.023750
2 0.370312 0.793229 0.022500 0.023750
2 0.703906 0.807813 0.037500 0.081250
2 0.375391 0.778125 0.014063 0.015000
2 0.309375 0.796875 0.105000 0.060000
2 0.448437 0.848437 0.281250 0.233750
2 0.287500 0.760938 0.016875 0.026250
2 0.640625 0.781771 0.063750 0.106250
2 0.124609 0.746354 0.072187 0.058750
2 0.176563 0.750521 0.041250 0.083750
2 0.224609 0.742708 0.051562 0.077500
2 0.541406 0.732812 0.056250 0.063750
2 0.685156 0.726042 0.035625 0.075000
2 0.481641 0.711979 0.060937 0.056250
2 0.641797 0.710938 0.051562 0.061250
2 0.349219 0.691146 0.009375 0.018750
2 0.180469 0.668750 0.018750 0.015000
2 0.427734 0.665625 0.008437 0.027500
2 0.506250 0.669792 0.071250 0.060000
2 0.114453 0.674479 0.045937 0.086250
2 0.165234 0.643750 0.030937 0.057500
2 0.573438 0.643229 0.030000 0.078750
2 0.210156 0.592187 0.013125 0.013750
2 0.182422 0.604688 0.029062 0.043750
2 0.435156 0.572396 0.022500 0.011250
2 0.538281 0.602083 0.082500 0.140000
2 0.460156 0.576042 0.031875 0.077500
2 0.471875 0.553646 0.026250 0.036250
2 0.616406 0.598437 0.108750 0.146250
2 0.504687 0.580208 0.076875 0.105000
2 0.499609 0.534896 0.021562 0.036250
2 0.201563 0.535417 0.015000 0.037500
2 0.278125 0.544792 0.069375 0.062500
2 0.477734 0.538021 0.042188 0.061250
2 0.772188 0.701875 0.455625 0.596250
2 0.482031 0.497396 0.063750 0.051250
2 0.254688 0.481250 0.056250 0.070000
2 0.693359 0.477604 0.055313 0.068750
2 0.622266 0.476562 0.053437 0.071250
2 0.430859 0.451562 0.015938 0.018750
2 0.402734 0.501042 0.126562 0.165000
2 0.244922 0.420833 0.014063 0.007500
2 0.635938 0.423958 0.011250 0.020000
2 0.311328 0.613021 0.449062 0.496250
2 0.587891 0.423438 0.059062 0.053750
2 0.641797 0.428646 0.055313 0.078750
2 0.539062 0.451562 0.095625 0.136250
2 0.380859 0.415104 0.062812 0.051250
2 0.267578 0.420312 0.034687 0.078750
2 0.299609 0.395313 0.036562 0.023750
2 0.641016 0.388542 0.015938 0.017500
2 0.487109 0.435937 0.117188 0.133750
2 0.637109 0.382812 0.030937 0.036250
2 0.667578 0.370833 0.015938 0.015000
2 0.332813 0.386458 0.015000 0.055000
2 0.285938 0.395313 0.041250 0.091250
2 0.534375 0.377604 0.061875 0.068750
2 0.375781 0.360938 0.041250 0.071250
2 0.656641 0.364583 0.055313 0.107500
2 0.337891 0.325000 0.015938 0.012500
2 0.333203 0.344792 0.057188 0.120000
2 0.257031 0.319271 0.041250 0.061250
2 0.192188 0.293750 0.016875 0.017500
2 0.202344 0.395833 0.153750 0.265000
2 0.607812 0.319792 0.043125 0.090000
2 0.283203 0.330208 0.062812 0.125000
2 0.177734 0.292708 0.068437 0.055000
2 0.667969 0.273958 0.013125 0.015000
2 0.444141 0.309896 0.149062 0.153750
2 0.661328 0.277083 0.045937 0.080000
2 0.233594 0.248958 0.009375 0.015000
2 0.508203 0.289062 0.075938 0.146250
2 0.266406 0.252083 0.063750 0.060000
2 0.458203 0.260417 0.040313 0.085000
2 0.227344 0.252604 0.065625 0.091250
2 0.371094 0.276562 0.056250 0.166250
2 0.293359 0.214583 0.059062 0.062500
2 0.530469 0.203125 0.060000 0.052500
2 0.401953 0.202083 0.066562 0.052500
2 0.307422 0.175521 0.053437 0.081250
2 0.457813 0.160938 0.063750 0.058750
2 0.367188 0.154167 0.063750 0.062500
2 0.328125 0.123438 0.028125 0.021250
2 0.301953 0.090104 0.152812 0.141250
2 0.427734 0.050000 0.053437 0.075000
2 0.286328 0.050521 0.094687 0.091250
2 0.860313 0.190000 0.279375 0.380000
2 0.088594 0.115625 0.177187 0.231250
