2 0.880313 0.996003 0.008250 0.007993
2 0.300312 0.996003 0.012750 0.007993
2 0.511563 0.993505 0.009750 0.012989
2 0.273125 0.993505 0.006000 0.012989
2 0.941562 0.991507 0.008250 0.016986
2 0.796250 0.991507 0.018000 0.016986
2 0.621875 0.991507 0.015000 0.016986
2 0.741250 0.989592 0.012000 0.016986
2 0.233125 0.989009 0.016500 0.021982
2 0.706562 0.987011 0.021750 0.025978
2 0.560000 0.986261 0.013500 0.018984
2 0.359375 0.982931 0.007500 0.010991
2 0.840000 0.986012 0.046500 0.027977
2 0.663125 0.984013 0.013500 0.031973
2 0.365625 0.975021 0.013500 0.009992
2 0.869062 0.975437 0.015750 0.014988
2 0.314063 0.978518 0.029250 0.042964
2 0.054062 0.978768 0.020250 0.036969
2 0.639062 0.977519 0.047250 0.044963
2 0.863125 0.965029 0.007500 0.015987
2 0.339062 0.965029 0.029250 0.019983
2 0.199375 0.962948 0.012000 0.016986
2 0.419375 0.965029 0.015000 0.023980
2 0.429063 0.957119 0.008250 0.014988
2 0.340625 0.957535 0.015000 0.017985
2 0.867500 0.969026 0.045000 0.061948
2 0.432188 0.968526 0.080250 0.062948
2 0.437188 0.949625 0.012750 0.010991
2 0.327813 0.949209 0.011250 0.013988
2 0.385937 0.937136 0.009750 0.010991
2 0.315000 0.942964 0.016500 0.032973
2 0.003375 0.938385 0.006750 0.021982
2 0.371563 0.935470 0.012750 0.016986
2 0.302500 0.933805 0.012000 0.026978
2 0.290938 0.926728 0.011250 0.013988
2 0.349687 0.949209 0.051750 0.075937
2 0.443750 0.912157 0.013500 0.014988
2 0.279062 0.913405 0.021750 0.025978
2 0.429375 0.912157 0.016500 0.032973
2 0.420625 0.903414 0.007500 0.013988
2 0.258125 0.898418 0.024000 0.021982
2 0.366250 0.892590 0.016500 0.021982
2 0.451875 0.894671 0.027000 0.028976
2 0.167813 0.887177 0.012750 0.010991
2 0.313750 0.886761 0.006000 0.011990
2 0.373125 0.883847 0.013500 0.010991
2 0.422500 0.880516 0.009000 0.010991
2 0.979688 0.883014 0.021750 0.020983
2 0.361250 0.880100 0.016500 0.015987
2 0.372500 0.873022 0.009000 0.008993
2 0.496875 0.866361 0.009000 0.008993
2 0.253125 0.867194 0.010500 0.012989
2 0.212188 0.865529 0.009750 0.014988
2 0.430312 0.864696 0.008250 0.014988
2 0.420312 0.862614 0.015750 0.011990
2 0.262813 0.864280 0.012750 0.021982
2 0.201875 0.856370 0.013500 0.014988
2 0.251875 0.853455 0.009000 0.015987
2 0.212188 0.850541 0.009750 0.008993
2 0.465313 0.847627 0.009750 0.009992
2 0.031875 0.851374 0.009000 0.018984
2 0.387188 0.863863 0.033750 0.050958
2 0.004500 0.846794 0.009000 0.015987
2 0.240313 0.863863 0.039750 0.060949
2 0.477187 0.842215 0.012750 0.010991
2 0.397500 0.843464 0.009000 0.015987
2 0.225312 0.848876 0.029250 0.044963
2 0.464062 0.834721 0.008250 0.018984
2 0.199687 0.827644 0.006750 0.009992
2 0.171250 0.830558 0.018000 0.016986
2 0.416875 0.890508 0.111000 0.180849
2 0.236250 0.822648 0.015000 0.021982
2 0.376250 0.830142 0.019500 0.041965
2 0.159688 0.816403 0.011250 0.022981
2 0.330000 0.811823 0.006000 0.013988
2 0.448125 0.811823 0.031500 0.025978
2 0.406250 0.809742 0.016500 0.020983
2 0.310937 0.871774 0.174750 0.171857
2 0.957500 0.798918 0.010500 0.012989
2 0.390625 0.818068 0.033000 0.058951
2 0.525312 0.795587 0.011250 0.008993
2 0.389688 0.795171 0.009750 0.015987
2 0.482187 0.836803 0.146250 0.125895
2 0.005625 0.786428 0.010500 0.022981
2 0.502500 0.785595 0.048000 0.028976
2 0.967812 0.774355 0.011250 0.009992
2 0.474687 0.776020 0.012750 0.017985
2 0.211875 0.796836 0.055500 0.067943
2 0.384062 0.774355 0.012750 0.019983
2 0.466562 0.769775 0.008250 0.016986
2 0.334688 0.769359 0.009750 0.017985
2 0.448750 0.780600 0.034500 0.046961
2 0.218125 0.766028 0.010500 0.015987
2 0.009375 0.768526 0.018750 0.025978
2 0.093750 0.763947 0.016500 0.018984
2 0.322188 0.760200 0.006750 0.011990
2 0.327188 0.761865 0.006750 0.017985
2 0.228125 0.763530 0.010500 0.023980
2 0.585625 0.757702 0.010500 0.013988
2 0.245312 0.756037 0.009750 0.009992
2 0.597812 0.755204 0.015750 0.015987
2 0.989125 0.751457 0.021750 0.014988
2 0.565937 0.781432 0.099750 0.092923
2 0.112812 0.746878 0.012750 0.009992
2 0.247188 0.756453 0.044250 0.042964
2 0.091875 0.741465 0.012000 0.018984
2 0.252812 0.736053 0.012750 0.013988
2 0.101562 0.741882 0.015750 0.029975
2 0.979375 0.732723 0.009000 0.009992
2 0.135000 0.732306 0.009000 0.012989
2 0.237813 0.732723 0.018750 0.019983
2 0.595625 0.731474 0.009000 0.020983
2 0.530937 0.725645 0.006750 0.014988
2 0.607187 0.723564 0.014250 0.013988
2 0.978750 0.721482 0.009000 0.018984
2 0.627188 0.722315 0.009750 0.020983
2 0.445625 0.719817 0.009000 0.014988
2 0.667500 0.718984 0.004500 0.016986
2 0.538750 0.743963 0.064500 0.082931
2 0.604688 0.712323 0.008250 0.008993
2 0.535625 0.711907 0.009000 0.017985
2 0.525625 0.716070 0.015000 0.029975
2 0.986500 0.716486 0.027000 0.034971
2 0.386562 0.714405 0.014250 0.029975
2 0.136563 0.709409 0.024750 0.025978
2 0.513125 0.708576 0.018000 0.027977
2 0.505938 0.709409 0.017250 0.031973
2 0.346875 0.707744 0.010500 0.035970
2 0.384062 0.696087 0.009750 0.009992
2 0.134375 0.695670 0.012000 0.010991
2 0.480312 0.733972 0.084750 0.110908
2 0.252500 0.720233 0.072000 0.077935
2 0.012812 0.694005 0.015750 0.022981
2 0.329375 0.694421 0.030000 0.025978
2 0.966562 0.687760 0.017250 0.023980
2 0.982812 0.681932 0.021750 0.025978
2 0.992500 0.675687 0.015000 0.014988
2 0.715938 0.679017 0.030750 0.030974
2 0.303125 0.666112 0.007500 0.011990
2 0.422500 0.666528 0.019500 0.024979
2 0.234375 0.665279 0.012000 0.021982
2 0.135000 0.658201 0.015000 0.014988
2 0.200937 0.655287 0.006750 0.011990
2 0.323125 0.661116 0.015000 0.027977
2 0.150625 0.658618 0.010500 0.021982
2 0.252188 0.652373 0.015750 0.016986
2 0.035312 0.649042 0.012750 0.018984
2 0.735313 0.647377 0.012750 0.016986
2 0.446250 0.646128 0.007500 0.013988
2 0.534687 0.646545 0.008250 0.018984
2 0.740000 0.644463 0.010500 0.015987
2 0.568438 0.643630 0.018750 0.017985
2 0.305312 0.646128 0.015750 0.027977
2 0.354375 0.637802 0.007500 0.011990
2 0.412500 0.638218 0.007500 0.018984
2 0.477187 0.631973 0.008250 0.015987
2 0.448125 0.631557 0.007500 0.014988
2 0.375937 0.626145 0.020250 0.011990
2 0.484687 0.623231 0.008250 0.010991
2 0.720000 0.630724 0.021000 0.030974
2 0.995125 0.623647 0.009750 0.015987
2 0.298438 0.627394 0.014250 0.024979
2 0.427187 0.636553 0.030750 0.048959
2 0.033438 0.619067 0.008250 0.012989
2 0.415000 0.622398 0.009000 0.022981
2 0.592812 0.620316 0.029250 0.019983
2 0.173750 0.617402 0.015000 0.012989
2 0.105000 0.619067 0.015000 0.018984
2 0.409687 0.612823 0.012750 0.027977
2 0.735625 0.611157 0.022500 0.025978
2 0.755000 0.605329 0.009000 0.013988
2 0.643125 0.604496 0.015000 0.011990
2 0.106563 0.606162 0.009750 0.015987
2 0.589688 0.607827 0.021750 0.021982
2 0.006875 0.607827 0.006000 0.021982
2 0.390000 0.605329 0.012000 0.023980
2 0.116562 0.613655 0.017250 0.043963
2 0.017250 0.644047 0.034500 0.124896
2 0.538750 0.666528 0.168000 0.198834
2 0.474375 0.594088 0.027000 0.024979
2 0.011875 0.590758 0.015000 0.018984
2 0.585313 0.591590 0.009750 0.022981
2 0.490000 0.600749 0.024000 0.044963
2 0.101250 0.582431 0.007500 0.008993
2 0.038125 0.597419 0.024000 0.044963
2 0.042188 0.583680 0.020250 0.015987
2 0.680312 0.585762 0.012750 0.022981
2 0.749062 0.587011 0.033750 0.031973
2 0.671250 0.577852 0.007500 0.011990
2 0.815625 0.585762 0.013500 0.032973
2 0.081250 0.578268 0.013500 0.014988
2 0.283438 0.578268 0.008250 0.016986
2 0.072500 0.574938 0.010500 0.012989
2 0.276250 0.575354 0.012000 0.015987
2 0.270000 0.596586 0.049500 0.086928
2 0.074063 0.659450 0.146250 0.241799
2 0.522500 0.588260 0.049500 0.074938
2 0.277813 0.562448 0.027750 0.014988
2 0.985750 0.566611 0.028500 0.028976
2 0.716250 0.557452 0.013500 0.008993
2 0.360000 0.556203 0.007500 0.009992
2 0.853750 0.555787 0.015000 0.010991
2 0.547500 0.564946 0.022500 0.032973
2 0.300000 0.572440 0.030000 0.050958
2 0.839375 0.568276 0.043500 0.044963
2 0.531250 0.554954 0.015000 0.012989
2 0.569063 0.572440 0.039750 0.056953
2 0.555625 0.552040 0.009000 0.009992
2 0.866563 0.549542 0.014250 0.009992
2 0.786875 0.557868 0.018000 0.033972
2 0.585625 0.543714 0.009000 0.009992
2 0.336875 0.547044 0.013500 0.017985
2 0.575625 0.544130 0.015000 0.014988
2 0.409062 0.545379 0.011250 0.017985
2 0.666250 0.541632 0.015000 0.012989
2 0.854375 0.543714 0.016500 0.019983
2 0.699063 0.539967 0.014250 0.014988
2 0.304688 0.544130 0.014250 0.024979
2 0.400313 0.539134 0.014250 0.016986
2 0.997375 0.533306 0.005250 0.020983
2 0.325625 0.532057 0.016500 0.025978
2 0.675000 0.527893 0.013500 0.017985
2 0.363438 0.584097 0.170250 0.154871
2 0.658438 0.539134 0.021750 0.050958
2 0.458437 0.574521 0.084750 0.137885
2 0.095625 0.532889 0.033000 0.039967
2 0.331250 0.524979 0.012000 0.022981
2 0.862500 0.520400 0.007500 0.013988
2 0.070312 0.536636 0.038250 0.054954
2 0.684688 0.518318 0.017250 0.028976
2 0.083125 0.509159 0.012000 0.012989
2 0.871250 0.505828 0.010500 0.010991
2 0.857187 0.516653 0.018750 0.042964
2 0.092500 0.514155 0.036000 0.036969
2 0.476875 0.511241 0.036000 0.041965
2 0.124688 0.543714 0.093750 0.119900
2 0.410000 0.516653 0.055500 0.070941
2 0.500625 0.507910 0.039000 0.051957
2 0.347813 0.490841 0.006750 0.012989
2 0.436875 0.490008 0.006000 0.012989
2 0.915625 0.498335 0.021000 0.040966
2 0.705937 0.482515 0.011250 0.010991
2 0.692187 0.491257 0.026250 0.035970
2 0.625000 0.485012 0.019500 0.020983
2 0.662813 0.481266 0.006750 0.013988
2 0.059375 0.486261 0.028500 0.025978
2 0.874062 0.498751 0.050250 0.057952
2 0.700937 0.479184 0.008250 0.014988
2 0.661250 0.499167 0.067500 0.064946
2 0.802188 0.471274 0.011250 0.009992
2 0.611563 0.475021 0.011250 0.018984
2 0.203750 0.470025 0.012000 0.008993
2 0.058125 0.472107 0.012000 0.013988
2 0.697500 0.471274 0.009000 0.013988
2 0.565937 0.509159 0.095250 0.106911
2 0.844063 0.468776 0.009750 0.011990
2 0.132188 0.470858 0.015750 0.016986
2 0.043125 0.525812 0.086250 0.152873
2 0.037187 0.460033 0.005250 0.010991
2 0.606250 0.460450 0.013500 0.015987
2 0.352187 0.456703 0.009750 0.006994
2 0.619375 0.464197 0.024000 0.028976
2 0.845938 0.454621 0.008250 0.011990
2 0.023438 0.460033 0.033750 0.028976
2 0.832187 0.497918 0.063750 0.121898
2 0.797813 0.452540 0.015750 0.018984
2 0.760312 0.450458 0.011250 0.013988
2 0.608750 0.446711 0.009000 0.008993
2 0.461562 0.504996 0.080250 0.148876
2 0.446250 0.460450 0.037500 0.041965
2 0.288750 0.445462 0.012000 0.011990
2 0.860313 0.463364 0.041250 0.060949
2 0.256875 0.443381 0.007500 0.012989
2 0.742500 0.452956 0.030000 0.039967
2 0.114375 0.466278 0.037500 0.077935
2 0.774375 0.443381 0.009000 0.024979
2 0.407500 0.437968 0.013500 0.011990
2 0.395313 0.436719 0.009750 0.010991
2 0.547500 0.436719 0.018000 0.014988
2 0.706875 0.435887 0.009000 0.018984
2 0.600938 0.432140 0.009750 0.011990
2 0.407813 0.429642 0.009750 0.009992
2 0.755938 0.433389 0.024750 0.020983
2 0.686250 0.432140 0.015000 0.017985
2 0.115000 0.431307 0.009000 0.017985
2 0.791875 0.438385 0.039000 0.038968
2 0.696562 0.424230 0.018750 0.016986
2 0.585938 0.444213 0.041250 0.064946
2 0.823125 0.440466 0.058500 0.057952
2 0.822187 0.423397 0.012750 0.016986
2 0.712500 0.425062 0.015000 0.020983
2 0.686562 0.420899 0.006750 0.010991
2 0.805625 0.419234 0.012000 0.010991
2 0.792500 0.417152 0.010500 0.011990
2 0.599375 0.418818 0.010500 0.015987
2 0.117813 0.418818 0.017250 0.015987
2 0.330000 0.412157 0.007500 0.015987
2 0.885938 0.410075 0.008250 0.012989
2 0.645625 0.439634 0.045000 0.085928
2 0.495312 0.427977 0.039750 0.057952
2 0.018125 0.409242 0.016500 0.014988
2 0.847812 0.407993 0.011250 0.013988
2 0.007875 0.414654 0.015750 0.029975
2 0.587812 0.409659 0.014250 0.021982
2 0.678750 0.407577 0.025500 0.018984
2 0.807813 0.410075 0.026250 0.026978
2 0.494375 0.404663 0.007500 0.013988
2 0.618750 0.420899 0.039000 0.058951
2 0.147500 0.402581 0.016500 0.014988
2 0.033750 0.403830 0.016500 0.019983
2 0.830313 0.404246 0.011250 0.022981
2 0.868750 0.395920 0.010500 0.012989
2 0.239375 0.397169 0.013500 0.017985
2 0.280625 0.396336 0.013500 0.017985
2 0.261250 0.409242 0.040500 0.050958
2 0.013437 0.394255 0.011250 0.014988
2 0.035000 0.390924 0.012000 0.008993
2 0.047813 0.397169 0.020250 0.025978
2 0.007812 0.397585 0.014250 0.026978
2 0.655000 0.388843 0.016500 0.011990
2 0.125000 0.395087 0.018000 0.028976
2 0.154062 0.387594 0.012750 0.014988
2 0.820937 0.384263 0.012750 0.008993
2 0.524375 0.382598 0.007500 0.012989
2 0.403438 0.398834 0.044250 0.057952
2 0.141563 0.383847 0.018750 0.025978
2 0.004875 0.380100 0.009750 0.018984
2 0.014687 0.381765 0.017250 0.024979
2 0.718125 0.473772 0.229500 0.255787
2 0.448125 0.370108 0.010500 0.008993
2 0.135937 0.372606 0.014250 0.016986
2 0.881563 0.370941 0.008250 0.016986
2 0.726250 0.400916 0.087000 0.092923
2 0.760312 0.365945 0.009750 0.010991
2 0.809063 0.369692 0.015750 0.021982
2 0.045625 0.362614 0.004500 0.012989
2 0.695312 0.366361 0.020250 0.025978
2 0.419375 0.360949 0.015000 0.012989
2 0.017250 0.379684 0.034500 0.059950
2 0.305625 0.360533 0.019500 0.017985
2 0.289687 0.357202 0.015750 0.011990
2 0.034063 0.361366 0.009750 0.021982
2 0.435937 0.365112 0.041250 0.038968
2 0.611563 0.352206 0.014250 0.013988
2 0.848125 0.351790 0.004500 0.014988
2 0.749375 0.351374 0.010500 0.013988
2 0.290938 0.348043 0.009750 0.009992
2 0.091563 0.347627 0.006750 0.010991
2 0.085312 0.348043 0.012750 0.021982
2 0.079062 0.351374 0.012750 0.029975
2 0.066250 0.343047 0.019500 0.015987
2 0.220625 0.342215 0.012000 0.015987
2 0.137500 0.338884 0.016500 0.017985
2 0.617188 0.335554 0.006750 0.019983
2 0.090313 0.330558 0.009750 0.013988
2 0.080000 0.331807 0.016500 0.020983
2 0.870000 0.325562 0.015000 0.009992
2 0.919375 0.424230 0.157500 0.250791
2 0.564375 0.330142 0.019500 0.030974
2 0.069687 0.323480 0.017250 0.024979
2 0.251875 0.315987 0.010500 0.010991
2 0.726875 0.319734 0.021000 0.021982
2 0.556250 0.316819 0.010500 0.016986
2 0.742188 0.350125 0.074250 0.102914
2 0.386250 0.312656 0.010500 0.016986
2 0.401250 0.319734 0.025500 0.037968
2 0.752812 0.308077 0.008250 0.013988
2 0.781563 0.306828 0.012750 0.012989
2 0.718437 0.308077 0.012750 0.015987
2 0.993625 0.309742 0.012750 0.021982
2 0.648438 0.308077 0.018750 0.019983
2 0.402500 0.305579 0.009000 0.013988
2 0.377500 0.325978 0.040500 0.062948
2 0.008250 0.313489 0.016500 0.042964
2 0.553750 0.301832 0.028500 0.016986
2 0.032500 0.295587 0.015000 0.013988
2 0.418750 0.291840 0.009000 0.012989
2 0.246875 0.292256 0.010500 0.017985
2 0.974375 0.292673 0.015000 0.022981
2 0.404687 0.293089 0.015750 0.025978
2 0.266562 0.283930 0.009750 0.009992
2 0.555312 0.288926 0.024750 0.023980
2 0.994750 0.280600 0.010500 0.009992
2 0.836875 0.287261 0.013500 0.025978
2 0.014687 0.278518 0.009750 0.006994
2 0.818438 0.356786 0.162750 0.200833
2 0.352187 0.308493 0.062250 0.084929
2 0.166875 0.278934 0.009000 0.013988
2 0.137187 0.279767 0.021750 0.027977
2 0.994750 0.271440 0.010500 0.015987
2 0.381563 0.268943 0.009750 0.017985
2 0.830937 0.266028 0.006750 0.014988
2 0.109875 0.387177 0.219750 0.307744
2 0.722187 0.266445 0.018750 0.019983
2 0.567187 0.266861 0.015750 0.020983
2 0.368437 0.263530 0.020250 0.020983
2 0.427500 0.259784 0.012000 0.013988
2 0.088750 0.258535 0.009000 0.012989
2 0.896875 0.303497 0.102000 0.126894
2 0.266875 0.253539 0.007500 0.014988
2 0.867500 0.252290 0.012000 0.013988
2 0.247812 0.252290 0.008250 0.013988
2 0.139375 0.258118 0.015000 0.029975
2 0.219688 0.252706 0.015750 0.018984
2 0.852812 0.248959 0.011250 0.011990
2 0.053125 0.247294 0.007500 0.009992
2 0.117813 0.243547 0.012750 0.010991
2 0.725625 0.248959 0.034500 0.025978
2 0.385937 0.241882 0.008250 0.012989
2 0.081750 0.314321 0.163500 0.188843
2 0.327500 0.240633 0.021000 0.025978
2 0.835000 0.251457 0.048000 0.061948
2 0.728125 0.231890 0.010500 0.016986
2 0.843125 0.234804 0.028500 0.027977
2 0.183438 0.228976 0.011250 0.015987
2 0.781875 0.222731 0.018000 0.014988
2 0.085625 0.221898 0.009000 0.016986
2 0.060312 0.215654 0.018750 0.015987
2 0.785937 0.212739 0.014250 0.012989
2 0.199375 0.212323 0.009000 0.011990
2 0.190000 0.212323 0.012000 0.021982
2 0.299063 0.542881 0.474750 0.821316
2 0.604688 0.206078 0.009750 0.016986
2 0.097500 0.224813 0.079500 0.065945
2 0.031563 0.200666 0.006750 0.015987
2 0.038125 0.204413 0.012000 0.030974
2 0.648125 0.190674 0.045000 0.033972
2 0.779375 0.194005 0.027000 0.043963
2 0.370000 0.184846 0.007500 0.021982
2 0.264688 0.184430 0.014250 0.020983
2 0.570625 0.184013 0.009000 0.021982
2 0.734062 0.179434 0.008250 0.020983
2 0.007125 0.180683 0.014250 0.031973
2 0.764375 0.173605 0.010500 0.022981
2 0.260313 0.169858 0.017250 0.017985
2 0.276250 0.168193 0.018000 0.017985
2 0.186250 0.165695 0.006000 0.013988
2 0.156250 0.160699 0.010500 0.011990
2 0.673125 0.156120 0.015000 0.010991
2 0.565312 0.154871 0.009750 0.017985
2 0.423438 0.168193 0.051750 0.061948
2 0.387813 0.146128 0.018750 0.022981
2 0.174063 0.156120 0.030750 0.052956
2 0.724063 0.138634 0.008250 0.012989
2 0.712500 0.138218 0.022500 0.029975
2 0.520625 0.131557 0.016500 0.013988
2 0.533125 0.134471 0.021000 0.022981
2 0.454375 0.156536 0.052500 0.075937
2 0.464062 0.128643 0.009750 0.010991
2 0.304375 0.120733 0.024000 0.025978
2 0.432500 0.127810 0.049500 0.048959
2 0.611875 0.112406 0.015000 0.013988
2 0.315312 0.102831 0.011250 0.014988
2 0.286875 0.104080 0.010500 0.017985
2 0.270937 0.112823 0.024750 0.040966
2 0.547188 0.103247 0.012750 0.019983
2 0.596562 0.097419 0.011250 0.007993
2 0.629687 0.112406 0.032250 0.051957
2 0.304375 0.097835 0.030000 0.026978
2 0.263437 0.091174 0.011250 0.010991
2 0.535312 0.098668 0.015750 0.030974
2 0.296875 0.090758 0.010500 0.013988
2 0.242188 0.085346 0.012750 0.010991
2 0.232813 0.130308 0.102750 0.146878
2 0.273438 0.072856 0.012750 0.014988
2 0.719375 0.068693 0.013500 0.016986
2 0.264062 0.069525 0.011250 0.020983
2 0.351875 0.056203 0.007500 0.010991
2 0.728750 0.052040 0.004500 0.016986
2 0.287500 0.050791 0.012000 0.017985
2 0.296875 0.072856 0.072000 0.072939
2 0.207187 0.044963 0.018750 0.021982
2 0.435000 0.049542 0.036000 0.034971
2 0.680937 0.224313 0.362250 0.448626
2 0.582187 0.032057 0.008250 0.006994
2 0.320000 0.028726 0.015000 0.008993
2 0.218125 0.030808 0.019500 0.023980
2 0.929688 0.024979 0.011250 0.011990
2 0.572500 0.026228 0.010500 0.014988
2 0.317812 0.020816 0.015750 0.013988
2 0.673125 0.023314 0.030000 0.037968
2 0.541875 0.017485 0.018000 0.023980
2 0.334375 0.016653 0.010500 0.021982
2 0.533750 0.007910 0.016500 0.008993
2 0.707500 0.010408 0.015000 0.018984
2 0.984250 0.013489 0.031500 0.026978
2 0.922813 0.018984 0.033750 0.037968
2 0.910625 0.006994 0.007500 0.013988
2 0.903750 0.017985 0.028500 0.035970
2 0.889687 0.009992 0.011250 0.019983
2 0.835313 0.006495 0.011250 0.012989
2 0.814063 0.004496 0.009750 0.008993
2 0.769687 0.007993 0.011250 0.015987
2 0.713125 0.004996 0.013500 0.009992
2 0.691875 0.022481 0.030000 0.044963
2 0.675000 0.005995 0.007500 0.011990
2 0.665625 0.008493 0.018000 0.016986
2 0.600000 0.600000 1.000000 1.000000
2 0.570000 0.022981 0.055500 0.045962
2 0.514062 0.008493 0.014250 0.016986
2 0.462187 0.019484 0.015750 0.038968
2 0.432812 0.008493 0.012750 0.016986
2 0.415312 0.007494 0.015750 0.014988
2 0.388750 0.021482 0.025500 0.042964
2 0.425938 0.360200 0.474750 0.720400
2 0.284687 0.005495 0.009750 0.010991
2 0.220938 0.017485 0.044250 0.034971
2 0.140625 0.003997 0.013500 0.007993
2 0.125938 0.018485 0.023250 0.036969
2 0.200625 0.170858 0.401250 0.341715
2 0.018437 0.009992 0.012750 0.019983
2 0.008250 0.012989 0.016500 0.025978
