2 0.475938 0.728143 0.024750 0.038968
2 0.393125 0.690674 0.012000 0.010991
2 0.493125 0.689009 0.022500 0.036969
2 0.464375 0.677352 0.057000 0.086928
2 0.432500 0.614488 0.034500 0.033972
2 0.579375 0.602831 0.016500 0.049958
2 0.510625 0.608659 0.064500 0.099917
2 0.414375 0.576187 0.033000 0.031973
2 0.376250 0.569109 0.009000 0.022981
2 0.439063 0.575354 0.029250 0.045962
2 0.367812 0.561199 0.012750 0.015987
2 0.421250 0.559117 0.010500 0.012989
2 0.549375 0.564530 0.022500 0.047960
2 0.473438 0.575770 0.051750 0.100916
2 0.581250 0.554954 0.042000 0.056953
2 0.419375 0.539967 0.034500 0.032973
2 0.604688 0.540799 0.023250 0.050958
2 0.553438 0.530391 0.024750 0.039967
2 0.388750 0.561199 0.073500 0.133888
2 0.631563 0.516236 0.036750 0.031973
2 0.319063 0.522481 0.056250 0.070941
2 0.317500 0.493339 0.006000 0.014988
2 0.465000 0.516653 0.067500 0.076936
2 0.592812 0.502498 0.029250 0.044963
2 0.402813 0.484596 0.006750 0.013988
2 0.522813 0.514155 0.023250 0.088926
2 0.544063 0.486678 0.021750 0.048959
2 0.412500 0.486678 0.054000 0.094921
2 0.502812 0.482098 0.024750 0.097918
2 0.310625 0.471274 0.049500 0.085928
2 0.460625 0.462531 0.076500 0.090924
2 0.280000 0.433805 0.027000 0.037968
2 0.569375 0.444213 0.040500 0.074938
2 0.600313 0.420899 0.030750 0.032973
2 0.470938 0.418818 0.032250 0.035970
2 0.383750 0.415071 0.024000 0.048959
2 0.261562 0.405912 0.024750 0.050958
2 0.277500 0.377602 0.025500 0.042964
2 0.534375 0.406328 0.070500 0.115903
2 0.318437 0.377602 0.042750 0.050958
2 0.585313 0.370108 0.023250 0.046961
2 0.478125 0.380516 0.070500 0.077935
2 0.365938 0.527061 0.197250 0.429642
2 0.547188 0.356370 0.029250 0.037968
2 0.371250 0.341382 0.013500 0.009992
2 0.512500 0.355121 0.049500 0.044963
2 0.334688 0.339717 0.032250 0.031973
2 0.447500 0.329309 0.016500 0.022981
2 0.451562 0.319317 0.015750 0.016986
2 0.605938 0.317652 0.020250 0.046961
2 0.438750 0.303497 0.018000 0.032973
2 0.501250 0.305579 0.019500 0.045962
2 0.542500 0.291424 0.006000 0.019983
2 0.528125 0.281432 0.009000 0.017985
2 0.461875 0.316403 0.051000 0.115903
2 0.389688 0.331391 0.123750 0.165862
2 0.559063 0.260616 0.008250 0.021982
2 0.551875 0.293505 0.064500 0.114904
2 0.516250 0.282265 0.024000 0.095920
2 0.546250 0.237719 0.033000 0.032973
