2 0.897500 0.972500 0.030000 0.042000
2 0.773750 0.953750 0.045000 0.033000
2 0.477500 0.959500 0.036000 0.081000
2 0.506250 0.946250 0.039000 0.039000
2 0.867500 0.948750 0.042000 0.051000
2 0.272500 0.925000 0.060000 0.048000
2 0.190000 0.900000 0.036000 0.030000
2 0.826250 0.895000 0.075000 0.036000
2 0.980000 0.882500 0.036000 0.054000
2 0.707500 0.907500 0.096000 0.114000
2 0.640000 0.866250 0.054000 0.045000
2 0.400000 0.881250 0.048000 0.087000
2 0.902500 0.898750 0.108000 0.141000
2 0.362500 0.837500 0.048000 0.066000
2 0.768750 0.857500 0.081000 0.120000
2 0.765000 0.813750 0.042000 0.039000
2 0.973750 0.808750 0.045000 0.045000
2 0.855000 0.805000 0.108000 0.084000
2 0.558750 0.790000 0.045000 0.048000
2 0.763750 0.772500 0.051000 0.060000
2 0.607500 0.753750 0.030000 0.033000
2 0.024000 0.750000 0.048000 0.042000
2 0.338750 0.747500 0.051000 0.054000
2 0.406250 0.723750 0.051000 0.027000
2 0.225000 0.728750 0.060000 0.051000
2 0.366250 0.728750 0.033000 0.063000
2 0.318750 0.707500 0.069000 0.030000
2 0.738750 0.768750 0.087000 0.201000
2 0.420000 0.677500 0.048000 0.030000
2 0.065000 0.683750 0.060000 0.051000
2 0.605000 0.692500 0.078000 0.090000
2 0.581250 0.655000 0.039000 0.036000
2 0.230000 0.652500 0.036000 0.048000
2 0.887500 0.641250 0.048000 0.057000
2 0.730000 0.610000 0.054000 0.024000
2 0.812500 0.607500 0.048000 0.048000
2 0.930000 0.605000 0.042000 0.048000
2 0.496250 0.591250 0.087000 0.057000
2 0.827500 0.553750 0.042000 0.039000
2 0.506250 0.553750 0.033000 0.051000
2 0.631250 0.576250 0.201000 0.129000
2 0.681250 0.540000 0.021000 0.048000
2 0.842500 0.531250 0.024000 0.039000
2 0.323750 0.531250 0.039000 0.039000
2 0.970000 0.555000 0.060000 0.114000
2 0.140000 0.508750 0.078000 0.057000
2 0.690000 0.531250 0.144000 0.117000
2 0.351250 0.495000 0.051000 0.042000
2 0.812500 0.475000 0.054000 0.036000
2 0.847500 0.478750 0.024000 0.063000
2 0.238750 0.533750 0.105000 0.231000
2 0.912500 0.440000 0.066000 0.030000
2 0.817500 0.428750 0.078000 0.063000
2 0.626250 0.455000 0.075000 0.138000
2 0.910000 0.401250 0.054000 0.045000
2 0.422500 0.417500 0.096000 0.084000
2 0.373750 0.372500 0.033000 0.042000
2 0.572500 0.446250 0.258000 0.261000
2 0.778750 0.351250 0.045000 0.051000
2 0.485000 0.332500 0.024000 0.036000
2 0.386250 0.326250 0.027000 0.045000
2 0.980500 0.326250 0.039000 0.057000
2 0.273750 0.317500 0.039000 0.036000
2 0.787500 0.352500 0.174000 0.150000
2 0.301250 0.303750 0.039000 0.057000
2 0.825000 0.287500 0.030000 0.036000
2 0.293750 0.345000 0.129000 0.174000
2 0.500000 0.281250 0.060000 0.033000
2 0.911250 0.317500 0.105000 0.138000
2 0.432500 0.315000 0.090000 0.156000
2 0.227500 0.295000 0.168000 0.144000
2 0.125000 0.285000 0.096000 0.138000
2 0.310000 0.243750 0.042000 0.057000
2 0.025500 0.238750 0.051000 0.075000
2 0.405000 0.222500 0.102000 0.060000
2 0.211250 0.247500 0.153000 0.126000
2 0.602500 0.233750 0.090000 0.099000
2 0.931250 0.205000 0.093000 0.066000
2 0.140000 0.200000 0.036000 0.060000
2 0.816250 0.251250 0.135000 0.189000
2 0.148750 0.175000 0.087000 0.060000
2 0.935500 0.156250 0.129000 0.063000
2 0.246250 0.128750 0.045000 0.039000
2 0.982000 0.123750 0.036000 0.045000
2 0.836250 0.135000 0.051000 0.072000
2 0.426250 0.147500 0.141000 0.108000
2 0.288750 0.136250 0.063000 0.081000
2 0.226250 0.108750 0.033000 0.033000
2 0.925000 0.107500 0.036000 0.048000
2 0.767500 0.096250 0.030000 0.027000
2 0.692500 0.103750 0.048000 0.045000
2 0.051000 0.105000 0.102000 0.060000
2 0.971500 0.096250 0.057000 0.045000
2 0.347500 0.083750 0.048000 0.045000
2 0.415000 0.075000 0.030000 0.030000
2 0.235000 0.078750 0.030000 0.039000
2 0.783750 0.073750 0.057000 0.033000
2 0.188750 0.090000 0.045000 0.090000
2 0.862500 0.080000 0.096000 0.084000
2 0.157500 0.063750 0.048000 0.045000
2 0.928750 0.055000 0.039000 0.060000
2 0.473750 0.047500 0.045000 0.048000
2 0.968500 0.028500 0.063000 0.057000
2 0.872500 0.022500 0.030000 0.045000
2 0.781250 0.031500 0.039000 0.063000
2 0.698750 0.085500 0.129000 0.171000
2 0.597500 0.154500 0.144000 0.309000
2 0.617500 0.021000 0.036000 0.042000
2 0.573750 0.025500 0.039000 0.051000
2 0.505000 0.025500 0.054000 0.051000
2 0.237500 0.043500 0.132000 0.087000
