2 0.440625 0.627604 0.039375 0.026250
2 0.351953 0.597917 0.060937 0.030000
2 0.468750 0.587500 0.043125 0.022500
2 0.517578 0.583854 0.036562 0.026250
2 0.605859 0.583333 0.027187 0.037500
2 0.376563 0.565104 0.013125 0.011250
2 0.413281 0.580208 0.103125 0.085000
2 0.577344 0.551562 0.028125 0.036250
2 0.360547 0.559375 0.079687 0.055000
2 0.425781 0.533854 0.013125 0.016250
2 0.415625 0.535937 0.015000 0.026250
2 0.371094 0.526563 0.041250 0.021250
2 0.608984 0.530729 0.042188 0.071250
2 0.522656 0.534896 0.076875 0.083750
2 0.574219 0.504687 0.037500 0.021250
2 0.643750 0.503125 0.037500 0.020000
2 0.474219 0.525000 0.095625 0.080000
2 0.423438 0.505729 0.026250 0.041250
2 0.405469 0.488542 0.024375 0.025000
2 0.600000 0.487500 0.037500 0.025000
2 0.430859 0.483333 0.038437 0.035000
2 0.546484 0.480208 0.068437 0.042500
2 0.512891 0.473438 0.081562 0.041250
2 0.305469 0.467187 0.043125 0.028750
2 0.407031 0.464583 0.024375 0.030000
2 0.444531 0.460417 0.039375 0.027500
2 0.528516 0.447396 0.010312 0.011250
2 0.605078 0.450000 0.068437 0.032500
2 0.624609 0.432292 0.038437 0.032500
2 0.463281 0.438542 0.073125 0.067500
2 0.606641 0.421354 0.025312 0.033750
2 0.456250 0.401562 0.030000 0.016250
2 0.584375 0.405729 0.028125 0.028750
2 0.539844 0.423958 0.097500 0.075000
2 0.663281 0.395313 0.024375 0.028750
2 0.634375 0.391146 0.035625 0.018750
2 0.487500 0.414062 0.041250 0.076250
2 0.364063 0.443229 0.168750 0.168750
2 0.546484 0.379167 0.045937 0.025000
2 0.392578 0.379167 0.045937 0.025000
2 0.688281 0.367188 0.009375 0.016250
2 0.637891 0.371354 0.038437 0.028750
2 0.503906 0.367188 0.011250 0.028750
2 0.486719 0.367708 0.015000 0.032500
2 0.511328 0.370312 0.012188 0.041250
2 0.452734 0.371875 0.064687 0.045000
2 0.681641 0.364583 0.025312 0.032500
2 0.423828 0.376563 0.044062 0.063750
2 0.574219 0.359375 0.033750 0.032500
2 0.643750 0.357812 0.039375 0.033750
2 0.535156 0.354687 0.035625 0.028750
2 0.491797 0.344792 0.032813 0.022500
2 0.341016 0.372917 0.115312 0.097500
2 0.582812 0.328125 0.035625 0.025000
2 0.453516 0.324479 0.010312 0.018750
2 0.560156 0.324479 0.013125 0.028750
2 0.366797 0.315625 0.019688 0.015000
2 0.521094 0.321875 0.075000 0.050000
2 0.378516 0.335938 0.137813 0.083750
2 0.451562 0.328125 0.071250 0.070000
2 0.384766 0.302083 0.030937 0.022500
2 0.411328 0.290625 0.047812 0.025000
2 0.338672 0.293229 0.042188 0.033750
2 0.376563 0.280208 0.037500 0.027500
2 0.301172 0.283854 0.032813 0.036250
2 0.578125 0.272396 0.052500 0.023750
2 0.346094 0.266667 0.028125 0.035000
2 0.553125 0.259896 0.018750 0.021250
2 0.313281 0.256771 0.046875 0.028750
2 0.525781 0.258854 0.043125 0.041250
2 0.600000 0.285000 1.000000 0.570000
