2 0.067500 0.911406 0.135000 0.177187
2 0.292187 0.741016 0.056250 0.034687
2 0.395833 0.735156 0.055000 0.030000
2 0.606250 0.830781 0.787500 0.338438
2 0.570833 0.732422 0.040000 0.045937
2 0.249479 0.728125 0.041250 0.045000
2 0.558333 0.704297 0.027500 0.010312
2 0.515625 0.719922 0.160000 0.060937
2 0.606771 0.707031 0.076250 0.037500
2 0.313542 0.702734 0.077500 0.045937
2 0.259896 0.695312 0.053750 0.030000
2 0.529167 0.687500 0.022500 0.015000
2 0.578646 0.683984 0.021250 0.015938
2 0.766146 0.692578 0.048750 0.038437
2 0.445833 0.689063 0.062500 0.030000
2 0.566667 0.673828 0.020000 0.017813
2 0.718229 0.686719 0.058750 0.052500
2 0.595313 0.674609 0.038750 0.025312
2 0.518750 0.667578 0.022500 0.008437
2 0.622917 0.678125 0.032500 0.045000
2 0.401042 0.673047 0.035000 0.045937
2 0.536979 0.669141 0.058750 0.038437
2 0.714063 0.656250 0.018750 0.009375
2 0.499479 0.662891 0.028750 0.025312
2 0.751042 0.655859 0.012500 0.017813
2 0.465104 0.665625 0.041250 0.041250
2 0.655729 0.664453 0.033750 0.042188
2 0.590104 0.657031 0.041250 0.030000
2 0.557813 0.648438 0.036250 0.015000
2 0.686979 0.657813 0.043750 0.041250
2 0.378646 0.647266 0.023750 0.036562
2 0.385417 0.679688 0.307500 0.116250
2 0.771875 0.644141 0.047500 0.038437
2 0.313542 0.631641 0.017500 0.010312
2 0.425521 0.645312 0.038750 0.050625
2 0.526563 0.630469 0.098750 0.031875
2 0.395313 0.625391 0.043750 0.019688
2 0.361458 0.628516 0.020000 0.027187
2 0.676562 0.618359 0.008750 0.012188
2 0.588542 0.625391 0.050000 0.036562
2 0.343229 0.619531 0.018750 0.031875
2 0.325000 0.613281 0.010000 0.022500
2 0.254688 0.618750 0.036250 0.035625
2 0.725521 0.630078 0.056250 0.066562
2 0.658854 0.605859 0.016250 0.012188
2 0.611458 0.610938 0.060000 0.028125
2 0.290625 0.619141 0.045000 0.057188
2 0.243750 0.600000 0.017500 0.011250
2 0.385937 0.600391 0.071250 0.038437
2 0.232292 0.589063 0.010000 0.016875
2 0.273958 0.588672 0.035000 0.030937
2 0.693229 0.595313 0.036250 0.048750
2 0.803646 0.590625 0.041250 0.041250
2 0.566146 0.590625 0.088750 0.045000
2 0.322917 0.584375 0.077500 0.046875
2 0.626563 0.570312 0.018750 0.016875
2 0.357292 0.571094 0.050000 0.028125
2 0.381771 0.560937 0.016250 0.015000
2 0.493750 0.553125 0.030000 0.007500
2 0.279687 0.553516 0.031250 0.014063
2 0.247917 0.569922 0.030000 0.057188
2 0.738542 0.561328 0.035000 0.045937
2 0.353646 0.549219 0.026250 0.016875
2 0.497396 0.540625 0.048750 0.013125
2 0.430208 0.536328 0.032500 0.021562
2 0.362500 0.521094 0.030000 0.009375
2 0.642188 0.570703 0.123750 0.134063
2 0.518750 0.523438 0.027500 0.022500
2 0.311979 0.540234 0.081250 0.070312
2 0.516146 0.500391 0.018750 0.010312
2 0.729167 0.509766 0.040000 0.040313
2 0.670312 0.515234 0.091250 0.055313
2 0.469271 0.513672 0.081250 0.051562
2 0.478125 0.554688 0.265000 0.176250
2 0.612500 0.491016 0.042500 0.047812
2 0.465625 0.488672 0.087500 0.051562
2 0.405729 0.482422 0.038750 0.047812
2 0.564583 0.481250 0.075000 0.075000
2 0.456771 0.467578 0.081250 0.053437
2 0.371875 0.453906 0.052500 0.035625
2 0.258854 0.440234 0.011250 0.010312
2 0.672396 0.447266 0.058750 0.032813
2 0.442708 0.441797 0.050000 0.030937
2 0.259896 0.504297 0.156250 0.182812
2 0.582812 0.436719 0.073750 0.073125
2 0.718750 0.416406 0.062500 0.031875
2 0.634896 0.413281 0.118750 0.048750
2 0.334896 0.460938 0.211250 0.176250
2 0.485417 0.416406 0.105000 0.084375
2 0.414062 0.388281 0.033750 0.039375
2 0.382812 0.385156 0.041250 0.043125
2 0.359375 0.379297 0.052500 0.042188
2 0.590104 0.376172 0.036250 0.044062
2 0.416667 0.357031 0.047500 0.026250
2 0.366146 0.337891 0.053750 0.029062
2 0.932500 0.088594 0.135000 0.177187
2 0.393750 0.169219 0.787500 0.338438
