2 0.127604 0.995781 0.023750 0.008437
2 0.069271 0.995313 0.013750 0.009375
2 0.976042 0.994844 0.015000 0.010312
2 0.725521 0.994844 0.026250 0.010312
2 0.608854 0.994844 0.026250 0.010312
2 0.007500 0.994844 0.015000 0.010312
2 0.679688 0.992969 0.013750 0.014063
2 0.502083 0.992969 0.022500 0.014063
2 0.384896 0.992969 0.018750 0.014063
2 0.059375 0.991797 0.012500 0.010312
2 0.637500 0.991797 0.020000 0.014063
2 0.591667 0.991563 0.010000 0.016875
2 0.990000 0.991094 0.020000 0.017813
2 0.028125 0.989453 0.012500 0.014063
2 0.273958 0.988281 0.012500 0.016875
2 0.095833 0.987891 0.020000 0.015938
2 0.840625 0.988281 0.037500 0.023438
2 0.195833 0.988281 0.050000 0.023438
2 0.117188 0.987500 0.023750 0.024375
2 0.086979 0.986406 0.033750 0.027187
2 0.052604 0.987109 0.041250 0.023438
2 0.163542 0.986406 0.037500 0.027187
2 0.939583 0.977734 0.032500 0.015938
2 0.189062 0.975781 0.031250 0.011250
2 0.033333 0.976172 0.020000 0.015938
2 0.397396 0.973828 0.016250 0.015938
2 0.331771 0.972656 0.013750 0.013125
2 0.232813 0.980469 0.043750 0.033750
2 0.552604 0.979375 0.118750 0.041250
2 0.015625 0.977734 0.031250 0.030937
2 0.679167 0.977969 0.095000 0.044062
2 0.651563 0.970703 0.016250 0.017813
2 0.504167 0.977734 0.052500 0.034687
2 0.289583 0.973047 0.040000 0.023438
2 0.254167 0.977500 0.047500 0.045000
2 0.047917 0.970703 0.032500 0.019688
2 0.934896 0.964063 0.031250 0.016875
2 0.010625 0.961719 0.021250 0.011250
2 0.966667 0.963281 0.025000 0.018750
2 0.961250 0.972344 0.077500 0.055313
2 0.936979 0.955078 0.021250 0.008437
2 0.045833 0.956250 0.017500 0.011250
2 0.031771 0.956641 0.026250 0.012188
2 0.406771 0.957031 0.033750 0.016875
2 0.342708 0.966016 0.060000 0.038437
2 0.227083 0.960938 0.045000 0.026250
2 0.807292 0.956250 0.020000 0.018750
2 0.204687 0.955469 0.031250 0.016875
2 0.178125 0.957422 0.025000 0.021562
2 0.070833 0.960938 0.020000 0.030000
2 0.715625 0.962891 0.050000 0.044062
2 0.276562 0.957422 0.023750 0.032813
2 0.589063 0.946484 0.031250 0.010312
2 0.220833 0.946484 0.017500 0.010312
2 0.134375 0.946094 0.025000 0.009375
2 0.053125 0.945703 0.015000 0.012188
2 0.008125 0.948438 0.016250 0.018750
2 0.030729 0.945312 0.016250 0.013125
2 0.745833 0.954297 0.040000 0.042188
2 0.349479 0.945312 0.016250 0.020625
2 0.256771 0.941797 0.018750 0.014063
2 0.459896 0.946484 0.026250 0.027187
2 0.315104 0.944531 0.021250 0.024375
2 0.103125 0.938672 0.017500 0.010312
2 0.014063 0.939453 0.023750 0.014063
2 0.957812 0.936328 0.013750 0.010312
2 0.225000 0.937891 0.025000 0.023438
2 0.150521 0.926953 0.026250 0.010312
2 0.571875 0.932813 0.040000 0.026250
2 0.031250 0.930469 0.047500 0.028125
2 0.006250 0.923047 0.012500 0.012188
2 0.757812 0.923828 0.018750 0.015938
2 0.962500 0.923828 0.010000 0.017813
2 0.912500 0.920703 0.025000 0.017813
2 0.071875 0.941016 0.060000 0.066562
2 0.242188 0.926562 0.021250 0.033750
2 0.031250 0.915625 0.020000 0.011250
2 0.227083 0.913281 0.015000 0.007500
2 0.101042 0.915234 0.070000 0.030937
2 0.057813 0.906250 0.021250 0.011250
2 0.120833 0.943750 0.120000 0.108750
2 0.041146 0.903906 0.011250 0.015000
2 0.949375 0.925391 0.101250 0.075938
2 0.216146 0.903516 0.016250 0.023438
2 0.301563 0.914062 0.038750 0.054375
2 0.052604 0.896875 0.011250 0.013125
2 0.403646 0.932969 0.218750 0.134063
2 0.465625 0.890234 0.022500 0.006563
2 0.986250 0.905078 0.027500 0.049687
2 0.236458 0.893750 0.020000 0.022500
2 0.113542 0.895703 0.037500 0.027187
2 0.070312 0.889844 0.013750 0.013125
2 0.196875 0.892969 0.025000 0.022500
2 0.048438 0.890234 0.026250 0.015938
2 0.980729 0.884766 0.016250 0.006563
2 0.091667 0.896875 0.050000 0.035625
2 0.569271 0.886328 0.023750 0.012188
2 0.273958 0.889453 0.022500 0.021562
2 0.606771 0.886719 0.026250 0.018750
2 0.339062 0.885938 0.041250 0.016875
2 0.936979 0.885156 0.018750 0.016875
2 0.722917 0.882812 0.015000 0.013125
2 0.131771 0.885547 0.018750 0.021562
2 0.263021 0.879687 0.021250 0.009375
2 0.033125 0.896875 0.066250 0.052500
2 0.061458 0.880078 0.012500 0.017813
2 0.008125 0.875781 0.016250 0.011250
2 0.260937 0.870313 0.028750 0.015000
2 0.016250 0.869141 0.032500 0.015938
2 0.985000 0.869531 0.030000 0.028125
2 0.958854 0.860938 0.011250 0.009375
2 0.027083 0.865625 0.025000 0.026250
2 0.203646 0.872656 0.043750 0.046875
2 0.169271 0.862109 0.043750 0.021562
2 0.616667 0.858594 0.012500 0.015000
2 0.072396 0.866797 0.036250 0.036562
2 0.638542 0.859375 0.042500 0.020625
2 0.111979 0.851953 0.031250 0.015938
2 0.195312 0.853125 0.018750 0.022500
2 0.244792 0.852344 0.017500 0.031875
2 0.066667 0.839844 0.015000 0.007500
2 0.521875 0.837891 0.020000 0.010312
2 0.436458 0.839063 0.022500 0.015000
2 0.155729 0.842578 0.036250 0.023438
2 0.775000 0.835156 0.020000 0.009375
2 0.178125 0.845313 0.032500 0.033750
2 0.257812 0.837109 0.031250 0.017813
2 0.980625 0.843359 0.038750 0.036562
2 0.588542 0.846094 0.027500 0.045000
2 0.079687 0.830859 0.011250 0.014063
2 0.993125 0.836719 0.013750 0.030000
2 0.012500 0.831641 0.025000 0.019688
2 0.144792 0.886719 0.165000 0.153750
2 0.191146 0.830469 0.036250 0.030000
2 0.250521 0.823828 0.008750 0.017813
2 0.230729 0.826953 0.033750 0.029062
2 0.045625 0.838281 0.091250 0.056250
2 0.984375 0.819531 0.031250 0.013125
2 0.152083 0.824219 0.035000 0.026250
2 0.072396 0.821484 0.018750 0.021562
2 0.172917 0.816797 0.010000 0.012188
2 0.639062 0.814063 0.013750 0.011250
2 0.709375 0.812891 0.015000 0.014063
2 0.503646 0.821484 0.043750 0.036562
2 0.025000 0.813281 0.032500 0.018750
2 0.315625 0.801562 0.012500 0.009375
2 0.500000 0.803125 0.022500 0.015000
2 0.873437 0.801953 0.018750 0.015938
2 0.221875 0.798438 0.015000 0.009375
2 0.020625 0.803125 0.041250 0.035625
2 0.348438 0.794141 0.038750 0.015938
2 0.413021 0.793359 0.031250 0.015938
2 0.216146 0.793750 0.028750 0.016875
2 0.623437 0.833594 0.133750 0.120000
2 0.053125 0.797656 0.045000 0.035625
2 0.320312 0.789453 0.021250 0.017813
2 0.681771 0.788672 0.023750 0.021562
2 0.009896 0.784766 0.018750 0.012188
2 0.236458 0.794922 0.067500 0.049687
2 0.986979 0.779687 0.013750 0.016875
2 0.329167 0.780078 0.030000 0.017813
2 0.301042 0.776563 0.032500 0.011250
2 0.038542 0.780078 0.045000 0.027187
2 0.809896 0.774609 0.041250 0.015938
2 0.382292 0.779297 0.017500 0.027187
2 0.342187 0.830859 0.228750 0.150938
2 0.227083 0.775391 0.022500 0.017813
2 0.740625 0.774219 0.022500 0.016875
2 0.831250 0.790234 0.082500 0.059062
2 0.208854 0.777344 0.031250 0.028125
2 0.364063 0.783203 0.051250 0.044062
2 0.115625 0.797266 0.107500 0.077812
2 0.298958 0.767188 0.020000 0.013125
2 0.015625 0.768359 0.031250 0.023438
2 0.082292 0.763281 0.022500 0.015000
2 0.043750 0.764453 0.020000 0.019688
2 0.109896 0.766016 0.048750 0.025312
2 0.984896 0.761719 0.021250 0.020625
2 0.315625 0.759375 0.022500 0.015000
2 0.184896 0.765625 0.036250 0.035625
2 0.747917 0.755078 0.020000 0.012188
2 0.765625 0.760156 0.030000 0.037500
2 0.015000 0.752734 0.030000 0.021562
2 0.039062 0.750391 0.011250 0.019688
2 0.164583 0.746484 0.020000 0.015938
2 0.801562 0.746875 0.018750 0.020625
2 0.426563 0.742969 0.016250 0.015000
2 0.961979 0.738281 0.036250 0.018750
2 0.007812 0.735938 0.013750 0.013125
2 0.154167 0.733594 0.017500 0.011250
2 0.020833 0.734766 0.020000 0.019688
2 0.938021 0.740625 0.041250 0.043125
2 0.185417 0.735547 0.055000 0.034687
2 0.953125 0.723437 0.015000 0.015000
2 0.339583 0.721094 0.020000 0.013125
2 0.061979 0.716797 0.021250 0.006563
2 0.252604 0.717969 0.021250 0.016875
2 0.059896 0.735156 0.086250 0.080625
2 0.017708 0.713281 0.032500 0.028125
2 0.876042 0.705078 0.020000 0.012188
2 0.178125 0.710938 0.040000 0.031875
2 0.198958 0.702344 0.012500 0.015000
2 0.332813 0.695312 0.018750 0.011250
2 0.048958 0.697656 0.022500 0.016875
2 0.397396 0.690234 0.016250 0.010312
2 0.346354 0.690234 0.016250 0.012188
2 0.028646 0.691406 0.028750 0.015000
2 0.143750 0.698438 0.057500 0.043125
2 0.886250 0.746875 0.227500 0.168750
2 0.034896 0.680469 0.013750 0.009375
2 0.978646 0.678906 0.016250 0.009375
2 0.009375 0.683984 0.018750 0.021562
2 0.400000 0.678906 0.015000 0.011250
2 0.870833 0.676562 0.025000 0.007500
2 0.067187 0.691406 0.028750 0.045000
2 0.348438 0.673828 0.013750 0.014063
2 0.042708 0.673438 0.020000 0.015000
2 0.028125 0.672656 0.012500 0.013125
2 0.183333 0.669922 0.032500 0.021562
2 0.015000 0.669141 0.030000 0.019688
2 0.075521 0.671484 0.016250 0.027187
2 0.372917 0.684766 0.042500 0.062812
2 0.031250 0.663281 0.012500 0.013125
2 0.191146 0.663672 0.016250 0.015938
2 0.820312 0.660547 0.026250 0.017813
2 0.495312 0.684375 0.081250 0.078750
2 0.365625 0.655078 0.010000 0.015938
2 0.888542 0.682422 0.105000 0.089063
2 0.089583 0.657422 0.025000 0.032813
2 0.153646 0.674219 0.086250 0.075000
2 0.034375 0.654687 0.068750 0.043125
2 0.847917 0.643359 0.015000 0.017813
2 0.037500 0.643750 0.020000 0.018750
2 0.972917 0.648828 0.025000 0.032813
2 0.152604 0.649219 0.056250 0.033750
2 0.072917 0.651172 0.067500 0.045937
2 0.355208 0.638672 0.040000 0.021562
2 0.290625 0.636328 0.035000 0.017813
2 0.853646 0.632031 0.018750 0.016875
2 0.453125 0.667969 0.130000 0.106875
2 0.151562 0.630469 0.016250 0.018750
2 0.323437 0.631250 0.048750 0.033750
2 0.026562 0.623828 0.033750 0.015938
2 0.350521 0.624219 0.061250 0.022500
2 0.282813 0.625391 0.048750 0.025312
2 0.242188 0.613281 0.013750 0.007500
2 0.260417 0.691406 0.210000 0.196875
2 0.917500 0.670312 0.165000 0.165000
2 0.302604 0.604297 0.016250 0.008437
2 0.020833 0.606250 0.015000 0.013125
2 0.910417 0.602734 0.017500 0.010312
2 0.321354 0.607422 0.041250 0.025312
2 0.403646 0.601562 0.011250 0.018750
2 0.201563 0.589063 0.016250 0.016875
2 0.938021 0.594141 0.046250 0.030937
2 0.375000 0.595313 0.025000 0.035625
2 0.391667 0.589844 0.022500 0.026250
2 0.151562 0.612891 0.088750 0.083437
2 0.123438 0.580078 0.023750 0.008437
2 0.083854 0.579297 0.018750 0.015938
2 0.376042 0.575391 0.020000 0.010312
2 0.860417 0.580078 0.047500 0.023438
2 0.296875 0.574609 0.022500 0.012188
2 0.130729 0.571875 0.021250 0.007500
2 0.904167 0.582422 0.035000 0.036562
2 0.940625 0.571875 0.017500 0.018750
2 0.376042 0.566406 0.020000 0.011250
2 0.036458 0.564063 0.017500 0.007500
2 0.075000 0.571094 0.030000 0.026250
2 0.053646 0.566016 0.016250 0.014063
2 0.067708 0.561719 0.015000 0.011250
2 0.921875 0.567578 0.030000 0.029062
2 0.579167 0.561719 0.020000 0.015000
2 0.120833 0.560937 0.022500 0.024375
2 0.496354 0.551172 0.013750 0.008437
2 0.145313 0.550781 0.023750 0.011250
2 0.047917 0.547656 0.017500 0.011250
2 0.841146 0.547266 0.013750 0.015938
2 0.953125 0.575781 0.070000 0.086250
2 0.529687 0.543750 0.021250 0.015000
2 0.042188 0.539453 0.013750 0.012188
2 0.012500 0.540234 0.025000 0.019688
2 0.510417 0.539062 0.040000 0.020625
2 0.549479 0.550781 0.043750 0.054375
2 0.185417 0.539062 0.037500 0.028125
2 0.118750 0.538281 0.015000 0.026250
2 0.603646 0.531641 0.013750 0.012188
2 0.460417 0.530859 0.017500 0.012188
2 0.569792 0.539453 0.027500 0.036562
2 0.269792 0.540625 0.067500 0.039375
2 0.173958 0.527734 0.010000 0.012188
2 0.135417 0.525000 0.017500 0.007500
2 0.219271 0.525000 0.021250 0.009375
2 0.313021 0.525000 0.016250 0.013125
2 0.334896 0.525000 0.011250 0.016875
2 0.182812 0.525391 0.018750 0.017813
2 0.194271 0.559375 0.158750 0.116250
2 0.319792 0.516406 0.020000 0.015000
2 0.839583 0.510938 0.035000 0.015000
2 0.602083 0.512109 0.027500 0.029062
2 0.081250 0.508984 0.015000 0.021562
2 0.413542 0.505078 0.025000 0.023438
2 0.130729 0.512109 0.051250 0.047812
2 0.278646 0.508984 0.053750 0.044062
2 0.713542 0.494922 0.012500 0.012188
2 0.498958 0.493750 0.027500 0.011250
2 0.134375 0.491016 0.017500 0.010312
2 0.812500 0.493750 0.022500 0.020625
2 0.668229 0.490625 0.011250 0.013125
2 0.497396 0.485547 0.013750 0.012188
2 0.250521 0.483984 0.031250 0.010312
2 0.310417 0.549609 0.252500 0.175313
2 0.509896 0.482812 0.016250 0.016875
2 0.614583 0.494141 0.032500 0.045937
2 0.076042 0.477734 0.020000 0.008437
2 0.319792 0.498828 0.055000 0.060937
2 0.267188 0.481641 0.033750 0.021562
2 0.429688 0.573438 0.156250 0.245625
2 0.289583 0.476953 0.020000 0.017813
2 0.788542 0.473828 0.010000 0.012188
2 0.339583 0.475000 0.012500 0.015000
2 0.779167 0.475000 0.017500 0.016875
2 0.621354 0.469922 0.023750 0.017813
2 0.849479 0.464844 0.023750 0.009375
2 0.077083 0.466406 0.022500 0.020625
2 0.556250 0.458984 0.015000 0.014063
2 0.964583 0.457422 0.017500 0.014063
2 0.865104 0.454688 0.013750 0.009375
2 0.067708 0.454297 0.025000 0.015938
2 0.047500 0.503906 0.095000 0.135000
2 0.183333 0.486719 0.192500 0.101250
2 0.224479 0.449609 0.031250 0.015938
2 0.017708 0.446484 0.020000 0.010312
2 0.588021 0.444531 0.013750 0.013125
2 0.950000 0.455078 0.045000 0.044062
2 0.225000 0.441016 0.017500 0.010312
2 0.046354 0.441797 0.011250 0.014063
2 0.074479 0.440234 0.016250 0.017813
2 0.061979 0.436719 0.021250 0.009375
2 0.829167 0.433203 0.015000 0.008437
2 0.164062 0.428906 0.016250 0.007500
2 0.681771 0.428125 0.018750 0.015000
2 0.051042 0.426563 0.020000 0.011250
2 0.707292 0.425781 0.035000 0.016875
2 0.015000 0.433984 0.030000 0.036562
2 0.109375 0.425000 0.020000 0.020625
2 0.194792 0.422266 0.032500 0.025312
2 0.026250 0.425000 0.052500 0.041250
2 0.989062 0.410938 0.013750 0.009375
2 0.229167 0.412500 0.027500 0.013125
2 0.201563 0.407813 0.021250 0.009375
2 0.746875 0.406641 0.015000 0.012188
2 0.993750 0.411719 0.012500 0.026250
2 0.130208 0.404687 0.022500 0.015000
2 0.321875 0.399219 0.020000 0.011250
2 0.162500 0.400781 0.015000 0.018750
2 0.646875 0.404297 0.027500 0.030937
2 0.209896 0.392188 0.013750 0.011250
2 0.050000 0.403516 0.050000 0.038437
2 0.525000 0.389844 0.020000 0.013125
2 0.305729 0.389844 0.011250 0.020625
2 0.244271 0.394922 0.036250 0.032813
2 0.064062 0.385937 0.026250 0.011250
2 0.325521 0.430859 0.213750 0.120937
2 0.222396 0.389453 0.021250 0.025312
2 0.231250 0.428906 0.210000 0.121875
2 0.606771 0.383203 0.026250 0.014063
2 0.319271 0.385156 0.018750 0.018750
2 0.011250 0.383594 0.022500 0.015000
2 0.744271 0.383594 0.038750 0.020625
2 0.050000 0.380078 0.015000 0.014063
2 0.447917 0.376172 0.020000 0.008437
2 0.333333 0.382812 0.030000 0.026250
2 0.360417 0.375781 0.015000 0.015000
2 0.112500 0.389453 0.030000 0.059062
2 0.678646 0.369531 0.021250 0.013125
2 0.883333 0.366406 0.010000 0.009375
2 0.198958 0.371875 0.037500 0.024375
2 0.010625 0.369531 0.021250 0.020625
2 0.221875 0.373437 0.055000 0.031875
2 0.714063 0.386719 0.063750 0.073125
2 0.981250 0.359766 0.025000 0.015938
2 0.223438 0.356250 0.018750 0.009375
2 0.501563 0.360156 0.026250 0.022500
2 0.239063 0.355078 0.016250 0.010312
2 0.307292 0.363672 0.067500 0.036562
2 0.781250 0.350391 0.020000 0.012188
2 0.618750 0.352734 0.035000 0.019688
2 0.464062 0.334766 0.013750 0.010312
2 0.068750 0.333594 0.030000 0.007500
2 0.732292 0.347656 0.082500 0.052500
2 0.524479 0.330859 0.018750 0.014063
2 0.542188 0.346094 0.076250 0.054375
2 0.638542 0.328125 0.020000 0.013125
2 0.261979 0.328906 0.023750 0.016875
2 0.651042 0.327344 0.012500 0.016875
2 0.059375 0.325000 0.020000 0.011250
2 0.469792 0.324219 0.015000 0.013125
2 0.229167 0.324609 0.027500 0.014063
2 0.129688 0.322656 0.013750 0.011250
2 0.350521 0.330078 0.028750 0.030937
2 0.860417 0.320703 0.010000 0.012188
2 0.308333 0.321094 0.022500 0.015000
2 0.239583 0.318750 0.027500 0.013125
2 0.889062 0.318750 0.036250 0.020625
2 0.068750 0.316406 0.015000 0.015000
2 0.347396 0.312109 0.023750 0.010312
2 0.713542 0.321484 0.040000 0.034687
2 0.799479 0.310547 0.016250 0.010312
2 0.293750 0.314453 0.015000 0.019688
2 0.149479 0.381250 0.131250 0.180000
2 0.971875 0.309766 0.030000 0.021562
2 0.986979 0.305078 0.013750 0.012188
2 0.871354 0.305078 0.026250 0.023438
2 0.378125 0.306250 0.027500 0.026250
2 0.357812 0.301172 0.016250 0.014063
2 0.125521 0.303906 0.028750 0.022500
2 0.964063 0.291797 0.026250 0.006563
2 0.994375 0.296484 0.011250 0.021562
2 0.851562 0.295312 0.041250 0.022500
2 0.201042 0.298828 0.025000 0.032813
2 0.534896 0.291406 0.018750 0.016875
2 0.220833 0.289453 0.017500 0.017813
2 0.105729 0.293359 0.033750 0.027187
2 0.045625 0.311328 0.091250 0.072187
2 0.201042 0.282813 0.027500 0.015000
2 0.955208 0.283594 0.020000 0.018750
2 0.426042 0.280859 0.020000 0.012188
2 0.940625 0.280469 0.025000 0.018750
2 0.015000 0.282031 0.030000 0.028125
2 0.306771 0.269531 0.018750 0.005625
2 0.978750 0.284766 0.042500 0.045937
2 0.922917 0.280859 0.035000 0.036562
2 0.005625 0.271094 0.011250 0.013125
2 0.271354 0.294141 0.111250 0.070312
2 0.216667 0.321484 0.195000 0.137813
2 0.313021 0.309375 0.101250 0.114375
2 0.359375 0.265234 0.017500 0.010312
2 0.978646 0.263672 0.023750 0.010312
2 0.622396 0.276562 0.058750 0.054375
2 0.515104 0.260547 0.018750 0.017813
2 0.255208 0.257422 0.027500 0.012188
2 0.531771 0.256250 0.021250 0.015000
2 0.309375 0.255469 0.015000 0.013125
2 0.903646 0.254688 0.018750 0.016875
2 0.921354 0.257422 0.021250 0.030937
2 0.766146 0.251953 0.028750 0.017813
2 0.294792 0.255078 0.022500 0.027187
2 0.518750 0.246484 0.015000 0.012188
2 0.821875 0.251563 0.040000 0.026250
2 0.359896 0.250391 0.026250 0.023438
2 0.451562 0.251953 0.018750 0.030937
2 0.788021 0.252734 0.063750 0.038437
2 0.206771 0.244141 0.028750 0.017813
2 0.103646 0.247656 0.033750 0.026250
2 0.514062 0.235547 0.011250 0.010312
2 0.393229 0.238672 0.046250 0.021562
2 0.769792 0.236328 0.047500 0.019688
2 0.366146 0.231250 0.023750 0.013125
2 0.950625 0.244141 0.098750 0.045937
2 0.286458 0.229297 0.027500 0.017813
2 0.454688 0.226562 0.028750 0.013125
2 0.810417 0.224219 0.012500 0.009375
2 0.109896 0.228125 0.038750 0.018750
2 0.360417 0.222266 0.020000 0.008437
2 0.326042 0.242188 0.070000 0.056250
2 0.227604 0.220703 0.021250 0.008437
2 0.941146 0.221875 0.018750 0.013125
2 0.917188 0.221484 0.013750 0.017813
2 0.179167 0.217969 0.017500 0.009375
2 0.502604 0.219531 0.018750 0.015000
2 0.196354 0.219922 0.018750 0.015938
2 0.166667 0.254688 0.187500 0.099375
2 0.972917 0.217578 0.015000 0.014063
2 0.808854 0.215625 0.016250 0.009375
2 0.984375 0.216016 0.031250 0.021562
2 0.196875 0.210938 0.020000 0.009375
2 0.524479 0.371094 0.461250 0.401250
2 0.157812 0.208984 0.018750 0.012188
2 0.940104 0.213672 0.048750 0.025312
2 0.534375 0.219141 0.077500 0.038437
2 0.398958 0.211719 0.017500 0.020625
2 0.290625 0.208203 0.015000 0.012188
2 0.555729 0.206250 0.011250 0.011250
2 0.433333 0.208203 0.015000 0.015938
2 0.385937 0.205469 0.013750 0.011250
2 0.990000 0.205469 0.020000 0.015000
2 0.199479 0.201563 0.021250 0.007500
2 0.181771 0.206641 0.013750 0.019688
2 0.494271 0.204687 0.018750 0.016875
2 0.015000 0.206250 0.030000 0.024375
2 0.866146 0.205859 0.063750 0.027187
2 0.358854 0.204687 0.033750 0.026250
2 0.402083 0.243359 0.115000 0.122812
2 0.968750 0.196094 0.012500 0.016875
2 0.180729 0.194141 0.033750 0.012188
2 0.986250 0.192188 0.027500 0.011250
2 0.379688 0.192578 0.023750 0.017813
2 0.953646 0.192578 0.021250 0.021562
2 0.549479 0.191797 0.041250 0.023438
2 0.971875 0.185547 0.020000 0.010312
2 0.130208 0.189453 0.035000 0.029062
2 0.885938 0.184375 0.026250 0.020625
2 0.789583 0.180859 0.015000 0.014063
2 0.567187 0.180078 0.018750 0.012188
2 0.130729 0.179297 0.018750 0.010312
2 0.018750 0.186328 0.037500 0.027187
2 0.704688 0.182031 0.051250 0.024375
2 0.441667 0.174219 0.020000 0.007500
2 0.852083 0.180859 0.032500 0.029062
2 0.139583 0.173047 0.017500 0.012188
2 0.937500 0.180859 0.032500 0.032813
2 0.121875 0.171484 0.027500 0.010312
2 0.891146 0.170313 0.011250 0.009375
2 0.557292 0.171094 0.025000 0.011250
2 0.609896 0.162891 0.013750 0.012188
2 0.971875 0.171484 0.056250 0.038437
2 0.045312 0.160938 0.021250 0.013125
2 0.529687 0.179688 0.063750 0.063750
2 0.876042 0.154688 0.017500 0.009375
2 0.174479 0.158203 0.048750 0.019688
2 0.114583 0.190234 0.077500 0.096562
2 0.837500 0.177734 0.035000 0.070312
2 0.526563 0.150391 0.013750 0.010312
2 0.154167 0.173437 0.102500 0.065625
2 0.853646 0.157422 0.028750 0.030937
2 0.224479 0.182812 0.086250 0.099375
2 0.810937 0.146094 0.021250 0.015000
2 0.864583 0.144531 0.012500 0.015000
2 0.151562 0.146484 0.031250 0.021562
2 0.877604 0.143359 0.011250 0.015938
2 0.422396 0.140234 0.013750 0.010312
2 0.207813 0.138672 0.016250 0.010312
2 0.980208 0.144922 0.027500 0.027187
2 0.175521 0.142969 0.028750 0.022500
2 0.845313 0.141797 0.018750 0.021562
2 0.752604 0.138672 0.018750 0.014063
2 0.141667 0.134766 0.022500 0.014063
2 0.036250 0.145703 0.072500 0.044062
2 0.423958 0.132031 0.030000 0.015000
2 0.378646 0.134766 0.043750 0.023438
2 0.231771 0.132422 0.031250 0.017813
2 0.193229 0.141016 0.031250 0.042188
2 0.395313 0.125781 0.011250 0.015000
2 0.046354 0.123047 0.023750 0.012188
2 0.873437 0.127734 0.046250 0.025312
2 0.143750 0.121484 0.015000 0.010312
2 0.899479 0.124609 0.033750 0.019688
2 0.271354 0.118359 0.028750 0.008437
2 0.025000 0.122266 0.025000 0.017813
2 0.747396 0.120703 0.016250 0.015938
2 0.164062 0.119531 0.028750 0.016875
2 0.914583 0.165234 0.112500 0.137813
2 0.251042 0.121484 0.025000 0.034687
2 0.845833 0.110547 0.020000 0.015938
2 0.591667 0.107031 0.017500 0.011250
2 0.168229 0.107813 0.031250 0.015000
2 0.060937 0.109375 0.026250 0.018750
2 0.985625 0.105078 0.028750 0.025312
2 0.809896 0.119531 0.071250 0.065625
2 0.965625 0.098437 0.032500 0.018750
2 0.877604 0.096875 0.018750 0.015000
2 0.805729 0.095703 0.028750 0.012188
2 0.034375 0.103906 0.065000 0.031875
2 0.206250 0.111719 0.075000 0.052500
2 0.854167 0.096094 0.035000 0.016875
2 0.011875 0.095312 0.023750 0.026250
2 0.034896 0.087891 0.023750 0.010312
2 0.844271 0.089844 0.013750 0.016875
2 0.114583 0.087500 0.012500 0.011250
2 0.394792 0.102734 0.110000 0.049687
2 0.360938 0.089844 0.033750 0.022500
2 0.153646 0.083984 0.011250 0.010312
2 0.755729 0.080859 0.016250 0.014063
2 0.091146 0.090625 0.043750 0.037500
2 0.960938 0.084766 0.038750 0.030937
2 0.438542 0.083203 0.035000 0.027187
2 0.446354 0.075000 0.018750 0.009375
2 0.231771 0.089063 0.056250 0.045000
2 0.856771 0.073438 0.018750 0.009375
2 0.256771 0.089063 0.053750 0.050625
2 0.021875 0.075391 0.030000 0.025312
2 0.239063 0.073438 0.023750 0.022500
2 0.279167 0.069922 0.020000 0.023438
2 0.776042 0.065625 0.052500 0.016875
2 0.911979 0.064062 0.028750 0.015000
2 0.550000 0.059375 0.017500 0.013125
2 0.976875 0.072266 0.046250 0.045937
2 0.008125 0.059375 0.016250 0.015000
2 0.936979 0.058984 0.026250 0.021562
2 0.861458 0.058203 0.012500 0.019688
2 0.758854 0.057422 0.036250 0.019688
2 0.424479 0.056250 0.016250 0.016875
2 0.259375 0.058203 0.050000 0.027187
2 0.417187 0.051562 0.016250 0.013125
2 0.130208 0.050781 0.032500 0.015000
2 0.386458 0.047656 0.012500 0.015000
2 0.149479 0.048047 0.018750 0.015938
2 0.946354 0.044922 0.016250 0.012188
2 0.846354 0.047266 0.043750 0.019688
2 0.119271 0.042188 0.018750 0.007500
2 0.369792 0.039844 0.022500 0.005625
2 0.838021 0.037109 0.023750 0.012188
2 0.678125 0.037500 0.032500 0.018750
2 0.130208 0.035937 0.037500 0.016875
2 0.099479 0.041016 0.036250 0.030937
2 0.459896 0.030859 0.026250 0.008437
2 0.945312 0.033203 0.031250 0.019688
2 0.150000 0.028516 0.025000 0.008437
2 0.074479 0.029297 0.013750 0.010312
2 0.341146 0.029687 0.016250 0.013125
2 0.805729 0.055859 0.126250 0.083437
2 0.759375 0.026172 0.012500 0.012188
2 0.670833 0.025000 0.025000 0.011250
2 0.537500 0.029297 0.015000 0.021562
2 0.113542 0.024609 0.017500 0.010312
2 0.291667 0.026953 0.020000 0.017813
2 0.204167 0.026172 0.020000 0.017813
2 0.847396 0.037500 0.096250 0.052500
2 0.082812 0.019922 0.021250 0.010312
2 0.410417 0.018750 0.015000 0.013125
2 0.918125 0.082031 0.163750 0.164062
2 0.785417 0.019922 0.030000 0.019688
2 0.109375 0.014844 0.027500 0.007500
2 0.313021 0.150469 0.258750 0.300937
2 0.567187 0.014453 0.016250 0.012188
2 0.421354 0.012891 0.016250 0.010312
2 0.265104 0.012500 0.023750 0.009375
2 0.808333 0.014453 0.015000 0.015938
2 0.062500 0.055313 0.125000 0.110625
2 0.160417 0.012500 0.010000 0.015000
2 0.139063 0.017969 0.043750 0.033750
2 0.309375 0.007422 0.017500 0.012188
2 0.963021 0.007031 0.026250 0.014063
2 0.948125 0.034687 0.103750 0.069375
2 0.902604 0.008906 0.028750 0.017813
2 0.873437 0.009844 0.028750 0.019688
2 0.852083 0.015000 0.035000 0.030000
2 0.835938 0.007969 0.038750 0.015938
2 0.800521 0.004687 0.023750 0.009375
2 0.786458 0.009375 0.032500 0.018750
2 0.641146 0.004687 0.018750 0.009375
2 0.620833 0.021094 0.130000 0.042188
2 0.555208 0.012188 0.045000 0.024375
2 0.502604 0.027187 0.086250 0.054375
2 0.596875 0.600000 0.806250 1.000000
2 0.359896 0.022031 0.103750 0.044062
2 0.182812 0.032344 0.058750 0.064687
2 0.168750 0.006094 0.025000 0.012188
