2 0.449219 0.844792 0.013125 0.015000
2 0.708203 0.867188 0.029062 0.076250
2 0.662500 0.836979 0.058125 0.101250
2 0.442578 0.803646 0.012188 0.021250
2 0.473828 0.802604 0.010312 0.028750
2 0.704688 0.788542 0.028125 0.070000
2 0.587500 0.780208 0.048750 0.060000
2 0.376953 0.777083 0.085312 0.052500
2 0.673047 0.770833 0.034687 0.062500
2 0.492969 0.748958 0.024375 0.017500
2 0.242969 0.753125 0.058125 0.055000
2 0.285156 0.761458 0.031875 0.077500
2 0.325000 0.758854 0.035625 0.073750
2 0.538281 0.721875 0.015000 0.027500
2 0.505078 0.707292 0.008437 0.025000
2 0.568750 0.719792 0.056250 0.057500
2 0.301953 0.686979 0.014063 0.016250
2 0.245703 0.685417 0.034687 0.082500
2 0.601562 0.642708 0.009375 0.025000
2 0.525000 0.622396 0.018750 0.008750
2 0.676562 0.665104 0.086250 0.138750
2 0.607422 0.669792 0.075938 0.150000
2 0.597266 0.631250 0.034687 0.082500
2 0.401953 0.581250 0.051562 0.060000
2 0.341406 0.566146 0.016875 0.031250
2 0.755859 0.558854 0.038437 0.068750
2 0.698047 0.551042 0.036562 0.070000
2 0.339062 0.507292 0.018750 0.027500
2 0.375391 0.529167 0.083437 0.087500
2 0.677734 0.498958 0.045937 0.050000
2 0.632422 0.519792 0.062812 0.132500
2 0.509766 0.470833 0.053437 0.047500
2 0.640625 0.452083 0.045000 0.067500
2 0.474219 0.441146 0.022500 0.048750
2 0.734766 0.476042 0.068437 0.162500
2 0.710547 0.404167 0.036562 0.085000
2 0.510938 0.364583 0.005625 0.022500
2 0.764062 0.370312 0.045000 0.073750
2 0.635547 0.368229 0.053437 0.138750
2 0.529297 0.314063 0.008437 0.018750
2 0.537500 0.305208 0.013125 0.015000
2 0.669141 0.290104 0.051562 0.048750
2 0.452734 0.569375 0.439687 0.861250
2 0.473047 0.278125 0.042188 0.062500
2 0.616797 0.243229 0.047812 0.058750
2 0.516406 0.197917 0.020625 0.020000
2 0.608594 0.139063 0.035625 0.073750
2 0.503516 0.183854 0.143437 0.223750
2 0.694844 0.600000 0.610312 1.000000
2 0.247031 0.600000 0.494062 1.000000
