2 0.455078 0.811979 0.027187 0.046250
2 0.425000 0.795312 0.018750 0.046250
2 0.389062 0.792188 0.020625 0.043750
2 0.467969 0.776042 0.016875 0.035000
2 0.453906 0.775521 0.013125 0.038750
2 0.455469 0.744792 0.009375 0.032500
2 0.422266 0.752083 0.025312 0.057500
2 0.384375 0.730729 0.026250 0.036250
2 0.459375 0.721875 0.022500 0.037500
2 0.492969 0.716667 0.026250 0.027500
2 0.412500 0.715625 0.030000 0.027500
2 0.475781 0.704688 0.026250 0.033750
2 0.516016 0.697396 0.030937 0.023750
2 0.356250 0.698958 0.028125 0.030000
2 0.433594 0.697396 0.009375 0.033750
2 0.493750 0.694271 0.009375 0.028750
2 0.425781 0.693750 0.009375 0.027500
2 0.468359 0.671354 0.015938 0.038750
2 0.438672 0.665625 0.014063 0.042500
2 0.495312 0.645833 0.018750 0.022500
2 0.414844 0.662500 0.031875 0.062500
2 0.469922 0.644271 0.010312 0.023750
2 0.514844 0.652604 0.026250 0.053750
2 0.301172 0.638021 0.010312 0.023750
2 0.305469 0.643750 0.026250 0.042500
2 0.478906 0.632292 0.016875 0.020000
2 0.431641 0.633333 0.010312 0.032500
2 0.396875 0.655729 0.043125 0.093750
2 0.537109 0.622917 0.023438 0.035000
2 0.333594 0.626042 0.020625 0.050000
2 0.489453 0.607292 0.015938 0.025000
2 0.439844 0.618750 0.030000 0.052500
2 0.372266 0.636979 0.030937 0.121250
2 0.470313 0.610938 0.024375 0.068750
2 0.499219 0.582812 0.020625 0.041250
2 0.350000 0.572396 0.024375 0.026250
2 0.514453 0.595833 0.032813 0.085000
2 0.455859 0.565625 0.008437 0.017500
2 0.551562 0.570833 0.020625 0.045000
2 0.385156 0.552083 0.016875 0.015000
2 0.319922 0.583333 0.036562 0.090000
2 0.495703 0.546875 0.029062 0.037500
2 0.518359 0.542708 0.017813 0.030000
2 0.374219 0.563542 0.035625 0.082500
2 0.420703 0.543750 0.012188 0.037500
2 0.339062 0.541667 0.020625 0.045000
2 0.471875 0.552604 0.022500 0.073750
2 0.402344 0.526563 0.016875 0.021250
2 0.308203 0.530729 0.021562 0.041250
2 0.466797 0.515104 0.010312 0.026250
2 0.388281 0.510938 0.016875 0.023750
2 0.507422 0.518750 0.023438 0.047500
2 0.489063 0.510417 0.015000 0.030000
2 0.419141 0.507292 0.014063 0.045000
2 0.485547 0.489583 0.006563 0.020000
2 0.578516 0.498437 0.015938 0.048750
2 0.408594 0.494271 0.020625 0.038750
2 0.377344 0.488021 0.016875 0.026250
2 0.087656 0.685625 0.175313 0.628750
2 0.390625 0.486979 0.016875 0.043750
2 0.457422 0.482292 0.012188 0.035000
2 0.398828 0.470833 0.010312 0.027500
2 0.502344 0.461979 0.022500 0.026250
2 0.423047 0.531250 0.081562 0.195000
2 0.577734 0.457292 0.029062 0.030000
2 0.431250 0.463021 0.022500 0.043750
2 0.469141 0.463542 0.014063 0.052500
2 0.349219 0.471875 0.046875 0.082500
2 0.375781 0.455208 0.016875 0.045000
2 0.406250 0.448958 0.030000 0.032500
2 0.551172 0.476042 0.030937 0.107500
2 0.512500 0.438021 0.024375 0.018750
2 0.415234 0.428125 0.014063 0.022500
2 0.452344 0.424479 0.015000 0.016250
2 0.468359 0.424479 0.008437 0.028750
2 0.440625 0.419271 0.011250 0.018750
2 0.495703 0.409896 0.014063 0.021250
2 0.423438 0.420833 0.022500 0.052500
2 0.516016 0.410417 0.015938 0.030000
2 0.396484 0.410417 0.027187 0.032500
2 0.351172 0.410417 0.019688 0.037500
2 0.466016 0.395833 0.027187 0.030000
2 0.355469 0.387500 0.030000 0.020000
2 0.333594 0.396354 0.015000 0.041250
2 0.500000 0.383854 0.018750 0.031250
2 0.430078 0.381771 0.012188 0.031250
2 0.401562 0.371354 0.018750 0.043750
2 0.442578 0.376563 0.029062 0.063750
2 0.358984 0.360417 0.023438 0.037500
2 0.486328 0.354167 0.036562 0.032500
2 0.331641 0.348958 0.015938 0.045000
2 0.463281 0.347396 0.020625 0.081250
2 0.444141 0.328125 0.019688 0.055000
2 0.391016 0.327083 0.053437 0.055000
2 0.423047 0.348438 0.036562 0.116250
2 0.637500 0.600000 0.588750 1.000000
2 0.127500 0.155625 0.255000 0.311250
