2 0.800000 0.992500 0.009375 0.015000
2 0.416406 0.991250 0.013125 0.017500
2 0.078906 0.991250 0.016875 0.017500
2 0.702344 0.988750 0.018750 0.022500
2 0.395313 0.988750 0.033750 0.022500
2 0.291797 0.986875 0.014063 0.026250
2 0.899609 0.985625 0.019688 0.028750
2 0.964844 0.983125 0.013125 0.033750
2 0.192188 0.981250 0.015000 0.027500
2 0.776953 0.981250 0.014063 0.037500
2 0.975000 0.979375 0.016875 0.041250
2 0.042188 0.969375 0.084375 0.061250
2 0.984531 0.968750 0.030937 0.062500
2 0.802734 0.965625 0.051562 0.068750
2 0.843359 0.952083 0.014063 0.030000
2 0.554688 0.935937 0.015000 0.011250
2 0.908203 0.942708 0.021562 0.035000
2 0.946875 0.956875 0.061875 0.086250
2 0.908594 0.928125 0.011250 0.012500
2 0.976172 0.914062 0.012188 0.013750
2 0.925000 0.945000 0.046875 0.110000
2 0.912500 0.914062 0.011250 0.013750
2 0.003750 0.915104 0.007500 0.016250
2 0.027656 0.928646 0.055313 0.078750
2 0.166016 0.903646 0.006563 0.023750
2 0.007031 0.898438 0.014063 0.016250
2 0.933203 0.904167 0.036562 0.037500
2 0.423438 0.887500 0.011250 0.012500
2 0.848828 0.891146 0.014063 0.026250
2 0.338281 0.890104 0.018750 0.023750
2 0.405469 0.887500 0.020625 0.020000
2 0.270313 0.897917 0.069375 0.047500
2 0.389844 0.886458 0.013125 0.025000
2 0.367188 0.884896 0.052500 0.038750
2 0.409375 0.876563 0.015000 0.021250
2 0.247656 0.869792 0.013125 0.017500
2 0.428516 0.871354 0.014063 0.023750
2 0.285547 0.872396 0.019688 0.028750
2 0.235156 0.867708 0.016875 0.020000
2 0.466406 0.865104 0.015000 0.018750
2 0.435547 0.865104 0.010312 0.018750
2 0.411719 0.867188 0.020625 0.023750
2 0.348828 0.862500 0.019688 0.015000
2 0.476172 0.862500 0.008437 0.020000
2 0.530078 0.863542 0.017813 0.025000
2 0.492578 0.866667 0.029062 0.032500
2 0.037500 0.863021 0.013125 0.028750
2 0.624609 0.855208 0.010312 0.012500
2 0.968750 0.855208 0.016875 0.015000
2 0.267578 0.863542 0.034687 0.035000
2 0.447656 0.866667 0.022500 0.045000
2 0.393750 0.855729 0.016875 0.021250
2 0.347656 0.849479 0.011250 0.013750
2 0.260937 0.854688 0.016875 0.026250
2 0.613281 0.853125 0.015000 0.025000
2 0.583984 0.850000 0.014063 0.017500
2 0.314063 0.875521 0.045000 0.081250
2 0.977734 0.843750 0.015938 0.007500
2 0.383984 0.859375 0.042188 0.047500
2 0.596094 0.844271 0.020625 0.013750
2 0.244922 0.848958 0.025312 0.025000
2 0.964844 0.892188 0.070312 0.131250
2 0.625391 0.842187 0.015938 0.013750
2 0.637891 0.845833 0.019688 0.025000
2 0.478125 0.843229 0.009375 0.023750
2 0.267969 0.841146 0.009375 0.018750
2 0.389062 0.840104 0.009375 0.018750
2 0.409766 0.839583 0.021562 0.025000
2 0.228516 0.842187 0.023438 0.031250
2 0.500781 0.853125 0.043125 0.060000
2 0.258594 0.831250 0.015000 0.010000
2 0.148438 0.831250 0.011250 0.015000
2 0.469531 0.835938 0.026250 0.028750
2 0.442188 0.834896 0.018750 0.026250
2 0.582812 0.830729 0.020625 0.018750
2 0.371094 0.841146 0.035625 0.043750
2 0.657813 0.828125 0.013125 0.015000
2 0.242578 0.827604 0.012188 0.013750
2 0.980078 0.830208 0.030937 0.027500
2 0.605859 0.828646 0.034687 0.026250
2 0.225781 0.822917 0.016875 0.017500
2 0.011250 0.824479 0.022500 0.021250
2 0.476562 0.819271 0.013125 0.011250
2 0.629297 0.823958 0.023438 0.025000
2 0.454688 0.823438 0.016875 0.023750
2 0.075000 0.820833 0.015000 0.017500
2 0.528125 0.821354 0.011250 0.021250
2 0.667578 0.817187 0.012188 0.016250
2 0.385156 0.818750 0.013125 0.020000
2 0.988281 0.821875 0.023438 0.030000
2 0.301563 0.816146 0.018750 0.016250
2 0.326562 0.839063 0.035625 0.073750
2 0.039453 0.812500 0.014063 0.015000
2 0.467187 0.814063 0.016875 0.021250
2 0.591797 0.814063 0.015938 0.023750
2 0.066406 0.811979 0.009375 0.021250
2 0.218359 0.811458 0.034687 0.030000
2 0.526563 0.803646 0.015000 0.013750
2 0.679297 0.803125 0.017813 0.017500
2 0.644141 0.806771 0.025312 0.028750
2 0.460547 0.800521 0.008437 0.013750
2 0.435547 0.806771 0.025312 0.033750
2 0.489453 0.813021 0.025312 0.053750
2 0.393359 0.799479 0.010312 0.021250
2 0.207422 0.795833 0.017813 0.015000
2 0.603125 0.804688 0.028125 0.038750
2 0.619141 0.795312 0.023438 0.021250
2 0.264453 0.796875 0.021562 0.025000
2 0.479297 0.794271 0.012188 0.026250
2 0.250000 0.791667 0.011250 0.025000
2 0.593750 0.788021 0.011250 0.018750
2 0.545703 0.824479 0.098437 0.108750
2 0.368359 0.794792 0.034687 0.042500
2 0.396484 0.787500 0.023438 0.027500
2 0.657031 0.791667 0.041250 0.040000
2 0.062109 0.782292 0.010312 0.017500
2 0.406250 0.782292 0.011250 0.020000
2 0.073828 0.792188 0.042188 0.043750
2 0.470313 0.784896 0.011250 0.028750
2 0.324219 0.791667 0.026250 0.045000
2 0.531250 0.793229 0.080625 0.061250
2 0.686719 0.781250 0.026250 0.035000
2 0.701953 0.782813 0.036562 0.048750
2 0.053906 0.767708 0.016875 0.012500
2 0.505469 0.773438 0.028125 0.028750
2 0.243359 0.769792 0.021562 0.020000
2 0.569922 0.773438 0.021562 0.031250
2 0.190234 0.771354 0.029062 0.028750
2 0.448828 0.784375 0.042188 0.065000
2 0.663672 0.767188 0.015938 0.028750
2 0.375781 0.761458 0.009375 0.017500
2 0.554688 0.770312 0.018750 0.041250
2 0.287109 0.796354 0.072187 0.108750
2 0.493750 0.765625 0.031875 0.037500
2 0.035625 0.781771 0.071250 0.078750
2 0.644141 0.760417 0.017813 0.030000
2 0.664062 0.752604 0.011250 0.016250
2 0.200781 0.758854 0.022500 0.031250
2 0.707812 0.759375 0.026250 0.037500
2 0.535156 0.758333 0.022500 0.035000
2 0.434766 0.751042 0.015938 0.017500
2 0.587500 0.759896 0.030000 0.041250
2 0.567578 0.750000 0.025312 0.017500
2 0.312500 0.754167 0.018750 0.027500
2 0.677344 0.750521 0.013125 0.021250
2 0.395313 0.761458 0.031875 0.047500
2 0.725781 0.752083 0.011250 0.030000
2 0.246094 0.748958 0.026250 0.022500
2 0.027344 0.750521 0.018750 0.028750
2 0.529687 0.746354 0.015000 0.021250
2 0.374609 0.742708 0.010312 0.015000
2 0.006563 0.740625 0.013125 0.010000
2 0.341406 0.778646 0.052500 0.108750
2 0.168750 0.746354 0.011250 0.031250
2 0.656250 0.748958 0.015000 0.040000
2 0.623828 0.755208 0.042188 0.055000
2 0.473828 0.747917 0.038437 0.037500
2 0.412109 0.789583 0.049687 0.142500
2 0.725391 0.734375 0.015938 0.012500
2 0.533594 0.735938 0.016875 0.016250
2 0.210938 0.731250 0.013125 0.010000
2 0.689844 0.735417 0.016875 0.022500
2 0.191406 0.739062 0.028125 0.031250
2 0.015625 0.739583 0.015000 0.032500
2 0.278516 0.747917 0.057188 0.060000
2 0.744141 0.734896 0.027187 0.031250
2 0.578516 0.727083 0.010312 0.012500
2 0.333203 0.727083 0.030937 0.017500
2 0.708594 0.730729 0.020625 0.028750
2 0.488281 0.727083 0.024375 0.020000
2 0.764844 0.723437 0.013125 0.013750
2 0.534766 0.722917 0.012188 0.015000
2 0.215234 0.752083 0.029062 0.085000
2 0.023438 0.719271 0.011250 0.008750
2 0.549609 0.720313 0.017813 0.013750
2 0.444531 0.718229 0.009375 0.011250
2 0.305469 0.722917 0.015000 0.022500
2 0.170313 0.730729 0.041250 0.043750
2 0.616797 0.721875 0.012188 0.025000
2 0.422266 0.726042 0.015938 0.035000
2 0.319141 0.718750 0.012188 0.017500
2 0.521484 0.718750 0.008437 0.020000
2 0.642578 0.724479 0.053437 0.036250
2 0.451953 0.710938 0.010312 0.011250
2 0.370312 0.720313 0.020625 0.033750
2 0.777734 0.712500 0.021562 0.017500
2 0.392969 0.727604 0.037500 0.053750
2 0.351562 0.724479 0.039375 0.048750
2 0.257031 0.710417 0.018750 0.017500
2 0.696875 0.715625 0.031875 0.032500
2 0.471875 0.725000 0.054375 0.055000
2 0.308203 0.704688 0.012188 0.013750
2 0.182031 0.710938 0.052500 0.033750
2 0.646094 0.702604 0.011250 0.023750
2 0.512891 0.726042 0.029062 0.080000
2 0.764062 0.702604 0.007500 0.028750
2 0.753125 0.706250 0.016875 0.037500
2 0.370312 0.698438 0.020625 0.018750
2 0.322266 0.700000 0.025312 0.022500
2 0.706641 0.700000 0.019688 0.030000
2 0.199219 0.695833 0.018750 0.020000
2 0.429688 0.701042 0.033750 0.042500
2 0.214062 0.695833 0.016875 0.030000
2 0.173047 0.695312 0.012188 0.028750
2 0.734375 0.701042 0.030000 0.050000
2 0.614062 0.689063 0.015000 0.023750
2 0.356250 0.690104 0.016875 0.026250
2 0.310156 0.687500 0.015000 0.022500
2 0.553125 0.706771 0.065625 0.071250
2 0.255469 0.751042 0.076875 0.177500
2 0.301953 0.681250 0.010312 0.015000
2 0.248047 0.680729 0.012188 0.013750
2 0.326172 0.683333 0.017813 0.022500
2 0.564063 0.680208 0.016875 0.020000
2 0.799609 0.685417 0.019688 0.035000
2 0.635938 0.690104 0.037500 0.046250
2 0.435156 0.678646 0.026250 0.018750
2 0.038672 0.675521 0.019688 0.016250
2 0.339453 0.686979 0.025312 0.046250
2 0.145703 0.688542 0.029062 0.050000
2 0.816406 0.675521 0.022500 0.021250
2 0.658984 0.686979 0.015938 0.048750
2 0.594141 0.673958 0.019688 0.022500
2 0.007031 0.680729 0.014063 0.038750
2 0.577734 0.676042 0.019688 0.030000
2 0.360938 0.676042 0.028125 0.035000
2 0.284766 0.694271 0.030937 0.078750
2 0.810547 0.666146 0.010312 0.013750
2 0.598047 0.701562 0.059062 0.098750
2 0.718359 0.668229 0.040313 0.021250
2 0.624609 0.666667 0.010312 0.017500
2 0.675391 0.668750 0.021562 0.025000
2 0.424219 0.665104 0.016875 0.016250
2 0.537891 0.663021 0.012188 0.013750
2 0.516016 0.679167 0.047812 0.052500
2 0.382812 0.666667 0.011250 0.022500
2 0.590234 0.662500 0.019688 0.017500
2 0.267969 0.666667 0.018750 0.027500
2 0.508594 0.660417 0.013125 0.017500
2 0.133203 0.669271 0.021562 0.038750
2 0.546875 0.665104 0.013125 0.031250
2 0.466797 0.676562 0.055313 0.058750
2 0.165625 0.672917 0.033750 0.050000
2 0.348047 0.657813 0.017813 0.016250
2 0.319922 0.664062 0.014063 0.031250
2 0.778125 0.654687 0.018750 0.018750
2 0.653906 0.657813 0.033750 0.031250
2 0.596875 0.648438 0.013125 0.008750
2 0.146484 0.655208 0.015938 0.025000
2 0.789453 0.660937 0.044062 0.041250
2 0.814063 0.647917 0.013125 0.015000
2 0.549219 0.646354 0.016875 0.011250
2 0.574609 0.651042 0.042188 0.025000
2 0.841016 0.650521 0.012188 0.026250
2 0.485547 0.656250 0.027187 0.042500
2 0.239453 0.646354 0.021562 0.018750
2 0.209766 0.648958 0.017813 0.025000
2 0.217969 0.659896 0.022500 0.053750
2 0.251563 0.642188 0.011250 0.018750
2 0.129297 0.643229 0.014063 0.023750
2 0.821875 0.639062 0.009375 0.018750
2 0.666016 0.636979 0.015938 0.021250
2 0.444531 0.645833 0.041250 0.042500
2 0.704297 0.631250 0.012188 0.012500
2 0.179688 0.660937 0.063750 0.083750
2 0.626172 0.645312 0.064687 0.051250
2 0.535156 0.640104 0.018750 0.041250
2 0.730078 0.630208 0.014063 0.020000
2 0.583984 0.630729 0.017813 0.026250
2 0.502734 0.627083 0.008437 0.017500
2 0.779687 0.633333 0.009375 0.035000
2 0.163281 0.625000 0.028125 0.015000
2 0.328125 0.642708 0.086250 0.065000
2 0.601953 0.619792 0.012188 0.015000
2 0.326953 0.620313 0.019688 0.016250
2 0.857031 0.625521 0.022500 0.031250
2 0.467578 0.623437 0.030937 0.026250
2 0.563281 0.626042 0.024375 0.035000
2 0.218359 0.623958 0.021562 0.030000
2 0.754687 0.614062 0.015000 0.013750
2 0.741016 0.616146 0.012188 0.018750
2 0.686719 0.617188 0.026250 0.021250
2 0.611328 0.616146 0.006563 0.021250
2 0.313281 0.616146 0.016875 0.021250
2 0.436328 0.618750 0.021562 0.030000
2 0.390625 0.610417 0.009375 0.010000
2 0.341016 0.609375 0.008437 0.010000
2 0.300391 0.616146 0.014063 0.026250
2 0.280469 0.636458 0.039375 0.075000
2 0.189844 0.611979 0.011250 0.016250
2 0.787109 0.613542 0.008437 0.022500
2 0.488672 0.620313 0.034687 0.038750
2 0.173828 0.614583 0.021562 0.025000
2 0.996719 0.611458 0.006563 0.020000
2 0.818750 0.633854 0.060000 0.073750
2 0.719531 0.658854 0.127500 0.133750
2 0.227344 0.615104 0.011250 0.031250
2 0.725000 0.609896 0.007500 0.021250
2 0.805078 0.609896 0.014063 0.026250
2 0.237109 0.604688 0.012188 0.013750
2 0.155469 0.604167 0.016875 0.012500
2 0.811328 0.605729 0.010312 0.023750
2 0.593750 0.608333 0.026250 0.032500
2 0.500391 0.601042 0.012188 0.015000
2 0.126172 0.602604 0.008437 0.018750
2 0.835938 0.602083 0.020625 0.020000
2 0.653125 0.614062 0.020625 0.048750
2 0.513672 0.619271 0.038437 0.063750
2 0.135937 0.618229 0.063750 0.063750
2 0.766406 0.601042 0.030000 0.025000
2 0.716406 0.597396 0.016875 0.016250
2 0.548828 0.607812 0.034687 0.041250
2 0.444141 0.603125 0.021562 0.030000
2 0.335938 0.598437 0.015000 0.018750
2 0.672656 0.605729 0.024375 0.041250
2 0.699609 0.605208 0.032813 0.045000
2 0.893359 0.596354 0.010312 0.026250
2 0.164453 0.592187 0.023438 0.018750
2 0.548828 0.589583 0.021562 0.015000
2 0.427344 0.592708 0.009375 0.022500
2 0.464844 0.594271 0.026250 0.031250
2 0.292969 0.590104 0.015000 0.021250
2 0.277734 0.591667 0.015938 0.027500
2 0.905469 0.588542 0.013125 0.025000
2 0.344922 0.589063 0.027187 0.028750
2 0.149609 0.585417 0.010312 0.020000
2 0.860938 0.583854 0.013125 0.018750
2 0.703906 0.582812 0.009375 0.016250
2 0.661328 0.583333 0.012188 0.020000
2 0.517969 0.584896 0.030000 0.023750
2 0.634766 0.603646 0.047812 0.071250
2 0.205859 0.611458 0.038437 0.090000
2 0.820312 0.583854 0.028125 0.026250
2 0.536719 0.584375 0.018750 0.027500
2 0.435156 0.579167 0.011250 0.015000
2 0.835156 0.581250 0.007500 0.022500
2 0.135156 0.580729 0.011250 0.021250
2 0.577344 0.589063 0.030000 0.043750
2 0.189453 0.577083 0.017813 0.015000
2 0.261328 0.581771 0.015938 0.028750
2 0.711328 0.575521 0.014063 0.016250
2 0.116406 0.576562 0.026250 0.018750
2 0.454297 0.577083 0.019688 0.027500
2 0.249609 0.602604 0.044062 0.088750
2 0.871484 0.589583 0.057188 0.065000
2 0.637891 0.569792 0.025312 0.017500
2 0.300000 0.570312 0.013125 0.018750
2 0.806641 0.569271 0.017813 0.018750
2 0.695312 0.569271 0.026250 0.018750
2 0.194922 0.583333 0.032813 0.052500
2 0.989687 0.571354 0.020625 0.026250
2 0.917969 0.568229 0.018750 0.018750
2 0.590234 0.576562 0.017813 0.041250
2 0.426563 0.572917 0.016875 0.032500
2 0.246094 0.570833 0.026250 0.030000
2 0.907422 0.563021 0.021562 0.013750
2 0.883594 0.558854 0.015000 0.011250
2 0.507812 0.563021 0.015000 0.023750
2 0.783594 0.573958 0.058125 0.052500
2 0.447656 0.565104 0.024375 0.031250
2 0.113672 0.559896 0.012188 0.021250
2 0.492188 0.570833 0.035625 0.050000
2 0.519531 0.558854 0.011250 0.023750
2 0.467969 0.561458 0.022500 0.030000
2 0.614844 0.560937 0.013125 0.031250
2 0.152344 0.556250 0.018750 0.020000
2 0.669141 0.566146 0.030937 0.048750
2 0.200781 0.551042 0.011250 0.015000
2 0.917188 0.552083 0.009375 0.020000
2 0.373047 0.550521 0.014063 0.016250
2 0.219531 0.559896 0.031875 0.038750
2 0.992969 0.551562 0.014063 0.021250
2 0.695312 0.553646 0.022500 0.026250
2 0.243750 0.550000 0.015000 0.017500
2 0.329297 0.550521 0.015938 0.021250
2 0.454688 0.545312 0.013125 0.011250
2 0.314453 0.573438 0.040313 0.078750
2 0.609375 0.548958 0.011250 0.022500
2 0.712500 0.552604 0.016875 0.033750
2 0.529687 0.550521 0.016875 0.028750
2 0.444531 0.545833 0.007500 0.017500
2 0.263672 0.553646 0.025312 0.036250
2 0.760156 0.552083 0.015000 0.035000
2 0.307422 0.551042 0.014063 0.032500
2 0.807422 0.548438 0.030937 0.028750
2 0.742188 0.575000 0.050625 0.092500
2 0.740625 0.549479 0.015000 0.033750
2 0.293750 0.544271 0.020625 0.023750
2 0.840234 0.551562 0.038437 0.046250
2 0.673828 0.540625 0.019688 0.020000
2 0.865234 0.554688 0.029062 0.056250
2 0.267578 0.539062 0.012188 0.018750
2 0.391016 0.617708 0.098437 0.210000
2 0.692187 0.539583 0.022500 0.025000
2 0.765234 0.533854 0.012188 0.013750
2 0.161328 0.537500 0.021562 0.022500
2 0.246094 0.535937 0.031875 0.021250
2 0.708984 0.533333 0.012188 0.017500
2 0.113672 0.536979 0.021562 0.028750
2 0.919141 0.540104 0.021562 0.041250
2 0.458203 0.531250 0.017813 0.022500
2 0.840625 0.527083 0.015000 0.017500
2 0.725781 0.533333 0.020625 0.032500
2 0.638281 0.541667 0.046875 0.052500
2 0.168750 0.527604 0.016875 0.018750
2 0.125781 0.526563 0.011250 0.016250
2 0.650781 0.524479 0.013125 0.013750
2 0.259766 0.525000 0.012188 0.015000
2 0.208594 0.532292 0.022500 0.032500
2 0.775000 0.527604 0.022500 0.026250
2 0.336328 0.529167 0.019688 0.035000
2 0.908203 0.519792 0.015938 0.015000
2 0.789062 0.522917 0.015000 0.022500
2 0.617188 0.518750 0.011250 0.012500
2 0.355078 0.520312 0.021562 0.016250
2 0.225391 0.530729 0.014063 0.041250
2 0.800391 0.523958 0.014063 0.027500
2 0.895312 0.533333 0.043125 0.052500
2 0.815625 0.526563 0.018750 0.036250
2 0.758203 0.522917 0.017813 0.027500
2 0.600000 0.544271 0.031875 0.078750
2 0.575391 0.528646 0.021562 0.041250
2 0.563672 0.533333 0.034687 0.060000
2 0.139844 0.539062 0.035625 0.073750
2 0.236719 0.516146 0.009375 0.021250
2 0.877344 0.519792 0.013125 0.035000
2 0.669141 0.517188 0.012188 0.028750
2 0.655859 0.511979 0.021562 0.016250
2 0.251172 0.516667 0.030937 0.027500
2 0.678125 0.510938 0.015000 0.016250
2 0.753516 0.507292 0.010312 0.012500
2 0.473438 0.519792 0.026250 0.042500
2 0.640234 0.508854 0.012188 0.021250
2 0.342578 0.506771 0.017813 0.016250
2 0.154688 0.509896 0.013125 0.023750
2 0.465625 0.505208 0.009375 0.015000
2 0.971875 0.509896 0.016875 0.028750
2 0.498828 0.525000 0.079687 0.067500
2 0.296875 0.516146 0.073125 0.046250
2 0.858594 0.506771 0.033750 0.026250
2 0.588281 0.508333 0.028125 0.030000
2 0.914453 0.501563 0.015938 0.016250
2 0.785156 0.503646 0.013125 0.021250
2 0.730078 0.499479 0.008437 0.011250
2 0.691406 0.508333 0.028125 0.032500
2 0.885938 0.499479 0.016875 0.013750
2 0.188672 0.501042 0.010312 0.017500
2 0.775000 0.504687 0.016875 0.028750
2 0.481641 0.502604 0.021562 0.023750
2 0.232031 0.502083 0.018750 0.025000
2 0.901953 0.501042 0.014063 0.025000
2 0.616016 0.502083 0.019688 0.030000
2 0.251172 0.495833 0.015938 0.015000
2 0.273438 0.493229 0.018750 0.013750
2 0.866016 0.493750 0.023438 0.017500
2 0.714063 0.503125 0.022500 0.042500
2 0.895312 0.491146 0.015000 0.016250
2 0.606250 0.495312 0.022500 0.026250
2 0.353516 0.492188 0.014063 0.018750
2 0.112500 0.503125 0.024375 0.047500
2 0.421875 0.497396 0.024375 0.036250
2 0.291797 0.487500 0.010312 0.012500
2 0.437891 0.490104 0.012188 0.021250
2 0.852734 0.485417 0.015938 0.012500
2 0.796875 0.485938 0.013125 0.013750
2 0.624219 0.485938 0.018750 0.013750
2 0.306641 0.488542 0.015938 0.020000
2 0.437891 0.514062 0.053437 0.083750
2 0.101562 0.483854 0.016875 0.011250
2 0.881250 0.484375 0.013125 0.020000
2 0.864062 0.481771 0.009375 0.013750
2 0.672656 0.485938 0.018750 0.023750
2 0.269141 0.489583 0.036562 0.032500
2 0.814063 0.496354 0.024375 0.051250
2 0.500000 0.489063 0.046875 0.036250
2 0.701172 0.478646 0.019688 0.013750
2 0.137891 0.485938 0.032813 0.031250
2 0.325391 0.495833 0.021562 0.057500
2 0.376563 0.528125 0.075000 0.137500
2 0.029687 0.483333 0.016875 0.030000
2 0.742578 0.488021 0.055313 0.048750
2 0.298047 0.476042 0.017813 0.020000
2 0.678516 0.474479 0.015938 0.018750
2 0.754297 0.471354 0.015938 0.013750
2 0.212109 0.490104 0.042188 0.061250
2 0.902734 0.472396 0.014063 0.021250
2 0.348047 0.479687 0.030937 0.038750
2 0.005156 0.469271 0.010312 0.021250
2 0.658203 0.467708 0.010312 0.020000
2 0.875000 0.472917 0.035625 0.035000
2 0.823438 0.462500 0.011250 0.012500
2 0.526953 0.463542 0.010312 0.015000
2 0.244141 0.465104 0.014063 0.021250
2 0.233594 0.470833 0.037500 0.035000
2 0.225000 0.461458 0.016875 0.015000
2 0.750781 0.459375 0.013125 0.012500
2 0.457422 0.468750 0.027187 0.035000
2 0.125391 0.459375 0.008437 0.012500
2 0.667969 0.458333 0.018750 0.012500
2 0.296484 0.460938 0.015938 0.018750
2 0.500000 0.467187 0.030000 0.036250
2 0.455469 0.457813 0.011250 0.013750
2 0.115234 0.465625 0.014063 0.032500
2 0.692578 0.459896 0.025312 0.021250
2 0.598828 0.461979 0.017813 0.026250
2 0.589844 0.460417 0.016875 0.022500
2 0.833203 0.473958 0.032813 0.057500
2 0.173437 0.518750 0.065625 0.165000
2 0.100000 0.465104 0.020625 0.036250
2 0.862109 0.454688 0.012188 0.013750
2 0.477344 0.459375 0.022500 0.025000
2 0.285156 0.459896 0.009375 0.026250
2 0.347656 0.455208 0.009375 0.017500
2 0.807031 0.456250 0.022500 0.022500
2 0.209766 0.454688 0.012188 0.018750
2 0.915234 0.466146 0.032813 0.048750
2 0.634766 0.449479 0.010312 0.008750
2 0.850000 0.461458 0.016875 0.040000
2 0.717578 0.456250 0.032813 0.030000
2 0.658203 0.450521 0.027187 0.016250
2 0.244922 0.448437 0.012188 0.011250
2 0.261719 0.460417 0.030000 0.042500
2 0.871875 0.448437 0.007500 0.018750
2 0.846094 0.446354 0.015000 0.013750
2 0.305469 0.447917 0.020625 0.017500
2 0.696875 0.444792 0.026250 0.012500
2 0.814844 0.447396 0.015000 0.021250
2 0.772266 0.464583 0.055313 0.062500
2 0.676172 0.446875 0.015938 0.020000
2 0.573828 0.448437 0.019688 0.023750
2 0.220703 0.445833 0.012188 0.020000
2 0.199609 0.452604 0.025312 0.038750
2 0.375000 0.453646 0.041250 0.046250
2 0.566016 0.438542 0.008437 0.012500
2 0.496094 0.442708 0.028125 0.025000
2 0.717578 0.436979 0.014063 0.013750
2 0.595703 0.439583 0.019688 0.020000
2 0.656641 0.436979 0.015938 0.021250
2 0.221875 0.432292 0.018750 0.010000
2 0.917188 0.446354 0.016875 0.046250
2 0.542969 0.504167 0.099375 0.187500
2 0.352734 0.435417 0.017813 0.022500
2 0.023906 0.444792 0.047812 0.045000
2 0.667969 0.434896 0.009375 0.023750
2 0.738281 0.439583 0.033750 0.037500
2 0.169922 0.430208 0.012188 0.020000
2 0.007031 0.426563 0.011250 0.011250
2 0.859375 0.433854 0.028125 0.031250
2 0.529687 0.428646 0.011250 0.021250
2 0.117188 0.446354 0.067500 0.066250
2 0.802344 0.428125 0.045000 0.027500
2 0.045703 0.431771 0.023438 0.038750
2 0.362891 0.420312 0.012188 0.013750
2 0.153906 0.434896 0.031875 0.048750
2 0.099219 0.422396 0.015000 0.018750
2 0.564844 0.422396 0.020625 0.021250
2 0.326953 0.445312 0.051562 0.081250
2 0.791406 0.416667 0.018750 0.017500
2 0.576562 0.423438 0.022500 0.036250
2 0.893359 0.432292 0.040313 0.060000
2 0.858203 0.415104 0.006563 0.018750
2 0.813281 0.413021 0.013125 0.013750
2 0.706641 0.419792 0.017813 0.030000
2 0.608984 0.414062 0.017813 0.018750
2 0.029687 0.423958 0.024375 0.042500
2 0.492969 0.413542 0.011250 0.020000
2 0.417187 0.445312 0.080625 0.096250
2 0.181250 0.423958 0.011250 0.045000
2 0.346094 0.416667 0.020625 0.030000
2 0.232813 0.428125 0.058125 0.057500
2 0.014063 0.410938 0.028125 0.016250
2 0.442188 0.410938 0.018750 0.018750
2 0.333984 0.412500 0.008437 0.022500
2 0.885938 0.407813 0.013125 0.013750
2 0.115234 0.411458 0.015938 0.022500
2 0.633984 0.452604 0.072187 0.126250
2 0.169922 0.408333 0.017813 0.022500
2 0.831250 0.423958 0.024375 0.062500
2 0.600000 0.405208 0.020625 0.022500
2 0.338672 0.400000 0.017813 0.010000
2 0.128125 0.407292 0.031875 0.027500
2 0.772266 0.416667 0.047812 0.052500
2 0.741797 0.408333 0.034687 0.035000
2 0.911328 0.400000 0.014063 0.017500
2 0.801172 0.397396 0.012188 0.011250
2 0.521094 0.398438 0.013125 0.013750
2 0.713281 0.400000 0.009375 0.020000
2 0.275000 0.422917 0.039375 0.075000
2 0.634375 0.396354 0.015000 0.016250
2 0.382031 0.401562 0.030000 0.028750
2 0.365234 0.401562 0.032813 0.028750
2 0.905859 0.393229 0.008437 0.013750
2 0.852344 0.393229 0.016875 0.013750
2 0.560156 0.399479 0.016875 0.036250
2 0.201953 0.398958 0.023438 0.042500
2 0.350781 0.388021 0.018750 0.018750
2 0.092188 0.396875 0.022500 0.042500
2 0.676172 0.406771 0.057188 0.068750
2 0.383984 0.382812 0.012188 0.011250
2 0.787500 0.388021 0.018750 0.028750
2 0.768359 0.386979 0.010312 0.026250
2 0.724219 0.382812 0.007500 0.018750
2 0.410156 0.389583 0.024375 0.035000
2 0.652344 0.384896 0.022500 0.028750
2 0.532813 0.401042 0.054375 0.070000
2 0.667969 0.378125 0.015000 0.017500
2 0.601562 0.378646 0.011250 0.018750
2 0.501172 0.385937 0.017813 0.036250
2 0.882812 0.394792 0.054375 0.067500
2 0.753125 0.378646 0.030000 0.028750
2 0.625391 0.381250 0.038437 0.037500
2 0.388672 0.373958 0.015938 0.020000
2 0.794922 0.373437 0.023438 0.021250
2 0.435156 0.370833 0.028125 0.015000
2 0.888281 0.370312 0.015000 0.016250
2 0.513281 0.380729 0.016875 0.041250
2 0.458984 0.407813 0.070312 0.108750
2 0.562891 0.372396 0.019688 0.026250
2 0.096094 0.380208 0.033750 0.045000
2 0.907813 0.367708 0.011250 0.017500
2 0.579688 0.385937 0.031875 0.061250
2 0.398047 0.370312 0.015938 0.023750
2 0.343359 0.365104 0.012188 0.011250
2 0.318359 0.387500 0.051562 0.067500
2 0.964063 0.364583 0.011250 0.015000
2 0.296484 0.373958 0.023438 0.037500
2 0.126953 0.360938 0.014063 0.013750
2 0.127734 0.375000 0.049687 0.047500
2 0.705859 0.376563 0.044062 0.053750
2 0.651172 0.364583 0.021562 0.027500
2 0.815625 0.360417 0.018750 0.020000
2 0.762500 0.362500 0.026250 0.027500
2 0.100391 0.361458 0.019688 0.025000
2 0.028125 0.378125 0.056250 0.065000
2 0.876172 0.357812 0.012188 0.018750
2 0.684375 0.365104 0.024375 0.038750
2 0.357031 0.357292 0.013125 0.020000
2 0.448828 0.357292 0.017813 0.022500
2 0.600781 0.354687 0.018750 0.021250
2 0.348828 0.353125 0.014063 0.017500
2 0.119141 0.348438 0.025312 0.013750
2 0.432031 0.349479 0.018750 0.018750
2 0.568750 0.353125 0.018750 0.030000
2 0.302734 0.348958 0.023438 0.020000
2 0.744922 0.356771 0.015938 0.041250
2 0.578906 0.347917 0.013125 0.020000
2 0.550000 0.355208 0.028125 0.040000
2 0.893359 0.350521 0.038437 0.031250
2 0.383594 0.363542 0.050625 0.065000
2 0.325000 0.350000 0.028125 0.032500
2 0.676953 0.342187 0.014063 0.016250
2 0.373437 0.340104 0.018750 0.013750
2 0.702734 0.343229 0.014063 0.023750
2 0.750000 0.337500 0.016875 0.012500
2 0.735938 0.337500 0.007500 0.015000
2 0.517188 0.355208 0.075000 0.057500
2 0.842578 0.365625 0.068437 0.087500
2 0.471484 0.340625 0.014063 0.027500
2 0.846875 0.334896 0.024375 0.016250
2 0.452734 0.338021 0.008437 0.023750
2 0.578516 0.333854 0.012188 0.021250
2 0.482812 0.342708 0.022500 0.042500
2 0.203125 0.354687 0.033750 0.073750
2 0.655469 0.342187 0.046875 0.046250
2 0.810156 0.328125 0.013125 0.015000
2 0.739453 0.326562 0.015938 0.011250
2 0.093750 0.339062 0.035625 0.041250
2 0.112109 0.327083 0.010312 0.025000
2 0.973047 0.325521 0.012188 0.028750
2 0.942578 0.325000 0.010312 0.027500
2 0.400781 0.342708 0.046875 0.070000
2 0.480859 0.318229 0.025312 0.016250
2 0.963281 0.335417 0.037500 0.060000
2 0.246875 0.364583 0.095625 0.130000
2 0.797266 0.320312 0.015938 0.026250
2 0.529687 0.326562 0.033750 0.041250
2 0.340625 0.333854 0.086250 0.058750
2 0.600000 0.314583 0.011250 0.015000
2 0.593750 0.321354 0.022500 0.041250
2 0.443359 0.309375 0.012188 0.012500
2 0.757422 0.309896 0.014063 0.016250
2 0.674219 0.318229 0.030000 0.036250
2 0.864844 0.320833 0.033750 0.045000
2 0.159766 0.388542 0.090937 0.207500
2 0.698438 0.317188 0.024375 0.041250
2 0.643750 0.313542 0.015000 0.032500
2 0.791797 0.303125 0.014063 0.010000
2 0.391016 0.302083 0.015938 0.007500
2 0.360938 0.315625 0.069375 0.040000
2 0.125000 0.309896 0.020625 0.026250
2 0.805078 0.308333 0.014063 0.025000
2 0.578906 0.309896 0.016875 0.028750
2 0.548438 0.314583 0.024375 0.040000
2 0.894922 0.317188 0.042188 0.048750
2 0.899219 0.306250 0.024375 0.030000
2 0.964844 0.319271 0.022500 0.063750
2 0.852734 0.297917 0.010312 0.015000
2 0.623047 0.331771 0.042188 0.101250
2 0.555078 0.294792 0.014063 0.012500
2 0.286328 0.323958 0.051562 0.082500
2 0.686719 0.296875 0.016875 0.020000
2 0.742188 0.296875 0.033750 0.025000
2 0.825781 0.319792 0.056250 0.082500
2 0.710547 0.294792 0.019688 0.022500
2 0.522656 0.292708 0.009375 0.017500
2 0.837109 0.293229 0.010312 0.028750
2 0.724219 0.321354 0.033750 0.098750
2 0.324219 0.285938 0.011250 0.016250
2 0.193359 0.284896 0.010312 0.016250
2 0.871484 0.292187 0.014063 0.036250
2 0.885156 0.279687 0.016875 0.011250
2 0.899219 0.281771 0.013125 0.018750
2 0.849219 0.281771 0.013125 0.018750
2 0.246484 0.281771 0.025312 0.023750
2 0.288281 0.283854 0.020625 0.031250
2 0.717187 0.279687 0.020625 0.023750
2 0.833594 0.276042 0.013125 0.017500
2 0.789062 0.273438 0.016875 0.011250
2 0.536328 0.279687 0.015938 0.028750
2 0.007500 0.289583 0.015000 0.052500
2 0.261328 0.305729 0.049687 0.108750
2 0.862500 0.279167 0.016875 0.047500
2 0.664844 0.265104 0.015000 0.013750
2 0.544141 0.267188 0.008437 0.018750
2 0.219141 0.293750 0.081562 0.082500
2 0.535156 0.261979 0.015000 0.013750
2 0.704688 0.260937 0.022500 0.013750
2 0.891797 0.262500 0.025312 0.027500
2 0.856250 0.250521 0.013125 0.013750
2 0.767188 0.250521 0.013125 0.016250
2 0.757031 0.271875 0.033750 0.067500
2 0.358594 0.279167 0.144375 0.090000
2 0.179297 0.298438 0.094687 0.138750
2 0.717187 0.250000 0.013125 0.027500
2 0.614844 0.259896 0.015000 0.051250
2 0.356250 0.246354 0.016875 0.018750
2 0.726562 0.245312 0.013125 0.018750
2 0.834375 0.240104 0.009375 0.013750
2 0.965312 0.291146 0.069375 0.141250
2 0.294141 0.235937 0.014063 0.013750
2 0.969531 0.246354 0.033750 0.041250
2 0.862891 0.236458 0.019688 0.017500
2 0.876953 0.246875 0.021562 0.052500
2 0.672656 0.230208 0.011250 0.017500
2 0.653516 0.253125 0.038437 0.072500
2 0.736328 0.250521 0.027187 0.073750
2 0.543359 0.227604 0.014063 0.018750
2 0.558984 0.231771 0.047812 0.036250
2 0.028125 0.258854 0.056250 0.111250
2 0.548047 0.214583 0.010312 0.017500
2 0.862891 0.216146 0.021562 0.026250
2 0.223047 0.213021 0.023438 0.023750
2 0.578516 0.259896 0.105937 0.141250
2 0.621094 0.225521 0.037500 0.061250
2 0.705859 0.204167 0.014063 0.012500
2 0.971094 0.200000 0.013125 0.012500
2 0.567187 0.206250 0.028125 0.027500
2 0.865625 0.198437 0.018750 0.018750
2 0.801953 0.191146 0.015938 0.011250
2 0.624219 0.195833 0.020625 0.022500
2 0.830469 0.191146 0.016875 0.018750
2 0.594531 0.196875 0.022500 0.037500
2 0.842578 0.200000 0.051562 0.055000
2 0.803125 0.179167 0.007500 0.020000
2 0.005625 0.174479 0.011250 0.016250
2 0.838672 0.166146 0.023438 0.026250
2 0.804688 0.159896 0.018750 0.021250
2 0.989687 0.161979 0.020625 0.036250
2 0.456250 0.150521 0.009375 0.021250
2 0.824609 0.159896 0.044062 0.061250
2 0.439453 0.138542 0.025312 0.027500
2 0.456641 0.131250 0.014063 0.017500
2 0.472656 0.117708 0.011250 0.017500
2 0.088672 0.115625 0.014063 0.015000
2 0.991563 0.119792 0.016875 0.030000
2 0.908203 0.109375 0.010312 0.020000
2 0.880078 0.107292 0.008437 0.017500
2 0.546484 0.113021 0.015938 0.036250
2 0.462109 0.114062 0.012188 0.038750
2 0.514062 0.108333 0.016875 0.027500
2 0.019531 0.105729 0.037500 0.028750
2 0.157812 0.096354 0.015000 0.016250
2 0.991094 0.092188 0.017813 0.028750
2 0.805859 0.085417 0.019688 0.020000
2 0.194141 0.074479 0.014063 0.011250
2 0.076172 0.077604 0.017813 0.018750
2 0.939453 0.070312 0.012188 0.013750
2 0.970000 0.130729 0.060000 0.163750
2 0.773047 0.051042 0.012188 0.020000
2 0.267188 0.047396 0.016875 0.021250
2 0.153906 0.063542 0.031875 0.060000
2 0.015938 0.050000 0.031875 0.037500
2 0.496094 0.040625 0.011250 0.020000
2 0.105078 0.034896 0.010312 0.013750
2 0.257812 0.033854 0.013125 0.013750
2 0.745313 0.032292 0.028125 0.022500
2 0.344141 0.027604 0.010312 0.021250
2 0.008984 0.026562 0.014063 0.023750
2 0.005625 0.011979 0.011250 0.016250
2 0.964375 0.045625 0.071250 0.091250
2 0.754687 0.013750 0.028125 0.027500
2 0.667188 0.008125 0.013125 0.016250
2 0.264453 0.021875 0.025312 0.043750
2 0.245312 0.029375 0.035625 0.058750
2 0.232813 0.016250 0.016875 0.032500
2 0.218750 0.010625 0.020625 0.021250
2 0.600000 0.600000 1.000000 1.000000
2 0.126562 0.059375 0.045000 0.118750
2 0.075000 0.075000 0.150000 0.150000
