2 0.458437 0.781016 0.023250 0.043963
2 0.520938 0.754371 0.014250 0.013988
2 0.523125 0.767694 0.079500 0.119900
2 0.549687 0.743131 0.047250 0.082931
2 0.453750 0.719400 0.031500 0.035970
2 0.089625 0.822148 0.179250 0.355704
2 0.551250 0.710241 0.027000 0.037968
2 0.509062 0.686095 0.008250 0.017985
2 0.419063 0.687344 0.035250 0.028976
2 0.595938 0.686511 0.036750 0.072939
2 0.504062 0.639051 0.018750 0.032973
2 0.575313 0.664863 0.047250 0.102914
2 0.355312 0.631141 0.030750 0.041965
2 0.480938 0.648626 0.078750 0.103913
2 0.520000 0.659034 0.108000 0.136886
2 0.391875 0.615737 0.025500 0.050958
2 0.528750 0.593672 0.036000 0.027977
2 0.442500 0.626145 0.036000 0.121898
2 0.625625 0.570774 0.070500 0.050958
2 0.415625 0.562032 0.031500 0.029975
2 0.642813 0.551207 0.012750 0.017985
2 0.670000 0.559534 0.033000 0.043963
2 0.376250 0.572023 0.046500 0.091923
2 0.669687 0.537052 0.008250 0.031973
2 0.602500 0.536636 0.034500 0.036969
2 0.446562 0.552873 0.041250 0.081932
2 0.402187 0.529975 0.024750 0.042964
2 0.362812 0.519567 0.026250 0.041965
2 0.667500 0.506661 0.033000 0.046961
2 0.706250 0.488759 0.022500 0.047960
2 0.536875 0.474604 0.016500 0.019983
2 0.513125 0.442964 0.009000 0.013988
2 0.708125 0.450042 0.033000 0.038968
2 0.430312 0.450874 0.020250 0.044963
2 0.500000 0.514571 0.133500 0.209825
2 0.418438 0.462531 0.057750 0.084929
2 0.681562 0.440883 0.020250 0.044963
2 0.628437 0.424230 0.038250 0.030974
2 0.604688 0.550375 0.206250 0.343714
2 0.480000 0.403414 0.033000 0.034971
2 0.422187 0.401332 0.023250 0.037968
2 0.517813 0.427144 0.098250 0.109908
2 0.400938 0.388010 0.018750 0.041965
2 0.598125 0.388843 0.100500 0.059950
2 0.584688 0.367194 0.024750 0.019983
2 0.545937 0.393006 0.069750 0.085928
2 0.490625 0.363863 0.030000 0.045962
2 0.430000 0.362614 0.040500 0.060949
2 0.399375 0.340966 0.019500 0.044963
2 0.532188 0.341382 0.200250 0.115903
2 0.910375 0.177852 0.179250 0.355704
2 0.231000 0.206328 0.462000 0.412656
