2 0.981563 0.994005 0.008250 0.011990
2 0.940937 0.994005 0.011250 0.011990
2 0.910000 0.992506 0.019500 0.014988
2 0.812187 0.992506 0.011250 0.014988
2 0.351250 0.992923 0.013500 0.012989
2 0.091563 0.992007 0.008250 0.015987
2 0.739688 0.991507 0.015750 0.016986
2 0.011562 0.991007 0.014250 0.017985
2 0.829688 0.990508 0.027750 0.018984
2 0.643125 0.990508 0.031500 0.018984
2 0.152812 0.990508 0.017250 0.018984
2 0.048125 0.989509 0.012000 0.020983
2 0.485000 0.986678 0.013500 0.011990
2 0.166563 0.989009 0.014250 0.021982
2 0.596250 0.988010 0.037500 0.023980
2 0.081875 0.985845 0.012000 0.013988
2 0.384688 0.985012 0.009750 0.013988
2 0.369375 0.986261 0.012000 0.018984
2 0.181875 0.986511 0.016500 0.026978
2 0.923438 0.982098 0.011250 0.012989
2 0.757500 0.986012 0.025500 0.027977
2 0.125000 0.986012 0.039000 0.027977
2 0.951562 0.985012 0.023250 0.029975
2 0.787500 0.985012 0.033000 0.029975
2 0.745000 0.982931 0.009000 0.018984
2 0.053750 0.980017 0.010500 0.011990
2 0.037187 0.982515 0.009750 0.017985
2 0.971250 0.984513 0.028500 0.030974
2 0.840938 0.981266 0.012750 0.016986
2 0.717812 0.985012 0.029250 0.029975
2 0.636563 0.978768 0.008250 0.012989
2 0.564375 0.983514 0.036000 0.032973
2 0.729688 0.974188 0.011250 0.007993
2 0.403438 0.981682 0.024750 0.025978
2 0.336562 0.979184 0.005250 0.019983
2 0.146875 0.977102 0.010500 0.016986
2 0.535625 0.977519 0.006000 0.019983
2 0.089063 0.977102 0.012750 0.020983
2 0.006875 0.974604 0.010500 0.014988
2 0.960000 0.970858 0.010500 0.007993
2 0.934688 0.982098 0.038250 0.034971
2 0.897188 0.980516 0.041250 0.038968
2 0.255625 0.974604 0.010500 0.018984
2 0.615313 0.973356 0.011250 0.017985
2 0.737187 0.980017 0.020250 0.039967
2 0.660625 0.979017 0.031500 0.041965
2 0.168437 0.975437 0.018750 0.024979
2 0.374688 0.968776 0.012750 0.010991
2 0.278438 0.973356 0.018750 0.021982
2 0.457500 0.968776 0.010500 0.012989
2 0.434063 0.975437 0.027750 0.028976
2 0.315937 0.969609 0.012750 0.014988
2 0.205313 0.975853 0.026250 0.029975
2 0.923438 0.970858 0.021750 0.019983
2 0.351250 0.969192 0.012000 0.015987
2 0.241875 0.970025 0.010500 0.019983
2 0.156250 0.970441 0.009000 0.020983
2 0.663750 0.968360 0.015000 0.017985
2 0.335000 0.965029 0.009000 0.009992
2 0.982375 0.976686 0.035250 0.039967
2 0.993625 0.964197 0.012750 0.011990
2 0.834063 0.965445 0.009750 0.014988
2 0.899375 0.965029 0.024000 0.015987
2 0.693750 0.963780 0.012000 0.014988
2 0.011250 0.970025 0.015000 0.031973
2 0.441250 0.963364 0.009000 0.017985
2 0.517500 0.973022 0.036000 0.053955
2 0.724063 0.958784 0.009750 0.010991
2 0.637188 0.969609 0.029250 0.036969
2 0.142500 0.961699 0.013500 0.017985
2 0.865938 0.972023 0.057750 0.055953
2 0.200313 0.957119 0.011250 0.010991
2 0.230000 0.962948 0.012000 0.026978
2 0.165313 0.960033 0.009750 0.019983
2 0.841875 0.956703 0.019500 0.013988
2 0.738437 0.961282 0.023250 0.024979
2 0.641563 0.954621 0.012750 0.008993
2 0.542188 0.955870 0.008250 0.013988
2 0.323437 0.968360 0.021750 0.043963
2 0.881563 0.953789 0.011250 0.012989
2 0.080625 0.963364 0.015000 0.035970
2 0.284687 0.950874 0.012750 0.007993
2 0.400938 0.957119 0.008250 0.024979
2 0.386875 0.950874 0.012000 0.009992
2 0.361875 0.953789 0.006000 0.016986
2 0.772500 0.948793 0.012000 0.008993
2 0.221250 0.948793 0.016500 0.012989
2 0.117188 0.951707 0.015750 0.019983
2 0.035937 0.951707 0.015750 0.019983
2 0.439688 0.949209 0.006750 0.015987
2 0.429375 0.952123 0.012000 0.024979
2 0.273750 0.945462 0.013500 0.008993
2 0.181562 0.959201 0.027750 0.041965
2 0.916875 0.952123 0.031500 0.026978
2 0.819375 0.955870 0.030000 0.035970
2 0.416250 0.952956 0.027000 0.028976
2 0.305625 0.950874 0.016500 0.025978
2 0.158750 0.950042 0.015000 0.023980
2 0.133437 0.944629 0.018750 0.014988
2 0.146875 0.945462 0.013500 0.018984
2 0.941875 0.944213 0.010500 0.017985
2 0.893750 0.946711 0.024000 0.023980
2 0.662188 0.938801 0.009750 0.006994
2 0.329375 0.941715 0.018000 0.013988
2 0.028125 0.961532 0.056250 0.076936
2 0.110625 0.961032 0.063000 0.077935
2 0.635312 0.943797 0.008250 0.022981
2 0.316875 0.940050 0.009000 0.017985
2 0.118750 0.937136 0.007500 0.012989
2 0.813125 0.937552 0.009000 0.015987
2 0.593437 0.954621 0.048750 0.056953
2 0.353750 0.935887 0.010500 0.013988
2 0.780312 0.938385 0.018750 0.021982
2 0.650312 0.947544 0.032250 0.043963
2 0.476562 0.935887 0.005250 0.015987
2 0.425625 0.932973 0.010500 0.010991
2 0.227500 0.937136 0.010500 0.022981
2 0.110312 0.935054 0.014250 0.017985
2 0.969688 0.932556 0.008250 0.013988
2 0.174063 0.934638 0.014250 0.018984
2 0.834375 0.937552 0.015000 0.029975
2 0.343750 0.927560 0.007500 0.009992
2 0.465000 0.925479 0.009000 0.006994
2 0.394062 0.926728 0.011250 0.009992
2 0.949063 0.945878 0.045750 0.057952
2 0.633437 0.926728 0.008250 0.011990
2 0.238750 0.929642 0.016500 0.018984
2 0.820625 0.927144 0.010500 0.014988
2 0.036875 0.927560 0.010500 0.015987
2 0.934375 0.934221 0.012000 0.037968
2 0.882812 0.925062 0.012750 0.015987
2 0.700000 0.928809 0.024000 0.024979
2 0.412813 0.925895 0.017250 0.017985
2 0.160938 0.923813 0.012750 0.014988
2 0.892813 0.929642 0.014250 0.030974
2 0.484063 0.925479 0.023250 0.020983
2 0.196875 0.932556 0.040500 0.039967
2 0.417187 0.918401 0.008250 0.009992
2 0.720313 0.919234 0.017250 0.015987
2 0.208437 0.920483 0.008250 0.022981
2 0.018750 0.927560 0.037500 0.039967
2 0.006750 0.917569 0.013500 0.015987
2 0.960938 0.914654 0.011250 0.010991
2 0.822500 0.915487 0.009000 0.012989
2 0.670625 0.932140 0.022500 0.052956
2 0.408125 0.912573 0.009000 0.007993
2 0.324688 0.914238 0.014250 0.011990
2 0.288125 0.913822 0.007500 0.012989
2 0.914687 0.927144 0.036750 0.046961
2 0.464375 0.912573 0.012000 0.013988
2 0.455937 0.914654 0.008250 0.018984
2 0.980125 0.932973 0.039750 0.064946
2 0.994375 0.914238 0.011250 0.021982
2 0.833438 0.914238 0.012750 0.021982
2 0.482812 0.912573 0.009750 0.019983
2 0.441563 0.915487 0.027750 0.028976
2 0.074063 0.908410 0.012750 0.011990
2 0.306875 0.912157 0.015000 0.022981
2 0.754062 0.907577 0.006750 0.015987
2 0.397500 0.905912 0.012000 0.013988
2 0.164062 0.913405 0.035250 0.031973
2 0.901563 0.905079 0.012750 0.013988
2 0.545000 0.906328 0.007500 0.016986
2 0.099687 0.910908 0.014250 0.027977
2 0.337500 0.907161 0.012000 0.020983
2 0.497812 0.907161 0.012750 0.022981
2 0.238437 0.909659 0.033750 0.028976
2 0.155625 0.902581 0.012000 0.011990
2 0.643437 0.904246 0.008250 0.017985
2 0.145937 0.906744 0.021750 0.023980
2 0.062187 0.902165 0.012750 0.012989
2 0.258125 0.905912 0.024000 0.023980
2 0.328125 0.900083 0.009000 0.011990
2 0.633437 0.904246 0.009750 0.023980
2 0.284062 0.897585 0.017250 0.007993
2 0.010937 0.901749 0.017250 0.019983
2 0.713750 0.903414 0.021000 0.025978
2 0.621563 0.899251 0.017250 0.017985
2 0.205313 0.896753 0.014250 0.011990
2 0.670625 0.899667 0.019500 0.020983
2 0.484375 0.896753 0.007500 0.017985
2 0.429688 0.892590 0.009750 0.009992
2 0.685312 0.892173 0.011250 0.010991
2 0.225312 0.907577 0.030750 0.047960
2 0.522500 0.892590 0.016500 0.013988
2 0.060312 0.891757 0.011250 0.011990
2 0.748125 0.895504 0.009000 0.022981
2 0.490625 0.891757 0.006000 0.013988
2 0.392813 0.894255 0.014250 0.019983
2 0.345000 0.892173 0.006000 0.016986
2 0.272813 0.893006 0.006750 0.020983
2 0.214375 0.886761 0.009000 0.009992
2 0.525625 0.884679 0.015000 0.010991
2 0.925937 0.888426 0.030750 0.023980
2 0.535937 0.886345 0.006750 0.018984
2 0.471875 0.886345 0.022500 0.018984
2 0.751875 0.924563 0.196500 0.150874
2 0.202187 0.882182 0.018750 0.018984
2 0.187188 0.893422 0.041250 0.047960
2 0.757812 0.877186 0.009750 0.010991
2 0.100312 0.886345 0.020250 0.034971
2 0.090000 0.876353 0.007500 0.010991
2 0.033750 0.880100 0.016500 0.019983
2 0.336250 0.878018 0.015000 0.016986
2 0.448125 0.880516 0.009000 0.024979
2 0.132812 0.904663 0.068250 0.082931
2 0.996250 0.873022 0.007500 0.010991
2 0.939250 0.901332 0.121500 0.080933
2 0.407813 0.876769 0.009750 0.021982
2 0.263125 0.874688 0.012000 0.016986
2 0.646250 0.872606 0.010500 0.013988
2 0.492500 0.873439 0.021000 0.015987
2 0.479063 0.873855 0.011250 0.016986
2 0.084062 0.878435 0.012750 0.027977
2 0.254063 0.873439 0.009750 0.017985
2 0.157812 0.872190 0.015750 0.014988
2 0.165313 0.880933 0.014250 0.037968
2 0.515938 0.867194 0.012750 0.008993
2 0.129375 0.873855 0.013500 0.024979
2 0.804375 0.868859 0.015000 0.016986
2 0.739062 0.885928 0.039750 0.057952
2 0.219375 0.865529 0.009000 0.008993
2 0.210313 0.867610 0.011250 0.013988
2 0.458750 0.866778 0.006000 0.015987
2 0.378750 0.865945 0.007500 0.013988
2 0.326562 0.867610 0.014250 0.017985
2 0.234687 0.871357 0.026250 0.026978
2 0.497500 0.865945 0.015000 0.015987
2 0.560000 0.866778 0.015000 0.019983
2 0.117813 0.867610 0.011250 0.021982
2 0.530312 0.867194 0.015750 0.022981
2 0.172813 0.864280 0.008250 0.015987
2 0.885625 0.862198 0.009000 0.012989
2 0.629687 0.865112 0.021750 0.019983
2 0.811562 0.863447 0.018750 0.017985
2 0.165313 0.861366 0.011250 0.012989
2 0.315937 0.863031 0.009750 0.018984
2 0.282813 0.863863 0.023250 0.020983
2 0.244688 0.864696 0.018750 0.022981
2 0.507812 0.860117 0.006750 0.013988
2 0.393125 0.861782 0.010500 0.017985
2 0.699688 0.865945 0.026250 0.029975
2 0.536563 0.856370 0.012750 0.010991
2 0.155312 0.857202 0.009750 0.012989
2 0.791875 0.863447 0.021000 0.029975
2 0.581250 0.856786 0.016500 0.013988
2 0.255312 0.856370 0.011250 0.012989
2 0.715625 0.865945 0.019500 0.039967
2 0.402813 0.858035 0.015750 0.020983
2 0.306875 0.855121 0.013500 0.015987
2 0.229687 0.852623 0.008250 0.009992
2 0.268437 0.856370 0.009750 0.020983
2 0.499063 0.852206 0.011250 0.014988
2 0.380000 0.851790 0.007500 0.013988
2 0.119063 0.850541 0.011250 0.010991
2 0.809375 0.852206 0.018000 0.016986
2 0.009375 0.857619 0.018750 0.031973
2 0.864375 0.903414 0.111000 0.143880
2 0.485312 0.854704 0.017250 0.026978
2 0.451562 0.855121 0.014250 0.027977
2 0.021750 0.868859 0.043500 0.060949
2 0.974063 0.854288 0.023250 0.027977
2 0.574063 0.847211 0.009750 0.010991
2 0.424687 0.851790 0.015750 0.023980
2 0.285625 0.845962 0.009000 0.009992
2 0.170625 0.848460 0.016500 0.017985
2 0.582500 0.844296 0.006000 0.011990
2 0.085625 0.895920 0.069000 0.135887
2 0.019688 0.844296 0.017250 0.011990
2 0.364375 0.843464 0.012000 0.013988
2 0.233125 0.845129 0.015000 0.019983
2 0.983875 0.853872 0.032250 0.042964
2 0.137187 0.850125 0.032250 0.035970
2 0.826250 0.843464 0.025500 0.021982
2 0.420000 0.841382 0.010500 0.016986
2 0.270625 0.839717 0.010500 0.012989
2 0.190312 0.838052 0.009750 0.008993
2 0.841250 0.841382 0.009000 0.020983
2 0.219688 0.847211 0.015750 0.034971
2 0.687187 0.838884 0.014250 0.020983
2 0.574688 0.835137 0.015750 0.011990
2 0.210313 0.843464 0.014250 0.031973
2 0.449688 0.833888 0.014250 0.010991
2 0.408438 0.835137 0.012750 0.013988
2 0.245625 0.835970 0.010500 0.015987
2 0.011562 0.835554 0.009750 0.014988
2 0.537813 0.834305 0.011250 0.013988
2 0.505625 0.835970 0.016500 0.019983
2 0.198750 0.839301 0.015000 0.027977
2 0.974063 0.833888 0.014250 0.020983
2 0.662813 0.833472 0.009750 0.019983
2 0.385937 0.836386 0.035250 0.028976
2 0.317500 0.831391 0.010500 0.016986
2 0.060937 0.830558 0.008250 0.014988
2 0.055625 0.894588 0.075000 0.210824
2 0.475313 0.826811 0.017250 0.007993
2 0.221875 0.826811 0.013500 0.007993
2 0.162812 0.829725 0.006750 0.014988
2 0.145625 0.833472 0.019500 0.023980
2 0.945937 0.831807 0.009750 0.021982
2 0.616875 0.829725 0.013500 0.016986
2 0.459062 0.831391 0.009750 0.020983
2 0.113125 0.830974 0.015000 0.019983
2 0.080312 0.840966 0.033750 0.043963
2 0.877812 0.831391 0.008250 0.022981
2 0.360938 0.828893 0.018750 0.016986
2 0.242812 0.825146 0.012750 0.007993
2 0.530625 0.832639 0.007500 0.027977
2 0.889687 0.828476 0.017250 0.019983
2 0.755938 0.862614 0.063750 0.101915
2 0.100000 0.845129 0.033000 0.061948
2 0.232813 0.825562 0.008250 0.018984
2 0.207813 0.824313 0.011250 0.015987
2 0.025313 0.836803 0.050250 0.045962
2 0.553438 0.831807 0.015750 0.035970
2 0.139375 0.821399 0.013500 0.010991
2 0.775312 0.822648 0.008250 0.015987
2 0.176563 0.831391 0.021750 0.036969
2 0.590938 0.823480 0.018750 0.019983
2 0.380625 0.819317 0.012000 0.009992
2 0.929063 0.819317 0.008250 0.011990
2 0.578438 0.821815 0.023250 0.017985
2 0.921875 0.818901 0.007500 0.012989
2 0.972187 0.817236 0.012750 0.012989
2 0.697812 0.820983 0.015750 0.021982
2 0.835625 0.815154 0.013500 0.009992
2 0.419687 0.814321 0.009750 0.007993
2 0.399687 0.813905 0.011250 0.006994
2 0.096250 0.815570 0.013500 0.010991
2 0.781563 0.814321 0.008250 0.009992
2 0.511250 0.815570 0.009000 0.016986
2 0.570312 0.813905 0.008250 0.016986
2 0.143125 0.811823 0.018000 0.011990
2 0.014375 0.814738 0.022500 0.018984
2 0.453125 0.813905 0.007500 0.018984
2 0.201563 0.810991 0.009750 0.011990
2 0.894687 0.810991 0.008250 0.013988
2 0.752188 0.822648 0.021750 0.041965
2 0.703750 0.847627 0.093000 0.101915
2 0.637813 0.809742 0.014250 0.010991
2 0.886875 0.813905 0.016500 0.022981
2 0.543750 0.808493 0.009000 0.011990
2 0.805625 0.827227 0.087000 0.058951
2 0.808125 0.806411 0.015000 0.010991
2 0.982812 0.817236 0.015750 0.040966
2 0.795000 0.804746 0.010500 0.010991
2 0.131250 0.804330 0.012000 0.009992
2 0.988750 0.820150 0.022500 0.049958
2 0.854062 0.820150 0.027750 0.053955
2 0.449688 0.802664 0.009750 0.011990
2 0.843125 0.808493 0.007500 0.027977
2 0.834375 0.804330 0.015000 0.017985
2 0.580000 0.802248 0.013500 0.012989
2 0.465000 0.806411 0.016500 0.022981
2 0.487500 0.803081 0.021000 0.016986
2 0.742812 0.801832 0.021750 0.015987
2 0.502500 0.800167 0.010500 0.011990
2 0.391250 0.802664 0.010500 0.017985
2 0.294375 0.800583 0.009000 0.012989
2 0.251875 0.803913 0.015000 0.020983
2 0.068125 0.817652 0.033000 0.053955
2 0.781250 0.803913 0.021000 0.022981
2 0.428125 0.802248 0.007500 0.018984
2 0.337187 0.799750 0.008250 0.012989
2 0.216250 0.801832 0.013500 0.017985
2 0.418125 0.801415 0.012000 0.018984
2 0.984375 0.797669 0.009000 0.011990
2 0.124375 0.795587 0.013500 0.008993
2 0.899062 0.825146 0.048750 0.081932
2 0.891563 0.797252 0.009750 0.016986
2 0.805625 0.796420 0.016500 0.014988
2 0.661250 0.796003 0.015000 0.015987
2 0.864375 0.820150 0.028500 0.075937
2 0.227187 0.803497 0.015750 0.035970
2 0.010313 0.798085 0.020250 0.024979
2 0.734688 0.794754 0.026250 0.018984
2 0.286250 0.793505 0.007500 0.017985
2 0.153750 0.791007 0.009000 0.011990
2 0.863750 0.793089 0.016500 0.018984
2 0.544687 0.792256 0.012750 0.016986
2 0.524062 0.792256 0.017250 0.016986
2 0.629375 0.789759 0.010500 0.012989
2 0.139375 0.792256 0.019500 0.020983
2 0.190938 0.796836 0.026250 0.033972
2 0.591562 0.788926 0.009750 0.016986
2 0.658438 0.786012 0.008250 0.013988
2 0.466562 0.788093 0.011250 0.018984
2 0.808125 0.783097 0.012000 0.010991
2 0.531250 0.782681 0.009000 0.009992
2 0.176563 0.785179 0.011250 0.015987
2 0.786875 0.785595 0.012000 0.018984
2 0.816562 0.784346 0.009750 0.017985
2 0.197187 0.784346 0.012750 0.017985
2 0.022500 0.785595 0.012000 0.020983
2 0.558750 0.781848 0.013500 0.013988
2 0.927188 0.782265 0.011250 0.016986
2 0.855000 0.788926 0.028500 0.032973
2 0.379688 0.781016 0.012750 0.013988
2 0.354687 0.778934 0.011250 0.010991
2 0.453125 0.778934 0.009000 0.012989
2 0.229063 0.779767 0.009750 0.014988
2 0.058125 0.781848 0.010500 0.023980
2 0.660312 0.774771 0.014250 0.010991
2 0.574063 0.778102 0.011250 0.018984
2 0.069687 0.782265 0.018750 0.028976
2 0.938438 0.780600 0.014250 0.026978
2 0.344375 0.776853 0.012000 0.017985
2 0.317188 0.772689 0.015750 0.009992
2 0.985000 0.783097 0.030000 0.036969
2 0.939688 0.829309 0.090750 0.147877
2 0.525312 0.771857 0.011250 0.009992
2 0.212188 0.779767 0.026250 0.028976
2 0.512500 0.777269 0.007500 0.026978
2 0.365938 0.772689 0.011250 0.015987
2 0.179688 0.775604 0.021750 0.022981
2 0.102500 0.795171 0.070500 0.069942
2 0.994687 0.769775 0.008250 0.010991
2 0.921250 0.769359 0.012000 0.009992
2 0.556250 0.769359 0.013500 0.009992
2 0.444688 0.768110 0.006750 0.008993
2 0.271250 0.771440 0.010500 0.016986
2 0.986875 0.766861 0.012000 0.007993
2 0.487187 0.774355 0.011250 0.025978
2 0.407187 0.772689 0.011250 0.021982
2 0.424063 0.768526 0.015750 0.013988
2 0.165000 0.788510 0.025500 0.061948
2 0.229375 0.767277 0.013500 0.012989
2 0.133437 0.773522 0.023250 0.027977
2 0.973750 0.766028 0.007500 0.011990
2 0.885000 0.788926 0.025500 0.066944
2 0.645312 0.767277 0.008250 0.014988
2 0.183750 0.766028 0.007500 0.011990
2 0.930312 0.765196 0.005250 0.011990
2 0.285313 0.766861 0.012750 0.015987
2 0.195937 0.764779 0.015750 0.012989
2 0.591875 0.768110 0.013500 0.022981
2 0.261562 0.761032 0.015750 0.007993
2 0.153125 0.761449 0.012000 0.008993
2 0.015000 0.773938 0.030000 0.038968
2 0.734375 0.767694 0.018000 0.025978
2 0.120938 0.773938 0.023250 0.040966
2 0.961250 0.762698 0.019500 0.015987
2 0.827812 0.778518 0.035250 0.057952
2 0.210000 0.760200 0.018000 0.013988
2 0.174375 0.758535 0.013500 0.011990
2 0.797188 0.774771 0.042750 0.052956
2 0.778125 0.758118 0.007500 0.012989
2 0.948438 0.761865 0.015750 0.023980
2 0.358125 0.757286 0.010500 0.012989
2 0.338125 0.758535 0.015000 0.015987
2 0.272813 0.758535 0.014250 0.015987
2 0.390937 0.760200 0.015750 0.021982
2 0.326250 0.756037 0.009000 0.011990
2 0.222812 0.758118 0.014250 0.016986
2 0.610938 0.757286 0.011250 0.016986
2 0.554688 0.757702 0.014250 0.017985
2 0.690625 0.754788 0.013500 0.014988
2 0.642813 0.753539 0.006750 0.011990
2 0.635938 0.755620 0.008250 0.016986
2 0.454062 0.755620 0.008250 0.016986
2 0.164062 0.755620 0.011250 0.016986
2 0.761875 0.782681 0.054000 0.085928
2 0.235000 0.752290 0.007500 0.012989
2 0.990625 0.753122 0.010500 0.016986
2 0.996625 0.751041 0.006750 0.013988
2 0.765938 0.748959 0.008250 0.010991
2 0.562813 0.748127 0.008250 0.010991
2 0.245312 0.750624 0.009750 0.018984
2 0.141563 0.751873 0.006750 0.021982
2 0.965000 0.748959 0.012000 0.016986
2 0.632188 0.744380 0.012750 0.007993
2 0.393437 0.746878 0.017250 0.013988
2 0.171563 0.748127 0.011250 0.016986
2 0.615938 0.748127 0.008250 0.018984
2 0.294063 0.748959 0.009750 0.020983
2 0.973437 0.746461 0.006750 0.016986
2 0.338438 0.744380 0.012750 0.011990
2 0.128125 0.750624 0.024000 0.026978
2 0.094687 0.747294 0.018750 0.018984
2 0.825937 0.749376 0.021750 0.027977
2 0.698125 0.745212 0.019500 0.017985
2 0.656875 0.741049 0.015000 0.007993
2 0.305937 0.741465 0.006750 0.012989
2 0.277813 0.740633 0.009750 0.010991
2 0.133125 0.740216 0.015000 0.009992
2 0.477812 0.742714 0.006750 0.017985
2 0.408438 0.740633 0.012750 0.012989
2 0.096562 0.738968 0.017250 0.010991
2 0.212188 0.741049 0.023250 0.017985
2 0.985000 0.748543 0.030000 0.037968
2 0.714688 0.743963 0.009750 0.028976
2 0.191875 0.747294 0.046500 0.036969
2 0.143750 0.737719 0.009000 0.015987
2 0.624687 0.735221 0.014250 0.011990
2 0.108438 0.752290 0.033750 0.052956
2 0.920937 0.732723 0.008250 0.009992
2 0.460938 0.737302 0.012750 0.020983
2 0.158125 0.736053 0.010500 0.017985
2 0.841250 0.747294 0.021000 0.046961
2 0.441875 0.733555 0.006000 0.013988
2 0.296875 0.735221 0.007500 0.017985
2 0.072813 0.748959 0.041250 0.050958
2 0.636563 0.731474 0.014250 0.012989
2 0.150625 0.732723 0.006000 0.017985
2 0.365625 0.730641 0.012000 0.014988
2 0.333437 0.730225 0.011250 0.013988
2 0.183438 0.728976 0.009750 0.010991
2 0.828125 0.735637 0.018000 0.028976
2 0.594063 0.731474 0.011250 0.020983
2 0.237813 0.733972 0.023250 0.026978
2 0.641563 0.726894 0.012750 0.011990
2 0.582500 0.726894 0.009000 0.011990
2 0.258750 0.732306 0.013500 0.024979
2 0.040625 0.728143 0.009000 0.014988
2 0.206875 0.727727 0.025500 0.015987
2 0.065937 0.727727 0.006750 0.015987
2 0.124063 0.724813 0.011250 0.012989
2 0.401875 0.723564 0.013500 0.011990
2 0.663750 0.725645 0.007500 0.020983
2 0.086250 0.726894 0.010500 0.023980
2 0.803750 0.737302 0.040500 0.050958
2 0.620000 0.722731 0.007500 0.019983
2 0.866875 0.721066 0.012000 0.017985
2 0.681875 0.726894 0.015000 0.033972
2 0.928438 0.721066 0.012750 0.021982
2 0.463750 0.716070 0.012000 0.011990
2 0.005313 0.715654 0.009750 0.010991
2 0.607812 0.714821 0.012750 0.012989
2 0.482187 0.715654 0.008250 0.014988
2 0.630625 0.713572 0.010500 0.011990
2 0.687500 0.714821 0.012000 0.016986
2 0.944063 0.718984 0.012750 0.028976
2 0.495312 0.720233 0.012750 0.031973
2 0.235937 0.715237 0.009750 0.019983
2 0.173437 0.716903 0.012750 0.023980
2 0.813438 0.710241 0.009750 0.009992
2 0.157500 0.715654 0.021000 0.022981
2 0.741563 0.710658 0.012750 0.014988
2 0.618125 0.709409 0.010500 0.011990
2 0.488125 0.711907 0.009000 0.017985
2 0.355312 0.713156 0.015750 0.020983
2 0.709375 0.710241 0.015000 0.017985
2 0.577187 0.708160 0.011250 0.012989
2 0.432500 0.708993 0.009000 0.014988
2 0.310312 0.710241 0.011250 0.017985
2 0.990625 0.717735 0.018750 0.039967
2 0.534687 0.708160 0.020250 0.016986
2 0.402187 0.708576 0.018750 0.017985
2 0.203437 0.707327 0.009750 0.014988
2 0.104063 0.707744 0.011250 0.015987
2 0.015000 0.711907 0.015000 0.025978
2 0.120313 0.709409 0.009750 0.021982
2 0.972187 0.721066 0.042750 0.053955
2 0.729062 0.708576 0.014250 0.023980
2 0.243125 0.703164 0.013500 0.010991
2 0.345000 0.710241 0.034500 0.029975
2 0.137500 0.716903 0.028500 0.045962
2 0.699375 0.702331 0.007500 0.012989
2 0.494063 0.700666 0.015750 0.012989
2 0.166250 0.699001 0.009000 0.008993
2 0.552188 0.701915 0.015750 0.019983
2 0.005250 0.703580 0.010500 0.023980
2 0.580937 0.698168 0.008250 0.012989
2 0.108438 0.698168 0.008250 0.012989
2 0.746250 0.696087 0.016500 0.009992
2 0.850625 0.700250 0.015000 0.021982
2 0.677813 0.701082 0.017250 0.023980
2 0.429375 0.696503 0.009000 0.012989
2 0.395937 0.698168 0.014250 0.018984
2 0.334062 0.696919 0.014250 0.017985
2 0.224062 0.699417 0.020250 0.023980
2 0.095625 0.692756 0.016500 0.007993
2 0.513437 0.694005 0.015750 0.012989
2 0.209687 0.697336 0.015750 0.020983
2 0.165937 0.691091 0.014250 0.007993
2 0.597812 0.697336 0.012750 0.026978
2 0.197500 0.692756 0.012000 0.017985
2 0.988375 0.691507 0.023250 0.016986
2 0.187188 0.702748 0.038250 0.045962
2 0.132500 0.691923 0.027000 0.019983
2 0.058438 0.691507 0.011250 0.018984
2 0.782813 0.686928 0.008250 0.009992
2 0.236563 0.686095 0.009750 0.007993
2 0.690937 0.693172 0.011250 0.026978
2 0.582500 0.685679 0.012000 0.008993
2 0.528750 0.688177 0.013500 0.014988
2 0.116875 0.686511 0.019500 0.010991
2 0.922500 0.692756 0.013500 0.027977
2 0.299375 0.688177 0.012000 0.016986
2 0.538438 0.689842 0.012750 0.022981
2 0.321250 0.692340 0.018000 0.028976
2 0.603437 0.686095 0.014250 0.017985
2 0.553438 0.683181 0.008250 0.010991
2 0.217500 0.682348 0.012000 0.008993
2 0.995500 0.683597 0.009000 0.013988
2 0.150312 0.688177 0.020250 0.026978
2 0.436563 0.682348 0.015750 0.016986
2 0.682500 0.678601 0.010500 0.009992
2 0.372812 0.681099 0.014250 0.015987
2 0.898750 0.731890 0.130500 0.139883
2 0.756875 0.682764 0.019500 0.021982
2 0.291875 0.676936 0.007500 0.007993
2 0.363750 0.684430 0.016500 0.027977
2 0.721250 0.678601 0.009000 0.015987
2 0.101250 0.678601 0.015000 0.021982
2 0.249375 0.675271 0.006000 0.015987
2 0.081562 0.672356 0.006750 0.010991
2 0.906563 0.673189 0.009750 0.014988
2 0.702812 0.673605 0.009750 0.015987
2 0.570312 0.673189 0.008250 0.014988
2 0.917188 0.674438 0.012750 0.019983
2 0.628750 0.669442 0.007500 0.009992
2 0.620000 0.672773 0.007500 0.017985
2 0.598437 0.671107 0.014250 0.013988
2 0.610938 0.671107 0.008250 0.015987
2 0.655312 0.667777 0.009750 0.011990
2 0.225625 0.671940 0.024000 0.021982
2 0.180312 0.672773 0.018750 0.023980
2 0.988375 0.672773 0.023250 0.025978
2 0.481250 0.665695 0.009000 0.008993
2 0.231875 0.667361 0.012000 0.012989
2 0.138750 0.665695 0.010500 0.008993
2 0.434688 0.667361 0.011250 0.016986
2 0.898125 0.674022 0.027000 0.034971
2 0.349687 0.670275 0.024750 0.025978
2 0.311563 0.665279 0.009750 0.013988
2 0.035937 0.665695 0.021750 0.014988
2 0.664687 0.662365 0.011250 0.008993
2 0.156875 0.672773 0.030000 0.033972
2 0.444375 0.664863 0.006000 0.016986
2 0.070312 0.663614 0.008250 0.015987
2 0.637813 0.660283 0.008250 0.011990
2 0.557500 0.661948 0.016500 0.015987
2 0.406875 0.664446 0.013500 0.021982
2 0.204063 0.665279 0.015750 0.023980
2 0.684375 0.659034 0.010500 0.010991
2 0.527500 0.659450 0.010500 0.011990
2 0.511563 0.662365 0.023250 0.020983
2 0.356875 0.659867 0.018000 0.014988
2 0.171875 0.657369 0.007500 0.010991
2 0.764062 0.657369 0.009750 0.014988
2 0.180625 0.659034 0.012000 0.018984
2 0.436563 0.654455 0.012750 0.009992
2 0.815312 0.658618 0.014250 0.021982
2 0.600625 0.656120 0.012000 0.015987
2 0.149375 0.653622 0.010500 0.009992
2 0.859062 0.661532 0.039750 0.032973
2 0.256875 0.653622 0.009000 0.013988
2 0.003375 0.651957 0.006750 0.011990
2 0.996250 0.652373 0.007500 0.014988
2 0.720625 0.652789 0.009000 0.015987
2 0.282500 0.651540 0.013500 0.012989
2 0.750938 0.650708 0.006750 0.012989
2 0.323437 0.650291 0.008250 0.011990
2 0.301875 0.651124 0.009000 0.013988
2 0.058125 0.652789 0.009000 0.019983
2 0.982187 0.652373 0.012750 0.020983
2 0.929375 0.647794 0.016500 0.011990
2 0.945312 0.656120 0.038250 0.033972
2 0.776875 0.647377 0.007500 0.012989
2 0.245625 0.646961 0.010500 0.011990
2 0.186562 0.647794 0.018750 0.017985
2 0.145313 0.645296 0.006750 0.011990
2 0.216250 0.646128 0.013500 0.015987
2 0.703438 0.647377 0.008250 0.020983
2 0.558750 0.645296 0.006000 0.015987
2 0.166250 0.650708 0.025500 0.028976
2 0.884687 0.659450 0.032250 0.051957
2 0.807500 0.646545 0.013500 0.020983
2 0.534375 0.641549 0.006000 0.010991
2 0.201563 0.641549 0.014250 0.010991
2 0.007812 0.642381 0.008250 0.016986
2 0.114375 0.645296 0.015000 0.025978
2 0.102188 0.642798 0.015750 0.019983
2 0.475938 0.638634 0.009750 0.011990
2 0.936250 0.637802 0.010500 0.011990
2 0.542813 0.640300 0.008250 0.017985
2 0.838125 0.635720 0.010500 0.010991
2 0.572812 0.640716 0.012750 0.022981
2 0.150938 0.639051 0.011250 0.022981
2 0.590000 0.637802 0.013500 0.021982
2 0.185625 0.632806 0.016500 0.009992
2 0.737187 0.634888 0.006750 0.018984
2 0.198125 0.631141 0.009000 0.009992
2 0.994000 0.635304 0.012000 0.021982
2 0.982500 0.634055 0.010500 0.018984
2 0.951562 0.679017 0.066750 0.126894
2 0.434688 0.629059 0.014250 0.008993
2 0.815312 0.628643 0.011250 0.009992
2 0.385937 0.647377 0.036750 0.054954
2 0.224688 0.628226 0.015750 0.010991
2 0.447500 0.634888 0.028500 0.028976
2 0.129688 0.652789 0.032250 0.071940
2 0.643750 0.630724 0.010500 0.020983
2 0.390937 0.627810 0.012750 0.013988
2 0.070000 0.629892 0.015000 0.020983
2 0.244062 0.630308 0.015750 0.023980
2 0.130625 0.625312 0.010500 0.011990
2 0.865000 0.634888 0.027000 0.036969
2 0.799375 0.626978 0.007500 0.019983
2 0.782500 0.625312 0.028500 0.015987
2 0.659687 0.620316 0.011250 0.007993
2 0.080625 0.620316 0.013500 0.013988
2 0.086563 0.648626 0.083250 0.081932
2 0.876563 0.618651 0.008250 0.011990
2 0.642813 0.617818 0.014250 0.009992
2 0.095937 0.626561 0.029250 0.030974
2 0.734375 0.616986 0.016500 0.011990
2 0.574375 0.617818 0.013500 0.013988
2 0.139063 0.620733 0.015750 0.020983
2 0.465625 0.616153 0.012000 0.011990
2 0.070125 0.717735 0.140250 0.257785
2 0.670312 0.616153 0.009750 0.015987
2 0.492500 0.616570 0.010500 0.016986
2 0.119688 0.621149 0.026250 0.029975
2 0.686250 0.617818 0.007500 0.025978
2 0.655312 0.615321 0.011250 0.021982
2 0.579688 0.610741 0.009750 0.010991
2 0.454375 0.618651 0.021000 0.029975
2 0.162188 0.622398 0.044250 0.038968
2 0.870000 0.611157 0.018000 0.013988
2 0.596250 0.611574 0.013500 0.016986
2 0.304063 0.621149 0.032250 0.041965
2 0.091563 0.609908 0.009750 0.014988
2 0.753125 0.613239 0.010500 0.024979
2 0.647813 0.606994 0.011250 0.011990
2 0.165937 0.612823 0.015750 0.025978
2 0.774062 0.610741 0.008250 0.022981
2 0.507812 0.614072 0.024750 0.030974
2 0.287813 0.608243 0.015750 0.016986
2 0.478125 0.629475 0.043500 0.069942
2 0.406250 0.629475 0.049500 0.069942
2 0.228437 0.611990 0.032250 0.027977
2 0.991750 0.609492 0.016500 0.027977
2 0.763125 0.604913 0.013500 0.018984
2 0.156250 0.602415 0.013500 0.012989
2 0.903125 0.609076 0.028500 0.030974
2 0.791875 0.599917 0.009000 0.008993
2 0.584063 0.600749 0.012750 0.010991
2 0.443437 0.610325 0.033750 0.033972
2 0.421875 0.599917 0.009000 0.008993
2 0.232500 0.599917 0.009000 0.008993
2 0.222500 0.602831 0.013500 0.015987
2 0.199687 0.618235 0.042750 0.052956
2 0.115000 0.601998 0.021000 0.013988
2 0.478438 0.603664 0.018750 0.019983
2 0.949063 0.616153 0.080250 0.051957
2 0.640000 0.597835 0.015000 0.007993
2 0.625938 0.600333 0.009750 0.013988
2 0.250312 0.600333 0.014250 0.015987
2 0.683750 0.599917 0.010500 0.016986
2 0.784375 0.597002 0.010500 0.011990
2 0.040000 0.597835 0.012000 0.013988
2 0.024375 0.603664 0.024000 0.027977
2 0.520000 0.599084 0.012000 0.020983
2 0.364687 0.597835 0.009750 0.017985
2 0.530000 0.594505 0.010500 0.013988
2 0.324062 0.592423 0.008250 0.010991
2 0.449062 0.590341 0.009750 0.007993
2 0.396875 0.591590 0.007500 0.010991
2 0.537500 0.590758 0.006000 0.012989
2 0.314688 0.596586 0.017250 0.026978
2 0.170625 0.592839 0.010500 0.017985
2 0.056563 0.592839 0.008250 0.017985
2 0.769062 0.589509 0.023250 0.011990
2 0.337813 0.599917 0.035250 0.036969
2 0.858437 0.588260 0.012750 0.010991
2 0.436250 0.592423 0.021000 0.022981
2 0.822187 0.592839 0.026250 0.025978
2 0.646875 0.587427 0.007500 0.012989
2 0.627500 0.588676 0.016500 0.015987
2 0.830313 0.582848 0.011250 0.007993
2 0.701562 0.587843 0.008250 0.019983
2 0.203750 0.589509 0.021000 0.023980
2 0.349062 0.586595 0.008250 0.018984
2 0.313125 0.581182 0.010500 0.007993
2 0.597500 0.582015 0.016500 0.011990
2 0.013875 0.607410 0.027750 0.072939
2 0.615938 0.582848 0.015750 0.015987
2 0.900625 0.588676 0.031500 0.031973
2 0.750313 0.581182 0.009750 0.013988
2 0.738750 0.581182 0.013500 0.013988
2 0.147187 0.589092 0.039750 0.032973
2 0.930625 0.581182 0.006000 0.015987
2 0.780312 0.581182 0.008250 0.015987
2 0.450000 0.579933 0.013500 0.012989
2 0.336250 0.584097 0.015000 0.022981
2 0.574375 0.579101 0.015000 0.012989
2 0.073438 0.579933 0.008250 0.014988
2 0.524062 0.581182 0.009750 0.019983
2 0.949063 0.587843 0.050250 0.037968
2 0.428750 0.577435 0.007500 0.012989
2 0.350313 0.577435 0.011250 0.012989
2 0.708750 0.579101 0.016500 0.022981
2 0.180938 0.574938 0.018750 0.012989
2 0.168437 0.577435 0.009750 0.020983
2 0.858437 0.573689 0.009750 0.013988
2 0.629062 0.572856 0.008250 0.011990
2 0.326250 0.574105 0.015000 0.014988
2 0.213438 0.575770 0.012750 0.018984
2 0.688438 0.572856 0.009750 0.013988
2 0.227500 0.577852 0.022500 0.027977
2 0.740313 0.570358 0.011250 0.011990
2 0.546875 0.570358 0.015000 0.011990
2 0.596250 0.571191 0.012000 0.015987
2 0.456875 0.569525 0.012000 0.011990
2 0.663750 0.569942 0.006000 0.014988
2 0.444375 0.569942 0.012000 0.016986
2 0.317812 0.568276 0.011250 0.012989
2 0.888437 0.568276 0.009750 0.014988
2 0.756875 0.567444 0.007500 0.012989
2 0.784062 0.566195 0.012750 0.013988
2 0.634687 0.564113 0.008250 0.008993
2 0.951875 0.564530 0.009000 0.011990
2 0.894687 0.568693 0.008250 0.023980
2 0.380625 0.564946 0.016500 0.016986
2 0.094062 0.570358 0.015750 0.029975
2 0.872188 0.569109 0.021750 0.028976
2 0.405938 0.560783 0.014250 0.008993
2 0.685000 0.562448 0.012000 0.014988
2 0.656250 0.562032 0.009000 0.013988
2 0.465625 0.562448 0.010500 0.014988
2 0.860625 0.560366 0.018000 0.011990
2 0.667813 0.559950 0.008250 0.010991
2 0.347187 0.561615 0.012750 0.014988
2 0.184375 0.558285 0.010500 0.008993
2 0.969375 0.558701 0.009000 0.011990
2 0.254375 0.562448 0.010500 0.020983
2 0.783125 0.555371 0.012000 0.005995
2 0.356875 0.559117 0.007500 0.016986
2 0.115625 0.556619 0.018000 0.010991
2 0.804063 0.556203 0.011250 0.013988
2 0.481563 0.577852 0.057750 0.065945
2 0.468750 0.553289 0.010500 0.008993
2 0.945000 0.554122 0.016500 0.016986
2 0.831562 0.553289 0.009750 0.014988
2 0.222500 0.553289 0.006000 0.014988
2 0.908125 0.563697 0.019500 0.041965
2 0.459688 0.553705 0.015750 0.019983
2 0.058750 0.549958 0.010500 0.010991
2 0.402500 0.552456 0.022500 0.018984
2 0.212812 0.554954 0.015750 0.024979
2 0.200937 0.558285 0.008250 0.032973
2 0.104063 0.547877 0.015750 0.007993
2 0.716875 0.550375 0.016500 0.015987
2 0.424375 0.565362 0.034500 0.051957
2 0.106563 0.579517 0.114750 0.089925
2 0.633437 0.548293 0.015750 0.020983
2 0.671250 0.544130 0.009000 0.012989
2 0.171563 0.549542 0.023250 0.025978
2 0.963125 0.559117 0.025500 0.050958
2 0.460938 0.541216 0.014250 0.007993
2 0.357812 0.552456 0.033750 0.034971
2 0.792813 0.541632 0.011250 0.010991
2 0.123750 0.538301 0.010500 0.010991
2 0.832812 0.538718 0.011250 0.013988
2 0.628437 0.538301 0.008250 0.012989
2 0.230937 0.537885 0.012750 0.011990
2 0.070312 0.559534 0.063750 0.063947
2 0.619687 0.538301 0.009750 0.014988
2 0.742188 0.539967 0.014250 0.020983
2 0.565937 0.534138 0.008250 0.010991
2 0.100000 0.534138 0.012000 0.012989
2 0.015938 0.536220 0.018750 0.019983
2 0.151562 0.534971 0.021750 0.018984
2 0.992500 0.536636 0.013500 0.026978
2 0.980125 0.563697 0.039750 0.091923
2 0.836562 0.529142 0.012750 0.008993
2 0.169063 0.531640 0.009750 0.014988
2 0.197813 0.530391 0.009750 0.013988
2 0.111875 0.535387 0.019500 0.027977
2 0.654375 0.531224 0.006000 0.019983
2 0.930937 0.529975 0.015750 0.018984
2 0.785312 0.529142 0.005250 0.016986
2 0.639375 0.529975 0.013500 0.018984
2 0.217188 0.532889 0.018750 0.025978
2 0.157812 0.529142 0.014250 0.016986
2 0.385313 0.528310 0.008250 0.016986
2 0.200000 0.534971 0.021000 0.032973
2 0.498750 0.550375 0.060000 0.071940
2 0.609688 0.527477 0.012750 0.018984
2 0.237813 0.539134 0.021750 0.046961
2 0.090313 0.525396 0.009750 0.015987
2 0.766875 0.528726 0.015000 0.031973
2 0.311250 0.555787 0.088500 0.096919
2 0.005625 0.524563 0.010500 0.021982
2 0.743750 0.521232 0.025500 0.017985
2 0.621250 0.519983 0.024000 0.014988
2 0.151250 0.519983 0.007500 0.014988
2 0.095625 0.520816 0.013500 0.016986
2 0.068437 0.532889 0.039750 0.045962
2 0.825000 0.516653 0.012000 0.008993
2 0.172187 0.519151 0.011250 0.014988
2 0.774062 0.516653 0.011250 0.010991
2 0.350625 0.520400 0.006000 0.019983
2 0.812187 0.515404 0.014250 0.009992
2 0.661563 0.517069 0.018750 0.013988
2 0.394375 0.520816 0.024000 0.022981
2 0.209687 0.515820 0.006750 0.010991
2 0.508750 0.522065 0.015000 0.029975
2 0.053125 0.515820 0.006000 0.014988
2 0.925000 0.549542 0.057000 0.097918
2 0.713125 0.513322 0.010500 0.010991
2 0.418750 0.523314 0.033000 0.038968
2 0.595000 0.511241 0.006000 0.011990
2 0.123750 0.523730 0.022500 0.041965
2 0.798125 0.509575 0.010500 0.009992
2 0.218750 0.509992 0.013500 0.010991
2 0.187500 0.523314 0.024000 0.044963
2 0.087188 0.508743 0.008250 0.009992
2 0.163438 0.512906 0.020250 0.021982
2 0.641563 0.507910 0.011250 0.011990
2 0.233125 0.511241 0.018000 0.021982
2 0.526875 0.504580 0.015000 0.007993
2 0.628750 0.504996 0.010500 0.010991
2 0.578125 0.506661 0.009000 0.014988
2 0.312500 0.512073 0.046500 0.027977
2 0.201563 0.512073 0.015750 0.027977
2 0.539062 0.505828 0.005250 0.014988
2 0.673438 0.511241 0.009750 0.031973
2 0.080625 0.507077 0.018000 0.025978
2 0.536875 0.534555 0.060000 0.095920
2 0.181562 0.508326 0.018750 0.034971
2 0.698438 0.507910 0.021750 0.035970
2 0.244688 0.497918 0.009750 0.011990
2 0.857812 0.497502 0.014250 0.012989
2 0.812813 0.500416 0.014250 0.021982
2 0.754062 0.495837 0.009750 0.010991
2 0.039688 0.496669 0.011250 0.012989
2 0.740938 0.492090 0.008250 0.011990
2 0.231563 0.494172 0.011250 0.016986
2 0.621563 0.492506 0.011250 0.014988
2 0.461250 0.517485 0.085500 0.076936
2 0.672813 0.488343 0.014250 0.010991
2 0.426563 0.492090 0.033750 0.019983
2 0.080312 0.489592 0.009750 0.013988
2 0.021750 0.504580 0.043500 0.049958
2 0.451875 0.500833 0.027000 0.042964
2 0.591875 0.485429 0.010500 0.009992
2 0.912188 0.502082 0.029250 0.051957
2 0.731875 0.491674 0.012000 0.026978
2 0.682187 0.485012 0.014250 0.010991
2 0.655000 0.486678 0.009000 0.014988
2 0.393125 0.484596 0.007500 0.009992
2 0.718437 0.492090 0.017250 0.029975
2 0.746250 0.482098 0.012000 0.009992
2 0.632500 0.482515 0.021000 0.010991
2 0.994375 0.480017 0.011250 0.006994
2 0.399062 0.492923 0.027750 0.037968
2 0.539687 0.484180 0.006750 0.018984
2 0.822812 0.482931 0.011250 0.019983
2 0.011875 0.480849 0.010500 0.014988
2 0.563750 0.500833 0.022500 0.064946
2 0.372188 0.567444 0.131250 0.224813
2 0.614062 0.477102 0.015750 0.009992
2 0.837812 0.476686 0.008250 0.010991
2 0.310000 0.487510 0.061500 0.036969
2 0.124375 0.500833 0.079500 0.068943
2 0.424063 0.476270 0.009750 0.011990
2 0.139063 0.478351 0.009750 0.016986
2 0.276250 0.475437 0.007500 0.011990
2 0.738125 0.474604 0.012000 0.011990
2 0.682813 0.473356 0.012750 0.008993
2 0.989688 0.472939 0.015750 0.009992
2 0.583438 0.473356 0.006750 0.012989
2 0.224688 0.473772 0.009750 0.015987
2 0.779062 0.471274 0.014250 0.011990
2 0.546875 0.472107 0.009000 0.013988
2 0.636250 0.471274 0.009000 0.013988
2 0.894687 0.473772 0.006750 0.023980
2 0.527813 0.470441 0.011250 0.015987
2 0.217188 0.479600 0.018750 0.037968
2 0.031125 0.530391 0.062250 0.159867
2 0.150938 0.469609 0.020250 0.015987
2 0.538125 0.465862 0.007500 0.010991
2 0.505625 0.478768 0.024000 0.041965
2 0.410938 0.469609 0.012750 0.019983
2 0.378125 0.477935 0.028500 0.039967
2 0.135625 0.465029 0.007500 0.008993
2 0.647188 0.466278 0.012750 0.013988
2 0.512500 0.465862 0.007500 0.014988
2 0.029687 0.476270 0.024750 0.041965
2 0.691875 0.466694 0.009000 0.020983
2 0.066250 0.483347 0.033000 0.060949
2 0.477500 0.473772 0.034500 0.039967
2 0.206563 0.464613 0.014250 0.017985
2 0.618750 0.464197 0.010500 0.018984
2 0.091875 0.481266 0.045000 0.061948
2 0.989375 0.461282 0.018000 0.015987
2 0.147500 0.459201 0.019500 0.010991
2 0.743125 0.458784 0.009000 0.011990
2 0.660625 0.458368 0.006000 0.010991
2 0.401875 0.459617 0.013500 0.013988
2 0.056875 0.460866 0.012000 0.016986
2 0.770312 0.458784 0.006750 0.013988
2 0.336875 0.463364 0.013500 0.024979
2 0.218750 0.459201 0.007500 0.014988
2 0.124688 0.457535 0.012750 0.010991
2 0.437188 0.457119 0.015750 0.011990
2 0.117500 0.463364 0.013500 0.028976
2 0.196875 0.455454 0.009000 0.013988
2 0.941875 0.467111 0.016500 0.045962
2 0.703438 0.455037 0.012750 0.018984
2 0.169063 0.466694 0.030750 0.046961
2 0.913438 0.452956 0.009750 0.015987
2 0.679063 0.452540 0.008250 0.014988
2 0.233125 0.457535 0.012000 0.026978
2 0.725625 0.454621 0.010500 0.021982
2 0.133437 0.452123 0.020250 0.017985
2 0.601875 0.448793 0.024000 0.011990
2 0.755625 0.451291 0.018000 0.019983
2 0.359063 0.452123 0.018750 0.021982
2 0.638750 0.449625 0.006000 0.017985
2 0.990625 0.447127 0.010500 0.013988
2 0.375625 0.450458 0.019500 0.023980
2 0.223750 0.447127 0.016500 0.015987
2 0.087188 0.451707 0.042750 0.026978
2 0.713750 0.450874 0.013500 0.030974
2 0.063125 0.445046 0.009000 0.016986
2 0.807500 0.440883 0.010500 0.008993
2 0.674687 0.440466 0.009750 0.007993
2 0.479687 0.447127 0.020250 0.023980
2 0.282813 0.494172 0.092250 0.136886
2 0.094375 0.442548 0.012000 0.012989
2 0.393125 0.457119 0.022500 0.049958
2 0.245938 0.443381 0.006750 0.016986
2 0.148438 0.440466 0.009750 0.009992
2 0.206250 0.443381 0.012000 0.018984
2 0.084687 0.440883 0.011250 0.012989
2 0.027500 0.447960 0.033000 0.029975
2 0.818750 0.441299 0.007500 0.015987
2 0.072500 0.439634 0.009000 0.011990
2 0.791562 0.440050 0.012750 0.014988
2 0.990000 0.436719 0.012000 0.010991
2 0.114687 0.443797 0.021750 0.027977
2 0.011250 0.455870 0.022500 0.056953
2 0.519375 0.437136 0.010500 0.013988
2 0.876563 0.437968 0.014250 0.021982
2 0.432500 0.434638 0.009000 0.013988
2 0.207500 0.436303 0.025500 0.017985
2 0.669375 0.434221 0.006000 0.016986
2 0.364375 0.434638 0.018000 0.017985
2 0.322813 0.442132 0.029250 0.035970
2 0.025625 0.433805 0.031500 0.015987
2 0.500938 0.431724 0.020250 0.012989
2 0.458125 0.431724 0.013500 0.014988
2 0.221562 0.428393 0.014250 0.008993
2 0.737500 0.429642 0.015000 0.013988
2 0.154688 0.427977 0.011250 0.009992
2 0.073438 0.431307 0.021750 0.017985
2 0.748437 0.430475 0.006750 0.017985
2 0.191875 0.428393 0.009000 0.012989
2 0.772813 0.431307 0.011250 0.025978
2 0.576562 0.428393 0.014250 0.020983
2 0.514687 0.425895 0.012750 0.014988
2 0.042813 0.440883 0.018750 0.050958
2 0.824688 0.424646 0.017250 0.015987
2 0.167187 0.424230 0.011250 0.014988
2 0.355000 0.426728 0.009000 0.022981
2 0.239687 0.422981 0.012750 0.015987
2 0.006750 0.425895 0.013500 0.022981
2 0.798750 0.426728 0.010500 0.026978
2 0.301563 0.420067 0.015750 0.012989
2 0.560312 0.437968 0.045750 0.057952
2 0.124375 0.420483 0.010500 0.017985
2 0.725938 0.418818 0.011250 0.015987
2 0.095625 0.423397 0.022500 0.026978
2 0.651563 0.417569 0.012750 0.014988
2 0.450000 0.420899 0.042000 0.022981
2 0.770000 0.413822 0.016500 0.009992
2 0.435000 0.415071 0.007500 0.012989
2 0.345938 0.427977 0.018750 0.043963
2 0.982375 0.428393 0.035250 0.046961
2 0.460000 0.412573 0.012000 0.008993
2 0.953438 0.415071 0.009750 0.016986
2 0.906875 0.412157 0.007500 0.009992
2 0.078750 0.417152 0.015000 0.021982
2 0.605938 0.412989 0.009750 0.015987
2 0.710938 0.417152 0.014250 0.027977
2 0.539687 0.414654 0.030750 0.021982
2 0.549063 0.408826 0.014250 0.009992
2 0.278438 0.415487 0.033750 0.025978
2 0.118125 0.425062 0.027000 0.048959
2 0.677188 0.408410 0.011250 0.010991
2 0.185938 0.440050 0.032250 0.086928
2 0.483125 0.429226 0.051000 0.062948
2 0.372812 0.412157 0.012750 0.021982
2 0.202500 0.414238 0.009000 0.026978
2 0.140313 0.416320 0.012750 0.031973
2 0.035312 0.415071 0.030750 0.030974
2 0.783438 0.408826 0.011250 0.017985
2 0.590938 0.414238 0.027750 0.030974
2 0.894687 0.426728 0.035250 0.064946
2 0.803750 0.405912 0.012000 0.014988
2 0.087500 0.406328 0.013500 0.015987
2 0.665937 0.405495 0.011250 0.015987
2 0.216875 0.407577 0.024000 0.022981
2 0.129062 0.406328 0.014250 0.021982
2 0.108125 0.407577 0.013500 0.024979
2 0.962187 0.403414 0.014250 0.016986
2 0.820625 0.403830 0.015000 0.019983
2 0.150938 0.403830 0.006750 0.019983
2 0.027187 0.406744 0.014250 0.026978
2 0.701562 0.402581 0.009750 0.018984
2 0.159688 0.403830 0.012750 0.021982
2 0.177813 0.401332 0.024750 0.017985
2 0.975625 0.396336 0.012000 0.011990
2 0.165000 0.397169 0.012000 0.013988
2 0.205000 0.396753 0.021000 0.014988
2 0.987812 0.405079 0.020250 0.036969
2 0.671250 0.394671 0.012000 0.011990
2 0.964688 0.393838 0.009750 0.011990
2 0.085938 0.397169 0.020250 0.019983
2 0.614062 0.395504 0.012750 0.017985
2 0.911250 0.394255 0.013500 0.016986
2 0.903750 0.393006 0.012000 0.013988
2 0.542500 0.394255 0.012000 0.016986
2 0.349687 0.395504 0.027750 0.019983
2 0.220000 0.392173 0.013500 0.013988
2 0.993250 0.397169 0.013500 0.027977
2 0.760000 0.393838 0.009000 0.019983
2 0.598750 0.390924 0.006000 0.012989
2 0.569063 0.395087 0.011250 0.022981
2 0.560312 0.396753 0.020250 0.026978
2 0.419063 0.430891 0.093750 0.108909
2 0.135937 0.385096 0.008250 0.008993
2 0.099687 0.393006 0.018750 0.027977
2 0.795937 0.388426 0.012750 0.018984
2 0.736563 0.383847 0.012750 0.007993
2 0.199063 0.387594 0.006750 0.016986
2 0.117188 0.389675 0.033750 0.021982
2 0.631563 0.386345 0.009750 0.017985
2 0.530625 0.382598 0.007500 0.012989
2 0.831250 0.386761 0.007500 0.026978
2 0.263750 0.394255 0.075000 0.044963
2 0.018750 0.400083 0.037500 0.058951
2 0.942500 0.380516 0.012000 0.013988
2 0.235313 0.381349 0.009750 0.015987
2 0.656563 0.378435 0.012750 0.010991
2 0.320312 0.401749 0.041250 0.068943
2 0.366563 0.385512 0.042750 0.031973
2 0.261562 0.377602 0.026250 0.012989
2 0.979375 0.379684 0.016500 0.021982
2 0.497500 0.392173 0.058500 0.051957
2 0.144687 0.380516 0.015750 0.023980
2 0.670312 0.375520 0.015750 0.013988
2 0.520938 0.375520 0.014250 0.013988
2 0.770938 0.375104 0.009750 0.014988
2 0.092188 0.373439 0.009750 0.010991
2 0.280000 0.375104 0.007500 0.016986
2 0.154062 0.373855 0.014250 0.013988
2 0.023125 0.372190 0.009000 0.011990
2 0.702500 0.373855 0.012000 0.017985
2 0.497188 0.370525 0.009750 0.011990
2 0.067812 0.392590 0.042750 0.064946
2 0.794687 0.373022 0.006750 0.019983
2 0.721250 0.368443 0.013500 0.012989
2 0.657813 0.367194 0.006750 0.009992
2 0.016563 0.367610 0.014250 0.010991
2 0.712500 0.367194 0.007500 0.011990
2 0.258125 0.367194 0.013500 0.013988
2 0.123750 0.370941 0.024000 0.022981
2 0.180938 0.377186 0.030750 0.039967
2 0.671250 0.364696 0.015000 0.011990
2 0.541875 0.365529 0.015000 0.013988
2 0.781250 0.363447 0.010500 0.010991
2 0.644687 0.367610 0.014250 0.020983
2 0.812187 0.365529 0.011250 0.017985
2 0.835000 0.363447 0.006000 0.014988
2 0.584063 0.362614 0.014250 0.012989
2 0.594375 0.365112 0.016500 0.020983
2 0.078750 0.363863 0.018000 0.019983
2 0.196563 0.368859 0.029250 0.033972
2 0.104375 0.368027 0.022500 0.033972
2 0.894062 0.364280 0.015750 0.026978
2 0.143125 0.362198 0.021000 0.021982
2 0.205000 0.358035 0.009000 0.013988
2 0.735938 0.355953 0.009750 0.010991
2 0.917500 0.364280 0.027000 0.032973
2 0.706250 0.354288 0.015000 0.010991
2 0.163438 0.358035 0.011250 0.019983
2 0.419687 0.353872 0.014250 0.011990
2 0.264375 0.358451 0.024000 0.022981
2 0.007875 0.360117 0.015750 0.026978
2 0.967500 0.355121 0.012000 0.016986
2 0.818438 0.353039 0.009750 0.011990
2 0.553750 0.357202 0.015000 0.021982
2 0.500000 0.364696 0.034500 0.041965
2 0.934063 0.363031 0.017250 0.039967
2 0.522813 0.355537 0.015750 0.021982
2 0.748125 0.350958 0.015000 0.014988
2 0.606875 0.350125 0.025500 0.014988
2 0.665625 0.345962 0.007500 0.010991
2 0.908438 0.345129 0.009750 0.010991
2 0.539062 0.350541 0.008250 0.023980
2 0.470938 0.343880 0.012750 0.007993
2 0.280000 0.345545 0.009000 0.011990
2 0.382812 0.356370 0.018750 0.039967
2 0.339375 0.343047 0.009000 0.007993
2 0.293125 0.351790 0.034500 0.028976
2 0.918750 0.345962 0.013500 0.016986
2 0.424063 0.344296 0.014250 0.012989
2 0.405625 0.349292 0.015000 0.024979
2 0.373750 0.355121 0.025500 0.040966
2 0.135625 0.343047 0.010500 0.011990
2 0.125312 0.349292 0.012750 0.026978
2 0.079687 0.344713 0.009750 0.015987
2 0.317812 0.353455 0.027750 0.038968
2 0.697187 0.342631 0.021750 0.014988
2 0.116562 0.344296 0.005250 0.018984
2 0.095625 0.347211 0.024000 0.027977
2 0.951875 0.353872 0.036000 0.045962
2 0.794687 0.343880 0.015750 0.021982
2 0.644062 0.340550 0.011250 0.017985
2 0.781250 0.343880 0.013500 0.029975
2 0.631563 0.337219 0.006750 0.013988
2 0.752812 0.336386 0.012750 0.013988
2 0.548438 0.335137 0.011250 0.012989
2 0.345938 0.364696 0.047250 0.083930
2 0.243750 0.335970 0.007500 0.014988
2 0.936875 0.340966 0.027000 0.030974
2 0.983437 0.333056 0.008250 0.015987
2 0.950313 0.331391 0.008250 0.011990
2 0.672500 0.330558 0.012000 0.009992
2 0.659687 0.338884 0.014250 0.029975
2 0.827812 0.330142 0.012750 0.010991
2 0.487500 0.331391 0.012000 0.015987
2 0.743125 0.329725 0.010500 0.015987
2 0.159375 0.331807 0.009000 0.020983
2 0.153438 0.337219 0.014250 0.033972
2 0.469062 0.331807 0.032250 0.022981
2 0.325937 0.328476 0.011250 0.014988
2 0.085938 0.328060 0.008250 0.013988
2 0.590313 0.325562 0.014250 0.009992
2 0.763750 0.328893 0.025500 0.019983
2 0.246875 0.350958 0.073500 0.072939
2 0.074688 0.331807 0.014250 0.026978
2 0.955625 0.322648 0.013500 0.008993
2 0.791875 0.325562 0.007500 0.015987
2 0.506875 0.328060 0.013500 0.021982
2 0.447188 0.332639 0.027750 0.034971
2 0.186875 0.339717 0.055500 0.051957
2 0.137813 0.333056 0.032250 0.035970
2 0.960313 0.326811 0.017250 0.022981
2 0.800625 0.329725 0.013500 0.029975
2 0.627812 0.323897 0.008250 0.015987
2 0.100000 0.323897 0.009000 0.015987
2 0.973750 0.324729 0.013500 0.019983
2 0.031563 0.320566 0.006750 0.009992
2 0.224688 0.321399 0.015750 0.013988
2 0.904687 0.332223 0.018750 0.041965
2 0.106563 0.320150 0.009750 0.016986
2 0.061875 0.342215 0.031500 0.069942
2 0.606563 0.322648 0.020250 0.026978
2 0.118125 0.323897 0.019500 0.029975
2 0.568438 0.315987 0.020250 0.012989
2 0.433750 0.320566 0.009000 0.023980
2 0.675000 0.318485 0.015000 0.020983
2 0.625313 0.313905 0.009750 0.009992
2 0.608125 0.313905 0.009000 0.009992
2 0.502188 0.313489 0.009750 0.010991
2 0.533750 0.317652 0.010500 0.022981
2 0.492500 0.313072 0.007500 0.011990
2 0.176563 0.312240 0.014250 0.009992
2 0.217500 0.315570 0.027000 0.021982
2 0.033125 0.356370 0.043500 0.119900
2 0.210625 0.310991 0.009000 0.014988
2 0.734062 0.308909 0.012750 0.011990
2 0.661563 0.310575 0.012750 0.017985
2 0.873125 0.310575 0.012000 0.019983
2 0.073125 0.310158 0.016500 0.018984
2 0.030000 0.305995 0.016500 0.008993
2 0.269375 0.306828 0.015000 0.014988
2 0.768125 0.307660 0.009000 0.018984
2 0.544063 0.308077 0.009750 0.019983
2 0.526563 0.307660 0.009750 0.018984
2 0.379063 0.318901 0.044250 0.045962
2 0.231563 0.306411 0.008250 0.015987
2 0.417812 0.306411 0.011250 0.017985
2 0.825313 0.307244 0.021750 0.021982
2 0.582187 0.306411 0.012750 0.019983
2 0.306563 0.303081 0.012750 0.013988
2 0.022875 0.325978 0.045750 0.068943
2 0.751875 0.302248 0.007500 0.013988
2 0.472500 0.306828 0.025500 0.024979
2 0.535625 0.300999 0.006000 0.012989
2 0.968437 0.305995 0.015750 0.026978
2 0.627188 0.298501 0.018750 0.008993
2 0.711250 0.296420 0.016500 0.007993
2 0.329062 0.305162 0.033750 0.028976
2 0.738750 0.299750 0.009000 0.017985
2 0.602187 0.296836 0.008250 0.010991
2 0.085625 0.310158 0.024000 0.042964
2 0.805000 0.292673 0.015000 0.006994
2 0.003000 0.298918 0.006000 0.021982
2 0.256875 0.301832 0.015000 0.030974
2 0.128125 0.302664 0.012000 0.032973
2 0.095625 0.298501 0.016500 0.022981
2 0.993250 0.296003 0.013500 0.022981
2 0.501250 0.295171 0.036000 0.020983
2 0.882812 0.289759 0.012750 0.009992
2 0.762188 0.289759 0.017250 0.009992
2 0.063125 0.298085 0.034500 0.029975
2 0.908750 0.299750 0.018000 0.035970
2 0.878750 0.293089 0.018000 0.019983
2 0.575625 0.289342 0.015000 0.014988
2 0.145937 0.298501 0.011250 0.036969
2 0.011250 0.287677 0.009000 0.010991
2 0.647500 0.287261 0.010500 0.011990
2 0.780625 0.285595 0.015000 0.011990
2 0.657188 0.291840 0.014250 0.026978
2 0.815312 0.282265 0.008250 0.007993
2 0.686875 0.283514 0.022500 0.010991
2 0.055313 0.285595 0.011250 0.015987
2 0.983750 0.286428 0.015000 0.019983
2 0.803750 0.282265 0.009000 0.009992
2 0.152500 0.287261 0.021000 0.021982
2 0.861875 0.286012 0.016500 0.020983
2 0.614688 0.284763 0.014250 0.017985
2 0.267813 0.284763 0.008250 0.017985
2 0.176875 0.296836 0.046500 0.046961
2 0.437812 0.287677 0.006750 0.026978
2 0.216250 0.282681 0.009000 0.014988
2 0.592500 0.282265 0.012000 0.015987
2 0.203125 0.284763 0.013500 0.021982
2 0.714688 0.278518 0.011250 0.008993
2 0.065000 0.282681 0.006000 0.020983
2 0.545312 0.279351 0.008250 0.014988
2 0.331875 0.278934 0.010500 0.013988
2 0.290938 0.283514 0.033750 0.024979
2 0.243125 0.283097 0.019500 0.025978
2 0.424063 0.286012 0.023250 0.034971
2 0.346250 0.275604 0.009000 0.011990
2 0.130625 0.280600 0.009000 0.023980
2 0.987187 0.274355 0.018750 0.010991
2 0.959063 0.273938 0.006750 0.009992
2 0.638125 0.277685 0.018000 0.018984
2 0.111250 0.291424 0.022500 0.051957
2 0.236563 0.273938 0.012750 0.011990
2 0.141250 0.277269 0.015000 0.019983
2 0.053750 0.273938 0.012000 0.011990
2 0.791562 0.273522 0.012750 0.012989
2 0.944375 0.278934 0.010500 0.029975
2 0.606250 0.271440 0.018000 0.011990
2 0.367500 0.282681 0.024000 0.040966
2 0.007875 0.273106 0.015750 0.019983
2 0.496563 0.268110 0.008250 0.011990
2 0.738125 0.267694 0.007500 0.012989
2 0.120000 0.265612 0.009000 0.009992
2 0.781250 0.266445 0.007500 0.013988
2 0.486250 0.266861 0.012000 0.014988
2 0.857187 0.267694 0.017250 0.018984
2 0.325313 0.266445 0.015750 0.015987
2 0.255937 0.266028 0.009750 0.014988
2 0.156250 0.267277 0.010500 0.017985
2 0.132500 0.264363 0.018000 0.010991
2 0.962187 0.263947 0.012750 0.011990
2 0.726562 0.266028 0.020250 0.016986
2 0.891250 0.264363 0.006000 0.014988
2 0.220938 0.263947 0.014250 0.013988
2 0.832187 0.265612 0.012750 0.019983
2 0.747188 0.267277 0.006750 0.023980
2 0.456875 0.285179 0.039000 0.068943
2 0.616250 0.261449 0.018000 0.017985
2 0.178437 0.266445 0.029250 0.029975
2 0.554375 0.257702 0.010500 0.010991
2 0.540312 0.258951 0.008250 0.015987
2 0.298438 0.255620 0.012750 0.007993
2 0.145313 0.261449 0.014250 0.021982
2 0.202500 0.255620 0.012000 0.009992
2 0.171250 0.256453 0.006000 0.011990
2 0.786250 0.257286 0.013500 0.015987
2 0.662813 0.259367 0.009750 0.020983
2 0.190312 0.251873 0.012750 0.006994
2 0.079375 0.267694 0.063000 0.044963
2 0.796875 0.252706 0.015000 0.010991
2 0.772500 0.253955 0.016500 0.013988
2 0.750313 0.253539 0.011250 0.012989
2 0.720000 0.253122 0.012000 0.011990
2 0.693438 0.253539 0.009750 0.014988
2 0.503437 0.260616 0.009750 0.031973
2 0.122813 0.253955 0.015750 0.015987
2 0.255937 0.252290 0.009750 0.013988
2 0.929688 0.295587 0.123750 0.119900
2 0.370937 0.253122 0.014250 0.017985
2 0.069062 0.251041 0.008250 0.012989
2 0.951562 0.256869 0.011250 0.028976
2 0.902500 0.254371 0.018000 0.024979
2 0.423438 0.252290 0.006750 0.019983
2 0.264688 0.248959 0.006750 0.017985
2 0.579375 0.246045 0.010500 0.012989
2 0.109687 0.250208 0.009750 0.022981
2 0.730000 0.243963 0.010500 0.009992
2 0.490938 0.243547 0.009750 0.010991
2 0.514375 0.242714 0.009000 0.010991
2 0.207187 0.243547 0.008250 0.012989
2 0.003750 0.244796 0.007500 0.015987
2 0.901875 0.241882 0.012000 0.010991
2 0.814063 0.244796 0.017250 0.017985
2 0.725313 0.242298 0.011250 0.011990
2 0.644687 0.243131 0.009750 0.015987
2 0.155625 0.243547 0.009000 0.016986
2 0.921562 0.241465 0.006750 0.013988
2 0.092813 0.242298 0.017250 0.015987
2 0.079062 0.247710 0.017250 0.028976
2 0.976750 0.251457 0.046500 0.039967
2 0.771563 0.240633 0.015750 0.015987
2 0.380000 0.240216 0.010500 0.016986
2 0.564375 0.237719 0.013500 0.012989
2 0.501563 0.236053 0.006750 0.008993
2 0.826250 0.234804 0.010500 0.009992
2 0.241875 0.234388 0.010500 0.008993
2 0.185312 0.233139 0.014250 0.007993
2 0.172500 0.238968 0.009000 0.021982
2 0.737812 0.233972 0.008250 0.011990
2 0.546875 0.235221 0.013500 0.014988
2 0.122188 0.237719 0.014250 0.020983
2 0.528438 0.232723 0.020250 0.016986
2 0.207187 0.230641 0.008250 0.011990
2 0.621875 0.229808 0.012000 0.011990
2 0.434375 0.240216 0.012000 0.036969
2 0.894375 0.238968 0.027000 0.035970
2 0.371563 0.230225 0.008250 0.014988
2 0.390625 0.228976 0.009000 0.013988
2 0.442500 0.228976 0.006000 0.015987
2 0.511563 0.227727 0.015750 0.014988
2 0.302500 0.226894 0.010500 0.014988
2 0.151250 0.228143 0.012000 0.017985
2 0.492188 0.225645 0.009750 0.013988
2 0.118750 0.226478 0.009000 0.015987
2 0.477187 0.229392 0.011250 0.024979
2 0.317188 0.224396 0.009750 0.014988
2 0.110312 0.225645 0.009750 0.017985
2 0.162188 0.226478 0.015750 0.021982
2 0.953750 0.231057 0.028500 0.034971
2 0.978125 0.229392 0.021000 0.034971
2 0.420312 0.220649 0.009750 0.017985
2 0.217188 0.225645 0.015750 0.029975
2 0.835000 0.214821 0.009000 0.011990
2 0.735625 0.218152 0.009000 0.019983
2 0.027813 0.257286 0.045750 0.115903
2 0.910937 0.225229 0.020250 0.040966
2 0.410313 0.212323 0.009750 0.009992
2 0.809688 0.212323 0.014250 0.011990
2 0.711562 0.212323 0.014250 0.011990
2 0.607500 0.213572 0.010500 0.014988
2 0.379688 0.214405 0.005250 0.016986
2 0.787500 0.210241 0.015000 0.008993
2 0.341562 0.216070 0.014250 0.022981
2 0.358125 0.208576 0.010500 0.008993
2 0.231563 0.217319 0.021750 0.029975
2 0.138125 0.233139 0.039000 0.067943
2 0.470313 0.208160 0.008250 0.009992
2 0.949375 0.213156 0.012000 0.023980
2 0.764062 0.209409 0.006750 0.014988
2 0.546875 0.207327 0.012000 0.009992
2 0.743125 0.209825 0.010500 0.017985
2 0.175000 0.209825 0.027000 0.019983
2 0.650937 0.207327 0.024750 0.017985
2 0.440625 0.208160 0.025500 0.019983
2 0.116562 0.204413 0.009750 0.010991
2 0.673750 0.204829 0.009000 0.013988
2 0.625938 0.203580 0.015750 0.010991
2 0.134687 0.207744 0.014250 0.020983
2 0.985375 0.221482 0.029250 0.055953
2 0.703125 0.203580 0.012000 0.012989
2 0.370000 0.202748 0.013500 0.010991
2 0.827187 0.202748 0.009750 0.014988
2 0.894687 0.205246 0.017250 0.022981
2 0.270625 0.197752 0.012000 0.006994
2 0.188438 0.199417 0.012750 0.010991
2 0.642188 0.198168 0.008250 0.011990
2 0.308750 0.198168 0.009000 0.011990
2 0.486250 0.196919 0.007500 0.010991
2 0.683750 0.199417 0.012000 0.018984
2 0.314688 0.195254 0.009750 0.010991
2 0.030625 0.199417 0.015000 0.020983
2 0.794687 0.197336 0.014250 0.017985
2 0.692500 0.195254 0.013500 0.012989
2 0.466875 0.192756 0.016500 0.008993
2 0.822187 0.195254 0.009750 0.016986
2 0.228750 0.197336 0.012000 0.021982
2 0.736563 0.193589 0.015750 0.014988
2 0.505000 0.191091 0.013500 0.008993
2 0.175625 0.196087 0.028500 0.020983
2 0.549687 0.194005 0.009750 0.017985
2 0.789687 0.191091 0.005250 0.012989
2 0.622812 0.191091 0.006750 0.012989
2 0.218750 0.194421 0.007500 0.020983
2 0.156250 0.197336 0.015000 0.027977
2 0.013500 0.211074 0.027000 0.060949
2 0.935312 0.222315 0.075750 0.089925
2 0.754687 0.193172 0.011250 0.019983
2 0.816250 0.186511 0.012000 0.007993
2 0.418438 0.196919 0.020250 0.032973
2 0.386875 0.189425 0.018000 0.014988
2 0.358125 0.192340 0.024000 0.021982
2 0.235937 0.189425 0.008250 0.014988
2 0.351875 0.185679 0.015000 0.007993
2 0.110000 0.189842 0.009000 0.017985
2 0.401562 0.187344 0.014250 0.013988
2 0.331875 0.186095 0.007500 0.010991
2 0.917813 0.185679 0.006750 0.011990
2 0.600000 0.184013 0.010500 0.007993
2 0.488438 0.185679 0.009750 0.011990
2 0.775000 0.183597 0.010500 0.010991
2 0.263437 0.186095 0.011250 0.016986
2 0.089063 0.184846 0.006750 0.013988
2 0.121563 0.187760 0.011250 0.026978
2 0.705625 0.181099 0.013500 0.012989
2 0.168437 0.181932 0.008250 0.014988
2 0.285000 0.180266 0.010500 0.014988
2 0.023125 0.183181 0.009000 0.021982
2 0.762188 0.178185 0.009750 0.011990
2 0.600625 0.176520 0.007500 0.007993
2 0.572187 0.179850 0.009750 0.015987
2 0.555000 0.179017 0.010500 0.013988
2 0.411875 0.178601 0.010500 0.012989
2 0.081250 0.213156 0.081000 0.095920
2 0.626875 0.180683 0.006000 0.019983
2 0.308437 0.179434 0.011250 0.016986
2 0.888750 0.179434 0.012000 0.020983
2 0.750000 0.175687 0.019500 0.011990
2 0.469375 0.178601 0.007500 0.018984
2 0.109375 0.177352 0.012000 0.015987
2 0.450000 0.174854 0.006000 0.015987
2 0.179688 0.175687 0.015750 0.017985
2 0.789687 0.172356 0.008250 0.011990
2 0.611563 0.171524 0.014250 0.009992
2 0.538438 0.171940 0.009750 0.010991
2 0.268437 0.171940 0.008250 0.012989
2 0.388437 0.175271 0.012750 0.022981
2 0.710000 0.169858 0.010500 0.011990
2 0.665625 0.169442 0.007500 0.010991
2 0.657500 0.169442 0.015000 0.014988
2 0.546250 0.170275 0.006000 0.016986
2 0.684063 0.172356 0.011250 0.023980
2 0.301563 0.168193 0.017250 0.015987
2 0.979000 0.187344 0.042000 0.063947
2 0.641563 0.164863 0.009750 0.009992
2 0.557187 0.166528 0.012750 0.013988
2 0.402500 0.164446 0.010500 0.008993
2 0.088438 0.169026 0.014250 0.019983
2 0.185625 0.166944 0.022500 0.016986
2 0.148438 0.169442 0.012750 0.022981
2 0.734062 0.165695 0.014250 0.015987
2 0.223438 0.168193 0.020250 0.021982
2 0.059687 0.166112 0.008250 0.016986
2 0.513750 0.164030 0.013500 0.015987
2 0.994375 0.161116 0.011250 0.010991
2 0.767813 0.160699 0.008250 0.011990
2 0.453750 0.161532 0.013500 0.013988
2 0.207187 0.159867 0.011250 0.009992
2 0.170000 0.164863 0.012000 0.021982
2 0.214375 0.163614 0.007500 0.020983
2 0.985313 0.159034 0.008250 0.011990
2 0.775312 0.162781 0.011250 0.022981
2 0.745625 0.159034 0.009000 0.013988
2 0.978750 0.157785 0.006000 0.012989
2 0.952812 0.158201 0.012750 0.013988
2 0.880938 0.155704 0.014250 0.007993
2 0.690312 0.156536 0.011250 0.009992
2 0.260000 0.162365 0.012000 0.023980
2 0.568750 0.161948 0.007500 0.024979
2 0.420000 0.155287 0.012000 0.008993
2 0.911875 0.172356 0.021000 0.051957
2 0.596875 0.156120 0.006000 0.012989
2 0.439063 0.154038 0.012750 0.007993
2 0.962500 0.157785 0.009000 0.018984
2 0.756250 0.160283 0.016500 0.024979
2 0.513125 0.154038 0.009000 0.009992
2 0.005625 0.158618 0.011250 0.020983
2 0.805000 0.156120 0.012000 0.018984
2 0.629687 0.157369 0.009750 0.021982
2 0.098125 0.173605 0.021000 0.060949
2 0.523750 0.157369 0.013500 0.023980
2 0.189688 0.153622 0.008250 0.014988
2 0.152500 0.168193 0.040500 0.051957
2 0.367188 0.149875 0.009750 0.009992
2 0.579063 0.154455 0.011250 0.022981
2 0.411250 0.149875 0.006000 0.011990
2 0.533750 0.146961 0.010500 0.008993
2 0.383750 0.149042 0.009000 0.013988
2 0.296875 0.150708 0.016500 0.017985
2 0.764687 0.148210 0.005250 0.013988
2 0.754375 0.145296 0.013500 0.006994
2 0.107813 0.146961 0.008250 0.010991
2 0.156562 0.145712 0.011250 0.009992
2 0.068125 0.149875 0.016500 0.019983
2 0.604062 0.149042 0.008250 0.019983
2 0.213750 0.146545 0.015000 0.013988
2 0.716875 0.148210 0.010500 0.019983
2 0.284062 0.145296 0.009750 0.012989
2 0.170937 0.146128 0.009750 0.014988
2 0.789062 0.145712 0.008250 0.017985
2 0.337187 0.143630 0.011250 0.012989
2 0.676250 0.144463 0.012000 0.016986
2 0.178750 0.143630 0.004500 0.016986
2 0.140937 0.144047 0.014250 0.017985
2 0.900312 0.160283 0.021750 0.058951
2 0.463750 0.141549 0.022500 0.013988
2 0.871250 0.139883 0.012000 0.011990
2 0.320937 0.139467 0.015750 0.010991
2 0.664687 0.143630 0.020250 0.022981
2 0.355625 0.141132 0.018000 0.016986
2 0.050625 0.142798 0.019500 0.020983
2 0.812187 0.138218 0.009750 0.011990
2 0.010937 0.144879 0.014250 0.027977
2 0.728125 0.136553 0.015000 0.013988
2 0.772813 0.135304 0.011250 0.012989
2 0.230313 0.137386 0.006750 0.017985
2 0.120625 0.164863 0.040500 0.083930
2 0.016875 0.135720 0.007500 0.013988
2 0.409687 0.132806 0.009750 0.008993
2 0.625000 0.135304 0.012000 0.016986
2 0.420938 0.132806 0.008250 0.010991
2 0.686875 0.134471 0.018000 0.016986
2 0.648438 0.134888 0.012750 0.017985
2 0.638750 0.134888 0.010500 0.017985
2 0.218750 0.132390 0.010500 0.013988
2 0.172187 0.133639 0.021750 0.016986
2 0.264375 0.131973 0.010500 0.014988
2 0.191562 0.135720 0.008250 0.023980
2 0.935312 0.158201 0.068250 0.079933
2 0.555625 0.131557 0.012000 0.015987
2 0.716562 0.131141 0.006750 0.018984
2 0.490312 0.129475 0.011250 0.014988
2 0.373437 0.126978 0.015750 0.008993
2 0.198750 0.137386 0.012000 0.033972
2 0.887500 0.140716 0.022500 0.043963
2 0.440312 0.134888 0.015750 0.029975
2 0.394062 0.127394 0.005250 0.013988
2 0.237500 0.125729 0.007500 0.009992
2 0.980000 0.131973 0.019500 0.026978
2 0.780312 0.124896 0.012750 0.009992
2 0.590000 0.129059 0.007500 0.019983
2 0.428438 0.126561 0.009750 0.013988
2 0.792500 0.126145 0.010500 0.014988
2 0.031125 0.154871 0.062250 0.083930
2 0.410313 0.124063 0.017250 0.011990
2 0.314688 0.124480 0.008250 0.012989
2 0.172500 0.124063 0.007500 0.011990
2 0.471250 0.122814 0.013500 0.012989
2 0.184688 0.121149 0.008250 0.008993
2 0.154062 0.130724 0.030750 0.031973
2 0.616250 0.123231 0.010500 0.015987
2 0.300000 0.125312 0.016500 0.020983
2 0.626875 0.121982 0.009000 0.014988
2 0.636250 0.121565 0.013500 0.015987
2 0.142813 0.123231 0.017250 0.019983
2 0.322813 0.120316 0.015750 0.016986
2 0.662813 0.119067 0.008250 0.015987
2 0.601562 0.120316 0.014250 0.018984
2 0.673125 0.118235 0.007500 0.015987
2 0.306563 0.117818 0.008250 0.014988
2 0.426250 0.115737 0.007500 0.011990
2 0.042500 0.117818 0.009000 0.016986
2 0.210938 0.121565 0.015750 0.027977
2 0.830625 0.115737 0.006000 0.015987
2 0.715625 0.115321 0.007500 0.016986
2 0.176563 0.113239 0.012750 0.011990
2 0.739688 0.116570 0.015750 0.023980
2 0.529375 0.111157 0.010500 0.010991
2 0.199375 0.114488 0.012000 0.018984
2 0.068750 0.109908 0.007500 0.007993
2 0.252188 0.112823 0.009750 0.016986
2 0.468750 0.110325 0.010500 0.014988
2 0.698438 0.108659 0.008250 0.014988
2 0.585000 0.110741 0.013500 0.019983
2 0.221875 0.109076 0.009000 0.015987
2 0.767500 0.111157 0.013500 0.022981
2 0.363438 0.112406 0.014250 0.025978
2 0.670000 0.106162 0.010500 0.012989
2 0.521563 0.108659 0.008250 0.018984
2 0.789062 0.106994 0.006750 0.016986
2 0.439063 0.104496 0.015750 0.012989
2 0.574688 0.104496 0.006750 0.014988
2 0.356875 0.103664 0.012000 0.012989
2 0.725000 0.104080 0.013500 0.015987
2 0.798750 0.103247 0.010500 0.015987
2 0.116562 0.100749 0.012750 0.009992
2 0.782500 0.101166 0.007500 0.016986
2 0.688750 0.100749 0.009000 0.015987
2 0.552188 0.099917 0.006750 0.013988
2 0.085938 0.098668 0.006750 0.010991
2 0.351250 0.099917 0.012000 0.015987
2 0.901250 0.100749 0.009000 0.019983
2 0.233437 0.104913 0.017250 0.029975
2 0.654687 0.097002 0.014250 0.012989
2 0.630000 0.097835 0.007500 0.014988
2 0.247188 0.099084 0.009750 0.017985
2 0.502500 0.097002 0.007500 0.014988
2 0.025313 0.095337 0.011250 0.016986
2 0.432188 0.092007 0.008250 0.010991
2 0.375625 0.091590 0.010500 0.009992
2 0.334375 0.096170 0.009000 0.020983
2 0.274062 0.093256 0.012750 0.013988
2 0.945000 0.092007 0.012000 0.014988
2 0.875000 0.095337 0.021000 0.022981
2 0.302500 0.092423 0.010500 0.015987
2 0.042813 0.093256 0.008250 0.017985
2 0.801562 0.089509 0.009750 0.010991
2 0.479063 0.091590 0.012750 0.015987
2 0.587500 0.092839 0.012000 0.020983
2 0.191250 0.092007 0.013500 0.018984
2 0.175625 0.093672 0.007500 0.022981
2 0.725625 0.089509 0.009000 0.014988
2 0.182500 0.087427 0.006000 0.015987
2 0.560625 0.083680 0.010500 0.008993
2 0.767188 0.089092 0.011250 0.023980
2 0.704375 0.082848 0.016500 0.008993
2 0.243750 0.084513 0.012000 0.012989
2 0.829375 0.083264 0.013500 0.011990
2 0.692500 0.085346 0.010500 0.016986
2 0.740625 0.083264 0.010500 0.015987
2 0.600625 0.083680 0.013500 0.016986
2 0.253750 0.089092 0.012000 0.029975
2 0.407813 0.082431 0.011250 0.015987
2 0.030625 0.082431 0.018000 0.015987
2 0.861875 0.080766 0.013500 0.013988
2 0.424375 0.083680 0.015000 0.020983
2 0.449688 0.083264 0.021750 0.021982
2 0.349687 0.083680 0.011250 0.022981
2 0.013875 0.101582 0.027750 0.065945
2 0.257812 0.075770 0.009750 0.007993
2 0.937813 0.078684 0.011250 0.016986
2 0.340000 0.076603 0.013500 0.011990
2 0.529375 0.078684 0.010500 0.018984
2 0.123125 0.079933 0.012000 0.021982
2 0.119063 0.085762 0.024750 0.035970
2 0.724688 0.076187 0.014250 0.014988
2 0.392813 0.077852 0.012750 0.022981
2 0.486250 0.072856 0.010500 0.012989
2 0.195312 0.074938 0.020250 0.021982
2 0.762188 0.073272 0.026250 0.019983
2 0.626250 0.071191 0.012000 0.014988
2 0.977812 0.073272 0.021750 0.021982
2 0.052187 0.069109 0.009750 0.011990
2 0.251250 0.069109 0.009000 0.015987
2 0.647188 0.075770 0.011250 0.033972
2 0.612812 0.067860 0.008250 0.014988
2 0.115937 0.066195 0.018750 0.010991
2 0.368125 0.067444 0.018000 0.015987
2 0.560937 0.065362 0.015750 0.012989
2 0.634375 0.070774 0.013500 0.027977
2 0.575000 0.064946 0.012000 0.013988
2 0.342500 0.063697 0.009000 0.010991
2 0.200000 0.066611 0.013500 0.017985
2 0.458125 0.064946 0.018000 0.015987
2 0.266250 0.064946 0.015000 0.015987
2 0.475938 0.062032 0.012750 0.012989
2 0.057500 0.059117 0.009000 0.007993
2 0.044687 0.074105 0.045750 0.043963
2 0.807500 0.060783 0.009000 0.013988
2 0.670000 0.059117 0.010500 0.009992
2 0.594375 0.061615 0.007500 0.015987
2 0.421875 0.062448 0.006000 0.017985
2 0.857812 0.059950 0.006750 0.013988
2 0.014625 0.067860 0.029250 0.032973
2 0.248438 0.061199 0.012750 0.018984
2 0.867812 0.058285 0.014250 0.013988
2 0.704375 0.058285 0.012000 0.017985
2 0.653750 0.059117 0.013500 0.019983
2 0.986125 0.057868 0.027750 0.018984
2 0.239063 0.056203 0.009750 0.014988
2 0.095312 0.068693 0.029250 0.044963
2 0.781875 0.061615 0.019500 0.029975
2 0.722187 0.056203 0.014250 0.016986
2 0.538750 0.055787 0.012000 0.015987
2 0.141875 0.062864 0.016500 0.032973
2 0.123750 0.052873 0.010500 0.010991
2 0.330313 0.054122 0.008250 0.017985
2 0.308750 0.051207 0.010500 0.010991
2 0.219062 0.072440 0.036750 0.061948
2 0.112187 0.054954 0.015750 0.019983
2 0.634062 0.052040 0.011250 0.014988
2 0.316563 0.053705 0.006750 0.018984
2 0.712812 0.049542 0.012750 0.012989
2 0.473438 0.049542 0.014250 0.012989
2 0.794687 0.050375 0.006750 0.016986
2 0.956562 0.047460 0.011250 0.013988
2 0.824688 0.046628 0.012750 0.011990
2 0.771563 0.045795 0.011250 0.009992
2 0.762813 0.048293 0.006750 0.015987
2 0.353750 0.050791 0.009000 0.021982
2 0.344062 0.047877 0.008250 0.016986
2 0.266250 0.051207 0.007500 0.024979
2 0.115312 0.045379 0.014250 0.010991
2 0.639062 0.044130 0.015750 0.009992
2 0.528750 0.051207 0.016500 0.028976
2 0.023750 0.049958 0.021000 0.025978
2 0.229375 0.047044 0.015000 0.022981
2 0.737187 0.043297 0.012750 0.017985
2 0.662500 0.044130 0.013500 0.019983
2 0.568750 0.040799 0.007500 0.011990
2 0.492500 0.038301 0.013500 0.005995
2 0.411250 0.040383 0.013500 0.010991
2 0.243438 0.043714 0.012750 0.018984
2 0.135625 0.044546 0.015000 0.020983
2 0.958438 0.038718 0.012750 0.008993
2 0.578125 0.038718 0.009000 0.008993
2 0.447813 0.045379 0.009750 0.024979
2 0.397813 0.041632 0.017250 0.015987
2 0.288750 0.042465 0.009000 0.017985
2 0.680000 0.042048 0.007500 0.018984
2 0.148125 0.040799 0.013500 0.015987
2 0.720938 0.040383 0.009750 0.016986
2 0.256250 0.040799 0.016500 0.017985
2 0.363750 0.037469 0.012000 0.015987
2 0.236875 0.035803 0.015000 0.013988
2 0.994750 0.041216 0.010500 0.030974
2 0.987812 0.032889 0.014250 0.010991
2 0.821250 0.033722 0.022500 0.012989
2 0.712812 0.030808 0.012750 0.007993
2 0.604062 0.034138 0.011250 0.015987
2 0.555625 0.035803 0.009000 0.019983
2 0.887813 0.042881 0.018750 0.038968
2 0.763437 0.032889 0.012750 0.014988
2 0.657813 0.031640 0.014250 0.011990
2 0.522188 0.031640 0.011250 0.013988
2 0.703438 0.030808 0.011250 0.013988
2 0.586875 0.033306 0.007500 0.019983
2 0.480312 0.028726 0.015750 0.008993
2 0.330937 0.029559 0.008250 0.012989
2 0.876875 0.028310 0.006000 0.011990
2 0.044062 0.041632 0.035250 0.043963
2 0.900312 0.027477 0.009750 0.011990
2 0.426563 0.027061 0.008250 0.010991
2 0.615000 0.029559 0.012000 0.018984
2 0.404375 0.026228 0.007500 0.010991
2 0.785625 0.025396 0.010500 0.012989
2 0.074375 0.030808 0.010500 0.025978
2 0.641250 0.024563 0.013500 0.012989
2 0.367500 0.024147 0.013500 0.011990
2 0.255312 0.024979 0.008250 0.013988
2 0.110625 0.027477 0.012000 0.019983
2 0.026875 0.030808 0.016500 0.029975
2 0.338750 0.023314 0.010500 0.015987
2 0.989062 0.021232 0.015750 0.014988
2 0.953438 0.026228 0.011250 0.026978
2 0.732500 0.019567 0.013500 0.014988
2 0.009750 0.030391 0.019500 0.040966
2 0.941250 0.022481 0.016500 0.023980
2 0.386875 0.019567 0.016500 0.016986
2 0.248125 0.017069 0.013500 0.010991
2 0.463125 0.017485 0.013500 0.015987
2 0.810312 0.014988 0.006750 0.011990
2 0.673438 0.014571 0.020250 0.012989
2 0.819688 0.014571 0.011250 0.014988
2 0.688750 0.017902 0.012000 0.026978
2 0.711250 0.011241 0.007500 0.012989
2 0.479687 0.013322 0.012750 0.017985
2 0.145313 0.018318 0.017250 0.029975
2 0.533750 0.010824 0.007500 0.013988
2 0.525625 0.014988 0.018000 0.023980
2 0.772500 0.010824 0.013500 0.015987
2 0.352500 0.015404 0.016500 0.026978
2 0.404062 0.009575 0.006750 0.016986
2 0.270937 0.008326 0.014250 0.013988
2 0.263750 0.011657 0.012000 0.021982
2 0.890625 0.005412 0.012000 0.008993
2 0.724688 0.009159 0.011250 0.017985
2 0.385313 0.007494 0.008250 0.013988
2 0.995500 0.008993 0.009000 0.017985
2 0.981563 0.016986 0.026250 0.033972
2 0.943000 0.092923 0.114000 0.185845
2 0.931875 0.013489 0.024000 0.026978
2 0.882500 0.016986 0.045000 0.033972
2 0.856250 0.007993 0.022500 0.015987
2 0.674125 0.600000 0.651750 1.000000
2 0.748437 0.008493 0.015750 0.016986
2 0.510938 0.010991 0.009750 0.021982
2 0.438437 0.010991 0.009750 0.021982
2 0.324375 0.008493 0.009000 0.016986
2 0.283125 0.011490 0.009000 0.022981
2 0.196875 0.005495 0.007500 0.010991
2 0.141875 0.137386 0.273000 0.274771
2 0.164375 0.022481 0.033000 0.044963
2 0.121875 0.010491 0.010500 0.020983
2 0.119375 0.030475 0.061500 0.060949
2 0.088750 0.004496 0.013500 0.008993
2 0.057813 0.084430 0.104250 0.168859
2 0.055625 0.015987 0.028500 0.031973
2 0.037500 0.014988 0.028500 0.029975
2 0.023125 0.008993 0.030000 0.017985
