2 0.812500 0.908750 0.096000 0.075000
2 0.977500 0.837500 0.045000 0.078000
2 0.720000 0.798750 0.096000 0.063000
2 0.612500 0.787500 0.078000 0.072000
2 0.860000 0.805000 0.174000 0.180000
2 0.405000 0.776250 0.072000 0.111000
2 0.955000 0.738750 0.090000 0.063000
2 0.895000 0.733750 0.144000 0.147000
2 0.451250 0.691250 0.087000 0.105000
2 0.873750 0.648750 0.093000 0.057000
2 0.898750 0.585000 0.141000 0.084000
2 0.355000 0.631250 0.132000 0.207000
2 0.251250 0.548750 0.105000 0.069000
2 0.765000 0.532500 0.048000 0.036000
2 0.375000 0.535000 0.180000 0.132000
2 0.633750 0.601250 0.411000 0.351000
2 0.498750 0.500000 0.279000 0.132000
2 0.458750 0.371250 0.075000 0.069000
2 0.272500 0.378750 0.210000 0.159000
2 0.268750 0.330000 0.075000 0.096000
2 0.568750 0.417500 0.351000 0.348000
2 0.373750 0.287500 0.087000 0.048000
2 0.351250 0.326250 0.189000 0.171000
2 0.708750 0.271250 0.093000 0.063000
2 0.380000 0.220000 0.042000 0.024000
2 0.366250 0.235000 0.099000 0.066000
2 0.111250 0.245000 0.075000 0.090000
2 0.293750 0.172500 0.081000 0.090000
2 0.042500 0.155000 0.078000 0.096000
2 0.152500 0.188750 0.162000 0.195000
2 0.376250 0.155000 0.393000 0.258000
2 0.817500 0.061250 0.072000 0.087000
2 0.283750 0.037500 0.075000 0.054000
2 0.500000 0.026250 0.084000 0.033000
2 0.142500 0.051250 0.072000 0.093000
2 0.765000 0.012000 0.060000 0.024000
2 0.716250 0.024000 0.057000 0.048000
2 0.590500 0.342000 0.819000 0.684000
2 0.210000 0.036000 0.150000 0.072000
