2 0.099375 0.900625 0.198750 0.198750
2 0.371484 0.850521 0.053437 0.068750
2 0.502734 0.827083 0.049687 0.052500
2 0.418750 0.818750 0.054375 0.062500
2 0.433203 0.789062 0.017813 0.038750
2 0.463672 0.794271 0.060937 0.083750
2 0.391016 0.769792 0.060937 0.055000
2 0.708203 0.740625 0.051562 0.040000
2 0.655469 0.739583 0.048750 0.040000
2 0.492578 0.743750 0.051562 0.052500
2 0.454688 0.717187 0.035625 0.066250
2 0.303906 0.716146 0.037500 0.076250
2 0.641016 0.695833 0.044062 0.047500
2 0.583594 0.680729 0.050625 0.043750
2 0.569922 0.708854 0.098437 0.121250
2 0.666406 0.680729 0.026250 0.078750
2 0.694141 0.669792 0.045937 0.067500
2 0.417187 0.665625 0.050625 0.062500
2 0.358594 0.663021 0.099375 0.076250
2 0.590234 0.633333 0.051562 0.042500
2 0.188672 0.635938 0.053437 0.048750
2 0.264844 0.642708 0.045000 0.067500
2 0.464453 0.650000 0.096562 0.087500
2 0.329688 0.608854 0.054375 0.048750
2 0.539453 0.602083 0.057188 0.047500
2 0.493750 0.588021 0.018750 0.021250
2 0.565234 0.605729 0.062812 0.106250
2 0.514062 0.567708 0.030000 0.045000
2 0.639844 0.572917 0.041250 0.070000
2 0.375781 0.596875 0.067500 0.127500
2 0.488672 0.555208 0.045937 0.052500
2 0.283594 0.560417 0.035625 0.080000
2 0.546875 0.545833 0.041250 0.055000
2 0.709766 0.540625 0.034687 0.045000
2 0.735938 0.577604 0.067500 0.141250
2 0.597656 0.548438 0.041250 0.078750
2 0.717578 0.523438 0.030937 0.023750
2 0.365234 0.528646 0.034687 0.036250
2 0.212891 0.526563 0.032813 0.033750
2 0.332422 0.550000 0.040313 0.095000
2 0.183984 0.530729 0.062812 0.053750
2 0.531641 0.528125 0.051562 0.052500
2 0.246875 0.533854 0.046875 0.066250
2 0.485547 0.520312 0.034687 0.036250
2 0.597656 0.501563 0.015000 0.013750
2 0.298438 0.508854 0.039375 0.038750
2 0.168750 0.491146 0.018750 0.033750
2 0.619922 0.507292 0.036562 0.075000
2 0.669922 0.520312 0.089063 0.131250
2 0.675391 0.478125 0.032813 0.037500
2 0.214844 0.482292 0.050625 0.057500
2 0.383594 0.481771 0.043125 0.063750
2 0.615625 0.459375 0.016875 0.015000
2 0.173047 0.462500 0.027187 0.025000
2 0.812969 0.666875 0.374062 0.666250
2 0.417187 0.473438 0.035625 0.076250
2 0.569141 0.450000 0.049687 0.045000
2 0.208203 0.450521 0.047812 0.056250
2 0.344922 0.468229 0.064687 0.103750
2 0.663281 0.450521 0.028125 0.063750
2 0.251953 0.448437 0.060937 0.058750
2 0.643359 0.426563 0.015938 0.021250
2 0.152734 0.444792 0.038437 0.082500
2 0.694531 0.429167 0.045000 0.052500
2 0.588281 0.459375 0.067500 0.130000
2 0.492578 0.518750 0.207187 0.287500
2 0.711328 0.404687 0.023438 0.018750
2 0.541797 0.404687 0.010312 0.018750
2 0.273828 0.423438 0.049687 0.066250
2 0.389453 0.425000 0.042188 0.080000
2 0.548828 0.394792 0.017813 0.010000
2 0.206250 0.405208 0.048750 0.057500
2 0.515234 0.414062 0.060937 0.083750
2 0.689063 0.391146 0.028125 0.043750
2 0.633203 0.417187 0.049687 0.113750
2 0.370703 0.383854 0.032813 0.041250
2 0.587500 0.382292 0.052500 0.047500
2 0.511719 0.370312 0.007500 0.021250
2 0.331641 0.370833 0.042188 0.025000
2 0.416406 0.384375 0.071250 0.065000
2 0.342969 0.385937 0.061875 0.068750
2 0.530859 0.373958 0.023438 0.045000
2 0.410938 0.360417 0.018750 0.022500
2 0.388672 0.354687 0.029062 0.018750
2 0.297656 0.375521 0.043125 0.076250
2 0.606641 0.350521 0.027187 0.021250
2 0.653125 0.373437 0.052500 0.086250
2 0.625781 0.352604 0.015000 0.036250
2 0.332031 0.343750 0.026250 0.032500
2 0.272656 0.344792 0.011250 0.035000
2 0.348047 0.346875 0.017813 0.045000
2 0.684375 0.347917 0.022500 0.055000
2 0.556250 0.347396 0.031875 0.058750
2 0.368750 0.332292 0.026250 0.030000
2 0.405859 0.331771 0.051562 0.041250
2 0.493750 0.358854 0.120000 0.121250
2 0.276172 0.313021 0.017813 0.033750
2 0.641797 0.313021 0.017813 0.053750
2 0.573047 0.304167 0.029062 0.045000
2 0.728516 0.405729 0.090937 0.298750
2 0.553125 0.300000 0.016875 0.050000
2 0.485547 0.309896 0.044062 0.073750
2 0.376172 0.301042 0.038437 0.057500
2 0.384375 0.280208 0.007500 0.020000
2 0.530078 0.284375 0.034687 0.035000
2 0.673828 0.294792 0.036562 0.070000
2 0.325000 0.294271 0.086250 0.103750
2 0.413672 0.251563 0.008437 0.021250
2 0.572266 0.253646 0.025312 0.038750
2 0.442578 0.280208 0.053437 0.105000
2 0.457422 0.255208 0.032813 0.050000
2 0.646484 0.258854 0.034687 0.071250
2 0.309375 0.258333 0.035625 0.090000
2 0.469531 0.222396 0.018750 0.023750
2 0.450781 0.213542 0.024375 0.047500
2 0.415625 0.243229 0.073125 0.128750
2 0.470313 0.192708 0.016875 0.010000
2 0.596484 0.208333 0.068437 0.082500
2 0.384375 0.220833 0.071250 0.125000
2 0.554297 0.264062 0.192188 0.233750
2 0.530078 0.153125 0.032813 0.045000
2 0.469922 0.158854 0.077812 0.076250
2 0.601953 0.135417 0.053437 0.045000
2 0.561719 0.143229 0.035625 0.071250
2 0.544531 0.077604 0.058125 0.051250
2 0.591406 0.073958 0.039375 0.082500
2 0.900625 0.099375 0.198750 0.198750
2 0.187031 0.333125 0.374062 0.666250
