2 0.615625 0.897917 0.060000 0.065000
2 0.575781 0.865625 0.043125 0.065000
2 0.330469 0.837500 0.007500 0.020000
2 0.644531 0.851042 0.050625 0.065000
2 0.597266 0.824479 0.055313 0.053750
2 0.596875 0.798958 0.018750 0.012500
2 0.487891 0.800000 0.019688 0.017500
2 0.427734 0.787500 0.021562 0.017500
2 0.582812 0.790625 0.015000 0.027500
2 0.469141 0.807813 0.139687 0.111250
2 0.418750 0.755208 0.026250 0.015000
2 0.328125 0.730208 0.009375 0.017500
2 0.396875 0.720833 0.016875 0.012500
2 0.388672 0.718750 0.012188 0.025000
2 0.599219 0.711458 0.016875 0.020000
2 0.399609 0.663021 0.027187 0.023750
2 0.329297 0.754167 0.308438 0.310000
2 0.652734 0.621354 0.010312 0.016250
2 0.409375 0.621875 0.013125 0.022500
2 0.559766 0.631250 0.062812 0.050000
2 0.486328 0.634896 0.064687 0.066250
2 0.355859 0.622396 0.044062 0.068750
2 0.446484 0.620833 0.034687 0.072500
2 0.378125 0.596875 0.028125 0.032500
2 0.683594 0.614583 0.037500 0.082500
2 0.304297 0.596875 0.044062 0.070000
2 0.396875 0.601562 0.041250 0.083750
2 0.348438 0.567708 0.061875 0.057500
2 0.525781 0.691667 0.249375 0.385000
2 0.433203 0.538021 0.015938 0.023750
2 0.155469 0.543750 0.043125 0.062500
2 0.217578 0.548438 0.090937 0.133750
2 0.462109 0.498958 0.014063 0.035000
2 0.193359 0.491146 0.040313 0.056250
2 0.714063 0.487500 0.052500 0.067500
2 0.395313 0.464062 0.026250 0.021250
2 0.358594 0.456771 0.018750 0.026250
2 0.327344 0.492708 0.097500 0.112500
2 0.467187 0.453125 0.011250 0.037500
2 0.419531 0.447917 0.056250 0.047500
2 0.445703 0.528125 0.239063 0.275000
2 0.583984 0.403125 0.014063 0.015000
2 0.630859 0.561458 0.197813 0.445000
2 0.557813 0.427083 0.073125 0.130000
2 0.285547 0.428125 0.119063 0.142500
2 0.434766 0.395313 0.122812 0.071250
2 0.391016 0.366146 0.107813 0.071250
2 0.651953 0.340104 0.059062 0.043750
2 0.320703 0.328646 0.059062 0.051250
2 0.427734 0.307292 0.010312 0.017500
2 0.580078 0.297917 0.017813 0.012500
2 0.416406 0.310417 0.061875 0.050000
2 0.360938 0.304688 0.052500 0.048750
2 0.650391 0.297917 0.060937 0.047500
2 0.701172 0.288542 0.059062 0.050000
2 0.265234 0.278646 0.059062 0.038750
2 0.660547 0.265104 0.021562 0.026250
2 0.332422 0.240104 0.014063 0.011250
2 0.529297 0.331250 0.182812 0.232500
2 0.654687 0.228125 0.030000 0.020000
2 0.673047 0.204167 0.012188 0.015000
2 0.461328 0.242708 0.087188 0.107500
2 0.337891 0.197917 0.010312 0.022500
2 0.378906 0.210938 0.048750 0.071250
2 0.325391 0.237500 0.072187 0.142500
2 0.543359 0.179688 0.060937 0.048750
2 0.644531 0.219271 0.226875 0.151250
2 0.475000 0.166667 0.046875 0.062500
2 0.346875 0.129167 0.011250 0.012500
2 0.350391 0.132812 0.038437 0.081250
2 0.598047 0.111458 0.059062 0.050000
