2 0.543438 0.828893 0.054750 0.040966
2 0.531250 0.816403 0.007500 0.012989
2 0.459375 0.837635 0.031500 0.067943
2 0.441563 0.827644 0.011250 0.043963
2 0.610938 0.822648 0.050250 0.049958
2 0.704375 0.820983 0.046500 0.053955
2 0.478750 0.808077 0.028500 0.028976
2 0.598437 0.795587 0.006750 0.012989
2 0.618437 0.792673 0.011250 0.011990
2 0.475938 0.788093 0.006750 0.012989
2 0.601562 0.784763 0.011250 0.010991
2 0.666250 0.781432 0.034500 0.022981
2 0.740625 0.792673 0.048000 0.051957
2 0.505625 0.792256 0.034500 0.050958
2 0.273125 0.794338 0.045000 0.055953
2 0.616250 0.775604 0.019500 0.014988
2 0.491563 0.778934 0.021750 0.036969
2 0.631250 0.784763 0.016500 0.052956
2 0.510000 0.770608 0.007500 0.024979
2 0.583438 0.766445 0.060750 0.026978
2 0.675312 0.758535 0.005250 0.019983
2 0.481563 0.759784 0.015750 0.022981
2 0.537188 0.753955 0.006750 0.016986
2 0.615938 0.748127 0.012750 0.010991
2 0.315312 0.777269 0.059250 0.086928
2 0.541250 0.780183 0.099000 0.095920
2 0.572187 0.746045 0.020250 0.021982
2 0.556250 0.737719 0.015000 0.007993
2 0.665625 0.759367 0.103500 0.067943
2 0.306250 0.740216 0.036000 0.035970
2 0.724063 0.742298 0.045750 0.048959
2 0.634062 0.726062 0.020250 0.019983
2 0.617188 0.724813 0.014250 0.018984
2 0.444688 0.719400 0.008250 0.013988
2 0.458750 0.759784 0.048000 0.116903
2 0.366875 0.736886 0.031500 0.067943
2 0.289687 0.722315 0.011250 0.040966
2 0.498125 0.718568 0.043500 0.043963
2 0.338125 0.727727 0.034500 0.065945
2 0.417812 0.760616 0.071250 0.152873
2 0.596562 0.723147 0.035250 0.072939
2 0.537188 0.717735 0.035250 0.063947
2 0.451562 0.701499 0.036750 0.024979
2 0.679375 0.696503 0.027000 0.014988
2 0.265937 0.721898 0.056250 0.081932
2 0.285625 0.699833 0.022500 0.042964
2 0.634375 0.694005 0.051000 0.056953
2 0.706250 0.694421 0.036000 0.063947
2 0.412500 0.668609 0.009000 0.017985
2 0.672500 0.670275 0.019500 0.023980
2 0.611875 0.673605 0.019500 0.049958
2 0.336562 0.658201 0.009750 0.016986
2 0.569063 0.678185 0.035250 0.076936
2 0.655312 0.688177 0.027750 0.102914
2 0.433750 0.648210 0.007500 0.014988
2 0.302812 0.689009 0.036750 0.112906
2 0.349375 0.637802 0.015000 0.011990
2 0.583750 0.642381 0.027000 0.026978
2 0.616875 0.637802 0.009000 0.031973
2 0.219062 0.629892 0.041250 0.054954
2 0.627812 0.604080 0.009750 0.006994
2 0.409687 0.625729 0.086250 0.062948
2 0.719063 0.616570 0.026250 0.050958
2 0.318750 0.623647 0.036000 0.067943
2 0.534062 0.602831 0.005250 0.019983
2 0.640625 0.594088 0.018000 0.008993
2 0.709063 0.589509 0.017250 0.021982
2 0.445625 0.588676 0.027000 0.035970
2 0.500938 0.579517 0.015750 0.021982
2 0.506250 0.590758 0.031500 0.058951
2 0.584688 0.567444 0.021750 0.022981
2 0.541562 0.561615 0.012750 0.016986
2 0.564375 0.575770 0.022500 0.062948
2 0.530312 0.568693 0.021750 0.051957
2 0.271875 0.574105 0.034500 0.070941
2 0.689375 0.548293 0.007500 0.024979
2 0.496563 0.624896 0.225750 0.212823
2 0.723437 0.562864 0.024750 0.071940
2 0.611250 0.592423 0.055500 0.144879
2 0.336875 0.582848 0.064500 0.123897
2 0.587187 0.541632 0.026250 0.034971
2 0.695625 0.550375 0.037500 0.061948
2 0.667813 0.532889 0.006750 0.025978
2 0.696875 0.525812 0.007500 0.018984
2 0.502812 0.519567 0.006750 0.015987
2 0.567813 0.527893 0.048750 0.045962
2 0.482812 0.514988 0.042750 0.022981
2 0.739688 0.524147 0.047250 0.058951
2 0.564063 0.504580 0.009750 0.013988
2 0.590938 0.506245 0.015750 0.029975
2 0.669063 0.499584 0.009750 0.017985
2 0.312188 0.511241 0.054750 0.047960
2 0.702812 0.516653 0.029250 0.066944
2 0.374375 0.553289 0.070500 0.156869
2 0.663750 0.587011 0.100500 0.239800
2 0.652500 0.484180 0.013500 0.006994
2 0.608125 0.483347 0.009000 0.012989
2 0.463438 0.490425 0.027750 0.029975
2 0.683750 0.488759 0.013500 0.033972
2 0.669375 0.477935 0.019500 0.017985
2 0.477500 0.478351 0.010500 0.034971
2 0.601562 0.471690 0.026250 0.020983
2 0.269688 0.488343 0.041250 0.060949
2 0.682813 0.467111 0.006750 0.015987
2 0.636250 0.481266 0.021000 0.051957
2 0.566562 0.461699 0.018750 0.012989
2 0.628437 0.465029 0.006750 0.022981
2 0.333750 0.472107 0.049500 0.053955
2 0.675625 0.454205 0.012000 0.012989
2 0.502188 0.537469 0.134250 0.212823
2 0.613437 0.486261 0.032250 0.091923
2 0.684063 0.452123 0.006750 0.017985
2 0.572187 0.449625 0.017250 0.011990
2 0.460938 0.450874 0.014250 0.016986
2 0.491250 0.455037 0.021000 0.044963
2 0.477187 0.444213 0.012750 0.024979
2 0.519687 0.444629 0.045750 0.031973
2 0.621250 0.440883 0.024000 0.030974
2 0.432812 0.487927 0.072750 0.153872
2 0.490625 0.428809 0.022500 0.013988
2 0.405625 0.448793 0.040500 0.061948
2 0.578750 0.455037 0.076500 0.090924
2 0.372500 0.442964 0.037500 0.071940
2 0.663125 0.435887 0.043500 0.062948
2 0.587500 0.411740 0.036000 0.020983
2 0.558438 0.407577 0.009750 0.020983
2 0.556250 0.410075 0.037500 0.076936
2 0.522188 0.395920 0.035250 0.064946
2 0.422812 0.395504 0.033750 0.063947
2 0.719688 0.433805 0.071250 0.157868
2 0.640312 0.372606 0.030750 0.038968
2 0.489375 0.392173 0.049500 0.087927
2 0.309063 0.376353 0.051750 0.049958
2 0.579688 0.356786 0.047250 0.054954
2 0.513125 0.346378 0.042000 0.055953
2 0.256250 0.326811 0.009000 0.014988
2 0.356250 0.326395 0.010500 0.015987
2 0.266562 0.333056 0.044250 0.035970
2 0.624687 0.382182 0.044250 0.173855
2 0.683438 0.374271 0.080250 0.176853
2 0.387188 0.351790 0.062250 0.122898
2 0.350313 0.317236 0.066750 0.067943
2 0.489375 0.305162 0.049500 0.044963
2 0.306875 0.315154 0.037500 0.068943
2 0.450000 0.313905 0.054000 0.117902
2 0.475938 0.272689 0.041250 0.062948
2 0.649375 0.312240 0.091500 0.173855
2 0.530312 0.251041 0.029250 0.066944
2 0.369375 0.249376 0.031500 0.068943
2 0.555000 0.226894 0.039000 0.028976
2 0.571250 0.234388 0.063000 0.082931
2 0.521563 0.198585 0.042750 0.044963
2 0.562813 0.160283 0.044250 0.044963
2 0.816250 0.600000 0.367500 1.000000
2 0.228375 0.600000 0.456750 1.000000
