2 0.503646 0.685937 0.023750 0.035625
2 0.512500 0.685156 0.035000 0.046875
2 0.753646 0.652344 0.056250 0.026250
2 0.626042 0.645312 0.040000 0.041250
2 0.524479 0.637500 0.053750 0.037500
2 0.688542 0.626563 0.055000 0.030000
2 0.400521 0.621484 0.058750 0.021562
2 0.467708 0.632031 0.087500 0.078750
2 0.797917 0.606250 0.055000 0.028125
2 0.778125 0.592187 0.035000 0.009375
2 0.596875 0.607422 0.092500 0.051562
2 0.488542 0.589063 0.047500 0.031875
2 0.786458 0.583203 0.035000 0.019688
2 0.448437 0.584375 0.061250 0.028125
2 0.765104 0.581641 0.098750 0.032813
2 0.544792 0.576562 0.062500 0.030000
2 0.707812 0.578125 0.051250 0.041250
2 0.850000 0.577734 0.055000 0.042188
2 0.786979 0.559766 0.016250 0.014063
2 0.727083 0.555859 0.015000 0.010312
2 0.702083 0.553516 0.020000 0.012188
2 0.509375 0.550781 0.110000 0.030000
2 0.772917 0.542578 0.060000 0.027187
2 0.824479 0.550391 0.056250 0.055313
2 0.656771 0.563672 0.173750 0.089063
2 0.523438 0.525391 0.058750 0.032813
2 0.768229 0.521875 0.056250 0.026250
2 0.687500 0.518750 0.040000 0.031875
2 0.293229 0.515625 0.046250 0.028125
2 0.391667 0.536719 0.120000 0.080625
2 0.508854 0.507812 0.016250 0.016875
2 0.327604 0.500391 0.056250 0.023438
2 0.537500 0.500000 0.017500 0.026250
2 0.690104 0.494141 0.056250 0.030937
2 0.503646 0.491016 0.036250 0.023438
2 0.244271 0.494531 0.048750 0.031875
2 0.766146 0.488672 0.056250 0.029062
2 0.636458 0.495312 0.067500 0.065625
2 0.419792 0.490625 0.095000 0.065625
2 0.667708 0.471484 0.022500 0.027187
2 0.789583 0.472656 0.055000 0.046875
2 0.752604 0.459766 0.026250 0.017813
2 0.730208 0.471094 0.087500 0.048750
2 0.294271 0.475391 0.076250 0.059062
2 0.467187 0.481250 0.058750 0.075000
2 0.733333 0.456250 0.015000 0.020625
2 0.431771 0.448047 0.053750 0.036562
2 0.383854 0.440625 0.038750 0.043125
2 0.665625 0.450781 0.067500 0.069375
2 0.566146 0.429688 0.036250 0.020625
2 0.727083 0.432031 0.030000 0.033750
2 0.804167 0.430078 0.042500 0.042188
2 0.777604 0.431641 0.021250 0.047812
2 0.691667 0.428906 0.052500 0.043125
2 0.549479 0.465234 0.176250 0.175313
2 0.469792 0.416016 0.052500 0.060937
2 0.611458 0.411719 0.070000 0.056250
2 0.547396 0.400000 0.101250 0.033750
2 0.426042 0.410547 0.067500 0.059062
2 0.576042 0.387891 0.012500 0.010312
2 0.672917 0.394531 0.057500 0.028125
2 0.482292 0.382031 0.022500 0.018750
2 0.631250 0.377734 0.060000 0.030937
2 0.317188 0.402344 0.111250 0.091875
2 0.450000 0.376953 0.042500 0.034687
2 0.590104 0.371094 0.028750 0.031875
2 0.534375 0.369531 0.102500 0.033750
2 0.587500 0.341797 0.015000 0.010312
2 0.358333 0.378516 0.167500 0.104062
2 0.560937 0.338281 0.041250 0.011250
2 0.628646 0.342969 0.111250 0.045000
2 0.543750 0.328906 0.025000 0.015000
2 0.460938 0.344922 0.088750 0.060937
2 0.347917 0.326953 0.055000 0.027187
2 0.520312 0.321484 0.016250 0.015938
2 0.567187 0.320703 0.038750 0.027187
2 0.440625 0.307031 0.030000 0.011250
2 0.513021 0.330859 0.076250 0.083437
2 0.533333 0.304297 0.045000 0.023438
2 0.532292 0.297656 0.020000 0.007500
2 0.461458 0.300391 0.030000 0.017813
2 0.547917 0.288672 0.035000 0.012188
2 0.484375 0.289844 0.022500 0.024375
2 0.469792 0.282813 0.022500 0.009375
2 0.664583 0.282422 0.025000 0.023438
2 0.516667 0.280469 0.037500 0.026250
2 0.400000 0.303516 0.125000 0.089063
2 0.647917 0.335156 0.222500 0.196875
2 0.605208 0.248047 0.047500 0.032813
2 0.676562 0.243359 0.053750 0.032813
2 0.636458 0.223828 0.047500 0.038437
