2 0.473047 0.575521 0.034687 0.058750
2 0.467187 0.553646 0.007500 0.016250
2 0.452734 0.536458 0.025312 0.045000
2 0.527344 0.523958 0.020625 0.047500
2 0.490625 0.545312 0.063750 0.098750
2 0.668359 0.506250 0.015938 0.007500
2 0.626563 0.539583 0.127500 0.100000
2 0.564844 0.530729 0.045000 0.091250
2 0.416406 0.494792 0.022500 0.047500
2 0.575000 0.492188 0.045000 0.048750
2 0.506641 0.479167 0.025312 0.022500
2 0.775000 0.486458 0.030000 0.042500
2 0.671094 0.479687 0.015000 0.028750
2 0.616406 0.475521 0.028125 0.033750
2 0.505078 0.467708 0.017813 0.017500
2 0.528516 0.464062 0.030937 0.018750
2 0.480469 0.483854 0.033750 0.083750
2 0.642578 0.463542 0.023438 0.047500
2 0.557813 0.463021 0.073125 0.048750
2 0.795312 0.458854 0.033750 0.046250
2 0.604297 0.483854 0.036562 0.128750
2 0.443359 0.447396 0.023438 0.046250
2 0.549219 0.438542 0.035625 0.030000
2 0.720703 0.440625 0.038437 0.050000
2 0.764453 0.440625 0.057188 0.065000
2 0.660156 0.432292 0.024375 0.050000
2 0.567578 0.415625 0.030937 0.037500
2 0.733594 0.407813 0.024375 0.023750
2 0.644922 0.410417 0.081562 0.055000
2 0.754687 0.404167 0.024375 0.047500
2 0.711719 0.432292 0.091875 0.117500
2 0.655469 0.386979 0.011250 0.011250
2 0.431641 0.394792 0.030937 0.035000
2 0.498828 0.409896 0.074063 0.098750
2 0.620313 0.375521 0.018750 0.028750
2 0.591797 0.375521 0.032813 0.028750
2 0.580469 0.386979 0.076875 0.061250
2 0.535937 0.373437 0.024375 0.038750
2 0.675000 0.371875 0.024375 0.037500
2 0.638672 0.370312 0.019688 0.038750
2 0.655078 0.358333 0.012188 0.017500
2 0.574219 0.355208 0.016875 0.010000
2 0.734766 0.366146 0.029062 0.041250
2 0.466016 0.377083 0.045937 0.072500
2 0.600391 0.350521 0.044062 0.028750
2 0.645312 0.341667 0.033750 0.027500
2 0.739453 0.342187 0.053437 0.056250
2 0.495312 0.338542 0.022500 0.050000
2 0.620313 0.335417 0.020625 0.047500
2 0.693359 0.369792 0.074063 0.132500
2 0.640625 0.326042 0.028125 0.030000
2 0.445312 0.322917 0.030000 0.025000
2 0.591797 0.323437 0.038437 0.033750
2 0.662109 0.315104 0.021562 0.021250
2 0.539844 0.330729 0.022500 0.058750
2 0.752344 0.310937 0.007500 0.018750
2 0.687891 0.313542 0.014063 0.027500
2 0.625391 0.305208 0.023438 0.015000
2 0.451562 0.304167 0.015000 0.012500
2 0.742969 0.316667 0.028125 0.045000
2 0.636328 0.307812 0.025312 0.023750
2 0.406250 0.301563 0.037500 0.021250
2 0.579297 0.320833 0.068437 0.070000
2 0.675781 0.297396 0.016875 0.016250
2 0.566406 0.293750 0.026250 0.020000
2 0.488672 0.295833 0.023438 0.037500
2 0.733594 0.288542 0.007500 0.022500
2 0.519531 0.315104 0.028125 0.086250
2 0.708594 0.294271 0.033750 0.053750
2 0.617969 0.261458 0.013125 0.027500
2 0.612109 0.267188 0.029062 0.046250
2 0.496094 0.264062 0.022500 0.041250
2 0.644531 0.264583 0.048750 0.045000
2 0.453516 0.271354 0.064687 0.063750
2 0.675000 0.255208 0.045000 0.042500
2 0.574219 0.260937 0.050625 0.058750
2 0.622266 0.229687 0.034687 0.033750
2 0.739844 0.257812 0.071250 0.106250
2 0.540234 0.218750 0.025312 0.020000
2 0.705859 0.248438 0.055313 0.093750
2 0.661719 0.222396 0.031875 0.036250
2 0.539453 0.236458 0.066562 0.070000
2 0.467578 0.221354 0.015938 0.046250
2 0.646094 0.209375 0.015000 0.035000
2 0.546875 0.197396 0.007500 0.028750
2 0.663672 0.193229 0.010312 0.038750
2 0.700000 0.183854 0.028125 0.051250
2 0.574609 0.179167 0.017813 0.042500
2 0.657422 0.173437 0.068437 0.073750
2 0.563672 0.152083 0.023438 0.027500
2 0.598047 0.156250 0.047812 0.060000
2 0.581641 0.109375 0.012188 0.015000
2 0.585156 0.114583 0.026250 0.037500
