2 0.606771 0.663672 0.028750 0.040313
2 0.397396 0.651953 0.048750 0.023438
2 0.504687 0.637500 0.036250 0.033750
2 0.448437 0.625000 0.048750 0.024375
2 0.591146 0.623828 0.043750 0.032813
2 0.353646 0.615234 0.046250 0.025312
2 0.694792 0.602344 0.050000 0.018750
2 0.639062 0.614844 0.068750 0.069375
2 0.523958 0.602734 0.077500 0.047812
2 0.384896 0.593359 0.071250 0.027187
2 0.306250 0.594141 0.045000 0.034687
2 0.429167 0.585156 0.042500 0.031875
2 0.615104 0.580469 0.041250 0.026250
2 0.648958 0.573438 0.055000 0.024375
2 0.566667 0.573047 0.055000 0.025312
2 0.333854 0.573047 0.026250 0.034687
2 0.428646 0.562109 0.021250 0.014063
2 0.477083 0.555078 0.022500 0.006563
2 0.367708 0.564844 0.050000 0.035625
2 0.320312 0.560156 0.041250 0.024375
2 0.469792 0.569141 0.152500 0.075938
2 0.593229 0.548828 0.093750 0.029062
2 0.369271 0.540234 0.048750 0.021562
2 0.589063 0.512891 0.013750 0.012188
2 0.367708 0.512109 0.050000 0.023438
2 0.691146 0.528906 0.103750 0.069375
2 0.563542 0.507422 0.017500 0.021562
2 0.620833 0.505469 0.030000 0.018750
2 0.774479 0.505078 0.036250 0.025312
2 0.381771 0.500781 0.033750 0.018750
2 0.628646 0.491797 0.033750 0.012188
2 0.742708 0.493359 0.047500 0.019688
2 0.651563 0.488281 0.013750 0.009375
2 0.666667 0.499219 0.070000 0.041250
2 0.586458 0.493750 0.045000 0.028125
2 0.457813 0.512891 0.106250 0.075938
2 0.376042 0.487109 0.022500 0.014063
2 0.344271 0.498437 0.046250 0.043125
2 0.404167 0.494922 0.052500 0.042188
2 0.812500 0.483594 0.040000 0.028125
2 0.645833 0.477734 0.045000 0.019688
2 0.610417 0.475391 0.025000 0.036562
2 0.584896 0.470313 0.041250 0.026250
2 0.418229 0.466016 0.026250 0.019688
2 0.328125 0.464453 0.040000 0.034687
2 0.767708 0.470313 0.065000 0.050625
2 0.380729 0.460547 0.061250 0.027187
2 0.452083 0.473438 0.047500 0.060000
2 0.647917 0.455859 0.047500 0.029062
2 0.423438 0.451562 0.033750 0.028125
2 0.687500 0.446094 0.035000 0.035625
2 0.654167 0.433203 0.012500 0.025312
2 0.435417 0.426172 0.050000 0.023438
2 0.503646 0.436328 0.088750 0.051562
2 0.555729 0.475781 0.163750 0.161250
2 0.470313 0.408594 0.053750 0.024375
2 0.596354 0.400781 0.018750 0.011250
2 0.680208 0.416406 0.132500 0.058125
2 0.503646 0.400781 0.023750 0.028125
2 0.623958 0.396484 0.040000 0.027187
2 0.527083 0.390625 0.027500 0.015000
2 0.550000 0.400000 0.090000 0.041250
2 0.741667 0.410547 0.095000 0.070312
2 0.707292 0.385547 0.015000 0.015938
2 0.627083 0.382812 0.020000 0.016875
2 0.447917 0.385547 0.045000 0.023438
2 0.507292 0.378125 0.027500 0.018750
2 0.630208 0.368750 0.030000 0.013125
2 0.600521 0.366406 0.048750 0.046875
2 0.624479 0.335547 0.026250 0.008437
2 0.571354 0.347656 0.046250 0.043125
2 0.581250 0.318750 0.012500 0.009375
2 0.595833 0.317188 0.020000 0.007500
2 0.555729 0.317969 0.028750 0.022500
2 0.465625 0.376172 0.227500 0.171563
2 0.685417 0.353125 0.180000 0.127500
2 0.416146 0.296875 0.043750 0.030000
2 0.458333 0.310937 0.082500 0.065625
2 0.446875 0.276953 0.042500 0.030937
2 0.535000 0.555937 1.000000 1.000000
