2 0.934000 0.953500 0.132000 0.093000
2 0.910000 0.926250 0.060000 0.045000
2 0.965500 0.910000 0.069000 0.042000
2 0.936250 0.890000 0.033000 0.030000
2 0.218750 0.873750 0.039000 0.027000
2 0.968500 0.845000 0.063000 0.048000
2 0.593750 0.840000 0.027000 0.036000
2 0.656250 0.842500 0.057000 0.048000
2 0.610000 0.889000 0.192000 0.222000
2 0.742500 0.817500 0.024000 0.048000
2 0.183750 0.830000 0.063000 0.090000
2 0.695000 0.717500 0.048000 0.054000
2 0.183750 0.718750 0.039000 0.063000
2 0.470000 0.668750 0.036000 0.063000
2 0.526250 0.620000 0.039000 0.054000
2 0.365000 0.516250 0.036000 0.063000
2 0.381000 0.692500 0.762000 0.615000
2 0.718750 0.417500 0.075000 0.102000
2 0.672500 0.427500 0.090000 0.144000
2 0.590000 0.433750 0.168000 0.171000
2 0.351250 0.361250 0.045000 0.033000
2 0.111250 0.207500 0.045000 0.036000
2 0.240000 0.187500 0.084000 0.072000
2 0.711250 0.168750 0.045000 0.051000
2 0.021000 0.175000 0.042000 0.090000
2 0.742500 0.117500 0.024000 0.042000
2 0.623750 0.097500 0.033000 0.036000
2 0.817500 0.092500 0.066000 0.054000
2 0.049500 0.106250 0.099000 0.105000
2 0.812500 0.045000 0.066000 0.054000
2 0.982000 0.035000 0.036000 0.060000
2 0.422500 0.021250 0.036000 0.039000
2 0.770000 0.025500 0.066000 0.051000
2 0.450000 0.024000 0.042000 0.048000
2 0.600000 0.600000 1.000000 1.000000
2 0.037500 0.024000 0.075000 0.048000
