2 0.095250 0.917569 0.190500 0.164863
2 0.518125 0.703997 0.016500 0.008993
2 0.473750 0.691507 0.015000 0.010991
2 0.521250 0.691507 0.009000 0.016986
2 0.436250 0.678601 0.018000 0.009992
2 0.458750 0.670275 0.019500 0.009992
2 0.322500 0.655704 0.036000 0.028976
2 0.428125 0.653622 0.069000 0.041965
2 0.409687 0.639051 0.012750 0.014988
2 0.349687 0.649459 0.021750 0.043963
2 0.403438 0.634055 0.039750 0.028976
2 0.318750 0.614488 0.012000 0.017985
2 0.549687 0.619484 0.030750 0.035970
2 0.345625 0.615737 0.034500 0.036969
2 0.314688 0.618651 0.023250 0.043963
2 0.476250 0.611157 0.054000 0.039967
2 0.517500 0.652789 0.189000 0.145878
2 0.517500 0.584097 0.009000 0.012989
2 0.638437 0.592839 0.021750 0.041965
2 0.477500 0.581599 0.033000 0.024979
2 0.512500 0.578268 0.031500 0.032973
2 0.545937 0.579517 0.029250 0.037968
2 0.602500 0.587427 0.036000 0.058951
2 0.504062 0.559534 0.006750 0.015987
2 0.359375 0.554954 0.006000 0.010991
2 0.334062 0.557452 0.011250 0.020983
2 0.500000 0.549542 0.009000 0.021982
2 0.600625 0.549958 0.030000 0.028976
2 0.524375 0.549958 0.039000 0.030974
2 0.475313 0.552873 0.015750 0.041965
2 0.625313 0.550791 0.020250 0.038968
2 0.491875 0.554538 0.019500 0.051957
2 0.408438 0.602415 0.180750 0.180849
2 0.563438 0.527893 0.011250 0.029975
2 0.395937 0.521232 0.038250 0.031973
2 0.556562 0.518734 0.017250 0.027977
2 0.447500 0.531640 0.102000 0.086928
2 0.533125 0.502914 0.012000 0.021982
2 0.342500 0.497086 0.010500 0.017985
2 0.601562 0.501249 0.015750 0.037968
2 0.539062 0.510408 0.042750 0.063947
2 0.371250 0.499167 0.054000 0.058951
2 0.526563 0.486678 0.017250 0.032973
2 0.333125 0.474604 0.007500 0.017985
2 0.580313 0.491674 0.059250 0.082931
2 0.514687 0.460033 0.009750 0.016986
2 0.385000 0.453789 0.019500 0.039967
2 0.460938 0.470858 0.068250 0.098918
2 0.445312 0.430891 0.033750 0.030974
2 0.419375 0.420067 0.006000 0.022981
2 0.580000 0.422565 0.031500 0.034971
2 0.504062 0.464197 0.066750 0.156869
2 0.619375 0.410075 0.031500 0.030974
2 0.533438 0.422981 0.056250 0.063947
2 0.822625 0.635803 0.354750 0.728393
2 0.421875 0.401749 0.019500 0.020983
2 0.559063 0.395920 0.032250 0.024979
2 0.374688 0.399251 0.023250 0.034971
2 0.347187 0.470858 0.081750 0.206828
2 0.440625 0.400500 0.021000 0.041965
2 0.369375 0.379267 0.009000 0.010991
2 0.416875 0.388010 0.022500 0.033972
2 0.527813 0.383014 0.035250 0.033972
2 0.455313 0.376769 0.023250 0.018984
2 0.433750 0.380516 0.016500 0.031973
2 0.431250 0.363031 0.019500 0.035970
2 0.386875 0.423397 0.109500 0.186844
2 0.591875 0.368859 0.039000 0.093922
2 0.435312 0.333888 0.009750 0.017985
2 0.389688 0.334721 0.032250 0.027977
2 0.565937 0.337219 0.023250 0.047960
2 0.475000 0.353872 0.084000 0.101915
2 0.510000 0.335137 0.043500 0.076936
2 0.600313 0.307244 0.006750 0.023980
2 0.442812 0.321399 0.048750 0.057952
2 0.592500 0.300999 0.022500 0.042964
2 0.518437 0.286428 0.032250 0.029975
2 0.405000 0.277269 0.016500 0.007993
2 0.476562 0.274771 0.035250 0.027977
2 0.373125 0.249376 0.009000 0.008993
2 0.399062 0.275604 0.102750 0.119900
2 0.455313 0.218568 0.030750 0.034971
2 0.904750 0.082431 0.190500 0.164863
2 0.177375 0.364197 0.354750 0.728393
