2 0.439063 0.697396 0.022500 0.038750
2 0.424609 0.659896 0.021562 0.036250
2 0.455859 0.661979 0.044062 0.058750
2 0.437500 0.634375 0.016875 0.042500
2 0.508984 0.625521 0.025312 0.043750
2 0.485547 0.597396 0.032813 0.031250
2 0.344922 0.571875 0.015938 0.045000
2 0.410938 0.584375 0.061875 0.092500
2 0.482031 0.560937 0.030000 0.041250
2 0.441016 0.569271 0.032813 0.066250
2 0.579297 0.540625 0.006563 0.017500
2 0.604297 0.541146 0.029062 0.041250
2 0.553125 0.603125 0.170625 0.197500
2 0.375391 0.539062 0.021562 0.046250
2 0.373437 0.506771 0.026250 0.033750
2 0.337891 0.520312 0.059062 0.071250
2 0.617188 0.504167 0.022500 0.035000
2 0.297266 0.492708 0.017813 0.010000
2 0.578516 0.506250 0.060937 0.062500
2 0.298047 0.483854 0.038437 0.028750
2 0.335938 0.475000 0.030000 0.042500
2 0.553906 0.467708 0.013125 0.027500
2 0.548438 0.443229 0.026250 0.023750
2 0.647266 0.440625 0.025312 0.040000
2 0.475781 0.490104 0.193125 0.191250
2 0.669141 0.418229 0.032813 0.036250
2 0.545312 0.409896 0.026250 0.046250
2 0.369922 0.435937 0.060937 0.113750
2 0.629297 0.406771 0.040313 0.058750
2 0.331250 0.394271 0.033750 0.031250
2 0.395313 0.401562 0.067500 0.076250
2 0.655469 0.382812 0.026250 0.046250
2 0.597266 0.427083 0.092812 0.192500
2 0.435547 0.354687 0.025312 0.033750
2 0.595313 0.343750 0.009375 0.012500
2 0.488672 0.410417 0.139687 0.180000
2 0.561719 0.339062 0.015000 0.011250
2 0.407422 0.340104 0.017813 0.021250
2 0.348438 0.344792 0.026250 0.045000
2 0.599219 0.339583 0.031875 0.035000
2 0.386719 0.335417 0.033750 0.035000
2 0.486719 0.322396 0.016875 0.011250
2 0.406641 0.356771 0.049687 0.098750
2 0.554297 0.315104 0.014063 0.013750
2 0.502344 0.313021 0.009375 0.013750
2 0.475000 0.323437 0.041250 0.073750
2 0.461719 0.292708 0.024375 0.045000
2 0.434375 0.289583 0.020625 0.045000
2 0.328516 0.290625 0.023438 0.047500
2 0.377734 0.277083 0.008437 0.022500
2 0.414453 0.282813 0.030937 0.051250
2 0.385937 0.286458 0.028125 0.080000
2 0.518750 0.323437 0.142500 0.173750
2 0.374609 0.257812 0.042188 0.046250
2 0.422656 0.236979 0.024375 0.038750
2 0.398828 0.228646 0.051562 0.073750
