2 0.516797 0.902604 0.060937 0.061250
2 0.676953 0.895833 0.060937 0.062500
2 0.611328 0.877083 0.085312 0.062500
2 0.591406 0.863542 0.009375 0.032500
2 0.256250 0.860938 0.065625 0.043750
2 0.566797 0.840104 0.015938 0.011250
2 0.323828 0.849479 0.060937 0.041250
2 0.598828 0.848958 0.029062 0.042500
2 0.562891 0.847396 0.068437 0.058750
2 0.653125 0.821354 0.073125 0.053750
2 0.528516 0.815625 0.062812 0.060000
2 0.342187 0.799479 0.054375 0.056250
2 0.285938 0.789583 0.088125 0.082500
2 0.573828 0.780208 0.044062 0.070000
2 0.431250 0.791667 0.120000 0.130000
2 0.755469 0.747396 0.043125 0.076250
2 0.405078 0.723437 0.064687 0.043750
2 0.618750 0.720833 0.060000 0.070000
2 0.560547 0.715625 0.117188 0.102500
2 0.690234 0.704688 0.119063 0.083750
2 0.467578 0.671875 0.070312 0.047500
2 0.445703 0.690104 0.104062 0.106250
2 0.341406 0.672396 0.050625 0.071250
2 0.800781 0.664583 0.052500 0.072500
2 0.116406 0.639583 0.009375 0.022500
2 0.891016 0.643750 0.064687 0.057500
2 0.394531 0.638542 0.050625 0.085000
2 0.580859 0.652604 0.119063 0.128750
2 0.396094 0.591667 0.024375 0.015000
2 0.408984 0.585417 0.019688 0.017500
2 0.482812 0.567187 0.007500 0.028750
2 0.777344 0.588021 0.041250 0.081250
2 0.742969 0.553646 0.020625 0.011250
2 0.410938 0.575000 0.071250 0.062500
2 0.819141 0.553646 0.053437 0.073750
2 0.170625 0.713125 0.341250 0.573750
2 0.375781 0.528646 0.013125 0.038750
2 0.442188 0.511458 0.020625 0.012500
2 0.705859 0.601042 0.173437 0.230000
2 0.331641 0.505729 0.023438 0.016250
2 0.850000 0.514062 0.020625 0.043750
2 0.339844 0.495312 0.011250 0.013750
2 0.497266 0.571875 0.325313 0.232500
2 0.784766 0.453125 0.055313 0.067500
2 0.863281 0.492708 0.195000 0.170000
2 0.441016 0.422396 0.015938 0.018750
2 0.862500 0.430208 0.054375 0.070000
2 0.381641 0.384896 0.012188 0.016250
2 0.780078 0.370833 0.012188 0.017500
2 0.766016 0.369271 0.012188 0.021250
2 0.358594 0.350521 0.022500 0.023750
2 0.737500 0.313542 0.013125 0.020000
2 0.282422 0.529687 0.248438 0.543750
2 0.528906 0.239583 0.007500 0.017500
2 0.454688 0.235937 0.035625 0.026250
2 0.561719 0.218229 0.016875 0.016250
2 0.383984 0.218229 0.066562 0.048750
2 0.566016 0.356771 0.546563 0.401250
2 0.453516 0.153125 0.070312 0.055000
2 0.394531 0.155208 0.046875 0.085000
2 0.874375 0.211250 0.251250 0.422500
