2 0.168000 0.931000 0.336000 0.138000
2 0.382500 0.910000 0.138000 0.120000
2 0.935500 0.902500 0.129000 0.138000
2 0.846250 0.868750 0.027000 0.069000
2 0.396250 0.855000 0.075000 0.042000
2 0.538750 0.872500 0.105000 0.126000
2 0.778750 0.857500 0.117000 0.096000
2 0.347500 0.823750 0.024000 0.057000
2 0.488750 0.822500 0.141000 0.078000
2 0.851250 0.807500 0.081000 0.072000
2 0.420000 0.760000 0.096000 0.054000
2 0.496250 0.737500 0.045000 0.036000
2 0.931000 0.777500 0.138000 0.138000
2 0.806250 0.736250 0.045000 0.051000
2 0.865000 0.735000 0.072000 0.054000
2 0.448750 0.723750 0.027000 0.063000
2 0.758750 0.748750 0.093000 0.159000
2 0.893750 0.692500 0.069000 0.054000
2 0.321250 0.731250 0.111000 0.147000
2 0.985000 0.702500 0.030000 0.084000
2 0.645000 0.728750 0.090000 0.159000
2 0.561250 0.723750 0.093000 0.165000
2 0.953750 0.683750 0.051000 0.075000
2 0.838750 0.687500 0.039000 0.084000
2 0.391250 0.690000 0.039000 0.096000
2 0.843750 0.660000 0.171000 0.120000
2 0.965500 0.626250 0.069000 0.057000
2 0.891250 0.606250 0.099000 0.057000
2 0.441250 0.622500 0.099000 0.162000
2 0.803750 0.562500 0.045000 0.054000
2 0.761250 0.567500 0.045000 0.090000
2 0.187500 0.568750 0.102000 0.147000
2 0.680000 0.528750 0.126000 0.063000
2 0.570000 0.502500 0.060000 0.048000
2 0.726250 0.500000 0.117000 0.060000
2 0.883000 0.532500 0.234000 0.168000
2 0.532500 0.523750 0.228000 0.171000
2 0.780000 0.440000 0.150000 0.090000
2 0.567500 0.432500 0.120000 0.096000
2 0.612500 0.428750 0.126000 0.129000
2 0.332500 0.427500 0.096000 0.156000
2 0.636250 0.386250 0.039000 0.069000
2 0.862500 0.395000 0.126000 0.126000
2 0.505000 0.355000 0.144000 0.084000
2 0.880000 0.306250 0.240000 0.225000
2 0.618750 0.278750 0.231000 0.183000
2 0.310000 0.248750 0.126000 0.123000
2 0.928750 0.203750 0.105000 0.039000
2 0.748750 0.236250 0.105000 0.141000
2 0.953500 0.258750 0.093000 0.219000
2 0.983500 0.141250 0.033000 0.027000
2 0.867500 0.158750 0.090000 0.069000
2 0.928750 0.142500 0.057000 0.036000
2 0.462500 0.221250 0.216000 0.225000
2 0.958750 0.121250 0.027000 0.045000
2 0.853750 0.083750 0.051000 0.045000
2 0.916250 0.080000 0.093000 0.096000
2 0.601250 0.106250 0.099000 0.159000
2 0.785000 0.131250 0.090000 0.243000
2 0.973000 0.045000 0.054000 0.066000
2 0.911250 0.019500 0.111000 0.039000
2 0.707500 0.096000 0.138000 0.192000
2 0.606250 0.012000 0.057000 0.024000
2 0.405000 0.031500 0.138000 0.063000
