2 0.418750 0.893006 0.009000 0.010991
2 0.420000 0.888843 0.037500 0.072939
2 0.657813 0.867194 0.057750 0.042964
2 0.533750 0.840133 0.040500 0.059950
2 0.391250 0.832639 0.060000 0.045962
2 0.595625 0.817236 0.057000 0.044963
2 0.436563 0.815154 0.053250 0.061948
2 0.394375 0.798085 0.019500 0.038968
2 0.717187 0.771857 0.009750 0.007993
2 0.374688 0.768943 0.012750 0.008993
2 0.317500 0.773522 0.058500 0.033972
2 0.370312 0.783514 0.060750 0.083930
2 0.694375 0.756869 0.027000 0.023980
2 0.506563 0.775187 0.090750 0.087927
2 0.654062 0.755204 0.056250 0.043963
2 0.744062 0.759367 0.074250 0.065945
2 0.613125 0.743131 0.046500 0.056953
2 0.403125 0.733139 0.048000 0.046961
2 0.701250 0.763114 0.078000 0.130891
2 0.455625 0.719817 0.060000 0.044963
2 0.362187 0.719817 0.057750 0.044963
2 0.601875 0.701499 0.030000 0.038968
2 0.679688 0.693589 0.060750 0.041965
2 0.730000 0.694005 0.055500 0.044963
2 0.546250 0.712323 0.127500 0.142881
2 0.422812 0.674022 0.107250 0.054954
2 0.675000 0.657785 0.057000 0.039967
2 0.600313 0.646545 0.012750 0.012989
2 0.326250 0.656953 0.081000 0.079933
2 0.460938 0.639051 0.120750 0.054954
2 0.607187 0.664863 0.071250 0.124896
2 0.560312 0.614904 0.036750 0.070941
2 0.292500 0.618651 0.075000 0.085928
2 0.437188 0.596170 0.051750 0.045962
2 0.215000 0.592423 0.045000 0.046961
2 0.659375 0.558285 0.021000 0.032973
2 0.596250 0.582848 0.066000 0.099917
2 0.648438 0.547044 0.033750 0.029975
2 0.168437 0.552456 0.047250 0.050958
2 0.635938 0.566611 0.077250 0.088926
2 0.337500 0.567860 0.093000 0.103913
2 0.401875 0.556203 0.103500 0.121898
2 0.228437 0.536636 0.102750 0.116903
2 0.713125 0.512490 0.043500 0.066944
2 0.349375 0.498751 0.055500 0.055953
2 0.473125 0.478768 0.018000 0.013988
2 0.603437 0.489176 0.042750 0.052956
2 0.368437 0.466694 0.017250 0.020983
2 0.303438 0.480017 0.041250 0.066944
2 0.388125 0.461282 0.051000 0.073938
2 0.455313 0.415903 0.026250 0.026978
2 0.377812 0.409242 0.012750 0.014988
2 0.544063 0.406328 0.060750 0.045962
2 0.339062 0.391757 0.006750 0.014988
2 0.393750 0.412157 0.069000 0.065945
2 0.355625 0.389259 0.016500 0.014988
2 0.666250 0.401749 0.034500 0.076936
2 0.378437 0.378435 0.018750 0.030974
2 0.251563 0.410075 0.138750 0.140883
2 0.303750 0.352623 0.007500 0.014988
2 0.364687 0.354288 0.015750 0.022981
2 0.517188 0.348876 0.017250 0.011990
2 0.558438 0.333472 0.020250 0.022981
2 0.523438 0.352206 0.156750 0.069942
2 0.562187 0.472523 0.384750 0.358701
2 0.412813 0.339717 0.045750 0.043963
2 0.567813 0.327227 0.014250 0.015987
2 0.354687 0.304746 0.012750 0.009992
2 0.425938 0.306828 0.053250 0.040966
2 0.593125 0.373022 0.078000 0.201832
2 0.637188 0.313905 0.038250 0.067943
2 0.552188 0.248959 0.017250 0.011990
2 0.439688 0.258118 0.104250 0.101915
2 0.495312 0.228143 0.059250 0.045962
2 0.517500 0.272273 0.174000 0.169858
2 0.312188 0.338884 0.242250 0.329725
2 0.591875 0.190258 0.052500 0.054954
2 0.521875 0.189425 0.048000 0.054954
2 0.554688 0.152789 0.053250 0.060949
2 0.647813 0.600000 0.501750 1.000000
2 0.231250 0.600000 0.388500 1.000000
