2 0.648750 0.983500 0.093000 0.033000
2 0.737500 0.965500 0.030000 0.069000
2 0.398750 0.958000 0.111000 0.084000
2 0.850000 0.952000 0.096000 0.096000
2 0.236250 0.922000 0.087000 0.156000
2 0.670000 0.918750 0.102000 0.129000
2 0.156250 0.888750 0.099000 0.171000
2 0.938500 0.868000 0.123000 0.264000
2 0.325000 0.857500 0.132000 0.285000
2 0.516250 0.848500 0.327000 0.303000
2 0.856250 0.758750 0.117000 0.165000
2 0.496250 0.711250 0.141000 0.117000
2 0.950500 0.723750 0.099000 0.159000
2 0.082500 0.730000 0.156000 0.276000
2 0.977500 0.628750 0.045000 0.039000
2 0.447500 0.637500 0.138000 0.108000
2 0.827500 0.636250 0.102000 0.159000
2 0.551250 0.596250 0.153000 0.099000
2 0.971500 0.570000 0.057000 0.048000
2 0.738750 0.560000 0.081000 0.138000
2 0.395000 0.500000 0.120000 0.078000
2 0.448750 0.521250 0.189000 0.153000
2 0.248750 0.613750 0.291000 0.399000
2 0.755000 0.658000 0.354000 0.684000
2 0.743750 0.465000 0.045000 0.096000
2 0.057500 0.457500 0.108000 0.156000
2 0.777500 0.427500 0.030000 0.090000
2 0.323750 0.430000 0.093000 0.108000
2 0.221250 0.435000 0.135000 0.120000
2 0.733750 0.397500 0.099000 0.072000
2 0.646250 0.403750 0.087000 0.111000
2 0.705000 0.335000 0.084000 0.108000
2 0.585000 0.398750 0.180000 0.333000
2 0.441250 0.297500 0.087000 0.156000
2 0.823000 0.432500 0.354000 0.540000
2 0.378750 0.272500 0.087000 0.174000
2 0.618750 0.272500 0.141000 0.180000
2 0.282500 0.217500 0.036000 0.066000
2 0.328750 0.175000 0.093000 0.162000
2 0.413750 0.130000 0.099000 0.150000
2 0.348750 0.022500 0.033000 0.045000
2 0.223750 0.229500 0.195000 0.459000
