2 0.514844 0.665625 0.022500 0.027500
2 0.490234 0.661979 0.027187 0.066250
2 0.482031 0.619792 0.022500 0.025000
2 0.451562 0.560417 0.016875 0.035000
2 0.522656 0.553646 0.020625 0.036250
2 0.415234 0.554167 0.044062 0.080000
2 0.571875 0.525000 0.015000 0.022500
2 0.588281 0.547396 0.037500 0.081250
2 0.439844 0.548438 0.065625 0.101250
2 0.399609 0.510417 0.023438 0.022500
2 0.580469 0.503125 0.018750 0.027500
2 0.598828 0.517708 0.027187 0.065000
2 0.502344 0.571354 0.120000 0.193750
2 0.432812 0.495833 0.013125 0.042500
2 0.628906 0.486458 0.020625 0.032500
2 0.386328 0.483854 0.014063 0.026250
2 0.602344 0.483854 0.020625 0.031250
2 0.400781 0.460938 0.013125 0.011250
2 0.617188 0.467187 0.043125 0.033750
2 0.648438 0.466146 0.015000 0.041250
2 0.450000 0.465104 0.016875 0.041250
2 0.547266 0.467187 0.030937 0.048750
2 0.399609 0.475521 0.051562 0.098750
2 0.496484 0.522396 0.222187 0.221250
2 0.503516 0.455208 0.074063 0.085000
2 0.454688 0.438021 0.018750 0.043750
2 0.620703 0.433333 0.051562 0.047500
2 0.433203 0.430208 0.015938 0.045000
2 0.500391 0.413021 0.010312 0.013750
2 0.390234 0.415104 0.017813 0.041250
2 0.469922 0.409375 0.068437 0.062500
2 0.624609 0.376042 0.023438 0.030000
2 0.512891 0.398438 0.060937 0.088750
2 0.449609 0.371354 0.021562 0.026250
2 0.593359 0.375521 0.019688 0.038750
2 0.402344 0.377604 0.033750 0.051250
2 0.421875 0.365104 0.022500 0.028750
2 0.556641 0.428125 0.096562 0.185000
2 0.445312 0.345833 0.028125 0.022500
2 0.384766 0.343229 0.023438 0.026250
2 0.409766 0.340625 0.021562 0.027500
2 0.505078 0.344792 0.015938 0.040000
2 0.463672 0.352083 0.027187 0.072500
2 0.572266 0.339583 0.015938 0.045000
2 0.487500 0.331250 0.024375 0.032500
2 0.530469 0.313542 0.026250 0.035000
2 0.505078 0.297917 0.045937 0.060000
2 0.475000 0.286458 0.024375 0.032500
2 0.532422 0.269271 0.019688 0.043750
2 0.746875 0.600000 0.506250 1.000000
2 0.306641 0.600000 0.469687 1.000000
