2 0.030000 0.957535 0.060000 0.084929
2 0.409375 0.781016 0.031500 0.055953
2 0.375000 0.773938 0.072000 0.072939
2 0.316250 0.758118 0.096000 0.060949
2 0.374688 0.737302 0.018750 0.036969
2 0.432812 0.756453 0.125250 0.094921
2 0.300312 0.721066 0.008250 0.023980
2 0.354063 0.718984 0.018750 0.054954
2 0.414062 0.697752 0.011250 0.011990
2 0.300312 0.713572 0.104250 0.049958
2 0.368125 0.697752 0.015000 0.015987
2 0.418750 0.725645 0.108000 0.090924
2 0.517500 0.728560 0.109500 0.111907
2 0.318750 0.678601 0.018000 0.027977
2 0.266875 0.679850 0.103500 0.060949
2 0.470938 0.689425 0.090750 0.117902
2 0.582812 0.654038 0.050250 0.046961
2 0.369375 0.645712 0.009000 0.028976
2 0.457813 0.661116 0.029250 0.067943
2 0.412500 0.636969 0.009000 0.011990
2 0.095000 0.648210 0.067500 0.052956
2 0.240000 0.644047 0.069000 0.048959
2 0.642813 0.653206 0.033750 0.072939
2 0.396875 0.626561 0.018000 0.010991
2 0.144375 0.648210 0.037500 0.074938
2 0.280313 0.623231 0.032250 0.020983
2 0.416563 0.651540 0.080250 0.102914
2 0.361875 0.650291 0.090000 0.107910
2 0.403750 0.612406 0.019500 0.018984
2 0.588437 0.614488 0.062250 0.047960
2 0.314375 0.620733 0.045000 0.080933
2 0.212188 0.621982 0.093750 0.103913
2 0.146563 0.594088 0.059250 0.046961
2 0.497188 0.599084 0.054750 0.060949
2 0.159062 0.572440 0.015750 0.008993
2 0.441875 0.585346 0.060000 0.051957
2 0.382500 0.583680 0.061500 0.047960
2 0.172500 0.573689 0.010500 0.031973
2 0.633125 0.578268 0.031500 0.066944
2 0.093438 0.582848 0.041250 0.077935
2 0.433750 0.554538 0.010500 0.013988
2 0.594688 0.568693 0.042750 0.053955
2 0.338750 0.567444 0.039000 0.072939
2 0.427812 0.541216 0.008250 0.013988
2 0.273438 0.556619 0.054750 0.058951
2 0.470625 0.542048 0.066000 0.053955
2 0.418125 0.539134 0.042000 0.084929
2 0.226250 0.562864 0.150000 0.141882
2 0.341250 0.517902 0.012000 0.041965
2 0.388125 0.529559 0.031500 0.073938
2 0.158125 0.532889 0.055500 0.091923
2 0.494688 0.505828 0.048750 0.046961
2 0.208750 0.497086 0.013500 0.027977
2 0.535000 0.511657 0.034500 0.070941
2 0.228437 0.477102 0.020250 0.013988
2 0.390937 0.482098 0.069750 0.055953
2 0.589063 0.487927 0.072750 0.083930
2 0.367812 0.462531 0.008250 0.024979
2 0.232500 0.490008 0.081000 0.098918
2 0.525000 0.470441 0.043500 0.067943
2 0.515625 0.441715 0.004500 0.016986
2 0.194375 0.447127 0.018000 0.029975
2 0.352812 0.486261 0.068250 0.149875
2 0.266562 0.447127 0.062250 0.055953
2 0.477187 0.459617 0.078750 0.101915
2 0.586875 0.433389 0.100500 0.054954
2 0.463125 0.425895 0.018000 0.044963
2 0.160938 0.455037 0.095250 0.114904
2 0.479687 0.416320 0.017250 0.027977
2 0.446250 0.443797 0.049500 0.107910
2 0.195312 0.398002 0.012750 0.013988
2 0.671500 0.627810 0.657000 0.744380
2 0.415000 0.397169 0.024000 0.049958
2 0.308125 0.490008 0.088500 0.286761
2 0.218438 0.404663 0.038250 0.085928
2 0.467187 0.383847 0.059250 0.043963
2 0.252812 0.388843 0.048750 0.059950
2 0.201563 0.370941 0.008250 0.016986
2 0.399062 0.363447 0.009750 0.012989
2 0.429063 0.355537 0.014250 0.017985
2 0.315000 0.354288 0.051000 0.054954
2 0.250625 0.333056 0.013500 0.007993
2 0.395313 0.393006 0.126750 0.155870
2 0.603437 0.353039 0.045750 0.061948
2 0.669687 0.347211 0.047250 0.057952
2 0.170625 0.350125 0.060000 0.066944
2 0.271875 0.332223 0.033000 0.069942
2 0.381875 0.316819 0.061500 0.046961
2 0.622500 0.300999 0.009000 0.014988
2 0.526875 0.336803 0.079500 0.118901
2 0.576250 0.305162 0.054000 0.046961
2 0.291563 0.312656 0.030750 0.064946
2 0.213125 0.305995 0.051000 0.054954
2 0.215000 0.350125 0.117000 0.166861
2 0.478750 0.327227 0.100500 0.115903
2 0.627500 0.306411 0.046500 0.067943
2 0.266875 0.281432 0.024000 0.033972
2 0.320625 0.296836 0.066000 0.080933
2 0.357500 0.267277 0.018000 0.013988
2 0.643437 0.273106 0.044250 0.031973
2 0.628125 0.264779 0.031500 0.031973
2 0.302500 0.271857 0.040500 0.054954
2 0.530625 0.268943 0.054000 0.059950
2 0.275000 0.252706 0.034500 0.022981
2 0.383125 0.267277 0.045000 0.067943
2 0.203125 0.237719 0.013500 0.008993
2 0.457813 0.250624 0.063750 0.053955
2 0.269688 0.230641 0.023250 0.035970
2 0.230625 0.246878 0.063000 0.080933
2 0.349062 0.236470 0.035250 0.059950
2 0.649062 0.234804 0.047250 0.065945
2 0.432188 0.218568 0.018750 0.036969
2 0.302500 0.224813 0.054000 0.055953
2 0.203125 0.218984 0.066000 0.041965
2 0.484375 0.216903 0.064500 0.050958
2 0.396250 0.190258 0.010500 0.012989
2 0.606250 0.209409 0.040500 0.080933
2 0.405000 0.178601 0.009000 0.012989
2 0.261562 0.176103 0.008250 0.012989
2 0.426875 0.203164 0.069000 0.107910
2 0.668125 0.161532 0.010500 0.009992
2 0.401562 0.163614 0.006750 0.018984
2 0.291875 0.176936 0.057000 0.050958
2 0.668125 0.171524 0.030000 0.055953
2 0.253750 0.195254 0.057000 0.118901
2 0.472187 0.167777 0.036750 0.076936
2 0.661875 0.164446 0.046500 0.070941
2 0.516875 0.188593 0.064500 0.130891
2 0.382500 0.191091 0.043500 0.152873
2 0.323125 0.139467 0.051000 0.052956
2 0.426875 0.119484 0.063000 0.044963
2 0.547813 0.109492 0.057750 0.046961
2 0.340313 0.103247 0.044250 0.069942
2 0.484687 0.076603 0.056250 0.049958
2 0.400313 0.077852 0.056250 0.054954
2 0.305625 0.055371 0.054000 0.050958
2 0.917125 0.145878 0.165750 0.291757
2 0.363750 0.045962 0.102000 0.091923
2 0.345625 0.013489 0.031500 0.026978
2 0.118500 0.138385 0.237000 0.276769
