2 0.740000 0.996003 0.010500 0.007993
2 0.924687 0.994005 0.011250 0.011990
2 0.890938 0.994005 0.011250 0.011990
2 0.407500 0.993505 0.010500 0.012989
2 0.480000 0.993006 0.012000 0.013988
2 0.142500 0.993006 0.010500 0.013988
2 0.109687 0.993006 0.014250 0.013988
2 0.397500 0.992090 0.010500 0.010991
2 0.102188 0.992923 0.006750 0.012989
2 0.128750 0.992007 0.019500 0.015987
2 0.864688 0.991507 0.024750 0.016986
2 0.325937 0.991007 0.011250 0.017985
2 0.206875 0.990508 0.012000 0.018984
2 0.681250 0.990008 0.016500 0.019983
2 0.160312 0.988510 0.014250 0.022981
2 0.007125 0.989176 0.014250 0.019983
2 0.790625 0.987011 0.025500 0.025978
2 0.794687 0.981266 0.011250 0.016986
2 0.102188 0.980017 0.008250 0.015987
2 0.005938 0.975853 0.008250 0.013988
2 0.565312 0.975021 0.018750 0.019983
2 0.693438 0.967527 0.014250 0.009992
2 0.649062 0.974604 0.026250 0.036969
2 0.611250 0.960866 0.009000 0.011990
2 0.983750 0.962531 0.006000 0.017985
2 0.977500 0.962531 0.007500 0.017985
2 0.968875 0.972023 0.062250 0.055953
2 0.148750 0.961699 0.013500 0.019983
2 0.018437 0.970025 0.021750 0.041965
2 0.456562 0.956286 0.009750 0.016986
2 0.444375 0.955037 0.013500 0.013988
2 0.682187 0.953372 0.008250 0.017985
2 0.088438 0.952540 0.009750 0.015987
2 0.637500 0.950458 0.006000 0.014988
2 0.996250 0.952540 0.007500 0.021982
2 0.530625 0.949625 0.010500 0.014988
2 0.004125 0.953789 0.008250 0.026978
2 0.985625 0.945878 0.016500 0.021982
2 0.856250 0.941715 0.027000 0.025978
2 0.442188 0.957535 0.111750 0.084929
2 0.374375 0.934221 0.012000 0.019983
2 0.651875 0.931724 0.007500 0.017985
2 0.576875 0.930891 0.010500 0.017985
2 0.852187 0.930058 0.012750 0.017985
2 0.602500 0.926311 0.018000 0.010991
2 0.556562 0.952540 0.093750 0.094921
2 0.053750 0.923397 0.016500 0.009992
2 0.372500 0.920899 0.012000 0.009992
2 0.789062 0.917569 0.021750 0.011990
2 0.568125 0.923397 0.015000 0.033972
2 0.461250 0.917569 0.024000 0.019983
2 0.639375 0.912989 0.010500 0.012989
2 0.984250 0.923813 0.031500 0.040966
2 0.891250 0.939550 0.103500 0.120899
2 0.470313 0.905495 0.012750 0.014988
2 0.982500 0.904663 0.013500 0.014988
2 0.915312 0.903830 0.032250 0.022981
2 0.900000 0.898418 0.012000 0.009992
2 0.341562 0.898834 0.009750 0.010991
2 0.955937 0.893838 0.009750 0.010991
2 0.516875 0.907993 0.019500 0.046961
2 0.115000 0.894671 0.006000 0.014988
2 0.574375 0.887177 0.012000 0.008993
2 0.042750 0.929559 0.085500 0.140883
2 0.273438 0.893006 0.033750 0.026978
2 0.910000 0.889259 0.018000 0.019983
2 0.067187 0.885512 0.011250 0.010991
2 0.167813 0.883430 0.014250 0.009992
2 0.423438 0.880100 0.009750 0.011990
2 0.927813 0.883847 0.024750 0.022981
2 0.353438 0.878435 0.008250 0.009992
2 0.732812 0.881349 0.014250 0.020983
2 0.543125 0.879267 0.015000 0.017985
2 0.592812 0.877186 0.009750 0.016986
2 0.309688 0.875937 0.014250 0.013988
2 0.562500 0.903414 0.031500 0.081932
2 0.942813 0.878851 0.027750 0.024979
2 0.053437 0.877602 0.017250 0.023980
2 0.163438 0.872190 0.014250 0.012989
2 0.034063 0.875104 0.015750 0.021982
2 0.952375 0.919067 0.095250 0.161865
2 0.340313 0.868027 0.009750 0.012989
2 0.845625 0.867610 0.012000 0.013988
2 0.179063 0.870525 0.020250 0.028976
2 0.165000 0.862198 0.009000 0.008993
2 0.045312 0.870108 0.008250 0.027977
2 0.578125 0.869276 0.019500 0.029975
2 0.155625 0.863031 0.007500 0.016986
2 0.005625 0.858868 0.006000 0.012989
2 0.055000 0.853455 0.012000 0.015987
2 0.990625 0.858035 0.018750 0.032973
2 0.461562 0.850958 0.012750 0.019983
2 0.113125 0.861366 0.048000 0.044963
2 0.600000 0.902581 0.105000 0.147877
2 0.006000 0.846378 0.012000 0.012989
2 0.931562 0.844296 0.011250 0.011990
2 0.873125 0.844713 0.009000 0.014988
2 0.534062 0.843464 0.015750 0.013988
2 0.505313 0.843047 0.009750 0.014988
2 0.359063 0.842631 0.012750 0.013988
2 0.882188 0.840133 0.011250 0.013988
2 0.698750 0.844296 0.019500 0.025978
2 0.519687 0.838468 0.012750 0.011990
2 0.043125 0.838052 0.013500 0.014988
2 0.891563 0.834721 0.011250 0.014988
2 0.362812 0.833472 0.011250 0.013988
2 0.621563 0.834721 0.027750 0.020983
2 0.261875 0.830142 0.009000 0.009992
2 0.604688 0.832639 0.012750 0.017985
2 0.984688 0.830142 0.021750 0.017985
2 0.783750 0.835554 0.030000 0.030974
2 0.087813 0.830142 0.023250 0.021982
2 0.349687 0.820983 0.018750 0.015987
2 0.861250 0.841799 0.066000 0.071940
2 0.724375 0.817652 0.013500 0.015987
2 0.984062 0.814321 0.014250 0.013988
2 0.366875 0.810158 0.009000 0.015987
2 0.079375 0.811823 0.012000 0.021982
2 0.912188 0.809742 0.020250 0.018984
2 0.134375 0.810991 0.012000 0.021982
2 0.967500 0.803497 0.007500 0.011990
2 0.071875 0.801832 0.013500 0.007993
2 0.803125 0.803081 0.009000 0.014988
2 0.497188 0.818068 0.023250 0.050958
2 0.994375 0.809326 0.011250 0.039967
2 0.365000 0.796003 0.013500 0.015987
2 0.952812 0.781848 0.008250 0.007993
2 0.542500 0.782265 0.009000 0.010991
2 0.062500 0.783930 0.010500 0.018984
2 0.890625 0.801415 0.046500 0.062948
2 0.942187 0.783514 0.017250 0.021982
2 0.816875 0.783930 0.012000 0.022981
2 0.755000 0.784763 0.015000 0.024979
2 0.484063 0.797252 0.017250 0.054954
2 0.844375 0.781016 0.010500 0.017985
2 0.493125 0.780600 0.007500 0.016986
2 0.021375 0.786844 0.042750 0.033972
2 0.128750 0.784763 0.016500 0.030974
2 0.030000 0.780183 0.010500 0.023980
2 0.313125 0.774771 0.010500 0.012989
2 0.457500 0.784346 0.015000 0.039967
2 0.800312 0.772689 0.011250 0.017985
2 0.257812 0.774355 0.017250 0.023980
2 0.980875 0.786012 0.038250 0.055953
2 0.394688 0.782681 0.018750 0.049958
2 0.986125 0.773938 0.027750 0.030974
2 0.101250 0.766445 0.010500 0.012989
2 0.917500 0.781848 0.049500 0.053955
2 0.345000 0.771440 0.010500 0.028976
2 0.978437 0.761449 0.006750 0.008993
2 0.221562 0.763114 0.009750 0.012989
2 0.030937 0.762281 0.014250 0.012989
2 0.793125 0.775604 0.045000 0.046961
2 0.057813 0.759784 0.014250 0.014988
2 0.804688 0.756869 0.014250 0.009992
2 0.994000 0.755620 0.012000 0.012989
2 0.427812 0.753122 0.014250 0.010991
2 0.329688 0.761032 0.014250 0.031973
2 0.978125 0.752706 0.012000 0.013988
2 0.316875 0.756869 0.018000 0.023980
2 0.211250 0.758951 0.013500 0.034971
2 0.796562 0.748127 0.006750 0.010991
2 0.222188 0.751041 0.011250 0.021982
2 0.106875 0.746045 0.009000 0.009992
2 0.904375 0.758951 0.055500 0.042964
2 0.983125 0.742298 0.009000 0.008993
2 0.425938 0.743547 0.011250 0.011990
2 0.328750 0.743963 0.012000 0.014988
2 0.095625 0.751041 0.015000 0.033972
2 0.719375 0.742298 0.028500 0.022981
2 0.481875 0.741465 0.021000 0.022981
2 0.105313 0.735637 0.009750 0.008993
2 0.909687 0.739800 0.027750 0.026978
2 0.804063 0.736886 0.011250 0.019983
2 0.054375 0.744380 0.021000 0.039967
2 0.027187 0.745629 0.018750 0.042964
2 0.173437 0.733972 0.014250 0.016986
2 0.017625 0.753955 0.035250 0.064946
2 0.307500 0.746461 0.025500 0.050958
2 0.659687 0.729808 0.009750 0.014988
2 0.270937 0.730641 0.017250 0.018984
2 0.676250 0.738551 0.033000 0.041965
2 0.385937 0.726062 0.021750 0.011990
2 0.107813 0.726478 0.026250 0.014988
2 0.230937 0.730225 0.012750 0.029975
2 0.908438 0.724396 0.008250 0.017985
2 0.323437 0.726478 0.017250 0.024979
2 0.410313 0.763530 0.056250 0.115903
2 0.872500 0.716903 0.006000 0.011990
2 0.569688 0.729808 0.023250 0.042964
2 0.131875 0.716903 0.016500 0.011990
2 0.686875 0.721482 0.022500 0.024979
2 0.371875 0.719817 0.028500 0.026978
2 0.975625 0.731890 0.048750 0.061948
2 0.581562 0.712739 0.017250 0.015987
2 0.830000 0.807660 0.106500 0.245795
2 0.389062 0.707744 0.023250 0.023980
2 0.028750 0.701499 0.015000 0.012989
2 0.902813 0.704829 0.020250 0.022981
2 0.747500 0.696919 0.010500 0.007993
2 0.442188 0.699417 0.014250 0.013988
2 0.336875 0.698585 0.006000 0.015987
2 0.685312 0.704413 0.021750 0.033972
2 0.027187 0.694005 0.009750 0.010991
2 0.531250 0.691923 0.010500 0.007993
2 0.888125 0.702331 0.025500 0.038968
2 0.899375 0.688593 0.006000 0.013988
2 0.578438 0.697336 0.024750 0.034971
2 0.292187 0.688177 0.009750 0.012989
2 0.117188 0.691923 0.011250 0.021982
2 0.487812 0.690258 0.009750 0.019983
2 0.505625 0.694421 0.028500 0.031973
2 0.882188 0.688593 0.012750 0.019983
2 0.665312 0.686511 0.017250 0.014988
2 0.590938 0.685679 0.008250 0.012989
2 0.814688 0.687760 0.014250 0.019983
2 0.147187 0.687760 0.006750 0.019983
2 0.933438 0.682764 0.008250 0.009992
2 0.288438 0.683181 0.009750 0.014988
2 0.006000 0.680683 0.012000 0.010991
2 0.202500 0.681515 0.009000 0.014988
2 0.393125 0.687760 0.033000 0.031973
2 0.156250 0.687344 0.019500 0.030974
2 0.481250 0.678185 0.010500 0.010991
2 0.805000 0.679434 0.009000 0.017985
2 0.154375 0.676520 0.009000 0.010991
2 0.135625 0.679017 0.031500 0.024979
2 0.711875 0.677352 0.012000 0.022981
2 0.187188 0.680683 0.012750 0.030974
2 0.323750 0.800666 0.613500 0.398668
2 0.016563 0.670691 0.014250 0.020983
2 0.387500 0.667361 0.022500 0.024979
2 0.246250 0.672773 0.058500 0.039967
2 0.667813 0.660283 0.015750 0.017985
2 0.220312 0.657369 0.011250 0.012989
2 0.042813 0.655704 0.009750 0.008993
2 0.681562 0.660283 0.020250 0.021982
2 0.225938 0.690258 0.095250 0.093922
2 0.747500 0.656536 0.012000 0.016986
2 0.455313 0.655704 0.008250 0.014988
2 0.705625 0.659867 0.016500 0.028976
2 0.671250 0.650708 0.015000 0.012989
2 0.084062 0.663614 0.023250 0.047960
2 0.019062 0.649459 0.015750 0.013988
2 0.237187 0.648210 0.009750 0.014988
2 0.463125 0.648626 0.010500 0.017985
2 0.113437 0.647377 0.014250 0.026978
2 0.052500 0.640716 0.016500 0.010991
2 0.125312 0.644047 0.014250 0.024979
2 0.813438 0.655704 0.024750 0.054954
2 0.274687 0.641549 0.006750 0.020983
2 0.163125 0.649459 0.016500 0.039967
2 0.072188 0.644879 0.014250 0.028976
2 0.826875 0.638634 0.009000 0.015987
2 0.745000 0.641132 0.019500 0.025978
2 0.228125 0.633222 0.015000 0.016986
2 0.238750 0.629475 0.012000 0.011990
2 0.048750 0.632390 0.021000 0.022981
2 0.713437 0.633639 0.024750 0.027977
2 0.159062 0.625312 0.011250 0.009992
2 0.066250 0.626978 0.019500 0.017985
2 0.004500 0.629059 0.009000 0.024979
2 0.658438 0.634888 0.027750 0.040966
2 0.298438 0.628643 0.045750 0.027977
2 0.298750 0.624896 0.016500 0.018984
2 0.367812 0.622814 0.012750 0.015987
2 0.014250 0.645296 0.028500 0.071940
2 0.043437 0.623647 0.014250 0.021982
2 0.868125 0.623231 0.034500 0.026978
2 0.739375 0.616986 0.010500 0.013988
2 0.440312 0.630308 0.020250 0.045962
2 0.456562 0.625312 0.015750 0.035970
2 0.830937 0.698168 0.224250 0.214821
2 0.334688 0.624480 0.030750 0.037968
2 0.797813 0.609492 0.009750 0.007993
2 0.914062 0.612823 0.021750 0.019983
2 0.789375 0.614904 0.018000 0.024979
2 0.338750 0.666528 0.229500 0.148876
2 0.399062 0.615321 0.029250 0.039967
2 0.337500 0.604913 0.013500 0.014988
2 0.658750 0.601582 0.010500 0.008993
2 0.840938 0.619900 0.054750 0.058951
2 0.772500 0.611574 0.027000 0.040966
2 0.446250 0.604080 0.010500 0.022981
2 0.853437 0.596586 0.006750 0.010991
2 0.292187 0.597835 0.006750 0.013988
2 0.041250 0.597835 0.010500 0.013988
2 0.957812 0.600749 0.017250 0.022981
2 0.650937 0.594921 0.011250 0.008993
2 0.412813 0.596586 0.018750 0.016986
2 0.207187 0.593256 0.014250 0.010991
2 0.724375 0.708160 0.160500 0.288759
2 0.038125 0.589092 0.010500 0.008993
2 0.928438 0.678185 0.062250 0.230808
2 0.859375 0.592839 0.009000 0.025978
2 0.871875 0.597835 0.019500 0.039967
2 0.109063 0.587011 0.006750 0.013988
2 0.053437 0.584929 0.009750 0.010991
2 0.218125 0.587427 0.016500 0.026978
2 0.991750 0.589092 0.016500 0.034971
2 0.042188 0.579517 0.015750 0.011990
2 0.935000 0.577019 0.013500 0.009992
2 0.268750 0.578684 0.021000 0.015987
2 0.207500 0.578268 0.016500 0.018984
2 0.728437 0.589092 0.039750 0.050958
2 0.993125 0.569525 0.013500 0.011990
2 0.015750 0.582015 0.031500 0.041965
2 0.792813 0.573272 0.017250 0.024979
2 0.753750 0.600749 0.045000 0.090924
2 0.732812 0.570358 0.006750 0.017985
2 0.470938 0.582015 0.026250 0.049958
2 0.884062 0.574521 0.014250 0.033972
2 0.873750 0.568693 0.019500 0.021982
2 0.209375 0.563697 0.009000 0.009992
2 0.776250 0.576603 0.031500 0.042964
2 0.753125 0.567444 0.018000 0.020983
2 0.866250 0.565362 0.006000 0.017985
2 0.725313 0.561615 0.015750 0.014988
2 0.685312 0.559534 0.006750 0.013988
2 0.509062 0.564946 0.015750 0.026978
2 0.813750 0.566611 0.027000 0.032973
2 0.261562 0.560783 0.018750 0.022981
2 0.084062 0.590758 0.099750 0.094921
2 0.042188 0.562864 0.023250 0.027977
2 0.353750 0.566611 0.027000 0.038968
2 0.240937 0.553289 0.009750 0.010991
2 0.997000 0.554122 0.006000 0.014988
2 0.399375 0.573689 0.051000 0.061948
2 0.950937 0.551207 0.008250 0.009992
2 0.160000 0.553289 0.010500 0.014988
2 0.934375 0.554538 0.013500 0.021982
2 0.217188 0.559534 0.017250 0.033972
2 0.694688 0.554538 0.030750 0.023980
2 0.756563 0.554954 0.026250 0.026978
2 0.678125 0.550375 0.007500 0.017985
2 0.442500 0.587011 0.055500 0.105912
2 0.994375 0.546211 0.010500 0.011990
2 0.685625 0.588676 0.081000 0.113905
2 0.984062 0.554954 0.026250 0.034971
2 0.782500 0.551207 0.042000 0.027977
2 0.443750 0.547460 0.012000 0.018984
2 0.325937 0.549958 0.017250 0.024979
2 0.753125 0.543297 0.012000 0.012989
2 0.420625 0.541216 0.012000 0.009992
2 0.526563 0.554122 0.026250 0.042964
2 0.117188 0.540383 0.011250 0.013988
2 0.767188 0.538301 0.012750 0.010991
2 0.541875 0.537052 0.018000 0.007993
2 0.803750 0.543714 0.028500 0.027977
2 0.284375 0.537885 0.016500 0.015987
2 0.112812 0.546211 0.021750 0.039967
2 0.691875 0.534555 0.007500 0.013988
2 0.665625 0.537885 0.024000 0.021982
2 0.160000 0.538301 0.013500 0.022981
2 0.970625 0.535803 0.030000 0.018984
2 0.928438 0.528726 0.009750 0.007993
2 0.394062 0.529142 0.008250 0.008993
2 0.392500 0.540383 0.028500 0.037968
2 0.285000 0.525812 0.009000 0.006994
2 0.922500 0.534555 0.022500 0.031973
2 0.677188 0.529559 0.008250 0.019983
2 0.335313 0.572023 0.113250 0.121898
2 0.686875 0.531640 0.013500 0.028976
2 0.772813 0.524563 0.008250 0.017985
2 0.145000 0.529142 0.010500 0.032973
2 0.262813 0.523314 0.015750 0.026978
2 0.511563 0.526228 0.017250 0.035970
2 0.106563 0.521649 0.018750 0.024979
2 0.297500 0.515404 0.009000 0.011990
2 0.385000 0.517902 0.021000 0.021982
2 0.372500 0.513322 0.010500 0.010991
2 0.805312 0.522481 0.012750 0.034971
2 0.403438 0.525396 0.020250 0.043963
2 0.155312 0.515404 0.017250 0.019983
2 0.762188 0.515820 0.014250 0.022981
2 0.532813 0.519567 0.036750 0.033972
2 0.166250 0.509992 0.009000 0.012989
2 0.923750 0.508326 0.007500 0.010991
2 0.243438 0.511241 0.006750 0.017985
2 0.989875 0.509992 0.020250 0.020983
2 0.499063 0.506661 0.008250 0.012989
2 0.278125 0.505828 0.006000 0.014988
2 0.517813 0.504163 0.017250 0.012989
2 0.932187 0.512906 0.011250 0.035970
2 0.491250 0.504580 0.010500 0.017985
2 0.127188 0.521649 0.029250 0.058951
2 0.594063 0.501665 0.012750 0.012989
2 0.889062 0.501665 0.020250 0.016986
2 0.785937 0.511657 0.035250 0.042964
2 0.908750 0.514155 0.024000 0.052956
2 0.862187 0.562032 0.185250 0.167860
2 0.058125 0.498751 0.012000 0.017985
2 0.532813 0.497918 0.015750 0.017985
2 0.212812 0.497918 0.012750 0.017985
2 0.427812 0.498335 0.011250 0.020983
2 0.196250 0.509575 0.027000 0.049958
2 0.138437 0.495004 0.011250 0.014988
2 0.502500 0.500416 0.019500 0.029975
2 0.041250 0.506661 0.025500 0.046961
2 0.979750 0.509992 0.040500 0.056953
2 0.477812 0.492506 0.012750 0.014988
2 0.465000 0.525812 0.057000 0.094921
2 0.623750 0.492090 0.015000 0.015987
2 0.170000 0.633639 0.309000 0.355704
2 0.795937 0.490008 0.008250 0.014988
2 0.804063 0.487094 0.008250 0.009992
2 0.374375 0.488343 0.010500 0.014988
2 0.031250 0.490841 0.012000 0.020983
2 0.507500 0.483764 0.013500 0.007993
2 0.697812 0.484596 0.011250 0.011990
2 0.576875 0.484180 0.012000 0.012989
2 0.176250 0.483764 0.007500 0.011990
2 0.991000 0.489176 0.018000 0.034971
2 0.053125 0.481682 0.027000 0.016986
2 0.930937 0.481682 0.006750 0.018984
2 0.440000 0.475437 0.009000 0.009992
2 0.428438 0.477519 0.014250 0.016986
2 0.035312 0.478768 0.008250 0.019983
2 0.848750 0.495420 0.046500 0.063947
2 0.224375 0.484596 0.018000 0.039967
2 0.470313 0.477519 0.020250 0.024979
2 0.817813 0.472107 0.006750 0.015987
2 0.528438 0.477519 0.032250 0.028976
2 0.162500 0.486678 0.024000 0.050958
2 0.050000 0.470858 0.010500 0.012989
2 0.709063 0.512906 0.128250 0.117902
2 0.605625 0.470025 0.007500 0.018984
2 0.358125 0.510408 0.112500 0.117902
2 0.906250 0.473772 0.012000 0.031973
2 0.039375 0.468360 0.015000 0.018984
2 0.573125 0.466278 0.006000 0.015987
2 0.927188 0.465445 0.009750 0.015987
2 0.921562 0.480849 0.024750 0.054954
2 0.780625 0.462948 0.006000 0.013988
2 0.061562 0.464613 0.015750 0.017985
2 0.006375 0.460033 0.012750 0.010991
2 0.877188 0.478351 0.068250 0.056953
2 0.841875 0.461699 0.015000 0.016986
2 0.716250 0.468776 0.012000 0.033972
2 0.358125 0.461282 0.013500 0.015987
2 0.967187 0.462115 0.015750 0.019983
2 0.409062 0.460033 0.011250 0.014988
2 0.874687 0.458784 0.009750 0.015987
2 0.726562 0.456286 0.009750 0.013988
2 0.338750 0.453372 0.006000 0.014988
2 0.927188 0.451291 0.008250 0.011990
2 0.602500 0.457119 0.021000 0.025978
2 0.058750 0.455454 0.012000 0.021982
2 0.755313 0.460033 0.032250 0.034971
2 0.070000 0.449625 0.010500 0.009992
2 0.732812 0.462531 0.024750 0.042964
2 0.690000 0.448793 0.009000 0.013988
2 0.981250 0.463780 0.037500 0.051957
2 0.878437 0.446295 0.006750 0.009992
2 0.850313 0.447544 0.011250 0.012989
2 0.837500 0.449625 0.016500 0.019983
2 0.407813 0.445878 0.008250 0.012989
2 0.582812 0.445878 0.012750 0.016986
2 0.061562 0.442964 0.012750 0.009992
2 0.775312 0.457535 0.029250 0.046961
2 0.115000 0.448793 0.012000 0.025978
2 0.039688 0.451291 0.042750 0.035970
2 0.925937 0.439217 0.008250 0.010991
2 0.817187 0.475437 0.053250 0.097918
2 0.475625 0.449625 0.019500 0.037968
2 0.036250 0.438801 0.009000 0.011990
2 0.948750 0.440883 0.013500 0.018984
2 0.667500 0.438385 0.009000 0.012989
2 0.044687 0.438385 0.009750 0.014988
2 0.648125 0.443797 0.012000 0.029975
2 0.004875 0.437136 0.009750 0.013988
2 0.722187 0.440466 0.014250 0.023980
2 0.138750 0.435470 0.010500 0.013988
2 0.617500 0.437136 0.009000 0.023980
2 0.469062 0.439217 0.012750 0.028976
2 0.988375 0.435470 0.023250 0.021982
2 0.944688 0.430475 0.008250 0.009992
2 0.768125 0.432140 0.015000 0.013988
2 0.848437 0.433389 0.024750 0.018984
2 0.379063 0.432140 0.012750 0.021982
2 0.630000 0.455454 0.037500 0.081932
2 0.228125 0.457952 0.043500 0.091923
2 0.904687 0.422148 0.008250 0.011990
2 0.443125 0.446295 0.052500 0.073938
2 0.408750 0.427144 0.024000 0.027977
2 0.225312 0.424646 0.015750 0.021982
2 0.668750 0.455454 0.061500 0.097918
2 0.077813 0.435470 0.020250 0.049958
2 0.321875 0.426728 0.042000 0.030974
2 0.967187 0.425479 0.036750 0.033972
2 0.752188 0.419234 0.015750 0.018984
2 0.384688 0.420067 0.021750 0.020983
2 0.866875 0.433805 0.025500 0.057952
2 0.345000 0.449625 0.067500 0.101915
2 0.338750 0.411740 0.010500 0.014988
2 0.608125 0.407993 0.015000 0.007993
2 0.960938 0.406744 0.014250 0.008993
2 0.164687 0.410491 0.012750 0.017985
2 0.846875 0.407161 0.009000 0.011990
2 0.488125 0.418401 0.021000 0.038968
2 0.501875 0.411740 0.009000 0.026978
2 0.739062 0.422981 0.047250 0.059950
2 0.631875 0.408410 0.013500 0.024979
2 0.339375 0.400500 0.013500 0.007993
2 0.323125 0.406744 0.024000 0.022981
2 0.381250 0.402581 0.015000 0.014988
2 0.468438 0.399251 0.012750 0.008993
2 0.108750 0.398834 0.010500 0.009992
2 0.095312 0.399251 0.006750 0.010991
2 0.745313 0.401332 0.011250 0.017985
2 0.278438 0.399667 0.006750 0.017985
2 0.526563 0.395504 0.009750 0.009992
2 0.324688 0.396753 0.017250 0.012989
2 0.157188 0.448376 0.134250 0.138884
2 0.087188 0.395087 0.008250 0.012989
2 0.912813 0.411324 0.039750 0.053955
2 0.731250 0.392590 0.015000 0.010991
2 0.505625 0.400083 0.012000 0.028976
2 0.361250 0.405495 0.033000 0.045962
2 0.974375 0.391757 0.007500 0.014988
2 0.312812 0.388843 0.009750 0.009992
2 0.777500 0.390508 0.009000 0.015987
2 0.465938 0.389259 0.012750 0.012989
2 0.127500 0.390508 0.007500 0.019983
2 0.930312 0.386761 0.008250 0.012989
2 0.790937 0.390508 0.011250 0.021982
2 0.212812 0.387177 0.012750 0.013988
2 0.434375 0.389259 0.022500 0.020983
2 0.288125 0.388010 0.016500 0.017985
2 0.409687 0.396336 0.032250 0.045962
2 0.059687 0.391341 0.018750 0.033972
2 0.041875 0.406328 0.048000 0.069942
2 0.504375 0.381349 0.012000 0.011990
2 0.074375 0.485429 0.096000 0.265779
2 0.982375 0.399251 0.035250 0.060949
2 0.794063 0.440050 0.101250 0.158868
2 0.082812 0.382182 0.018750 0.019983
2 0.738437 0.380933 0.009750 0.020983
2 0.095625 0.382182 0.018000 0.027977
2 0.801562 0.376769 0.008250 0.020983
2 0.231250 0.385928 0.027000 0.042964
2 0.829688 0.373022 0.011250 0.013988
2 0.783438 0.377186 0.036750 0.023980
2 0.964063 0.383430 0.027750 0.042964
2 0.124688 0.370525 0.008250 0.011990
2 0.286875 0.371357 0.007500 0.019983
2 0.983437 0.373439 0.021750 0.026978
2 0.096250 0.366361 0.009000 0.009992
2 0.010125 0.375104 0.020250 0.032973
2 0.989125 0.366778 0.021750 0.014988
2 0.919063 0.366778 0.011250 0.014988
2 0.412500 0.450042 0.130500 0.214821
2 0.486563 0.385096 0.030750 0.062948
2 0.253437 0.361782 0.009750 0.006994
2 0.071250 0.368027 0.019500 0.023980
2 0.641250 0.361782 0.007500 0.012989
2 0.807187 0.368027 0.020250 0.029975
2 0.775937 0.363447 0.014250 0.018984
2 0.764375 0.361782 0.015000 0.020983
2 0.694063 0.363031 0.011250 0.023980
2 0.436875 0.363863 0.016500 0.025978
2 0.654687 0.356370 0.012750 0.009992
2 0.157500 0.380516 0.045000 0.067943
2 0.821250 0.358451 0.010500 0.016986
2 0.459375 0.356786 0.018000 0.012989
2 0.404687 0.358451 0.011250 0.016986
2 0.140313 0.381765 0.036750 0.072939
2 0.757812 0.378851 0.042750 0.073938
2 0.735938 0.360117 0.009750 0.028976
2 0.562500 0.354704 0.019500 0.017985
2 0.292500 0.463364 0.142500 0.278768
2 0.660312 0.406328 0.156750 0.147877
2 0.759062 0.350125 0.014250 0.014988
2 0.006750 0.351790 0.013500 0.018984
2 0.963750 0.351790 0.015000 0.020983
2 0.163438 0.348876 0.012750 0.013988
2 0.254688 0.344713 0.008250 0.007993
2 0.048750 0.348460 0.009000 0.016986
2 0.565625 0.345545 0.027000 0.017985
2 0.706250 0.341382 0.010500 0.009992
2 0.230937 0.358451 0.051750 0.052956
2 0.473750 0.363031 0.024000 0.065945
2 0.647188 0.343880 0.024750 0.023980
2 0.749687 0.340550 0.032250 0.017985
2 0.362187 0.359700 0.044250 0.065945
2 0.261562 0.343880 0.026250 0.027977
2 0.847187 0.337635 0.017250 0.016986
2 0.206563 0.398834 0.090750 0.163863
2 0.514062 0.334305 0.012750 0.010991
2 0.604062 0.335137 0.012750 0.016986
2 0.951250 0.342631 0.027000 0.036969
2 0.623750 0.341382 0.028500 0.035970
2 0.034063 0.334721 0.020250 0.019983
2 0.768437 0.337635 0.015750 0.030974
2 0.401562 0.328060 0.014250 0.009992
2 0.881875 0.333056 0.010500 0.025978
2 0.798750 0.328893 0.016500 0.015987
2 0.784062 0.338884 0.024750 0.039967
2 0.705625 0.330974 0.019500 0.020983
2 0.673750 0.345962 0.046500 0.056953
2 0.047813 0.330974 0.009750 0.020983
2 0.152812 0.330974 0.015750 0.022981
2 0.060000 0.330558 0.009000 0.021982
2 0.370937 0.325978 0.012750 0.012989
2 0.352812 0.326811 0.012750 0.016986
2 0.266875 0.328060 0.018000 0.019983
2 0.494688 0.325146 0.017250 0.016986
2 0.250312 0.331807 0.018750 0.032973
2 0.717500 0.321399 0.009000 0.013988
2 0.016875 0.335554 0.033750 0.047960
2 0.873125 0.322648 0.012000 0.018984
2 0.859062 0.325978 0.020250 0.028976
2 0.786875 0.318485 0.012000 0.010991
2 0.629375 0.328060 0.028500 0.033972
2 0.965000 0.319734 0.010500 0.017985
2 0.235937 0.331391 0.023250 0.045962
2 0.509062 0.320150 0.015750 0.020983
2 0.152188 0.318901 0.017250 0.017985
2 0.803750 0.316403 0.025500 0.013988
2 0.549063 0.315154 0.008250 0.012989
2 0.518750 0.353455 0.105000 0.104913
2 0.267188 0.312656 0.006750 0.012989
2 0.017812 0.315987 0.011250 0.022981
2 0.577812 0.348876 0.059250 0.109908
2 0.370000 0.308077 0.019500 0.013988
2 0.388125 0.313072 0.028500 0.031973
2 0.096562 0.313072 0.018750 0.031973
2 0.459375 0.324313 0.036000 0.060949
2 0.320000 0.346378 0.078000 0.113905
2 0.007812 0.305162 0.014250 0.014988
2 0.410938 0.306828 0.021750 0.020983
2 0.557500 0.303497 0.012000 0.014988
2 0.977125 0.330142 0.045750 0.080933
2 0.117188 0.346794 0.095250 0.120899
2 0.519375 0.302248 0.007500 0.015987
2 0.314063 0.301832 0.009750 0.014988
2 0.233125 0.316403 0.054000 0.053955
2 0.367500 0.297669 0.010500 0.010991
2 0.033438 0.300583 0.018750 0.017985
2 0.670625 0.299750 0.012000 0.017985
2 0.862500 0.298501 0.016500 0.018984
2 0.301875 0.295587 0.019500 0.013988
2 0.391875 0.293089 0.009000 0.009992
2 0.360625 0.306828 0.030000 0.042964
2 0.402500 0.293505 0.016500 0.012989
2 0.582812 0.296420 0.011250 0.021982
2 0.320312 0.299334 0.017250 0.028976
2 0.185625 0.293089 0.012000 0.021982
2 0.082812 0.291840 0.020250 0.018984
2 0.569063 0.293922 0.020250 0.025978
2 0.416250 0.293089 0.016500 0.023980
2 0.735625 0.290591 0.021000 0.019983
2 0.596562 0.289342 0.009750 0.016986
2 0.941562 0.283930 0.015750 0.009992
2 0.547813 0.285595 0.017250 0.019983
2 0.796250 0.282681 0.006000 0.014988
2 0.544375 0.299334 0.049500 0.054954
2 0.290312 0.281848 0.023250 0.014988
2 0.854375 0.371357 0.148500 0.231807
2 0.065312 0.286428 0.020250 0.029975
2 0.831562 0.276853 0.015750 0.010991
2 0.271875 0.275604 0.009000 0.007993
2 0.087188 0.277269 0.017250 0.011990
2 0.963437 0.276436 0.008250 0.015987
2 0.664062 0.275187 0.009750 0.014988
2 0.510938 0.282681 0.014250 0.032973
2 0.700313 0.273938 0.011250 0.013988
2 0.532500 0.277685 0.010500 0.022981
2 0.632812 0.302664 0.108750 0.084929
2 0.107188 0.276436 0.035250 0.021982
2 0.147187 0.269775 0.011250 0.009992
2 0.722187 0.274355 0.014250 0.022981
2 0.816562 0.270192 0.011250 0.016986
2 0.343438 0.269775 0.020250 0.017985
2 0.917188 0.269359 0.005250 0.018984
2 0.924687 0.264779 0.011250 0.009992
2 0.081562 0.264779 0.018750 0.009992
2 0.280000 0.304746 0.067500 0.109908
2 0.328437 0.264363 0.012750 0.014988
2 0.851250 0.267277 0.012000 0.023980
2 0.318125 0.269775 0.022500 0.031973
2 0.334375 0.260616 0.010500 0.011990
2 0.345313 0.261032 0.012750 0.014988
2 0.055625 0.260200 0.010500 0.012989
2 0.602812 0.258535 0.012750 0.010991
2 0.298750 0.272273 0.033000 0.043963
2 0.918438 0.256037 0.014250 0.008993
2 0.013125 0.263947 0.026250 0.029975
2 0.590938 0.262281 0.012750 0.027977
2 0.203750 0.260616 0.010500 0.023980
2 0.769687 0.261865 0.024750 0.030974
2 0.731250 0.260616 0.030000 0.031973
2 0.963625 0.285595 0.072750 0.093922
2 0.835313 0.265196 0.033750 0.044963
2 0.658750 0.255620 0.012000 0.021982
2 0.765312 0.250208 0.015750 0.014988
2 0.650625 0.253955 0.012000 0.027977
2 0.328437 0.248959 0.030750 0.015987
2 0.434688 0.248543 0.012750 0.018984
2 0.050625 0.283930 0.101250 0.109908
2 0.979000 0.259367 0.042000 0.054954
2 0.278125 0.252706 0.021000 0.038968
2 0.793438 0.240633 0.009750 0.011990
2 0.684375 0.240633 0.007500 0.015987
2 0.625938 0.240633 0.009750 0.015987
2 0.365625 0.281432 0.115500 0.113905
2 0.804375 0.261032 0.034500 0.066944
2 0.414062 0.249376 0.030750 0.040966
2 0.401875 0.236053 0.012000 0.008993
2 0.821562 0.243131 0.018750 0.027977
2 0.292812 0.242298 0.015750 0.027977
2 0.989062 0.233972 0.014250 0.011990
2 0.156875 0.233972 0.009000 0.011990
2 0.187500 0.233972 0.016500 0.013988
2 0.076250 0.234804 0.010500 0.017985
2 0.065625 0.235637 0.010500 0.021982
2 0.839375 0.243131 0.022500 0.041965
2 0.388125 0.229392 0.021000 0.010991
2 0.444063 0.236886 0.026250 0.030974
2 0.583125 0.235637 0.019500 0.029975
2 0.521875 0.231474 0.019500 0.019983
2 0.029063 0.231890 0.014250 0.020983
2 0.355312 0.233139 0.021750 0.027977
2 0.688438 0.226062 0.011250 0.012989
2 0.277813 0.230225 0.018750 0.022981
2 0.397813 0.225229 0.012750 0.012989
2 0.659375 0.232723 0.022500 0.032973
2 0.701875 0.225645 0.025500 0.017985
2 0.146250 0.224396 0.010500 0.014988
2 0.631875 0.248127 0.052500 0.073938
2 0.676250 0.236470 0.033000 0.047960
2 0.810000 0.228143 0.030000 0.031973
2 0.506563 0.223564 0.012750 0.020983
2 0.342187 0.220233 0.011250 0.012989
2 0.574375 0.218984 0.007500 0.013988
2 0.879687 0.219400 0.012750 0.016986
2 0.698125 0.217319 0.009000 0.011990
2 0.435000 0.225645 0.019500 0.033972
2 0.190938 0.215654 0.008250 0.009992
2 0.371250 0.221898 0.021000 0.026978
2 0.640312 0.214405 0.011250 0.010991
2 0.074688 0.217735 0.008250 0.018984
2 0.048438 0.225645 0.032250 0.037968
2 0.990938 0.213572 0.008250 0.010991
2 0.599375 0.231057 0.049500 0.058951
2 0.424375 0.217735 0.013500 0.028976
2 0.386250 0.213988 0.015000 0.021982
2 0.321562 0.231890 0.075750 0.064946
2 0.261562 0.210241 0.008250 0.012989
2 0.809688 0.211490 0.012750 0.017985
2 0.767188 0.209409 0.011250 0.012989
2 0.038125 0.208993 0.012000 0.011990
2 0.825625 0.216903 0.010500 0.032973
2 0.564063 0.209409 0.008250 0.014988
2 0.027500 0.206495 0.007500 0.009992
2 0.015000 0.231057 0.030000 0.068943
2 0.789375 0.216903 0.030000 0.036969
2 0.109063 0.237302 0.050250 0.085928
2 0.638437 0.209825 0.018750 0.021982
2 0.196563 0.207744 0.014250 0.018984
2 0.515000 0.210241 0.019500 0.026978
2 0.993125 0.203164 0.009000 0.011990
2 0.958750 0.202331 0.009000 0.009992
2 0.948125 0.206911 0.019500 0.020983
2 0.857812 0.207744 0.006750 0.022981
2 0.122500 0.205662 0.013500 0.017985
2 0.820625 0.203164 0.009000 0.013988
2 0.411250 0.214405 0.019500 0.040966
2 0.400000 0.205246 0.013500 0.018984
2 0.291563 0.210658 0.035250 0.031973
2 0.215938 0.271857 0.143250 0.178851
2 0.131562 0.204413 0.008250 0.016986
2 0.805625 0.201499 0.013500 0.011990
2 0.775312 0.209825 0.026250 0.031973
2 0.312500 0.202331 0.010500 0.013988
2 0.681562 0.203164 0.008250 0.017985
2 0.728750 0.199417 0.010500 0.010991
2 0.620000 0.208160 0.021000 0.031973
2 0.362500 0.205662 0.019500 0.029975
2 0.302187 0.201082 0.009750 0.020983
2 0.613125 0.194838 0.015000 0.013988
2 0.632188 0.195254 0.008250 0.016986
2 0.736250 0.193172 0.013500 0.013988
2 0.484063 0.191507 0.011250 0.009992
2 0.359687 0.196503 0.009750 0.023980
2 0.311250 0.191507 0.013500 0.011990
2 0.810312 0.191923 0.017250 0.014988
2 0.621250 0.189842 0.018000 0.011990
2 0.661250 0.190674 0.024000 0.015987
2 0.164375 0.207327 0.066000 0.057952
2 0.089063 0.214821 0.041250 0.075937
2 0.282187 0.194005 0.026250 0.027977
2 0.472500 0.196087 0.022500 0.034971
2 0.777188 0.185679 0.014250 0.011990
2 0.501250 0.193172 0.027000 0.033972
2 0.192812 0.187760 0.014250 0.022981
2 0.800000 0.186511 0.027000 0.023980
2 0.437500 0.300583 0.183000 0.297752
2 0.692187 0.196919 0.035250 0.052956
2 0.731875 0.282681 0.166500 0.260783
2 0.940625 0.186511 0.019500 0.033972
2 0.500000 0.179017 0.009000 0.015987
2 0.298125 0.181099 0.012000 0.020983
2 0.629062 0.179850 0.020250 0.019983
2 0.232500 0.183181 0.037500 0.027977
2 0.389688 0.189009 0.020250 0.047960
2 0.950313 0.171107 0.008250 0.010991
2 0.308750 0.171107 0.012000 0.010991
2 0.447188 0.178601 0.021750 0.036969
2 0.232500 0.168609 0.009000 0.014988
2 0.033000 0.185262 0.066000 0.054954
2 0.955313 0.178601 0.017250 0.040966
2 0.600313 0.186095 0.044250 0.058951
2 0.128438 0.172356 0.021750 0.025978
2 0.626563 0.166112 0.006750 0.014988
2 0.272813 0.165695 0.012750 0.015987
2 0.242188 0.165279 0.011250 0.014988
2 0.387188 0.162781 0.011250 0.010991
2 0.210313 0.178185 0.038250 0.049958
2 0.393125 0.168193 0.015000 0.031973
2 0.185938 0.159867 0.008250 0.011990
2 0.947812 0.159867 0.009750 0.013988
2 0.657188 0.193172 0.050250 0.093922
2 0.787188 0.169858 0.027750 0.039967
2 0.906563 0.159867 0.015750 0.023980
2 0.789375 0.155704 0.013500 0.015987
2 0.064062 0.186095 0.057750 0.088926
2 0.666875 0.154871 0.015000 0.015987
2 0.615313 0.154038 0.014250 0.015987
2 0.937813 0.159867 0.020250 0.031973
2 0.959375 0.159034 0.022500 0.035970
2 0.077813 0.151540 0.011250 0.017985
2 0.876250 0.151957 0.013500 0.020983
2 0.122813 0.146545 0.012750 0.009992
2 0.675312 0.166944 0.038250 0.060949
2 0.900312 0.146545 0.009750 0.015987
2 0.920937 0.161116 0.021750 0.052956
2 0.800625 0.156953 0.016500 0.044963
2 0.050313 0.143630 0.014250 0.012989
2 0.628750 0.148210 0.018000 0.027977
2 0.085312 0.151540 0.014250 0.035970
2 0.226875 0.147377 0.016500 0.027977
2 0.646563 0.149459 0.026250 0.034971
2 0.545000 0.140716 0.009000 0.017985
2 0.787500 0.139883 0.016500 0.017985
2 0.067812 0.139883 0.012750 0.017985
2 0.771875 0.136969 0.010500 0.012989
2 0.256563 0.149042 0.039750 0.041965
2 0.138125 0.168609 0.118500 0.088926
2 0.814375 0.136137 0.009000 0.012989
2 0.682813 0.136553 0.014250 0.013988
2 0.479687 0.137802 0.008250 0.016986
2 0.932813 0.132390 0.008250 0.007993
2 0.219062 0.133639 0.011250 0.014988
2 0.633125 0.130724 0.010500 0.009992
2 0.612812 0.141132 0.035250 0.034971
2 0.353125 0.172773 0.115500 0.110908
2 0.554688 0.140300 0.020250 0.034971
2 0.205937 0.141965 0.023250 0.040966
2 0.884375 0.139051 0.025500 0.035970
2 0.164687 0.136553 0.008250 0.029975
2 0.085938 0.135304 0.032250 0.026978
2 0.956875 0.169858 0.086250 0.115903
2 0.594375 0.131973 0.016500 0.026978
2 0.365938 0.124063 0.011250 0.009992
2 0.052812 0.125312 0.017250 0.012989
2 0.969063 0.126561 0.009750 0.017985
2 0.839688 0.129059 0.014250 0.025978
2 0.735000 0.163197 0.105000 0.107910
2 0.448125 0.123231 0.010500 0.011990
2 0.404687 0.141132 0.041250 0.056953
2 0.379063 0.129475 0.018750 0.030974
2 0.145313 0.121149 0.011250 0.010991
2 0.665937 0.125312 0.014250 0.022981
2 0.486250 0.118651 0.009000 0.006994
2 0.474375 0.118651 0.012000 0.006994
2 0.462813 0.135720 0.033750 0.047960
2 0.425000 0.160699 0.055500 0.107910
2 0.423125 0.123231 0.025500 0.017985
2 0.211250 0.124896 0.012000 0.021982
2 0.653750 0.131973 0.037500 0.040966
2 0.638125 0.121565 0.010500 0.015987
2 0.535312 0.138218 0.036750 0.055953
2 0.530000 0.120733 0.013500 0.013988
2 0.527188 0.200666 0.182250 0.205828
2 0.084375 0.121149 0.007500 0.014988
2 0.567500 0.168193 0.096000 0.129892
2 0.548750 0.122814 0.016500 0.020983
2 0.051250 0.116153 0.009000 0.006994
2 0.776563 0.123647 0.026250 0.026978
2 0.696875 0.116570 0.006000 0.009992
2 0.681562 0.125729 0.027750 0.031973
2 0.622500 0.120733 0.027000 0.019983
2 0.603437 0.120733 0.014250 0.019983
2 0.940625 0.116570 0.009000 0.011990
2 0.655625 0.119900 0.015000 0.019983
2 0.196250 0.121565 0.015000 0.023980
2 0.989875 0.122398 0.020250 0.027977
2 0.726875 0.123231 0.024000 0.029975
2 0.765938 0.116986 0.008250 0.016986
2 0.207187 0.116986 0.009750 0.016986
2 0.339687 0.112823 0.011250 0.012989
2 0.259375 0.120316 0.030000 0.030974
2 0.047500 0.108243 0.016500 0.013988
2 0.822812 0.116570 0.018750 0.041965
2 0.233750 0.103247 0.016500 0.009992
2 0.883750 0.101166 0.013500 0.008993
2 0.869375 0.110325 0.030000 0.032973
2 0.059062 0.106994 0.015750 0.024979
2 0.854688 0.107827 0.012750 0.030974
2 0.268750 0.096586 0.009000 0.007993
2 0.424375 0.098251 0.013500 0.013988
2 0.839063 0.106578 0.020250 0.039967
2 0.072188 0.110325 0.027750 0.048959
2 0.325937 0.092423 0.008250 0.009992
2 0.644062 0.094505 0.006750 0.018984
2 0.617812 0.092839 0.014250 0.018984
2 0.229375 0.113655 0.039000 0.078934
2 0.824688 0.091174 0.027750 0.028976
2 0.105625 0.082431 0.007500 0.017985
2 0.421250 0.082015 0.010500 0.018984
2 0.084687 0.076603 0.009750 0.013988
2 0.644375 0.077852 0.007500 0.018984
2 0.630313 0.079933 0.014250 0.023980
2 0.055313 0.082015 0.009750 0.028976
2 0.269375 0.075770 0.010500 0.015987
2 0.111875 0.075354 0.012000 0.016986
2 0.656250 0.075770 0.019500 0.021982
2 0.373750 0.069942 0.015000 0.015987
2 0.070312 0.077852 0.023250 0.038968
2 0.248125 0.065362 0.009000 0.012989
2 0.503437 0.064946 0.008250 0.017985
2 0.243438 0.062448 0.009750 0.013988
2 0.070625 0.061615 0.007500 0.013988
2 0.660000 0.060366 0.004500 0.014988
2 0.145937 0.110741 0.135750 0.135887
2 0.361875 0.061615 0.010500 0.019983
2 0.325937 0.062032 0.011250 0.020983
2 0.654062 0.057868 0.008250 0.012989
2 0.155312 0.057868 0.009750 0.014988
2 0.962125 0.089925 0.075750 0.093922
2 0.062187 0.058285 0.009750 0.017985
2 0.275000 0.054122 0.009000 0.009992
2 0.128750 0.058285 0.025500 0.027977
2 0.660625 0.048293 0.010500 0.009992
2 0.397813 0.053289 0.017250 0.021982
2 0.935625 0.048709 0.015000 0.012989
2 0.840000 0.053705 0.012000 0.026978
2 0.342813 0.057036 0.030750 0.036969
2 0.004500 0.046628 0.009000 0.023980
2 0.929063 0.040799 0.011250 0.013988
2 0.393125 0.044546 0.009000 0.024979
2 0.753750 0.041632 0.010500 0.019983
2 0.231875 0.056203 0.022500 0.054954
2 0.405313 0.038718 0.015750 0.014988
2 0.182188 0.072440 0.104250 0.095920
2 0.517813 0.049542 0.021750 0.044963
2 0.436563 0.036220 0.008250 0.012989
2 0.186875 0.048293 0.027000 0.041965
2 0.160312 0.034971 0.011250 0.009992
2 0.034875 0.100333 0.069750 0.168859
2 0.375000 0.045379 0.019500 0.038968
2 0.556875 0.039550 0.021000 0.026978
2 0.365000 0.039550 0.021000 0.028976
2 0.135313 0.037885 0.023250 0.030974
2 0.046562 0.027061 0.006750 0.008993
2 0.450313 0.027061 0.012750 0.010991
2 0.720313 0.028726 0.012750 0.016986
2 0.007125 0.028726 0.014250 0.018984
2 0.515625 0.025812 0.022500 0.015987
2 0.914375 0.036636 0.037500 0.043963
2 0.122500 0.027893 0.022500 0.022981
2 0.040000 0.029142 0.019500 0.025978
2 0.097187 0.026644 0.018750 0.021982
2 0.165313 0.024147 0.014250 0.017985
2 0.112187 0.022481 0.012750 0.015987
2 0.753125 0.025396 0.021000 0.026978
2 0.388437 0.025812 0.017250 0.029975
2 0.741875 0.016653 0.010500 0.009992
2 0.947500 0.016653 0.007500 0.011990
2 0.118125 0.014571 0.007500 0.012989
2 0.513750 0.012906 0.007500 0.010991
2 0.889375 0.022065 0.036000 0.036969
2 0.439688 0.013739 0.011250 0.016986
2 0.150000 0.032473 0.030000 0.061948
2 0.920625 0.010824 0.010500 0.013988
2 0.772813 0.018318 0.036750 0.031973
2 0.733437 0.014988 0.008250 0.023980
2 0.531875 0.013739 0.028500 0.020983
2 0.598750 0.012490 0.009000 0.019983
2 0.020000 0.034971 0.028500 0.069942
2 0.566562 0.011490 0.009750 0.022981
2 0.304688 0.007910 0.006750 0.014988
2 0.958000 0.058951 0.084000 0.117902
2 0.939063 0.010491 0.017250 0.020983
2 0.935000 0.020483 0.025500 0.040966
2 0.909687 0.009492 0.011250 0.018984
2 0.897813 0.006495 0.020250 0.012989
2 0.874687 0.015487 0.024750 0.030974
2 0.825000 0.007494 0.019500 0.014988
2 0.752812 0.004996 0.011250 0.009992
2 0.693750 0.024480 0.072000 0.048959
2 0.668125 0.005495 0.007500 0.010991
2 0.537813 0.004496 0.012750 0.008993
2 0.513750 0.004496 0.009000 0.008993
2 0.478750 0.012989 0.034500 0.025978
2 0.445312 0.006994 0.006750 0.013988
2 0.600000 0.600000 1.000000 1.000000
2 0.311250 0.006994 0.009000 0.013988
2 0.267188 0.040966 0.081750 0.081932
2 0.245000 0.015487 0.021000 0.030974
2 0.225938 0.021982 0.033750 0.043963
2 0.206250 0.034971 0.042000 0.069942
2 0.178750 0.018984 0.025500 0.037968
2 0.165313 0.006994 0.009750 0.013988
2 0.157812 0.003997 0.012750 0.007993
2 0.135937 0.013988 0.035250 0.027977
2 0.107500 0.008493 0.018000 0.016986
2 0.095312 0.009992 0.014250 0.019983
2 0.062500 0.006994 0.007500 0.013988
2 0.080937 0.072440 0.104250 0.144879
2 0.029375 0.008493 0.015000 0.016986
2 0.011250 0.010991 0.022500 0.021982
