2 0.768750 0.967000 0.051000 0.066000
2 0.392500 0.961000 0.090000 0.078000
2 0.676250 0.937000 0.063000 0.126000
2 0.868750 0.899500 0.183000 0.201000
2 0.248750 0.866250 0.189000 0.153000
2 0.657500 0.873750 0.252000 0.189000
2 0.522500 0.872500 0.318000 0.255000
2 0.361250 0.845500 0.177000 0.309000
2 0.049500 0.788750 0.099000 0.123000
2 0.784000 0.740000 0.432000 0.216000
2 0.353750 0.650000 0.069000 0.048000
2 0.672500 0.591250 0.396000 0.171000
2 0.246250 0.608750 0.429000 0.447000
2 0.813750 0.458750 0.213000 0.165000
2 0.475000 0.366250 0.210000 0.159000
2 0.626250 0.366250 0.165000 0.189000
2 0.920500 0.338750 0.159000 0.183000
2 0.545000 0.211250 0.048000 0.027000
2 0.530000 0.211250 0.222000 0.147000
2 0.341250 0.136250 0.213000 0.123000
2 0.625000 0.123750 0.078000 0.141000
2 0.788750 0.107500 0.207000 0.198000
2 0.555000 0.096250 0.078000 0.171000
2 0.675000 0.043500 0.120000 0.087000
2 0.558750 0.018000 0.033000 0.036000
