2 0.303750 0.985000 0.075000 0.030000
2 0.585000 0.964000 0.114000 0.072000
2 0.445000 0.913000 0.240000 0.174000
2 0.327500 0.877500 0.132000 0.102000
2 0.550000 0.825000 0.120000 0.096000
2 0.931250 0.811250 0.111000 0.075000
2 0.462500 0.775000 0.078000 0.126000
2 0.132500 0.778750 0.078000 0.141000
2 0.890000 0.727500 0.108000 0.090000
2 0.983500 0.693750 0.033000 0.081000
2 0.726250 0.753750 0.231000 0.231000
2 0.290000 0.680000 0.318000 0.138000
2 0.955000 0.690000 0.090000 0.168000
2 0.049500 0.645000 0.099000 0.126000
2 0.480000 0.648750 0.222000 0.159000
2 0.872500 0.488750 0.090000 0.135000
2 0.021000 0.460000 0.042000 0.096000
2 0.655000 0.446250 0.090000 0.105000
2 0.116250 0.416250 0.051000 0.033000
2 0.241250 0.428750 0.087000 0.069000
2 0.220000 0.523750 0.276000 0.309000
2 0.955000 0.435000 0.090000 0.126000
2 0.090000 0.462500 0.114000 0.228000
2 0.757500 0.360000 0.036000 0.042000
2 0.187500 0.351250 0.042000 0.045000
2 0.196250 0.348750 0.129000 0.093000
2 0.791250 0.407500 0.141000 0.240000
2 0.282500 0.343750 0.090000 0.117000
2 0.730000 0.328750 0.126000 0.123000
2 0.031500 0.302500 0.063000 0.084000
2 0.353750 0.322500 0.075000 0.144000
2 0.206250 0.275000 0.093000 0.084000
2 0.692500 0.260000 0.108000 0.084000
2 0.052500 0.252500 0.105000 0.108000
2 0.862500 0.217500 0.042000 0.054000
2 0.780000 0.230000 0.084000 0.138000
2 0.623750 0.223750 0.201000 0.285000
2 0.871000 0.255000 0.258000 0.366000
2 0.158750 0.101250 0.051000 0.045000
2 0.187500 0.100000 0.042000 0.084000
2 0.315000 0.063750 0.114000 0.075000
2 0.528750 0.382500 0.681000 0.765000
2 0.843750 0.103500 0.303000 0.207000
2 0.678750 0.100500 0.261000 0.201000
2 0.490000 0.042000 0.102000 0.084000
2 0.395000 0.025500 0.108000 0.051000
2 0.245000 0.031500 0.060000 0.063000
2 0.216250 0.052500 0.099000 0.105000
2 0.151500 0.133500 0.303000 0.267000
