2 0.049500 0.393750 0.099000 0.075000
2 0.467500 0.390000 0.084000 0.102000
2 0.195000 0.453750 0.222000 0.261000
2 0.328750 0.367500 0.069000 0.108000
2 0.410000 0.401250 0.126000 0.213000
2 0.180000 0.371250 0.180000 0.189000
2 0.552500 0.395000 0.132000 0.252000
2 0.355000 0.255000 0.084000 0.042000
2 0.190500 0.323750 0.381000 0.297000
2 0.348750 0.213750 0.069000 0.039000
2 0.645000 0.218750 0.084000 0.105000
2 0.441250 0.257500 0.135000 0.234000
2 0.188750 0.200000 0.111000 0.096000
2 0.517500 0.135000 0.072000 0.114000
2 0.507500 0.028500 0.078000 0.057000
2 0.341250 0.121500 0.297000 0.243000
2 0.302500 0.018000 0.030000 0.036000
2 0.129000 0.121500 0.258000 0.243000
2 0.075000 0.010500 0.054000 0.021000
