2 0.692500 0.989500 0.042000 0.021000
2 0.857500 0.985000 0.048000 0.030000
2 0.775000 0.980500 0.048000 0.039000
2 0.583750 0.977500 0.039000 0.045000
2 0.535000 0.977500 0.048000 0.045000
2 0.247500 0.975000 0.036000 0.042000
2 0.345000 0.970000 0.060000 0.060000
2 0.291250 0.972500 0.063000 0.054000
2 0.676250 0.965000 0.039000 0.042000
2 0.733750 0.965500 0.051000 0.069000
2 0.943750 0.964000 0.111000 0.072000
2 0.600000 0.953750 0.042000 0.033000
2 0.707500 0.953750 0.048000 0.045000
2 0.418750 0.959500 0.123000 0.081000
2 0.217500 0.959500 0.072000 0.081000
2 0.165000 0.946250 0.036000 0.033000
2 0.808750 0.938750 0.045000 0.045000
2 0.665000 0.953500 0.072000 0.093000
2 0.493750 0.942500 0.069000 0.078000
2 0.852500 0.927500 0.048000 0.048000
2 0.433750 0.923750 0.045000 0.045000
2 0.795000 0.934000 0.096000 0.132000
2 0.905000 0.916250 0.060000 0.075000
2 0.974500 0.911250 0.051000 0.087000
2 0.606250 0.903750 0.057000 0.069000
2 0.395000 0.900000 0.078000 0.060000
2 0.646250 0.887500 0.051000 0.066000
2 0.818750 0.876250 0.051000 0.045000
2 0.192500 0.891250 0.078000 0.093000
2 0.868750 0.886250 0.063000 0.087000
2 0.388750 0.861250 0.039000 0.045000
2 0.293750 0.893750 0.159000 0.129000
2 0.952500 0.856250 0.030000 0.045000
2 0.088500 0.901000 0.177000 0.198000
2 0.015000 0.851250 0.030000 0.051000
2 0.548750 0.842500 0.051000 0.048000
2 0.437500 0.857500 0.090000 0.084000
2 0.782500 0.827500 0.024000 0.042000
2 0.482500 0.852500 0.084000 0.126000
2 0.356250 0.832500 0.153000 0.078000
2 0.425000 0.807500 0.036000 0.030000
2 0.606250 0.872500 0.189000 0.192000
2 0.116250 0.796250 0.051000 0.033000
2 0.048000 0.813750 0.096000 0.075000
2 0.393750 0.796250 0.045000 0.039000
2 0.546250 0.798750 0.087000 0.051000
2 0.690000 0.781250 0.084000 0.051000
2 0.873750 0.803750 0.183000 0.117000
2 0.553750 0.763750 0.081000 0.033000
2 0.462500 0.775000 0.126000 0.066000
2 0.306250 0.777500 0.129000 0.078000
2 0.742500 0.825000 0.186000 0.210000
2 0.123750 0.760000 0.063000 0.060000
2 0.646250 0.756250 0.045000 0.069000
2 0.021000 0.738750 0.042000 0.045000
2 0.085000 0.771250 0.072000 0.129000
2 0.386250 0.745000 0.099000 0.072000
2 0.440000 0.731250 0.054000 0.045000
2 0.691250 0.731250 0.057000 0.057000
2 0.818750 0.736250 0.069000 0.075000
2 0.056250 0.707500 0.027000 0.042000
2 0.301250 0.710000 0.075000 0.060000
2 0.735000 0.702500 0.078000 0.060000
2 0.586250 0.713750 0.099000 0.093000
2 0.148750 0.718750 0.123000 0.111000
2 0.383750 0.691250 0.117000 0.063000
2 0.173750 0.666250 0.045000 0.051000
2 0.518750 0.698750 0.195000 0.135000
2 0.033000 0.675000 0.066000 0.084000
2 0.347500 0.661250 0.078000 0.063000
2 0.977500 0.638750 0.045000 0.039000
2 0.222500 0.730000 0.168000 0.258000
2 0.450000 0.651250 0.066000 0.087000
2 0.687500 0.656250 0.144000 0.135000
2 0.283750 0.638750 0.111000 0.105000
2 0.034500 0.612500 0.069000 0.042000
2 0.110000 0.605000 0.030000 0.030000
2 0.976000 0.596250 0.048000 0.045000
2 0.163750 0.608750 0.117000 0.081000
2 0.231250 0.572500 0.075000 0.048000
2 0.598750 0.607500 0.183000 0.150000
2 0.252500 0.547500 0.048000 0.030000
2 0.397500 0.593750 0.216000 0.195000
2 0.832500 0.525000 0.042000 0.048000
2 0.128750 0.538750 0.081000 0.093000
2 0.188750 0.525000 0.087000 0.072000
2 0.075000 0.592500 0.150000 0.234000
2 0.552500 0.502500 0.054000 0.030000
2 0.527500 0.575000 0.204000 0.222000
2 0.668750 0.491250 0.033000 0.033000
2 0.118750 0.488750 0.051000 0.039000
2 0.020000 0.490000 0.036000 0.042000
2 0.161250 0.466250 0.063000 0.033000
2 0.351250 0.506250 0.165000 0.135000
2 0.977500 0.466250 0.045000 0.069000
2 0.425000 0.451250 0.048000 0.051000
2 0.158750 0.442500 0.057000 0.030000
2 0.488750 0.447500 0.093000 0.102000
2 0.893750 0.410000 0.069000 0.030000
2 0.979000 0.410000 0.042000 0.054000
2 0.412500 0.415000 0.066000 0.072000
2 0.280000 0.443750 0.378000 0.201000
2 0.386250 0.353750 0.075000 0.033000
2 0.336250 0.335000 0.039000 0.060000
2 0.082500 0.388750 0.165000 0.225000
2 0.980500 0.318750 0.039000 0.093000
2 0.238750 0.350000 0.231000 0.204000
2 0.190000 0.276250 0.048000 0.045000
2 0.940000 0.256250 0.036000 0.039000
2 0.027000 0.288750 0.054000 0.123000
2 0.881250 0.250000 0.039000 0.042000
2 0.048750 0.235000 0.057000 0.036000
2 0.974500 0.253750 0.051000 0.087000
2 0.268750 0.236250 0.069000 0.045000
2 0.170000 0.246250 0.054000 0.069000
2 0.506250 0.217500 0.117000 0.084000
2 0.111250 0.188750 0.051000 0.069000
2 0.961000 0.188750 0.078000 0.087000
2 0.683750 0.180000 0.117000 0.078000
2 0.034500 0.175000 0.069000 0.066000
2 0.648750 0.161250 0.057000 0.039000
2 0.505000 0.157500 0.060000 0.054000
2 0.127500 0.228750 0.204000 0.243000
2 0.840000 0.116250 0.042000 0.057000
2 0.027000 0.116250 0.054000 0.069000
2 0.542500 0.086250 0.030000 0.039000
2 0.101250 0.083750 0.039000 0.045000
2 0.090000 0.113750 0.168000 0.159000
2 0.010500 0.065000 0.021000 0.054000
2 0.024000 0.026250 0.048000 0.027000
2 0.964000 0.087000 0.072000 0.174000
2 0.905000 0.093000 0.168000 0.186000
2 0.598750 0.015000 0.045000 0.030000
2 0.573000 0.511500 1.000000 1.000000
