2 0.165000 0.979000 0.036000 0.042000
2 0.127500 0.967000 0.048000 0.066000
2 0.018000 0.964000 0.036000 0.072000
2 0.241250 0.958750 0.045000 0.069000
2 0.841250 0.953500 0.111000 0.093000
2 0.547500 0.941250 0.054000 0.051000
2 0.172500 0.938750 0.060000 0.051000
2 0.447500 0.928750 0.054000 0.039000
2 0.206250 0.946000 0.063000 0.108000
2 0.498750 0.944500 0.069000 0.111000
2 0.671250 0.912500 0.051000 0.036000
2 0.133750 0.861250 0.045000 0.027000
2 0.343750 0.847500 0.057000 0.078000
2 0.018000 0.817500 0.036000 0.048000
2 0.673750 0.795000 0.045000 0.030000
2 0.802500 0.703750 0.108000 0.135000
2 0.917500 0.621250 0.054000 0.057000
2 0.912500 0.560000 0.042000 0.036000
2 0.690000 0.451250 0.054000 0.051000
2 0.897500 0.440000 0.174000 0.246000
2 0.956250 0.377500 0.069000 0.114000
2 0.341250 0.332500 0.045000 0.042000
2 0.019500 0.286250 0.039000 0.081000
2 0.306250 0.195000 0.063000 0.036000
2 0.959500 0.228750 0.081000 0.147000
2 0.316250 0.125000 0.051000 0.054000
2 0.981250 0.108750 0.033000 0.045000
2 0.941500 0.143750 0.117000 0.147000
2 0.882500 0.097500 0.036000 0.036000
2 0.281250 0.121250 0.093000 0.147000
2 0.893750 0.066250 0.051000 0.051000
2 0.425000 0.058750 0.036000 0.039000
2 0.963750 0.022500 0.045000 0.045000
2 0.928750 0.051000 0.105000 0.102000
2 0.790000 0.033000 0.102000 0.066000
2 0.710000 0.049500 0.036000 0.099000
2 0.681250 0.018000 0.039000 0.036000
2 0.652500 0.019500 0.036000 0.039000
2 0.582500 0.034500 0.054000 0.069000
2 0.507500 0.022500 0.048000 0.045000
2 0.441250 0.030000 0.117000 0.060000
2 0.323750 0.051000 0.159000 0.102000
2 0.576000 0.600000 1.000000 1.000000
2 0.088500 0.100500 0.177000 0.201000
2 0.033750 0.021000 0.027000 0.042000
