2 0.684063 0.996003 0.011250 0.007993
2 0.238750 0.995504 0.010500 0.008993
2 0.830313 0.995004 0.017250 0.009992
2 0.928125 0.994005 0.010500 0.011990
2 0.786250 0.994005 0.015000 0.011990
2 0.226562 0.994005 0.012750 0.011990
2 0.716875 0.993505 0.016500 0.012989
2 0.360938 0.993006 0.023250 0.013988
2 0.254375 0.993006 0.024000 0.013988
2 0.736875 0.992923 0.010500 0.012989
2 0.600938 0.991007 0.014250 0.017985
2 0.268750 0.990008 0.009000 0.011990
2 0.133437 0.991007 0.027750 0.017985
2 0.841250 0.990008 0.022500 0.019983
2 0.935625 0.989509 0.018000 0.020983
2 0.710313 0.988510 0.020250 0.022981
2 0.678750 0.988510 0.018000 0.022981
2 0.483125 0.988510 0.033000 0.022981
2 0.224688 0.985429 0.009750 0.010991
2 0.893437 0.988010 0.033750 0.023980
2 0.055625 0.984596 0.010500 0.010991
2 0.037500 0.987510 0.031500 0.024979
2 0.754687 0.987011 0.029250 0.025978
2 0.013750 0.987011 0.024000 0.025978
2 0.758750 0.981682 0.007500 0.009992
2 0.551562 0.986511 0.042750 0.026978
2 0.796562 0.986012 0.015750 0.027977
2 0.776563 0.985012 0.029250 0.029975
2 0.388437 0.985012 0.045750 0.029975
2 0.625625 0.977519 0.010500 0.007993
2 0.740938 0.979600 0.012750 0.014988
2 0.724375 0.982931 0.027000 0.022981
2 0.934688 0.977935 0.015750 0.016986
2 0.920312 0.982931 0.015750 0.032973
2 0.884687 0.975853 0.015750 0.019983
2 0.821875 0.980017 0.046500 0.039967
2 0.505313 0.973356 0.012750 0.015987
2 0.358438 0.968360 0.009750 0.007993
2 0.036875 0.973356 0.019500 0.021982
2 0.255937 0.970858 0.006750 0.017985
2 0.995125 0.971690 0.009750 0.021982
2 0.858750 0.969192 0.007500 0.015987
2 0.779687 0.968776 0.009750 0.014988
2 0.737500 0.968360 0.012000 0.013988
2 0.050937 0.968360 0.011250 0.013988
2 0.007812 0.967527 0.011250 0.011990
2 0.899375 0.970441 0.009000 0.024979
2 0.798750 0.967111 0.022500 0.016986
2 0.881563 0.962948 0.011250 0.010991
2 0.907500 0.968776 0.013500 0.026978
2 0.866563 0.974521 0.038250 0.050958
2 0.953438 0.961282 0.011250 0.010991
2 0.020625 0.967943 0.041250 0.026978
2 0.798438 0.961699 0.006750 0.013988
2 0.988750 0.964197 0.009000 0.021982
2 0.664062 0.956703 0.012750 0.013988
2 0.945937 0.956286 0.008250 0.014988
2 0.768125 0.962948 0.039000 0.030974
2 0.666875 0.970025 0.130500 0.059950
2 0.929063 0.952956 0.006750 0.012989
2 0.596875 0.953789 0.010500 0.014988
2 0.443125 0.956286 0.021000 0.020983
2 0.267188 0.954205 0.012750 0.017985
2 0.442500 0.952123 0.009000 0.014988
2 0.160938 0.951707 0.012750 0.013988
2 0.915312 0.954621 0.029250 0.028976
2 0.180312 0.947960 0.012750 0.012989
2 0.004875 0.947127 0.009750 0.010991
2 0.994000 0.951291 0.012000 0.022981
2 0.756250 0.948376 0.013500 0.015987
2 0.613437 0.945878 0.015750 0.011990
2 0.867188 0.941715 0.012750 0.007993
2 0.825937 0.952540 0.029250 0.037968
2 0.718125 0.940883 0.015000 0.009992
2 0.940312 0.943797 0.030750 0.018984
2 0.875000 0.949209 0.019500 0.031973
2 0.799375 0.948793 0.033000 0.030974
2 0.753125 0.941715 0.009000 0.013988
2 0.148750 0.947127 0.019500 0.026978
2 0.102500 0.961032 0.100500 0.077935
2 0.901250 0.936303 0.009000 0.008993
2 0.760938 0.935887 0.006750 0.007993
2 0.656875 0.940883 0.013500 0.019983
2 0.449062 0.938801 0.008250 0.014988
2 0.810937 0.940050 0.008250 0.019983
2 0.295938 0.937552 0.015750 0.013988
2 0.248438 0.961699 0.035250 0.073938
2 0.990250 0.940883 0.019500 0.025978
2 0.768750 0.940883 0.012000 0.025978
2 0.726875 0.934221 0.010500 0.009992
2 0.163438 0.939634 0.014250 0.022981
2 0.870313 0.933389 0.011250 0.009992
2 0.376563 0.939217 0.014250 0.023980
2 0.020313 0.949209 0.038250 0.047960
2 0.976875 0.934221 0.010500 0.015987
2 0.531563 0.937136 0.015750 0.022981
2 0.545000 0.932973 0.013500 0.014988
2 0.177813 0.933389 0.009750 0.017985
2 0.955750 0.953039 0.088500 0.093922
2 0.915312 0.931307 0.023250 0.022981
2 0.442812 0.929642 0.017250 0.018984
2 0.260625 0.936719 0.015000 0.037968
2 0.042500 0.931724 0.019500 0.025978
2 0.900312 0.925062 0.014250 0.013988
2 0.980625 0.921732 0.009000 0.007993
2 0.638125 0.931307 0.019500 0.030974
2 0.007125 0.927977 0.014250 0.026978
2 0.937187 0.925479 0.015750 0.022981
2 0.322500 0.937136 0.027000 0.052956
2 0.028750 0.923813 0.016500 0.020983
2 0.881563 0.938801 0.048750 0.058951
2 0.537188 0.948043 0.092250 0.103913
2 0.533750 0.920067 0.009000 0.015987
2 0.248438 0.923397 0.029250 0.023980
2 0.913438 0.918401 0.011250 0.013988
2 0.860000 0.916320 0.007500 0.012989
2 0.206250 0.917985 0.012000 0.016986
2 0.011875 0.916736 0.010500 0.015987
2 0.965938 0.915487 0.008250 0.014988
2 0.279375 0.932973 0.028500 0.056953
2 0.153750 0.921732 0.024000 0.029975
2 0.666250 0.940883 0.045000 0.083930
2 0.717500 0.912157 0.009000 0.016986
2 0.992875 0.908410 0.014250 0.009992
2 0.692500 0.910491 0.007500 0.014988
2 0.529375 0.909242 0.007500 0.011990
2 0.899375 0.909242 0.010500 0.015987
2 0.450000 0.911324 0.022500 0.020983
2 0.880313 0.910075 0.026250 0.021982
2 0.251250 0.906744 0.024000 0.023980
2 0.005625 0.902581 0.011250 0.015987
2 0.750938 0.910075 0.015750 0.035970
2 0.573750 0.908410 0.028500 0.033972
2 0.280938 0.902165 0.027750 0.022981
2 0.946250 0.902165 0.019500 0.026978
2 0.407813 0.906744 0.015750 0.045962
2 0.748125 0.891757 0.015000 0.011990
2 0.561875 0.900083 0.012000 0.031973
2 0.476875 0.920483 0.063000 0.086928
2 0.996625 0.893422 0.006750 0.025978
2 0.856250 0.886345 0.015000 0.012989
2 0.718750 0.886761 0.016500 0.015987
2 0.010937 0.888426 0.009750 0.019983
2 0.627188 0.888010 0.020250 0.020983
2 0.113437 0.888426 0.020250 0.023980
2 0.952500 0.883430 0.013500 0.015987
2 0.693438 0.921316 0.060750 0.106911
2 0.129375 0.917985 0.078000 0.098918
2 0.460938 0.925562 0.156750 0.148876
2 0.681250 0.894671 0.027000 0.046961
2 0.099687 0.880100 0.009750 0.015987
2 0.806562 0.879267 0.014250 0.015987
2 0.362500 0.880516 0.024000 0.018984
2 0.413750 0.885928 0.015000 0.035970
2 0.934688 0.873855 0.015750 0.010991
2 0.050313 0.877186 0.014250 0.018984
2 0.547188 0.894255 0.036750 0.061948
2 0.105313 0.873022 0.008250 0.010991
2 0.003375 0.873022 0.006750 0.022981
2 0.152188 0.868443 0.011250 0.013988
2 0.617188 0.916570 0.129750 0.166861
2 0.553750 0.865112 0.009000 0.009992
2 0.827812 0.868443 0.015750 0.019983
2 0.335000 0.916070 0.181500 0.167860
2 0.880313 0.864696 0.015750 0.018984
2 0.894375 0.885512 0.033000 0.070941
2 0.129375 0.869276 0.043500 0.033972
2 0.019062 0.869276 0.012750 0.033972
2 0.544375 0.860949 0.015000 0.017985
2 0.145000 0.859284 0.009000 0.015987
2 0.121250 0.860117 0.010500 0.017985
2 0.427812 0.853455 0.012750 0.009992
2 0.904062 0.858451 0.024750 0.023980
2 0.517813 0.885512 0.053250 0.092923
2 0.537188 0.851374 0.018750 0.012989
2 0.973125 0.848460 0.016500 0.011990
2 0.110000 0.855121 0.019500 0.029975
2 0.582187 0.865112 0.050250 0.057952
2 0.457500 0.848460 0.013500 0.021982
2 0.103125 0.842631 0.009000 0.011990
2 0.118438 0.844296 0.020250 0.017985
2 0.894062 0.844713 0.014250 0.024979
2 0.884375 0.843880 0.012000 0.022981
2 0.903125 0.836386 0.009000 0.012989
2 0.366563 0.840550 0.011250 0.022981
2 0.010500 0.847627 0.021000 0.043963
2 0.004500 0.836386 0.009000 0.016986
2 0.348438 0.834721 0.009750 0.014988
2 0.976875 0.835137 0.012000 0.017985
2 0.488125 0.839717 0.016500 0.030974
2 0.630000 0.830974 0.007500 0.011990
2 0.680312 0.831391 0.014250 0.018984
2 0.666562 0.826395 0.015750 0.012989
2 0.124063 0.829309 0.015750 0.019983
2 0.885000 0.825978 0.010500 0.013988
2 0.713125 0.827227 0.018000 0.018984
2 0.691250 0.825146 0.010500 0.013988
2 0.512188 0.833056 0.048750 0.034971
2 0.433750 0.865112 0.163500 0.113905
2 0.733750 0.825146 0.013500 0.019983
2 0.459375 0.828476 0.034500 0.027977
2 0.899375 0.821815 0.010500 0.013988
2 0.869062 0.825146 0.018750 0.021982
2 0.721250 0.819317 0.012000 0.011990
2 0.684063 0.820150 0.011250 0.013988
2 0.353438 0.819317 0.008250 0.011990
2 0.117813 0.824729 0.011250 0.026978
2 0.084375 0.831807 0.031500 0.045962
2 0.006000 0.819734 0.012000 0.018984
2 0.356875 0.823480 0.015000 0.029975
2 0.629687 0.832223 0.045750 0.058951
2 0.869375 0.812240 0.010500 0.012989
2 0.943750 0.813489 0.012000 0.021982
2 0.943375 0.871774 0.113250 0.165862
2 0.680937 0.810991 0.023250 0.021982
2 0.763125 0.810575 0.016500 0.022981
2 0.725000 0.806828 0.010500 0.013988
2 0.657813 0.806828 0.012750 0.015987
2 0.613750 0.802664 0.009000 0.015987
2 0.957500 0.822231 0.045000 0.064946
2 0.641563 0.798085 0.015750 0.010991
2 0.639062 0.821815 0.050250 0.073938
2 0.466250 0.806411 0.036000 0.038968
2 0.848125 0.794338 0.012000 0.013988
2 0.397188 0.794754 0.011250 0.016986
2 0.420938 0.788926 0.012750 0.006994
2 0.466250 0.789759 0.009000 0.010991
2 0.994000 0.793089 0.012000 0.020983
2 0.009750 0.796836 0.019500 0.033972
2 0.665625 0.800999 0.031500 0.047960
2 0.548750 0.788510 0.015000 0.017985
2 0.386875 0.787677 0.015000 0.015987
2 0.771250 0.785595 0.012000 0.012989
2 0.470938 0.783514 0.011250 0.009992
2 0.952812 0.783097 0.009750 0.014988
2 0.516875 0.796420 0.030000 0.046961
2 0.931875 0.782681 0.013500 0.015987
2 0.392188 0.779767 0.008250 0.010991
2 0.426250 0.808077 0.082500 0.080933
2 0.980000 0.795587 0.031500 0.052956
2 0.916875 0.810158 0.093000 0.093922
2 0.692187 0.772273 0.009750 0.010991
2 0.428125 0.774771 0.027000 0.018984
2 0.876875 0.769359 0.007500 0.011990
2 0.822812 0.775604 0.012750 0.028976
2 0.481875 0.766445 0.010500 0.006994
2 0.902500 0.777269 0.016500 0.034971
2 0.961875 0.776436 0.016500 0.038968
2 0.988750 0.772273 0.022500 0.030974
2 0.542500 0.762698 0.007500 0.019983
2 0.886563 0.756453 0.012750 0.010991
2 0.665937 0.758118 0.011250 0.016986
2 0.547500 0.781848 0.039000 0.075937
2 0.944688 0.766445 0.035250 0.040966
2 0.047188 0.753539 0.015750 0.011990
2 0.984688 0.756037 0.026250 0.019983
2 0.974375 0.752290 0.012000 0.012989
2 0.961562 0.753122 0.014250 0.014988
2 0.996625 0.748959 0.006750 0.010991
2 0.920312 0.764779 0.041250 0.052956
2 0.774375 0.756869 0.040500 0.039967
2 0.390937 0.745629 0.008250 0.016986
2 0.603750 0.745629 0.009000 0.018984
2 0.946562 0.742298 0.011250 0.012989
2 0.844688 0.747294 0.018750 0.026978
2 0.604688 0.818485 0.203250 0.199833
2 0.991563 0.742714 0.005250 0.019983
2 0.725313 0.745212 0.050250 0.025978
2 0.756250 0.736886 0.015000 0.011990
2 0.903438 0.746461 0.024750 0.038968
2 0.053437 0.737719 0.014250 0.017985
2 0.396562 0.738135 0.012750 0.020983
2 0.547813 0.729808 0.017250 0.010991
2 0.560000 0.745212 0.043500 0.049958
2 0.951250 0.736470 0.019500 0.032973
2 0.420625 0.728976 0.013500 0.016986
2 0.241250 0.739800 0.040500 0.042964
2 0.046875 0.727727 0.012000 0.013988
2 0.864062 0.734388 0.015750 0.031973
2 0.402187 0.727311 0.012750 0.016986
2 0.747188 0.726894 0.017250 0.019983
2 0.535312 0.723980 0.011250 0.014988
2 0.596250 0.731890 0.031500 0.035970
2 0.697812 0.722731 0.009750 0.015987
2 0.993625 0.722731 0.012750 0.021982
2 0.230625 0.722731 0.013500 0.023980
2 0.968125 0.729808 0.039000 0.042964
2 0.384375 0.727727 0.030000 0.037968
2 0.784375 0.716903 0.028500 0.023980
2 0.930625 0.731057 0.030000 0.061948
2 0.969375 0.708160 0.010500 0.012989
2 0.237500 0.705662 0.009000 0.012989
2 0.833438 0.718568 0.054750 0.045962
2 0.337500 0.706078 0.009000 0.015987
2 0.950937 0.707744 0.008250 0.021982
2 0.392500 0.703997 0.013500 0.014988
2 0.942187 0.718568 0.014250 0.051957
2 0.959375 0.703997 0.012000 0.018984
2 0.933750 0.700250 0.018000 0.011990
2 0.093125 0.700250 0.009000 0.011990
2 0.246875 0.699417 0.006000 0.011990
2 0.009000 0.719400 0.018000 0.061948
2 0.616563 0.694838 0.012750 0.012989
2 0.070625 0.703164 0.028500 0.032973
2 0.898750 0.711490 0.043500 0.054954
2 0.868750 0.703580 0.015000 0.037968
2 0.957812 0.692340 0.009750 0.012989
2 0.931250 0.693589 0.025500 0.033972
2 0.251563 0.687344 0.018750 0.018984
2 0.561875 0.683181 0.007500 0.014988
2 0.913750 0.686095 0.012000 0.023980
2 0.978750 0.695254 0.040500 0.051957
2 0.328125 0.692340 0.028500 0.046961
2 0.319063 0.676936 0.011250 0.009992
2 0.031125 0.751041 0.062250 0.187843
2 0.490000 0.673605 0.010500 0.013988
2 0.971562 0.675687 0.011250 0.020983
2 0.463750 0.672773 0.022500 0.013988
2 0.201875 0.671524 0.006000 0.012989
2 0.987812 0.679850 0.014250 0.034971
2 0.152812 0.679017 0.015750 0.032973
2 0.995125 0.673189 0.009750 0.020983
2 0.903125 0.675687 0.013500 0.026978
2 0.165625 0.675687 0.027000 0.028976
2 0.034375 0.669442 0.015000 0.013988
2 0.947500 0.671107 0.018000 0.019983
2 0.912813 0.672356 0.020250 0.022981
2 0.235937 0.667361 0.008250 0.010991
2 0.303750 0.672356 0.019500 0.026978
2 0.963750 0.667361 0.013500 0.018984
2 0.923125 0.671524 0.013500 0.028976
2 0.706562 0.663614 0.011250 0.015987
2 0.246562 0.663614 0.014250 0.015987
2 0.372188 0.661948 0.014250 0.019983
2 0.294063 0.672356 0.020250 0.044963
2 0.198750 0.656953 0.010500 0.007993
2 0.903750 0.658201 0.007500 0.012989
2 0.978437 0.667777 0.011250 0.037968
2 0.937813 0.666528 0.020250 0.036969
2 0.025000 0.656953 0.006000 0.017985
2 0.573125 0.688177 0.039000 0.100916
2 0.110312 0.657785 0.039750 0.029975
2 0.103125 0.651957 0.007500 0.015987
2 0.715938 0.645712 0.009750 0.012989
2 0.976875 0.644463 0.010500 0.011990
2 0.955937 0.648626 0.023250 0.023980
2 0.995875 0.644879 0.008250 0.018984
2 0.778750 0.641132 0.010500 0.011990
2 0.731250 0.646128 0.022500 0.023980
2 0.987500 0.649459 0.018000 0.033972
2 0.768125 0.660699 0.042000 0.062948
2 0.575625 0.651540 0.034500 0.040966
2 0.968125 0.640300 0.007500 0.015987
2 0.681250 0.640716 0.015000 0.020983
2 0.460625 0.641549 0.027000 0.022981
2 0.529062 0.636969 0.006750 0.013988
2 0.918125 0.646545 0.033000 0.038968
2 0.309688 0.636137 0.008250 0.015987
2 0.727187 0.634888 0.018750 0.014988
2 0.881563 0.636969 0.014250 0.023980
2 0.177500 0.633639 0.012000 0.015987
2 0.065937 0.674438 0.062250 0.117902
2 0.448125 0.629475 0.010500 0.011990
2 0.780000 0.629059 0.018000 0.020983
2 0.935937 0.622814 0.008250 0.009992
2 0.018375 0.656536 0.036750 0.090924
2 0.951562 0.635304 0.047250 0.045962
2 0.927813 0.629475 0.018750 0.033972
2 0.977500 0.629059 0.021000 0.036969
2 0.620625 0.619067 0.007500 0.012989
2 0.792813 0.635304 0.021750 0.053955
2 0.986500 0.619067 0.027000 0.016986
2 0.909062 0.620733 0.015750 0.020983
2 0.015000 0.620316 0.016500 0.021982
2 0.333750 0.614904 0.010500 0.010991
2 0.308750 0.616986 0.012000 0.015987
2 0.940625 0.613655 0.007500 0.009992
2 0.502188 0.621149 0.012750 0.027977
2 0.317812 0.611157 0.011250 0.009992
2 0.866563 0.619484 0.023250 0.035970
2 0.731250 0.609492 0.009000 0.011990
2 0.633437 0.609908 0.008250 0.012989
2 0.884062 0.614488 0.014250 0.025978
2 0.464687 0.618235 0.027750 0.034971
2 0.369063 0.612406 0.008250 0.020983
2 0.904687 0.609908 0.008250 0.016986
2 0.586875 0.620316 0.033000 0.043963
2 0.483125 0.612823 0.013500 0.025978
2 0.784062 0.606578 0.005250 0.012989
2 0.438750 0.607827 0.021000 0.017985
2 0.322188 0.604913 0.008250 0.010991
2 0.388750 0.610325 0.016500 0.029975
2 0.969688 0.604080 0.009750 0.016986
2 0.370937 0.616986 0.032250 0.049958
2 0.828438 0.599917 0.005250 0.014988
2 0.169375 0.599917 0.010500 0.018984
2 0.700000 0.601582 0.030000 0.030974
2 0.322813 0.592423 0.009750 0.010991
2 0.850625 0.609076 0.040500 0.054954
2 0.556562 0.594088 0.018750 0.018984
2 0.330937 0.592007 0.011250 0.013988
2 0.921875 0.595754 0.037500 0.030974
2 0.227813 0.590758 0.009750 0.018984
2 0.347187 0.606162 0.029250 0.057952
2 0.217500 0.587843 0.010500 0.013988
2 0.576562 0.595754 0.023250 0.034971
2 0.752812 0.609908 0.066750 0.074938
2 0.317812 0.582015 0.015750 0.011990
2 0.307812 0.586595 0.027750 0.024979
2 0.926562 0.579933 0.009750 0.010991
2 0.589063 0.585762 0.020250 0.028976
2 0.943438 0.574938 0.006750 0.008993
2 0.238437 0.574521 0.018750 0.009992
2 0.660000 0.583264 0.030000 0.034971
2 0.960938 0.573272 0.008250 0.012989
2 0.950000 0.573689 0.007500 0.013988
2 0.958375 0.593256 0.083250 0.060949
2 0.895312 0.572856 0.012750 0.011990
2 0.983500 0.573272 0.033000 0.024979
2 0.720625 0.567444 0.006000 0.010991
2 0.343125 0.567860 0.010500 0.011990
2 0.030625 0.572023 0.022500 0.025978
2 0.683438 0.574105 0.026250 0.032973
2 0.918750 0.571191 0.018000 0.027977
2 0.964688 0.564113 0.020250 0.018984
2 0.895938 0.562032 0.017250 0.013988
2 0.028125 0.559117 0.015000 0.008993
2 0.606563 0.556203 0.014250 0.009992
2 0.234063 0.559534 0.017250 0.017985
2 0.946875 0.557452 0.010500 0.024979
2 0.162812 0.563281 0.015750 0.038968
2 0.364063 0.582431 0.036750 0.086928
2 0.894062 0.552040 0.009750 0.015987
2 0.990250 0.554954 0.019500 0.028976
2 0.235937 0.548709 0.009750 0.013988
2 0.831250 0.548709 0.007500 0.015987
2 0.885625 0.543297 0.012000 0.008993
2 0.078750 0.544546 0.010500 0.013988
2 0.231875 0.542465 0.010500 0.016986
2 0.064375 0.548709 0.028500 0.045962
2 0.994375 0.536220 0.011250 0.017985
2 0.708750 0.559117 0.034500 0.078934
2 0.382500 0.533722 0.010500 0.017985
2 0.166563 0.539134 0.024750 0.038968
2 0.755938 0.528726 0.011250 0.015987
2 0.125938 0.552456 0.078750 0.074938
2 0.272500 0.531640 0.037500 0.028976
2 0.116250 0.532473 0.033000 0.032973
2 0.934688 0.544963 0.026250 0.066944
2 0.096250 0.524563 0.010500 0.019983
2 0.605000 0.520816 0.016500 0.020983
2 0.833125 0.516653 0.007500 0.012989
2 0.648750 0.581182 0.126000 0.167860
2 0.358125 0.516236 0.013500 0.011990
2 0.703125 0.519151 0.019500 0.020983
2 0.991750 0.519567 0.016500 0.023980
2 0.132188 0.514155 0.008250 0.014988
2 0.331875 0.509992 0.012000 0.006994
2 0.711875 0.516236 0.010500 0.023980
2 0.305312 0.516653 0.021750 0.028976
2 0.608750 0.511657 0.012000 0.020983
2 0.456562 0.506661 0.009750 0.010991
2 0.890000 0.502914 0.009000 0.009992
2 0.689688 0.505412 0.017250 0.015987
2 0.820625 0.510824 0.022500 0.030974
2 0.449688 0.502498 0.006750 0.012989
2 0.384375 0.502498 0.016500 0.016986
2 0.828438 0.499584 0.012750 0.011990
2 0.929063 0.495004 0.008250 0.014988
2 0.050000 0.505412 0.027000 0.039967
2 0.292125 0.692256 0.584250 0.615487
2 0.489375 0.493339 0.019500 0.020983
2 0.815625 0.492090 0.007500 0.019983
2 0.911875 0.492923 0.010500 0.023980
2 0.362187 0.494588 0.015750 0.027977
2 0.059687 0.490008 0.009750 0.016986
2 0.550000 0.499167 0.028500 0.040966
2 0.418125 0.494588 0.021000 0.029975
2 0.358125 0.535387 0.136500 0.129892
2 0.040313 0.487094 0.011250 0.013988
2 0.247812 0.492090 0.012750 0.029975
2 0.869062 0.483347 0.011250 0.014988
2 0.847500 0.487094 0.016500 0.023980
2 0.435625 0.481266 0.009000 0.009992
2 0.735000 0.482515 0.009000 0.014988
2 0.255625 0.482931 0.013500 0.019983
2 0.735625 0.490425 0.019500 0.041965
2 0.910937 0.478351 0.024750 0.026978
2 0.022187 0.472523 0.006750 0.012989
2 0.318125 0.473356 0.018000 0.016986
2 0.048125 0.475853 0.033000 0.022981
2 0.264688 0.481682 0.027750 0.042964
2 0.709375 0.467527 0.019500 0.010991
2 0.384375 0.467527 0.009000 0.010991
2 0.937813 0.474604 0.015750 0.029975
2 0.982187 0.468360 0.009750 0.016986
2 0.073875 0.562448 0.147750 0.244796
2 0.866250 0.471690 0.018000 0.028976
2 0.178750 0.463780 0.007500 0.009992
2 0.900000 0.464613 0.012000 0.013988
2 0.855313 0.482098 0.029250 0.057952
2 0.598750 0.482098 0.033000 0.057952
2 0.263437 0.463364 0.009750 0.014988
2 0.696875 0.456703 0.010500 0.008993
2 0.049063 0.461699 0.012750 0.020983
2 0.120625 0.459617 0.009000 0.017985
2 0.211875 0.454621 0.007500 0.007993
2 0.178750 0.458368 0.022500 0.016986
2 0.944063 0.456703 0.011250 0.014988
2 0.913438 0.455037 0.015750 0.010991
2 0.608750 0.453372 0.012000 0.018984
2 0.991375 0.457535 0.017250 0.038968
2 0.444063 0.531224 0.167250 0.217818
2 0.040313 0.443797 0.020250 0.019983
2 0.373437 0.445462 0.011250 0.025978
2 0.184375 0.444213 0.027000 0.022981
2 0.527188 0.442548 0.017250 0.020983
2 0.023625 0.457535 0.047250 0.056953
2 0.025313 0.440883 0.012750 0.020983
2 0.461875 0.467527 0.037500 0.086928
2 0.598437 0.435470 0.014250 0.015987
2 0.062500 0.433805 0.010500 0.011990
2 0.733750 0.438801 0.016500 0.031973
2 0.538750 0.445878 0.025500 0.050958
2 0.542500 0.424230 0.009000 0.008993
2 0.073438 0.428809 0.014250 0.019983
2 0.994375 0.425895 0.011250 0.016986
2 0.064375 0.424230 0.009000 0.012989
2 0.962187 0.426728 0.008250 0.020983
2 0.025000 0.420899 0.010500 0.008993
2 0.226250 0.429642 0.015000 0.031973
2 0.089375 0.419650 0.010500 0.009992
2 0.479375 0.425479 0.019500 0.025978
2 0.136563 0.420067 0.009750 0.012989
2 0.090625 0.411740 0.013500 0.006994
2 0.947500 0.414654 0.009000 0.015987
2 0.673750 0.411324 0.009000 0.009992
2 0.579688 0.413822 0.009750 0.015987
2 0.456250 0.411324 0.016500 0.009992
2 0.239063 0.412573 0.006750 0.014988
2 0.397813 0.410075 0.012750 0.012989
2 0.226875 0.413822 0.012000 0.021982
2 0.979375 0.434638 0.034500 0.073938
2 0.631875 0.462531 0.061500 0.142881
2 0.245625 0.426311 0.033000 0.059950
2 0.344062 0.403830 0.012750 0.007993
2 0.335313 0.404663 0.006750 0.011990
2 0.220312 0.402998 0.012750 0.009992
2 0.966562 0.407577 0.018750 0.022981
2 0.660312 0.428393 0.036750 0.074938
2 0.648125 0.407577 0.010500 0.024979
2 0.365938 0.403414 0.009750 0.014988
2 0.168437 0.461699 0.177750 0.158868
2 0.992500 0.400500 0.010500 0.013988
2 0.976250 0.399667 0.013500 0.011990
2 0.637813 0.408410 0.017250 0.032973
2 0.012750 0.415071 0.025500 0.048959
2 0.027187 0.396336 0.012750 0.009992
2 0.187188 0.395087 0.008250 0.010991
2 0.083750 0.397585 0.019500 0.026978
2 0.583750 0.445046 0.058500 0.142881
2 0.009750 0.393422 0.019500 0.020983
2 0.913438 0.390924 0.021750 0.016986
2 0.365938 0.388010 0.009750 0.013988
2 0.229375 0.386761 0.013500 0.012989
2 0.220938 0.385096 0.006750 0.016986
2 0.960313 0.380933 0.009750 0.008993
2 0.970000 0.384679 0.007500 0.019983
2 0.906250 0.383014 0.006000 0.015987
2 0.231250 0.378435 0.010500 0.010991
2 0.672500 0.377186 0.013500 0.009992
2 0.654062 0.385512 0.018750 0.031973
2 0.246562 0.388426 0.024750 0.038968
2 0.593750 0.375937 0.012000 0.012989
2 0.530937 0.371774 0.009750 0.010991
2 0.955937 0.373855 0.008250 0.017985
2 0.599688 0.598668 0.393750 0.557535
2 0.936875 0.371774 0.010500 0.014988
2 0.685937 0.373022 0.012750 0.017985
2 0.224375 0.370941 0.007500 0.012989
2 0.410938 0.432140 0.095250 0.163863
2 0.306250 0.477102 0.183000 0.271774
2 0.349062 0.370525 0.006750 0.017985
2 0.470938 0.373022 0.033750 0.029975
2 0.703750 0.441715 0.133500 0.198834
2 0.540625 0.365112 0.009000 0.016986
2 0.139063 0.372606 0.018750 0.034971
2 0.046125 0.400916 0.092250 0.102914
2 0.045625 0.364280 0.012000 0.016986
2 0.580000 0.362198 0.007500 0.013988
2 0.936562 0.359700 0.009750 0.009992
2 0.235000 0.365945 0.018000 0.026978
2 0.487187 0.362614 0.012750 0.022981
2 0.437188 0.358868 0.012750 0.015987
2 0.150000 0.362198 0.018000 0.025978
2 0.355625 0.360949 0.013500 0.024979
2 0.203437 0.353039 0.011250 0.013988
2 0.993625 0.351790 0.012750 0.012989
2 0.140000 0.440466 0.213000 0.231807
2 0.940625 0.347211 0.009000 0.013988
2 0.171563 0.348876 0.012750 0.019983
2 0.972625 0.373439 0.054750 0.080933
2 0.536875 0.348876 0.013500 0.021982
2 0.514062 0.359284 0.038250 0.046961
2 0.490625 0.345962 0.013500 0.014988
2 0.092813 0.347211 0.017250 0.017985
2 0.102500 0.344296 0.012000 0.012989
2 0.039375 0.348460 0.028500 0.022981
2 0.906563 0.343047 0.012750 0.013988
2 0.258750 0.353872 0.037500 0.041965
2 0.671250 0.343047 0.007500 0.021982
2 0.531875 0.341382 0.009000 0.021982
2 0.488125 0.338052 0.007500 0.013988
2 0.154062 0.342631 0.027750 0.024979
2 0.381563 0.343464 0.027750 0.028976
2 0.945625 0.335137 0.007500 0.014988
2 0.512188 0.333056 0.015750 0.011990
2 0.989375 0.335137 0.006000 0.018984
2 0.399375 0.334305 0.012000 0.020983
2 0.315000 0.360117 0.094500 0.082931
2 0.923438 0.353872 0.039750 0.071940
2 0.119063 0.344713 0.039750 0.053955
2 0.923438 0.325978 0.006750 0.010991
2 0.590000 0.330974 0.016500 0.022981
2 0.502500 0.323897 0.012000 0.011990
2 0.300312 0.322648 0.014250 0.010991
2 0.289375 0.321815 0.009000 0.008993
2 0.994750 0.331807 0.010500 0.034971
2 0.679063 0.332639 0.023250 0.044963
2 0.508750 0.318068 0.012000 0.011990
2 0.259062 0.317236 0.011250 0.011990
2 0.933125 0.317236 0.012000 0.013988
2 0.830625 0.316819 0.010500 0.012989
2 0.471875 0.341799 0.033000 0.072939
2 0.968437 0.318068 0.008250 0.017985
2 0.950313 0.318901 0.008250 0.021982
2 0.858437 0.313905 0.008250 0.009992
2 0.518750 0.311407 0.015000 0.011990
2 0.985313 0.310575 0.009750 0.011990
2 0.398750 0.318068 0.025500 0.029975
2 0.880000 0.308909 0.009000 0.013988
2 0.586250 0.311823 0.013500 0.020983
2 0.254375 0.306411 0.010500 0.007993
2 0.381563 0.314321 0.015750 0.028976
2 0.981875 0.313489 0.024000 0.032973
2 0.949688 0.304746 0.005250 0.013988
2 0.921875 0.308909 0.024000 0.023980
2 0.060625 0.310575 0.028500 0.027977
2 0.173750 0.306411 0.018000 0.023980
2 0.759062 0.303497 0.009750 0.018984
2 0.385000 0.298918 0.010500 0.009992
2 0.680312 0.299334 0.005250 0.014988
2 0.885000 0.298918 0.013500 0.015987
2 0.416563 0.344713 0.140250 0.127893
2 0.047188 0.307660 0.014250 0.038968
2 0.144687 0.323064 0.053250 0.077935
2 0.025937 0.295587 0.006750 0.011990
2 0.071250 0.348043 0.084000 0.139883
2 0.924687 0.298085 0.012750 0.021982
2 0.609688 0.296003 0.006750 0.016986
2 0.044687 0.293089 0.011250 0.009992
2 0.036875 0.297252 0.015000 0.021982
2 0.686875 0.296003 0.010500 0.020983
2 0.790000 0.293922 0.016500 0.017985
2 0.490312 0.315570 0.042750 0.073938
2 0.980625 0.287677 0.012000 0.010991
2 0.940937 0.306828 0.027750 0.060949
2 0.113125 0.312240 0.036000 0.075937
2 0.025500 0.323064 0.051000 0.101915
2 0.602812 0.287261 0.006750 0.019983
2 0.450937 0.295587 0.030750 0.043963
2 0.259688 0.295587 0.023250 0.043963
2 0.335000 0.279351 0.006000 0.010991
2 0.565937 0.278102 0.009750 0.009992
2 0.211875 0.320983 0.109500 0.112906
2 0.506875 0.277685 0.012000 0.016986
2 0.989125 0.291840 0.021750 0.052956
2 0.060625 0.285595 0.031500 0.039967
2 0.057500 0.274355 0.009000 0.014988
2 0.415000 0.288510 0.040500 0.050958
2 0.901563 0.270608 0.008250 0.009992
2 0.530937 0.272689 0.017250 0.014988
2 0.923125 0.276853 0.013500 0.028976
2 0.133750 0.271024 0.013500 0.014988
2 0.018750 0.271024 0.006000 0.014988
2 0.721562 0.270608 0.018750 0.015987
2 0.268750 0.274355 0.022500 0.024979
2 0.843750 0.304330 0.084000 0.100916
2 0.625000 0.268526 0.012000 0.014988
2 0.457188 0.281848 0.041250 0.048959
2 0.494063 0.269775 0.018750 0.021982
2 0.636563 0.267694 0.018750 0.018984
2 0.040938 0.273106 0.014250 0.031973
2 0.986250 0.263947 0.012000 0.011990
2 0.255625 0.267277 0.010500 0.019983
2 0.875625 0.264779 0.007500 0.017985
2 0.323750 0.271857 0.025500 0.034971
2 0.840625 0.266445 0.018000 0.023980
2 0.266562 0.260616 0.008250 0.011990
2 0.406562 0.264779 0.017250 0.023980
2 0.282500 0.276853 0.013500 0.052956
2 0.724375 0.259784 0.010500 0.013988
2 0.176250 0.261865 0.018000 0.018984
2 0.393437 0.264779 0.021750 0.029975
2 0.368437 0.255204 0.014250 0.014988
2 0.355625 0.255620 0.016500 0.015987
2 0.063125 0.254788 0.013500 0.013988
2 0.028438 0.261032 0.018750 0.040966
2 0.961562 0.247710 0.008250 0.014988
2 0.827812 0.252706 0.017250 0.026978
2 0.567500 0.256453 0.025500 0.047960
2 0.475938 0.259367 0.029250 0.054954
2 0.240313 0.268110 0.078750 0.075937
2 0.853125 0.238551 0.010500 0.008993
2 0.844063 0.243963 0.018750 0.029975
2 0.013875 0.248959 0.027750 0.041965
2 0.391562 0.243547 0.030750 0.030974
2 0.587500 0.237719 0.013500 0.018984
2 0.480312 0.234804 0.012750 0.011990
2 0.374375 0.288093 0.094500 0.143880
2 0.376563 0.231890 0.009750 0.012989
2 0.120625 0.231057 0.009000 0.014988
2 0.844375 0.228143 0.021000 0.009992
2 0.810937 0.241049 0.021750 0.040966
2 0.580625 0.228560 0.013500 0.012989
2 0.065312 0.243131 0.074250 0.047960
2 0.030000 0.229808 0.024000 0.015987
2 0.417187 0.226062 0.009750 0.010991
2 0.574063 0.226062 0.012750 0.018984
2 0.454688 0.226894 0.012750 0.020983
2 0.395625 0.226478 0.036000 0.021982
2 0.329688 0.238135 0.047250 0.049958
2 0.724063 0.235221 0.026250 0.046961
2 0.015312 0.223980 0.011250 0.021982
2 0.748125 0.235637 0.054000 0.051957
2 0.192812 0.229392 0.035250 0.044963
2 0.336875 0.217319 0.024000 0.023980
2 0.031875 0.214821 0.010500 0.017985
2 0.022500 0.218152 0.013500 0.025978
2 0.447188 0.209825 0.011250 0.011990
2 0.051250 0.208576 0.009000 0.008993
2 0.156875 0.212739 0.015000 0.020983
2 0.825313 0.221898 0.026250 0.046961
2 0.617500 0.305995 0.186000 0.248793
2 0.126250 0.210658 0.019500 0.029975
2 0.659062 0.208160 0.018750 0.025978
2 0.649375 0.202748 0.010500 0.012989
2 0.588750 0.207327 0.015000 0.023980
2 0.328125 0.208160 0.024000 0.027977
2 0.308437 0.206078 0.011250 0.032973
2 0.796562 0.197752 0.009750 0.018984
2 0.668438 0.197336 0.014250 0.017985
2 0.105938 0.204413 0.020250 0.034971
2 0.715938 0.193172 0.017250 0.013988
2 0.140937 0.209825 0.024750 0.055953
2 0.072500 0.193589 0.007500 0.016986
2 0.789687 0.191091 0.011250 0.014988
2 0.816875 0.206495 0.043500 0.053955
2 0.754750 0.518901 0.490500 0.962198
2 0.482500 0.186928 0.007500 0.010991
2 0.078437 0.210241 0.065250 0.066944
2 0.025625 0.191507 0.012000 0.021982
2 0.520312 0.184013 0.009750 0.009992
2 0.375000 0.189009 0.024000 0.025978
2 0.678125 0.181932 0.013500 0.010991
2 0.543438 0.180266 0.008250 0.010991
2 0.428438 0.180266 0.009750 0.010991
2 0.081562 0.186928 0.015750 0.026978
2 0.015375 0.195254 0.030750 0.046961
2 0.165313 0.193589 0.039750 0.044963
2 0.120938 0.185262 0.024750 0.024979
2 0.882500 0.186511 0.019500 0.031973
2 0.102500 0.179434 0.019500 0.018984
2 0.188438 0.179850 0.018750 0.027977
2 0.363750 0.173189 0.013500 0.013988
2 0.465313 0.174022 0.012750 0.017985
2 0.025625 0.169026 0.010500 0.015987
2 0.164687 0.165695 0.011250 0.009992
2 0.083750 0.164863 0.015000 0.007993
2 0.245938 0.165695 0.006750 0.011990
2 0.535625 0.176936 0.027000 0.044963
2 0.141875 0.171107 0.051000 0.030974
2 0.566875 0.167361 0.013500 0.025978
2 0.944063 0.160699 0.011250 0.011990
2 0.236875 0.163614 0.012000 0.018984
2 0.490312 0.173189 0.033750 0.043963
2 0.172187 0.164863 0.011250 0.023980
2 0.732812 0.167777 0.017250 0.040966
2 0.700313 0.216903 0.059250 0.160866
2 0.078437 0.157785 0.014250 0.018984
2 0.511563 0.171524 0.027750 0.057952
2 0.708750 0.149875 0.015000 0.009992
2 0.253750 0.150291 0.009000 0.010991
2 0.184062 0.156120 0.014250 0.024979
2 0.089375 0.152373 0.010500 0.019983
2 0.520625 0.141132 0.012000 0.008993
2 0.028125 0.142798 0.016500 0.012989
2 0.609062 0.143630 0.009750 0.022981
2 0.994000 0.141549 0.012000 0.019983
2 0.037500 0.136553 0.013500 0.007993
2 0.075625 0.149042 0.025500 0.041965
2 0.182812 0.141132 0.011250 0.024979
2 0.110625 0.141549 0.010500 0.025978
2 0.599688 0.134055 0.011250 0.015987
2 0.118125 0.144879 0.021000 0.045962
2 0.094375 0.151957 0.030000 0.062948
2 0.166563 0.129892 0.014250 0.013988
2 0.967812 0.127394 0.008250 0.013988
2 0.806875 0.134888 0.021000 0.031973
2 0.173125 0.132806 0.010500 0.026978
2 0.422187 0.126145 0.009750 0.014988
2 0.073750 0.127810 0.015000 0.018984
2 0.928125 0.126978 0.010500 0.018984
2 0.500938 0.140716 0.038250 0.051957
2 0.654687 0.123231 0.011250 0.013988
2 0.627500 0.124063 0.009000 0.017985
2 0.375625 0.122398 0.010500 0.019983
2 0.661563 0.115737 0.009750 0.007993
2 0.947812 0.120316 0.009750 0.020983
2 0.247812 0.117402 0.008250 0.013988
2 0.142187 0.142798 0.075750 0.074938
2 0.842500 0.117402 0.018000 0.019983
2 0.607187 0.114072 0.008250 0.011990
2 0.448437 0.117402 0.015750 0.021982
2 0.419375 0.116986 0.010500 0.020983
2 0.097500 0.113655 0.009000 0.012989
2 0.509375 0.115737 0.012000 0.019983
2 0.815312 0.117818 0.029250 0.028976
2 0.747500 0.107410 0.012000 0.013988
2 0.089688 0.107410 0.021750 0.017985
2 0.876250 0.101582 0.012000 0.009992
2 0.348438 0.105745 0.009750 0.021982
2 0.895938 0.107410 0.014250 0.037968
2 0.861250 0.099917 0.010500 0.019983
2 0.078750 0.099917 0.009000 0.019983
2 0.050000 0.096586 0.013500 0.011990
2 0.048000 0.158618 0.096000 0.162864
2 0.581562 0.097835 0.035250 0.020983
2 0.142187 0.099500 0.014250 0.024979
2 0.534062 0.093256 0.012750 0.011990
2 0.244688 0.092839 0.009750 0.012989
2 0.163125 0.104913 0.039000 0.041965
2 0.119375 0.092839 0.010500 0.018984
2 0.569688 0.085762 0.012750 0.007993
2 0.473750 0.091590 0.016500 0.021982
2 0.465938 0.210658 0.224250 0.307744
2 0.363125 0.101166 0.028500 0.044963
2 0.402813 0.084097 0.006750 0.011990
2 0.578750 0.084513 0.010500 0.014988
2 0.394375 0.084929 0.012000 0.015987
2 0.825000 0.090758 0.009000 0.031973
2 0.095625 0.098251 0.045000 0.053955
2 0.065000 0.089509 0.025500 0.032973
2 0.897500 0.082431 0.021000 0.017985
2 0.487187 0.079517 0.012750 0.016986
2 0.030000 0.089509 0.060000 0.040966
2 0.593125 0.081182 0.021000 0.024979
2 0.160000 0.079101 0.016500 0.027977
2 0.313125 0.072440 0.007500 0.015987
2 0.821875 0.070774 0.007500 0.015987
2 0.585000 0.072023 0.013500 0.018984
2 0.014687 0.069942 0.009750 0.013988
2 0.142500 0.079933 0.033000 0.039967
2 0.449688 0.076187 0.029250 0.032973
2 0.305937 0.073689 0.012750 0.028976
2 0.577187 0.068276 0.015750 0.017985
2 0.007125 0.065779 0.014250 0.011990
2 0.041563 0.072440 0.011250 0.029975
2 0.186875 0.072023 0.031500 0.036969
2 0.092813 0.069109 0.017250 0.029975
2 0.415625 0.063697 0.018000 0.018984
2 0.199687 0.058285 0.011250 0.011990
2 0.576250 0.055787 0.016500 0.007993
2 0.116875 0.090758 0.043500 0.093922
2 0.430625 0.080350 0.051000 0.070941
2 0.425312 0.057452 0.012750 0.015987
2 0.151562 0.054954 0.015750 0.015987
2 0.346875 0.052040 0.007500 0.010991
2 0.391562 0.092007 0.057750 0.108909
2 0.909687 0.051207 0.012750 0.012989
2 0.458437 0.055787 0.015750 0.029975
2 0.155312 0.047460 0.017250 0.009992
2 0.167500 0.044963 0.010500 0.007993
2 0.141875 0.051207 0.016500 0.022981
2 0.219062 0.054538 0.009750 0.032973
2 0.161875 0.055371 0.045000 0.034971
2 0.132500 0.049126 0.009000 0.021982
2 0.122813 0.047044 0.014250 0.016986
2 0.225938 0.047460 0.006750 0.019983
2 0.187812 0.049542 0.020250 0.028976
2 0.031563 0.053289 0.030750 0.041965
2 0.013500 0.048709 0.027000 0.030974
2 0.359063 0.061199 0.032250 0.062948
2 0.643437 0.037052 0.006750 0.010991
2 0.342813 0.035387 0.006750 0.008993
2 0.828125 0.038301 0.015000 0.017985
2 0.413125 0.056619 0.066000 0.061948
2 0.161562 0.037052 0.005250 0.016986
2 0.035312 0.033306 0.011250 0.007993
2 0.219375 0.034555 0.015000 0.016986
2 0.910000 0.032473 0.018000 0.015987
2 0.005250 0.032473 0.010500 0.015987
2 0.654062 0.030391 0.006750 0.012989
2 0.491563 0.034555 0.015750 0.022981
2 0.110625 0.038718 0.037500 0.034971
2 0.557500 0.028310 0.010500 0.013988
2 0.466875 0.032057 0.024000 0.022981
2 0.278438 0.026228 0.011250 0.008993
2 0.058438 0.036220 0.018750 0.040966
2 0.967187 0.024979 0.009750 0.015987
2 0.318437 0.029975 0.008250 0.027977
2 0.032188 0.024563 0.012750 0.016986
2 0.859688 0.023314 0.014250 0.019983
2 0.041875 0.023314 0.016500 0.019983
2 0.022187 0.025396 0.014250 0.028976
2 0.381875 0.020400 0.024000 0.020983
2 0.128438 0.019983 0.017250 0.021982
2 0.081875 0.019567 0.015000 0.024979
2 0.138750 0.014155 0.012000 0.013988
2 0.627500 0.028726 0.022500 0.050958
2 0.367500 0.012073 0.010500 0.010991
2 0.073125 0.041965 0.060000 0.083930
2 0.861875 0.057952 0.117000 0.115903
2 0.849688 0.018734 0.017250 0.030974
2 0.618125 0.011657 0.018000 0.019983
2 0.021875 0.018485 0.039000 0.036969
2 0.952812 0.007494 0.006750 0.014988
2 0.940750 0.078435 0.118500 0.156869
2 0.914062 0.004496 0.017250 0.008993
2 0.894375 0.009992 0.018000 0.019983
2 0.867812 0.007993 0.024750 0.015987
2 0.830000 0.023480 0.034500 0.046961
2 0.767500 0.005995 0.019500 0.011990
2 0.813250 0.378185 0.373500 0.756370
2 0.705625 0.003997 0.015000 0.007993
2 0.681250 0.008993 0.022500 0.017985
2 0.604375 0.140883 0.340500 0.281765
2 0.484375 0.007993 0.012000 0.015987
2 0.473125 0.004996 0.009000 0.009992
2 0.430312 0.006495 0.015750 0.012989
2 0.434063 0.038468 0.072750 0.076936
2 0.392500 0.027977 0.060000 0.055953
2 0.379063 0.009492 0.014250 0.018984
2 0.355000 0.025479 0.048000 0.050958
2 0.332813 0.049958 0.036750 0.099917
2 0.279062 0.004996 0.011250 0.009992
2 0.276250 0.016486 0.024000 0.032973
2 0.223438 0.203830 0.389250 0.407660
2 0.242812 0.013489 0.018750 0.026978
2 0.211875 0.006994 0.010500 0.013988
2 0.188125 0.041465 0.127500 0.082931
2 0.136875 0.006495 0.015000 0.012989
2 0.117813 0.021982 0.024750 0.043963
2 0.099687 0.018485 0.024750 0.036969
2 0.086250 0.005995 0.009000 0.011990
2 0.051250 0.017485 0.039000 0.034971
2 0.011875 0.009992 0.019500 0.019983
