2 0.634375 0.670833 0.035625 0.025000
2 0.601172 0.646875 0.025312 0.032500
2 0.639062 0.636458 0.016875 0.015000
2 0.621484 0.647396 0.045937 0.046250
2 0.655469 0.636458 0.028125 0.050000
2 0.509766 0.621354 0.036562 0.028750
2 0.644141 0.617188 0.008437 0.023750
2 0.608203 0.609375 0.034687 0.042500
2 0.693750 0.604688 0.022500 0.038750
2 0.585547 0.603125 0.021562 0.037500
2 0.557813 0.598958 0.024375 0.037500
2 0.635938 0.594792 0.024375 0.037500
2 0.532031 0.603646 0.071250 0.063750
2 0.462891 0.577604 0.014063 0.011250
2 0.631250 0.566146 0.031875 0.028750
2 0.610156 0.561458 0.016875 0.017500
2 0.453516 0.556771 0.014063 0.008750
2 0.543359 0.573958 0.040313 0.062500
2 0.670312 0.558854 0.024375 0.036250
2 0.415234 0.556771 0.032813 0.031250
2 0.580859 0.548958 0.027187 0.030000
2 0.407813 0.533333 0.009375 0.017500
2 0.608594 0.546875 0.050625 0.080000
2 0.479687 0.527604 0.022500 0.038750
2 0.683984 0.518750 0.032813 0.027500
2 0.355859 0.518229 0.027187 0.038750
2 0.561328 0.512500 0.053437 0.045000
2 0.466016 0.499479 0.025312 0.038750
2 0.339844 0.488542 0.031875 0.030000
2 0.629687 0.503125 0.097500 0.082500
2 0.443750 0.532292 0.226875 0.182500
2 0.625781 0.458854 0.024375 0.038750
2 0.453906 0.451042 0.015000 0.022500
2 0.675000 0.451562 0.031875 0.036250
2 0.712500 0.444271 0.039375 0.026250
2 0.569531 0.430729 0.013125 0.013750
2 0.420312 0.423958 0.013125 0.015000
2 0.634766 0.424479 0.025312 0.028750
2 0.440625 0.416146 0.015000 0.011250
2 0.537109 0.407813 0.034687 0.021250
2 0.564844 0.405729 0.018750 0.023750
2 0.669531 0.413542 0.061875 0.060000
2 0.532031 0.476042 0.198750 0.210000
2 0.501563 0.400000 0.033750 0.030000
2 0.443359 0.395313 0.015938 0.026250
2 0.630469 0.396875 0.022500 0.037500
2 0.478125 0.386458 0.013125 0.012500
2 0.398828 0.387500 0.029062 0.032500
2 0.449219 0.380208 0.009375 0.017500
2 0.555078 0.387500 0.051562 0.045000
2 0.521094 0.375521 0.028125 0.033750
2 0.411719 0.367708 0.015000 0.020000
2 0.658984 0.370312 0.015938 0.036250
2 0.479687 0.374479 0.073125 0.058750
2 0.556641 0.359896 0.021562 0.033750
2 0.514453 0.344271 0.032813 0.026250
2 0.591016 0.357292 0.062812 0.075000
2 0.489453 0.324479 0.023438 0.026250
2 0.560937 0.314583 0.016875 0.035000
2 0.430859 0.410417 0.143437 0.275000
2 0.573047 0.294271 0.021562 0.028750
2 0.446484 0.294271 0.027187 0.038750
2 0.541406 0.291146 0.045000 0.048750
2 0.486328 0.282292 0.064687 0.030000
2 0.558984 0.258854 0.010312 0.013750
2 0.555859 0.261979 0.023438 0.031250
