2 0.353438 0.870941 0.059250 0.099917
2 0.405000 0.849709 0.037500 0.074938
2 0.350625 0.805162 0.019500 0.031973
2 0.545937 0.813072 0.063750 0.072939
2 0.400000 0.781848 0.033000 0.081932
2 0.427187 0.775187 0.032250 0.075937
2 0.486563 0.788093 0.072750 0.112906
2 0.633125 0.753122 0.063000 0.046961
2 0.257188 0.760200 0.033750 0.077935
2 0.617500 0.729392 0.009000 0.009992
2 0.346250 0.787261 0.106500 0.164863
2 0.513750 0.736053 0.025500 0.049958
2 0.504062 0.708576 0.020250 0.013988
2 0.581875 0.739384 0.099000 0.131890
2 0.390625 0.701082 0.040500 0.057952
2 0.495625 0.740216 0.067500 0.155870
2 0.351562 0.695254 0.048750 0.061948
2 0.686875 0.664446 0.007500 0.013988
2 0.556250 0.672773 0.040500 0.057952
2 0.289687 0.674854 0.038250 0.076936
2 0.528750 0.627394 0.012000 0.008993
2 0.795937 0.646128 0.041250 0.071940
2 0.706562 0.617402 0.014250 0.008993
2 0.651250 0.673189 0.172500 0.142881
2 0.725313 0.628643 0.071250 0.049958
2 0.653438 0.604080 0.009750 0.028976
2 0.264688 0.592423 0.050250 0.054954
2 0.822187 0.594505 0.051750 0.069942
2 0.615938 0.590341 0.039750 0.079933
2 0.698125 0.542881 0.009000 0.029975
2 0.788438 0.552040 0.042750 0.065945
2 0.314063 0.553289 0.065250 0.124896
2 0.710625 0.551207 0.174000 0.231807
2 0.735000 0.477935 0.015000 0.059950
2 0.353438 0.483764 0.036750 0.079933
2 0.723125 0.449625 0.010500 0.013988
2 0.640312 0.448793 0.005250 0.013988
2 0.619375 0.446711 0.012000 0.010991
2 0.209063 0.440883 0.008250 0.012989
2 0.718125 0.460450 0.037500 0.063947
2 0.687500 0.445462 0.030000 0.027977
2 0.274687 0.461699 0.047250 0.072939
2 0.419687 0.487927 0.041250 0.161865
2 0.213125 0.442132 0.058500 0.051957
2 0.457500 0.422565 0.012000 0.042964
2 0.722187 0.422981 0.086250 0.081932
2 0.337500 0.413822 0.040500 0.063947
2 0.387188 0.438385 0.036750 0.144879
2 0.550312 0.375520 0.012750 0.011990
2 0.305312 0.377186 0.008250 0.017985
2 0.268437 0.401749 0.068250 0.080933
2 0.279062 0.376353 0.036750 0.031973
2 0.555000 0.387177 0.057000 0.061948
2 0.553438 0.376769 0.036750 0.052956
2 0.552500 0.358868 0.009000 0.015987
2 0.497500 0.565362 0.418500 0.513572
2 0.639375 0.348876 0.018000 0.021982
2 0.306563 0.371357 0.033750 0.081932
2 0.610625 0.338052 0.012000 0.019983
2 0.678438 0.333472 0.008250 0.014988
2 0.343125 0.360117 0.036000 0.080933
2 0.520938 0.333056 0.048750 0.073938
2 0.588437 0.295587 0.039750 0.055953
2 0.294687 0.300999 0.027750 0.078934
2 0.479375 0.365529 0.118500 0.235803
2 0.633437 0.266861 0.012750 0.010991
2 0.678750 0.269359 0.025500 0.026978
2 0.530312 0.271440 0.054750 0.055953
2 0.575625 0.238968 0.010500 0.013988
2 0.404375 0.286012 0.103500 0.160866
2 0.711562 0.270608 0.117750 0.199833
2 0.641250 0.291007 0.247500 0.356703
2 0.430625 0.156953 0.036000 0.060949
2 0.580937 0.199417 0.123750 0.184846
2 0.477187 0.172773 0.090750 0.140883
2 0.457188 0.092839 0.038250 0.064946
