2 0.831250 0.973000 0.063000 0.054000
2 0.034500 0.964000 0.069000 0.072000
2 0.537500 0.958000 0.180000 0.084000
2 0.325000 0.941250 0.084000 0.075000
2 0.273750 0.935000 0.081000 0.060000
2 0.633750 0.930000 0.063000 0.060000
2 0.480000 0.906250 0.042000 0.063000
2 0.806250 0.897500 0.039000 0.060000
2 0.310000 0.898750 0.084000 0.081000
2 0.900000 0.908500 0.102000 0.183000
2 0.363750 0.876250 0.075000 0.081000
2 0.298750 0.856250 0.075000 0.075000
2 0.952000 0.898000 0.096000 0.204000
2 0.660000 0.811250 0.042000 0.033000
2 0.697500 0.791250 0.060000 0.057000
2 0.034500 0.795000 0.069000 0.084000
2 0.685000 0.762500 0.030000 0.048000
2 0.181250 0.747500 0.063000 0.066000
2 0.738750 0.820000 0.471000 0.360000
2 0.733750 0.717500 0.153000 0.096000
2 0.952000 0.756250 0.096000 0.195000
2 0.450000 0.682500 0.054000 0.060000
2 0.418750 0.670000 0.033000 0.048000
2 0.827500 0.675000 0.054000 0.066000
2 0.777500 0.618750 0.036000 0.045000
2 0.645000 0.616250 0.024000 0.045000
2 0.360000 0.617500 0.030000 0.048000
2 0.922500 0.615000 0.042000 0.048000
2 0.340000 0.591250 0.036000 0.039000
2 0.428750 0.607500 0.153000 0.108000
2 0.127500 0.553750 0.066000 0.039000
2 0.491250 0.537500 0.057000 0.072000
2 0.275000 0.515000 0.048000 0.030000
2 0.450000 0.510000 0.066000 0.036000
2 0.617500 0.502500 0.042000 0.060000
2 0.520000 0.511250 0.090000 0.111000
2 0.566250 0.482500 0.087000 0.090000
2 0.012000 0.457500 0.024000 0.048000
2 0.965500 0.485000 0.069000 0.138000
2 0.201250 0.435000 0.033000 0.036000
2 0.145000 0.448750 0.084000 0.075000
2 0.802500 0.412500 0.078000 0.114000
2 0.102500 0.361250 0.030000 0.045000
2 0.572500 0.321250 0.048000 0.033000
2 0.122500 0.320000 0.072000 0.048000
2 0.031500 0.341250 0.063000 0.105000
2 0.341250 0.301250 0.057000 0.021000
2 0.660000 0.415000 0.294000 0.348000
2 0.507500 0.285000 0.090000 0.078000
2 0.137500 0.256250 0.048000 0.021000
2 0.181250 0.268750 0.063000 0.081000
2 0.116250 0.228750 0.069000 0.039000
2 0.091500 0.272500 0.183000 0.144000
2 0.938500 0.246250 0.123000 0.135000
2 0.842500 0.301250 0.228000 0.285000
2 0.173750 0.177500 0.057000 0.048000
2 0.477500 0.202500 0.156000 0.126000
2 0.121250 0.177500 0.051000 0.078000
2 0.636250 0.175000 0.105000 0.084000
2 0.452500 0.135000 0.054000 0.042000
2 0.146250 0.141250 0.057000 0.057000
2 0.056250 0.167500 0.099000 0.126000
2 0.666250 0.140000 0.087000 0.078000
2 0.056250 0.115000 0.045000 0.042000
2 0.247500 0.117500 0.060000 0.066000
2 0.670000 0.098750 0.036000 0.039000
2 0.022500 0.101250 0.045000 0.063000
2 0.547500 0.081250 0.042000 0.051000
2 0.241250 0.047500 0.045000 0.036000
2 0.180000 0.032500 0.048000 0.024000
2 0.980500 0.031500 0.039000 0.063000
2 0.707500 0.183000 0.585000 0.366000
2 0.483750 0.106500 0.513000 0.213000
2 0.335000 0.018000 0.042000 0.036000
2 0.230000 0.016500 0.090000 0.033000
2 0.171250 0.010500 0.045000 0.021000
2 0.600000 0.600000 1.000000 1.000000
