2 0.217500 0.988000 0.060000 0.024000
2 0.718750 0.982000 0.057000 0.036000
2 0.876250 0.976000 0.081000 0.048000
2 0.832500 0.971250 0.036000 0.033000
2 0.178750 0.975000 0.093000 0.048000
2 0.781250 0.965000 0.039000 0.036000
2 0.016500 0.967000 0.033000 0.066000
2 0.066250 0.953750 0.057000 0.063000
2 0.822500 0.918750 0.042000 0.051000
2 0.480000 0.938500 0.192000 0.123000
2 0.513750 0.927500 0.069000 0.078000
2 0.375000 0.937000 0.126000 0.126000
2 0.870000 0.917500 0.042000 0.060000
2 0.015000 0.898750 0.030000 0.051000
2 0.816250 0.881250 0.045000 0.027000
2 0.911250 0.901250 0.027000 0.081000
2 0.277500 0.910000 0.174000 0.180000
2 0.853750 0.875000 0.045000 0.072000
2 0.376250 0.860000 0.057000 0.036000
2 0.707500 0.868750 0.060000 0.063000
2 0.330000 0.861250 0.030000 0.045000
2 0.197500 0.847500 0.030000 0.042000
2 0.885000 0.840000 0.048000 0.030000
2 0.457500 0.853750 0.096000 0.069000
2 0.308750 0.838750 0.027000 0.045000
2 0.745000 0.841250 0.114000 0.063000
2 0.378750 0.815000 0.039000 0.066000
2 0.472500 0.816250 0.054000 0.075000
2 0.602500 0.868000 0.246000 0.264000
2 0.833750 0.811250 0.099000 0.081000
2 0.216250 0.802500 0.027000 0.066000
2 0.437500 0.792500 0.036000 0.048000
2 0.178750 0.786250 0.051000 0.033000
2 0.066000 0.807500 0.132000 0.090000
2 0.972500 0.787500 0.042000 0.048000
2 0.762500 0.788750 0.030000 0.051000
2 0.126000 0.859000 0.252000 0.282000
2 0.715000 0.787500 0.078000 0.066000
2 0.851250 0.771250 0.039000 0.045000
2 0.282500 0.793750 0.108000 0.111000
2 0.397500 0.782500 0.066000 0.090000
2 0.943750 0.761250 0.039000 0.051000
2 0.813750 0.763750 0.039000 0.057000
2 0.640000 0.755000 0.036000 0.036000
2 0.600000 0.741250 0.054000 0.045000
2 0.650000 0.790000 0.132000 0.168000
2 0.446250 0.752500 0.189000 0.084000
2 0.018750 0.743750 0.027000 0.063000
2 0.791250 0.731250 0.057000 0.045000
2 0.731250 0.728750 0.033000 0.039000
2 0.563750 0.735000 0.027000 0.054000
2 0.341250 0.736250 0.045000 0.057000
2 0.310000 0.723750 0.060000 0.069000
2 0.162500 0.711250 0.024000 0.051000
2 0.816250 0.708750 0.045000 0.051000
2 0.707500 0.703750 0.048000 0.051000
2 0.266250 0.706250 0.039000 0.069000
2 0.650000 0.705000 0.066000 0.072000
2 0.216250 0.711250 0.045000 0.087000
2 0.365000 0.693750 0.066000 0.057000
2 0.411250 0.688750 0.045000 0.057000
2 0.523750 0.672500 0.039000 0.024000
2 0.481250 0.681250 0.021000 0.045000
2 0.760000 0.685000 0.072000 0.090000
2 0.440000 0.662500 0.054000 0.036000
2 0.195000 0.668750 0.024000 0.051000
2 0.660000 0.658750 0.042000 0.033000
2 0.096000 0.701250 0.192000 0.141000
2 0.146250 0.657500 0.069000 0.048000
2 0.412500 0.642500 0.054000 0.036000
2 0.308750 0.640000 0.057000 0.048000
2 0.961250 0.638750 0.057000 0.057000
2 0.466250 0.637500 0.057000 0.054000
2 0.620000 0.632500 0.066000 0.048000
2 0.198750 0.627500 0.069000 0.048000
2 0.705000 0.632500 0.060000 0.072000
2 0.552500 0.615000 0.072000 0.048000
2 0.955000 0.611250 0.048000 0.051000
2 0.655000 0.608750 0.048000 0.045000
2 0.985000 0.616250 0.030000 0.069000
2 0.360000 0.608750 0.054000 0.057000
2 0.505000 0.605000 0.072000 0.066000
2 0.461250 0.592500 0.039000 0.036000
2 0.585000 0.587500 0.048000 0.042000
2 0.213750 0.567500 0.039000 0.030000
2 0.483750 0.562500 0.039000 0.024000
2 0.150000 0.587500 0.060000 0.108000
2 0.887500 0.552500 0.030000 0.042000
2 0.631250 0.551250 0.051000 0.039000
2 0.068750 0.582500 0.129000 0.114000
2 0.442500 0.542500 0.054000 0.048000
2 0.183750 0.536250 0.057000 0.033000
2 0.968500 0.550000 0.063000 0.078000
2 0.091250 0.532500 0.045000 0.036000
2 0.508750 0.532500 0.075000 0.072000
2 0.135000 0.516250 0.042000 0.045000
2 0.905000 0.521250 0.108000 0.075000
2 0.572500 0.501250 0.060000 0.039000
2 0.846250 0.510000 0.045000 0.066000
2 0.252500 0.556250 0.090000 0.183000
2 0.017500 0.506250 0.030000 0.063000
2 0.443750 0.492500 0.063000 0.060000
2 0.813750 0.481250 0.051000 0.039000
2 0.350000 0.495000 0.060000 0.072000
2 0.742500 0.490000 0.036000 0.066000
2 0.280000 0.467500 0.042000 0.060000
2 0.213750 0.462500 0.039000 0.048000
2 0.027500 0.460000 0.024000 0.054000
2 0.426250 0.466250 0.081000 0.087000
2 0.521250 0.451250 0.075000 0.057000
2 0.250000 0.443750 0.036000 0.063000
2 0.070000 0.438750 0.060000 0.051000
2 0.377500 0.437500 0.060000 0.054000
2 0.108750 0.458750 0.039000 0.117000
2 0.466250 0.422500 0.045000 0.036000
2 0.421250 0.410000 0.057000 0.036000
2 0.278750 0.410000 0.027000 0.042000
2 0.186250 0.410000 0.057000 0.048000
2 0.861250 0.413750 0.063000 0.075000
2 0.443750 0.395000 0.033000 0.030000
2 0.983500 0.385000 0.033000 0.024000
2 0.786250 0.421250 0.099000 0.117000
2 0.142500 0.398750 0.036000 0.069000
2 0.418750 0.375000 0.063000 0.030000
2 0.302500 0.377500 0.036000 0.036000
2 0.196250 0.372500 0.051000 0.036000
2 0.891250 0.372500 0.057000 0.048000
2 0.082500 0.383750 0.060000 0.081000
2 0.110000 0.347500 0.036000 0.030000
2 0.333750 0.336250 0.045000 0.045000
2 0.221250 0.338750 0.033000 0.057000
2 0.148750 0.323750 0.045000 0.021000
2 0.350000 0.377500 0.120000 0.162000
2 0.275000 0.338750 0.066000 0.087000
2 0.037500 0.337500 0.075000 0.108000
2 0.290000 0.286250 0.024000 0.045000
2 0.027500 0.285000 0.048000 0.048000
2 0.082500 0.282500 0.036000 0.048000
2 0.233750 0.275000 0.033000 0.042000
2 0.165000 0.285000 0.132000 0.072000
2 0.058750 0.253750 0.045000 0.051000
2 0.175000 0.237500 0.060000 0.042000
2 0.250000 0.250000 0.048000 0.078000
2 0.217500 0.226250 0.036000 0.051000
2 0.042500 0.216250 0.024000 0.039000
2 0.087500 0.213750 0.054000 0.063000
2 0.613750 0.201250 0.069000 0.069000
2 0.190000 0.190000 0.024000 0.042000
2 0.116250 0.163750 0.033000 0.039000
2 0.033750 0.146250 0.033000 0.045000
2 0.128750 0.138750 0.039000 0.033000
2 0.814000 0.312500 0.372000 0.474000
2 0.073750 0.140000 0.057000 0.096000
2 0.877500 0.118750 0.096000 0.063000
2 0.683750 0.101250 0.117000 0.069000
2 0.836250 0.083750 0.057000 0.057000
2 0.756250 0.111250 0.123000 0.123000
2 0.024000 0.068750 0.048000 0.075000
2 0.902500 0.068750 0.102000 0.099000
2 0.802500 0.043750 0.054000 0.051000
2 0.682500 0.045000 0.072000 0.090000
2 0.916000 0.115500 0.168000 0.231000
2 0.846250 0.024000 0.039000 0.048000
2 0.768750 0.049500 0.159000 0.099000
2 0.575000 0.028500 0.090000 0.057000
2 0.505000 0.024000 0.060000 0.048000
2 0.386250 0.033000 0.039000 0.066000
2 0.320000 0.033000 0.126000 0.066000
2 0.087500 0.027000 0.042000 0.054000
2 0.600000 0.600000 1.000000 1.000000
