2 0.693359 0.992500 0.012188 0.015000
2 0.021484 0.992500 0.008437 0.015000
2 0.005625 0.991875 0.011250 0.016250
2 0.750781 0.991250 0.018750 0.017500
2 0.609375 0.989375 0.028125 0.021250
2 0.182812 0.989375 0.028125 0.021250
2 0.562109 0.988750 0.025312 0.022500
2 0.539062 0.988750 0.024375 0.022500
2 0.167969 0.988750 0.016875 0.022500
2 0.662500 0.986250 0.024375 0.027500
2 0.042578 0.986250 0.038437 0.027500
2 0.014453 0.986979 0.014063 0.023750
2 0.733594 0.985000 0.020625 0.030000
2 0.968359 0.984375 0.029062 0.031250
2 0.228125 0.983125 0.045000 0.033750
2 0.159766 0.984375 0.015938 0.030000
2 0.027734 0.977083 0.015938 0.017500
2 0.181250 0.975000 0.018750 0.022500
2 0.655469 0.971354 0.020625 0.016250
2 0.948047 0.968229 0.014063 0.011250
2 0.005625 0.976042 0.011250 0.030000
2 0.645312 0.976562 0.018750 0.033750
2 0.166797 0.971875 0.008437 0.022500
2 0.275000 0.963542 0.011250 0.027500
2 0.383594 0.954688 0.011250 0.011250
2 0.271484 0.969375 0.057188 0.061250
2 0.007031 0.945312 0.014063 0.028750
2 0.982812 0.938021 0.013125 0.018750
2 0.992969 0.938542 0.007500 0.027500
2 0.969922 0.934896 0.015938 0.026250
2 0.764453 0.932813 0.032813 0.021250
2 0.701172 0.931250 0.010312 0.020000
2 0.583984 0.951875 0.075938 0.096250
2 0.937891 0.912500 0.014063 0.015000
2 0.988281 0.913021 0.023438 0.071250
2 0.986328 0.881771 0.010312 0.016250
2 0.121484 0.884375 0.025312 0.035000
2 0.145703 0.869792 0.021562 0.020000
2 0.160938 0.866667 0.015000 0.017500
2 0.710156 0.864062 0.015000 0.018750
2 0.013672 0.863021 0.014063 0.016250
2 0.139844 0.848958 0.015000 0.015000
2 0.130469 0.844271 0.011250 0.018750
2 0.117969 0.839063 0.015000 0.016250
2 0.313672 0.829167 0.012188 0.012500
2 0.181641 0.831250 0.014063 0.017500
2 0.080859 0.833854 0.021562 0.038750
2 0.006563 0.820312 0.013125 0.021250
2 0.415625 0.834896 0.041250 0.063750
2 0.669531 0.817708 0.016875 0.025000
2 0.641406 0.839583 0.052500 0.105000
2 0.435547 0.803646 0.023438 0.026250
2 0.069531 0.794792 0.020625 0.020000
2 0.010781 0.792708 0.021562 0.037500
2 0.653906 0.786458 0.009375 0.027500
2 0.640234 0.784375 0.021562 0.025000
2 0.012109 0.774479 0.019688 0.021250
2 0.009844 0.755729 0.019688 0.021250
2 0.371484 0.758854 0.015938 0.033750
2 0.085938 0.754167 0.024375 0.027500
2 0.074219 0.755729 0.016875 0.041250
2 0.114844 0.748958 0.020625 0.037500
2 0.030469 0.739583 0.018750 0.017500
2 0.083594 0.736979 0.022500 0.021250
2 0.019531 0.735417 0.007500 0.027500
2 0.348828 0.740104 0.029062 0.048750
2 0.655859 0.727604 0.017813 0.026250
2 0.068359 0.730729 0.017813 0.036250
2 0.667188 0.720313 0.018750 0.016250
2 0.008906 0.727604 0.017813 0.033750
2 0.075469 0.828750 0.150938 0.342500
2 0.013125 0.707292 0.026250 0.032500
2 0.039844 0.687500 0.011250 0.017500
2 0.053906 0.678125 0.007500 0.022500
2 0.043750 0.680729 0.015000 0.031250
2 0.072266 0.669792 0.030937 0.042500
2 0.024375 0.672917 0.048750 0.075000
2 0.065625 0.592708 0.013125 0.025000
2 0.021875 0.589063 0.007500 0.016250
2 0.037891 0.512500 0.019688 0.027500
2 0.978125 0.515104 0.022500 0.043750
2 0.963281 0.500000 0.011250 0.015000
2 0.993906 0.487500 0.012188 0.017500
2 0.976562 0.501563 0.046875 0.086250
2 0.993437 0.471875 0.013125 0.017500
2 0.018750 0.469271 0.007500 0.018750
2 0.344922 0.468750 0.017813 0.022500
2 0.047266 0.464062 0.014063 0.011250
2 0.082422 0.460938 0.012188 0.016250
2 0.047266 0.453646 0.023438 0.016250
2 0.389062 0.445833 0.009375 0.010000
2 0.934375 0.447917 0.022500 0.027500
2 0.385547 0.431250 0.015938 0.015000
2 0.066797 0.430208 0.017813 0.015000
2 0.011719 0.441146 0.023438 0.043750
2 0.039453 0.465625 0.049687 0.105000
2 0.989062 0.410938 0.009375 0.011250
2 0.326562 0.409896 0.022500 0.026250
2 0.357812 0.404167 0.011250 0.022500
2 0.996719 0.402083 0.006563 0.020000
2 0.085547 0.384375 0.010312 0.012500
2 0.341406 0.376563 0.011250 0.018750
2 0.975156 0.388021 0.049687 0.058750
2 0.032031 0.371875 0.026250 0.025000
2 0.264453 0.368229 0.030937 0.018750
2 0.969922 0.358854 0.030937 0.028750
2 0.017578 0.344792 0.012188 0.030000
2 0.994375 0.343229 0.011250 0.041250
2 0.347266 0.311979 0.014063 0.018750
2 0.883984 0.297396 0.017813 0.033750
2 0.977969 0.304167 0.044062 0.052500
2 0.892578 0.288542 0.008437 0.017500
2 0.951172 0.280208 0.010312 0.017500
2 0.905469 0.304688 0.028125 0.086250
2 0.912109 0.270313 0.014063 0.018750
2 0.886719 0.264583 0.013125 0.037500
2 0.982656 0.265104 0.034687 0.081250
2 0.468359 0.235937 0.015938 0.011250
2 0.490625 0.233854 0.011250 0.018750
2 0.006563 0.238021 0.013125 0.031250
2 0.853125 0.200521 0.009375 0.018750
2 0.392578 0.197917 0.034687 0.032500
2 0.866797 0.187500 0.017813 0.017500
2 0.372656 0.187500 0.016875 0.020000
2 0.941016 0.230208 0.100312 0.135000
2 0.987344 0.204167 0.025312 0.077500
2 0.222656 0.163542 0.013125 0.025000
2 0.035156 0.185938 0.070312 0.078750
2 0.953125 0.159896 0.015000 0.021250
2 0.408984 0.151562 0.015938 0.021250
2 0.937891 0.148958 0.023438 0.022500
2 0.189062 0.144792 0.007500 0.017500
2 0.208594 0.153646 0.026250 0.046250
2 0.979844 0.153646 0.040313 0.051250
2 0.995781 0.141146 0.008437 0.023750
2 0.425781 0.136458 0.022500 0.020000
2 0.538281 0.114583 0.016875 0.020000
2 0.372656 0.108854 0.013125 0.011250
2 0.989219 0.119271 0.021562 0.041250
2 0.957422 0.127604 0.036562 0.061250
2 0.290625 0.103646 0.013125 0.013750
2 0.108984 0.116146 0.025312 0.043750
2 0.388672 0.106250 0.019688 0.025000
2 0.396875 0.118750 0.078750 0.070000
2 0.508984 0.093229 0.023438 0.013750
2 0.946094 0.084896 0.015000 0.023750
2 0.983594 0.088542 0.032813 0.035000
2 0.404687 0.082292 0.015000 0.020000
2 0.007500 0.079687 0.015000 0.026250
2 0.554688 0.086979 0.046875 0.071250
2 0.009375 0.059375 0.018750 0.020000
2 0.989219 0.057813 0.021562 0.038750
2 0.448047 0.046354 0.008437 0.021250
2 0.401953 0.050521 0.012188 0.031250
2 0.971484 0.036979 0.008437 0.016250
2 0.272656 0.041146 0.015000 0.028750
2 0.371484 0.029167 0.010312 0.020000
2 0.951172 0.036979 0.023438 0.046250
2 0.473047 0.022917 0.010312 0.015000
2 0.498828 0.057813 0.115312 0.113750
2 0.182031 0.020833 0.030000 0.032500
2 0.258984 0.012500 0.014063 0.015000
2 0.648828 0.017708 0.014063 0.030000
2 0.244531 0.009896 0.013125 0.011250
2 0.643359 0.006771 0.010312 0.011250
2 0.970938 0.077500 0.058125 0.155000
2 0.959766 0.025000 0.021562 0.050000
2 0.934766 0.010625 0.019688 0.021250
2 0.907813 0.026250 0.050625 0.052500
2 0.819531 0.006875 0.013125 0.013750
2 0.423438 0.063750 0.067500 0.127500
2 0.303516 0.010625 0.025312 0.021250
2 0.283594 0.029375 0.048750 0.058750
2 0.276172 0.004375 0.015938 0.008750
2 0.237891 0.018750 0.051562 0.037500
2 0.600000 0.600000 1.000000 1.000000
