2 0.089688 0.923813 0.017250 0.050958
2 0.076250 0.880100 0.013500 0.039967
2 0.297187 0.833472 0.012750 0.015987
2 0.063750 0.840133 0.018000 0.053955
2 0.466250 0.835554 0.076500 0.048959
2 0.514375 0.811407 0.045000 0.022981
2 0.490312 0.799750 0.005250 0.020983
2 0.467500 0.800583 0.054000 0.030974
2 0.641563 0.811823 0.039750 0.063947
2 0.550625 0.801415 0.040500 0.038968
2 0.400000 0.810158 0.079500 0.069942
2 0.396562 0.785179 0.015750 0.039967
2 0.745375 0.859117 0.509250 0.281765
2 0.595938 0.786012 0.081750 0.049958
2 0.468750 0.778102 0.054000 0.040966
2 0.688750 0.810991 0.075000 0.121898
2 0.379375 0.775187 0.046500 0.035970
2 0.411250 0.782681 0.037500 0.055953
2 0.461250 0.763114 0.016500 0.018984
2 0.485000 0.751041 0.015000 0.027977
2 0.436875 0.737719 0.010500 0.013988
2 0.337187 0.740216 0.021750 0.019983
2 0.631875 0.754371 0.052500 0.075937
2 0.536875 0.759367 0.031500 0.087927
2 0.582500 0.745212 0.046500 0.059950
2 0.520000 0.748543 0.024000 0.067943
2 0.670000 0.753955 0.033000 0.092923
2 0.345938 0.721482 0.026250 0.020983
2 0.355938 0.740216 0.069750 0.075937
2 0.315312 0.702331 0.014250 0.014988
2 0.651563 0.697752 0.009750 0.007993
2 0.450937 0.721482 0.030750 0.066944
2 0.542813 0.700666 0.011250 0.022981
2 0.333125 0.700250 0.024000 0.023980
2 0.507812 0.701915 0.033750 0.045962
2 0.571875 0.711907 0.070500 0.071940
2 0.685312 0.694421 0.035250 0.041965
2 0.576562 0.688177 0.057750 0.028976
2 0.455000 0.677769 0.019500 0.009992
2 0.575000 0.679434 0.018000 0.015987
2 0.546875 0.677769 0.013500 0.015987
2 0.688750 0.669858 0.009000 0.014988
2 0.678125 0.663197 0.012000 0.020983
2 0.627500 0.677352 0.036000 0.056953
2 0.321250 0.720233 0.096000 0.175853
2 0.489063 0.675271 0.045750 0.089925
2 0.729688 0.639051 0.008250 0.010991
2 0.034125 0.725645 0.068250 0.218818
2 0.509687 0.660283 0.033750 0.063947
2 0.709688 0.661948 0.045750 0.069942
2 0.560000 0.634055 0.021000 0.018984
2 0.553750 0.629475 0.012000 0.009992
2 0.445312 0.646128 0.050250 0.057952
2 0.497812 0.629475 0.045750 0.021982
2 0.614688 0.644463 0.117750 0.061948
2 0.230000 0.613239 0.007500 0.012989
2 0.667813 0.631973 0.020250 0.059950
2 0.428125 0.608243 0.024000 0.014988
2 0.526875 0.616153 0.025500 0.035970
2 0.696875 0.622814 0.036000 0.077935
2 0.681250 0.598251 0.016500 0.018984
2 0.637813 0.594921 0.006750 0.014988
2 0.560625 0.600749 0.025500 0.028976
2 0.459688 0.604496 0.018750 0.039967
2 0.381563 0.587427 0.014250 0.010991
2 0.612187 0.601998 0.060750 0.047960
2 0.446875 0.596586 0.022500 0.034971
2 0.375625 0.608659 0.048000 0.065945
2 0.516875 0.588260 0.024000 0.020983
2 0.658438 0.597002 0.020250 0.055953
2 0.437188 0.575354 0.009750 0.013988
2 0.456875 0.597002 0.040500 0.073938
2 0.582812 0.569525 0.005250 0.019983
2 0.525625 0.569942 0.045000 0.022981
2 0.685625 0.566195 0.015000 0.015987
2 0.389062 0.652373 0.135750 0.230808
2 0.229375 0.580766 0.037500 0.062948
2 0.527813 0.561199 0.015750 0.017985
2 0.646875 0.559117 0.067500 0.048959
2 0.554375 0.541216 0.007500 0.011990
2 0.545937 0.544546 0.009750 0.023980
2 0.476250 0.562864 0.049500 0.073938
2 0.289375 0.575354 0.079500 0.129892
2 0.669063 0.535803 0.014250 0.042964
2 0.408750 0.534971 0.051000 0.040966
2 0.681875 0.516653 0.013500 0.016986
2 0.262500 0.525812 0.036000 0.058951
2 0.541562 0.515404 0.020250 0.037968
2 0.428750 0.527477 0.058500 0.068943
2 0.715625 0.549126 0.046500 0.126894
2 0.455000 0.502914 0.015000 0.019983
2 0.529375 0.532057 0.049500 0.093922
2 0.695312 0.490008 0.020250 0.012989
2 0.193438 0.492090 0.008250 0.019983
2 0.467500 0.485845 0.009000 0.012989
2 0.473438 0.487094 0.020250 0.025978
2 0.607187 0.569525 0.123750 0.231807
2 0.666875 0.501249 0.084000 0.073938
2 0.671250 0.475853 0.028500 0.014988
2 0.508750 0.490425 0.034500 0.053955
2 0.403750 0.500833 0.124500 0.100916
2 0.587812 0.455870 0.009750 0.016986
2 0.315937 0.465445 0.039750 0.057952
2 0.454375 0.450458 0.016500 0.023980
2 0.350625 0.446295 0.013500 0.017985
2 0.629375 0.450042 0.028500 0.050958
2 0.732500 0.461699 0.064500 0.084929
2 0.452500 0.431724 0.021000 0.012989
2 0.387500 0.437552 0.021000 0.030974
2 0.638437 0.445046 0.015750 0.052956
2 0.437812 0.424646 0.012750 0.017985
2 0.491875 0.440883 0.036000 0.058951
2 0.580000 0.485845 0.070500 0.170858
2 0.667813 0.431307 0.039750 0.045962
2 0.569688 0.472939 0.063750 0.145878
2 0.354063 0.456703 0.084750 0.134888
2 0.619687 0.390508 0.014250 0.011990
2 0.638750 0.384679 0.006000 0.017985
2 0.620938 0.405495 0.033750 0.069942
2 0.482812 0.398834 0.108750 0.063947
2 0.950000 0.374271 0.013500 0.006994
2 0.686250 0.393006 0.114000 0.079933
2 0.439375 0.384263 0.100500 0.076936
2 0.556250 0.402998 0.111000 0.127893
2 0.566250 0.359284 0.048000 0.022981
2 0.507812 0.348460 0.009750 0.026978
2 0.581250 0.336803 0.013500 0.006994
2 0.426563 0.329309 0.011250 0.016986
2 0.482500 0.330558 0.013500 0.037968
2 0.388437 0.347627 0.093750 0.082931
2 0.674687 0.330142 0.054750 0.042964
2 0.625313 0.314738 0.015750 0.025978
2 0.315312 0.320983 0.053250 0.042964
2 0.546250 0.323064 0.046500 0.059950
2 0.391250 0.300583 0.007500 0.015987
2 0.607187 0.303913 0.020250 0.029975
2 0.557500 0.307660 0.021000 0.040966
2 0.613750 0.331391 0.031500 0.119900
2 0.668438 0.291007 0.053250 0.046961
2 0.620938 0.273106 0.008250 0.013988
2 0.357500 0.273522 0.021000 0.036969
2 0.712812 0.275187 0.053250 0.048959
2 0.557500 0.255204 0.007500 0.010991
2 0.430625 0.256869 0.007500 0.018984
2 0.546250 0.312240 0.133500 0.153872
2 0.595938 0.263114 0.050250 0.053955
2 0.705313 0.243963 0.009750 0.033972
2 0.655625 0.249376 0.094500 0.050958
2 0.686250 0.226894 0.015000 0.014988
2 0.480625 0.285595 0.114000 0.159867
2 0.368125 0.276020 0.057000 0.142881
2 0.415000 0.243547 0.042000 0.070941
2 0.842500 0.213988 0.010500 0.015987
2 0.640000 0.228976 0.070500 0.051957
2 0.589375 0.200666 0.009000 0.017985
2 0.721562 0.206078 0.050250 0.062948
2 0.563438 0.198168 0.054750 0.049958
2 0.501250 0.192756 0.043500 0.058951
2 0.383750 0.171107 0.010500 0.012989
2 0.666875 0.183597 0.045000 0.052956
2 0.384688 0.179017 0.033750 0.073938
2 0.383125 0.145296 0.009000 0.006994
2 0.609688 0.129475 0.045750 0.058951
2 0.931375 0.219317 0.137250 0.438634
2 0.254625 0.140883 0.509250 0.281765
