2 0.849531 0.879375 0.300937 0.241250
2 0.367969 0.710938 0.037500 0.066250
2 0.385937 0.689583 0.024375 0.025000
2 0.509375 0.691667 0.037500 0.042500
2 0.376563 0.658333 0.007500 0.022500
2 0.469922 0.671875 0.042188 0.060000
2 0.492969 0.652604 0.011250 0.021250
2 0.364063 0.662500 0.071250 0.062500
2 0.523047 0.639583 0.006563 0.020000
2 0.510547 0.645312 0.023438 0.036250
2 0.425781 0.648438 0.022500 0.053750
2 0.578906 0.620313 0.016875 0.008750
2 0.486328 0.630208 0.025312 0.032500
2 0.305859 0.621875 0.023438 0.055000
2 0.610547 0.616667 0.068437 0.065000
2 0.516406 0.596354 0.016875 0.018750
2 0.403125 0.598437 0.026250 0.026250
2 0.543750 0.625000 0.129375 0.117500
2 0.693750 0.592187 0.031875 0.048750
2 0.524609 0.585417 0.023438 0.032500
2 0.426953 0.579688 0.034687 0.023750
2 0.400781 0.580729 0.020625 0.031250
2 0.374609 0.605729 0.036562 0.096250
2 0.443750 0.580729 0.048750 0.051250
2 0.477344 0.565625 0.031875 0.032500
2 0.550391 0.572917 0.025312 0.055000
2 0.333984 0.565625 0.025312 0.055000
2 0.715234 0.559375 0.036562 0.052500
2 0.485547 0.604167 0.094687 0.162500
2 0.601953 0.562500 0.045937 0.067500
2 0.449219 0.546354 0.039375 0.043750
2 0.393750 0.542188 0.080625 0.058750
2 0.568750 0.536458 0.026250 0.057500
2 0.678516 0.539583 0.068437 0.077500
2 0.467969 0.522396 0.035625 0.043750
2 0.321094 0.506250 0.033750 0.040000
2 0.504297 0.491146 0.012188 0.016250
2 0.670703 0.499479 0.027187 0.056250
2 0.401172 0.508333 0.062812 0.085000
2 0.560937 0.477604 0.016875 0.033750
2 0.556641 0.495833 0.100312 0.112500
2 0.357812 0.484375 0.048750 0.085000
2 0.628906 0.516667 0.088125 0.165000
2 0.544531 0.466667 0.022500 0.045000
2 0.562109 0.453125 0.014063 0.022500
2 0.648828 0.461458 0.032813 0.057500
2 0.551172 0.440625 0.036562 0.050000
2 0.389062 0.438542 0.024375 0.057500
2 0.491406 0.461979 0.108750 0.136250
2 0.652734 0.429688 0.059062 0.063750
2 0.546094 0.416667 0.030000 0.035000
2 0.434766 0.447396 0.030937 0.113750
2 0.601562 0.428125 0.076875 0.070000
2 0.334766 0.415104 0.034687 0.048750
2 0.659766 0.404167 0.025312 0.042500
2 0.292187 0.398438 0.041250 0.031250
2 0.294141 0.385417 0.021562 0.010000
2 0.479687 0.413542 0.075000 0.082500
2 0.651172 0.385417 0.017813 0.017500
2 0.535547 0.392708 0.040313 0.035000
2 0.381250 0.389062 0.026250 0.046250
2 0.414844 0.410417 0.030000 0.100000
2 0.533594 0.369271 0.011250 0.013750
2 0.567187 0.384375 0.030000 0.067500
2 0.587109 0.363542 0.008437 0.025000
2 0.608984 0.381771 0.079687 0.076250
2 0.343359 0.364063 0.070312 0.076250
2 0.388672 0.351042 0.025312 0.055000
2 0.514844 0.350000 0.031875 0.055000
2 0.629297 0.318229 0.015938 0.016250
2 0.565234 0.338021 0.090937 0.071250
2 0.474609 0.345833 0.059062 0.112500
2 0.432031 0.302604 0.016875 0.013750
2 0.524609 0.307292 0.038437 0.040000
2 0.357422 0.306250 0.017813 0.055000
2 0.652344 0.332813 0.078750 0.121250
2 0.562500 0.282292 0.011250 0.017500
2 0.632031 0.271875 0.024375 0.025000
2 0.435937 0.306771 0.073125 0.111250
2 0.552734 0.278125 0.021562 0.055000
2 0.473047 0.252083 0.019688 0.052500
2 0.601172 0.303646 0.117188 0.186250
2 0.564063 0.247917 0.080625 0.100000
2 0.460547 0.218750 0.027187 0.042500
2 0.497656 0.224479 0.052500 0.071250
2 0.483203 0.177604 0.029062 0.043750
2 0.779219 0.191250 0.441562 0.382500
2 0.173906 0.111875 0.347812 0.223750
