2 0.449609 0.879167 0.040313 0.070000
2 0.489844 0.857812 0.050625 0.048750
2 0.426953 0.830729 0.045937 0.046250
2 0.457813 0.808854 0.039375 0.058750
2 0.451953 0.776042 0.014063 0.017500
2 0.541016 0.748437 0.014063 0.018750
2 0.356641 0.751042 0.036562 0.060000
2 0.380469 0.738542 0.045000 0.065000
2 0.515234 0.698438 0.010312 0.026250
2 0.323437 0.718750 0.043125 0.080000
2 0.549609 0.686979 0.008437 0.016250
2 0.300781 0.690625 0.026250 0.045000
2 0.548438 0.674479 0.018750 0.016250
2 0.576953 0.671875 0.012188 0.025000
2 0.329297 0.662500 0.014063 0.012500
2 0.261719 0.656250 0.018750 0.025000
2 0.364453 0.654167 0.017813 0.027500
2 0.219141 0.645312 0.023438 0.038750
2 0.425391 0.716146 0.209062 0.211250
2 0.407422 0.634896 0.040313 0.046250
2 0.476953 0.634375 0.049687 0.055000
2 0.573047 0.611979 0.008437 0.021250
2 0.373437 0.619271 0.046875 0.046250
2 0.441406 0.593750 0.011250 0.015000
2 0.635547 0.582812 0.012188 0.011250
2 0.310156 0.586979 0.016875 0.021250
2 0.405859 0.577083 0.012188 0.015000
2 0.333984 0.577604 0.010312 0.016250
2 0.240625 0.580729 0.011250 0.036250
2 0.642578 0.593750 0.036562 0.075000
2 0.539844 0.578125 0.041250 0.042500
2 0.570703 0.559896 0.025312 0.021250
2 0.529687 0.555208 0.020625 0.012500
2 0.413281 0.548438 0.024375 0.013750
2 0.356641 0.571354 0.077812 0.083750
2 0.420312 0.570312 0.058125 0.106250
2 0.333594 0.520833 0.013125 0.017500
2 0.342578 0.520833 0.010312 0.020000
2 0.349609 0.530729 0.044062 0.063750
2 0.577344 0.635938 0.198750 0.346250
2 0.396094 0.498437 0.009375 0.021250
2 0.462500 0.495312 0.011250 0.018750
2 0.594531 0.505729 0.110625 0.088750
2 0.265234 0.611979 0.210938 0.356250
2 0.320312 0.482812 0.045000 0.063750
2 0.554688 0.459896 0.016875 0.011250
2 0.279687 0.482812 0.035625 0.066250
2 0.494531 0.463542 0.037500 0.065000
2 0.365234 0.462500 0.027187 0.062500
2 0.628125 0.436979 0.050625 0.046250
2 0.387891 0.428646 0.030937 0.036250
2 0.426953 0.502604 0.137813 0.223750
2 0.688281 0.421875 0.045000 0.050000
2 0.501172 0.527604 0.179062 0.306250
2 0.357031 0.413021 0.046875 0.053750
2 0.303516 0.407292 0.044062 0.040000
2 0.563281 0.413542 0.024375 0.057500
2 0.213281 0.413021 0.065625 0.086250
2 0.330859 0.417708 0.042188 0.100000
2 0.654687 0.380208 0.016875 0.022500
2 0.715625 0.375521 0.011250 0.023750
2 0.245703 0.380208 0.045937 0.035000
2 0.587109 0.378646 0.030937 0.046250
2 0.423828 0.425521 0.135937 0.166250
2 0.176953 0.371875 0.044062 0.040000
2 0.655469 0.355729 0.020625 0.021250
2 0.703125 0.357812 0.018750 0.028750
2 0.725000 0.365625 0.031875 0.072500
2 0.220312 0.351042 0.041250 0.037500
2 0.406641 0.339062 0.096562 0.051250
2 0.585156 0.329688 0.037500 0.066250
2 0.526953 0.347917 0.124687 0.130000
2 0.655469 0.355729 0.127500 0.166250
2 0.532813 0.309896 0.039375 0.056250
2 0.303906 0.335417 0.101250 0.120000
2 0.441797 0.303646 0.051562 0.046250
2 0.360156 0.271875 0.052500 0.042500
2 0.396094 0.274479 0.037500 0.053750
2 0.659375 0.239583 0.018750 0.010000
2 0.491406 0.266146 0.088125 0.073750
2 0.579297 0.250000 0.049687 0.050000
2 0.643359 0.221354 0.051562 0.041250
2 0.327734 0.205729 0.049687 0.033750
2 0.437109 0.204167 0.051562 0.055000
2 0.526563 0.207813 0.035625 0.066250
2 0.385547 0.201042 0.085312 0.115000
2 0.430859 0.126562 0.036562 0.076250
2 0.514219 0.575625 1.000000 1.000000
