2 0.379297 0.790625 0.021562 0.012500
2 0.515234 0.781771 0.038437 0.038750
2 0.313281 0.768229 0.013125 0.013750
2 0.489063 0.775000 0.022500 0.050000
2 0.295703 0.760938 0.027187 0.036250
2 0.435547 0.753125 0.036562 0.032500
2 0.274609 0.764583 0.049687 0.082500
2 0.525781 0.742188 0.026250 0.051250
2 0.463281 0.748958 0.035625 0.070000
2 0.495703 0.736458 0.034687 0.042500
2 0.297656 0.730729 0.030000 0.038750
2 0.801562 0.828125 0.157500 0.343750
2 0.361719 0.776042 0.187500 0.150000
2 0.376563 0.721354 0.037500 0.026250
2 0.401953 0.718750 0.006563 0.025000
2 0.428906 0.705729 0.016875 0.011250
2 0.503516 0.709896 0.015938 0.033750
2 0.354297 0.701042 0.012188 0.032500
2 0.371875 0.694792 0.028125 0.030000
2 0.218359 0.698958 0.021562 0.047500
2 0.437109 0.713021 0.137813 0.088750
2 0.497656 0.683333 0.013125 0.025000
2 0.396094 0.692708 0.026250 0.047500
2 0.339844 0.714583 0.039375 0.102500
2 0.305469 0.686979 0.028125 0.043750
2 0.251172 0.693750 0.038437 0.065000
2 0.418359 0.678646 0.027187 0.031250
2 0.416016 0.647917 0.021562 0.015000
2 0.376563 0.660417 0.013125 0.045000
2 0.327734 0.655208 0.038437 0.035000
2 0.257031 0.653125 0.030000 0.030000
2 0.360156 0.659375 0.016875 0.052500
2 0.464453 0.665104 0.085312 0.071250
2 0.233203 0.653646 0.021562 0.043750
2 0.400391 0.651042 0.042188 0.065000
2 0.378516 0.629167 0.038437 0.032500
2 0.453125 0.629167 0.037500 0.035000
2 0.401953 0.608333 0.021562 0.022500
2 0.487500 0.609896 0.024375 0.056250
2 0.469141 0.593229 0.032813 0.036250
2 0.264453 0.598437 0.030937 0.048750
2 0.405859 0.580208 0.008437 0.015000
2 0.312109 0.608854 0.059062 0.088750
2 0.351953 0.602083 0.036562 0.077500
2 0.281641 0.590625 0.057188 0.090000
2 0.165469 0.731875 0.330937 0.536250
2 0.345313 0.558854 0.015000 0.018750
2 0.360156 0.565625 0.018750 0.045000
2 0.470703 0.555729 0.027187 0.043750
2 0.505469 0.604688 0.065625 0.183750
2 0.394922 0.571354 0.062812 0.106250
2 0.412109 0.528646 0.032813 0.033750
2 0.286328 0.517708 0.030937 0.037500
2 0.356250 0.521875 0.067500 0.065000
2 0.329688 0.518750 0.056250 0.067500
2 0.250781 0.503646 0.031875 0.033750
2 0.473438 0.579688 0.140625 0.223750
2 0.479687 0.498437 0.018750 0.036250
2 0.523828 0.496354 0.034687 0.033750
2 0.429688 0.506771 0.048750 0.068750
2 0.307422 0.490625 0.030937 0.030000
2 0.443359 0.483854 0.019688 0.036250
2 0.337500 0.476562 0.035625 0.036250
2 0.429297 0.463021 0.021562 0.053750
2 0.484375 0.481771 0.076875 0.103750
2 0.372266 0.447396 0.032813 0.026250
2 0.388281 0.455729 0.078750 0.086250
2 0.279297 0.461458 0.034687 0.100000
2 0.424609 0.428125 0.015938 0.027500
2 0.471484 0.427604 0.032813 0.031250
2 0.435156 0.423438 0.013125 0.036250
2 0.305469 0.427604 0.024375 0.051250
2 0.387109 0.421354 0.019688 0.048750
2 0.356641 0.426563 0.044062 0.081250
2 0.417578 0.399479 0.034687 0.031250
2 0.282422 0.390625 0.023438 0.050000
2 0.496094 0.378125 0.026250 0.032500
2 0.353516 0.375000 0.030937 0.032500
2 0.470703 0.385417 0.042188 0.080000
2 0.393359 0.363021 0.034687 0.031250
2 0.488672 0.329688 0.045937 0.046250
2 0.449609 0.350521 0.059062 0.096250
2 0.416406 0.303646 0.031875 0.038750
2 0.034687 0.084375 0.069375 0.168750
