2 0.418125 0.831391 0.013500 0.008993
2 0.489375 0.844713 0.024000 0.050958
2 0.375625 0.835554 0.031500 0.042964
2 0.415000 0.822648 0.013500 0.017985
2 0.109125 0.874604 0.218250 0.250791
2 0.434688 0.796003 0.033750 0.043963
2 0.414687 0.833472 0.081750 0.149875
2 0.377500 0.775604 0.028500 0.044963
2 0.488750 0.774355 0.034500 0.043963
2 0.445312 0.761865 0.041250 0.031973
2 0.350938 0.757702 0.033750 0.041965
2 0.328125 0.763530 0.037500 0.055953
2 0.310312 0.734804 0.024750 0.032973
2 0.524687 0.734388 0.039750 0.033972
2 0.330625 0.726478 0.018000 0.022981
2 0.928750 0.826145 0.142500 0.347710
2 0.331250 0.713572 0.024000 0.017985
2 0.349062 0.710658 0.041250 0.078934
2 0.418125 0.706495 0.162000 0.140883
2 0.495000 0.684846 0.040500 0.092923
2 0.591875 0.662365 0.037500 0.044963
2 0.318125 0.659034 0.021000 0.048959
2 0.390625 0.639883 0.040500 0.032973
2 0.547500 0.649459 0.030000 0.057952
2 0.253750 0.620733 0.025500 0.026978
2 0.490312 0.629059 0.030750 0.048959
2 0.298125 0.624896 0.030000 0.048959
2 0.275938 0.626145 0.026250 0.055953
2 0.256563 0.605745 0.015750 0.018984
2 0.222188 0.618235 0.030750 0.048959
2 0.230625 0.597419 0.025500 0.046961
2 0.515312 0.590758 0.035250 0.034971
2 0.249688 0.574521 0.006750 0.011990
2 0.300312 0.583680 0.036750 0.043963
2 0.270625 0.580766 0.031500 0.042964
2 0.561250 0.598251 0.057000 0.102914
2 0.444063 0.562032 0.012750 0.019983
2 0.479375 0.584513 0.042000 0.095920
2 0.265000 0.557452 0.012000 0.040966
2 0.234687 0.572440 0.066750 0.086928
2 0.438437 0.543297 0.008250 0.024979
2 0.527500 0.553289 0.027000 0.050958
2 0.391562 0.535387 0.015750 0.007993
2 0.280313 0.546211 0.023250 0.037968
2 0.424375 0.547460 0.024000 0.044963
2 0.321875 0.531640 0.006000 0.016986
2 0.177187 0.542048 0.024750 0.053955
2 0.571250 0.537885 0.027000 0.049958
2 0.410313 0.528726 0.029250 0.049958
2 0.412813 0.574521 0.138750 0.169858
2 0.418750 0.511241 0.033000 0.037968
2 0.291250 0.509992 0.030000 0.046961
2 0.171563 0.498751 0.035250 0.045962
2 0.365625 0.495420 0.024000 0.047960
2 0.201250 0.485012 0.024000 0.050958
2 0.392188 0.467527 0.011250 0.014988
2 0.238125 0.485429 0.045000 0.063947
2 0.383750 0.480017 0.034500 0.052956
2 0.486875 0.467111 0.024000 0.049958
2 0.415625 0.461282 0.040500 0.039967
2 0.261562 0.459617 0.036750 0.035970
2 0.355625 0.459201 0.037500 0.036969
2 0.449375 0.490425 0.057000 0.113905
2 0.504375 0.479184 0.064500 0.098918
2 0.282187 0.600749 0.212250 0.394671
2 0.392500 0.443381 0.040500 0.034971
2 0.271562 0.434221 0.066750 0.032973
2 0.346562 0.425479 0.027750 0.021982
2 0.425625 0.419234 0.037500 0.038968
2 0.358750 0.402581 0.034500 0.032973
2 0.282500 0.403830 0.051000 0.037968
2 0.302812 0.390092 0.027750 0.022981
2 0.344062 0.417152 0.111750 0.099917
2 0.513750 0.391757 0.021000 0.046961
2 0.402187 0.379684 0.048750 0.063947
2 0.480312 0.383014 0.051750 0.109908
2 0.511250 0.339301 0.022500 0.050958
2 0.360000 0.345962 0.226500 0.116903
2 0.735625 0.283764 0.528750 0.567527
