2 0.422187 0.887177 0.098250 0.086928
2 0.467187 0.859700 0.045750 0.050958
2 0.431875 0.808909 0.013500 0.012989
2 0.489375 0.819317 0.054000 0.043963
2 0.418438 0.799750 0.008250 0.010991
2 0.439063 0.821815 0.042750 0.079933
2 0.414062 0.804746 0.026250 0.040966
2 0.505000 0.784763 0.009000 0.016986
2 0.550937 0.797669 0.044250 0.057952
2 0.430312 0.782681 0.023250 0.027977
2 0.382812 0.754371 0.006750 0.015987
2 0.600938 0.741882 0.008250 0.011990
2 0.394375 0.746045 0.013500 0.023980
2 0.581875 0.742298 0.015000 0.018984
2 0.355938 0.756453 0.038250 0.062948
2 0.408750 0.732723 0.015000 0.015987
2 0.375312 0.730641 0.018750 0.012989
2 0.583438 0.754371 0.032250 0.073938
2 0.404687 0.751457 0.071250 0.080933
2 0.399062 0.721898 0.011250 0.011990
2 0.518437 0.725229 0.029250 0.027977
2 0.369688 0.716903 0.012750 0.017985
2 0.662500 0.759784 0.138000 0.148876
2 0.687187 0.711907 0.020250 0.033972
2 0.472500 0.749376 0.114000 0.123897
2 0.514375 0.691091 0.007500 0.011990
2 0.352500 0.689425 0.007500 0.009992
2 0.526250 0.697336 0.015000 0.030974
2 0.624375 0.703164 0.031500 0.050958
2 0.486250 0.691091 0.021000 0.021982
2 0.418438 0.697752 0.051750 0.045962
2 0.666562 0.675271 0.011250 0.009992
2 0.607187 0.676936 0.008250 0.025978
2 0.564063 0.733139 0.152250 0.168859
2 0.734062 0.664863 0.012750 0.006994
2 0.661563 0.663197 0.008250 0.010991
2 0.323437 0.658201 0.011250 0.010991
2 0.641875 0.666112 0.046500 0.035970
2 0.382500 0.691923 0.034500 0.101915
2 0.357812 0.680683 0.042750 0.078934
2 0.512188 0.659034 0.114750 0.058951
2 0.466562 0.651957 0.011250 0.043963
2 0.434375 0.651540 0.052500 0.052956
2 0.518125 0.625729 0.025500 0.022981
2 0.587500 0.619484 0.012000 0.015987
2 0.394688 0.628643 0.050250 0.049958
2 0.535312 0.619067 0.030750 0.028976
2 0.325937 0.621149 0.035250 0.049958
2 0.560937 0.593256 0.008250 0.020983
2 0.304063 0.591174 0.029250 0.027977
2 0.316875 0.582431 0.009000 0.016986
2 0.470938 0.577019 0.015750 0.007993
2 0.337813 0.638218 0.068250 0.168859
2 0.501875 0.569942 0.018000 0.010991
2 0.373125 0.580350 0.040500 0.047960
2 0.582187 0.564530 0.009750 0.013988
2 0.592500 0.562032 0.012000 0.019983
2 0.651563 0.622814 0.239250 0.197835
2 0.725000 0.595337 0.096000 0.157868
2 0.466250 0.542465 0.048000 0.032973
2 0.470313 0.527893 0.021750 0.011990
2 0.658438 0.533722 0.035250 0.069942
2 0.294687 0.511657 0.012750 0.020983
2 0.613437 0.529142 0.047250 0.066944
2 0.312812 0.551207 0.135750 0.125895
2 0.570000 0.499584 0.009000 0.013988
2 0.307812 0.500833 0.111750 0.098918
2 0.367500 0.456703 0.015000 0.006994
2 0.606250 0.473356 0.046500 0.062948
2 0.730000 0.452956 0.007500 0.017985
2 0.548125 0.482931 0.129000 0.097918
2 0.455937 0.551207 0.254250 0.261782
2 0.520625 0.449209 0.037500 0.044963
2 0.537188 0.430058 0.014250 0.020983
2 0.727187 0.463364 0.101250 0.114904
2 0.785625 0.435470 0.045000 0.049958
2 0.609688 0.439217 0.114750 0.068943
2 0.419063 0.467111 0.135750 0.139883
2 0.298750 0.424230 0.051000 0.042964
2 0.360938 0.411324 0.008250 0.027977
2 0.533750 0.395504 0.009000 0.013988
2 0.547813 0.397169 0.008250 0.019983
2 0.738437 0.404246 0.042750 0.044963
2 0.499063 0.423397 0.110250 0.098918
2 0.354687 0.380100 0.014250 0.008993
2 0.293438 0.391341 0.053250 0.041965
2 0.410625 0.375520 0.028500 0.013988
2 0.357500 0.366361 0.018000 0.019983
2 0.338125 0.361782 0.009000 0.020983
2 0.254375 0.381765 0.070500 0.086928
2 0.515312 0.362198 0.054750 0.045962
2 0.259375 0.347627 0.019500 0.010991
2 0.556250 0.359284 0.049500 0.044963
2 0.238750 0.342631 0.013500 0.008993
2 0.646250 0.375520 0.112500 0.131890
2 0.448125 0.321815 0.009000 0.016986
2 0.216562 0.338884 0.036750 0.067943
2 0.275313 0.325562 0.035250 0.037968
2 0.241250 0.311407 0.024000 0.019983
2 0.300938 0.325562 0.078750 0.055953
2 0.500938 0.319734 0.053250 0.049958
2 0.351250 0.324729 0.039000 0.061948
2 0.402813 0.348043 0.143250 0.145878
2 0.589063 0.300999 0.053250 0.046961
2 0.550625 0.298085 0.042000 0.055953
2 0.265625 0.304330 0.049500 0.084929
2 0.573438 0.253122 0.014250 0.011990
2 0.450625 0.273106 0.085500 0.081932
2 0.364375 0.247294 0.049500 0.051957
2 0.630625 0.236470 0.054000 0.037968
2 0.576250 0.236053 0.063000 0.088926
2 0.514687 0.218152 0.048750 0.059950
2 0.302500 0.208160 0.049500 0.047960
2 0.420625 0.211074 0.036000 0.066944
2 0.557813 0.190674 0.054750 0.049958
2 0.524687 0.133639 0.009750 0.012989
2 0.526563 0.141132 0.033750 0.072939
