2 0.132500 0.958000 0.108000 0.084000
2 0.353750 0.907000 0.147000 0.186000
2 0.421250 0.821250 0.093000 0.123000
2 0.064500 0.855000 0.129000 0.222000
2 0.251250 0.851250 0.171000 0.231000
2 0.127500 0.846250 0.168000 0.243000
2 0.041250 0.731250 0.033000 0.045000
2 0.035000 0.681250 0.030000 0.057000
2 0.251250 0.650000 0.201000 0.120000
2 0.054000 0.600000 0.108000 0.150000
2 0.258750 0.532500 0.147000 0.162000
2 0.066250 0.506250 0.099000 0.105000
2 0.120000 0.555000 0.138000 0.306000
2 0.042000 0.408750 0.084000 0.141000
2 0.352500 0.348750 0.066000 0.141000
2 0.075000 0.312500 0.108000 0.120000
2 0.261250 0.285000 0.129000 0.312000
2 0.375000 0.193750 0.072000 0.153000
2 0.056250 0.147500 0.105000 0.198000
2 0.126000 0.082500 0.252000 0.165000
