2 0.500313 0.891341 0.009750 0.012989
2 0.499688 0.886345 0.039750 0.074938
2 0.464375 0.836386 0.060000 0.050958
2 0.441875 0.809742 0.021000 0.052956
2 0.383437 0.801415 0.057750 0.038968
2 0.461250 0.800583 0.021000 0.042964
2 0.506250 0.802248 0.057000 0.058951
2 0.438750 0.774355 0.013500 0.007993
2 0.604062 0.796420 0.038250 0.070941
2 0.729688 0.778934 0.057750 0.042964
2 0.434688 0.774771 0.060750 0.046961
2 0.661250 0.750624 0.054000 0.054954
2 0.418750 0.729392 0.057000 0.047960
2 0.566250 0.734804 0.096000 0.078934
2 0.460000 0.726062 0.043500 0.057952
2 0.510625 0.694421 0.058500 0.049958
2 0.608437 0.688177 0.050250 0.060949
2 0.708125 0.664446 0.054000 0.051957
2 0.748437 0.651957 0.023250 0.033972
2 0.386250 0.641549 0.013500 0.008993
2 0.667813 0.666528 0.041250 0.070941
2 0.471250 0.656953 0.108000 0.055953
2 0.659062 0.628643 0.009750 0.007993
2 0.256250 0.642798 0.048000 0.043963
2 0.650312 0.624063 0.033750 0.034971
2 0.354063 0.659867 0.117750 0.134888
2 0.755000 0.657369 0.073500 0.130891
2 0.797500 0.636553 0.073500 0.088926
2 0.569063 0.652373 0.050250 0.126894
2 0.203750 0.618651 0.051000 0.045962
2 0.764687 0.613655 0.044250 0.045962
2 0.667500 0.615321 0.039000 0.049958
2 0.285313 0.609908 0.054750 0.038968
2 0.640000 0.600333 0.016500 0.017985
2 0.610313 0.630724 0.065250 0.102914
2 0.504375 0.609908 0.118500 0.070941
2 0.724063 0.587843 0.060750 0.045962
2 0.636875 0.566195 0.013500 0.007993
2 0.353438 0.580766 0.051750 0.044963
2 0.774062 0.571191 0.053250 0.051957
2 0.464687 0.567860 0.071250 0.065945
2 0.633437 0.568693 0.053250 0.071940
2 0.714375 0.554538 0.055500 0.043963
2 0.246562 0.573272 0.077250 0.098918
2 0.470938 0.547044 0.017250 0.041965
2 0.384375 0.569942 0.049500 0.110908
2 0.595625 0.548293 0.039000 0.072939
2 0.640938 0.526228 0.042750 0.045962
2 0.569063 0.521649 0.041250 0.072939
2 0.414375 0.545795 0.054000 0.130891
2 0.706875 0.496669 0.054000 0.054954
2 0.448437 0.503747 0.053250 0.081932
2 0.372500 0.497502 0.051000 0.070941
2 0.324688 0.495837 0.041250 0.074938
2 0.609375 0.495004 0.034500 0.082931
2 0.386562 0.456286 0.014250 0.019983
2 0.399062 0.452956 0.011250 0.015987
2 0.638750 0.452123 0.006000 0.023980
2 0.512813 0.509992 0.110250 0.168859
2 0.735625 0.464197 0.033000 0.074938
2 0.674687 0.448376 0.039750 0.044963
2 0.678750 0.467111 0.120000 0.103913
2 0.404687 0.445046 0.053250 0.072939
2 0.364063 0.446295 0.038250 0.075937
2 0.304063 0.420899 0.009750 0.014988
2 0.495000 0.425895 0.046500 0.062948
2 0.388750 0.393006 0.009000 0.015987
2 0.466562 0.400500 0.086250 0.067943
2 0.465000 0.373439 0.030000 0.022981
2 0.588125 0.412989 0.186000 0.125895
2 0.427500 0.414654 0.126000 0.129892
2 0.729375 0.386345 0.040500 0.077935
2 0.306875 0.359284 0.009000 0.016986
2 0.370312 0.366361 0.047250 0.045962
2 0.339375 0.386761 0.088500 0.112906
2 0.593437 0.352206 0.056250 0.049958
2 0.366875 0.339301 0.018000 0.020983
2 0.440000 0.323064 0.012000 0.005995
2 0.550312 0.333888 0.056250 0.059950
2 0.382188 0.296420 0.012750 0.007993
2 0.302187 0.299334 0.023250 0.032973
2 0.349375 0.290591 0.012000 0.013988
2 0.466250 0.334305 0.132000 0.124896
2 0.377812 0.288093 0.012750 0.017985
2 0.514687 0.280600 0.015750 0.017985
2 0.410313 0.294754 0.053250 0.063947
2 0.508125 0.271440 0.007500 0.013988
2 0.378437 0.270608 0.021750 0.025978
2 0.667500 0.286428 0.037500 0.083930
2 0.658438 0.340966 0.138750 0.216819
2 0.520000 0.278934 0.156000 0.075937
2 0.430000 0.261865 0.016500 0.042964
2 0.291563 0.285595 0.122250 0.101915
2 0.560312 0.239800 0.012750 0.015987
2 0.593437 0.228560 0.011250 0.008993
2 0.307188 0.355121 0.246750 0.386678
2 0.598125 0.262281 0.075000 0.175853
2 0.441875 0.211907 0.057000 0.068943
2 0.327500 0.230225 0.066000 0.114904
2 0.625000 0.204413 0.043500 0.066944
2 0.409062 0.220649 0.051750 0.123897
2 0.501875 0.223564 0.148500 0.140883
2 0.559063 0.184013 0.041250 0.091923
2 0.475313 0.197336 0.060750 0.131890
2 0.528125 0.138634 0.046500 0.062948
2 0.494063 0.113239 0.051750 0.049958
2 0.564063 0.087427 0.056250 0.049958
2 0.520312 0.060783 0.047250 0.073938
